# ./FR-trace starting at Wed Mar 18 15:58:48 2020
################# CONFIG #################
# slot=5000
# samples=10000
# threshold=100
# idle=500
# minlen=500
# runs=10000
# pdathreads=2
# nmonitored=2
#   monitor0=../apps/openssl ecp_smpl.c:933 0x1e3d58
#   monitor1=../apps/openssl ecp_smpl.c:940 0x1e39f3
# nevicted=0
# npdatargets=2
#   target0=../apps/openssl bn_lib.c:514 0x102f79
#   target1=../apps/openssl bn_lib.c:543 0x102fe5
# affinity=0
############## SYSTEM INFO ###############
# mastik_version=0.02
# sysname=Linux
# nodename=lovelace
# release=5.3.7-arch1-1-ARCH
# version=#1 SMP PREEMPT Fri Oct 18 00:17:03 UTC 2019
# machine=x86_64
################## DATA ##################
# run=1987
# datapoints=1006
36 48 
240 192 
212 716 
152 156 
228 192 
192 196 
40 40 
232 196 
240 196 
192 48 
192 36 
200 208 
36 48 
200 204 
220 208 
436 48 
188 200 
196 40 
196 36 
216 196 
192 564 
220 200 
216 244 
236 44 
236 212 
236 44 
216 216 
240 200 
212 40 
212 228 
224 40 
212 216 
212 240 
192 36 
228 236 
216 40 
240 216 
232 224 
216 40 
200 196 
232 32 
212 220 
236 160 
236 40 
192 200 
252 36 
196 240 
240 456 
212 40 
240 240 
232 428 
236 240 
208 40 
244 216 
232 212 
416 44 
216 216 
216 36 
232 236 
224 208 
228 36 
236 208 
404 36 
216 212 
220 44 
212 196 
240 220 
420 44 
196 204 
232 44 
196 200 
212 196 
436 36 
208 248 
236 40 
232 228 
196 212 
232 40 
212 216 
200 40 
200 236 
196 44 
236 236 
204 232 
404 40 
240 236 
192 44 
204 236 
196 40 
200 200 
220 240 
400 44 
232 204 
240 40 
196 196 
200 236 
236 40 
196 204 
236 40 
248 204 
236 44 
188 36 
196 200 
236 244 
224 196 
208 44 
240 236 
236 216 
212 36 
192 220 
192 32 
216 236 
196 216 
208 44 
216 196 
184 36 
236 216 
236 236 
208 40 
216 216 
220 36 
244 216 
212 44 
232 44 
208 216 
212 36 
240 228 
212 204 
196 44 
232 236 
400 36 
224 236 
208 48 
460 236 
216 224 
244 36 
188 196 
232 44 
200 216 
236 240 
200 44 
200 196 
396 36 
216 220 
244 40 
196 36 
192 196 
396 36 
196 196 
216 48 
196 208 
220 196 
212 32 
200 192 
240 44 
196 196 
188 44 
212 236 
208 216 
236 44 
440 236 
208 40 
200 196 
220 216 
220 44 
228 232 
420 40 
240 220 
208 44 
196 588 
240 236 
196 40 
216 216 
236 44 
220 312 
200 204 
216 36 
216 220 
448 36 
208 244 
220 44 
240 224 
192 196 
192 48 
192 200 
196 44 
232 236 
192 240 
236 36 
192 192 
400 240 
236 232 
236 44 
240 236 
192 200 
240 40 
200 196 
232 44 
196 224 
196 40 
236 40 
192 244 
400 40 
236 196 
200 44 
192 212 
244 224 
196 40 
232 200 
196 40 
196 236 
240 184 
208 44 
200 212 
396 36 
216 224 
212 44 
212 36 
232 208 
236 32 
216 232 
240 196 
200 40 
216 212 
396 36 
216 228 
216 40 
236 40 
216 216 
240 40 
212 216 
204 40 
228 200 
212 280 
200 40 
240 236 
408 44 
196 236 
192 40 
196 204 
236 236 
192 40 
200 196 
192 40 
240 240 
236 40 
232 232 
228 228 
236 40 
240 236 
448 44 
196 196 
200 40 
244 252 
196 192 
196 40 
536 212 
236 32 
196 236 
200 212 
232 44 
192 200 
400 36 
240 228 
196 40 
240 216 
212 244 
232 48 
220 216 
224 40 
216 236 
212 40 
240 236 
236 216 
216 40 
236 232 
212 252 
232 236 
236 40 
212 200 
232 240 
220 44 
216 212 
232 40 
232 204 
216 236 
192 44 
208 192 
220 244 
220 212 
220 248 
192 44 
196 204 
240 252 
232 200 
236 44 
528 196 
196 200 
192 40 
224 196 
196 40 
276 240 
196 220 
228 48 
196 192 
400 36 
200 240 
204 44 
200 240 
196 200 
404 44 
220 236 
204 36 
232 200 
236 236 
204 44 
244 240 
192 432 
216 308 
200 40 
196 40 
232 240 
212 36 
236 208 
232 120 
192 44 
232 240 
392 36 
192 196 
228 48 
200 196 
200 196 
432 36 
204 200 
196 44 
228 196 
196 196 
232 40 
204 208 
232 40 
192 200 
196 196 
236 40 
204 196 
240 36 
232 200 
204 44 
212 208 
216 212 
196 40 
560 240 
208 36 
224 196 
220 216 
212 40 
240 228 
400 36 
236 244 
220 44 
216 40 
240 240 
416 40 
232 228 
240 36 
224 212 
192 240 
416 44 
224 236 
232 40 
216 200 
236 236 
212 40 
244 220 
192 44 
196 240 
240 240 
192 40 
196 200 
240 40 
192 200 
232 40 
192 40 
196 208 
440 40 
236 240 
188 44 
240 232 
196 192 
196 40 
196 232 
192 44 
196 232 
192 196 
240 44 
236 328 
196 36 
244 236 
240 40 
232 236 
236 232 
236 36 
620 240 
400 36 
212 196 
192 164 
192 44 
204 236 
208 40 
216 208 
236 72 
220 44 
236 236 
228 36 
240 220 
232 140 
200 40 
240 240 
420 44 
240 336 
220 40 
204 212 
232 240 
212 36 
236 192 
396 36 
220 212 
196 40 
196 216 
192 200 
240 48 
200 196 
196 44 
240 392 
232 44 
240 40 
200 200 
196 44 
200 216 
228 48 
232 240 
196 224 
232 40 
196 232 
188 44 
232 244 
192 200 
196 40 
240 200 
404 36 
228 236 
204 48 
200 204 
240 200 
192 36 
232 396 
220 32 
236 216 
212 140 
212 48 
216 216 
220 40 
208 216 
200 244 
224 40 
228 216 
240 40 
212 216 
208 36 
236 40 
220 196 
244 44 
208 200 
216 216 
196 208 
232 200 
188 192 
184 232 
236 364 
192 188 
264 256 
204 208 
212 300 
244 236 
228 244 
432 416 
236 240 
640 240 
236 232 
192 196 
236 240 
240 240 
240 208 
192 252 
192 204 
236 240 
192 652 
236 200 
192 232 
200 204 
188 232 
192 200 
232 196 
196 196 
232 188 
192 200 
400 36 
192 200 
192 196 
236 236 
244 204 
220 244 
212 196 
236 232 
216 212 
232 216 
200 232 
216 208 
200 196 
216 212 
400 404 
240 208 
188 196 
232 396 
192 248 
216 212 
236 212 
212 208 
232 240 
208 208 
192 212 
208 196 
248 220 
224 208 
192 196 
204 208 
212 244 
192 200 
236 252 
196 196 
196 200 
200 232 
196 196 
204 212 
192 192 
208 192 
232 364 
196 196 
208 196 
228 212 
224 192 
232 236 
204 192 
212 216 
196 244 
192 244 
244 220 
200 208 
224 196 
232 612 
188 192 
204 232 
208 196 
192 196 
220 484 
204 192 
232 232 
236 240 
216 204 
220 236 
232 236 
232 232 
244 236 
228 200 
204 268 
236 232 
196 196 
200 188 
216 216 
192 192 
196 236 
192 220 
236 236 
236 204 
192 196 
212 248 
200 236 
236 240 
216 196 
212 196 
196 220 
192 480 
196 236 
216 216 
188 208 
192 236 
192 240 
196 228 
192 192 
196 192 
216 200 
196 204 
192 200 
196 196 
188 196 
196 208 
224 200 
188 200 
232 216 
192 208 
320 224 
192 200 
236 204 
232 220 
196 228 
220 212 
212 236 
232 240 
192 220 
212 208 
196 196 
196 200 
208 236 
212 220 
204 212 
232 236 
236 240 
292 248 
220 224 
240 216 
232 232 
236 224 
200 244 
212 212 
208 220 
220 216 
228 200 
212 224 
228 240 
204 288 
240 232 
240 216 
184 196 
236 224 
212 220 
228 388 
192 200 
204 192 
232 220 
212 200 
212 216 
236 220 
220 212 
228 224 
220 208 
220 204 
316 196 
256 224 
188 204 
216 204 
196 188 
196 216 
192 208 
212 192 
212 232 
196 212 
192 200 
196 196 
208 220 
196 196 
216 240 
192 204 
232 236 
212 200 
216 192 
196 200 
228 192 
236 232 
236 220 
212 216 
208 240 
248 212 
212 236 
208 236 
204 244 
196 216 
208 212 
232 196 
260 236 
200 232 
192 200 
192 204 
212 208 
216 244 
212 240 
568 236 
240 240 
192 244 
196 204 
192 200 
204 236 
192 196 
196 208 
212 196 
232 704 
192 196 
192 192 
192 240 
192 192 
192 200 
216 232 
216 228 
220 268 
212 212 
196 224 
192 212 
212 216 
192 192 
204 228 
196 196 
216 216 
192 196 
212 196 
236 196 
232 232 
232 240 
236 204 
192 200 
224 204 
208 220 
212 212 
232 240 
228 232 
696 196 
240 240 
188 196 
232 232 
212 216 
196 200 
232 240 
232 204 
192 196 
208 232 
240 240 
228 192 
236 200 
196 200 
236 232 
196 204 
236 232 
232 196 
212 216 
236 216 
204 236 
192 236 
224 232 
200 192 
192 212 
232 212 
232 252 
212 192 
192 196 
220 192 
216 192 
204 192 
188 228 
204 348 
196 192 
216 192 
616 212 
192 196 
208 216 
232 412 
188 200 
192 196 
240 208 
192 228 
268 220 
216 232 
192 224 
192 192 
212 216 
192 240 
192 192 
208 188 
208 208 
188 192 
188 192 
208 240 
208 192 
200 200 
212 196 
188 192 
200 200 
228 236 
208 196 
208 192 
188 240 
196 204 
392 208 
192 188 
224 192 
296 212 
188 200 
240 224 
204 204 
200 188 
276 200 
196 212 
236 236 
204 220 
188 208 
248 236 
200 200 
228 216 
200 224 
228 196 
192 196 
192 192 
192 248 
192 192 
192 296 
200 188 
208 188 
212 216 
204 212 
192 424 
236 236 
204 200 
220 196 
220 192 
188 228 
188 192 
236 392 
188 216 
200 188 
216 188 
720 220 
208 216 
220 212 
224 232 
188 216 
208 224 
188 204 
192 196 
272 196 
244 216 
204 212 
200 204 
228 232 
212 200 
192 196 
212 228 
192 196 
192 200 
220 232 
192 196 
188 204 
188 196 
228 192 
216 200 
196 192 
208 216 
196 208 
232 216 
212 216 
244 212 
200 192 
196 224 
196 192 
252 204 
196 200 
580 212 
184 188 
228 252 
212 216 
204 196 
216 216 
204 276 
192 236 
192 196 
220 276 
208 428 
208 216 
212 196 
188 204 
212 216 
224 216 
220 208 
196 208 
228 240 
196 236 
208 240 
212 228 
192 220 
192 236 
188 196 
232 232 
212 232 
208 208 
232 216 
436 204 
236 248 
192 204 
192 216 
212 236 
200 228 
232 192 
192 200 
236 212 
228 268 
208 212 
352 192 
188 208 
232 216 
208 232 
212 200 
232 232 
204 212 
196 236 
212 216 
188 192 
228 228 
188 232 
228 236 
232 232 
200 196 
232 236 
208 212 
224 192 
208 472 
212 212 
232 212 
216 212 
192 192 
188 196 
208 216 
212 232 
228 192 
212 744 
232 232 
204 236 
224 228 
204 212 
192 192 
232 232 
192 192 
232 236 
212 208 
232 232 
228 196 
208 212 
232 240 
232 232 
228 232 
208 232 
212 212 
224 212 
208 232 
188 212 
232 232 
196 196 
192 200 
228 236 
208 224 
228 240 
192 196 
208 212 
232 212 
236 192 
232 196 
200 236 
184 192 
232 236 
192 192 
232 232 
196 208 
212 208 
232 216 
232 240 
668 228 
248 232 
196 192 
232 232 
232 236 
228 196 
228 196 
208 208 
228 232 
232 232 
236 212 
208 208 
236 232 
228 208 
208 216 
232 212 
208 216 
212 212 
552 300 
216 208 
228 208 
204 216 
188 212 
228 228 
192 196 
232 232 
196 232 
