# ./FR-trace starting at Wed Mar 18 15:39:30 2020
################# CONFIG #################
# slot=5000
# samples=10000
# threshold=100
# idle=500
# minlen=500
# runs=10000
# pdathreads=2
# nmonitored=2
#   monitor0=../apps/openssl ecp_smpl.c:933 0x1e3d58
#   monitor1=../apps/openssl ecp_smpl.c:940 0x1e39f3
# nevicted=0
# npdatargets=2
#   target0=../apps/openssl bn_lib.c:514 0x102f79
#   target1=../apps/openssl bn_lib.c:543 0x102fe5
# affinity=0
############## SYSTEM INFO ###############
# mastik_version=0.02
# sysname=Linux
# nodename=lovelace
# release=5.3.7-arch1-1-ARCH
# version=#1 SMP PREEMPT Fri Oct 18 00:17:03 UTC 2019
# machine=x86_64
################## DATA ##################
# run=915
# datapoints=1047
36 40 
232 196 
232 236 
196 160 
212 252 
232 200 
40 40 
192 216 
236 336 
192 204 
32 40 
232 200 
400 192 
36 44 
240 196 
248 40 
200 300 
216 240 
192 48 
220 1040 
192 432 
220 520 
212 192 
188 40 
212 204 
244 44 
220 244 
264 180 
244 44 
216 216 
244 36 
236 228 
192 244 
232 40 
232 248 
236 36 
240 240 
224 236 
212 40 
224 200 
220 36 
200 236 
220 44 
192 208 
240 224 
228 44 
236 240 
220 36 
244 232 
240 236 
232 44 
236 240 
1036 36 
188 348 
204 232 
232 40 
236 212 
192 40 
320 240 
500 40 
388 276 
240 236 
404 44 
192 212 
220 40 
236 200 
232 228 
232 44 
216 216 
332 36 
196 236 
192 224 
412 44 
196 240 
212 40 
196 192 
204 196 
316 40 
204 196 
192 44 
304 264 
236 52 
200 228 
248 200 
444 44 
236 240 
896 40 
240 232 
556 236 
212 44 
240 236 
216 52 
240 240 
276 204 
188 48 
240 236 
236 44 
232 420 
240 40 
236 40 
236 240 
240 36 
232 244 
240 36 
236 232 
232 236 
232 40 
240 236 
240 40 
236 236 
236 40 
240 236 
228 244 
236 36 
232 236 
244 32 
236 236 
232 40 
236 236 
244 240 
572 40 
236 240 
240 40 
236 236 
240 236 
244 44 
232 232 
232 248 
236 236 
236 40 
236 236 
236 244 
240 44 
240 236 
240 40 
232 240 
240 40 
240 240 
232 244 
232 40 
244 232 
232 48 
232 236 
224 240 
236 40 
240 236 
236 44 
232 240 
212 88 
236 40 
232 248 
240 40 
236 244 
232 40 
236 236 
244 236 
452 48 
216 232 
240 40 
236 240 
240 236 
236 44 
232 244 
228 36 
228 236 
232 144 
240 36 
232 240 
236 240 
236 236 
784 40 
232 240 
236 244 
236 44 
328 232 
416 36 
240 232 
232 44 
244 236 
240 236 
232 44 
236 232 
240 36 
588 232 
236 40 
240 40 
240 236 
232 40 
232 248 
236 44 
236 232 
236 236 
236 40 
236 236 
232 40 
236 248 
228 236 
232 40 
232 240 
396 36 
232 232 
236 92 
236 40 
232 240 
208 248 
232 200 
240 40 
220 216 
204 196 
188 40 
204 196 
188 36 
200 196 
196 40 
236 232 
204 220 
208 308 
256 188 
200 240 
192 204 
212 232 
204 48 
196 196 
272 220 
280 40 
200 200 
196 36 
240 220 
240 112 
236 40 
308 312 
396 44 
196 224 
240 44 
200 208 
248 224 
228 188 
188 196 
228 200 
196 196 
208 192 
200 192 
356 244 
208 188 
216 200 
204 196 
208 232 
236 192 
256 224 
268 320 
192 212 
196 220 
232 192 
220 288 
1112 452 
204 196 
232 212 
196 216 
188 324 
200 276 
196 212 
228 284 
184 212 
188 324 
420 388 
188 316 
184 216 
232 984 
220 196 
208 220 
232 196 
40 40 
200 208 
236 204 
204 40 
204 268 
220 40 
200 216 
208 216 
408 44 
240 216 
240 44 
212 232 
184 236 
192 44 
228 196 
212 40 
208 196 
216 232 
200 40 
212 236 
220 44 
216 236 
216 44 
236 204 
212 212 
420 40 
276 232 
188 40 
224 208 
196 216 
196 40 
196 216 
408 36 
200 204 
196 40 
244 240 
236 196 
228 44 
196 208 
196 52 
208 252 
196 204 
200 44 
216 248 
192 44 
232 196 
256 636 
212 40 
204 228 
212 44 
576 260 
196 200 
196 48 
272 304 
404 40 
236 200 
212 44 
204 204 
216 216 
208 40 
196 204 
192 36 
200 600 
208 40 
320 220 
208 312 
236 44 
1728 192 
404 48 
276 216 
236 36 
200 200 
276 204 
256 44 
220 216 
396 248 
212 224 
232 40 
336 252 
232 196 
296 40 
240 236 
664 36 
200 196 
240 228 
200 40 
200 204 
436 36 
204 212 
212 44 
520 232 
228 208 
216 40 
216 268 
208 36 
196 200 
192 40 
204 216 
192 220 
224 32 
732 228 
432 36 
192 236 
196 40 
232 216 
196 196 
200 44 
236 224 
328 36 
200 236 
280 44 
236 236 
216 240 
440 44 
196 236 
220 44 
240 236 
196 228 
288 40 
240 236 
232 36 
196 228 
232 40 
232 236 
200 212 
256 40 
204 236 
216 32 
200 196 
200 216 
332 44 
276 264 
232 36 
316 200 
272 52 
304 40 
248 232 
328 36 
236 192 
240 244 
236 40 
208 272 
440 36 
236 868 
236 44 
248 336 
244 200 
208 36 
200 256 
256 428 
392 1152 
188 48 
220 196 
208 216 
216 40 
200 204 
192 40 
216 200 
288 240 
192 40 
348 264 
228 44 
204 208 
204 200 
232 40 
236 232 
276 44 
208 216 
236 292 
212 40 
212 232 
436 36 
200 256 
212 76 
244 44 
232 232 
252 36 
236 192 
240 204 
516 40 
344 340 
272 48 
220 200 
200 40 
332 336 
232 236 
324 40 
204 272 
288 236 
236 196 
192 52 
344 40 
408 252 
296 40 
196 208 
284 48 
220 196 
236 244 
264 48 
240 332 
236 44 
396 240 
188 40 
248 244 
356 208 
248 44 
192 204 
192 32 
332 236 
232 236 
200 40 
288 296 
252 44 
220 208 
196 40 
228 40 
240 200 
464 40 
720 196 
236 52 
280 208 
212 268 
340 44 
272 204 
240 32 
208 196 
208 216 
460 44 
244 236 
196 432 
264 280 
196 84 
200 44 
252 200 
300 40 
852 256 
204 40 
196 240 
196 268 
192 36 
204 208 
208 392 
232 212 
328 340 
316 512 
312 324 
204 344 
292 260 
472 256 
188 208 
232 200 
248 316 
236 268 
196 212 
292 336 
308 508 
260 192 
412 340 
256 220 
268 204 
296 252 
300 264 
212 272 
260 264 
236 288 
200 208 
196 212 
196 204 
204 392 
256 236 
192 200 
284 204 
252 212 
272 388 
1336 316 
208 36 
656 596 
200 204 
300 352 
336 572 
320 364 
504 404 
228 740 
444 268 
300 196 
312 216 
200 200 
324 252 
612 280 
216 200 
252 208 
224 304 
216 252 
236 484 
200 280 
192 276 
208 528 
328 824 
328 292 
272 208 
200 216 
212 532 
644 336 
224 256 
340 380 
288 656 
508 920 
240 896 
416 352 
312 488 
280 1028 
332 348 
280 280 
200 216 
288 236 
224 212 
208 204 
208 196 
200 196 
264 1104 
252 360 
200 216 
200 240 
204 216 
204 212 
220 224 
196 244 
216 288 
316 208 
256 196 
204 220 
272 216 
340 252 
336 452 
260 244 
672 356 
212 220 
244 220 
288 408 
204 356 
320 268 
416 296 
220 228 
316 216 
224 232 
252 248 
440 236 
384 228 
232 280 
216 220 
220 220 
240 228 
244 236 
260 248 
216 244 
216 332 
212 232 
348 228 
300 216 
232 244 
232 244 
312 248 
216 268 
292 348 
384 252 
248 356 
220 220 
280 316 
216 224 
676 260 
256 264 
240 248 
284 252 
224 240 
520 544 
212 236 
248 240 
216 224 
480 224 
216 296 
224 228 
360 256 
392 296 
312 332 
280 332 
352 304 
788 268 
712 332 
208 220 
280 240 
324 256 
212 352 
260 376 
216 216 
212 220 
216 244 
248 276 
212 236 
216 240 
268 224 
216 232 
276 212 
248 240 
220 216 
232 320 
212 224 
220 228 
300 268 
272 220 
280 284 
276 276 
220 216 
272 260 
212 240 
224 212 
228 244 
216 228 
216 240 
212 256 
348 872 
220 228 
264 460 
212 216 
212 212 
220 236 
232 236 
256 228 
240 228 
256 536 
280 208 
336 424 
248 224 
236 244 
208 216 
280 220 
220 272 
216 216 
220 236 
272 288 
216 212 
244 240 
224 216 
264 232 
216 232 
224 244 
208 220 
272 248 
320 212 
296 296 
296 232 
220 224 
236 220 
224 232 
312 232 
252 252 
320 256 
208 236 
256 224 
256 212 
208 212 
348 220 
256 220 
256 344 
312 256 
220 276 
212 256 
208 340 
220 216 
240 220 
284 828 
348 292 
264 256 
212 224 
520 220 
212 224 
216 244 
412 248 
240 304 
276 268 
212 224 
212 228 
212 224 
704 232 
212 232 
252 304 
208 316 
244 208 
216 220 
240 216 
260 216 
292 216 
280 312 
300 348 
288 256 
244 272 
352 256 
220 256 
232 220 
220 280 
280 224 
232 224 
216 236 
248 280 
216 1256 
208 228 
208 220 
252 260 
240 216 
220 212 
212 224 
352 268 
220 216 
260 264 
216 216 
236 232 
212 216 
216 220 
324 256 
344 220 
212 212 
220 244 
212 212 
208 216 
212 220 
212 284 
244 292 
320 288 
384 296 
300 280 
288 260 
208 236 
252 216 
756 344 
232 212 
224 264 
240 220 
252 208 
544 228 
240 220 
260 256 
224 268 
312 320 
224 220 
212 240 
208 216 
340 268 
296 296 
208 212 
276 220 
216 224 
220 364 
256 232 
252 236 
280 384 
228 264 
208 212 
220 240 
232 212 
300 204 
276 248 
212 212 
224 224 
284 216 
272 328 
208 236 
220 280 
228 720 
272 236 
480 228 
212 216 
232 232 
220 216 
212 220 
228 232 
212 244 
620 232 
228 244 
304 288 
268 276 
272 348 
296 228 
252 216 
288 216 
208 248 
208 216 
228 212 
256 212 
512 720 
228 212 
284 224 
212 312 
296 364 
360 272 
240 228 
212 216 
212 252 
356 212 
300 256 
256 240 
228 612 
224 240 
292 308 
236 212 
248 224 
268 280 
244 232 
208 212 
228 220 
216 208 
224 244 
252 224 
232 232 
212 212 
216 308 
236 244 
340 344 
320 236 
212 236 
208 216 
324 304 
212 216 
220 228 
244 212 
224 224 
204 248 
208 228 
212 220 
240 232 
248 220 
212 232 
224 212 
216 216 
216 232 
216 244 
212 236 
372 216 
468 368 
232 284 
236 232 
224 232 
212 228 
220 256 
212 224 
248 212 
252 256 
244 244 
216 248 
252 272 
208 212 
228 216 
220 216 
216 392 
220 220 
216 216 
248 280 
216 252 
204 224 
224 236 
324 272 
248 296 
252 248 
256 284 
220 228 
280 324 
208 216 
228 248 
208 248 
216 224 
308 232 
224 380 
212 228 
208 1236 
216 252 
212 220 
220 224 
228 216 
216 220 
232 280 
232 212 
308 224 
244 228 
248 252 
380 264 
236 256 
304 224 
240 216 
228 680 
212 348 
216 216 
236 208 
396 264 
208 268 
248 208 
252 272 
296 256 
216 212 
216 212 
308 232 
220 216 
228 220 
492 220 
212 220 
252 212 
208 328 
384 604 
336 332 
320 216 
248 240 
280 256 
204 216 
284 1128 
208 244 
216 224 
260 312 
212 216 
208 216 
300 332 
212 256 
240 216 
360 328 
216 252 
212 212 
252 224 
216 216 
268 264 
276 288 
288 328 
340 212 
208 216 
224 232 
300 312 
220 220 
312 220 
212 216 
216 248 
244 220 
208 256 
244 248 
240 216 
208 220 
356 492 
252 256 
216 272 
208 224 
224 640 
256 688 
212 216 
212 272 
220 252 
208 220 
252 224 
212 212 
216 300 
220 236 
220 216 
212 212 
344 212 
216 212 
608 212 
240 228 
236 296 
212 220 
248 300 
240 220 
212 232 
276 264 
384 1244 
212 240 
216 212 
268 340 
212 220 
236 228 
228 216 
208 216 
220 212 
240 224 
