# ./FR-trace starting at Wed Mar 18 15:52:12 2020
################# CONFIG #################
# slot=5000
# samples=10000
# threshold=100
# idle=500
# minlen=500
# runs=10000
# pdathreads=2
# nmonitored=2
#   monitor0=../apps/openssl ecp_smpl.c:933 0x1e3d58
#   monitor1=../apps/openssl ecp_smpl.c:940 0x1e39f3
# nevicted=0
# npdatargets=2
#   target0=../apps/openssl bn_lib.c:514 0x102f79
#   target1=../apps/openssl bn_lib.c:543 0x102fe5
# affinity=0
############## SYSTEM INFO ###############
# mastik_version=0.02
# sysname=Linux
# nodename=lovelace
# release=5.3.7-arch1-1-ARCH
# version=#1 SMP PREEMPT Fri Oct 18 00:17:03 UTC 2019
# machine=x86_64
################## DATA ##################
# run=1626
# datapoints=1470
40 48 
216 212 
44 48 
48 52 
48 40 
208 212 
208 196 
216 200 
196 196 
276 276 
196 240 
224 204 
228 188 
188 204 
204 224 
232 220 
224 220 
196 200 
188 196 
188 200 
196 192 
212 232 
224 192 
220 44 
200 216 
224 200 
232 200 
188 216 
192 196 
188 48 
196 192 
192 192 
192 200 
200 196 
192 192 
200 44 
200 232 
188 192 
212 192 
192 40 
308 232 
192 332 
316 236 
300 284 
228 48 
228 216 
196 192 
192 204 
1064 48 
188 192 
288 232 
264 188 
192 40 
204 192 
208 192 
188 196 
208 196 
196 48 
208 192 
204 192 
212 232 
188 52 
188 20820 
0 0 
0 0 
0 0 
0 0 
224 212 
204 196 
508 480 
200 216 
208 196 
204 212 
212 136 
224 48 
204 196 
220 192 
196 312 
208 44 
204 196 
192 192 
192 260 
232 196 
48 44 
220 200 
192 196 
188 208 
224 48 
188 216 
192 196 
192 196 
196 192 
196 44 
228 200 
228 188 
188 196 
188 188 
212 56 
216 192 
208 196 
228 192 
192 44 
196 228 
220 200 
196 196 
192 216 
192 52 
208 200 
208 188 
196 196 
196 192 
192 52 
192 200 
188 196 
192 200 
188 256 
192 40 
192 196 
188 196 
192 204 
192 192 
192 44 
200 312 
192 208 
192 192 
196 256 
248 52 
228 244 
188 324 
188 244 
196 52 
236 340 
204 204 
244 196 
232 240 
312 48 
216 192 
268 236 
188 196 
204 44 
220 196 
192 200 
208 212 
208 512 
212 220 
260 44 
208 216 
188 204 
316 196 
224 44 
192 200 
188 196 
204 212 
212 192 
208 44 
220 192 
208 196 
192 200 
192 44 
212 196 
192 204 
188 208 
192 192 
196 44 
192 232 
196 192 
288 200 
192 232 
232 44 
236 228 
284 236 
236 256 
316 44 
200 200 
196 212 
212 220 
232 196 
208 196 
268 56 
236 196 
276 196 
280 236 
196 48 
212 560 
196 192 
192 192 
208 192 
192 48 
200 192 
228 192 
196 1228 
204 44 
192 220 
200 260 
196 192 
188 48 
192 288 
220 188 
208 192 
332 208 
216 44 
196 228 
208 192 
244 440 
188 216 
188 44 
284 196 
276 196 
232 292 
344 44 
192 220 
220 196 
208 192 
192 192 
188 44 
196 196 
252 232 
284 336 
236 336 
200 48 
200 208 
244 200 
220 196 
228 44 
224 200 
208 196 
192 196 
192 224 
188 40 
216 196 
196 224 
208 228 
208 196 
196 64 
204 192 
204 196 
216 216 
212 48 
208 208 
192 208 
196 208 
192 212 
212 44 
188 196 
212 244 
208 212 
188 48 
200 192 
220 196 
188 196 
208 44 
192 196 
196 204 
260 320 
252 44 
212 192 
208 324 
196 204 
232 192 
192 48 
200 200 
208 212 
196 188 
284 48 
304 380 
212 224 
188 212 
212 564 
212 48 
204 188 
232 200 
196 200 
216 216 
276 44 
232 212 
228 240 
192 192 
188 236 
196 48 
192 196 
192 240 
192 192 
240 44 
316 216 
216 244 
320 244 
284 276 
192 48 
212 212 
236 244 
288 232 
232 44 
332 244 
304 236 
196 188 
204 44 
196 212 
188 208 
212 200 
188 192 
192 48 
204 212 
208 196 
200 244 
196 52 
196 240 
208 220 
188 208 
196 48 
188 196 
208 296 
212 216 
232 240 
224 44 
324 208 
192 200 
240 208 
232 220 
228 52 
236 196 
204 196 
188 192 
188 280 
204 44 
220 200 
216 196 
220 196 
248 240 
196 48 
196 212 
192 292 
196 192 
312 44 
280 232 
236 320 
268 216 
204 48 
188 196 
240 192 
196 196 
208 44 
196 204 
188 192 
200 204 
192 192 
200 44 
192 196 
224 196 
192 192 
208 236 
196 48 
196 224 
580 212 
220 200 
192 212 
208 68 
192 244 
208 200 
192 208 
268 220 
208 40 
232 212 
216 196 
188 232 
208 44 
232 228 
260 256 
252 236 
260 244 
192 44 
232 240 
228 232 
208 188 
192 44 
192 196 
232 192 
216 204 
228 196 
192 44 
196 232 
232 216 
200 232 
188 200 
216 44 
244 200 
216 196 
192 192 
188 40 
240 196 
212 196 
216 192 
192 240 
252 48 
232 204 
308 228 
272 192 
192 40 
196 256 
192 208 
220 216 
192 192 
244 44 
188 204 
316 256 
192 192 
192 212 
192 48 
196 220 
228 200 
256 236 
192 192 
232 44 
220 192 
192 200 
188 212 
196 200 
188 44 
192 192 
204 192 
192 208 
204 44 
196 196 
192 192 
192 196 
220 44 
204 220 
216 228 
200 188 
216 212 
204 44 
208 196 
188 192 
208 212 
188 196 
192 48 
196 192 
188 220 
216 208 
188 44 
196 236 
228 196 
188 188 
192 44 
512 192 
240 192 
288 252 
316 216 
212 48 
252 260 
288 260 
216 228 
228 44 
312 288 
188 196 
200 200 
224 204 
188 44 
224 260 
236 240 
196 240 
516 52 
196 196 
224 248 
204 208 
196 200 
208 48 
200 196 
192 204 
208 192 
712 44 
216 196 
200 200 
640 208 
596 44 
212 200 
196 200 
212 192 
232 208 
188 52 
192 268 
188 204 
192 216 
220 48 
192 192 
192 224 
212 192 
192 224 
216 44 
248 260 
264 200 
192 192 
224 44 
200 212 
216 268 
236 200 
220 208 
204 192 
192 48 
208 216 
628 216 
216 300 
208 44 
212 196 
212 196 
228 216 
260 212 
212 40 
200 192 
212 208 
192 212 
192 44 
228 188 
196 224 
192 220 
208 196 
212 44 
204 192 
208 204 
196 200 
212 560 
192 40 
228 212 
212 200 
204 212 
204 48 
208 208 
208 228 
196 204 
196 192 
200 48 
196 200 
188 196 
192 188 
200 44 
192 192 
216 224 
228 256 
204 44 
192 428 
200 196 
196 216 
196 192 
196 44 
252 232 
188 196 
240 244 
240 44 
236 236 
236 196 
252 236 
188 192 
192 220 
192 44 
196 192 
192 192 
220 192 
204 196 
212 48 
264 200 
236 304 
680 204 
244 272 
228 44 
212 200 
188 204 
216 208 
192 44 
192 224 
236 196 
228 228 
324 196 
236 48 
248 248 
200 196 
188 196 
196 200 
192 52 
220 196 
196 240 
192 200 
192 192 
208 44 
196 192 
244 196 
212 208 
200 44 
196 236 
216 208 
204 208 
188 208 
192 40 
188 196 
192 200 
188 196 
208 48 
192 204 
196 216 
192 228 
192 48 
200 188 
208 204 
196 196 
188 188 
196 48 
236 248 
200 192 
192 204 
220 44 
192 264 
236 192 
188 196 
536 212 
192 48 
188 192 
208 216 
228 196 
208 52 
188 236 
196 280 
228 232 
316 44 
212 340 
232 220 
252 332 
216 216 
196 48 
196 276 
260 328 
212 720 
216 216 
220 44 
200 188 
208 196 
192 196 
196 44 
192 220 
192 204 
208 212 
212 44 
192 212 
208 200 
684 220 
208 208 
208 44 
200 236 
192 200 
192 192 
188 44 
188 260 
200 220 
244 308 
196 44 
192 240 
196 188 
216 188 
212 752 
192 52 
220 192 
208 196 
212 192 
228 192 
208 44 
188 196 
220 200 
196 200 
212 44 
228 196 
292 232 
188 240 
200 196 
192 44 
248 236 
212 196 
288 200 
344 48 
256 236 
220 212 
296 324 
192 232 
268 44 
208 192 
196 192 
292 212 
208 216 
320 48 
216 208 
216 240 
192 196 
188 228 
192 192 
208 44 
196 224 
188 200 
192 220 
192 48 
204 196 
236 232 
200 220 
208 44 
196 192 
192 192 
204 192 
192 204 
188 192 
192 48 
196 196 
196 236 
188 196 
228 48 
192 204 
192 196 
188 220 
192 40 
188 236 
396 200 
188 236 
680 204 
192 44 
196 376 
188 212 
188 212 
316 264 
232 44 
204 196 
196 208 
196 192 
192 44 
200 200 
196 216 
208 236 
212 196 
208 52 
228 200 
208 236 
192 196 
192 192 
224 52 
196 204 
228 196 
276 248 
192 236 
320 48 
216 216 
200 224 
212 208 
200 192 
208 48 
188 196 
200 196 
196 196 
208 452 
188 48 
196 196 
380 284 
188 212 
208 48 
208 216 
196 192 
208 220 
216 196 
208 48 
188 248 
204 220 
232 276 
264 44 
276 280 
192 196 
284 280 
268 288 
188 676 
228 40 
196 196 
208 220 
212 224 
212 232 
188 44 
188 304 
188 192 
192 196 
192 44 
192 200 
196 204 
196 232 
204 192 
192 44 
196 332 
240 244 
196 188 
232 44 
196 236 
188 196 
196 212 
192 216 
188 48 
192 220 
196 200 
192 196 
188 52 
208 232 
208 212 
192 200 
228 256 
228 48 
200 48 
212 204 
200 200 
204 220 
200 208 
220 40 
224 196 
224 224 
188 196 
192 44 
224 196 
236 192 
200 196 
212 44 
200 204 
244 264 
188 356 
232 332 
188 44 
212 188 
192 200 
196 188 
204 44 
192 212 
192 228 
188 196 
192 192 
188 44 
200 196 
264 240 
192 200 
196 44 
216 232 
228 196 
188 204 
236 48 
208 200 
204 192 
200 232 
196 44 
204 240 
208 228 
196 196 
724 212 
208 236 
192 48 
196 464 
200 224 
324 244 
192 236 
192 52 
204 188 
200 196 
232 236 
280 44 
232 612 
212 216 
212 196 
228 300 
232 568 
232 44 
192 240 
232 240 
232 200 
232 232 
228 40 
236 200 
232 196 
236 236 
228 236 
232 44 
192 228 
228 192 
236 256 
228 228 
236 44 
192 236 
228 192 
236 192 
228 240 
228 40 
196 232 
232 196 
232 232 
232 236 
228 48 
196 44 
188 232 
228 192 
228 228 
228 44 
196 232 
236 228 
232 196 
228 228 
232 44 
196 204 
208 192 
236 192 
232 236 
228 48 
192 240 
232 192 
228 236 
232 232 
232 48 
204 240 
232 196 
228 200 
228 232 
232 44 
256 232 
236 236 
224 192 
232 236 
228 48 
228 228 
236 200 
236 192 
192 232 
232 228 
228 232 
228 236 
228 236 
192 196 
188 232 
344 212 
192 240 
236 236 
216 236 
204 192 
228 232 
596 232 
232 48 
228 200 
228 192 
228 200 
232 232 
244 192 
232 236 
196 220 
196 200 
232 188 
236 236 
228 208 
232 232 
192 1760 
228 232 
232 236 
232 232 
232 692 
228 232 
236 232 
232 232 
228 236 
232 232 
232 228 
228 232 
232 236 
236 232 
232 240 
232 236 
196 232 
184 236 
232 196 
228 232 
44 236 
192 200 
228 196 
228 304 
232 240 
192 240 
232 232 
248 236 
232 240 
232 232 
232 236 
232 236 
228 236 
228 232 
228 232 
232 232 
236 236 
232 240 
196 236 
232 236 
240 204 
228 228 
236 240 
192 192 
192 236 
224 232 
208 240 
228 232 
228 228 
228 232 
228 232 
212 236 
188 232 
232 232 
236 240 
208 228 
232 232 
236 196 
228 236 
216 232 
224 216 
228 232 
228 232 
220 232 
240 212 
228 232 
224 232 
212 236 
228 236 
232 228 
224 232 
228 232 
352 232 
232 212 
212 240 
232 236 
232 232 
232 232 
212 232 
232 196 
228 236 
228 240 
232 236 
224 232 
228 208 
232 188 
228 232 
192 248 
232 208 
232 232 
228 500 
232 232 
232 192 
232 236 
232 232 
228 232 
232 196 
232 236 
236 236 
232 728 
232 232 
192 212 
192 236 
196 192 
232 236 
192 212 
232 236 
228 200 
232 232 
216 212 
192 236 
232 232 
216 232 
232 236 
212 240 
232 236 
228 212 
232 240 
232 236 
232 236 
232 232 
232 240 
236 236 
232 236 
228 208 
228 232 
228 228 
192 236 
232 228 
232 232 
232 212 
228 232 
192 196 
232 232 
228 232 
228 240 
228 236 
232 232 
228 232 
228 232 
232 232 
208 228 
188 232 
232 236 
232 232 
232 240 
232 240 
228 232 
228 228 
232 464 
212 192 
212 236 
232 228 
232 192 
208 188 
208 208 
228 212 
232 204 
228 232 
228 212 
184 196 
228 236 
228 236 
228 236 
216 236 
232 196 
216 212 
360 228 
232 212 
236 232 
216 232 
208 232 
196 236 
232 208 
216 208 
208 236 
620 232 
216 236 
188 232 
228 232 
268 192 
188 212 
192 236 
228 208 
228 356 
236 480 
232 236 
232 228 
188 212 
196 208 
208 232 
228 192 
208 224 
228 188 
232 236 
208 232 
212 212 
232 216 
232 192 
228 232 
232 196 
208 212 
188 232 
208 224 
208 236 
228 232 
220 228 
228 228 
208 204 
208 208 
204 224 
188 240 
232 192 
228 236 
232 200 
208 208 
228 232 
204 236 
232 208 
252 288 
232 236 
232 236 
228 232 
228 232 
232 196 
228 232 
212 292 
232 236 
232 236 
232 232 
224 232 
228 236 
228 224 
232 240 
232 232 
228 236 
196 192 
232 232 
232 228 
208 232 
212 208 
208 216 
224 192 
228 236 
264 196 
188 208 
192 232 
188 236 
192 232 
228 236 
228 220 
196 212 
188 232 
192 192 
232 232 
196 196 
228 192 
208 316 
192 196 
232 232 
232 192 
228 192 
208 216 
228 216 
232 196 
196 232 
188 192 
192 232 
208 212 
220 232 
232 236 
604 212 
188 232 
232 192 
204 208 
212 192 
228 212 
228 236 
228 192 
232 236 
208 192 
188 232 
224 188 
232 232 
248 208 
224 232 
228 232 
212 192 
228 232 
192 232 
204 192 
196 232 
200 208 
192 192 
196 192 
188 208 
192 200 
196 192 
192 232 
188 192 
212 196 
228 228 
232 232 
232 196 
224 192 
232 212 
228 212 
216 208 
196 236 
228 192 
232 196 
228 236 
228 208 
192 232 
192 236 
196 192 
232 212 
232 192 
232 208 
188 232 
192 232 
188 192 
216 232 
228 240 
188 232 
236 232 
192 216 
228 232 
196 232 
208 228 
208 504 
232 232 
208 236 
192 232 
232 236 
228 236 
228 232 
228 232 
204 192 
228 232 
208 212 
228 240 
208 384 
232 232 
228 244 
228 232 
232 236 
232 232 
220 208 
232 212 
196 228 
228 228 
232 232 
236 232 
228 228 
232 236 
228 232 
228 304 
232 216 
228 200 
232 232 
232 232 
228 236 
236 236 
232 232 
192 228 
656 224 
232 232 
244 232 
204 208 
224 232 
228 232 
208 232 
188 212 
212 232 
232 540 
232 236 
228 236 
232 232 
232 232 
232 228 
228 204 
228 232 
196 236 
196 232 
228 236 
232 236 
232 232 
236 232 
232 236 
232 232 
232 232 
188 232 
232 232 
236 232 
228 236 
232 232 
228 216 
228 232 
232 236 
188 236 
232 232 
232 236 
228 240 
232 232 
232 224 
232 232 
200 476 
188 188 
228 236 
192 236 
192 212 
200 232 
232 212 
196 196 
232 228 
212 204 
212 236 
236 232 
188 232 
228 232 
232 232 
228 232 
220 236 
208 232 
232 192 
208 236 
232 236 
236 232 
228 236 
232 196 
244 236 
232 196 
228 232 
208 220 
192 196 
236 236 
236 224 
232 232 
320 232 
228 196 
228 204 
192 232 
228 256 
304 228 
228 236 
196 208 
196 228 
228 228 
232 232 
232 232 
232 236 
444 196 
228 208 
232 232 
228 228 
232 228 
232 212 
192 312 
200 1244 
224 240 
188 344 
232 212 
228 236 
232 232 
232 232 
232 232 
200 236 
192 208 
228 232 
228 572 
188 212 
208 232 
196 236 
236 200 
228 196 
228 232 
228 232 
236 232 
216 232 
228 228 
204 228 
228 200 
228 232 
232 204 
232 236 
228 232 
236 232 
484 232 
228 228 
232 232 
204 232 
232 208 
188 192 
232 232 
228 232 
208 236 
192 232 
232 208 
232 232 
316 236 
228 236 
232 232 
236 232 
204 216 
232 232 
228 236 
208 216 
188 192 
228 240 
232 236 
228 236 
236 232 
232 232 
232 232 
232 232 
228 232 
232 232 
232 192 
228 228 
420 224 
