# ./FR-trace starting at Wed Mar 18 15:25:37 2020
################# CONFIG #################
# slot=5000
# samples=10000
# threshold=100
# idle=500
# minlen=500
# runs=10000
# pdathreads=2
# nmonitored=2
#   monitor0=../apps/openssl ecp_smpl.c:933 0x1e3d58
#   monitor1=../apps/openssl ecp_smpl.c:940 0x1e39f3
# nevicted=0
# npdatargets=2
#   target0=../apps/openssl bn_lib.c:514 0x102f79
#   target1=../apps/openssl bn_lib.c:543 0x102fe5
# affinity=0
############## SYSTEM INFO ###############
# mastik_version=0.02
# sysname=Linux
# nodename=lovelace
# release=5.3.7-arch1-1-ARCH
# version=#1 SMP PREEMPT Fri Oct 18 00:17:03 UTC 2019
# machine=x86_64
################## DATA ##################
# run=149
# datapoints=1570
44 44 
192 228 
40 188 
44 48 
44 44 
232 240 
196 236 
228 232 
228 236 
360 236 
188 228 
232 192 
244 236 
192 240 
232 236 
228 336 
236 232 
232 232 
192 192 
232 236 
232 236 
232 236 
236 44 
232 232 
192 236 
236 236 
232 232 
232 452 
228 236 
200 232 
232 44 
232 240 
240 204 
228 200 
228 232 
232 48 
192 736 
236 240 
236 236 
228 232 
228 228 
232 44 
192 192 
232 200 
236 232 
232 236 
188 44 
232 236 
240 196 
228 236 
212 44 
232 196 
252 236 
236 204 
228 236 
228 44 
232 232 
192 196 
236 236 
236 220 
232 236 
232 52 
196 192 
232 236 
228 232 
228 236 
232 44 
440 196 
236 216 
236 236 
232 228 
232 44 
236 192 
216 196 
232 192 
232 232 
232 232 
188 48 
196 192 
232 236 
232 236 
228 236 
232 44 
196 228 
252 192 
228 232 
232 232 
204 44 
216 232 
232 196 
232 196 
228 232 
232 44 
192 232 
236 192 
232 240 
232 212 
232 48 
192 236 
232 240 
240 1120 
224 232 
232 44 
236 236 
188 236 
228 196 
228 224 
228 236 
228 48 
220 232 
228 232 
228 196 
232 236 
612 48 
232 228 
236 196 
236 192 
228 240 
236 44 
196 232 
192 192 
232 200 
228 492 
232 232 
192 48 
192 232 
232 204 
232 236 
228 232 
204 44 
236 192 
236 188 
228 296 
232 232 
228 40 
188 232 
232 228 
232 680 
228 236 
236 44 
188 196 
236 240 
232 232 
228 232 
232 48 
224 240 
232 236 
228 192 
228 236 
228 52 
184 1096 
228 196 
236 236 
228 232 
232 48 
192 236 
236 188 
232 200 
236 236 
228 232 
188 48 
236 192 
232 236 
236 236 
232 232 
188 44 
192 236 
228 204 
232 232 
232 48 
192 216 
228 236 
236 240 
204 236 
228 44 
208 232 
228 232 
228 192 
232 232 
228 44 
228 232 
236 208 
204 196 
236 240 
232 1072 
232 44 
252 232 
228 196 
228 232 
228 72 
232 44 
188 212 
236 240 
232 248 
232 228 
232 40 
228 236 
232 196 
228 196 
400 232 
228 44 
188 220 
228 188 
232 196 
236 232 
232 44 
200 196 
236 228 
628 196 
232 232 
228 48 
232 232 
196 236 
236 228 
232 236 
228 228 
216 44 
236 236 
208 192 
236 232 
228 48 
232 232 
196 192 
232 236 
232 232 
228 232 
192 44 
192 236 
236 240 
232 232 
232 236 
232 232 
232 44 
196 224 
268 188 
236 232 
232 232 
228 44 
196 228 
228 216 
236 232 
232 232 
232 44 
240 240 
228 196 
236 236 
232 240 
228 48 
188 232 
232 252 
232 220 
228 236 
232 48 
196 228 
376 220 
236 196 
232 228 
228 44 
192 196 
236 236 
232 196 
228 228 
232 132 
232 48 
192 236 
236 240 
228 192 
228 236 
208 48 
236 236 
228 204 
232 236 
228 232 
236 48 
196 192 
228 200 
228 228 
212 216 
228 44 
228 236 
228 200 
236 192 
232 236 
232 44 
236 232 
228 220 
236 208 
228 236 
228 232 
192 44 
232 192 
232 212 
232 236 
232 228 
524 48 
192 200 
236 236 
228 228 
228 232 
228 44 
236 188 
228 192 
228 192 
632 232 
228 44 
192 240 
236 236 
232 204 
232 232 
232 44 
188 236 
232 192 
232 216 
228 228 
232 44 
212 192 
236 236 
260 236 
232 232 
232 44 
188 192 
228 216 
236 192 
232 240 
232 48 
188 240 
240 188 
240 192 
228 236 
228 44 
232 236 
232 204 
236 192 
232 236 
232 48 
220 532 
236 196 
232 232 
232 236 
232 44 
188 200 
236 192 
228 224 
228 236 
232 228 
196 44 
220 192 
232 228 
228 236 
232 228 
208 44 
236 236 
228 1132 
228 228 
232 44 
228 232 
192 196 
236 236 
236 236 
232 236 
232 52 
244 192 
228 200 
216 240 
228 232 
232 48 
200 196 
236 232 
232 192 
232 228 
232 232 
200 44 
196 212 
228 192 
228 232 
232 236 
228 48 
196 224 
228 192 
232 232 
200 232 
196 44 
220 200 
240 232 
228 232 
772 232 
232 44 
196 240 
232 240 
448 196 
228 220 
228 40 
188 200 
228 196 
232 240 
228 240 
228 44 
212 236 
224 200 
232 188 
232 232 
228 236 
192 48 
232 220 
228 232 
228 232 
232 232 
232 48 
508 232 
236 236 
232 236 
236 44 
188 240 
188 240 
228 192 
232 232 
228 228 
228 44 
196 236 
928 240 
236 192 
232 232 
232 44 
220 192 
188 208 
228 192 
228 244 
232 232 
236 44 
228 236 
236 244 
228 192 
228 236 
232 40 
188 236 
236 232 
228 916 
228 228 
232 52 
236 192 
228 192 
228 236 
228 232 
228 44 
196 240 
236 232 
236 192 
228 232 
232 44 
212 232 
232 208 
232 212 
232 232 
232 44 
196 236 
228 196 
232 192 
232 232 
204 44 
188 236 
232 192 
260 196 
228 232 
228 44 
192 236 
236 236 
256 196 
208 212 
228 44 
188 232 
236 192 
228 192 
228 232 
228 44 
228 232 
672 240 
236 200 
232 240 
232 44 
232 240 
232 232 
236 220 
232 232 
228 232 
448 232 
188 48 
196 240 
236 196 
228 232 
228 44 
196 192 
228 192 
228 196 
696 232 
228 40 
192 236 
236 236 
228 192 
232 228 
228 44 
192 244 
232 192 
232 224 
840 216 
232 52 
228 236 
268 200 
232 196 
232 232 
228 40 
236 192 
236 192 
232 232 
228 236 
228 40 
188 196 
236 196 
232 196 
228 232 
232 44 
236 200 
232 228 
236 244 
236 232 
232 44 
188 236 
236 236 
232 196 
228 228 
228 40 
188 236 
236 192 
236 232 
228 232 
224 48 
224 240 
236 244 
232 236 
232 236 
236 44 
196 196 
192 196 
236 200 
228 232 
228 252 
232 40 
196 228 
228 192 
236 192 
232 232 
228 48 
232 236 
236 616 
208 192 
232 248 
228 232 
232 48 
232 236 
192 236 
208 220 
232 232 
236 232 
208 44 
232 200 
232 196 
236 232 
228 228 
232 44 
224 236 
232 232 
204 192 
232 212 
228 44 
188 232 
236 196 
224 196 
228 236 
228 48 
188 232 
472 240 
232 228 
232 232 
232 44 
196 236 
232 204 
236 240 
236 236 
772 40 
228 752 
232 232 
236 232 
228 232 
228 236 
220 48 
188 220 
232 192 
232 232 
232 584 
232 44 
236 240 
228 200 
236 236 
228 232 
232 44 
228 232 
232 208 
232 236 
232 236 
228 264 
232 44 
256 192 
228 204 
236 188 
232 232 
232 44 
228 232 
228 236 
232 240 
228 232 
236 232 
236 44 
196 216 
236 236 
232 224 
224 232 
228 48 
224 236 
232 196 
228 188 
228 232 
232 168 
228 44 
260 236 
228 192 
236 192 
228 232 
232 44 
192 236 
232 192 
216 192 
232 236 
236 48 
188 240 
236 236 
232 192 
228 236 
228 44 
232 240 
212 192 
232 196 
236 236 
232 44 
192 232 
232 236 
508 236 
228 200 
232 240 
212 44 
232 240 
236 220 
228 200 
228 232 
232 44 
188 232 
228 196 
244 236 
228 212 
228 44 
232 240 
232 240 
232 236 
804 236 
236 52 
224 232 
484 192 
228 232 
232 232 
232 48 
188 236 
228 188 
232 248 
228 232 
540 44 
232 232 
228 208 
228 196 
232 232 
232 44 
196 236 
232 236 
236 240 
232 232 
228 604 
232 44 
192 236 
232 188 
232 252 
232 232 
232 44 
232 240 
228 212 
228 208 
228 232 
232 40 
300 196 
232 192 
236 236 
228 236 
232 44 
232 240 
228 192 
228 192 
232 232 
232 44 
188 240 
232 200 
228 192 
228 236 
236 44 
192 200 
236 192 
228 232 
232 232 
232 44 
268 220 
236 192 
232 192 
232 232 
228 44 
240 232 
232 228 
228 196 
228 228 
228 44 
192 232 
232 240 
232 216 
232 236 
396 44 
192 232 
236 236 
232 204 
228 236 
212 72 
232 52 
196 224 
228 192 
232 276 
232 236 
236 52 
236 192 
232 192 
212 556 
228 228 
232 44 
192 240 
232 192 
236 248 
232 232 
232 52 
188 232 
236 192 
232 236 
228 232 
228 48 
188 236 
236 240 
228 208 
232 240 
500 44 
192 236 
236 232 
236 192 
232 236 
236 44 
196 236 
192 232 
228 196 
232 388 
236 52 
232 192 
196 236 
228 192 
232 404 
228 232 
196 48 
196 244 
236 208 
228 228 
232 52 
196 192 
232 188 
232 232 
232 232 
236 236 
232 44 
192 244 
236 244 
228 200 
236 236 
228 44 
228 712 
236 232 
236 236 
232 236 
232 692 
228 44 
232 196 
236 188 
236 236 
232 236 
228 44 
228 236 
236 196 
228 232 
228 236 
228 44 
232 236 
232 256 
228 200 
232 232 
232 44 
196 196 
240 192 
236 192 
228 236 
228 44 
212 236 
228 192 
212 228 
232 236 
228 44 
188 232 
228 192 
228 236 
228 236 
248 44 
188 232 
208 228 
228 192 
232 228 
228 44 
188 236 
240 192 
228 196 
236 232 
228 44 
212 208 
228 196 
228 192 
228 236 
224 52 
212 236 
236 212 
228 200 
296 236 
228 40 
196 236 
232 232 
228 192 
236 236 
228 44 
192 228 
196 236 
508 192 
228 232 
232 236 
228 44 
228 240 
232 236 
252 196 
228 232 
232 48 
188 236 
232 192 
232 192 
228 236 
236 44 
224 236 
232 252 
236 196 
228 232 
228 44 
188 232 
236 188 
232 232 
228 232 
232 44 
192 236 
232 196 
228 200 
232 232 
232 44 
232 236 
240 240 
228 192 
228 236 
232 236 
236 48 
188 236 
236 244 
232 192 
228 228 
232 48 
188 236 
236 240 
664 240 
236 232 
228 48 
188 228 
232 232 
244 248 
228 236 
232 228 
232 44 
192 248 
232 192 
228 228 
232 236 
236 48 
196 232 
228 196 
232 228 
228 44 
212 232 
236 236 
232 200 
232 232 
236 44 
196 236 
232 192 
224 200 
228 236 
212 44 
200 236 
228 192 
228 192 
228 236 
228 40 
188 232 
236 196 
236 252 
212 212 
228 40 
192 240 
232 236 
232 204 
232 236 
228 44 
192 228 
196 236 
228 192 
228 232 
232 232 
232 40 
192 316 
236 192 
232 244 
232 228 
524 48 
224 236 
196 228 
232 232 
232 236 
228 236 
232 44 
228 200 
236 192 
228 192 
232 232 
236 44 
192 236 
232 236 
236 236 
228 236 
228 44 
192 236 
232 192 
232 236 
232 236 
232 232 
232 44 
232 232 
232 236 
232 232 
228 232 
228 44 
192 232 
232 232 
228 196 
308 228 
232 44 
192 200 
228 192 
232 232 
236 236 
236 232 
192 48 
196 232 
244 232 
228 236 
232 236 
228 48 
192 196 
232 240 
232 192 
232 232 
228 40 
228 236 
228 228 
224 192 
232 192 
232 232 
232 44 
248 196 
228 192 
228 192 
192 192 
232 212 
208 232 
232 352 
200 196 
188 192 
236 1260 
192 192 
236 192 
208 220 
232 236 
208 208 
228 232 
228 200 
232 236 
236 232 
236 236 
232 188 
236 192 
240 192 
220 208 
244 196 
232 200 
200 192 
188 200 
236 196 
228 236 
232 196 
340 196 
240 192 
228 196 
232 196 
236 232 
228 232 
232 232 
228 232 
232 232 
580 620 
232 232 
232 232 
236 232 
232 240 
236 240 
228 232 
236 232 
228 236 
192 196 
188 216 
232 188 
192 192 
188 196 
232 196 
224 44 
196 232 
232 236 
228 196 
216 536 
240 196 
236 200 
224 196 
192 192 
228 228 
232 232 
232 232 
232 232 
228 240 
232 232 
228 232 
236 236 
228 232 
236 204 
192 200 
228 196 
232 196 
236 364 
228 196 
232 228 
236 236 
200 196 
232 224 
232 208 
232 232 
232 236 
228 268 
208 216 
232 220 
236 236 
232 236 
228 236 
220 232 
236 980 
232 236 
236 232 
228 232 
232 232 
228 232 
228 228 
208 232 
232 232 
236 240 
232 232 
232 232 
228 232 
232 232 
232 232 
228 228 
208 228 
232 232 
232 232 
236 236 
232 232 
228 236 
232 240 
232 228 
232 232 
236 212 
236 192 
232 232 
228 236 
232 236 
232 232 
232 236 
232 240 
344 232 
224 212 
228 232 
196 228 
232 232 
232 240 
232 232 
188 228 
192 212 
604 228 
232 192 
228 240 
232 232 
228 232 
232 232 
232 232 
232 232 
232 192 
232 476 
232 232 
228 232 
232 232 
232 232 
236 236 
228 232 
232 236 
232 236 
236 684 
232 232 
232 232 
236 236 
232 232 
228 236 
232 232 
228 228 
228 232 
228 236 
228 232 
232 232 
232 236 
232 236 
236 240 
232 240 
232 236 
232 236 
228 232 
236 232 
232 232 
232 240 
232 232 
232 236 
344 784 
232 232 
232 236 
232 232 
232 232 
236 192 
212 228 
232 236 
196 232 
268 192 
228 236 
228 236 
232 232 
228 232 
228 232 
228 232 
232 232 
232 448 
212 228 
236 228 
232 228 
212 232 
232 236 
236 232 
228 240 
232 232 
560 232 
212 216 
232 232 
192 232 
232 232 
236 236 
232 236 
228 232 
192 208 
188 236 
232 212 
228 208 
236 236 
228 268 
228 192 
208 232 
228 232 
228 212 
372 232 
212 232 
228 236 
232 236 
228 232 
192 236 
196 192 
232 232 
236 232 
608 236 
232 232 
232 232 
232 232 
236 232 
232 236 
232 236 
228 232 
232 236 
228 236 
228 232 
232 232 
228 228 
228 232 
228 232 
208 232 
232 236 
228 232 
232 724 
232 232 
232 192 
208 204 
188 220 
232 196 
196 236 
228 232 
196 232 
212 196 
192 192 
228 236 
232 192 
232 920 
232 232 
192 192 
228 232 
228 232 
188 236 
228 208 
200 188 
228 232 
228 236 
216 236 
208 236 
204 232 
208 220 
228 232 
232 236 
204 208 
228 232 
228 236 
448 236 
228 232 
228 232 
228 232 
232 212 
228 232 
236 216 
232 212 
196 228 
232 232 
204 232 
228 236 
224 220 
228 212 
360 360 
192 240 
188 236 
268 192 
416 204 
188 188 
192 192 
228 236 
236 232 
232 232 
232 228 
232 232 
232 232 
272 232 
232 212 
520 208 
228 240 
236 232 
208 232 
232 236 
188 252 
244 232 
544 212 
208 192 
228 232 
232 224 
216 236 
232 236 
208 232 
212 324 
236 232 
632 196 
232 240 
232 232 
880 212 
236 208 
232 236 
208 236 
228 212 
228 236 
228 484 
232 232 
232 232 
228 236 
232 232 
208 232 
228 236 
228 232 
232 236 
196 212 
228 232 
336 736 
232 236 
228 232 
224 236 
228 236 
232 232 
236 232 
228 232 
232 232 
232 228 
232 196 
228 236 
236 232 
236 236 
224 236 
232 212 
232 232 
232 232 
232 236 
196 236 
228 228 
232 236 
232 232 
228 228 
228 232 
232 236 
232 236 
228 236 
236 232 
236 212 
232 232 
236 232 
228 232 
232 236 
236 232 
228 232 
228 236 
232 232 
232 240 
232 232 
212 232 
232 236 
228 228 
228 232 
232 232 
232 228 
236 236 
232 236 
604 232 
208 232 
228 232 
232 232 
212 232 
228 232 
232 204 
228 188 
232 232 
232 236 
208 232 
232 236 
232 232 
236 240 
192 192 
188 232 
232 236 
232 232 
392 236 
780 228 
228 236 
232 232 
232 236 
232 240 
232 236 
232 236 
232 236 
636 232 
228 232 
192 236 
232 232 
228 232 
228 216 
208 192 
232 212 
232 232 
232 504 
232 232 
228 236 
228 556 
208 232 
228 232 
232 232 
232 240 
228 236 
232 232 
228 232 
240 212 
232 228 
200 212 
228 236 
192 208 
232 232 
232 232 
232 236 
232 232 
188 232 
232 232 
236 236 
188 236 
208 228 
236 240 
232 240 
232 232 
232 232 
232 232 
232 232 
232 232 
228 232 
232 232 
232 232 
232 236 
228 232 
236 232 
232 232 
212 232 
228 232 
232 236 
232 236 
208 220 
192 212 
232 232 
228 232 
228 232 
236 232 
232 232 
356 236 
208 228 
188 196 
232 236 
232 232 
228 256 
228 200 
228 236 
228 236 
228 232 
228 216 
228 236 
228 232 
232 192 
244 212 
228 236 
232 232 
828 232 
192 232 
228 208 
232 232 
228 236 
228 236 
232 236 
228 232 
208 232 
232 232 
740 232 
232 216 
232 236 
228 232 
228 236 
236 232 
196 192 
232 236 
208 232 
668 232 
228 232 
228 236 
232 232 
228 236 
228 232 
232 232 
228 232 
228 228 
228 544 
232 236 
228 232 
232 236 
228 232 
228 232 
212 212 
208 216 
196 232 
240 208 
188 236 
232 232 
232 196 
192 192 
232 224 
228 224 
224 248 
192 188 
204 236 
228 232 
208 236 
232 228 
228 196 
236 236 
232 232 
188 232 
232 240 
232 232 
236 236 
232 232 
212 232 
192 212 
