# ./FR-trace starting at Wed Mar 18 16:02:19 2020
################# CONFIG #################
# slot=5000
# samples=10000
# threshold=100
# idle=500
# minlen=500
# runs=10000
# pdathreads=2
# nmonitored=2
#   monitor0=../apps/openssl ecp_smpl.c:933 0x1e3d58
#   monitor1=../apps/openssl ecp_smpl.c:940 0x1e39f3
# nevicted=0
# npdatargets=2
#   target0=../apps/openssl bn_lib.c:514 0x102f79
#   target1=../apps/openssl bn_lib.c:543 0x102fe5
# affinity=0
############## SYSTEM INFO ###############
# mastik_version=0.02
# sysname=Linux
# nodename=lovelace
# release=5.3.7-arch1-1-ARCH
# version=#1 SMP PREEMPT Fri Oct 18 00:17:03 UTC 2019
# machine=x86_64
################## DATA ##################
# run=2176
# datapoints=1911
40 196 
196 236 
196 200 
236 236 
228 244 
224 192 
188 232 
228 196 
196 232 
192 240 
188 188 
232 232 
232 236 
192 208 
188 192 
240 196 
188 208 
192 232 
188 192 
324 192 
200 232 
212 192 
232 236 
228 216 
228 212 
228 192 
228 236 
216 212 
220 236 
204 188 
208 236 
232 236 
192 404 
228 208 
228 236 
196 192 
192 192 
228 196 
208 192 
232 192 
232 196 
356 228 
188 208 
232 232 
196 208 
236 236 
188 192 
228 204 
208 236 
224 196 
232 204 
196 296 
232 196 
188 232 
188 224 
188 192 
188 232 
184 228 
292 188 
232 336 
204 208 
256 300 
204 212 
200 188 
232 380 
192 196 
188 252 
208 192 
296 204 
188 196 
332 232 
304 232 
200 192 
196 192 
236 212 
228 192 
196 232 
292 232 
196 236 
212 192 
232 232 
224 192 
208 188 
208 188 
204 240 
232 192 
260 700 
236 192 
232 192 
228 192 
192 200 
192 232 
196 200 
228 232 
232 192 
528 228 
232 232 
232 212 
232 232 
200 232 
192 192 
228 212 
188 228 
192 208 
192 216 
220 236 
188 188 
244 232 
192 196 
204 380 
204 236 
228 192 
224 232 
232 232 
232 196 
192 188 
208 188 
208 220 
228 232 
232 232 
188 208 
232 196 
232 208 
232 192 
228 232 
232 232 
212 232 
208 204 
232 240 
216 232 
228 232 
208 236 
236 380 
220 196 
212 192 
192 196 
200 232 
232 204 
188 236 
232 232 
192 236 
192 196 
232 204 
228 232 
284 192 
228 240 
228 232 
232 188 
232 228 
232 236 
232 236 
232 212 
188 236 
192 236 
632 288 
192 232 
232 236 
204 236 
236 220 
228 236 
304 348 
208 212 
232 236 
232 232 
208 224 
188 232 
232 212 
228 232 
232 292 
228 236 
228 296 
192 236 
208 236 
208 224 
228 232 
232 220 
192 236 
228 200 
232 232 
208 236 
232 200 
668 200 
208 232 
196 228 
232 188 
196 200 
196 192 
208 216 
208 252 
228 236 
232 236 
196 196 
208 196 
188 232 
216 232 
192 264 
208 192 
232 232 
400 252 
320 228 
200 192 
200 208 
192 232 
208 232 
228 192 
192 196 
228 196 
204 228 
228 628 
228 192 
188 188 
212 232 
208 232 
224 212 
192 228 
228 232 
188 236 
228 232 
232 236 
236 196 
224 232 
212 232 
380 208 
192 216 
220 232 
228 228 
232 232 
232 236 
228 232 
232 236 
228 232 
228 232 
236 232 
236 232 
236 236 
232 192 
192 196 
232 196 
228 228 
232 232 
212 228 
208 216 
232 236 
232 236 
212 228 
208 272 
228 232 
220 236 
232 192 
184 196 
324 204 
232 236 
224 188 
236 188 
192 200 
228 196 
192 232 
196 196 
236 232 
188 232 
448 240 
228 200 
232 212 
48 44 
44 248 
48 48 
40 48 
192 236 
188 192 
40 168 
200 208 
196 192 
192 340 
236 232 
232 240 
236 192 
292 232 
228 208 
44 52 
40 48 
48 48 
196 252 
232 196 
232 232 
44 208 
44 44 
196 240 
192 192 
192 236 
288 240 
188 48 
236 232 
232 232 
196 232 
40 44 
196 228 
232 192 
224 196 
232 192 
208 40 
232 236 
192 232 
192 240 
232 44 
236 236 
232 236 
232 228 
232 216 
212 44 
232 236 
232 192 
232 236 
236 232 
236 52 
188 236 
232 192 
232 232 
236 212 
48 48 
232 196 
232 716 
192 232 
228 228 
232 44 
232 204 
232 212 
228 44 
216 196 
232 208 
232 212 
228 204 
44 48 
236 236 
228 192 
232 232 
232 44 
208 192 
232 240 
228 212 
232 48 
228 192 
220 236 
232 240 
228 44 
208 192 
216 236 
208 232 
192 44 
224 244 
236 228 
228 236 
228 232 
232 44 
248 232 
236 192 
208 228 
236 44 
196 196 
512 236 
208 236 
236 240 
232 120 
196 44 
220 252 
208 196 
228 232 
232 44 
280 236 
232 216 
232 232 
216 48 
576 232 
200 192 
232 200 
228 112 
200 48 
192 192 
212 228 
220 212 
232 48 
196 236 
228 204 
188 212 
232 232 
52 40 
232 192 
220 196 
232 232 
228 40 
200 236 
232 236 
204 232 
196 212 
228 44 
188 236 
208 220 
228 48 
192 196 
232 240 
236 232 
208 232 
232 44 
228 204 
236 192 
196 632 
232 196 
236 44 
236 192 
232 588 
232 240 
192 44 
188 236 
228 200 
232 384 
232 312 
208 44 
236 236 
224 196 
228 188 
208 228 
216 48 
216 232 
228 216 
232 208 
236 44 
232 196 
232 232 
232 236 
212 44 
236 240 
236 188 
188 228 
228 196 
208 44 
228 196 
228 540 
188 200 
232 40 
232 196 
228 192 
208 236 
228 236 
192 40 
236 240 
228 232 
192 232 
232 48 
192 236 
228 188 
208 232 
252 196 
44 48 
192 196 
228 200 
236 208 
232 236 
220 44 
196 236 
232 220 
236 232 
232 212 
44 44 
236 236 
228 192 
188 236 
216 196 
220 44 
236 192 
236 232 
212 232 
188 48 
232 208 
204 228 
232 212 
232 44 
228 228 
228 192 
232 232 
188 208 
256 44 
232 196 
232 236 
228 228 
228 236 
40 44 
236 236 
232 216 
208 212 
208 44 
192 200 
236 208 
232 232 
196 52 
212 236 
232 232 
232 232 
228 232 
192 48 
208 196 
232 236 
224 232 
212 44 
228 196 
228 232 
228 208 
228 44 
188 200 
232 236 
208 232 
200 236 
44 44 
192 232 
228 192 
232 372 
228 232 
208 40 
296 236 
228 236 
196 232 
224 44 
228 196 
196 236 
228 232 
224 44 
196 236 
216 608 
216 212 
204 44 
192 196 
240 232 
208 212 
228 208 
196 40 
228 192 
228 192 
232 212 
208 212 
40 44 
228 188 
212 196 
228 232 
232 48 
192 188 
228 700 
224 196 
212 44 
248 236 
216 208 
208 232 
228 232 
224 44 
192 188 
212 216 
228 192 
200 228 
192 44 
228 212 
228 232 
228 232 
208 44 
212 236 
228 240 
192 208 
200 204 
212 52 
236 192 
232 508 
228 236 
228 44 
232 192 
600 196 
228 232 
192 196 
188 44 
188 220 
488 208 
228 232 
236 192 
236 44 
232 188 
232 324 
232 232 
228 44 
228 212 
312 192 
232 232 
232 232 
44 48 
232 332 
232 456 
232 232 
236 44 
192 236 
228 196 
232 196 
232 228 
228 44 
232 224 
228 240 
228 228 
188 44 
196 196 
236 192 
228 232 
232 236 
244 44 
256 192 
228 232 
232 212 
232 44 
232 236 
212 196 
232 208 
192 236 
188 48 
232 192 
232 592 
232 232 
232 48 
204 196 
392 192 
220 192 
44 48 
192 192 
236 192 
228 192 
236 232 
200 44 
228 188 
196 208 
332 236 
188 56 
236 312 
232 192 
236 560 
228 236 
228 48 
188 200 
228 228 
196 192 
188 236 
228 44 
188 192 
232 460 
228 196 
228 44 
44 232 
232 232 
204 212 
228 232 
232 44 
228 232 
188 232 
228 48 
192 236 
232 232 
384 232 
228 232 
228 52 
196 196 
228 200 
208 232 
192 192 
228 48 
232 192 
228 232 
228 208 
232 232 
40 44 
192 200 
212 236 
224 228 
232 228 
196 44 
192 196 
232 192 
228 236 
196 196 
184 44 
620 212 
188 304 
188 196 
208 44 
228 192 
232 212 
228 248 
232 232 
212 228 
44 48 
220 196 
192 228 
208 228 
228 44 
232 192 
228 228 
232 236 
204 48 
216 304 
212 216 
228 196 
232 236 
232 52 
608 204 
228 280 
232 232 
232 48 
236 192 
232 188 
232 212 
228 232 
224 48 
684 232 
228 380 
236 208 
228 44 
228 236 
228 232 
196 236 
188 200 
184 40 
192 200 
192 236 
184 52 
200 236 
276 192 
188 48 
192 224 
228 320 
196 200 
188 48 
196 192 
236 192 
236 44 
628 192 
208 204 
228 196 
188 192 
208 48 
236 192 
232 232 
192 44 
300 228 
232 232 
196 196 
188 44 
192 192 
200 192 
352 232 
228 216 
188 44 
232 212 
404 272 
232 52 
208 200 
236 228 
188 204 
208 48 
192 232 
236 236 
232 236 
648 192 
192 48 
188 232 
188 196 
200 204 
188 44 
236 196 
232 188 
208 192 
212 212 
228 44 
196 200 
192 232 
224 200 
228 228 
308 52 
232 196 
272 228 
188 248 
236 52 
220 220 
232 232 
232 236 
228 48 
208 232 
224 232 
232 48 
228 236 
228 232 
188 228 
48 44 
236 284 
228 240 
204 204 
224 220 
224 52 
188 208 
236 232 
212 240 
224 248 
200 44 
340 220 
272 232 
232 296 
212 264 
256 236 
228 200 
224 200 
192 212 
236 256 
268 332 
268 328 
192 220 
192 240 
272 204 
232 228 
240 292 
280 280 
192 204 
200 196 
324 236 
208 280 
240 316 
188 340 
248 256 
280 228 
284 248 
220 224 
196 196 
248 280 
204 200 
228 252 
268 232 
196 196 
272 204 
232 256 
192 200 
200 344 
192 192 
208 296 
316 324 
324 196 
188 296 
188 200 
196 200 
188 196 
612 240 
184 280 
208 284 
228 256 
212 208 
192 1208 
192 192 
324 200 
304 200 
280 232 
208 208 
200 192 
284 196 
212 208 
228 204 
244 224 
232 276 
196 288 
212 548 
204 304 
188 228 
212 596 
224 196 
208 196 
208 220 
224 192 
192 204 
192 196 
228 228 
328 196 
200 200 
212 196 
220 208 
192 212 
208 196 
268 212 
248 204 
244 232 
260 244 
192 192 
192 200 
196 208 
228 200 
192 212 
328 276 
292 232 
228 192 
260 244 
236 200 
192 192 
196 204 
188 212 
276 268 
200 208 
1180 716 
248 196 
228 200 
1140 1132 
1240 192 
224 204 
228 240 
280 236 
192 228 
1228 708 
196 208 
196 192 
196 212 
220 192 
228 280 
216 192 
192 236 
188 200 
220 204 
200 200 
192 192 
296 264 
192 192 
220 212 
196 232 
420 192 
200 700 
356 196 
200 216 
188 192 
192 204 
196 196 
212 208 
208 208 
188 192 
188 196 
200 316 
212 236 
192 196 
188 232 
196 1220 
196 360 
192 232 
196 232 
208 192 
200 208 
196 228 
200 192 
200 272 
212 196 
196 204 
192 232 
224 200 
224 212 
212 232 
228 232 
192 192 
188 232 
192 208 
216 200 
192 192 
188 232 
612 232 
196 208 
232 212 
284 192 
188 232 
196 212 
208 196 
212 196 
240 192 
192 232 
192 192 
196 192 
192 216 
192 188 
188 208 
196 640 
656 532 
1112 200 
284 320 
192 200 
192 232 
264 236 
196 240 
192 208 
200 212 
212 664 
248 216 
212 232 
212 212 
288 196 
192 196 
288 192 
188 232 
260 192 
228 196 
236 196 
332 232 
264 244 
264 264 
188 216 
192 204 
192 236 
212 200 
192 200 
212 200 
196 204 
192 204 
220 192 
192 232 
192 200 
192 232 
204 212 
188 208 
208 196 
296 288 
216 1180 
244 376 
232 196 
204 196 
256 212 
216 196 
228 192 
196 324 
324 224 
228 260 
204 208 
220 284 
192 200 
228 296 
328 252 
208 1232 
188 268 
232 244 
232 284 
196 200 
324 192 
668 204 
204 192 
236 208 
236 224 
348 216 
236 224 
324 252 
764 296 
256 336 
44 44 
196 200 
44 220 
172 196 
208 192 
256 48 
48 188 
204 228 
192 44 
208 232 
224 196 
628 48 
192 212 
220 216 
216 204 
208 48 
192 196 
208 236 
196 192 
212 44 
216 256 
188 192 
208 212 
212 48 
200 200 
204 236 
200 216 
232 240 
228 48 
192 212 
208 196 
220 196 
196 48 
192 216 
208 212 
192 192 
192 48 
220 212 
216 192 
204 308 
232 204 
232 48 
232 236 
204 228 
308 304 
196 52 
232 256 
336 280 
264 368 
260 48 
228 312 
212 284 
196 192 
196 212 
188 44 
232 196 
280 260 
232 220 
48 40 
204 192 
200 212 
324 296 
200 44 
196 196 
196 200 
236 188 
232 44 
232 200 
212 216 
248 232 
232 88 
232 44 
188 212 
196 212 
188 224 
256 536 
252 928 
384 48 
192 192 
348 208 
192 1244 
216 48 
204 380 
228 216 
244 240 
204 44 
200 196 
192 232 
196 244 
44 48 
228 216 
544 204 
192 208 
224 44 
216 200 
324 192 
196 192 
208 44 
192 196 
208 220 
212 216 
204 200 
208 44 
228 196 
224 196 
192 224 
192 40 
228 200 
208 192 
196 208 
204 192 
224 52 
224 204 
212 236 
224 212 
188 48 
224 196 
216 188 
192 232 
228 44 
204 216 
188 228 
200 40 
300 48 
232 192 
216 212 
200 192 
40 48 
212 224 
312 276 
232 192 
188 44 
328 196 
232 232 
192 220 
224 44 
236 328 
192 192 
212 224 
188 44 
192 196 
232 232 
328 364 
336 52 
196 200 
224 208 
196 256 
224 100 
236 44 
208 280 
212 208 
188 216 
204 44 
236 192 
332 196 
252 252 
212 48 
496 252 
208 212 
228 280 
212 48 
196 196 
236 516 
204 204 
44 44 
200 236 
196 204 
244 228 
196 48 
192 236 
208 208 
244 304 
200 192 
196 52 
196 192 
264 296 
188 40 
188 216 
200 196 
188 192 
192 192 
196 44 
200 240 
188 192 
260 236 
272 52 
232 196 
264 188 
204 236 
212 52 
220 316 
260 196 
228 188 
232 228 
212 52 
192 200 
188 208 
192 232 
48 44 
216 212 
288 240 
200 196 
200 196 
188 48 
268 200 
192 212 
200 196 
192 44 
196 248 
232 256 
248 220 
208 44 
192 188 
260 216 
208 212 
200 48 
204 216 
208 224 
264 212 
200 52 
264 200 
220 224 
188 208 
192 48 
228 196 
196 196 
188 244 
44 52 
196 196 
196 192 
196 44 
212 200 
208 192 
212 232 
188 280 
200 48 
200 204 
204 192 
188 192 
260 48 
232 52 
212 188 
192 284 
312 200 
220 40 
320 260 
1864 196 
200 232 
200 196 
232 44 
240 244 
208 216 
208 232 
204 48 
196 1936 
384 196 
328 208 
192 48 
232 192 
300 296 
188 40 
252 196 
312 192 
232 248 
212 252 
196 48 
232 232 
204 232 
208 124 
44 52 
196 200 
188 196 
192 200 
196 48 
604 224 
204 192 
304 192 
208 48 
196 192 
228 216 
232 204 
228 44 
1996 52 
820 200 
192 196 
192 44 
220 192 
1252 220 
200 232 
192 48 
196 196 
200 200 
208 640 
200 44 
188 224 
192 260 
188 188 
192 260 
196 48 
192 228 
192 220 
200 196 
292 48 
232 236 
232 260 
260 344 
48 44 
320 212 
228 208 
256 228 
412 280 
188 212 
252 204 
220 216 
196 340 
192 292 
192 216 
268 388 
196 196 
192 200 
216 196 
264 196 
204 1108 
188 256 
224 300 
192 196 
232 200 
212 236 
200 208 
204 216 
192 192 
200 208 
228 240 
200 220 
236 220 
208 208 
200 268 
216 196 
324 200 
192 196 
196 204 
360 228 
192 200 
188 216 
268 196 
188 200 
212 188 
192 216 
200 196 
224 200 
200 200 
216 200 
224 192 
232 204 
1244 204 
188 200 
216 196 
208 188 
208 196 
196 212 
224 216 
256 196 
208 208 
204 48 
196 196 
316 196 
192 188 
196 192 
196 236 
532 192 
192 196 
568 212 
196 192 
192 196 
192 196 
200 204 
188 244 
208 192 
192 196 
192 224 
228 200 
196 208 
220 192 
192 220 
196 204 
196 232 
192 244 
324 600 
260 320 
260 280 
260 272 
192 220 
256 256 
216 200 
192 220 
212 236 
248 192 
196 196 
192 200 
240 228 
208 312 
228 192 
316 368 
256 212 
196 212 
220 216 
224 196 
200 212 
236 192 
192 200 
260 244 
196 224 
204 204 
296 260 
208 196 
188 192 
196 212 
212 196 
192 200 
196 196 
224 200 
188 196 
200 200 
204 196 
196 196 
1188 192 
224 200 
188 204 
192 216 
216 256 
256 232 
240 192 
276 240 
256 236 
220 268 
228 284 
296 196 
200 204 
196 200 
244 236 
192 268 
192 232 
236 244 
232 264 
200 212 
192 192 
240 192 
244 200 
192 196 
200 232 
196 220 
192 224 
192 192 
204 200 
204 196 
336 192 
212 200 
212 192 
196 224 
212 196 
240 192 
352 248 
192 216 
208 1672 
216 208 
208 228 
252 200 
192 212 
352 224 
228 188 
320 288 
252 272 
196 220 
292 192 
240 260 
280 256 
192 260 
224 268 
324 200 
196 260 
208 192 
284 256 
224 712 
196 220 
240 376 
212 208 
192 204 
220 204 
216 196 
224 308 
288 192 
288 232 
192 204 
228 196 
200 196 
192 192 
184 196 
216 208 
212 260 
192 204 
204 196 
200 208 
192 224 
192 208 
224 200 
192 232 
208 204 
192 192 
192 188 
292 248 
188 192 
204 360 
196 220 
188 192 
264 248 
208 232 
232 204 
220 196 
272 296 
256 248 
372 260 
192 200 
256 252 
248 328 
276 260 
232 320 
228 312 
248 328 
224 200 
240 216 
204 220 
196 192 
212 192 
188 192 
200 284 
236 204 
1088 240 
220 240 
188 224 
192 204 
192 248 
192 260 
196 192 
212 264 
212 256 
240 256 
228 340 
268 276 
324 344 
192 208 
328 304 
244 192 
244 188 
212 236 
252 200 
224 248 
200 212 
224 192 
216 224 
188 256 
220 248 
236 200 
196 368 
192 216 
252 236 
192 240 
236 196 
212 232 
188 536 
196 33512 
0 0 
0 0 
0 0 
0 0 
0 0 
0 0 
232 236 
200 788 
224 268 
208 232 
212 196 
188 192 
192 200 
216 200 
208 224 
200 196 
244 188 
192 232 
188 240 
228 216 
188 192 
324 232 
264 252 
364 228 
252 256 
236 236 
196 208 
284 200 
212 192 
192 196 
192 232 
244 204 
200 232 
204 196 
204 192 
188 192 
192 236 
212 216 
216 200 
208 192 
208 188 
192 208 
188 188 
208 200 
196 204 
188 204 
288 244 
228 228 
192 280 
300 244 
208 232 
240 232 
188 204 
228 304 
224 192 
196 200 
252 288 
260 232 
296 280 
260 244 
248 308 
284 324 
264 244 
196 308 
240 228 
196 204 
392 200 
220 252 
220 192 
224 284 
228 232 
280 256 
200 228 
188 196 
192 220 
372 200 
328 236 
232 212 
256 236 
256 192 
260 244 
276 244 
264 308 
248 236 
612 344 
224 196 
196 304 
252 332 
196 264 
216 256 
268 248 
204 196 
240 232 
240 556 
248 196 
196 192 
196 248 
252 256 
292 284 
200 224 
220 200 
192 264 
192 208 
200 192 
228 264 
244 192 
196 196 
200 204 
204 200 
276 268 
300 200 
188 200 
236 256 
216 192 
284 232 
236 240 
196 192 
188 212 
228 232 
184 244 
192 220 
192 208 
208 188 
200 192 
216 236 
228 212 
232 288 
196 212 
208 188 
204 208 
220 216 
236 240 
280 236 
324 232 
196 252 
208 204 
216 240 
260 264 
392 760 
312 332 
196 240 
268 248 
332 352 
308 236 
200 468 
192 192 
236 240 
232 232 
244 300 
392 348 
268 288 
284 256 
344 224 
188 196 
188 192 
212 192 
192 200 
192 200 
196 228 
236 208 
196 228 
212 192 
224 252 
264 300 
216 228 
192 224 
228 244 
208 196 
192 260 
324 284 
192 260 
232 232 
260 196 
192 248 
192 192 
192 200 
200 208 
304 196 
196 196 
628 356 
264 232 
228 216 
272 348 
264 280 
228 200 
224 192 
260 200 
272 296 
216 556 
812 200 
192 216 
212 200 
192 192 
188 192 
196 256 
224 192 
208 204 
200 212 
216 212 
184 220 
188 196 
192 188 
196 244 
184 192 
192 192 
208 200 
192 196 
208 200 
224 220 
188 192 
208 200 
220 188 
200 192 
196 196 
672 640 
216 200 
188 268 
196 208 
188 196 
196 208 
192 192 
192 208 
188 188 
188 192 
232 220 
268 288 
324 280 
228 272 
272 248 
244 192 
196 208 
188 192 
204 196 
244 228 
256 228 
236 212 
196 212 
196 208 
296 356 
200 272 
196 208 
196 192 
192 228 
232 240 
228 204 
212 192 
192 204 
192 212 
188 200 
200 324 
188 268 
296 208 
240 252 
264 212 
188 192 
220 188 
208 200 
196 196 
208 192 
244 196 
252 204 
260 240 
232 236 
384 324 
232 256 
452 248 
200 204 
208 200 
236 200 
200 196 
192 212 
200 192 
200 196 
200 196 
692 200 
220 200 
228 196 
192 192 
292 196 
196 196 
192 196 
208 196 
204 208 
192 584 
188 196 
192 256 
196 188 
200 228 
232 204 
212 256 
252 192 
192 216 
196 808 
196 192 
