# ./FR-trace starting at Wed Mar 18 17:35:19 2020
################# CONFIG #################
# slot=5000
# samples=10000
# threshold=100
# idle=500
# minlen=500
# runs=10000
# pdathreads=2
# nmonitored=2
#   monitor0=../apps/openssl ecp_smpl.c:933 0x1e3d58
#   monitor1=../apps/openssl ecp_smpl.c:940 0x1e39f3
# nevicted=0
# npdatargets=2
#   target0=../apps/openssl bn_lib.c:514 0x102f79
#   target1=../apps/openssl bn_lib.c:543 0x102fe5
# affinity=0
############## SYSTEM INFO ###############
# mastik_version=0.02
# sysname=Linux
# nodename=lovelace
# release=5.3.7-arch1-1-ARCH
# version=#1 SMP PREEMPT Fri Oct 18 00:17:03 UTC 2019
# machine=x86_64
################## DATA ##################
# run=7320
# datapoints=1552
48 44 
248 240 
40 44 
44 44 
40 44 
228 232 
236 236 
232 232 
232 196 
188 232 
196 208 
188 236 
276 236 
192 236 
232 232 
228 192 
232 208 
228 244 
228 228 
184 196 
236 240 
236 196 
44 40 
48 48 
44 52 
44 44 
40 48 
232 188 
196 240 
228 228 
228 232 
228 232 
236 232 
228 44 
188 236 
228 196 
232 684 
228 236 
228 44 
192 240 
236 228 
232 188 
232 232 
232 48 
236 192 
196 232 
228 196 
232 196 
228 228 
228 52 
232 244 
188 216 
232 200 
236 236 
232 236 
236 236 
228 48 
192 236 
236 196 
228 192 
224 232 
228 44 
236 240 
212 236 
232 196 
208 228 
208 44 
192 260 
208 192 
208 232 
228 228 
232 44 
228 236 
272 196 
208 228 
212 44 
208 232 
200 232 
208 192 
204 236 
212 44 
212 236 
228 192 
232 212 
232 204 
228 44 
232 212 
236 192 
228 204 
400 40 
192 220 
212 188 
212 232 
208 232 
204 232 
208 52 
192 196 
216 216 
636 280 
224 236 
228 44 
196 232 
236 240 
228 196 
228 232 
232 40 
228 236 
232 236 
228 188 
228 232 
228 44 
192 236 
236 240 
228 196 
228 240 
228 44 
220 240 
256 232 
232 192 
228 228 
236 56 
228 48 
236 228 
236 240 
232 232 
228 232 
228 232 
228 44 
228 232 
232 236 
244 196 
232 232 
228 44 
192 236 
232 196 
232 196 
228 232 
228 44 
232 236 
228 196 
232 236 
232 232 
228 44 
196 236 
232 196 
236 196 
228 232 
228 48 
248 232 
228 196 
232 196 
232 236 
228 48 
196 236 
232 236 
228 232 
236 44 
192 240 
216 192 
236 192 
228 232 
224 236 
216 48 
188 232 
224 204 
228 232 
228 236 
192 48 
228 220 
236 228 
236 236 
228 236 
228 44 
184 192 
228 192 
212 192 
228 208 
228 48 
192 236 
240 244 
232 236 
232 236 
224 40 
196 236 
432 196 
228 228 
232 232 
232 48 
196 232 
232 220 
232 196 
236 240 
232 52 
188 200 
228 196 
232 192 
232 232 
228 48 
196 236 
240 192 
228 232 
224 232 
232 44 
192 196 
236 188 
232 236 
232 232 
224 44 
196 224 
228 196 
228 192 
228 232 
228 40 
204 232 
204 240 
228 208 
224 216 
192 48 
192 212 
228 192 
208 228 
208 44 
204 240 
228 196 
240 216 
228 212 
228 48 
192 208 
208 192 
236 228 
228 212 
232 44 
204 236 
224 216 
208 212 
208 44 
212 200 
228 200 
192 236 
196 588 
196 148 
228 48 
196 236 
228 192 
228 232 
228 216 
228 44 
192 228 
232 192 
232 196 
232 236 
232 48 
196 232 
212 204 
224 196 
232 232 
228 44 
188 236 
228 196 
228 236 
232 228 
228 48 
196 212 
236 228 
232 196 
228 228 
232 44 
196 236 
240 196 
232 204 
200 232 
232 48 
228 232 
236 200 
228 232 
236 232 
236 232 
228 48 
220 240 
452 220 
232 212 
232 232 
224 44 
192 236 
228 192 
236 256 
228 244 
236 48 
196 216 
236 196 
232 256 
228 232 
232 44 
216 200 
236 236 
232 240 
232 240 
228 44 
196 224 
240 192 
232 204 
232 240 
236 48 
260 228 
236 236 
228 192 
232 240 
236 44 
232 248 
228 192 
228 192 
232 228 
232 52 
192 232 
228 188 
228 196 
228 236 
232 108 
240 44 
196 192 
240 192 
228 196 
236 236 
228 44 
236 236 
228 196 
228 200 
232 236 
228 40 
236 192 
220 196 
228 232 
236 192 
228 232 
228 52 
192 236 
236 256 
228 228 
228 232 
220 48 
240 196 
232 192 
236 236 
228 228 
232 232 
196 44 
236 200 
236 232 
208 236 
228 236 
228 44 
236 196 
232 192 
232 528 
228 232 
192 44 
188 232 
220 216 
232 232 
228 44 
228 232 
232 248 
228 192 
228 228 
228 48 
220 236 
236 216 
232 196 
224 236 
228 44 
192 200 
200 236 
228 192 
228 188 
236 48 
232 200 
236 236 
192 192 
216 192 
192 48 
192 236 
232 236 
224 232 
708 192 
192 48 
228 192 
232 208 
228 232 
228 124 
232 44 
236 196 
232 196 
228 192 
232 44 
188 192 
232 188 
228 232 
188 208 
216 44 
196 216 
232 212 
232 188 
212 228 
232 44 
228 240 
236 188 
232 196 
228 236 
228 48 
228 236 
236 240 
228 200 
232 240 
236 52 
196 236 
228 196 
228 192 
228 232 
232 44 
196 228 
232 196 
232 224 
232 228 
228 48 
236 192 
236 196 
236 228 
228 228 
228 40 
192 192 
228 188 
232 236 
236 196 
228 236 
232 48 
192 240 
236 196 
236 236 
228 228 
228 48 
248 232 
232 236 
236 196 
208 232 
236 48 
232 252 
192 200 
236 240 
232 196 
232 232 
232 40 
232 240 
208 200 
228 196 
232 236 
232 44 
236 196 
196 228 
228 192 
232 228 
260 232 
232 40 
236 196 
232 196 
240 240 
236 236 
228 48 
192 240 
232 196 
476 232 
224 232 
228 44 
196 236 
236 240 
236 240 
228 232 
232 48 
228 200 
700 192 
232 200 
228 232 
232 228 
232 48 
192 236 
236 196 
240 196 
228 236 
232 44 
196 232 
232 248 
228 236 
236 236 
228 228 
196 48 
232 240 
228 196 
228 232 
228 48 
196 236 
236 200 
236 244 
228 228 
228 44 
196 240 
232 216 
232 200 
228 232 
228 52 
196 236 
236 192 
228 200 
232 232 
228 48 
196 240 
236 236 
252 204 
228 232 
228 44 
192 236 
740 196 
236 196 
188 188 
188 44 
200 196 
196 192 
184 724 
200 236 
196 48 
212 240 
216 192 
236 200 
228 188 
228 48 
192 192 
220 220 
228 236 
228 236 
192 44 
192 204 
188 228 
188 204 
184 208 
196 44 
228 200 
196 240 
228 200 
188 520 
208 44 
232 200 
236 192 
232 228 
228 228 
232 48 
188 196 
236 204 
288 236 
228 212 
232 44 
196 236 
236 192 
228 192 
228 228 
228 44 
192 236 
516 196 
236 240 
228 228 
228 40 
220 232 
236 240 
228 200 
228 228 
232 44 
196 200 
228 196 
240 232 
228 236 
228 48 
188 236 
236 236 
228 200 
228 232 
236 100 
232 40 
196 192 
236 236 
232 196 
228 232 
228 48 
232 240 
232 184 
240 200 
236 232 
236 48 
192 236 
240 200 
228 232 
228 216 
236 236 
232 48 
192 220 
228 212 
228 228 
232 232 
228 48 
196 240 
232 200 
232 232 
232 232 
232 44 
196 224 
236 192 
236 224 
228 236 
228 44 
192 240 
236 200 
232 236 
228 228 
236 48 
196 228 
228 196 
236 224 
232 232 
208 44 
228 240 
228 236 
236 236 
224 228 
228 44 
232 232 
232 228 
232 216 
208 228 
228 44 
196 240 
236 232 
224 196 
228 232 
228 48 
196 220 
196 236 
216 220 
228 232 
232 232 
188 48 
192 184 
236 200 
236 232 
228 232 
272 48 
192 204 
192 236 
236 244 
228 232 
228 44 
196 192 
232 196 
248 236 
532 228 
232 228 
232 48 
188 192 
236 196 
228 232 
228 232 
236 44 
192 236 
196 200 
232 192 
232 200 
228 44 
184 236 
200 196 
196 232 
240 240 
232 192 
232 44 
192 196 
188 240 
236 240 
228 228 
196 44 
224 196 
188 192 
188 196 
192 232 
232 44 
232 192 
228 192 
232 196 
232 196 
232 44 
188 216 
244 204 
240 192 
236 232 
200 48 
224 232 
192 188 
192 232 
212 232 
228 228 
232 44 
196 236 
236 192 
232 232 
228 232 
228 44 
192 240 
236 224 
224 232 
232 232 
232 232 
228 48 
196 244 
232 192 
232 248 
232 232 
204 48 
220 240 
232 244 
228 196 
228 228 
228 164 
188 48 
192 200 
232 232 
208 520 
228 232 
232 48 
236 236 
236 216 
232 196 
232 228 
228 52 
192 228 
192 216 
232 192 
232 236 
232 236 
232 44 
232 236 
232 244 
236 236 
304 236 
228 48 
232 204 
232 192 
232 196 
228 232 
228 44 
232 192 
232 192 
536 192 
232 232 
232 48 
192 232 
236 240 
240 236 
236 228 
228 44 
192 236 
236 240 
240 196 
232 232 
228 44 
196 236 
232 192 
284 196 
236 236 
228 48 
196 236 
236 188 
236 224 
228 228 
228 44 
224 228 
236 240 
232 196 
228 228 
228 40 
192 192 
232 192 
228 232 
228 232 
228 236 
236 44 
236 240 
228 196 
236 224 
232 236 
228 44 
188 228 
236 236 
228 232 
232 232 
232 48 
228 236 
232 204 
228 228 
228 232 
228 232 
192 48 
244 236 
236 244 
228 232 
228 44 
188 240 
228 192 
232 240 
228 232 
232 236 
228 48 
208 232 
236 228 
228 200 
236 236 
228 40 
236 196 
196 192 
200 232 
220 40 
208 200 
192 200 
232 188 
228 232 
228 232 
228 44 
228 188 
232 188 
524 232 
216 196 
228 44 
236 192 
196 228 
228 228 
212 228 
228 40 
192 200 
232 196 
212 192 
232 212 
192 44 
232 192 
228 216 
208 224 
208 244 
212 48 
200 236 
208 188 
228 232 
208 48 
228 228 
236 208 
228 232 
228 232 
232 44 
196 240 
232 192 
236 256 
228 232 
228 48 
196 232 
232 192 
232 196 
228 228 
228 44 
188 196 
228 188 
228 192 
188 224 
216 48 
192 192 
232 192 
228 52 
224 228 
196 196 
236 196 
236 240 
228 228 
228 44 
188 232 
232 228 
236 220 
232 236 
232 48 
192 240 
232 196 
232 188 
232 228 
228 44 
228 232 
236 252 
256 196 
228 236 
232 44 
196 236 
236 236 
232 204 
232 236 
228 44 
196 236 
236 192 
232 196 
228 232 
228 232 
232 40 
228 196 
212 192 
228 196 
228 232 
228 44 
228 236 
236 232 
228 192 
232 232 
232 48 
220 232 
236 224 
228 192 
228 228 
236 48 
212 192 
232 236 
232 240 
228 232 
236 44 
192 224 
232 240 
232 208 
224 232 
228 44 
188 200 
204 240 
328 236 
232 208 
232 44 
196 236 
236 192 
236 236 
224 228 
232 44 
236 192 
680 232 
228 480 
228 244 
236 232 
220 48 
636 232 
236 440 
232 232 
232 232 
232 44 
196 240 
236 224 
228 232 
232 236 
228 48 
188 196 
228 188 
236 236 
228 696 
228 40 
228 232 
232 236 
232 200 
232 196 
208 232 
208 48 
188 196 
196 236 
232 192 
228 220 
228 44 
232 232 
212 188 
212 212 
216 232 
228 44 
188 220 
228 196 
232 236 
228 44 
196 220 
236 204 
212 192 
204 232 
208 44 
212 236 
216 196 
224 232 
232 48 
232 200 
232 216 
248 196 
208 236 
212 44 
192 232 
212 196 
208 520 
208 232 
208 48 
224 228 
216 252 
232 196 
208 228 
188 232 
224 236 
368 228 
192 216 
308 232 
224 332 
204 208 
228 192 
236 240 
192 228 
232 236 
188 196 
220 240 
236 200 
568 196 
212 216 
232 192 
196 240 
232 236 
192 196 
232 192 
232 196 
232 196 
348 236 
232 200 
224 192 
236 192 
232 228 
224 228 
228 232 
236 232 
228 232 
592 236 
232 232 
228 236 
232 192 
236 192 
228 236 
228 228 
224 232 
232 196 
236 196 
232 240 
232 192 
240 48 
236 196 
228 200 
232 204 
236 200 
224 196 
236 676 
192 212 
228 240 
236 236 
236 232 
236 192 
232 192 
228 196 
236 192 
188 216 
228 232 
228 232 
228 236 
224 232 
228 232 
228 232 
228 228 
228 228 
228 232 
228 228 
196 240 
228 196 
228 192 
228 188 
232 232 
232 200 
232 216 
192 236 
208 208 
228 232 
220 212 
232 232 
228 232 
208 212 
232 192 
196 192 
236 228 
232 196 
232 228 
192 232 
192 232 
208 188 
208 232 
228 232 
232 232 
228 224 
236 236 
228 236 
236 232 
232 232 
232 228 
212 208 
228 228 
232 240 
232 232 
228 236 
220 212 
232 236 
228 236 
228 200 
208 216 
188 232 
232 240 
232 228 
192 208 
0 0 
0 0 
0 0 
344 232 
232 208 
208 228 
212 232 
208 212 
208 228 
212 224 
208 232 
204 232 
592 204 
216 232 
208 232 
232 236 
236 192 
236 236 
228 232 
228 212 
228 232 
228 232 
532 232 
192 216 
188 188 
228 188 
192 204 
224 200 
228 192 
208 228 
228 192 
208 216 
228 232 
228 228 
228 244 
228 192 
228 232 
232 240 
228 232 
228 232 
232 232 
228 232 
228 232 
228 228 
232 232 
228 228 
232 232 
228 232 
232 236 
232 232 
228 232 
232 232 
228 228 
228 228 
228 228 
228 236 
232 232 
228 236 
228 236 
232 228 
228 240 
228 236 
232 240 
224 232 
228 232 
228 232 
232 236 
228 232 
236 188 
224 216 
228 232 
208 208 
212 208 
212 216 
228 208 
228 232 
228 232 
196 232 
196 192 
228 236 
212 332 
228 212 
228 228 
204 236 
208 192 
208 232 
232 212 
196 196 
228 256 
236 216 
228 204 
228 232 
232 236 
228 232 
232 232 
228 236 
208 212 
196 236 
208 728 
228 208 
232 204 
200 232 
192 188 
208 244 
228 228 
232 232 
188 236 
228 592 
228 208 
208 228 
208 228 
196 220 
232 232 
188 192 
212 236 
228 228 
232 232 
236 232 
228 192 
232 236 
228 188 
228 232 
228 216 
228 200 
208 232 
188 228 
228 228 
188 192 
188 228 
208 216 
232 232 
228 212 
220 208 
196 232 
188 232 
216 208 
308 232 
232 240 
228 232 
232 236 
228 232 
232 232 
228 232 
228 232 
228 228 
232 236 
208 312 
228 212 
228 232 
208 232 
212 200 
200 196 
188 200 
188 192 
188 196 
208 232 
236 192 
200 200 
236 192 
200 192 
192 192 
188 224 
192 232 
188 228 
192 188 
228 196 
196 232 
196 196 
188 232 
192 224 
200 200 
244 188 
196 228 
324 232 
256 192 
404 196 
220 236 
232 228 
208 224 
212 232 
200 240 
280 236 
232 240 
212 196 
208 212 
188 208 
192 212 
232 232 
228 232 
236 236 
236 236 
324 212 
228 228 
220 232 
228 208 
228 236 
228 240 
232 232 
228 212 
188 200 
196 240 
228 232 
208 228 
232 232 
192 196 
188 232 
208 212 
188 212 
228 260 
200 192 
228 232 
228 228 
208 232 
232 232 
228 232 
228 232 
236 216 
228 232 
228 236 
228 264 
228 232 
232 228 
228 232 
228 208 
232 208 
228 232 
188 232 
188 232 
188 244 
192 232 
228 232 
228 244 
192 232 
196 216 
208 188 
208 232 
196 188 
212 216 
212 232 
232 236 
236 228 
228 232 
228 228 
228 240 
228 228 
200 232 
196 196 
232 236 
232 232 
188 236 
236 232 
232 240 
476 232 
232 228 
232 236 
236 236 
232 240 
232 228 
232 200 
216 232 
232 236 
228 232 
208 232 
228 228 
236 236 
232 228 
208 236 
228 232 
224 228 
200 212 
224 228 
208 212 
228 232 
228 232 
236 240 
232 236 
232 232 
228 236 
236 216 
272 232 
228 216 
232 212 
188 240 
336 228 
232 236 
216 192 
232 244 
228 232 
448 228 
232 212 
224 232 
348 204 
232 232 
232 232 
228 236 
228 228 
228 228 
704 228 
228 228 
228 228 
228 232 
232 232 
228 244 
216 232 
228 228 
228 228 
228 532 
220 204 
184 212 
224 228 
228 232 
188 208 
228 188 
192 232 
236 192 
232 192 
204 212 
232 240 
196 196 
224 228 
228 232 
236 236 
208 188 
216 208 
208 196 
208 208 
232 232 
228 232 
232 228 
228 228 
188 188 
188 232 
224 232 
224 232 
188 208 
228 208 
228 232 
228 232 
296 228 
208 188 
236 212 
188 212 
188 228 
208 236 
208 232 
228 232 
228 192 
228 228 
212 228 
236 232 
228 236 
192 232 
204 232 
220 188 
208 212 
228 228 
224 212 
192 232 
236 236 
196 232 
236 236 
224 232 
228 192 
228 236 
228 232 
228 228 
188 232 
228 192 
188 192 
188 208 
192 228 
232 328 
188 208 
232 236 
212 232 
228 208 
196 192 
232 232 
232 236 
232 232 
228 236 
228 232 
228 236 
468 288 
208 196 
228 232 
228 228 
228 232 
232 240 
228 228 
228 236 
228 232 
216 228 
224 192 
236 236 
196 196 
232 192 
228 208 
212 228 
216 228 
232 232 
208 604 
228 228 
232 196 
232 232 
208 236 
192 236 
232 232 
228 236 
228 236 
228 232 
232 240 
232 232 
228 232 
236 192 
232 232 
232 236 
228 228 
228 232 
236 232 
212 208 
208 232 
228 232 
236 232 
228 236 
228 212 
228 228 
208 232 
216 232 
224 232 
