# ./FR-trace starting at Wed Mar 18 16:41:20 2020
################# CONFIG #################
# slot=5000
# samples=10000
# threshold=100
# idle=500
# minlen=500
# runs=10000
# pdathreads=2
# nmonitored=2
#   monitor0=../apps/openssl ecp_smpl.c:933 0x1e3d58
#   monitor1=../apps/openssl ecp_smpl.c:940 0x1e39f3
# nevicted=0
# npdatargets=2
#   target0=../apps/openssl bn_lib.c:514 0x102f79
#   target1=../apps/openssl bn_lib.c:543 0x102fe5
# affinity=0
############## SYSTEM INFO ###############
# mastik_version=0.02
# sysname=Linux
# nodename=lovelace
# release=5.3.7-arch1-1-ARCH
# version=#1 SMP PREEMPT Fri Oct 18 00:17:03 UTC 2019
# machine=x86_64
################## DATA ##################
# run=4325
# datapoints=1059
40 212 
44 72 
44 48 
208 212 
228 176 
232 240 
228 240 
188 48 
48 48 
184 228 
188 220 
188 200 
44 52 
212 236 
228 236 
196 44 
236 236 
204 208 
44 44 
208 232 
484 188 
232 44 
236 232 
228 208 
216 44 
232 192 
44 40 
224 188 
232 192 
708 48 
208 204 
208 220 
232 48 
228 192 
228 232 
44 44 
228 232 
228 228 
196 48 
228 232 
232 240 
232 44 
188 228 
188 48 
208 40 
236 208 
208 44 
236 240 
228 232 
528 44 
192 232 
216 232 
232 44 
228 232 
236 140 
228 44 
208 232 
188 40 
232 220 
188 212 
228 44 
196 212 
212 120 
212 44 
228 228 
228 48 
804 224 
192 192 
224 44 
184 196 
228 232 
228 48 
232 232 
208 236 
196 48 
228 208 
232 208 
228 40 
228 232 
232 44 
220 192 
228 208 
228 48 
224 228 
220 192 
192 44 
232 228 
188 208 
208 48 
204 240 
232 232 
208 44 
232 196 
236 48 
228 232 
188 228 
228 44 
232 228 
228 208 
396 44 
228 208 
228 232 
212 52 
232 212 
148 44 
228 236 
204 196 
228 40 
228 208 
208 232 
228 44 
232 232 
228 232 
232 48 
228 232 
228 236 
224 44 
232 232 
188 44 
48 40 
228 236 
196 44 
188 228 
208 232 
732 48 
224 232 
228 228 
216 44 
228 212 
204 228 
236 48 
228 228 
192 232 
352 48 
208 192 
236 208 
232 44 
204 212 
232 232 
212 48 
228 232 
232 48 
228 236 
232 212 
184 48 
208 240 
228 152 
228 48 
188 228 
232 232 
288 48 
228 192 
188 232 
228 48 
236 228 
228 228 
208 44 
208 232 
232 44 
228 212 
228 228 
232 44 
228 208 
228 188 
228 44 
208 236 
232 48 
228 48 
232 232 
208 48 
204 216 
228 236 
236 48 
228 228 
232 232 
212 48 
212 232 
228 236 
228 52 
228 240 
232 256 
228 44 
228 232 
236 40 
228 204 
228 208 
232 44 
204 236 
192 212 
224 44 
232 200 
208 232 
224 44 
208 212 
208 44 
228 236 
228 236 
228 44 
228 232 
228 212 
232 44 
228 204 
228 252 
212 48 
204 208 
208 48 
228 232 
228 236 
212 48 
188 228 
188 216 
228 44 
208 232 
216 232 
200 48 
196 232 
228 196 
224 44 
192 232 
744 188 
40 44 
196 236 
236 228 
188 44 
228 232 
228 40 
208 208 
208 188 
228 44 
188 232 
228 236 
44 44 
188 192 
728 172 
228 44 
228 228 
228 232 
188 44 
236 236 
208 44 
44 44 
208 228 
228 44 
228 236 
208 232 
232 48 
228 232 
224 196 
232 48 
196 232 
228 44 
552 340 
204 228 
232 48 
232 244 
232 212 
44 44 
188 232 
216 216 
224 44 
228 188 
236 196 
196 44 
192 192 
232 200 
236 48 
232 232 
228 48 
192 208 
228 292 
188 48 
228 192 
228 228 
236 48 
196 188 
188 228 
188 44 
188 208 
236 252 
208 44 
192 232 
228 48 
204 44 
228 216 
228 44 
224 228 
228 232 
236 48 
208 212 
236 208 
40 44 
232 196 
212 232 
212 48 
208 192 
204 236 
320 40 
236 212 
232 40 
232 192 
188 224 
772 44 
232 232 
232 232 
228 44 
228 416 
208 196 
264 48 
188 232 
44 48 
208 212 
228 208 
228 44 
188 232 
228 400 
40 44 
228 208 
228 208 
232 48 
228 212 
232 188 
188 44 
208 232 
228 44 
228 232 
224 212 
44 44 
216 236 
228 192 
236 40 
216 232 
232 192 
228 44 
216 220 
208 44 
228 44 
220 228 
236 44 
232 232 
208 228 
228 44 
228 228 
208 208 
192 44 
208 208 
204 232 
44 48 
204 192 
228 164 
228 44 
204 200 
212 40 
196 188 
208 228 
220 40 
228 200 
208 216 
236 44 
208 228 
236 44 
228 232 
228 240 
228 40 
228 208 
236 208 
208 48 
236 220 
224 228 
200 48 
232 232 
236 236 
224 44 
232 208 
212 44 
300 208 
228 236 
228 48 
228 228 
232 212 
236 48 
208 196 
228 196 
332 44 
228 204 
188 40 
272 44 
228 232 
232 192 
188 40 
228 204 
232 192 
192 44 
188 208 
40 48 
208 232 
228 232 
232 44 
236 212 
184 228 
188 44 
232 232 
192 232 
188 40 
232 208 
188 44 
196 192 
204 228 
228 44 
208 188 
208 228 
232 44 
196 232 
196 232 
44 44 
212 228 
232 44 
188 40 
232 236 
232 48 
232 228 
232 228 
236 52 
232 240 
208 208 
188 52 
192 192 
232 48 
232 44 
232 248 
228 44 
228 236 
232 232 
236 48 
204 232 
232 232 
212 44 
232 232 
232 48 
540 228 
208 228 
232 48 
228 700 
228 232 
236 44 
232 208 
256 280 
192 44 
228 228 
228 228 
232 48 
376 204 
228 52 
192 228 
228 212 
192 44 
192 220 
184 228 
228 48 
228 236 
228 44 
188 44 
232 232 
188 44 
236 236 
228 232 
232 44 
236 232 
232 204 
192 48 
188 196 
192 216 
236 48 
232 196 
208 44 
188 232 
232 236 
200 44 
544 236 
228 216 
208 48 
196 212 
224 236 
228 44 
232 204 
228 44 
228 236 
192 236 
228 44 
188 208 
228 192 
228 44 
228 212 
228 40 
188 40 
188 236 
604 48 
232 228 
232 188 
232 44 
216 232 
228 208 
232 44 
236 872 
208 44 
228 208 
184 232 
192 44 
232 232 
228 232 
232 44 
216 192 
188 48 
232 192 
228 700 
228 40 
208 228 
260 228 
232 44 
228 232 
208 44 
208 228 
228 228 
224 48 
200 192 
204 228 
192 48 
216 192 
232 48 
224 232 
208 232 
44 48 
228 208 
228 40 
208 216 
208 208 
228 48 
188 188 
216 44 
236 44 
204 228 
228 44 
220 232 
312 196 
228 236 
228 232 
188 196 
188 192 
576 188 
188 188 
184 320 
192 196 
236 200 
232 192 
188 192 
236 576 
208 200 
228 232 
192 236 
224 44 
228 216 
192 236 
208 192 
232 192 
196 656 
192 196 
228 204 
232 232 
188 240 
276 236 
228 188 
228 232 
188 204 
228 196 
192 212 
232 236 
192 188 
192 228 
228 192 
208 208 
248 204 
192 188 
188 196 
228 208 
188 188 
232 192 
192 232 
1132 228 
184 192 
228 192 
228 204 
660 232 
228 192 
192 228 
228 228 
252 192 
196 152 
228 232 
188 232 
232 236 
248 452 
208 232 
228 236 
188 232 
188 232 
236 192 
228 212 
212 196 
228 248 
188 192 
232 212 
228 232 
228 236 
236 232 
212 220 
228 236 
232 232 
196 228 
228 260 
232 232 
200 332 
232 212 
208 196 
196 216 
232 232 
204 192 
228 232 
228 232 
192 212 
208 192 
228 208 
232 232 
272 252 
248 232 
228 212 
188 196 
228 212 
188 196 
228 232 
228 232 
208 224 
560 232 
208 220 
192 232 
228 208 
228 208 
204 236 
228 236 
208 312 
216 232 
208 212 
228 232 
196 216 
236 236 
228 232 
228 208 
188 216 
244 228 
208 232 
204 212 
212 236 
228 232 
200 188 
192 196 
228 232 
192 216 
276 240 
228 232 
216 216 
228 200 
228 200 
196 1100 
192 200 
232 232 
228 228 
204 232 
228 228 
208 192 
228 200 
188 208 
196 236 
212 228 
228 212 
196 236 
192 196 
228 212 
196 192 
188 232 
228 212 
224 232 
184 208 
188 236 
228 236 
228 228 
236 228 
236 236 
232 188 
192 192 
196 196 
188 228 
224 192 
208 204 
216 232 
232 236 
1036 236 
232 236 
228 232 
236 1172 
212 188 
596 196 
240 212 
228 228 
236 232 
204 232 
236 208 
228 236 
232 240 
228 208 
208 380 
196 212 
228 228 
212 212 
212 236 
196 212 
208 320 
200 192 
196 232 
208 212 
228 228 
228 252 
228 188 
188 192 
228 212 
208 216 
188 216 
192 192 
232 224 
188 228 
728 192 
228 216 
208 200 
204 212 
236 188 
212 192 
220 224 
196 188 
208 228 
196 228 
232 208 
208 208 
232 236 
208 208 
228 232 
192 208 
220 196 
232 824 
212 228 
208 196 
232 192 
188 212 
228 192 
208 232 
208 200 
204 232 
200 212 
212 232 
228 224 
212 192 
232 188 
196 192 
208 212 
228 208 
392 228 
192 196 
232 232 
208 280 
236 192 
204 208 
220 204 
188 192 
212 192 
188 188 
204 208 
208 232 
188 236 
228 208 
188 188 
228 192 
228 232 
228 228 
196 200 
232 236 
192 192 
192 192 
192 192 
188 228 
192 228 
192 192 
228 204 
192 192 
232 196 
200 192 
208 228 
212 232 
284 192 
204 236 
192 192 
228 196 
188 192 
208 188 
208 288 
232 232 
200 192 
188 208 
192 216 
188 196 
208 624 
188 208 
192 192 
196 224 
196 208 
196 200 
428 372 
188 200 
212 208 
192 200 
216 240 
188 344 
232 188 
248 192 
192 208 
208 204 
192 208 
216 192 
244 208 
208 192 
188 232 
232 196 
200 192 
188 232 
228 236 
228 192 
192 212 
188 248 
208 272 
188 276 
212 204 
228 288 
200 200 
228 188 
480 212 
192 192 
232 240 
192 208 
192 196 
212 236 
192 232 
240 208 
184 228 
212 200 
232 228 
204 228 
208 188 
216 192 
236 216 
188 216 
196 192 
236 192 
232 312 
212 208 
296 240 
188 236 
196 232 
232 232 
212 200 
820 236 
328 240 
232 196 
196 216 
200 192 
232 224 
188 212 
212 204 
208 188 
192 196 
192 236 
188 196 
224 336 
216 268 
204 240 
188 312 
192 196 
192 208 
192 200 
208 192 
188 204 
196 196 
188 224 
232 208 
188 236 
192 200 
220 196 
192 192 
192 260 
196 212 
196 196 
848 196 
216 212 
188 196 
544 212 
216 192 
232 236 
232 208 
228 192 
208 236 
228 196 
236 188 
208 232 
712 232 
196 668 
228 220 
232 224 
184 196 
192 228 
192 248 
196 192 
272 256 
208 236 
196 232 
268 248 
192 240 
228 196 
212 200 
232 208 
228 232 
196 228 
192 244 
208 192 
252 208 
184 212 
240 232 
212 236 
196 224 
196 232 
188 228 
208 208 
228 232 
232 236 
192 192 
188 196 
232 240 
192 220 
216 228 
188 192 
232 208 
228 232 
208 248 
204 312 
228 232 
232 236 
196 236 
208 232 
212 196 
224 220 
196 192 
208 232 
236 192 
228 232 
232 228 
232 240 
228 208 
228 228 
228 232 
380 336 
236 200 
216 236 
228 232 
208 208 
196 192 
188 232 
192 232 
232 236 
232 328 
232 216 
228 208 
228 228 
228 192 
188 200 
204 232 
232 228 
736 228 
228 232 
228 232 
228 232 
228 208 
236 232 
188 236 
188 208 
228 220 
196 236 
220 236 
228 236 
188 192 
232 192 
192 220 
232 236 
228 232 
224 236 
188 236 
232 228 
228 236 
204 192 
192 204 
204 228 
196 232 
228 192 
232 228 
188 256 
236 240 
232 192 
196 200 
204 236 
228 208 
224 228 
228 200 
192 232 
232 236 
208 212 
232 232 
188 192 
232 216 
232 232 
236 228 
188 240 
228 196 
228 232 
232 200 
228 232 
228 200 
228 232 
192 192 
220 228 
232 192 
232 228 
224 232 
288 196 
228 204 
184 188 
208 336 
208 232 
224 228 
188 192 
236 200 
188 232 
228 240 
188 208 
228 212 
216 188 
232 232 
228 208 
