# ./FR-trace starting at Wed Mar 18 16:49:52 2020
################# CONFIG #################
# slot=5000
# samples=10000
# threshold=100
# idle=500
# minlen=500
# runs=10000
# pdathreads=2
# nmonitored=2
#   monitor0=../apps/openssl ecp_smpl.c:933 0x1e3d58
#   monitor1=../apps/openssl ecp_smpl.c:940 0x1e39f3
# nevicted=0
# npdatargets=2
#   target0=../apps/openssl bn_lib.c:514 0x102f79
#   target1=../apps/openssl bn_lib.c:543 0x102fe5
# affinity=0
############## SYSTEM INFO ###############
# mastik_version=0.02
# sysname=Linux
# nodename=lovelace
# release=5.3.7-arch1-1-ARCH
# version=#1 SMP PREEMPT Fri Oct 18 00:17:03 UTC 2019
# machine=x86_64
################## DATA ##################
# run=4793
# datapoints=1004
44 44 
200 276 
256 216 
240 400 
440 216 
232 260 
40 40 
404 224 
200 424 
44 44 
636 236 
236 200 
192 40 
236 364 
240 232 
400 40 
240 236 
240 40 
268 240 
200 196 
188 48 
200 212 
192 48 
216 196 
196 196 
248 44 
220 240 
216 36 
232 208 
192 240 
400 40 
196 196 
220 44 
200 236 
192 216 
192 48 
240 196 
236 40 
200 256 
240 196 
204 40 
232 312 
196 32 
240 372 
220 40 
236 44 
196 220 
224 432 
228 224 
212 40 
196 196 
232 240 
404 40 
216 220 
196 40 
212 212 
232 192 
192 40 
236 196 
252 40 
224 292 
208 228 
216 40 
220 216 
248 240 
192 244 
212 44 
212 236 
680 200 
192 52 
236 236 
212 44 
220 196 
224 212 
196 44 
256 216 
408 36 
212 200 
192 40 
192 216 
224 260 
440 44 
200 200 
200 40 
240 240 
192 240 
192 40 
204 196 
192 36 
236 224 
196 44 
192 48 
228 196 
400 36 
204 240 
200 40 
236 232 
196 192 
444 44 
208 240 
200 44 
212 200 
212 236 
236 40 
236 200 
196 40 
196 208 
256 240 
204 40 
196 216 
196 40 
220 204 
208 148 
216 40 
240 240 
232 36 
240 236 
228 44 
240 228 
204 212 
232 40 
212 232 
216 40 
200 196 
232 84 
236 40 
212 196 
232 48 
196 236 
236 44 
216 216 
208 220 
200 44 
224 212 
420 40 
212 212 
356 40 
216 236 
196 232 
444 44 
232 204 
220 40 
200 220 
204 216 
240 44 
200 192 
280 40 
196 200 
200 196 
224 40 
240 200 
232 36 
224 216 
192 140 
200 40 
188 212 
444 36 
236 240 
208 40 
236 236 
200 192 
444 40 
240 236 
240 44 
236 216 
200 196 
196 36 
228 232 
196 44 
200 224 
216 212 
200 44 
244 232 
412 44 
208 204 
196 40 
196 220 
224 196 
416 40 
252 228 
196 44 
192 200 
220 232 
204 44 
228 200 
236 40 
196 196 
212 232 
200 40 
196 220 
196 424 
208 440 
192 44 
196 212 
212 216 
656 44 
196 224 
216 40 
212 236 
236 204 
192 36 
192 236 
204 44 
200 200 
192 148 
196 40 
200 204 
424 40 
216 200 
228 40 
244 240 
196 264 
188 44 
240 232 
200 44 
240 192 
236 196 
236 44 
236 196 
192 40 
196 236 
188 36 
196 196 
192 200 
236 36 
208 248 
308 44 
212 216 
196 256 
192 44 
192 208 
236 44 
236 200 
200 124 
228 40 
224 232 
440 40 
232 240 
200 52 
212 332 
192 232 
228 36 
236 232 
232 240 
224 216 
200 40 
236 232 
196 200 
200 44 
212 204 
244 40 
240 236 
192 204 
240 40 
252 200 
232 40 
200 196 
200 44 
428 240 
200 200 
228 36 
236 244 
296 32 
192 192 
192 52 
316 40 
192 212 
400 40 
236 216 
248 52 
240 204 
200 244 
240 36 
220 212 
208 40 
200 200 
192 216 
212 36 
244 236 
404 40 
204 196 
332 40 
212 196 
236 216 
196 40 
240 420 
200 44 
192 216 
188 192 
208 40 
204 236 
448 36 
232 208 
212 80 
212 48 
232 240 
428 36 
200 236 
188 44 
240 200 
200 200 
212 40 
200 224 
232 40 
196 220 
240 36 
204 200 
232 252 
460 44 
232 232 
192 44 
208 204 
196 204 
208 40 
244 200 
400 40 
232 240 
240 44 
192 192 
240 244 
192 44 
244 192 
212 44 
208 196 
200 216 
200 44 
192 196 
212 244 
208 200 
196 36 
192 232 
200 296 
232 40 
236 196 
232 44 
236 196 
220 236 
196 44 
228 196 
196 32 
236 228 
232 44 
232 248 
192 208 
192 36 
240 196 
240 240 
216 236 
200 40 
196 212 
200 236 
220 40 
236 212 
200 44 
220 212 
240 240 
212 40 
212 224 
236 40 
200 196 
232 40 
196 244 
196 184 
232 40 
208 216 
208 36 
192 212 
232 40 
204 44 
216 228 
212 40 
560 224 
208 40 
208 208 
228 232 
232 40 
244 252 
232 40 
220 220 
208 40 
236 408 
192 216 
232 40 
240 216 
236 48 
204 196 
508 48 
220 44 
244 224 
196 36 
232 236 
192 40 
192 200 
200 240 
404 36 
220 224 
192 40 
200 204 
240 200 
400 44 
200 200 
196 40 
192 236 
192 196 
196 40 
240 196 
236 44 
220 204 
204 160 
192 36 
240 232 
192 40 
716 192 
192 40 
228 236 
284 228 
236 40 
208 208 
236 36 
216 248 
216 192 
220 40 
196 236 
212 36 
216 216 
188 44 
232 332 
224 220 
232 40 
244 212 
200 44 
220 192 
212 216 
196 36 
232 244 
200 36 
232 228 
220 196 
216 40 
196 212 
296 40 
240 196 
192 196 
208 48 
192 236 
236 40 
216 208 
216 228 
236 36 
196 212 
200 40 
212 192 
192 44 
216 40 
204 236 
400 36 
232 236 
196 32 
236 224 
192 200 
232 40 
200 196 
348 36 
188 192 
192 160 
204 44 
240 212 
188 248 
196 188 
232 44 
188 40 
288 196 
192 196 
256 228 
192 240 
332 232 
268 276 
284 344 
228 232 
364 192 
236 232 
196 256 
280 232 
232 236 
188 232 
208 196 
224 224 
208 208 
212 244 
192 216 
228 216 
192 228 
212 236 
216 304 
240 236 
224 236 
188 224 
192 208 
216 192 
240 232 
232 232 
220 404 
232 196 
192 36 
196 196 
188 232 
212 196 
220 208 
296 220 
212 212 
240 248 
216 220 
216 216 
216 216 
216 240 
268 216 
236 236 
240 236 
212 240 
204 196 
416 448 
196 256 
192 200 
196 220 
196 244 
192 200 
468 192 
208 204 
188 188 
188 188 
192 196 
188 200 
192 192 
284 200 
324 228 
192 200 
220 196 
208 200 
220 196 
208 220 
240 244 
208 192 
212 204 
192 216 
240 192 
196 196 
236 192 
200 192 
728 212 
192 220 
216 232 
216 220 
324 240 
236 236 
188 236 
200 212 
216 196 
212 576 
236 224 
212 196 
232 252 
188 188 
212 192 
224 232 
224 236 
208 216 
236 236 
212 200 
208 192 
192 244 
192 256 
212 224 
212 236 
196 196 
196 216 
212 220 
204 196 
220 196 
232 236 
236 268 
256 236 
208 204 
200 192 
324 232 
280 236 
188 196 
272 208 
240 272 
196 196 
208 196 
188 192 
232 208 
192 256 
188 204 
228 220 
228 196 
352 200 
208 192 
196 192 
200 232 
236 200 
204 200 
212 188 
192 212 
292 204 
200 200 
220 208 
196 192 
192 196 
196 200 
196 232 
204 216 
304 192 
244 196 
192 224 
216 212 
196 196 
212 240 
196 208 
196 196 
384 196 
216 216 
192 196 
216 220 
216 216 
216 216 
192 212 
192 216 
188 224 
236 216 
220 216 
256 224 
220 244 
216 204 
216 556 
200 232 
196 228 
228 196 
408 248 
228 240 
236 240 
196 204 
212 232 
304 200 
196 244 
192 224 
232 196 
248 296 
200 200 
216 224 
216 204 
196 200 
204 316 
188 188 
200 192 
212 212 
200 280 
192 208 
200 192 
184 208 
192 192 
200 196 
216 212 
204 240 
196 196 
192 200 
232 192 
196 196 
232 228 
200 204 
196 192 
192 204 
204 244 
232 216 
192 220 
216 320 
212 200 
192 212 
196 196 
240 236 
212 192 
216 224 
332 232 
212 240 
196 216 
220 244 
328 236 
236 248 
244 196 
196 196 
212 236 
228 240 
188 196 
200 192 
232 424 
232 212 
192 200 
192 336 
216 196 
212 200 
220 236 
216 196 
204 236 
192 200 
216 200 
236 216 
216 192 
188 196 
208 204 
208 188 
192 200 
192 200 
188 192 
196 236 
232 304 
196 232 
208 280 
184 236 
248 304 
208 232 
184 240 
208 212 
220 224 
192 192 
240 200 
536 388 
240 256 
192 232 
328 192 
196 192 
196 212 
188 752 
200 232 
236 200 
196 204 
232 232 
188 208 
192 240 
220 196 
204 196 
236 216 
204 212 
220 240 
196 212 
192 220 
204 192 
256 408 
196 240 
212 196 
188 196 
280 224 
192 232 
280 232 
284 192 
208 256 
200 204 
208 192 
220 200 
196 236 
208 220 
192 192 
196 188 
204 192 
232 356 
284 228 
236 216 
200 324 
196 208 
236 192 
240 340 
348 196 
232 192 
196 224 
208 200 
204 196 
244 196 
248 200 
188 196 
188 260 
188 192 
296 196 
188 192 
208 216 
188 220 
244 196 
188 192 
488 488 
224 208 
228 192 
188 240 
204 196 
228 200 
208 208 
192 212 
228 228 
208 212 
216 192 
200 192 
260 212 
236 232 
252 264 
600 204 
228 232 
232 192 
196 232 
284 232 
236 192 
204 192 
204 252 
188 200 
208 320 
228 220 
192 220 
224 192 
192 188 
204 240 
224 208 
208 208 
208 212 
224 200 
212 332 
208 300 
244 240 
256 236 
240 236 
200 188 
188 192 
188 192 
252 256 
192 192 
184 236 
228 200 
188 208 
188 228 
224 188 
200 188 
192 216 
188 188 
196 236 
196 192 
192 192 
192 196 
192 228 
192 188 
212 208 
436 272 
208 192 
188 216 
200 188 
212 196 
188 192 
208 236 
204 204 
188 288 
196 224 
228 232 
208 196 
224 212 
228 236 
252 192 
228 228 
196 192 
228 192 
188 192 
188 288 
268 196 
208 192 
188 204 
192 228 
272 212 
188 192 
188 208 
220 188 
232 212 
220 196 
196 340 
208 232 
204 200 
316 316 
208 192 
196 208 
188 232 
192 224 
224 232 
232 208 
212 208 
224 228 
192 192 
220 216 
204 264 
188 208 
244 232 
228 236 
216 236 
260 312 
188 188 
248 236 
188 216 
192 232 
212 208 
192 232 
188 192 
220 192 
232 236 
212 192 
204 196 
192 188 
188 188 
188 192 
188 232 
192 192 
196 256 
236 192 
188 196 
208 192 
192 216 
188 192 
196 192 
192 196 
228 240 
232 216 
224 208 
228 192 
232 228 
232 240 
220 328 
232 280 
228 232 
256 208 
212 220 
200 204 
188 232 
188 388 
228 192 
208 240 
188 236 
312 208 
192 236 
192 200 
208 224 
192 220 
188 208 
228 196 
228 204 
228 228 
208 208 
196 216 
208 272 
220 232 
208 232 
228 212 
208 240 
212 228 
208 212 
228 220 
208 232 
224 208 
224 212 
204 232 
208 240 
192 208 
188 192 
252 188 
228 240 
228 228 
228 268 
232 228 
232 188 
228 200 
228 324 
216 192 
272 204 
192 232 
228 232 
232 188 
236 188 
228 216 
236 236 
228 236 
192 196 
192 192 
232 236 
196 216 
228 188 
208 228 
232 268 
216 212 
188 188 
228 192 
192 196 
188 220 
192 192 
188 204 
208 244 
208 224 
192 192 
208 192 
208 212 
204 208 
196 196 
208 232 
228 224 
208 224 
228 232 
