# ./FR-trace starting at Wed Mar 18 15:57:13 2020
################# CONFIG #################
# slot=5000
# samples=10000
# threshold=100
# idle=500
# minlen=500
# runs=10000
# pdathreads=2
# nmonitored=2
#   monitor0=../apps/openssl ecp_smpl.c:933 0x1e3d58
#   monitor1=../apps/openssl ecp_smpl.c:940 0x1e39f3
# nevicted=0
# npdatargets=2
#   target0=../apps/openssl bn_lib.c:514 0x102f79
#   target1=../apps/openssl bn_lib.c:543 0x102fe5
# affinity=0
############## SYSTEM INFO ###############
# mastik_version=0.02
# sysname=Linux
# nodename=lovelace
# release=5.3.7-arch1-1-ARCH
# version=#1 SMP PREEMPT Fri Oct 18 00:17:03 UTC 2019
# machine=x86_64
################## DATA ##################
# run=1896
# datapoints=1482
40 44 
188 192 
44 536 
40 284 
40 48 
44 52 
236 224 
212 220 
188 204 
196 208 
192 208 
200 200 
192 232 
200 236 
576 244 
208 236 
316 328 
232 324 
208 204 
208 192 
196 196 
208 232 
208 44 
228 212 
252 232 
204 200 
296 200 
228 328 
228 228 
232 44 
212 236 
228 200 
220 200 
208 232 
232 44 
188 204 
232 224 
212 220 
232 212 
228 44 
236 200 
232 232 
188 192 
232 192 
196 48 
192 44 
188 196 
512 200 
208 228 
188 232 
196 52 
356 236 
676 196 
320 232 
192 48 
188 192 
304 196 
228 228 
236 44 
196 232 
196 192 
196 200 
196 220 
192 44 
188 196 
188 192 
192 196 
308 320 
212 52 
216 208 
208 212 
208 204 
188 240 
204 188 
204 48 
204 196 
252 196 
232 236 
200 44 
228 200 
196 204 
204 196 
196 44 
200 240 
196 196 
200 196 
196 192 
1076 48 
196 200 
196 232 
200 204 
224 220 
212 44 
192 200 
228 196 
212 252 
224 44 
200 192 
192 196 
192 224 
196 212 
192 52 
228 236 
232 200 
192 224 
252 200 
228 40 
188 208 
224 208 
188 208 
192 44 
200 228 
196 200 
236 276 
288 280 
268 208 
236 44 
328 236 
356 316 
216 328 
208 256 
248 52 
212 192 
224 196 
588 652 
220 48 
220 216 
208 192 
228 324 
228 208 
196 44 
232 228 
196 196 
208 196 
192 44 
216 236 
196 204 
204 208 
196 200 
192 192 
188 44 
200 196 
224 192 
188 192 
208 48 
188 196 
200 192 
188 196 
248 236 
220 232 
192 44 
200 200 
196 204 
188 188 
220 192 
192 44 
196 208 
192 196 
192 208 
192 44 
200 592 
236 244 
212 236 
196 236 
248 48 
316 232 
216 292 
340 336 
200 48 
196 216 
188 196 
544 192 
200 44 
204 204 
192 216 
220 196 
192 208 
196 48 
196 220 
188 196 
192 212 
208 196 
196 52 
196 232 
196 192 
192 232 
728 44 
188 188 
208 220 
208 216 
204 656 
216 52 
208 216 
188 200 
232 196 
212 212 
232 44 
200 216 
188 236 
208 196 
188 44 
196 200 
188 196 
196 204 
192 212 
188 40 
188 188 
240 204 
228 224 
200 208 
192 44 
192 192 
200 204 
224 204 
200 48 
232 192 
204 216 
220 196 
680 464 
208 192 
196 44 
192 200 
208 216 
224 200 
200 44 
224 196 
192 192 
216 212 
192 44 
332 212 
208 212 
208 224 
200 196 
192 44 
232 192 
232 224 
188 204 
188 216 
192 44 
208 200 
192 200 
200 204 
196 44 
216 228 
228 192 
188 204 
228 228 
232 48 
308 248 
236 228 
232 236 
192 40 
188 292 
212 268 
188 196 
240 44 
236 236 
232 204 
212 264 
188 192 
188 40 
196 196 
208 196 
824 208 
220 544 
208 44 
196 216 
212 204 
208 236 
192 208 
212 48 
216 200 
196 196 
236 196 
204 48 
192 224 
200 192 
188 196 
192 196 
204 44 
204 208 
216 220 
196 216 
216 48 
196 216 
200 220 
192 200 
188 200 
684 52 
228 304 
200 192 
284 192 
324 280 
252 44 
228 192 
200 260 
192 232 
192 196 
196 44 
224 196 
192 236 
256 332 
464 192 
196 48 
208 312 
208 200 
248 192 
192 192 
192 44 
204 192 
196 208 
188 224 
228 48 
196 200 
188 196 
212 196 
192 192 
212 44 
196 196 
192 196 
216 224 
208 276 
192 44 
212 220 
208 220 
196 216 
208 44 
200 192 
240 232 
240 196 
188 200 
256 324 
192 52 
192 240 
196 192 
208 212 
192 44 
204 192 
296 276 
212 232 
212 208 
316 220 
216 44 
196 192 
476 236 
188 188 
192 228 
204 44 
192 200 
212 196 
196 220 
192 48 
188 196 
208 204 
208 216 
264 44 
192 192 
188 188 
216 196 
232 212 
192 52 
212 192 
220 204 
196 204 
188 44 
248 196 
196 200 
212 192 
228 196 
204 40 
196 204 
224 224 
232 192 
212 192 
212 40 
212 260 
292 212 
232 228 
316 236 
208 44 
212 188 
188 196 
196 200 
208 48 
228 244 
236 236 
232 192 
212 204 
212 48 
192 204 
208 196 
208 192 
192 192 
192 40 
244 332 
200 196 
228 204 
208 216 
192 48 
188 200 
192 196 
196 208 
228 44 
192 204 
228 204 
212 240 
268 40 
332 332 
316 228 
236 204 
208 412 
316 48 
192 216 
260 236 
192 236 
188 44 
204 212 
192 188 
196 208 
192 196 
188 44 
188 200 
192 200 
208 200 
188 228 
556 44 
208 216 
204 220 
320 200 
220 196 
196 44 
220 212 
200 200 
236 268 
208 208 
192 48 
196 196 
236 196 
216 228 
224 256 
244 52 
192 308 
192 200 
188 188 
212 196 
204 44 
196 200 
192 196 
236 228 
324 232 
208 40 
236 200 
188 332 
196 284 
228 52 
200 232 
260 220 
292 252 
192 216 
624 44 
212 212 
196 196 
204 196 
188 212 
196 196 
188 48 
188 208 
200 196 
208 204 
0 0 
0 0 
0 0 
192 216 
200 200 
188 48 
228 192 
196 200 
192 220 
224 204 
196 44 
44 40 
232 288 
216 232 
208 200 
196 44 
192 212 
196 288 
232 232 
236 44 
232 232 
200 200 
232 308 
236 232 
192 44 
196 196 
192 192 
200 192 
224 44 
196 212 
196 224 
204 196 
188 192 
208 208 
208 48 
196 196 
192 228 
328 200 
188 196 
192 44 
220 196 
200 192 
200 196 
196 192 
244 52 
236 244 
240 240 
236 196 
228 44 
236 204 
312 272 
236 244 
212 192 
196 48 
300 264 
284 364 
188 216 
272 340 
188 48 
192 300 
224 196 
192 192 
716 44 
228 204 
196 192 
204 192 
196 208 
192 200 
192 44 
212 208 
216 192 
196 192 
208 676 
212 44 
212 204 
216 208 
200 236 
192 204 
188 44 
200 200 
216 196 
196 228 
196 200 
224 44 
220 200 
196 216 
188 192 
192 192 
188 44 
196 208 
188 220 
208 216 
208 44 
196 220 
200 196 
192 204 
244 248 
232 48 
192 208 
232 212 
228 304 
248 44 
208 200 
188 196 
340 252 
256 204 
228 44 
188 196 
204 192 
192 192 
232 48 
232 216 
220 196 
260 192 
236 196 
196 192 
188 48 
188 200 
204 192 
236 200 
220 192 
224 44 
224 196 
212 212 
192 200 
224 212 
196 44 
196 232 
200 192 
216 208 
196 224 
188 188 
256 44 
228 204 
200 240 
192 200 
200 220 
188 40 
192 236 
196 192 
188 192 
228 44 
196 224 
188 192 
240 196 
212 216 
192 44 
200 236 
192 196 
200 196 
220 212 
212 208 
216 44 
220 212 
276 208 
212 236 
212 52 
224 212 
212 204 
220 204 
192 216 
192 44 
188 212 
196 196 
208 200 
192 196 
204 44 
196 192 
196 220 
228 196 
212 192 
232 664 
192 44 
196 200 
212 212 
200 216 
208 44 
192 216 
200 192 
208 188 
216 44 
196 192 
196 192 
196 232 
220 200 
192 52 
224 192 
232 196 
272 188 
228 216 
188 44 
196 224 
192 300 
200 188 
192 196 
236 44 
200 188 
208 200 
228 260 
204 48 
212 300 
308 204 
192 192 
208 1088 
184 216 
196 196 
656 192 
224 196 
212 44 
196 200 
196 196 
228 196 
196 248 
316 44 
232 236 
192 188 
220 204 
572 196 
208 116 
224 44 
192 192 
184 208 
232 244 
272 48 
232 188 
240 264 
192 208 
292 200 
228 192 
188 196 
196 44 
192 228 
192 220 
188 232 
196 44 
200 196 
228 212 
200 228 
200 192 
188 44 
196 192 
196 212 
188 236 
188 216 
208 40 
188 196 
196 204 
188 216 
192 48 
216 228 
200 212 
188 192 
808 44 
232 216 
248 196 
208 240 
192 200 
224 192 
192 44 
236 204 
188 196 
188 668 
220 48 
188 236 
192 200 
192 204 
192 192 
192 52 
196 200 
216 192 
340 832 
196 232 
236 44 
216 228 
284 252 
208 668 
584 48 
196 340 
260 236 
236 220 
192 208 
208 44 
204 220 
228 224 
220 208 
196 196 
204 44 
188 192 
196 364 
212 208 
188 192 
208 48 
212 212 
216 224 
220 232 
240 44 
188 220 
248 204 
188 192 
208 40 
192 200 
196 268 
208 256 
224 212 
268 44 
212 232 
212 192 
192 232 
252 236 
196 40 
224 216 
276 196 
220 232 
192 44 
332 260 
192 216 
188 204 
204 44 
196 188 
232 192 
236 196 
192 232 
232 40 
232 188 
324 240 
204 196 
192 192 
232 44 
232 264 
268 244 
232 268 
252 40 
236 288 
276 260 
232 204 
192 240 
280 48 
204 232 
196 204 
228 244 
204 216 
220 680 
192 44 
192 216 
228 208 
208 192 
200 48 
200 200 
188 208 
208 200 
204 192 
204 44 
224 236 
188 236 
192 200 
188 48 
188 200 
196 192 
196 196 
192 196 
188 44 
204 212 
224 196 
196 196 
196 52 
240 200 
196 268 
232 196 
192 248 
252 44 
196 232 
196 216 
240 212 
184 204 
188 44 
256 240 
228 232 
192 200 
188 40 
208 200 
216 196 
236 192 
192 188 
196 44 
208 204 
224 228 
272 204 
220 44 
220 204 
196 200 
196 188 
232 232 
208 44 
232 204 
192 200 
200 224 
204 220 
192 200 
208 44 
188 232 
192 204 
192 200 
208 208 
228 208 
212 48 
192 240 
200 196 
604 212 
200 44 
188 208 
212 232 
196 196 
200 196 
192 44 
200 196 
236 276 
232 276 
332 44 
248 260 
236 236 
236 236 
212 44 
236 276 
256 196 
248 312 
192 192 
188 48 
200 200 
200 200 
200 192 
204 48 
220 200 
192 192 
188 224 
200 224 
200 216 
188 52 
204 200 
232 228 
188 208 
192 188 
228 44 
232 200 
216 212 
192 196 
196 44 
188 196 
196 204 
204 200 
200 196 
188 48 
192 196 
216 216 
192 208 
232 236 
232 48 
196 188 
192 196 
204 196 
652 188 
208 44 
196 208 
236 196 
196 212 
208 196 
216 80 
208 192 
536 192 
196 212 
204 48 
208 208 
192 204 
244 240 
232 236 
188 216 
188 232 
232 212 
228 192 
192 192 
192 204 
208 304 
236 196 
200 196 
196 196 
200 196 
192 216 
188 196 
196 200 
196 204 
208 200 
196 196 
196 196 
220 204 
204 232 
228 192 
188 188 
208 204 
212 216 
192 196 
228 652 
192 192 
192 212 
188 664 
192 208 
228 192 
192 232 
228 192 
236 224 
292 272 
232 244 
248 260 
232 240 
324 44 
192 212 
192 236 
192 204 
236 192 
196 212 
232 236 
232 744 
232 208 
228 228 
228 236 
232 236 
232 232 
232 228 
228 232 
228 236 
584 232 
232 232 
188 236 
236 208 
240 236 
188 232 
228 228 
192 232 
208 196 
232 208 
232 232 
228 232 
232 232 
228 236 
216 208 
196 236 
228 236 
228 232 
188 232 
228 192 
228 236 
188 232 
232 232 
232 236 
232 236 
212 220 
228 232 
232 196 
232 232 
236 236 
232 232 
228 228 
232 232 
228 232 
224 232 
228 232 
236 232 
232 236 
232 240 
212 228 
212 232 
232 228 
208 232 
228 232 
232 232 
228 200 
196 236 
228 236 
208 232 
228 208 
228 232 
232 232 
228 232 
232 232 
232 232 
236 232 
232 232 
228 232 
232 232 
228 228 
212 232 
232 236 
208 232 
232 236 
228 232 
232 236 
236 232 
216 232 
668 232 
208 228 
232 232 
188 232 
228 232 
228 212 
228 236 
228 228 
228 216 
232 208 
232 224 
228 236 
208 232 
232 212 
228 232 
232 228 
232 232 
232 232 
396 232 
204 232 
232 236 
232 232 
208 232 
232 232 
212 232 
232 232 
232 236 
588 228 
228 232 
232 236 
188 232 
232 232 
232 236 
232 232 
232 236 
232 232 
232 496 
232 236 
232 232 
232 196 
232 236 
232 228 
228 232 
228 232 
232 232 
228 712 
236 236 
232 232 
188 232 
192 192 
236 232 
228 232 
232 196 
228 236 
232 236 
236 236 
232 236 
192 192 
232 232 
232 224 
236 232 
224 236 
232 192 
232 236 
236 192 
228 192 
228 232 
192 292 
192 192 
208 240 
232 236 
208 232 
196 232 
228 228 
228 228 
232 212 
228 232 
208 212 
212 192 
240 236 
196 232 
208 192 
220 232 
232 212 
228 232 
320 188 
296 232 
188 212 
192 196 
188 212 
208 220 
228 232 
232 236 
212 232 
232 236 
196 236 
208 208 
232 188 
212 232 
228 232 
228 236 
228 236 
236 236 
232 220 
188 220 
248 216 
236 232 
192 192 
224 220 
228 236 
228 232 
212 188 
208 232 
540 212 
220 212 
236 236 
232 232 
228 232 
228 236 
232 216 
228 236 
188 232 
612 232 
228 232 
232 232 
212 212 
232 236 
232 236 
200 192 
232 240 
232 212 
228 628 
212 236 
232 204 
208 192 
232 220 
236 236 
232 232 
232 236 
224 232 
192 236 
232 232 
212 236 
232 232 
236 232 
208 232 
220 192 
192 236 
228 192 
208 216 
192 232 
236 220 
188 232 
208 232 
232 236 
208 200 
208 232 
208 232 
228 212 
236 236 
228 212 
192 232 
236 268 
212 232 
232 196 
192 232 
232 188 
228 224 
236 236 
232 196 
228 232 
228 236 
232 232 
204 224 
232 232 
192 228 
236 228 
208 188 
212 216 
232 232 
212 236 
192 236 
192 192 
204 232 
232 228 
192 192 
208 236 
228 212 
232 232 
232 232 
220 192 
192 232 
244 236 
228 236 
188 232 
216 208 
232 240 
228 200 
232 212 
280 460 
208 208 
308 216 
216 232 
212 232 
236 192 
192 192 
232 188 
232 240 
216 232 
232 236 
232 212 
232 236 
188 196 
192 232 
212 192 
196 192 
232 192 
228 212 
232 212 
228 236 
228 228 
232 232 
228 232 
188 196 
232 236 
228 232 
232 532 
232 204 
232 232 
232 232 
232 232 
208 252 
232 232 
232 228 
208 212 
228 748 
232 236 
232 232 
228 188 
236 232 
236 212 
212 228 
204 252 
228 232 
232 236 
232 232 
228 232 
232 232 
228 236 
216 232 
208 208 
228 236 
232 236 
232 236 
228 232 
232 196 
228 232 
228 232 
232 236 
236 236 
232 196 
228 232 
232 232 
228 236 
228 240 
228 232 
236 204 
188 232 
228 240 
228 232 
228 236 
224 236 
188 192 
228 232 
228 232 
232 232 
232 232 
228 232 
228 236 
224 216 
232 232 
232 232 
232 232 
228 236 
232 232 
228 232 
224 212 
236 232 
228 244 
228 232 
192 216 
188 232 
232 232 
232 196 
624 236 
188 216 
248 232 
196 236 
208 212 
232 232 
216 228 
228 228 
232 228 
416 232 
228 232 
224 328 
232 236 
228 212 
232 188 
232 236 
232 232 
232 236 
664 228 
232 212 
208 212 
228 212 
232 236 
228 236 
228 240 
228 236 
232 236 
232 228 
232 232 
236 240 
228 200 
236 196 
232 208 
232 212 
228 232 
232 232 
236 748 
228 232 
232 236 
228 240 
208 232 
232 196 
232 236 
232 240 
228 232 
228 236 
232 232 
236 236 
208 228 
232 236 
228 232 
208 236 
228 232 
228 232 
320 232 
232 232 
232 236 
232 200 
220 192 
228 228 
188 208 
192 192 
232 232 
228 228 
232 236 
228 236 
228 240 
232 232 
232 236 
212 216 
228 232 
232 232 
232 232 
228 236 
232 232 
228 232 
228 232 
228 232 
232 236 
228 232 
228 232 
212 236 
228 196 
232 232 
192 192 
224 192 
232 228 
296 192 
236 236 
192 236 
232 232 
228 228 
212 188 
196 192 
236 232 
220 232 
228 236 
228 232 
232 236 
228 232 
212 208 
208 212 
208 208 
212 208 
236 212 
204 208 
232 212 
232 240 
232 236 
228 236 
212 232 
232 232 
232 248 
680 212 
232 232 
208 232 
212 212 
232 208 
212 212 
188 208 
232 212 
232 212 
232 524 
