# ./FR-trace starting at Wed Mar 18 17:56:33 2020
################# CONFIG #################
# slot=5000
# samples=10000
# threshold=100
# idle=500
# minlen=500
# runs=10000
# pdathreads=2
# nmonitored=2
#   monitor0=../apps/openssl ecp_smpl.c:933 0x1e3d58
#   monitor1=../apps/openssl ecp_smpl.c:940 0x1e39f3
# nevicted=0
# npdatargets=2
#   target0=../apps/openssl bn_lib.c:514 0x102f79
#   target1=../apps/openssl bn_lib.c:543 0x102fe5
# affinity=0
############## SYSTEM INFO ###############
# mastik_version=0.02
# sysname=Linux
# nodename=lovelace
# release=5.3.7-arch1-1-ARCH
# version=#1 SMP PREEMPT Fri Oct 18 00:17:03 UTC 2019
# machine=x86_64
################## DATA ##################
# run=8467
# datapoints=1231
44 44 
188 352 
48 236 
44 52 
44 52 
232 232 
188 236 
236 236 
188 212 
224 228 
240 240 
192 236 
196 188 
196 192 
236 240 
224 196 
192 192 
208 232 
232 236 
192 228 
2116 236 
236 348 
228 232 
192 240 
40 44 
208 40 
196 232 
212 196 
232 232 
228 228 
208 44 
228 232 
200 196 
228 196 
228 188 
228 236 
240 44 
192 376 
192 232 
236 224 
236 236 
188 44 
236 196 
220 192 
232 188 
228 192 
228 240 
196 44 
196 200 
232 192 
196 208 
228 232 
232 44 
212 192 
228 200 
228 196 
228 212 
228 40 
220 396 
196 204 
232 196 
232 1072 
232 1272 
232 44 
228 232 
232 220 
232 1176 
236 232 
208 236 
228 44 
192 240 
228 200 
192 192 
596 1084 
228 48 
196 196 
228 200 
228 196 
208 188 
236 232 
236 48 
196 248 
236 220 
212 208 
200 192 
236 52 
240 232 
208 200 
236 196 
228 232 
192 52 
196 200 
192 196 
236 232 
188 188 
408 48 
184 236 
360 1864 
232 196 
208 236 
184 44 
216 236 
236 220 
236 232 
192 200 
204 228 
192 44 
2088 236 
216 1004 
232 196 
224 236 
208 44 
204 196 
196 192 
208 196 
232 208 
228 232 
232 48 
192 220 
232 236 
232 236 
228 232 
232 44 
196 228 
236 228 
236 200 
228 232 
232 44 
236 196 
232 212 
232 240 
232 232 
228 196 
208 44 
208 228 
228 236 
232 204 
228 228 
228 44 
232 228 
228 228 
232 256 
204 1080 
232 44 
232 236 
236 232 
232 200 
228 228 
228 48 
208 232 
268 236 
236 192 
228 228 
232 48 
196 228 
236 236 
232 196 
192 232 
232 48 
384 196 
236 204 
228 200 
232 236 
228 232 
228 44 
2368 252 
208 228 
232 224 
604 232 
228 44 
196 192 
232 196 
276 200 
232 320 
208 228 
228 52 
232 244 
236 192 
236 196 
232 232 
228 44 
188 200 
236 200 
228 196 
232 244 
236 48 
196 236 
192 196 
1772 608 
228 240 
232 44 
228 228 
236 232 
212 236 
192 232 
192 48 
188 236 
228 216 
236 232 
228 232 
228 240 
188 48 
196 236 
236 196 
236 236 
228 228 
228 40 
236 232 
228 200 
228 196 
232 232 
232 40 
236 196 
228 192 
228 200 
228 236 
232 236 
228 44 
228 748 
228 200 
236 192 
228 232 
232 44 
192 236 
232 236 
236 236 
224 1020 
232 48 
208 236 
236 236 
236 204 
232 200 
228 40 
192 192 
232 192 
232 196 
228 228 
208 208 
196 48 
244 236 
236 200 
228 232 
236 272 
232 40 
196 228 
232 240 
236 200 
228 228 
232 44 
236 232 
204 216 
188 192 
228 228 
228 44 
236 232 
232 212 
232 196 
228 236 
232 44 
192 232 
192 200 
232 208 
232 236 
648 236 
224 44 
228 240 
232 228 
232 240 
228 212 
228 44 
236 228 
232 232 
228 196 
232 232 
232 44 
228 232 
228 236 
232 232 
232 192 
236 232 
232 44 
232 228 
228 228 
232 192 
228 236 
208 44 
196 232 
236 232 
232 240 
196 236 
208 48 
196 208 
216 232 
228 196 
228 232 
224 44 
232 232 
232 232 
228 240 
228 196 
228 48 
192 188 
236 196 
232 192 
232 240 
204 232 
232 52 
232 212 
192 228 
232 212 
228 1160 
228 212 
232 44 
220 568 
232 216 
232 192 
228 196 
208 40 
216 192 
208 240 
228 192 
228 236 
396 44 
228 44 
240 192 
236 228 
184 212 
232 232 
220 44 
216 192 
192 192 
232 192 
212 204 
228 40 
232 232 
236 232 
244 200 
228 232 
236 44 
232 236 
228 200 
228 188 
232 236 
232 44 
196 228 
232 240 
228 196 
228 240 
228 48 
420 196 
200 212 
232 192 
236 228 
188 228 
232 40 
192 240 
228 192 
232 200 
656 240 
236 40 
192 220 
232 192 
236 240 
228 232 
228 44 
232 228 
276 240 
232 240 
232 232 
232 52 
232 232 
236 232 
232 196 
228 232 
232 44 
196 232 
228 240 
1016 244 
228 232 
236 44 
228 228 
208 732 
228 196 
236 236 
228 232 
228 44 
228 232 
204 188 
232 200 
228 240 
232 44 
228 208 
232 236 
236 240 
248 1008 
228 232 
228 48 
244 228 
256 236 
228 192 
224 232 
236 44 
236 232 
276 236 
232 192 
228 236 
212 44 
212 200 
492 240 
236 196 
188 232 
236 48 
196 232 
236 236 
192 188 
232 232 
228 44 
216 196 
212 240 
236 224 
228 232 
228 40 
192 200 
192 240 
236 236 
192 236 
228 232 
960 44 
196 192 
208 196 
232 192 
212 240 
228 48 
196 220 
232 240 
220 228 
228 212 
236 44 
236 236 
232 240 
232 188 
232 232 
228 44 
216 188 
432 252 
212 192 
228 232 
232 44 
228 232 
224 224 
216 236 
240 236 
236 236 
656 44 
200 240 
232 208 
212 200 
232 228 
228 44 
232 228 
272 240 
928 232 
232 560 
228 40 
320 200 
192 220 
232 240 
232 196 
232 288 
228 52 
192 200 
236 232 
232 200 
236 228 
232 44 
200 228 
192 188 
232 200 
228 228 
232 40 
196 232 
300 232 
188 228 
232 232 
228 44 
228 196 
232 196 
228 216 
208 220 
232 240 
232 48 
196 236 
232 236 
236 196 
232 236 
228 40 
236 232 
232 232 
236 248 
236 228 
228 44 
232 236 
192 236 
232 196 
232 216 
232 232 
196 48 
192 228 
248 232 
224 200 
232 232 
232 44 
188 200 
188 196 
232 196 
228 232 
232 232 
228 48 
228 236 
228 196 
232 236 
236 232 
208 48 
188 196 
276 236 
228 196 
232 236 
236 52 
232 236 
236 188 
240 208 
212 220 
228 228 
228 44 
296 232 
624 224 
236 236 
228 236 
228 44 
192 188 
236 204 
236 196 
228 236 
228 44 
236 196 
784 236 
236 232 
228 228 
708 44 
188 240 
232 220 
236 236 
228 236 
228 96 
232 48 
188 240 
232 236 
228 228 
232 236 
232 44 
232 228 
244 228 
232 196 
228 228 
232 48 
232 248 
192 232 
228 192 
232 192 
228 232 
228 48 
232 232 
240 228 
232 196 
232 232 
232 48 
196 192 
232 196 
236 244 
240 228 
232 228 
232 48 
232 228 
236 232 
228 196 
228 232 
232 44 
232 224 
264 196 
228 232 
228 232 
236 48 
196 224 
232 232 
236 200 
232 232 
228 44 
280 240 
676 232 
208 700 
228 232 
228 240 
236 44 
228 236 
236 248 
228 228 
228 232 
232 48 
228 232 
232 240 
232 200 
228 232 
224 40 
188 204 
192 192 
228 200 
232 288 
208 212 
188 48 
220 192 
188 192 
232 192 
232 232 
228 44 
248 228 
224 232 
240 196 
228 228 
228 44 
936 240 
440 200 
232 240 
232 232 
232 48 
520 188 
232 244 
232 200 
232 236 
228 236 
228 48 
204 228 
228 232 
232 192 
272 292 
288 40 
196 224 
228 228 
236 228 
228 236 
228 44 
240 188 
188 236 
228 228 
228 192 
232 236 
228 44 
232 236 
188 236 
236 200 
232 212 
232 232 
208 44 
296 240 
228 192 
236 192 
228 220 
232 48 
192 208 
196 232 
196 208 
228 232 
228 40 
196 52 
196 236 
196 196 
232 236 
232 232 
236 48 
192 200 
232 232 
228 204 
224 232 
228 44 
228 232 
232 236 
236 196 
232 196 
232 232 
228 40 
244 196 
236 240 
232 196 
208 212 
220 40 
188 196 
192 244 
316 224 
228 236 
312 232 
232 44 
224 228 
236 196 
236 236 
220 228 
224 44 
264 188 
236 328 
228 200 
228 232 
228 40 
232 228 
236 232 
216 192 
808 192 
228 44 
232 232 
444 204 
212 200 
228 228 
232 44 
196 236 
236 192 
208 236 
228 228 
232 236 
192 48 
224 196 
200 196 
236 240 
492 236 
228 40 
192 232 
196 440 
0 0 
0 0 
0 0 
0 0 
376 232 
188 240 
200 192 
188 200 
228 192 
232 208 
188 188 
296 228 
228 208 
384 236 
228 236 
188 228 
228 192 
220 248 
316 288 
236 236 
204 232 
208 236 
232 232 
228 232 
228 212 
1176 216 
188 220 
188 240 
188 264 
208 192 
196 220 
220 1212 
288 1208 
192 236 
188 196 
208 228 
288 192 
212 260 
212 196 
204 224 
188 236 
196 192 
232 196 
208 752 
228 232 
228 192 
204 236 
304 208 
208 208 
228 212 
212 232 
216 188 
212 220 
208 220 
228 216 
548 208 
204 208 
192 232 
200 220 
200 188 
228 236 
236 224 
216 192 
232 228 
248 228 
188 208 
232 232 
228 232 
204 208 
208 256 
364 204 
192 196 
224 236 
268 236 
188 196 
188 192 
212 224 
188 232 
236 228 
208 284 
188 196 
304 200 
228 260 
188 308 
468 236 
252 316 
200 192 
208 200 
200 204 
228 216 
296 212 
188 232 
192 200 
188 208 
208 272 
200 204 
196 244 
188 188 
196 192 
208 192 
192 444 
204 204 
196 196 
188 204 
220 208 
208 216 
228 200 
228 232 
232 284 
208 188 
208 212 
196 192 
188 192 
216 248 
204 196 
232 196 
232 204 
212 196 
188 200 
188 236 
248 188 
184 228 
196 236 
196 192 
228 232 
272 248 
248 188 
212 192 
192 220 
200 296 
232 192 
512 332 
220 200 
208 192 
724 228 
196 228 
220 232 
204 208 
248 272 
208 236 
228 200 
200 240 
208 236 
228 208 
216 328 
188 208 
444 188 
192 188 
208 192 
184 232 
216 196 
192 276 
188 216 
204 188 
228 232 
244 220 
188 256 
232 200 
220 192 
228 324 
192 196 
188 232 
240 268 
268 300 
192 208 
264 248 
220 284 
228 224 
232 388 
216 212 
200 188 
192 1148 
232 232 
232 212 
200 208 
200 196 
192 188 
196 192 
192 208 
188 196 
196 204 
188 200 
188 208 
232 424 
196 264 
1140 200 
212 196 
240 228 
192 232 
260 248 
212 228 
316 204 
1200 808 
652 192 
212 192 
220 364 
188 240 
212 192 
268 216 
284 192 
312 204 
232 192 
240 192 
256 280 
240 224 
188 344 
264 252 
204 192 
216 196 
428 232 
204 196 
252 196 
196 256 
196 228 
228 224 
204 300 
1304 292 
340 204 
284 204 
280 276 
196 232 
248 268 
208 288 
220 276 
192 220 
236 236 
212 200 
200 200 
428 240 
244 196 
276 296 
296 256 
192 348 
392 316 
288 1356 
1372 216 
204 188 
1332 240 
192 192 
208 192 
296 288 
1240 336 
228 296 
268 252 
212 204 
216 228 
496 316 
208 200 
192 220 
192 212 
232 200 
220 296 
1636 344 
320 188 
360 296 
192 196 
272 252 
336 240 
204 244 
268 196 
192 196 
228 252 
224 196 
268 268 
312 196 
192 200 
188 216 
324 360 
232 208 
232 232 
188 212 
188 212 
228 188 
224 216 
228 188 
188 220 
184 232 
232 200 
228 232 
188 236 
228 208 
224 200 
236 196 
192 228 
228 216 
236 240 
192 232 
204 312 
232 232 
232 188 
228 232 
216 212 
228 232 
212 220 
188 192 
200 236 
192 212 
228 232 
228 244 
212 188 
184 188 
188 192 
236 236 
228 236 
208 208 
212 192 
224 232 
208 232 
208 232 
228 228 
228 232 
196 232 
192 228 
232 228 
232 236 
228 228 
208 212 
188 212 
228 252 
224 232 
192 236 
228 228 
192 216 
188 232 
188 212 
228 192 
232 232 
192 232 
228 212 
236 208 
208 192 
228 232 
188 232 
192 200 
256 200 
228 228 
228 228 
204 232 
232 236 
208 208 
440 220 
228 264 
232 208 
232 232 
192 228 
208 212 
228 236 
228 192 
232 232 
192 236 
212 192 
212 288 
228 204 
228 232 
196 228 
212 252 
204 236 
268 228 
228 224 
192 212 
188 232 
220 188 
188 216 
228 236 
232 232 
224 236 
216 232 
228 232 
336 208 
232 196 
232 192 
236 232 
204 212 
628 188 
228 196 
228 192 
228 240 
188 192 
196 228 
228 232 
192 232 
228 232 
232 228 
192 192 
232 196 
224 228 
188 232 
188 212 
236 196 
188 212 
192 208 
228 192 
192 232 
232 196 
196 196 
184 212 
228 188 
228 196 
232 192 
232 232 
208 212 
196 236 
204 196 
228 192 
188 232 
232 196 
632 212 
188 192 
188 228 
228 228 
236 232 
188 196 
196 232 
232 188 
196 220 
224 232 
228 192 
204 228 
192 192 
208 236 
192 188 
228 188 
232 224 
604 212 
192 220 
228 216 
232 204 
204 208 
204 236 
192 228 
208 216 
228 212 
228 228 
232 236 
192 236 
208 192 
220 208 
228 228 
192 208 
220 232 
216 208 
232 232 
192 232 
196 232 
228 200 
204 196 
228 208 
196 236 
204 232 
228 244 
200 196 
228 188 
188 208 
324 200 
232 192 
236 236 
240 192 
200 232 
196 236 
232 200 
232 236 
228 232 
200 232 
196 232 
672 232 
232 236 
228 228 
228 240 
188 324 
228 236 
196 224 
204 232 
248 220 
188 232 
216 192 
228 204 
684 232 
232 232 
192 232 
192 192 
232 196 
268 232 
224 228 
228 232 
212 232 
232 228 
228 228 
208 228 
196 208 
228 196 
452 228 
208 240 
196 208 
208 192 
232 192 
188 240 
212 212 
204 208 
