# ./FR-trace starting at Wed Mar 18 17:19:08 2020
################# CONFIG #################
# slot=5000
# samples=10000
# threshold=100
# idle=500
# minlen=500
# runs=10000
# pdathreads=2
# nmonitored=2
#   monitor0=../apps/openssl ecp_smpl.c:933 0x1e3d58
#   monitor1=../apps/openssl ecp_smpl.c:940 0x1e39f3
# nevicted=0
# npdatargets=2
#   target0=../apps/openssl bn_lib.c:514 0x102f79
#   target1=../apps/openssl bn_lib.c:543 0x102fe5
# affinity=0
############## SYSTEM INFO ###############
# mastik_version=0.02
# sysname=Linux
# nodename=lovelace
# release=5.3.7-arch1-1-ARCH
# version=#1 SMP PREEMPT Fri Oct 18 00:17:03 UTC 2019
# machine=x86_64
################## DATA ##################
# run=6418
# datapoints=970
36 40 
272 36 
36 36 
192 212 
400 408 
400 240 
228 196 
216 40 
196 40 
200 216 
228 236 
408 36 
216 192 
204 216 
212 36 
204 208 
188 40 
216 216 
216 224 
440 40 
228 196 
212 40 
220 44 
240 200 
188 36 
236 236 
200 248 
208 40 
200 200 
192 40 
216 228 
196 200 
428 44 
240 240 
220 40 
236 248 
260 236 
232 44 
216 240 
232 40 
236 236 
204 220 
404 36 
200 196 
200 164 
512 40 
196 196 
444 40 
232 240 
204 40 
204 232 
200 220 
212 44 
212 424 
724 236 
200 212 
220 236 
216 36 
232 280 
204 40 
248 192 
264 236 
232 44 
224 232 
200 36 
200 208 
216 36 
204 240 
704 216 
424 44 
204 220 
224 40 
236 224 
228 232 
212 44 
192 212 
232 44 
192 220 
236 200 
200 36 
196 192 
212 40 
220 196 
212 216 
192 40 
212 216 
200 44 
216 236 
216 196 
196 40 
212 196 
192 32 
216 232 
196 196 
236 40 
212 192 
232 36 
208 200 
192 80 
200 40 
320 292 
396 36 
216 188 
240 40 
192 196 
240 232 
188 44 
228 236 
192 560 
220 200 
236 44 
192 48 
192 236 
212 40 
636 240 
200 40 
240 44 
200 196 
204 36 
204 216 
192 40 
220 240 
492 204 
236 40 
212 200 
248 36 
236 212 
232 36 
224 196 
216 200 
244 40 
220 196 
200 40 
192 216 
244 92 
204 36 
216 188 
400 36 
244 240 
216 176 
488 44 
212 216 
436 36 
224 216 
232 40 
192 216 
216 200 
192 44 
196 212 
240 40 
208 204 
212 212 
196 44 
196 232 
208 36 
220 220 
216 44 
196 216 
216 280 
196 40 
212 232 
232 44 
204 280 
312 40 
216 44 
216 200 
244 36 
196 196 
236 40 
212 208 
228 188 
188 48 
200 248 
212 40 
208 196 
192 220 
196 36 
756 200 
400 36 
236 232 
216 40 
200 200 
196 196 
200 36 
208 232 
192 40 
196 216 
232 172 
264 36 
244 248 
212 44 
252 232 
244 32 
188 240 
228 40 
200 36 
240 316 
204 40 
240 300 
188 40 
200 236 
224 220 
216 36 
208 196 
224 36 
204 216 
208 36 
240 232 
236 196 
436 40 
212 216 
220 36 
200 200 
232 236 
192 48 
216 220 
208 436 
220 216 
196 44 
196 44 
228 240 
400 36 
192 244 
196 44 
240 240 
208 212 
200 40 
224 208 
236 48 
228 216 
236 36 
212 212 
204 40 
212 40 
224 200 
188 40 
200 200 
232 36 
192 192 
208 204 
196 40 
192 332 
512 40 
240 192 
204 40 
200 236 
640 236 
192 40 
236 204 
312 36 
224 344 
232 44 
196 36 
200 200 
396 36 
220 232 
320 52 
216 260 
236 192 
308 40 
196 200 
252 44 
200 344 
232 44 
308 228 
216 196 
204 48 
224 232 
212 44 
196 200 
240 236 
220 44 
192 220 
396 36 
244 212 
208 40 
236 240 
232 228 
280 44 
200 196 
200 44 
212 216 
196 220 
216 40 
232 220 
336 40 
220 220 
220 44 
196 224 
204 216 
216 40 
192 216 
236 36 
232 224 
240 40 
196 216 
220 196 
400 36 
192 204 
196 44 
228 236 
196 200 
216 44 
196 196 
192 36 
240 212 
204 204 
236 36 
192 204 
196 32 
204 196 
208 40 
192 344 
192 208 
228 44 
196 232 
228 40 
212 208 
236 52 
260 40 
240 236 
440 44 
244 240 
232 44 
232 308 
232 92 
192 40 
228 196 
208 44 
240 236 
212 220 
240 36 
304 220 
432 36 
204 196 
232 36 
232 192 
212 216 
212 44 
204 196 
368 44 
200 212 
196 244 
200 44 
212 236 
396 36 
236 240 
228 40 
236 596 
216 228 
216 40 
188 212 
212 36 
204 216 
224 32 
192 236 
208 200 
192 44 
232 200 
236 428 
196 220 
232 240 
236 36 
232 204 
192 36 
200 200 
196 40 
208 48 
192 240 
400 44 
224 236 
200 44 
220 236 
208 208 
240 36 
188 200 
400 36 
204 204 
232 48 
196 40 
212 240 
236 424 
200 192 
196 44 
224 196 
192 200 
292 40 
232 216 
208 40 
528 572 
220 60 
232 40 
212 212 
188 36 
228 220 
240 48 
192 40 
212 232 
396 36 
220 196 
220 136 
216 44 
236 224 
220 36 
228 196 
208 40 
248 44 
224 200 
224 36 
192 212 
204 44 
212 196 
220 192 
244 40 
192 236 
236 44 
232 236 
200 236 
204 40 
240 204 
560 40 
236 320 
240 52 
228 212 
200 236 
192 40 
240 236 
188 44 
236 232 
200 40 
236 236 
200 196 
196 40 
200 200 
196 40 
228 204 
192 48 
196 200 
216 208 
192 44 
292 188 
204 244 
192 196 
236 44 
200 196 
236 232 
196 40 
204 204 
196 436 
212 212 
216 40 
196 40 
208 212 
200 44 
192 208 
192 40 
236 240 
188 40 
232 240 
212 224 
232 44 
196 196 
236 44 
212 204 
224 192 
216 40 
216 196 
440 36 
208 200 
196 40 
192 212 
232 224 
196 212 
276 232 
196 192 
212 192 
188 216 
208 208 
232 188 
276 196 
188 276 
192 208 
192 192 
240 224 
420 440 
188 204 
192 196 
228 220 
236 236 
200 196 
204 228 
200 200 
188 240 
192 196 
196 204 
196 196 
204 196 
236 236 
196 200 
192 192 
212 224 
208 196 
196 196 
400 192 
192 208 
196 544 
196 220 
196 212 
196 196 
228 212 
232 236 
196 316 
212 200 
208 192 
212 236 
208 216 
212 236 
212 236 
192 200 
396 400 
576 236 
192 216 
236 208 
192 204 
200 196 
192 204 
316 196 
232 212 
192 256 
232 192 
196 220 
192 220 
228 208 
208 292 
232 212 
260 200 
192 244 
236 192 
192 200 
220 612 
224 200 
228 200 
208 196 
244 236 
192 196 
212 232 
232 244 
212 228 
248 192 
228 340 
236 236 
332 340 
232 240 
188 200 
212 240 
196 212 
268 236 
288 196 
220 224 
196 196 
240 216 
284 196 
188 196 
316 212 
188 192 
232 196 
200 192 
228 216 
192 192 
232 236 
212 204 
272 212 
216 216 
240 196 
232 204 
192 192 
196 208 
208 196 
224 188 
192 196 
208 196 
200 224 
240 224 
308 208 
268 248 
196 216 
196 276 
244 236 
220 220 
232 192 
196 212 
228 192 
188 200 
192 212 
192 264 
292 240 
184 228 
216 196 
196 196 
188 236 
192 200 
208 192 
200 196 
212 244 
192 200 
192 204 
196 440 
228 200 
192 216 
184 192 
192 192 
192 220 
192 196 
196 248 
192 216 
196 192 
248 208 
196 200 
228 232 
196 192 
204 224 
196 204 
196 196 
228 196 
196 204 
196 216 
204 200 
192 240 
192 208 
196 224 
196 220 
192 232 
192 208 
236 656 
188 196 
236 236 
300 204 
236 196 
204 232 
212 196 
196 288 
208 192 
224 192 
196 256 
244 240 
208 236 
232 228 
212 244 
236 240 
392 304 
364 204 
288 336 
264 276 
196 224 
312 228 
196 196 
204 232 
292 204 
240 208 
216 240 
236 208 
236 436 
224 196 
452 236 
188 708 
212 236 
240 196 
192 212 
192 192 
232 244 
212 192 
212 236 
232 192 
212 308 
200 236 
192 216 
196 192 
216 204 
228 212 
212 220 
212 192 
192 192 
216 204 
188 476 
204 212 
212 192 
196 200 
236 196 
240 388 
188 212 
196 192 
216 204 
560 196 
240 200 
204 196 
196 200 
208 216 
212 196 
224 256 
232 196 
196 192 
192 200 
232 216 
192 192 
308 196 
216 216 
196 228 
208 204 
236 236 
188 196 
252 272 
188 256 
244 236 
232 220 
276 208 
224 212 
244 200 
240 204 
192 188 
188 264 
200 288 
236 220 
236 208 
196 220 
196 236 
196 216 
1052 452 
224 208 
316 576 
240 208 
228 320 
212 196 
212 200 
196 240 
228 192 
204 236 
220 200 
228 204 
200 196 
228 192 
200 216 
208 196 
196 240 
220 196 
252 188 
204 204 
236 200 
208 216 
228 304 
196 196 
216 212 
200 200 
192 224 
296 328 
192 196 
192 192 
192 212 
192 200 
212 196 
204 196 
208 248 
228 232 
192 208 
204 192 
232 196 
192 204 
196 192 
188 212 
192 208 
192 328 
196 200 
196 196 
208 192 
200 224 
192 236 
192 256 
196 244 
224 252 
304 248 
208 272 
224 232 
216 240 
240 212 
304 276 
232 192 
208 232 
216 224 
208 236 
212 196 
184 196 
188 220 
212 252 
228 196 
212 344 
196 216 
204 212 
192 204 
228 692 
192 200 
204 192 
220 188 
228 220 
200 208 
188 196 
196 208 
196 192 
192 196 
220 252 
232 212 
296 332 
236 236 
272 192 
212 192 
208 216 
204 212 
228 224 
204 188 
204 196 
196 212 
188 208 
212 232 
196 192 
212 236 
196 260 
228 212 
192 336 
576 208 
212 188 
232 228 
252 288 
212 192 
196 196 
188 220 
212 204 
192 188 
192 240 
228 240 
292 228 
204 196 
188 216 
196 192 
196 236 
196 240 
204 192 
188 196 
188 192 
208 504 
304 364 
212 236 
396 216 
228 264 
228 308 
300 232 
192 212 
232 260 
228 192 
560 224 
216 192 
208 232 
188 224 
196 244 
184 224 
208 208 
188 252 
188 216 
228 220 
216 212 
236 236 
264 228 
208 232 
188 188 
200 196 
324 208 
192 212 
188 212 
228 192 
208 184 
228 196 
196 192 
208 196 
212 232 
208 216 
228 232 
196 224 
236 332 
228 236 
220 208 
208 212 
188 204 
184 232 
236 240 
720 232 
204 216 
200 268 
184 228 
212 244 
228 436 
188 192 
204 236 
296 192 
216 188 
228 192 
192 216 
236 196 
188 188 
232 232 
192 196 
228 232 
188 208 
188 584 
184 232 
204 188 
208 196 
196 232 
192 200 
228 504 
196 304 
232 228 
196 332 
188 196 
188 200 
192 196 
192 192 
196 220 
228 232 
196 208 
188 224 
208 212 
228 196 
204 208 
236 208 
204 208 
308 188 
188 216 
208 220 
236 196 
188 208 
208 196 
212 212 
212 192 
208 224 
196 192 
200 208 
232 208 
196 196 
232 228 
188 192 
228 232 
192 232 
228 212 
228 208 
192 228 
208 232 
336 224 
216 192 
228 228 
192 240 
228 320 
228 236 
260 232 
196 232 
244 308 
224 232 
216 200 
228 196 
228 212 
200 208 
192 228 
188 196 
444 228 
