# ./FR-trace starting at Wed Mar 18 15:34:49 2020
################# CONFIG #################
# slot=5000
# samples=10000
# threshold=100
# idle=500
# minlen=500
# runs=10000
# pdathreads=2
# nmonitored=2
#   monitor0=../apps/openssl ecp_smpl.c:933 0x1e3d58
#   monitor1=../apps/openssl ecp_smpl.c:940 0x1e39f3
# nevicted=0
# npdatargets=2
#   target0=../apps/openssl bn_lib.c:514 0x102f79
#   target1=../apps/openssl bn_lib.c:543 0x102fe5
# affinity=0
############## SYSTEM INFO ###############
# mastik_version=0.02
# sysname=Linux
# nodename=lovelace
# release=5.3.7-arch1-1-ARCH
# version=#1 SMP PREEMPT Fri Oct 18 00:17:03 UTC 2019
# machine=x86_64
################## DATA ##################
# run=658
# datapoints=1590
52 192 
192 208 
44 72 
48 44 
48 48 
40 44 
192 232 
196 192 
376 192 
208 236 
152 232 
196 236 
188 240 
188 212 
192 564 
196 236 
236 236 
228 196 
208 192 
228 232 
208 236 
188 228 
216 240 
208 208 
232 232 
232 44 
200 200 
212 232 
232 200 
228 196 
228 228 
228 44 
188 236 
212 192 
228 196 
232 236 
232 208 
228 48 
196 232 
196 240 
232 232 
232 232 
228 232 
232 48 
188 232 
232 212 
236 240 
232 232 
232 44 
228 240 
236 236 
232 244 
228 232 
560 44 
196 240 
248 232 
232 196 
228 232 
228 256 
232 40 
228 228 
260 232 
236 192 
232 236 
232 44 
220 216 
576 236 
240 232 
232 236 
232 44 
196 236 
236 236 
236 216 
236 232 
232 236 
232 48 
196 228 
248 232 
236 192 
228 232 
232 44 
192 232 
236 232 
216 236 
212 208 
232 48 
208 240 
216 236 
208 196 
216 232 
216 236 
212 44 
208 236 
232 204 
208 196 
228 228 
228 44 
240 212 
228 224 
236 208 
228 220 
232 44 
208 216 
232 216 
208 192 
224 236 
208 44 
196 236 
212 236 
216 196 
212 236 
232 48 
220 236 
208 240 
232 220 
228 232 
232 44 
236 192 
228 200 
236 192 
224 232 
232 48 
208 244 
240 192 
236 240 
232 236 
232 232 
232 224 
232 44 
244 232 
228 196 
228 212 
212 232 
232 44 
232 220 
228 232 
228 200 
232 232 
232 48 
228 236 
228 232 
212 188 
236 228 
208 236 
208 44 
192 212 
204 192 
212 196 
576 212 
208 44 
972 232 
208 192 
208 240 
208 236 
200 40 
196 224 
188 240 
184 192 
232 208 
208 44 
212 196 
192 196 
232 236 
232 232 
232 44 
240 228 
232 228 
228 192 
228 232 
232 48 
196 188 
352 188 
236 236 
228 232 
228 232 
232 44 
212 188 
224 192 
236 240 
232 240 
188 44 
192 212 
232 228 
236 208 
472 192 
188 44 
216 192 
192 236 
188 216 
188 192 
192 44 
192 240 
228 188 
232 188 
460 232 
232 44 
196 236 
228 192 
228 200 
192 188 
232 44 
188 200 
240 192 
232 192 
232 188 
232 44 
196 192 
732 196 
196 192 
192 192 
192 44 
184 196 
196 200 
192 196 
192 232 
228 44 
196 328 
284 232 
228 196 
228 232 
232 232 
228 44 
188 236 
228 192 
228 232 
232 236 
232 44 
232 232 
228 232 
228 196 
228 232 
232 44 
228 232 
228 200 
504 196 
228 212 
228 48 
188 192 
228 196 
228 188 
228 228 
228 144 
232 44 
196 236 
236 192 
188 196 
192 192 
196 44 
192 196 
196 200 
192 196 
228 232 
212 44 
228 232 
228 236 
232 192 
228 232 
232 44 
212 236 
228 236 
212 216 
232 720 
236 44 
192 232 
224 212 
208 216 
228 208 
188 44 
228 232 
232 232 
232 196 
228 232 
232 52 
212 236 
232 228 
236 236 
232 240 
228 44 
236 232 
228 236 
236 208 
228 232 
228 52 
220 236 
236 204 
228 224 
232 236 
228 256 
232 44 
196 188 
236 240 
236 216 
232 228 
232 44 
196 236 
228 200 
232 196 
228 232 
228 228 
232 44 
196 228 
196 224 
236 236 
208 232 
232 44 
196 232 
232 236 
228 500 
232 232 
232 52 
196 232 
232 204 
204 192 
208 212 
212 236 
192 48 
188 196 
208 1088 
208 212 
208 212 
208 44 
212 212 
232 240 
240 188 
208 232 
208 44 
212 232 
212 236 
244 196 
376 232 
208 44 
196 212 
228 236 
228 196 
228 232 
236 44 
232 236 
228 228 
624 228 
208 212 
236 44 
212 212 
208 216 
216 216 
208 216 
208 44 
236 232 
228 232 
228 192 
228 228 
232 40 
216 236 
232 196 
236 236 
228 232 
232 44 
232 744 
220 196 
236 228 
212 232 
228 44 
204 240 
196 228 
208 232 
216 232 
208 236 
208 44 
216 228 
228 216 
228 196 
232 212 
232 44 
196 212 
196 212 
232 216 
232 208 
228 208 
188 44 
196 236 
208 204 
212 232 
196 44 
248 232 
196 192 
200 236 
196 192 
228 48 
192 220 
192 240 
192 192 
188 232 
196 232 
236 44 
240 552 
236 232 
232 208 
232 232 
232 44 
196 232 
232 236 
228 200 
228 236 
228 48 
236 232 
236 232 
228 200 
232 236 
212 44 
244 228 
232 228 
188 192 
188 724 
228 44 
196 196 
192 196 
188 196 
192 232 
228 232 
232 44 
232 232 
236 236 
236 192 
232 232 
232 44 
188 228 
224 192 
232 232 
228 236 
228 44 
228 236 
232 232 
228 232 
232 232 
228 52 
192 196 
232 196 
228 216 
228 192 
236 52 
236 192 
192 192 
228 192 
188 192 
188 192 
228 52 
192 240 
232 196 
232 236 
232 232 
236 236 
232 52 
228 232 
232 216 
224 196 
232 236 
232 44 
228 196 
196 196 
236 192 
232 228 
232 192 
228 52 
188 200 
228 192 
236 192 
228 192 
232 44 
188 196 
228 200 
284 200 
232 192 
232 44 
236 228 
232 236 
232 204 
192 236 
208 228 
192 44 
196 236 
340 192 
192 192 
196 232 
192 44 
196 240 
236 236 
228 196 
228 192 
236 232 
232 48 
192 192 
236 248 
232 236 
236 232 
208 44 
192 200 
236 236 
232 240 
232 232 
228 44 
232 232 
232 236 
232 252 
228 212 
232 44 
232 276 
228 204 
228 232 
232 240 
228 232 
232 44 
232 232 
232 212 
232 200 
228 232 
228 44 
192 232 
236 232 
232 228 
232 236 
448 1184 
228 40 
232 232 
232 232 
232 200 
228 236 
232 44 
192 232 
228 200 
672 192 
228 232 
228 232 
236 44 
196 232 
236 232 
232 236 
232 236 
236 48 
228 528 
236 196 
236 192 
228 196 
228 236 
236 48 
196 196 
192 192 
228 196 
192 232 
192 228 
192 44 
192 232 
192 240 
192 232 
196 236 
436 48 
232 232 
188 236 
228 228 
228 228 
236 236 
232 48 
188 204 
204 236 
228 196 
228 196 
196 48 
196 192 
192 236 
236 216 
232 232 
232 44 
232 232 
228 192 
232 224 
228 232 
296 48 
228 196 
236 236 
236 236 
228 232 
228 232 
228 48 
248 232 
228 232 
232 196 
232 232 
232 48 
1264 232 
212 232 
216 196 
236 236 
236 52 
232 200 
236 232 
420 232 
232 232 
228 232 
380 44 
196 192 
228 196 
236 204 
188 232 
232 44 
192 236 
248 1156 
232 196 
232 196 
232 212 
232 44 
192 216 
212 232 
192 196 
188 212 
196 44 
196 232 
196 220 
212 216 
204 208 
236 232 
236 44 
236 236 
232 252 
236 236 
228 216 
692 44 
236 188 
236 192 
228 192 
236 232 
228 48 
196 192 
228 192 
232 192 
232 580 
228 232 
236 52 
196 212 
704 588 
232 212 
208 208 
204 48 
196 216 
216 204 
208 208 
208 212 
208 44 
232 216 
240 196 
216 228 
208 236 
204 48 
208 196 
228 196 
220 196 
212 236 
220 40 
196 212 
224 240 
232 240 
232 232 
228 48 
236 196 
228 192 
208 200 
228 216 
208 44 
216 212 
196 224 
236 196 
236 192 
228 212 
1184 44 
196 232 
232 232 
232 208 
232 232 
228 44 
236 196 
232 240 
236 236 
232 232 
232 232 
236 44 
232 236 
208 232 
236 236 
228 228 
232 40 
232 232 
228 196 
240 236 
232 236 
228 48 
208 216 
236 248 
236 196 
228 232 
232 100 
236 44 
196 232 
228 236 
248 192 
232 212 
228 44 
232 236 
192 236 
232 228 
240 236 
232 232 
228 44 
232 196 
668 196 
228 224 
232 196 
228 232 
228 244 
232 48 
188 232 
232 228 
692 232 
228 236 
228 44 
196 232 
228 236 
232 192 
228 208 
208 44 
192 196 
196 192 
236 200 
228 232 
232 236 
232 48 
196 360 
212 212 
204 192 
208 212 
212 44 
208 212 
216 220 
208 196 
208 232 
208 52 
204 240 
276 236 
228 200 
228 228 
232 236 
232 44 
188 236 
232 188 
232 236 
188 192 
228 44 
236 200 
920 236 
228 200 
232 188 
232 44 
232 232 
232 232 
232 232 
228 232 
232 236 
232 44 
192 196 
228 196 
236 192 
228 232 
228 44 
192 192 
196 192 
236 192 
228 232 
232 44 
196 192 
196 192 
192 196 
196 196 
196 196 
228 44 
192 228 
236 192 
236 236 
204 232 
204 44 
196 240 
188 236 
196 212 
188 232 
232 40 
196 228 
188 188 
188 740 
184 232 
192 48 
188 188 
196 192 
232 192 
208 232 
228 44 
228 192 
232 236 
232 192 
228 196 
500 236 
188 48 
188 196 
236 192 
232 236 
232 236 
228 44 
196 232 
240 236 
772 192 
232 236 
236 48 
200 240 
192 212 
236 192 
192 228 
188 44 
196 232 
188 196 
192 196 
192 232 
196 136 
232 44 
232 236 
236 200 
236 236 
228 232 
232 44 
208 236 
232 200 
232 236 
232 192 
232 44 
196 200 
1080 220 
196 212 
208 220 
228 48 
196 216 
232 192 
232 232 
228 236 
196 48 
188 236 
232 240 
232 240 
232 236 
232 44 
192 232 
232 236 
232 196 
228 232 
232 44 
232 232 
276 236 
232 196 
228 232 
236 44 
232 192 
188 232 
208 216 
228 544 
232 232 
196 48 
228 232 
240 192 
232 196 
488 232 
236 44 
188 232 
192 232 
228 192 
228 244 
236 236 
228 44 
232 236 
252 196 
236 216 
208 216 
236 44 
236 236 
228 232 
236 188 
232 236 
228 40 
236 236 
196 240 
228 192 
232 236 
244 216 
0 0 
0 0 
232 232 
228 236 
232 232 
520 48 
232 236 
236 200 
228 188 
228 212 
204 44 
600 192 
212 188 
208 196 
688 216 
208 44 
208 236 
212 236 
212 192 
236 208 
40 44 
192 212 
228 196 
232 192 
228 208 
236 44 
232 212 
228 212 
1056 232 
232 236 
228 44 
224 196 
232 188 
220 196 
204 752 
208 232 
232 44 
232 236 
204 216 
220 192 
208 232 
204 44 
208 236 
232 204 
228 208 
232 232 
228 44 
196 236 
236 236 
228 204 
232 232 
232 40 
228 232 
236 200 
232 204 
232 224 
204 212 
208 44 
228 236 
216 200 
240 196 
212 232 
212 44 
208 232 
216 196 
212 220 
232 232 
208 44 
196 232 
212 196 
204 196 
208 232 
212 44 
192 232 
236 220 
228 212 
228 216 
228 212 
200 44 
196 240 
188 196 
192 232 
440 236 
212 44 
196 200 
232 196 
232 192 
232 232 
232 48 
192 236 
232 240 
296 200 
232 212 
228 236 
232 48 
408 236 
232 192 
232 236 
236 232 
232 44 
544 228 
232 200 
236 196 
288 196 
232 240 
232 48 
196 200 
196 188 
232 200 
228 232 
184 188 
228 44 
192 188 
188 192 
196 196 
188 196 
188 44 
196 188 
192 196 
228 232 
192 232 
188 40 
196 232 
188 228 
188 236 
188 228 
188 44 
236 192 
232 200 
232 188 
232 232 
228 40 
228 240 
732 240 
232 232 
232 236 
192 192 
232 44 
196 192 
232 200 
224 196 
192 260 
188 44 
192 44 
232 236 
228 192 
232 232 
228 236 
232 40 
228 232 
232 232 
236 192 
220 196 
344 192 
232 232 
228 192 
232 240 
216 248 
188 224 
220 664 
212 300 
236 236 
228 228 
236 232 
192 240 
204 236 
232 240 
188 196 
232 196 
212 196 
232 236 
228 236 
228 192 
232 220 
240 192 
232 232 
232 204 
236 232 
224 212 
676 232 
228 232 
232 232 
228 232 
228 232 
228 232 
232 232 
268 236 
188 216 
228 192 
228 232 
232 244 
228 200 
196 196 
228 236 
236 232 
236 44 
300 228 
228 236 
212 196 
292 192 
268 236 
332 200 
308 200 
256 204 
288 192 
228 308 
236 236 
236 192 
232 232 
236 260 
216 236 
228 212 
228 216 
228 660 
232 208 
204 236 
212 236 
208 236 
204 236 
188 192 
192 220 
232 192 
224 196 
232 196 
228 236 
192 232 
188 288 
228 228 
208 212 
224 216 
232 232 
208 232 
216 192 
228 228 
232 208 
236 236 
196 232 
208 232 
228 232 
228 232 
232 212 
212 212 
228 232 
236 232 
232 236 
224 232 
260 212 
224 236 
192 236 
208 236 
232 224 
208 228 
220 232 
228 232 
208 236 
208 212 
212 192 
212 228 
208 212 
208 212 
228 208 
192 212 
236 212 
780 232 
236 208 
232 212 
228 212 
204 232 
232 236 
208 232 
260 216 
204 232 
212 232 
212 212 
228 236 
232 192 
232 232 
232 232 
232 208 
236 236 
232 232 
236 624 
220 196 
228 232 
228 232 
232 232 
232 232 
232 236 
228 232 
228 232 
548 240 
228 228 
232 232 
228 236 
232 236 
228 240 
188 236 
232 212 
228 236 
232 432 
232 216 
232 232 
228 228 
208 196 
236 240 
228 228 
232 232 
232 232 
236 684 
232 240 
232 240 
228 232 
232 232 
232 232 
232 232 
232 236 
232 232 
232 232 
232 232 
232 232 
232 216 
212 236 
232 268 
208 240 
232 232 
228 232 
228 236 
212 204 
232 232 
192 212 
192 232 
236 208 
208 196 
208 212 
232 216 
228 208 
212 208 
208 212 
208 228 
208 188 
684 232 
208 212 
188 208 
1100 196 
188 284 
252 192 
204 1036 
232 196 
208 232 
204 228 
208 232 
212 224 
208 212 
228 232 
228 204 
220 232 
192 232 
236 228 
384 636 
204 212 
208 204 
192 192 
272 192 
192 232 
204 200 
248 228 
192 188 
232 204 
208 212 
188 232 
192 192 
216 232 
196 228 
208 212 
188 212 
232 192 
340 216 
192 192 
236 192 
260 212 
232 1140 
196 236 
196 232 
188 192 
192 192 
192 476 
228 192 
204 196 
188 196 
192 196 
196 192 
192 192 
212 192 
192 212 
232 216 
236 236 
204 232 
232 228 
228 232 
228 236 
232 236 
228 212 
228 232 
232 716 
232 232 
228 236 
228 272 
240 192 
228 232 
228 236 
228 236 
228 228 
192 232 
208 236 
192 232 
192 212 
232 236 
652 232 
232 236 
228 232 
228 240 
232 196 
192 232 
228 236 
236 236 
228 232 
228 240 
204 212 
228 208 
232 232 
232 232 
248 232 
232 232 
212 236 
228 232 
228 212 
232 232 
232 232 
212 216 
228 236 
212 232 
232 212 
224 236 
232 232 
232 656 
232 212 
216 236 
228 212 
228 232 
232 232 
228 232 
188 208 
228 192 
524 216 
208 220 
236 236 
232 236 
208 240 
188 212 
232 236 
192 196 
228 236 
188 196 
228 220 
192 424 
192 192 
188 236 
208 240 
632 188 
236 232 
236 332 
228 332 
216 192 
192 220 
204 192 
232 192 
208 212 
196 212 
188 192 
208 232 
204 240 
208 212 
192 236 
212 212 
192 216 
192 224 
204 236 
228 232 
204 228 
192 228 
232 192 
192 232 
228 232 
228 236 
232 192 
188 212 
352 196 
232 216 
192 216 
208 212 
220 228 
192 240 
232 236 
204 192 
216 232 
228 236 
236 232 
228 208 
228 232 
204 208 
212 212 
208 212 
208 212 
208 192 
208 208 
208 212 
236 232 
208 224 
212 228 
208 232 
228 232 
228 232 
192 200 
208 236 
232 236 
228 192 
232 220 
232 232 
232 232 
228 228 
232 312 
212 236 
240 236 
232 232 
236 240 
228 236 
232 232 
232 228 
228 236 
228 232 
232 212 
228 224 
232 232 
236 236 
228 232 
232 232 
232 236 
232 232 
188 1468 
208 216 
236 232 
228 236 
228 188 
228 288 
228 232 
232 240 
232 232 
212 236 
228 212 
232 232 
228 232 
228 232 
232 192 
228 228 
228 228 
228 228 
372 232 
232 212 
232 232 
232 236 
236 244 
232 236 
212 232 
228 228 
228 216 
636 232 
232 204 
208 228 
192 236 
232 232 
232 236 
224 228 
188 232 
232 212 
208 512 
312 212 
212 192 
204 236 
224 344 
228 232 
232 232 
232 236 
212 232 
212 720 
208 212 
228 212 
208 232 
212 212 
204 236 
212 232 
220 232 
196 212 
208 212 
208 208 
232 192 
232 212 
232 196 
284 232 
232 224 
236 236 
232 236 
232 232 
236 236 
236 240 
232 228 
428 496 
232 360 
232 228 
232 216 
232 236 
228 232 
228 236 
308 232 
232 232 
228 232 
232 232 
228 236 
228 232 
228 308 
204 232 
232 232 
212 228 
236 1112 
228 232 
228 232 
192 216 
224 192 
192 192 
192 192 
236 240 
232 224 
208 232 
236 236 
228 232 
212 208 
228 236 
192 232 
236 236 
192 196 
232 192 
188 200 
228 196 
196 240 
236 224 
228 192 
232 232 
192 232 
232 232 
188 200 
188 196 
192 196 
192 424 
220 192 
228 236 
232 232 
1000 212 
228 232 
228 236 
232 232 
232 232 
636 232 
232 236 
228 236 
228 232 
232 232 
228 228 
228 228 
232 232 
232 232 
232 624 
196 232 
236 228 
232 232 
236 236 
232 232 
232 232 
232 236 
232 232 
228 748 
236 236 
228 236 
228 228 
192 208 
232 196 
192 252 
208 228 
