# ./FR-trace starting at Wed Mar 18 15:40:20 2020
################# CONFIG #################
# slot=5000
# samples=10000
# threshold=100
# idle=500
# minlen=500
# runs=10000
# pdathreads=2
# nmonitored=2
#   monitor0=../apps/openssl ecp_smpl.c:933 0x1e3d58
#   monitor1=../apps/openssl ecp_smpl.c:940 0x1e39f3
# nevicted=0
# npdatargets=2
#   target0=../apps/openssl bn_lib.c:514 0x102f79
#   target1=../apps/openssl bn_lib.c:543 0x102fe5
# affinity=0
############## SYSTEM INFO ###############
# mastik_version=0.02
# sysname=Linux
# nodename=lovelace
# release=5.3.7-arch1-1-ARCH
# version=#1 SMP PREEMPT Fri Oct 18 00:17:03 UTC 2019
# machine=x86_64
################## DATA ##################
# run=963
# datapoints=906
196 44 
152 244 
316 196 
44 236 
40 44 
224 240 
236 224 
232 232 
232 208 
232 232 
232 52 
192 232 
224 196 
228 236 
236 236 
232 44 
192 200 
244 196 
232 232 
232 236 
232 48 
192 228 
228 196 
232 232 
240 232 
40 44 
188 252 
228 236 
232 196 
208 228 
232 44 
192 236 
236 196 
228 192 
232 232 
232 48 
196 196 
232 228 
208 192 
228 236 
232 44 
192 240 
188 192 
228 192 
232 232 
236 44 
192 196 
232 212 
232 188 
228 232 
232 44 
192 236 
240 240 
252 200 
232 232 
384 48 
196 212 
232 192 
236 192 
232 232 
232 48 
196 236 
232 228 
228 232 
604 228 
228 44 
228 236 
232 236 
232 196 
228 232 
232 44 
192 240 
232 232 
232 236 
228 232 
224 44 
192 232 
228 192 
236 200 
228 232 
228 44 
228 196 
200 236 
228 232 
228 232 
236 44 
192 232 
280 196 
232 744 
232 232 
232 44 
192 196 
232 1040 
232 200 
228 232 
228 44 
196 236 
232 192 
232 220 
228 232 
232 44 
196 236 
236 200 
232 248 
228 232 
232 40 
224 232 
236 232 
228 192 
232 232 
236 52 
224 232 
228 204 
228 196 
232 236 
228 44 
196 224 
236 192 
232 240 
232 236 
236 232 
232 48 
196 220 
228 192 
216 192 
232 236 
188 44 
196 232 
232 240 
276 196 
232 228 
232 44 
192 236 
208 196 
232 224 
228 232 
228 40 
192 240 
196 224 
236 232 
252 196 
220 232 
240 44 
232 236 
188 236 
228 196 
228 372 
228 232 
228 40 
188 224 
408 188 
232 216 
228 228 
224 48 
236 240 
228 220 
232 192 
228 228 
228 44 
228 368 
236 200 
228 192 
228 236 
228 40 
232 236 
228 232 
284 196 
232 232 
232 508 
236 44 
192 44 
236 236 
232 232 
232 232 
236 48 
236 240 
236 232 
232 740 
232 232 
228 44 
224 192 
232 188 
232 572 
232 228 
228 44 
196 236 
236 196 
272 196 
228 240 
236 44 
196 236 
232 196 
236 196 
232 240 
228 44 
196 192 
228 192 
236 224 
228 232 
232 44 
232 44 
236 240 
236 240 
228 236 
232 232 
228 232 
208 48 
240 236 
228 196 
236 232 
204 48 
192 236 
236 224 
244 200 
236 236 
232 44 
196 240 
236 196 
236 192 
216 236 
232 48 
236 204 
236 188 
236 236 
228 240 
228 40 
252 240 
232 196 
208 208 
236 232 
232 228 
232 48 
192 196 
228 192 
228 240 
232 48 
232 200 
228 192 
228 232 
232 236 
236 232 
228 40 
240 228 
1120 224 
232 236 
440 232 
232 48 
224 200 
232 236 
232 192 
228 232 
232 48 
240 192 
192 232 
640 200 
240 192 
232 236 
228 44 
192 216 
236 196 
228 236 
232 628 
228 236 
228 48 
212 196 
228 232 
224 232 
232 236 
232 44 
208 196 
236 192 
236 248 
228 748 
228 48 
192 236 
236 240 
232 196 
236 236 
232 48 
196 232 
228 196 
232 232 
236 236 
228 48 
188 212 
232 192 
236 236 
228 236 
232 44 
196 228 
232 200 
232 228 
236 232 
980 232 
228 44 
192 236 
232 244 
232 188 
228 228 
232 44 
192 192 
228 192 
236 188 
232 236 
224 44 
228 228 
232 236 
228 196 
232 236 
228 44 
196 236 
232 204 
236 232 
232 236 
208 40 
220 232 
240 236 
228 212 
232 232 
232 44 
228 232 
228 228 
228 196 
208 208 
228 44 
188 200 
256 196 
1012 232 
236 232 
228 40 
196 240 
216 204 
236 216 
228 228 
224 44 
196 244 
232 192 
244 196 
232 232 
228 44 
228 200 
716 216 
224 192 
228 232 
232 56 
232 44 
228 236 
236 236 
232 192 
216 216 
212 208 
192 200 
192 236 
264 192 
232 192 
648 264 
496 232 
192 192 
232 328 
416 212 
196 208 
196 192 
228 192 
232 192 
224 208 
208 192 
312 192 
192 232 
196 208 
192 188 
196 196 
292 196 
232 196 
192 196 
236 188 
228 228 
192 236 
232 196 
228 240 
228 232 
228 236 
328 252 
196 192 
192 188 
224 232 
232 236 
232 232 
228 236 
228 232 
232 228 
228 236 
232 232 
236 232 
228 236 
232 236 
232 236 
232 236 
232 232 
228 236 
228 232 
196 240 
228 188 
232 220 
232 232 
212 228 
236 48 
196 252 
228 196 
228 228 
196 192 
228 232 
952 192 
232 232 
232 236 
232 236 
228 232 
228 236 
232 232 
208 212 
228 240 
232 232 
196 216 
192 220 
236 236 
228 224 
232 236 
228 232 
240 204 
236 200 
196 300 
196 216 
232 452 
204 196 
212 236 
228 212 
212 216 
200 216 
200 192 
676 492 
208 188 
220 240 
208 236 
224 228 
228 232 
196 212 
192 204 
220 236 
212 232 
236 196 
208 192 
208 208 
192 208 
196 192 
232 600 
192 216 
236 188 
228 236 
208 228 
208 212 
232 232 
228 232 
228 192 
232 236 
232 236 
228 232 
232 232 
192 216 
228 216 
232 276 
192 216 
212 192 
212 208 
204 232 
668 196 
212 192 
232 204 
232 268 
188 196 
228 212 
228 212 
228 232 
236 212 
232 220 
232 192 
196 232 
220 188 
232 216 
236 240 
200 232 
228 236 
232 232 
196 196 
228 196 
232 228 
232 232 
1124 204 
228 232 
208 212 
232 232 
192 232 
236 232 
208 232 
232 232 
192 192 
232 196 
236 192 
196 196 
212 316 
196 200 
200 192 
1268 196 
192 196 
188 244 
228 196 
324 236 
232 212 
196 192 
192 192 
312 212 
188 216 
352 236 
208 228 
228 240 
208 212 
232 228 
192 192 
200 192 
220 572 
336 200 
220 212 
228 628 
232 200 
204 232 
228 192 
192 232 
236 212 
228 196 
188 192 
208 236 
708 236 
188 236 
228 236 
236 232 
192 236 
232 236 
232 232 
228 232 
236 236 
228 600 
192 232 
232 232 
228 236 
232 232 
228 240 
232 236 
232 236 
228 228 
228 232 
192 232 
232 236 
236 236 
228 236 
644 328 
228 216 
340 252 
188 192 
192 192 
228 232 
188 232 
208 252 
196 188 
208 228 
192 220 
220 200 
232 236 
300 216 
216 192 
212 204 
228 192 
940 216 
200 232 
216 232 
232 196 
332 196 
236 208 
460 232 
232 236 
192 236 
232 208 
184 232 
204 192 
212 232 
212 208 
212 304 
196 232 
236 220 
196 232 
232 224 
208 672 
200 208 
208 208 
232 212 
188 192 
212 196 
232 252 
192 228 
208 188 
208 212 
188 192 
192 228 
192 196 
188 192 
188 188 
208 196 
232 196 
192 236 
228 196 
212 588 
196 244 
204 212 
204 236 
192 192 
184 208 
196 204 
188 212 
192 196 
248 192 
224 188 
188 204 
196 192 
240 196 
192 208 
236 212 
212 220 
216 192 
232 192 
216 192 
192 200 
200 196 
716 212 
192 240 
228 236 
252 232 
232 608 
228 240 
228 232 
528 220 
192 192 
228 232 
232 232 
244 192 
228 236 
232 236 
232 196 
236 192 
228 232 
228 192 
196 228 
232 232 
312 200 
212 200 
208 212 
192 208 
188 192 
232 192 
232 216 
212 192 
192 192 
232 232 
228 284 
204 232 
192 196 
224 632 
204 216 
304 212 
208 192 
232 212 
220 316 
276 232 
188 208 
232 228 
212 196 
228 232 
232 236 
208 208 
212 232 
208 212 
232 196 
212 200 
232 228 
192 192 
196 188 
228 232 
232 192 
192 232 
232 244 
228 244 
232 236 
228 232 
192 232 
232 228 
188 256 
196 196 
236 264 
196 196 
264 192 
208 252 
212 244 
192 192 
212 228 
664 196 
312 192 
192 192 
208 236 
208 212 
232 232 
236 200 
192 208 
196 196 
188 232 
248 200 
216 208 
316 232 
192 192 
192 192 
192 212 
200 216 
188 208 
204 200 
228 232 
772 208 
236 196 
188 192 
200 192 
192 196 
216 200 
232 236 
232 232 
192 192 
304 252 
328 216 
232 228 
220 192 
232 192 
208 232 
192 196 
232 236 
232 236 
192 192 
244 188 
208 192 
196 196 
192 212 
224 244 
336 316 
196 332 
188 192 
204 428 
192 196 
188 192 
320 188 
188 236 
212 204 
216 216 
208 192 
188 196 
232 236 
192 200 
212 192 
228 236 
232 220 
228 188 
188 212 
232 236 
192 228 
232 196 
232 232 
200 232 
196 212 
228 356 
212 196 
196 236 
212 212 
192 208 
200 208 
232 196 
208 236 
188 192 
192 196 
208 200 
192 192 
192 232 
208 192 
228 200 
188 196 
196 192 
220 192 
600 236 
204 192 
228 240 
204 228 
192 208 
232 232 
232 232 
232 192 
228 228 
300 228 
232 212 
232 232 
228 232 
232 196 
232 232 
224 188 
232 232 
240 196 
548 236 
228 236 
228 236 
212 192 
228 236 
232 236 
188 232 
228 236 
212 192 
232 404 
192 232 
228 236 
224 244 
192 192 
188 192 
192 236 
228 232 
204 192 
232 236 
228 220 
200 276 
196 236 
232 232 
232 196 
212 232 
228 236 
232 236 
228 196 
228 236 
228 236 
232 232 
220 232 
192 220 
228 232 
188 188 
232 236 
196 204 
228 232 
232 236 
224 216 
232 232 
232 236 
220 212 
224 236 
228 232 
232 232 
228 212 
232 232 
232 232 
228 196 
228 188 
228 208 
236 232 
232 232 
236 232 
228 236 
232 236 
232 232 
232 196 
188 596 
188 288 
188 232 
208 228 
204 212 
188 232 
196 192 
268 192 
196 208 
232 188 
192 216 
228 236 
304 236 
228 228 
232 232 
232 236 
192 228 
192 236 
524 232 
232 192 
196 192 
188 188 
228 236 
232 940 
228 312 
236 236 
232 192 
320 420 
228 196 
232 236 
232 232 
232 240 
