# ./FR-trace starting at Wed Mar 18 15:47:47 2020
################# CONFIG #################
# slot=5000
# samples=10000
# threshold=100
# idle=500
# minlen=500
# runs=10000
# pdathreads=2
# nmonitored=2
#   monitor0=../apps/openssl ecp_smpl.c:933 0x1e3d58
#   monitor1=../apps/openssl ecp_smpl.c:940 0x1e39f3
# nevicted=0
# npdatargets=2
#   target0=../apps/openssl bn_lib.c:514 0x102f79
#   target1=../apps/openssl bn_lib.c:543 0x102fe5
# affinity=0
############## SYSTEM INFO ###############
# mastik_version=0.02
# sysname=Linux
# nodename=lovelace
# release=5.3.7-arch1-1-ARCH
# version=#1 SMP PREEMPT Fri Oct 18 00:17:03 UTC 2019
# machine=x86_64
################## DATA ##################
# run=1386
# datapoints=1238
44 44 
208 168 
48 44 
200 204 
228 188 
204 192 
244 236 
192 216 
184 192 
156 212 
196 232 
196 196 
208 48 
44 48 
44 44 
228 236 
204 212 
232 192 
40 216 
40 52 
232 204 
216 196 
200 228 
196 44 
236 196 
188 192 
188 192 
208 48 
236 196 
224 228 
484 228 
48 56 
216 216 
228 316 
276 40 
232 228 
232 220 
232 236 
228 44 
192 192 
224 196 
228 212 
248 52 
224 260 
232 240 
192 48 
192 192 
228 192 
224 236 
196 48 
212 244 
232 240 
200 196 
184 48 
200 188 
232 192 
216 192 
208 44 
188 256 
192 232 
196 224 
232 104 
240 44 
228 200 
232 220 
228 44 
192 192 
224 192 
208 216 
252 48 
212 196 
212 440 
212 48 
196 232 
208 196 
208 208 
208 44 
200 188 
196 228 
196 212 
232 44 
216 252 
192 232 
40 44 
204 200 
188 196 
236 344 
232 232 
184 48 
192 192 
192 228 
192 212 
196 48 
212 220 
192 220 
188 44 
236 216 
228 228 
188 208 
188 44 
196 192 
228 232 
252 44 
216 196 
208 236 
188 1556 
256 44 
200 232 
228 228 
208 212 
192 48 
232 212 
1072 196 
192 232 
188 44 
232 220 
192 192 
192 188 
188 44 
228 228 
220 188 
232 196 
188 48 
228 192 
228 232 
228 40 
212 192 
232 192 
312 212 
188 40 
656 192 
192 192 
208 196 
192 44 
200 188 
232 188 
196 192 
216 48 
192 248 
232 236 
188 48 
232 48 
232 196 
192 232 
196 220 
188 48 
228 208 
196 196 
212 48 
192 44 
208 220 
188 192 
464 40 
192 196 
192 192 
48 212 
236 52 
188 192 
232 192 
228 228 
192 48 
632 192 
232 192 
228 200 
196 44 
204 196 
208 188 
192 212 
196 52 
208 192 
228 236 
216 44 
196 240 
236 236 
204 192 
212 172 
192 48 
188 236 
224 212 
208 224 
212 44 
228 192 
228 192 
200 208 
188 48 
228 204 
232 228 
196 236 
212 48 
208 940 
232 236 
196 40 
212 196 
196 216 
44 44 
232 224 
236 196 
208 748 
196 40 
232 196 
212 216 
228 44 
232 268 
220 312 
232 228 
192 48 
232 228 
208 232 
196 200 
208 48 
228 1264 
228 236 
44 44 
208 244 
196 192 
196 192 
192 44 
236 192 
212 196 
204 216 
192 40 
188 236 
188 220 
188 208 
196 48 
232 192 
196 208 
236 44 
196 196 
232 208 
192 224 
228 44 
220 236 
192 200 
232 44 
188 220 
196 196 
232 232 
192 48 
192 212 
212 228 
232 216 
192 48 
196 196 
212 232 
236 236 
196 44 
228 188 
200 236 
192 44 
244 52 
196 196 
228 232 
200 44 
240 200 
228 196 
208 196 
236 44 
188 208 
228 240 
204 192 
192 44 
248 192 
236 236 
192 188 
192 48 
196 196 
228 212 
208 252 
188 40 
232 192 
232 240 
260 232 
44 44 
252 316 
236 236 
232 44 
212 200 
212 192 
228 232 
232 44 
248 232 
232 192 
212 220 
228 44 
228 192 
212 208 
228 212 
196 44 
208 212 
236 264 
232 44 
208 324 
228 216 
236 52 
204 248 
192 196 
192 236 
188 44 
232 204 
228 232 
208 44 
188 232 
212 212 
232 232 
196 48 
224 196 
208 188 
232 232 
1144 48 
236 204 
208 192 
208 208 
196 44 
224 220 
228 228 
192 196 
236 44 
236 236 
236 196 
196 260 
232 44 
228 192 
232 196 
212 192 
208 44 
212 196 
324 228 
208 688 
44 48 
208 192 
208 208 
232 88 
328 44 
188 208 
232 232 
200 52 
196 236 
212 192 
232 228 
880 48 
188 240 
232 216 
228 232 
200 52 
196 196 
188 192 
192 228 
192 44 
232 216 
232 232 
188 196 
196 44 
232 212 
240 212 
192 48 
192 192 
232 596 
228 304 
232 44 
232 192 
196 240 
196 192 
228 44 
188 192 
212 228 
228 232 
232 40 
220 196 
232 192 
192 552 
208 52 
232 192 
228 240 
188 196 
192 44 
192 192 
228 236 
204 52 
192 216 
188 332 
232 236 
188 48 
216 200 
232 236 
192 192 
236 48 
192 200 
228 216 
1772 48 
844 216 
236 192 
192 192 
212 52 
236 216 
228 192 
192 212 
44 44 
232 236 
220 192 
212 240 
232 48 
228 192 
212 228 
192 216 
188 40 
208 208 
204 212 
232 44 
208 232 
192 216 
220 192 
188 52 
192 216 
212 208 
236 48 
228 192 
208 232 
192 212 
40 44 
236 200 
208 232 
204 208 
188 48 
828 216 
216 192 
212 52 
196 40 
228 188 
192 212 
188 96 
44 44 
236 192 
208 220 
204 208 
192 48 
200 192 
208 212 
196 232 
188 48 
208 200 
208 208 
236 232 
200 44 
232 236 
232 236 
228 48 
232 248 
232 232 
232 264 
204 52 
232 196 
232 224 
324 44 
192 192 
232 236 
196 300 
220 40 
228 192 
232 328 
232 288 
196 44 
192 192 
208 212 
212 188 
192 48 
224 236 
212 196 
228 228 
188 48 
232 196 
228 192 
232 228 
232 48 
196 196 
212 208 
216 212 
192 48 
188 328 
192 188 
200 192 
192 52 
232 224 
232 232 
192 44 
196 236 
232 232 
188 192 
188 52 
232 236 
324 192 
192 44 
352 216 
232 212 
188 232 
192 44 
192 228 
188 200 
192 192 
212 48 
208 192 
192 232 
188 236 
192 48 
192 272 
204 208 
44 44 
208 232 
724 1164 
228 520 
236 48 
208 200 
232 232 
244 44 
192 44 
196 232 
184 216 
208 48 
192 196 
232 196 
200 212 
200 48 
228 196 
228 212 
208 96 
208 44 
228 236 
216 208 
208 44 
188 196 
200 212 
212 236 
196 44 
244 228 
192 236 
192 212 
232 44 
208 200 
272 228 
228 208 
188 48 
192 196 
216 208 
236 44 
208 200 
208 196 
228 236 
188 48 
232 200 
208 216 
232 48 
192 232 
208 200 
232 236 
188 44 
188 192 
228 196 
188 232 
208 48 
200 228 
212 232 
192 192 
232 44 
188 196 
228 228 
200 192 
208 48 
196 192 
232 236 
204 48 
196 232 
232 228 
192 192 
44 44 
192 196 
228 192 
232 232 
228 44 
196 48 
228 196 
196 200 
232 44 
196 236 
704 192 
232 216 
192 48 
236 200 
192 200 
232 556 
188 44 
228 208 
184 200 
944 196 
196 44 
228 232 
192 232 
232 232 
236 52 
236 196 
212 188 
208 232 
236 48 
216 192 
232 232 
192 44 
232 200 
192 232 
224 192 
44 48 
232 192 
192 236 
212 48 
236 192 
232 200 
196 232 
208 44 
188 200 
228 196 
208 192 
208 48 
240 196 
208 240 
236 232 
228 48 
232 232 
200 192 
212 212 
228 48 
208 228 
224 232 
236 228 
192 56 
264 224 
228 228 
300 236 
208 48 
208 192 
228 208 
208 44 
232 44 
236 196 
232 232 
300 44 
192 232 
216 196 
228 232 
228 44 
192 236 
236 208 
208 232 
236 44 
228 188 
236 248 
212 208 
288 44 
208 192 
224 200 
212 204 
216 44 
360 236 
232 192 
228 208 
192 44 
196 192 
212 212 
188 232 
208 44 
236 236 
208 216 
208 216 
188 48 
284 196 
232 312 
308 212 
188 48 
188 192 
708 236 
228 44 
192 196 
188 200 
232 228 
228 48 
188 200 
196 192 
172 44 
188 232 
280 280 
208 232 
232 48 
232 192 
192 340 
248 44 
192 188 
188 236 
236 196 
236 48 
236 232 
528 208 
220 236 
228 52 
232 236 
232 224 
192 48 
228 208 
228 232 
192 192 
192 48 
196 192 
192 228 
188 216 
232 48 
228 196 
212 196 
204 200 
192 44 
228 188 
196 204 
224 40 
236 196 
232 192 
224 280 
212 48 
196 188 
196 192 
188 192 
192 48 
232 208 
188 228 
208 208 
204 40 
208 196 
208 208 
204 212 
196 44 
212 216 
212 284 
232 232 
196 48 
236 216 
204 192 
232 344 
228 212 
240 308 
416 196 
192 208 
208 276 
236 196 
188 204 
276 264 
200 200 
212 196 
316 196 
192 208 
232 208 
244 188 
208 204 
232 200 
236 192 
232 716 
208 212 
192 192 
228 208 
228 232 
188 208 
188 212 
232 208 
216 208 
608 236 
192 216 
192 188 
232 212 
208 240 
192 192 
236 236 
188 192 
220 236 
192 476 
208 192 
192 188 
232 196 
228 192 
204 220 
192 236 
188 232 
192 192 
188 200 
188 192 
192 188 
232 232 
196 192 
228 532 
232 232 
188 196 
192 236 
192 196 
192 228 
216 232 
236 240 
192 196 
196 192 
188 196 
196 232 
228 196 
232 232 
192 212 
192 216 
232 228 
196 232 
192 224 
204 208 
188 192 
228 196 
192 208 
228 236 
196 208 
204 232 
188 232 
188 216 
212 208 
236 236 
212 220 
196 216 
212 192 
208 196 
232 212 
320 236 
212 192 
412 192 
228 216 
196 192 
212 228 
208 228 
192 224 
216 236 
184 216 
192 216 
228 232 
208 200 
196 192 
260 224 
232 192 
208 188 
204 188 
208 228 
228 236 
228 196 
208 220 
220 336 
212 308 
232 224 
208 208 
232 236 
212 212 
188 196 
204 208 
220 1272 
208 232 
212 232 
508 232 
192 192 
232 228 
196 224 
348 232 
196 208 
212 196 
192 196 
316 200 
208 228 
192 192 
232 212 
212 236 
208 192 
196 208 
208 212 
212 212 
236 232 
232 232 
192 216 
196 208 
312 216 
232 192 
212 196 
204 208 
208 200 
236 192 
280 212 
232 208 
212 196 
188 212 
208 624 
748 216 
232 236 
224 232 
232 232 
504 224 
304 196 
232 192 
192 192 
192 192 
228 208 
196 188 
208 216 
228 196 
192 192 
192 200 
196 192 
196 220 
232 232 
192 192 
188 236 
236 192 
312 232 
232 188 
192 192 
196 244 
232 236 
216 192 
224 236 
232 236 
276 272 
232 232 
208 192 
196 196 
208 232 
296 300 
308 260 
388 236 
220 192 
228 196 
196 212 
232 232 
236 308 
232 216 
208 192 
196 192 
196 196 
232 192 
192 196 
232 212 
232 356 
208 212 
196 196 
232 192 
188 200 
220 192 
208 220 
196 1148 
208 232 
188 212 
208 208 
228 208 
208 200 
248 196 
192 196 
208 208 
232 196 
200 212 
232 228 
192 304 
200 304 
204 192 
208 232 
212 200 
460 188 
244 236 
188 196 
208 196 
192 204 
228 232 
196 220 
192 196 
300 216 
200 200 
188 200 
272 188 
228 208 
200 196 
196 192 
240 196 
232 236 
192 192 
208 212 
192 212 
192 192 
188 192 
196 192 
188 232 
196 1168 
192 192 
228 360 
320 192 
208 216 
196 192 
196 212 
680 764 
620 232 
208 192 
216 188 
196 196 
232 192 
192 188 
232 228 
200 188 
192 192 
492 192 
228 192 
228 196 
192 196 
192 196 
232 208 
188 192 
236 236 
324 228 
196 232 
192 196 
192 192 
364 216 
192 212 
216 212 
228 216 
328 228 
204 212 
192 192 
196 1132 
228 208 
212 232 
280 284 
232 212 
220 1068 
196 196 
212 196 
184 196 
216 200 
204 456 
188 236 
192 192 
236 200 
500 212 
192 232 
228 224 
284 324 
204 236 
200 248 
204 192 
256 192 
188 196 
316 204 
192 192 
204 192 
204 188 
228 224 
188 200 
208 232 
192 216 
212 208 
280 252 
188 200 
220 236 
232 188 
228 188 
236 308 
208 336 
236 204 
192 192 
196 236 
320 260 
192 236 
204 192 
196 308 
212 212 
192 212 
200 204 
224 200 
200 224 
232 204 
240 216 
232 288 
240 240 
232 212 
212 216 
220 232 
196 244 
252 240 
204 200 
192 212 
188 216 
224 224 
200 228 
192 208 
380 208 
192 208 
192 204 
212 200 
196 204 
248 192 
228 248 
192 216 
196 264 
200 232 
236 204 
212 212 
228 200 
192 212 
192 224 
212 268 
304 236 
216 204 
328 240 
200 244 
192 192 
192 236 
212 240 
1132 200 
320 236 
192 236 
192 192 
196 236 
200 192 
192 220 
188 236 
196 196 
188 200 
200 188 
200 192 
188 192 
212 228 
208 192 
196 192 
304 240 
320 196 
216 192 
192 196 
192 252 
200 292 
192 236 
208 300 
192 192 
228 232 
204 228 
236 196 
196 196 
192 188 
192 188 
260 216 
208 208 
224 280 
252 208 
208 216 
212 196 
196 444 
236 188 
232 232 
236 320 
296 260 
236 196 
212 232 
328 220 
204 208 
192 216 
232 192 
224 300 
192 240 
208 208 
312 196 
232 236 
208 208 
228 276 
212 228 
228 220 
212 236 
232 340 
232 212 
228 208 
224 208 
228 364 
280 216 
236 336 
336 208 
232 208 
212 232 
280 280 
228 228 
196 192 
232 216 
192 200 
192 192 
204 196 
228 232 
196 196 
236 224 
288 208 
196 212 
192 216 
348 308 
232 220 
236 232 
272 748 
204 192 
204 208 
208 204 
228 232 
192 196 
536 232 
188 192 
232 232 
192 232 
516 232 
192 192 
232 236 
208 236 
228 220 
232 196 
232 196 
188 192 
192 208 
268 232 
212 212 
188 188 
204 212 
232 232 
204 220 
208 192 
204 212 
232 196 
212 192 
208 220 
208 208 
232 228 
196 236 
544 232 
220 196 
200 232 
212 192 
232 240 
204 212 
236 224 
192 196 
232 232 
