# ./FR-trace starting at Wed Mar 18 17:26:30 2020
################# CONFIG #################
# slot=5000
# samples=10000
# threshold=100
# idle=500
# minlen=500
# runs=10000
# pdathreads=2
# nmonitored=2
#   monitor0=../apps/openssl ecp_smpl.c:933 0x1e3d58
#   monitor1=../apps/openssl ecp_smpl.c:940 0x1e39f3
# nevicted=0
# npdatargets=2
#   target0=../apps/openssl bn_lib.c:514 0x102f79
#   target1=../apps/openssl bn_lib.c:543 0x102fe5
# affinity=0
############## SYSTEM INFO ###############
# mastik_version=0.02
# sysname=Linux
# nodename=lovelace
# release=5.3.7-arch1-1-ARCH
# version=#1 SMP PREEMPT Fri Oct 18 00:17:03 UTC 2019
# machine=x86_64
################## DATA ##################
# run=6827
# datapoints=1117
76 176 
36 32 
240 36 
40 36 
232 256 
240 456 
420 460 
420 256 
452 424 
248 256 
36 36 
40 36 
464 416 
424 256 
252 256 
36 40 
424 416 
256 260 
252 260 
36 36 
252 260 
260 260 
256 36 
456 420 
256 212 
248 44 
252 260 
252 252 
252 48 
248 256 
380 248 
252 36 
256 256 
256 252 
416 36 
252 256 
248 256 
412 36 
252 260 
616 256 
420 36 
252 256 
252 248 
420 36 
252 252 
252 256 
252 36 
260 256 
252 428 
208 36 
256 260 
248 252 
460 32 
244 420 
252 256 
248 40 
460 220 
264 684 
260 44 
456 416 
252 264 
248 44 
464 252 
264 260 
256 36 
456 424 
256 260 
256 264 
412 36 
252 260 
248 256 
236 36 
456 220 
256 256 
260 44 
460 424 
256 256 
256 40 
260 428 
252 252 
260 44 
460 252 
252 252 
260 44 
456 424 
256 256 
256 260 
416 36 
256 252 
252 256 
416 36 
256 260 
252 260 
452 36 
252 624 
252 260 
248 244 
252 420 
260 256 
240 232 
416 36 
248 256 
252 260 
240 36 
256 252 
252 256 
252 248 
460 420 
232 252 
248 44 
260 424 
252 256 
256 44 
256 252 
248 256 
248 40 
252 672 
248 232 
252 36 
252 252 
252 212 
252 48 
416 420 
260 252 
248 260 
416 36 
252 240 
260 260 
248 36 
248 260 
256 256 
256 36 
248 260 
252 260 
628 36 
344 420 
256 216 
252 116 
420 36 
256 692 
252 256 
252 40 
460 424 
248 480 
256 40 
260 428 
252 252 
252 40 
416 240 
256 256 
256 256 
412 36 
252 216 
260 260 
248 36 
252 252 
252 256 
416 36 
256 256 
260 260 
416 36 
252 648 
256 260 
252 40 
252 256 
252 256 
248 40 
252 256 
252 216 
244 36 
456 424 
248 260 
248 48 
416 420 
252 260 
256 268 
424 36 
256 256 
260 260 
416 36 
456 420 
256 256 
256 220 
456 36 
252 216 
256 260 
412 36 
256 260 
260 256 
412 36 
256 264 
252 268 
228 36 
252 416 
236 268 
252 48 
420 236 
252 264 
256 252 
416 36 
252 216 
256 256 
212 36 
240 232 
256 260 
456 36 
256 256 
256 260 
460 36 
256 260 
260 260 
420 36 
256 236 
252 252 
416 36 
248 260 
252 220 
420 36 
244 252 
256 256 
400 36 
448 432 
256 260 
252 44 
416 244 
252 260 
252 252 
456 32 
256 260 
684 252 
416 36 
456 428 
256 212 
252 44 
416 244 
256 260 
252 264 
416 36 
252 444 
252 260 
420 36 
248 260 
252 260 
452 36 
264 252 
260 256 
252 40 
460 420 
244 212 
256 44 
416 36 
252 252 
256 260 
412 36 
460 420 
252 256 
248 256 
416 36 
252 260 
260 256 
416 36 
252 260 
260 256 
468 32 
456 428 
252 256 
252 36 
452 420 
256 256 
256 260 
724 36 
256 256 
248 48 
420 416 
252 256 
256 40 
416 36 
252 260 
256 256 
464 36 
464 236 
256 252 
252 48 
712 456 
256 264 
248 256 
416 36 
252 256 
248 256 
228 36 
248 256 
256 256 
420 36 
248 252 
252 260 
428 36 
260 216 
248 256 
416 36 
248 256 
256 260 
412 36 
460 420 
260 252 
252 40 
416 416 
240 260 
248 232 
240 36 
252 260 
252 256 
460 44 
252 220 
252 44 
456 260 
428 260 
252 40 
460 260 
252 252 
248 40 
252 768 
244 264 
252 44 
252 252 
688 260 
420 36 
260 256 
264 256 
456 36 
256 256 
256 260 
272 36 
252 256 
260 492 
252 32 
460 256 
256 252 
252 40 
736 256 
256 256 
244 40 
460 424 
264 732 
248 52 
240 420 
260 252 
248 40 
924 560 
256 260 
248 260 
412 36 
456 420 
252 264 
248 40 
420 460 
252 252 
256 264 
416 36 
252 256 
256 256 
256 32 
248 256 
248 264 
256 40 
420 420 
252 264 
260 260 
492 36 
456 424 
252 260 
256 44 
456 424 
248 260 
248 44 
452 420 
252 256 
252 44 
244 420 
264 260 
248 268 
420 36 
252 252 
256 256 
252 40 
432 260 
252 260 
248 44 
456 424 
260 260 
256 260 
416 36 
256 256 
256 256 
416 36 
260 260 
248 264 
428 36 
256 544 
256 260 
412 36 
460 420 
264 256 
260 236 
460 36 
256 260 
248 40 
456 424 
252 256 
252 48 
408 460 
432 264 
252 232 
456 36 
252 260 
248 40 
416 244 
248 252 
260 188 
452 36 
712 256 
252 256 
464 36 
256 252 
248 40 
256 256 
252 264 
420 36 
456 424 
252 520 
256 48 
420 36 
248 256 
248 260 
240 36 
460 256 
252 260 
248 40 
452 424 
260 260 
252 44 
416 36 
260 260 
256 252 
252 416 
452 420 
260 256 
256 44 
252 256 
252 256 
252 44 
456 264 
252 260 
252 44 
260 260 
256 260 
416 36 
456 424 
252 260 
248 40 
416 456 
252 260 
248 260 
452 36 
256 264 
252 260 
416 36 
252 260 
244 256 
452 36 
252 424 
248 260 
260 44 
456 420 
256 256 
256 40 
460 36 
252 260 
252 40 
416 464 
228 264 
256 260 
416 36 
252 260 
252 256 
420 36 
252 252 
260 260 
248 36 
228 236 
252 268 
240 36 
460 420 
256 260 
248 44 
452 420 
260 252 
224 264 
416 36 
248 256 
248 256 
416 36 
260 260 
252 256 
420 36 
452 220 
480 260 
248 52 
416 416 
256 256 
256 256 
416 36 
252 260 
260 256 
252 36 
724 260 
256 260 
416 36 
252 264 
252 264 
644 36 
464 424 
256 260 
256 56 
420 420 
256 264 
256 44 
412 420 
248 256 
252 252 
416 36 
252 252 
260 260 
412 36 
248 520 
244 256 
260 36 
260 256 
256 264 
420 36 
260 260 
260 256 
412 36 
452 420 
248 260 
260 232 
420 236 
252 256 
252 260 
416 36 
260 252 
256 256 
412 36 
252 208 
260 264 
252 36 
256 260 
260 272 
444 36 
248 424 
252 260 
260 36 
252 252 
252 256 
420 36 
252 264 
256 260 
244 36 
248 256 
256 236 
256 44 
252 264 
252 252 
248 32 
508 420 
228 256 
252 260 
416 36 
252 256 
252 260 
412 36 
252 268 
252 260 
240 32 
436 416 
260 260 
256 176 
416 36 
248 264 
260 256 
416 36 
256 248 
260 264 
416 36 
260 256 
256 256 
764 36 
252 260 
256 260 
420 36 
252 260 
520 232 
412 36 
256 260 
252 260 
260 428 
252 636 
252 256 
248 36 
248 256 
752 264 
416 36 
248 268 
260 252 
412 36 
248 256 
248 256 
420 36 
216 252 
244 568 
244 260 
232 216 
208 232 
208 232 
212 216 
228 212 
208 208 
248 252 
248 260 
412 424 
256 260 
460 424 
252 260 
260 260 
252 264 
252 252 
260 264 
256 260 
248 260 
256 260 
248 256 
260 256 
248 260 
252 256 
248 252 
260 264 
252 256 
252 252 
256 252 
256 420 
428 236 
420 416 
232 220 
212 260 
248 216 
256 252 
252 260 
252 260 
264 256 
256 252 
256 260 
240 260 
256 256 
248 260 
252 260 
256 256 
416 424 
248 252 
236 272 
0 0 
0 0 
0 0 
0 0 
252 260 
252 216 
252 252 
252 256 
232 252 
248 252 
248 252 
212 232 
228 256 
244 260 
252 228 
248 248 
204 256 
248 232 
288 236 
248 228 
212 252 
212 236 
232 216 
252 244 
232 236 
252 252 
248 256 
212 256 
252 260 
252 252 
252 256 
248 252 
252 264 
252 260 
256 260 
256 260 
772 260 
252 256 
256 252 
252 252 
248 256 
260 256 
224 236 
244 216 
244 244 
252 212 
248 256 
236 260 
252 252 
248 268 
252 264 
260 256 
252 236 
256 256 
248 252 
224 268 
248 256 
248 264 
212 256 
256 260 
248 260 
252 240 
252 260 
252 256 
248 256 
252 256 
248 252 
212 252 
772 256 
256 264 
256 256 
248 268 
252 256 
216 212 
248 260 
252 256 
212 240 
252 260 
252 268 
264 260 
252 260 
260 260 
244 236 
252 252 
260 256 
264 256 
264 260 
252 232 
252 256 
248 256 
248 256 
252 264 
252 260 
252 252 
212 256 
248 256 
240 252 
252 260 
256 272 
260 260 
252 260 
260 256 
256 260 
256 256 
264 260 
236 240 
256 252 
252 264 
252 260 
256 260 
252 256 
256 260 
256 260 
280 244 
256 236 
252 264 
252 264 
252 268 
252 260 
252 272 
252 268 
248 252 
556 256 
244 268 
256 268 
260 256 
252 256 
252 264 
252 260 
228 264 
216 252 
252 364 
244 224 
232 232 
244 232 
248 208 
244 268 
232 256 
232 256 
248 260 
256 656 
244 208 
248 240 
252 216 
228 216 
256 236 
232 236 
212 220 
236 260 
248 256 
248 236 
236 256 
252 232 
252 260 
228 256 
232 256 
248 212 
236 256 
256 232 
260 260 
252 240 
228 248 
248 240 
236 232 
212 260 
252 236 
252 256 
228 244 
216 236 
248 264 
248 256 
208 248 
216 256 
348 236 
232 256 
252 212 
260 240 
256 232 
212 252 
260 232 
240 256 
252 252 
228 256 
252 236 
216 256 
228 240 
216 256 
260 232 
256 240 
216 252 
696 220 
208 228 
220 264 
204 232 
216 216 
212 252 
208 232 
264 212 
252 212 
280 432 
228 228 
260 208 
248 252 
232 256 
252 256 
248 256 
248 252 
256 264 
248 216 
256 232 
256 264 
252 252 
252 260 
256 256 
248 252 
248 252 
240 272 
520 260 
248 256 
212 216 
256 252 
228 260 
252 236 
228 252 
248 256 
264 220 
252 256 
248 236 
252 212 
248 256 
248 252 
256 256 
256 256 
248 260 
216 236 
232 256 
252 252 
204 220 
204 208 
244 228 
208 252 
208 212 
224 224 
216 232 
252 260 
228 252 
252 232 
228 228 
236 256 
464 212 
224 228 
224 224 
248 236 
248 240 
212 252 
212 212 
248 244 
228 248 
244 264 
216 216 
252 252 
208 228 
252 264 
252 260 
284 256 
252 268 
252 260 
208 212 
228 252 
256 232 
208 212 
244 212 
208 212 
228 248 
204 252 
224 228 
292 236 
256 244 
244 252 
232 256 
248 252 
248 256 
264 224 
232 216 
208 256 
248 716 
212 264 
236 276 
220 216 
256 252 
220 212 
264 236 
212 236 
264 208 
248 232 
216 252 
248 228 
252 260 
240 252 
212 256 
252 256 
252 248 
248 228 
740 252 
248 256 
228 236 
248 248 
228 216 
248 216 
252 268 
248 252 
252 252 
212 252 
248 232 
252 252 
252 248 
244 252 
252 256 
244 212 
248 256 
228 232 
248 428 
252 252 
248 228 
244 256 
252 244 
228 248 
248 260 
240 304 
236 236 
228 236 
248 260 
248 260 
236 260 
244 256 
260 252 
228 256 
232 256 
228 252 
208 252 
204 252 
252 260 
252 256 
248 256 
256 260 
244 236 
224 244 
248 248 
252 256 
252 252 
256 232 
248 252 
260 260 
264 248 
208 248 
256 248 
244 260 
208 220 
248 260 
240 248 
248 252 
252 260 
248 252 
248 252 
252 232 
244 256 
248 248 
216 256 
248 252 
244 256 
248 252 
252 240 
228 260 
232 212 
248 260 
244 236 
244 248 
252 220 
252 256 
232 260 
516 256 
228 256 
256 260 
204 256 
244 256 
224 232 
208 212 
216 604 
248 260 
248 212 
236 232 
256 260 
244 264 
252 264 
552 236 
212 256 
248 240 
256 264 
356 376 
248 236 
248 260 
216 216 
252 236 
232 256 
212 256 
248 252 
248 256 
212 256 
252 256 
256 256 
252 236 
264 244 
252 224 
216 216 
248 228 
224 232 
208 260 
244 232 
252 212 
252 252 
248 260 
252 256 
256 260 
252 232 
252 212 
256 212 
260 260 
248 256 
224 256 
256 256 
248 272 
248 256 
256 264 
260 264 
248 216 
256 256 
252 256 
244 300 
204 252 
248 264 
256 256 
260 252 
252 260 
260 252 
256 216 
268 264 
236 248 
464 268 
252 252 
