# ./FR-trace starting at Wed Mar 18 17:18:30 2020
################# CONFIG #################
# slot=5000
# samples=10000
# threshold=100
# idle=500
# minlen=500
# runs=10000
# pdathreads=2
# nmonitored=2
#   monitor0=../apps/openssl ecp_smpl.c:933 0x1e3d58
#   monitor1=../apps/openssl ecp_smpl.c:940 0x1e39f3
# nevicted=0
# npdatargets=2
#   target0=../apps/openssl bn_lib.c:514 0x102f79
#   target1=../apps/openssl bn_lib.c:543 0x102fe5
# affinity=0
############## SYSTEM INFO ###############
# mastik_version=0.02
# sysname=Linux
# nodename=lovelace
# release=5.3.7-arch1-1-ARCH
# version=#1 SMP PREEMPT Fri Oct 18 00:17:03 UTC 2019
# machine=x86_64
################## DATA ##################
# run=6381
# datapoints=1101
36 256 
36 36 
244 36 
32 48 
252 260 
696 420 
240 260 
436 456 
252 252 
36 36 
416 440 
260 236 
256 252 
36 52 
420 428 
424 256 
252 216 
416 36 
212 220 
224 212 
260 32 
244 424 
252 256 
236 36 
212 256 
232 216 
228 36 
456 420 
256 264 
256 40 
416 36 
256 252 
256 232 
456 36 
264 264 
248 44 
444 224 
224 232 
248 40 
252 256 
252 256 
252 44 
208 252 
252 216 
256 36 
456 420 
252 256 
252 40 
416 468 
248 256 
232 340 
416 36 
248 260 
224 216 
420 36 
212 240 
248 220 
456 36 
224 240 
248 40 
452 36 
232 256 
236 256 
412 36 
464 420 
264 260 
212 48 
452 420 
256 228 
248 48 
460 424 
220 256 
220 216 
420 40 
220 260 
256 40 
460 424 
244 216 
228 32 
416 428 
252 220 
228 256 
420 36 
212 224 
212 264 
252 36 
460 420 
232 260 
212 260 
208 36 
252 240 
252 260 
416 36 
220 256 
212 216 
416 36 
444 424 
240 436 
244 36 
456 428 
212 220 
252 40 
420 436 
256 216 
248 460 
420 36 
212 256 
236 256 
232 44 
504 604 
252 220 
212 36 
460 236 
216 388 
240 48 
452 416 
256 220 
216 256 
420 36 
248 260 
244 260 
416 36 
212 264 
220 264 
232 44 
256 232 
252 240 
256 44 
236 620 
236 260 
412 36 
252 704 
252 260 
212 32 
244 260 
252 256 
240 36 
216 256 
212 216 
248 36 
224 244 
260 236 
452 36 
228 220 
232 236 
216 48 
252 656 
248 256 
240 36 
212 220 
208 256 
248 32 
416 456 
256 256 
256 216 
416 36 
212 260 
256 212 
228 40 
224 264 
252 260 
252 36 
212 252 
260 256 
232 40 
228 260 
228 244 
208 32 
256 700 
252 256 
416 36 
460 256 
336 228 
256 36 
460 232 
252 252 
224 40 
432 416 
256 240 
260 256 
432 40 
264 352 
220 260 
416 36 
256 216 
216 224 
236 36 
212 264 
216 40 
416 36 
256 256 
228 232 
416 36 
436 420 
248 236 
252 36 
460 464 
216 236 
256 44 
460 424 
256 216 
248 276 
416 36 
248 256 
220 252 
660 36 
252 260 
252 264 
232 36 
236 236 
232 228 
240 36 
220 260 
260 212 
420 36 
232 212 
244 216 
456 36 
248 452 
236 228 
412 36 
248 224 
248 240 
248 36 
456 420 
232 228 
212 260 
416 36 
256 260 
232 264 
452 36 
416 424 
256 220 
232 48 
472 424 
264 212 
256 224 
416 36 
244 224 
256 252 
252 36 
440 424 
220 216 
236 48 
416 428 
236 236 
252 40 
456 416 
236 216 
252 56 
416 244 
256 248 
252 40 
420 424 
228 260 
240 44 
456 420 
248 248 
252 44 
228 236 
224 256 
232 40 
252 212 
252 264 
232 44 
432 260 
232 248 
248 40 
416 244 
252 260 
256 236 
416 36 
232 256 
336 260 
416 32 
252 264 
208 212 
212 40 
208 252 
240 256 
252 32 
232 260 
212 260 
420 36 
212 232 
680 256 
460 36 
252 260 
216 220 
420 36 
252 216 
252 256 
416 36 
256 264 
260 252 
420 36 
352 240 
252 256 
232 36 
320 216 
256 252 
252 44 
456 424 
660 260 
252 40 
252 328 
312 256 
256 44 
632 612 
252 388 
452 40 
252 256 
256 260 
252 36 
504 420 
260 252 
248 44 
424 36 
212 260 
256 40 
236 236 
228 764 
252 40 
416 424 
228 240 
244 72 
416 36 
252 252 
260 264 
648 36 
212 256 
252 212 
452 36 
252 228 
216 220 
460 36 
212 236 
252 44 
484 252 
256 256 
212 48 
456 420 
260 240 
228 44 
464 36 
256 256 
212 76 
416 36 
260 236 
496 140 
452 36 
260 252 
212 44 
228 216 
216 224 
492 36 
248 256 
228 260 
436 36 
232 724 
212 256 
416 36 
456 256 
256 212 
220 44 
456 424 
260 212 
256 44 
416 416 
216 216 
252 168 
416 36 
228 308 
248 260 
456 36 
216 260 
256 732 
412 36 
248 256 
212 248 
536 36 
216 228 
252 260 
216 44 
248 244 
252 244 
224 36 
236 260 
220 256 
460 36 
252 256 
236 260 
448 36 
248 256 
232 256 
252 48 
252 252 
232 216 
228 40 
248 260 
228 252 
420 36 
324 264 
248 220 
416 36 
252 256 
256 256 
232 40 
300 228 
220 256 
236 36 
252 252 
248 260 
252 40 
424 420 
248 240 
228 248 
404 36 
212 256 
252 240 
416 36 
212 264 
252 40 
452 36 
220 264 
256 120 
416 36 
252 232 
236 256 
460 36 
440 256 
232 244 
436 36 
236 256 
236 240 
420 36 
252 268 
252 220 
420 36 
236 252 
256 260 
412 36 
256 240 
252 236 
412 36 
232 232 
256 256 
248 48 
428 420 
320 264 
260 232 
420 36 
252 264 
236 252 
412 36 
252 220 
236 236 
240 36 
216 216 
260 44 
260 240 
248 256 
212 40 
256 212 
260 260 
212 44 
252 220 
256 216 
420 36 
252 252 
252 220 
212 44 
456 424 
216 260 
244 48 
632 416 
260 240 
216 48 
428 420 
252 220 
248 260 
420 36 
212 260 
236 40 
440 36 
244 256 
708 48 
456 424 
252 256 
248 44 
412 240 
212 224 
232 40 
460 420 
256 256 
252 256 
416 36 
256 260 
252 36 
416 40 
252 260 
248 48 
416 480 
216 256 
228 44 
460 432 
260 252 
232 44 
216 232 
248 224 
252 36 
256 772 
224 236 
412 36 
256 220 
256 256 
424 36 
460 420 
256 264 
280 48 
256 468 
224 232 
252 40 
240 424 
252 240 
236 232 
416 36 
256 240 
248 260 
244 36 
228 256 
228 220 
408 36 
248 236 
252 248 
412 36 
212 240 
240 240 
248 36 
244 240 
236 236 
412 36 
232 260 
452 240 
416 36 
248 232 
232 252 
416 36 
252 256 
236 256 
776 36 
252 252 
248 260 
220 40 
224 220 
240 224 
412 36 
252 636 
232 256 
212 40 
244 232 
536 220 
424 36 
460 420 
252 264 
232 40 
436 428 
260 240 
260 212 
416 36 
244 240 
260 256 
624 36 
252 256 
236 248 
416 36 
452 424 
216 212 
248 40 
460 428 
208 252 
248 44 
456 416 
216 352 
404 44 
456 420 
260 256 
204 84 
472 36 
216 256 
228 216 
420 236 
252 260 
256 264 
456 36 
252 216 
260 224 
248 36 
256 256 
252 116 
416 36 
204 232 
248 216 
248 536 
232 212 
300 216 
208 304 
252 324 
228 256 
224 208 
244 256 
312 212 
212 212 
208 216 
496 228 
248 480 
456 428 
224 432 
216 260 
256 216 
248 232 
256 256 
244 260 
212 228 
232 264 
208 264 
252 264 
248 252 
216 212 
228 216 
212 220 
652 220 
252 264 
252 212 
440 420 
224 216 
416 464 
416 460 
256 216 
248 236 
216 232 
252 268 
228 232 
248 256 
248 256 
216 216 
260 240 
256 220 
236 260 
260 256 
252 224 
232 240 
248 440 
232 236 
212 256 
228 220 
508 228 
220 216 
248 232 
252 220 
208 260 
212 208 
212 212 
208 224 
216 212 
244 264 
216 232 
208 260 
244 264 
248 208 
212 256 
256 216 
256 248 
260 220 
768 224 
216 256 
212 252 
224 236 
256 232 
248 216 
208 240 
252 216 
232 236 
208 232 
256 260 
256 256 
216 264 
348 264 
232 208 
260 220 
228 228 
208 220 
252 244 
256 212 
212 212 
208 248 
216 264 
208 212 
252 224 
212 308 
220 252 
252 240 
264 256 
252 236 
252 228 
228 252 
216 212 
252 232 
212 224 
208 264 
228 220 
212 248 
224 256 
208 220 
220 288 
216 264 
248 228 
252 212 
256 236 
252 236 
212 220 
208 232 
204 256 
216 236 
208 216 
232 228 
240 252 
208 220 
216 212 
212 228 
208 232 
208 220 
248 212 
216 224 
232 220 
248 256 
228 252 
216 216 
248 216 
216 236 
252 236 
256 256 
272 220 
208 232 
212 212 
228 216 
252 248 
212 260 
228 232 
228 240 
232 236 
252 256 
208 260 
252 256 
220 308 
232 240 
216 256 
252 240 
256 244 
228 236 
708 228 
232 240 
236 260 
256 256 
232 220 
228 236 
236 236 
232 228 
248 264 
528 260 
248 232 
260 236 
252 260 
224 268 
248 260 
236 256 
212 232 
236 252 
216 236 
216 264 
224 224 
240 224 
216 228 
212 216 
240 212 
212 220 
248 220 
212 216 
208 208 
244 256 
236 252 
212 220 
256 688 
220 248 
212 216 
208 232 
208 228 
256 284 
236 232 
208 216 
220 232 
244 216 
236 256 
256 232 
228 244 
212 240 
228 220 
212 236 
208 252 
216 216 
212 224 
228 212 
204 248 
208 236 
256 260 
228 232 
208 212 
248 228 
252 364 
220 216 
212 224 
216 256 
228 216 
236 256 
236 212 
216 232 
252 244 
224 240 
252 216 
248 212 
212 232 
208 212 
216 256 
216 332 
212 212 
220 224 
212 236 
216 220 
220 248 
208 224 
212 224 
232 308 
260 260 
240 240 
204 236 
216 216 
224 264 
216 216 
216 220 
208 256 
208 212 
272 236 
216 228 
204 388 
320 228 
240 240 
248 236 
252 288 
260 256 
248 248 
264 220 
208 256 
232 252 
248 260 
212 216 
224 232 
232 232 
260 260 
216 260 
248 256 
228 216 
212 212 
232 236 
248 252 
252 260 
252 212 
232 248 
308 240 
256 216 
228 216 
244 232 
216 252 
236 228 
332 248 
212 236 
212 220 
236 224 
372 352 
240 220 
212 224 
212 252 
212 212 
332 304 
208 212 
236 248 
224 212 
208 256 
232 216 
204 216 
252 256 
220 240 
228 232 
208 232 
208 212 
248 252 
252 224 
220 208 
232 216 
248 248 
248 252 
248 256 
232 232 
236 252 
264 240 
716 252 
248 208 
208 212 
220 212 
204 228 
208 256 
248 252 
244 256 
204 232 
256 212 
248 232 
244 232 
244 252 
244 228 
208 216 
252 216 
276 256 
248 252 
472 256 
208 252 
208 252 
244 252 
228 256 
252 256 
244 256 
240 236 
240 252 
208 256 
228 228 
256 216 
208 216 
216 212 
208 212 
216 252 
248 208 
248 256 
208 220 
248 224 
248 228 
208 216 
248 212 
252 232 
256 256 
224 256 
248 256 
556 240 
224 212 
228 232 
248 256 
248 212 
248 248 
208 252 
252 252 
248 212 
248 712 
224 256 
204 256 
244 256 
224 212 
248 216 
248 228 
224 256 
228 252 
224 704 
208 236 
252 232 
208 256 
248 216 
248 228 
212 212 
224 256 
208 232 
204 216 
252 232 
212 256 
208 256 
228 260 
248 216 
248 256 
248 232 
232 216 
228 228 
224 252 
248 212 
224 252 
204 256 
252 216 
224 228 
252 228 
244 232 
216 256 
248 256 
248 232 
232 212 
208 256 
204 212 
224 256 
248 252 
252 220 
244 256 
228 212 
248 252 
252 256 
252 240 
208 264 
224 252 
244 252 
248 256 
248 260 
208 252 
224 228 
224 232 
228 252 
244 256 
208 212 
232 232 
248 232 
248 240 
244 256 
224 248 
232 216 
224 212 
244 216 
252 240 
244 252 
248 256 
224 232 
232 256 
216 252 
208 252 
248 252 
332 256 
208 236 
224 256 
248 224 
224 252 
248 232 
248 252 
256 232 
224 232 
224 244 
224 328 
208 252 
248 220 
208 252 
240 252 
252 232 
248 260 
248 252 
212 216 
204 256 
228 256 
252 252 
228 252 
224 260 
228 228 
224 248 
248 232 
248 664 
244 212 
228 256 
224 232 
244 252 
224 252 
252 252 
224 252 
208 232 
232 252 
248 252 
248 256 
212 252 
212 232 
248 228 
252 236 
244 256 
248 252 
224 212 
208 256 
248 212 
208 252 
228 256 
228 212 
248 256 
208 232 
228 252 
248 260 
248 232 
