# ./FR-trace starting at Wed Mar 18 16:25:54 2020
################# CONFIG #################
# slot=5000
# samples=10000
# threshold=100
# idle=500
# minlen=500
# runs=10000
# pdathreads=2
# nmonitored=2
#   monitor0=../apps/openssl ecp_smpl.c:933 0x1e3d58
#   monitor1=../apps/openssl ecp_smpl.c:940 0x1e39f3
# nevicted=0
# npdatargets=2
#   target0=../apps/openssl bn_lib.c:514 0x102f79
#   target1=../apps/openssl bn_lib.c:543 0x102fe5
# affinity=0
############## SYSTEM INFO ###############
# mastik_version=0.02
# sysname=Linux
# nodename=lovelace
# release=5.3.7-arch1-1-ARCH
# version=#1 SMP PREEMPT Fri Oct 18 00:17:03 UTC 2019
# machine=x86_64
################## DATA ##################
# run=3459
# datapoints=1723
48 44 
260 216 
44 436 
40 208 
40 48 
48 48 
192 236 
208 240 
252 244 
0 0 
0 0 
232 536 
228 232 
228 196 
228 192 
236 236 
252 192 
232 252 
232 236 
188 236 
236 200 
228 192 
232 236 
232 232 
192 236 
192 200 
228 192 
236 232 
232 240 
40 44 
232 232 
220 188 
280 192 
232 232 
236 232 
48 40 
196 232 
232 224 
228 192 
228 232 
228 152 
228 40 
196 236 
236 192 
232 232 
228 232 
228 232 
232 44 
188 232 
236 196 
236 252 
228 232 
44 52 
208 200 
236 236 
220 232 
208 52 
220 236 
216 192 
204 232 
208 228 
208 48 
228 224 
212 224 
228 232 
236 44 
228 236 
192 236 
228 236 
232 232 
232 232 
232 52 
236 192 
232 236 
228 232 
228 232 
228 44 
240 196 
232 236 
232 236 
208 220 
188 44 
224 192 
232 236 
188 196 
232 236 
228 48 
220 228 
188 200 
232 244 
228 196 
228 44 
196 196 
236 200 
236 200 
228 192 
232 44 
196 240 
196 192 
192 192 
192 192 
204 200 
204 44 
188 196 
192 188 
228 236 
232 320 
232 44 
232 248 
240 200 
232 232 
232 232 
188 52 
192 236 
208 248 
232 224 
192 196 
228 44 
216 208 
196 204 
192 248 
192 208 
192 44 
236 240 
192 192 
188 236 
192 52 
188 240 
188 200 
188 196 
192 236 
232 44 
228 236 
228 192 
232 196 
232 236 
228 44 
228 240 
236 188 
228 232 
208 40 
192 208 
208 208 
204 576 
208 212 
208 48 
224 212 
208 192 
212 212 
232 44 
232 192 
236 192 
236 192 
228 232 
232 44 
232 240 
228 196 
208 192 
228 236 
228 44 
236 232 
236 204 
240 192 
232 212 
228 44 
228 208 
212 192 
208 212 
208 44 
208 220 
216 212 
208 192 
204 192 
212 212 
232 48 
212 48 
192 200 
228 196 
228 232 
236 44 
252 192 
228 200 
232 192 
228 212 
232 212 
208 48 
216 192 
208 200 
212 212 
208 40 
208 216 
208 220 
476 232 
224 44 
192 228 
196 232 
236 192 
228 372 
204 240 
232 52 
188 204 
708 228 
228 236 
216 44 
200 240 
192 196 
188 192 
236 52 
236 208 
236 188 
192 196 
192 232 
212 232 
196 44 
216 232 
212 232 
212 44 
228 240 
224 40 
192 236 
232 192 
232 248 
228 232 
232 232 
236 44 
196 232 
228 192 
228 192 
236 236 
44 44 
192 196 
236 244 
228 192 
228 232 
228 44 
192 232 
232 192 
232 248 
228 232 
232 44 
192 196 
240 224 
232 236 
232 232 
228 44 
228 236 
236 196 
228 196 
236 236 
232 44 
192 244 
236 192 
212 216 
232 232 
228 52 
196 240 
232 228 
240 192 
228 236 
228 44 
196 236 
208 192 
232 216 
228 232 
228 40 
192 236 
232 224 
228 232 
232 52 
196 236 
212 236 
228 192 
228 228 
232 40 
244 236 
232 196 
236 196 
236 236 
244 232 
228 48 
224 244 
232 196 
228 232 
228 196 
232 232 
228 40 
188 228 
464 196 
236 240 
232 232 
236 52 
232 240 
232 196 
228 192 
236 232 
232 40 
192 232 
224 192 
240 200 
236 236 
232 236 
188 48 
232 248 
228 196 
232 232 
232 44 
244 44 
228 244 
232 196 
228 196 
232 232 
236 44 
196 236 
240 224 
228 192 
228 228 
228 44 
192 232 
232 224 
232 236 
232 232 
228 40 
188 236 
228 196 
228 228 
232 236 
188 48 
196 236 
228 200 
228 232 
232 48 
232 228 
228 236 
232 196 
236 192 
232 236 
228 44 
196 232 
236 192 
228 196 
228 236 
228 44 
196 192 
256 196 
236 236 
232 240 
224 44 
192 236 
232 240 
228 232 
232 236 
228 44 
232 192 
228 196 
232 240 
232 232 
208 44 
232 232 
236 232 
232 196 
232 236 
228 44 
196 240 
232 188 
236 192 
212 216 
228 44 
196 236 
232 228 
228 192 
228 236 
228 44 
228 236 
264 192 
236 200 
232 232 
232 48 
192 200 
232 232 
236 192 
232 236 
228 44 
196 240 
236 240 
228 232 
236 232 
232 236 
236 44 
228 232 
232 228 
236 236 
744 232 
228 44 
188 236 
188 188 
232 236 
232 236 
228 232 
196 44 
232 192 
236 200 
228 236 
232 232 
188 48 
224 236 
236 196 
232 240 
232 44 
216 232 
232 236 
232 192 
232 236 
228 44 
228 192 
228 192 
236 232 
232 236 
232 40 
188 232 
232 240 
232 228 
228 232 
232 48 
188 220 
228 196 
228 236 
232 232 
232 44 
192 188 
236 188 
236 188 
228 232 
228 44 
192 192 
228 200 
228 196 
228 228 
232 48 
188 212 
236 252 
228 224 
228 232 
208 48 
196 236 
236 188 
236 196 
232 232 
236 232 
232 48 
192 188 
236 220 
204 192 
228 228 
228 44 
196 236 
236 220 
232 236 
232 228 
192 40 
192 192 
208 196 
228 236 
228 232 
236 236 
196 48 
188 240 
228 196 
232 232 
276 232 
232 48 
236 192 
232 192 
232 236 
228 228 
228 40 
232 196 
228 192 
512 192 
228 240 
236 44 
196 236 
232 192 
232 224 
232 232 
236 44 
196 216 
228 196 
236 192 
228 232 
228 48 
232 236 
232 236 
228 192 
228 232 
232 40 
232 232 
228 196 
232 196 
232 232 
232 48 
232 200 
196 228 
228 192 
228 196 
232 368 
232 44 
232 236 
196 232 
228 196 
236 196 
228 228 
232 44 
232 188 
232 192 
228 232 
228 200 
236 236 
232 44 
192 232 
232 236 
228 192 
232 232 
236 52 
212 188 
260 232 
228 232 
232 232 
236 228 
232 44 
196 232 
228 192 
228 236 
236 232 
228 44 
196 236 
236 188 
236 244 
204 236 
232 44 
196 236 
236 196 
236 192 
232 232 
232 44 
228 228 
232 244 
204 196 
232 232 
228 44 
196 236 
232 188 
232 192 
236 232 
232 52 
196 232 
212 196 
248 196 
232 228 
232 44 
236 192 
196 236 
228 192 
232 232 
300 236 
228 44 
236 196 
228 192 
232 232 
232 236 
232 236 
236 48 
196 232 
536 212 
232 644 
232 232 
236 40 
188 240 
228 196 
232 208 
232 228 
212 44 
220 200 
232 192 
228 232 
232 228 
232 48 
228 236 
228 196 
236 240 
228 232 
232 44 
192 236 
228 192 
232 200 
232 236 
232 200 
232 52 
240 196 
236 192 
232 236 
232 240 
232 44 
232 240 
236 192 
232 192 
228 232 
232 132 
232 44 
188 236 
228 196 
228 232 
232 232 
236 44 
188 196 
236 236 
232 412 
232 228 
236 44 
196 220 
232 192 
232 236 
232 228 
228 44 
196 232 
236 236 
240 220 
232 232 
236 44 
188 236 
236 236 
228 196 
232 236 
212 84 
236 48 
212 192 
236 224 
236 228 
228 232 
228 40 
188 236 
236 240 
208 196 
232 232 
232 44 
232 232 
236 200 
236 196 
236 196 
228 236 
232 44 
240 196 
236 192 
236 196 
232 232 
232 44 
196 232 
236 228 
228 232 
328 240 
232 216 
232 44 
220 232 
232 248 
228 192 
228 236 
232 44 
192 232 
572 192 
232 236 
232 232 
228 44 
224 236 
236 192 
232 192 
228 228 
232 44 
232 432 
188 192 
236 192 
236 188 
228 228 
228 44 
224 244 
236 248 
232 192 
232 660 
232 48 
192 232 
236 224 
228 196 
232 236 
228 44 
192 236 
236 236 
244 196 
232 232 
232 44 
192 236 
232 240 
232 192 
228 232 
228 44 
236 240 
228 224 
228 196 
228 232 
228 44 
232 192 
232 192 
236 236 
228 232 
232 44 
216 236 
232 196 
228 188 
232 236 
232 48 
196 236 
236 236 
232 236 
228 228 
228 48 
188 196 
236 228 
232 236 
232 236 
228 48 
212 196 
236 196 
236 244 
228 228 
232 232 
228 44 
184 200 
232 216 
240 220 
208 228 
236 48 
192 240 
236 192 
232 228 
232 236 
232 44 
192 192 
592 236 
240 216 
228 232 
228 44 
228 52 
192 236 
236 240 
232 196 
236 236 
352 232 
232 48 
188 196 
236 232 
232 236 
232 236 
232 48 
196 248 
232 232 
608 232 
232 228 
232 44 
196 236 
236 192 
248 200 
232 232 
232 44 
196 236 
232 192 
228 196 
228 228 
228 44 
196 228 
240 196 
232 192 
232 232 
228 44 
192 236 
232 192 
236 192 
232 236 
228 236 
228 44 
232 236 
232 192 
236 240 
232 232 
232 48 
236 236 
236 192 
228 188 
228 236 
232 44 
188 200 
260 200 
232 192 
232 232 
228 44 
236 200 
228 224 
228 192 
232 236 
232 44 
216 236 
236 228 
232 200 
228 228 
228 44 
228 236 
228 196 
240 204 
232 232 
236 48 
208 188 
236 192 
232 208 
232 236 
232 44 
196 240 
208 196 
228 192 
236 236 
232 48 
228 232 
192 200 
228 228 
224 228 
192 188 
212 216 
228 208 
232 220 
228 196 
188 240 
188 192 
192 268 
208 248 
208 192 
228 284 
196 192 
232 232 
212 212 
196 192 
228 232 
316 212 
188 208 
188 260 
192 196 
208 212 
256 212 
208 232 
232 192 
272 196 
188 212 
232 236 
192 192 
196 196 
232 228 
184 216 
228 324 
272 248 
228 188 
208 236 
228 208 
208 192 
232 212 
228 212 
232 256 
232 216 
212 236 
188 192 
660 196 
232 212 
228 216 
196 232 
228 232 
232 232 
232 232 
232 232 
232 232 
232 232 
232 236 
228 236 
228 236 
232 216 
192 212 
188 220 
208 204 
188 192 
204 208 
188 208 
232 204 
732 232 
284 212 
252 232 
248 196 
188 212 
188 228 
208 208 
188 220 
228 204 
232 532 
188 236 
208 216 
232 232 
192 220 
188 192 
232 208 
232 228 
232 196 
232 236 
308 340 
208 244 
208 228 
232 192 
228 208 
208 232 
212 228 
192 188 
188 232 
228 232 
232 236 
232 232 
228 232 
208 216 
232 232 
228 232 
228 232 
228 228 
232 236 
236 232 
232 236 
236 236 
232 208 
192 236 
212 232 
236 192 
192 208 
232 192 
212 216 
228 248 
392 544 
232 236 
232 196 
228 196 
236 236 
192 216 
192 232 
232 236 
192 188 
192 200 
188 212 
256 188 
208 232 
232 232 
192 236 
192 196 
232 232 
204 232 
188 240 
196 196 
212 192 
196 220 
208 236 
232 232 
188 232 
192 208 
228 236 
228 748 
228 236 
232 196 
232 192 
212 216 
208 212 
232 200 
208 192 
228 216 
192 216 
196 196 
232 212 
192 288 
216 192 
212 204 
320 328 
224 232 
232 236 
232 236 
192 236 
212 204 
208 232 
344 212 
192 228 
192 232 
212 192 
192 196 
196 232 
208 196 
192 208 
196 196 
192 224 
188 224 
220 228 
232 236 
200 320 
272 240 
252 204 
228 192 
196 208 
192 212 
236 44 
60 196 
196 48 
216 216 
320 212 
192 212 
236 232 
232 44 
232 196 
208 196 
212 220 
212 220 
196 52 
200 196 
232 196 
220 236 
232 236 
40 48 
288 196 
228 196 
200 208 
192 196 
192 44 
200 304 
204 208 
228 232 
232 44 
188 196 
208 192 
256 200 
232 236 
228 48 
196 228 
244 236 
232 232 
232 232 
252 48 
232 212 
236 224 
232 232 
196 208 
204 52 
192 196 
280 240 
232 232 
232 44 
228 224 
192 240 
236 236 
208 236 
232 44 
236 240 
244 252 
188 228 
192 44 
196 196 
368 328 
236 232 
232 44 
244 200 
236 232 
216 196 
292 224 
196 52 
208 268 
232 320 
220 236 
236 44 
196 232 
248 252 
236 220 
328 236 
192 44 
196 236 
192 196 
192 224 
232 48 
204 200 
212 200 
232 232 
200 228 
204 192 
268 44 
196 204 
348 204 
228 232 
264 48 
248 228 
212 260 
352 260 
224 204 
188 40 
264 336 
268 192 
232 208 
200 44 
188 192 
212 208 
272 244 
200 44 
204 200 
236 296 
228 196 
216 208 
204 44 
188 192 
224 228 
232 200 
224 44 
192 236 
368 236 
204 208 
196 44 
188 264 
200 216 
244 196 
228 232 
192 40 
232 200 
232 208 
288 292 
236 236 
312 48 
216 192 
224 240 
208 200 
228 224 
232 44 
200 224 
208 236 
188 200 
192 240 
188 44 
196 236 
188 188 
208 232 
228 44 
224 228 
236 200 
212 260 
204 188 
204 44 
228 196 
236 240 
232 236 
192 316 
228 48 
192 192 
232 196 
216 192 
232 236 
228 44 
200 196 
232 232 
228 196 
308 332 
252 40 
196 240 
196 228 
192 196 
192 232 
196 216 
208 44 
200 208 
188 188 
228 232 
232 192 
228 216 
232 224 
228 196 
324 324 
272 340 
248 328 
188 200 
188 236 
228 232 
224 220 
204 240 
252 204 
228 212 
260 200 
240 292 
192 196 
232 196 
192 204 
208 204 
192 196 
232 228 
232 212 
268 240 
192 728 
232 212 
208 196 
224 228 
196 208 
200 196 
228 232 
228 224 
228 232 
224 236 
192 232 
224 204 
232 196 
200 204 
232 192 
192 212 
228 228 
288 192 
212 240 
232 212 
228 228 
212 44 
324 256 
188 196 
196 216 
252 236 
192 192 
264 256 
292 228 
196 268 
236 232 
192 196 
212 232 
196 224 
208 212 
212 192 
680 272 
200 228 
248 204 
204 196 
208 216 
268 196 
188 192 
212 196 
208 208 
196 196 
200 196 
196 200 
232 196 
236 364 
188 232 
204 320 
216 240 
356 240 
292 280 
256 200 
292 236 
212 192 
216 216 
196 196 
232 192 
208 204 
192 196 
188 192 
192 272 
196 240 
196 208 
212 204 
288 288 
196 204 
192 192 
212 236 
188 236 
200 192 
188 192 
232 340 
192 200 
244 232 
188 196 
204 208 
208 192 
224 228 
436 332 
212 212 
196 200 
196 200 
192 196 
204 192 
216 212 
460 264 
192 220 
232 204 
236 204 
200 228 
228 204 
188 216 
192 192 
324 256 
192 224 
188 192 
192 192 
192 264 
192 200 
228 244 
188 192 
192 196 
232 260 
232 268 
264 336 
232 192 
192 192 
192 200 
188 704 
224 196 
228 236 
200 200 
196 232 
200 192 
192 208 
212 232 
192 192 
196 192 
196 196 
208 236 
192 216 
196 196 
212 272 
208 232 
240 236 
192 196 
208 192 
200 196 
212 192 
192 192 
196 192 
208 212 
188 196 
192 196 
192 196 
192 208 
216 584 
184 188 
472 212 
200 212 
208 216 
208 204 
208 196 
204 196 
192 188 
192 192 
288 196 
228 232 
232 320 
204 212 
208 252 
192 192 
192 256 
196 236 
664 204 
220 220 
216 204 
192 196 
232 276 
188 228 
416 240 
324 300 
188 200 
196 324 
296 368 
188 224 
192 220 
208 196 
212 216 
192 192 
196 192 
208 192 
200 244 
240 332 
188 192 
196 320 
192 192 
224 232 
188 196 
224 220 
192 196 
208 288 
192 200 
192 268 
188 232 
228 224 
192 200 
232 192 
196 216 
192 212 
196 220 
196 1128 
192 196 
212 200 
192 188 
200 204 
208 236 
192 196 
224 196 
196 196 
192 192 
192 228 
192 200 
232 196 
284 240 
212 240 
324 320 
196 328 
240 252 
252 280 
192 260 
280 200 
212 192 
232 232 
252 220 
304 200 
208 716 
204 216 
196 196 
196 192 
196 200 
192 196 
196 192 
216 188 
196 196 
212 196 
200 204 
196 240 
220 192 
196 192 
188 192 
300 192 
208 204 
360 260 
228 248 
192 264 
192 196 
188 220 
204 196 
208 232 
192 200 
192 196 
208 248 
228 192 
320 236 
320 228 
296 260 
240 264 
192 224 
192 192 
204 304 
212 192 
200 196 
204 192 
196 196 
196 192 
200 208 
196 200 
192 228 
204 212 
188 196 
200 200 
192 220 
196 204 
212 216 
192 204 
200 208 
192 196 
224 228 
188 200 
200 196 
204 192 
196 192 
212 236 
232 232 
300 212 
244 228 
236 216 
236 304 
580 220 
208 188 
188 212 
288 196 
192 232 
200 256 
192 212 
192 192 
692 192 
184 192 
192 192 
232 228 
228 212 
220 316 
196 256 
212 212 
224 208 
212 212 
208 200 
196 232 
200 196 
196 204 
212 188 
204 264 
200 200 
196 196 
204 196 
196 296 
212 220 
220 196 
192 192 
212 200 
188 200 
216 192 
192 212 
188 192 
192 212 
192 208 
220 216 
192 200 
200 192 
228 216 
196 244 
200 200 
192 276 
192 220 
196 196 
200 192 
192 212 
196 212 
208 196 
296 208 
268 232 
288 240 
212 196 
324 232 
208 196 
192 196 
208 340 
208 192 
188 192 
192 216 
200 196 
232 248 
292 196 
236 208 
208 212 
188 256 
192 212 
196 188 
196 192 
432 212 
204 212 
200 204 
328 276 
232 336 
344 296 
252 188 
336 208 
220 192 
200 212 
188 196 
228 236 
232 348 
228 200 
192 692 
188 308 
220 196 
200 240 
196 196 
332 236 
192 196 
208 192 
192 212 
192 192 
244 232 
228 224 
264 196 
216 220 
236 248 
192 212 
192 204 
208 248 
200 192 
200 200 
196 204 
212 212 
192 216 
212 236 
208 200 
192 196 
188 212 
192 236 
192 196 
412 220 
196 196 
208 192 
208 204 
204 224 
196 256 
192 212 
188 200 
192 196 
188 208 
196 240 
196 196 
200 220 
192 200 
228 240 
308 264 
280 252 
196 192 
208 212 
396 236 
456 196 
196 632 
232 200 
196 216 
188 236 
240 192 
232 192 
208 192 
216 188 
188 196 
196 204 
188 208 
192 236 
236 224 
200 204 
192 240 
196 192 
208 196 
212 204 
212 192 
196 192 
188 276 
192 192 
200 216 
240 192 
196 196 
208 232 
188 296 
200 232 
200 188 
216 200 
252 240 
192 196 
224 212 
232 212 
264 188 
196 192 
240 268 
208 248 
208 236 
196 196 
188 220 
228 188 
196 212 
208 204 
188 492 
204 196 
196 196 
204 216 
220 196 
568 228 
488 212 
608 272 
240 200 
196 192 
196 196 
192 232 
196 200 
196 196 
192 196 
192 204 
220 284 
1272 196 
192 196 
232 208 
236 240 
216 200 
252 232 
216 240 
192 196 
240 192 
200 196 
196 264 
216 208 
188 216 
204 208 
192 196 
224 196 
188 188 
192 196 
192 204 
212 216 
188 192 
208 192 
220 196 
188 240 
192 224 
216 216 
192 192 
196 192 
228 232 
192 200 
188 216 
212 208 
208 188 
200 192 
196 192 
192 224 
196 200 
188 196 
232 256 
260 328 
192 200 
188 196 
192 196 
