# ./FR-trace starting at Wed Mar 18 17:25:01 2020
################# CONFIG #################
# slot=5000
# samples=10000
# threshold=100
# idle=500
# minlen=500
# runs=10000
# pdathreads=2
# nmonitored=2
#   monitor0=../apps/openssl ecp_smpl.c:933 0x1e3d58
#   monitor1=../apps/openssl ecp_smpl.c:940 0x1e39f3
# nevicted=0
# npdatargets=2
#   target0=../apps/openssl bn_lib.c:514 0x102f79
#   target1=../apps/openssl bn_lib.c:543 0x102fe5
# affinity=0
############## SYSTEM INFO ###############
# mastik_version=0.02
# sysname=Linux
# nodename=lovelace
# release=5.3.7-arch1-1-ARCH
# version=#1 SMP PREEMPT Fri Oct 18 00:17:03 UTC 2019
# machine=x86_64
################## DATA ##################
# run=6739
# datapoints=1522
40 236 
228 212 
48 44 
48 44 
40 48 
40 48 
192 240 
228 240 
236 236 
232 512 
228 232 
248 236 
192 240 
192 236 
220 220 
236 232 
236 192 
376 632 
188 208 
232 232 
196 232 
228 240 
212 192 
228 208 
232 208 
232 48 
236 232 
228 236 
236 192 
232 200 
224 232 
228 44 
232 236 
192 236 
236 236 
220 228 
208 208 
216 48 
204 200 
228 200 
228 196 
208 208 
228 44 
236 188 
232 196 
236 236 
208 208 
208 212 
208 44 
192 524 
236 192 
232 232 
232 236 
228 44 
192 196 
232 228 
228 240 
232 236 
232 236 
228 44 
236 236 
236 200 
228 216 
204 236 
228 44 
192 220 
232 192 
228 196 
228 232 
228 44 
192 192 
192 236 
212 236 
208 232 
208 240 
220 44 
212 232 
248 196 
212 240 
208 228 
236 40 
244 188 
208 196 
216 196 
204 232 
212 44 
208 228 
196 188 
208 192 
240 244 
228 208 
228 40 
252 212 
232 216 
236 224 
232 212 
228 48 
232 244 
232 232 
232 196 
228 228 
228 48 
232 192 
232 204 
236 232 
232 228 
232 240 
228 44 
228 700 
236 240 
236 240 
236 232 
364 44 
196 196 
196 192 
232 200 
232 236 
232 232 
196 40 
228 240 
240 236 
612 728 
224 232 
228 44 
196 232 
232 252 
232 240 
228 232 
228 44 
192 228 
236 232 
232 256 
228 236 
232 44 
196 188 
192 240 
236 188 
236 196 
232 232 
228 48 
212 212 
212 236 
268 200 
224 228 
228 44 
232 208 
232 236 
256 204 
232 240 
236 48 
192 240 
228 192 
208 236 
272 204 
188 40 
192 240 
188 196 
192 192 
232 196 
232 44 
220 240 
236 192 
228 192 
228 188 
228 44 
232 236 
196 236 
236 196 
196 236 
192 240 
196 164 
192 52 
192 200 
192 188 
232 232 
232 48 
196 232 
196 236 
236 188 
228 236 
228 236 
196 48 
196 196 
228 188 
232 236 
228 232 
228 44 
192 232 
236 232 
232 252 
208 216 
232 48 
232 228 
192 224 
228 252 
232 232 
228 44 
196 196 
232 192 
232 196 
228 236 
232 48 
192 228 
228 196 
192 192 
188 228 
188 44 
192 216 
196 192 
196 208 
192 188 
196 44 
228 236 
188 240 
232 196 
232 232 
224 228 
228 48 
232 228 
236 192 
232 232 
192 44 
196 188 
196 204 
192 196 
192 560 
216 192 
196 44 
192 200 
236 192 
236 240 
236 228 
232 44 
192 188 
228 196 
236 240 
232 232 
232 44 
228 232 
428 212 
228 192 
188 196 
232 48 
188 208 
196 236 
196 212 
216 208 
208 40 
192 216 
220 196 
228 236 
212 232 
204 236 
204 40 
196 232 
212 196 
208 200 
216 232 
232 48 
232 232 
228 240 
236 192 
228 228 
228 48 
236 212 
232 236 
232 216 
204 212 
232 52 
196 236 
208 196 
208 232 
212 232 
204 232 
228 44 
192 196 
212 232 
228 192 
228 232 
228 48 
196 236 
236 236 
228 196 
232 236 
208 44 
208 228 
188 192 
236 192 
228 232 
232 236 
228 228 
236 48 
232 188 
232 196 
208 212 
236 212 
192 48 
188 212 
212 216 
224 412 
208 220 
208 40 
204 652 
236 236 
232 196 
232 232 
232 44 
196 240 
192 236 
232 196 
228 236 
652 220 
196 48 
236 192 
224 200 
228 212 
228 208 
220 40 
224 232 
228 200 
228 196 
228 228 
228 48 
196 228 
236 240 
236 192 
236 232 
228 48 
192 228 
228 232 
232 220 
228 228 
224 48 
232 232 
232 228 
232 196 
232 232 
228 44 
192 200 
232 232 
240 236 
228 228 
232 232 
232 44 
188 240 
232 192 
232 204 
232 244 
232 52 
192 236 
232 232 
232 200 
228 232 
228 44 
192 232 
232 236 
232 208 
232 244 
228 44 
232 236 
236 244 
232 196 
228 236 
228 44 
196 196 
236 232 
232 244 
228 232 
232 44 
192 228 
212 236 
232 192 
228 236 
236 48 
208 232 
192 232 
192 236 
204 232 
200 228 
420 48 
208 204 
232 196 
280 188 
228 192 
232 48 
184 192 
228 192 
228 192 
228 188 
188 48 
248 236 
196 188 
196 228 
192 228 
192 44 
196 192 
192 192 
192 348 
228 212 
188 48 
200 196 
196 192 
188 636 
192 40 
192 240 
192 236 
680 200 
232 228 
232 232 
228 44 
236 232 
240 232 
232 200 
228 232 
228 44 
188 188 
192 192 
236 192 
188 212 
212 44 
196 188 
196 192 
188 196 
188 196 
192 44 
196 232 
192 236 
188 248 
188 232 
188 40 
192 236 
196 228 
196 240 
232 196 
232 232 
228 44 
192 228 
228 240 
228 192 
232 232 
232 48 
236 232 
236 232 
236 236 
228 232 
228 44 
236 236 
236 240 
232 232 
228 232 
228 48 
232 228 
236 192 
232 236 
228 240 
236 236 
248 44 
196 204 
228 228 
228 228 
232 232 
232 44 
192 236 
232 212 
236 196 
228 232 
208 44 
232 232 
228 232 
236 240 
228 240 
228 44 
236 224 
232 192 
220 200 
224 208 
212 44 
212 216 
232 232 
212 196 
204 232 
208 40 
192 188 
208 196 
212 192 
204 236 
236 76 
196 44 
232 232 
236 236 
236 196 
232 232 
464 44 
196 232 
232 228 
208 188 
228 220 
208 40 
208 200 
216 196 
212 208 
680 232 
228 232 
228 44 
232 212 
232 196 
240 236 
232 236 
228 48 
232 232 
236 232 
228 196 
228 232 
232 48 
236 232 
232 228 
236 236 
232 232 
228 40 
236 200 
236 232 
228 192 
228 232 
228 220 
228 40 
192 192 
236 192 
236 196 
228 232 
232 48 
228 228 
252 232 
232 220 
228 228 
232 44 
188 232 
232 252 
228 196 
228 236 
228 48 
248 232 
228 228 
232 192 
228 232 
232 44 
228 236 
236 232 
212 212 
232 236 
228 48 
212 212 
208 196 
216 192 
212 224 
204 48 
196 208 
208 216 
232 200 
228 228 
228 44 
192 216 
208 196 
236 236 
228 220 
228 44 
200 216 
212 228 
236 216 
228 232 
232 44 
232 208 
228 212 
232 212 
228 212 
208 48 
236 200 
188 244 
208 232 
244 212 
208 212 
196 48 
236 196 
228 244 
236 232 
228 240 
228 44 
232 232 
472 196 
240 204 
232 236 
232 48 
196 192 
192 232 
236 244 
236 232 
228 232 
216 44 
224 236 
208 196 
228 212 
228 208 
188 40 
212 240 
212 192 
192 232 
188 644 
188 44 
192 208 
232 200 
232 196 
364 232 
228 44 
188 196 
208 188 
228 200 
228 216 
228 200 
196 48 
232 236 
228 236 
232 208 
232 192 
236 44 
192 196 
232 196 
192 212 
228 236 
188 52 
200 232 
292 200 
220 204 
188 228 
228 44 
192 192 
232 192 
232 196 
232 240 
232 48 
232 44 
188 236 
236 232 
236 224 
228 244 
236 44 
188 232 
228 188 
228 232 
228 232 
236 192 
232 44 
192 196 
228 196 
236 196 
224 228 
188 44 
196 192 
192 228 
192 208 
188 188 
188 44 
196 192 
192 196 
212 240 
228 228 
228 48 
196 208 
228 192 
232 192 
232 224 
228 44 
196 232 
192 200 
232 192 
232 200 
196 44 
196 196 
240 204 
232 196 
232 240 
232 44 
196 224 
236 228 
516 192 
236 236 
228 44 
192 192 
192 192 
228 188 
236 236 
228 232 
232 48 
192 236 
236 232 
224 508 
224 232 
228 40 
192 236 
228 200 
236 236 
232 228 
232 48 
196 228 
236 232 
232 236 
228 232 
224 44 
196 236 
232 240 
240 188 
228 232 
228 236 
192 48 
192 192 
232 188 
232 228 
228 232 
232 48 
196 232 
232 236 
236 236 
236 232 
232 44 
240 192 
232 220 
192 196 
228 232 
196 44 
196 236 
196 236 
208 236 
208 232 
208 40 
224 228 
204 192 
212 192 
212 232 
204 44 
192 196 
208 220 
212 192 
208 232 
236 44 
212 240 
228 192 
236 208 
232 232 
236 48 
228 212 
196 228 
228 192 
208 192 
204 212 
204 40 
212 236 
212 192 
224 216 
208 208 
224 40 
204 228 
244 236 
208 192 
232 236 
232 48 
192 232 
232 232 
240 220 
228 232 
228 48 
228 232 
248 212 
228 200 
228 228 
228 44 
192 236 
192 232 
232 196 
228 232 
484 44 
192 196 
228 212 
236 208 
228 212 
232 44 
232 216 
232 192 
212 240 
744 236 
204 48 
196 232 
208 216 
240 196 
204 232 
204 44 
228 236 
232 236 
236 200 
228 228 
228 40 
236 196 
200 200 
236 240 
232 196 
228 212 
208 44 
208 208 
216 216 
220 216 
208 208 
216 44 
200 228 
232 228 
228 192 
228 232 
228 44 
196 192 
236 228 
232 236 
236 228 
232 48 
228 200 
188 244 
232 224 
224 232 
208 232 
228 40 
236 208 
224 212 
236 240 
228 228 
228 48 
236 232 
232 236 
232 224 
208 228 
200 44 
196 236 
312 240 
284 240 
268 232 
288 40 
192 240 
660 236 
232 228 
228 240 
232 48 
236 192 
192 196 
232 200 
228 200 
188 232 
196 44 
192 232 
196 192 
188 192 
188 396 
204 44 
188 232 
232 240 
236 192 
228 236 
236 44 
212 236 
232 240 
304 192 
228 212 
228 40 
228 192 
232 192 
248 252 
228 228 
228 228 
236 44 
192 236 
232 232 
228 236 
228 240 
232 44 
196 360 
232 212 
232 236 
228 232 
236 44 
196 228 
236 228 
232 232 
228 232 
228 236 
244 44 
188 232 
232 236 
228 196 
228 228 
228 44 
236 236 
232 228 
232 196 
232 236 
228 44 
212 196 
232 196 
228 192 
228 228 
228 240 
232 48 
228 684 
232 200 
232 196 
228 236 
188 44 
192 232 
192 200 
188 200 
188 188 
192 192 
196 48 
192 192 
192 192 
236 192 
188 232 
184 44 
188 240 
196 232 
196 192 
188 236 
192 48 
232 208 
232 236 
232 192 
232 228 
228 228 
228 44 
232 196 
204 188 
228 232 
188 196 
228 52 
196 196 
188 196 
188 192 
192 192 
196 52 
212 196 
240 236 
228 232 
228 44 
192 44 
236 192 
232 200 
228 232 
228 228 
232 48 
192 232 
236 228 
232 232 
228 224 
236 48 
220 196 
224 208 
316 188 
228 228 
228 48 
232 192 
224 220 
208 212 
228 240 
208 44 
212 208 
540 192 
220 212 
212 212 
204 48 
196 212 
228 216 
216 228 
208 232 
212 48 
212 740 
212 192 
208 192 
204 232 
228 44 
228 236 
232 216 
228 196 
232 236 
228 40 
236 208 
236 232 
232 192 
228 232 
232 44 
192 224 
236 240 
232 224 
228 228 
232 48 
220 228 
268 236 
232 192 
232 228 
228 48 
196 236 
232 196 
260 188 
228 236 
228 232 
232 52 
192 236 
236 240 
224 508 
232 232 
232 44 
192 228 
236 236 
236 192 
228 232 
232 48 
236 232 
236 232 
236 192 
232 240 
228 44 
236 188 
228 192 
228 196 
208 192 
228 232 
208 232 
196 228 
232 236 
188 212 
228 208 
212 192 
212 212 
208 208 
208 216 
212 208 
208 192 
196 228 
216 216 
212 216 
204 216 
232 240 
236 200 
232 220 
236 236 
228 196 
232 240 
232 188 
232 200 
232 200 
216 196 
212 204 
312 212 
212 216 
208 228 
204 212 
208 220 
208 216 
224 232 
228 236 
212 232 
564 232 
212 232 
212 228 
208 192 
232 196 
192 192 
196 192 
228 196 
236 192 
228 440 
232 200 
228 196 
192 232 
228 236 
232 192 
232 228 
188 192 
196 192 
228 704 
188 192 
232 232 
228 232 
228 232 
212 244 
232 208 
228 232 
232 208 
228 212 
224 216 
232 200 
192 196 
228 196 
228 192 
188 268 
232 204 
228 188 
232 192 
228 188 
192 192 
228 188 
192 212 
192 196 
196 228 
216 216 
196 228 
192 212 
196 240 
192 232 
192 232 
192 212 
216 188 
192 208 
204 200 
228 228 
228 236 
232 236 
224 236 
208 228 
208 232 
228 232 
208 228 
232 228 
228 228 
228 228 
228 232 
236 232 
228 236 
232 228 
224 188 
232 212 
228 236 
232 232 
228 232 
228 208 
228 236 
228 232 
232 232 
232 396 
232 212 
224 228 
224 228 
228 224 
220 192 
228 232 
228 232 
232 232 
324 736 
228 208 
232 232 
232 232 
188 236 
236 228 
232 232 
212 216 
232 232 
604 188 
228 236 
236 240 
228 232 
232 232 
232 200 
232 236 
236 192 
232 232 
312 204 
216 236 
188 228 
196 232 
192 192 
188 196 
196 192 
232 232 
228 212 
212 232 
228 228 
228 232 
232 228 
232 232 
232 232 
228 200 
196 232 
188 204 
188 196 
200 192 
188 196 
196 188 
188 192 
192 184 
228 240 
232 232 
188 228 
188 232 
196 228 
196 228 
196 236 
228 240 
228 232 
228 228 
228 232 
192 240 
228 232 
188 212 
208 196 
232 236 
192 208 
224 236 
228 228 
232 232 
228 232 
208 228 
196 232 
224 228 
232 236 
196 228 
208 192 
204 228 
188 204 
228 208 
224 192 
228 208 
208 192 
188 208 
228 220 
392 220 
232 212 
188 216 
204 216 
208 212 
224 208 
228 212 
232 204 
208 192 
228 232 
236 244 
208 216 
188 232 
216 208 
208 236 
192 208 
208 264 
232 208 
224 236 
228 220 
228 212 
260 212 
232 232 
216 208 
204 232 
208 208 
228 216 
632 232 
188 232 
208 208 
232 188 
232 192 
220 216 
200 192 
196 212 
212 228 
228 676 
188 192 
228 208 
192 204 
208 208 
236 208 
212 244 
228 236 
244 232 
308 232 
208 236 
236 208 
228 236 
196 232 
232 232 
208 228 
228 232 
212 240 
228 228 
228 228 
236 228 
228 232 
228 232 
188 196 
208 232 
228 232 
232 200 
208 188 
232 204 
208 236 
228 232 
228 232 
220 236 
228 216 
192 192 
232 212 
228 236 
208 228 
224 208 
208 232 
188 232 
192 232 
184 192 
220 208 
208 256 
232 232 
188 204 
188 212 
228 232 
196 220 
228 228 
236 240 
208 208 
228 212 
192 208 
188 212 
216 224 
188 200 
208 212 
208 212 
208 232 
196 240 
228 188 
236 236 
232 236 
208 236 
236 208 
232 232 
228 192 
232 204 
204 216 
228 232 
232 228 
208 196 
212 192 
232 232 
232 232 
188 232 
192 216 
232 232 
188 236 
200 192 
232 196 
208 212 
188 208 
228 228 
656 196 
232 228 
188 196 
200 196 
228 244 
228 236 
208 228 
228 232 
228 212 
228 212 
244 208 
228 208 
228 208 
228 236 
228 192 
216 192 
196 236 
208 228 
192 232 
208 212 
212 232 
188 196 
236 236 
228 228 
196 208 
228 196 
200 192 
228 232 
188 232 
188 232 
200 236 
232 232 
236 196 
208 216 
220 212 
228 228 
232 212 
212 232 
208 188 
188 232 
196 228 
188 228 
192 232 
228 196 
232 232 
208 208 
232 240 
232 228 
228 236 
228 192 
228 232 
196 196 
228 196 
236 208 
188 188 
188 192 
188 188 
220 232 
188 228 
228 420 
208 232 
188 200 
228 196 
196 228 
208 192 
228 236 
228 232 
228 228 
228 236 
212 208 
232 212 
228 232 
200 204 
228 232 
228 232 
224 232 
228 236 
228 228 
232 212 
188 232 
228 232 
228 232 
228 232 
228 232 
228 232 
232 232 
208 296 
204 208 
232 232 
232 232 
208 212 
232 236 
232 228 
232 232 
196 232 
668 228 
228 240 
228 232 
224 228 
208 188 
236 228 
232 232 
232 192 
228 208 
228 548 
228 232 
232 236 
208 232 
236 208 
732 232 
236 208 
220 312 
232 228 
228 220 
188 248 
228 232 
232 232 
228 232 
232 212 
232 240 
232 232 
232 232 
212 188 
200 192 
228 212 
192 228 
212 192 
188 192 
228 196 
196 192 
188 228 
208 232 
188 188 
188 196 
248 188 
196 196 
188 192 
188 192 
196 192 
228 208 
192 192 
232 232 
188 236 
228 232 
208 228 
456 228 
232 236 
228 232 
228 236 
232 236 
232 232 
228 232 
232 228 
228 232 
288 232 
208 236 
228 232 
228 228 
228 232 
232 232 
232 232 
252 528 
0 0 
0 0 
0 0 
232 240 
232 192 
228 216 
192 188 
188 212 
188 212 
228 232 
188 212 
196 192 
224 232 
