# ./FR-trace starting at Wed Mar 18 17:04:38 2020
################# CONFIG #################
# slot=5000
# samples=10000
# threshold=100
# idle=500
# minlen=500
# runs=10000
# pdathreads=2
# nmonitored=2
#   monitor0=../apps/openssl ecp_smpl.c:933 0x1e3d58
#   monitor1=../apps/openssl ecp_smpl.c:940 0x1e39f3
# nevicted=0
# npdatargets=2
#   target0=../apps/openssl bn_lib.c:514 0x102f79
#   target1=../apps/openssl bn_lib.c:543 0x102fe5
# affinity=0
############## SYSTEM INFO ###############
# mastik_version=0.02
# sysname=Linux
# nodename=lovelace
# release=5.3.7-arch1-1-ARCH
# version=#1 SMP PREEMPT Fri Oct 18 00:17:03 UTC 2019
# machine=x86_64
################## DATA ##################
# run=5615
# datapoints=1531
40 48 
192 196 
44 192 
44 216 
40 48 
228 228 
188 240 
236 196 
236 196 
228 232 
232 236 
196 252 
208 232 
232 188 
188 216 
228 156 
232 208 
228 520 
228 244 
192 236 
236 232 
212 200 
224 228 
48 48 
44 40 
80 48 
44 44 
224 240 
240 244 
228 188 
232 212 
228 232 
44 52 
236 188 
236 232 
236 240 
236 228 
228 48 
288 220 
228 200 
236 248 
228 236 
228 44 
228 236 
232 236 
232 192 
236 196 
580 236 
236 40 
192 240 
232 192 
236 196 
232 232 
228 48 
228 200 
228 188 
232 196 
228 228 
232 44 
228 200 
232 228 
228 188 
228 236 
224 236 
228 44 
228 196 
232 192 
232 232 
228 236 
228 44 
188 240 
232 192 
232 196 
232 232 
232 48 
196 200 
192 240 
240 196 
232 232 
228 232 
228 44 
228 228 
196 200 
232 228 
228 468 
228 232 
228 44 
228 240 
244 196 
236 196 
236 236 
232 52 
232 236 
228 192 
228 192 
228 232 
228 40 
332 232 
232 236 
236 212 
232 236 
228 48 
192 232 
228 196 
236 240 
232 232 
228 44 
200 240 
232 240 
232 196 
228 228 
228 44 
232 236 
232 192 
228 192 
228 228 
212 48 
192 232 
232 240 
232 196 
236 232 
232 48 
204 188 
236 240 
228 240 
232 212 
232 228 
228 44 
232 236 
228 192 
228 228 
236 232 
236 48 
188 192 
264 192 
228 284 
232 232 
228 48 
224 236 
224 200 
236 192 
236 228 
596 44 
252 188 
236 192 
232 228 
228 228 
228 44 
192 240 
240 224 
232 196 
228 432 
232 44 
236 236 
232 204 
228 240 
236 232 
228 232 
192 48 
232 236 
232 228 
232 236 
236 236 
232 48 
188 196 
232 244 
232 232 
228 232 
228 40 
192 240 
240 224 
228 196 
228 228 
228 48 
236 192 
228 192 
232 216 
232 232 
232 52 
188 200 
228 232 
268 228 
228 236 
228 48 
228 236 
244 196 
232 228 
232 228 
228 44 
232 232 
228 196 
232 192 
228 232 
228 44 
236 200 
232 196 
236 192 
232 232 
228 48 
236 204 
232 196 
232 192 
212 232 
232 52 
188 232 
228 192 
228 228 
228 236 
232 52 
228 236 
236 248 
212 188 
228 240 
228 44 
228 240 
228 232 
232 196 
232 196 
236 236 
228 44 
196 192 
236 188 
228 196 
232 232 
232 232 
228 48 
188 244 
236 192 
368 232 
228 208 
232 48 
192 244 
236 236 
232 196 
232 232 
228 44 
192 240 
620 196 
232 192 
228 240 
232 44 
192 240 
240 192 
232 192 
232 232 
232 48 
188 240 
232 192 
240 236 
228 228 
228 40 
232 752 
232 192 
236 196 
228 232 
228 48 
232 196 
188 236 
232 200 
228 228 
232 232 
232 44 
192 196 
236 228 
236 236 
236 236 
236 48 
196 200 
232 200 
232 196 
232 232 
228 48 
216 236 
228 192 
240 240 
236 232 
232 48 
228 236 
240 196 
228 196 
228 236 
228 48 
188 236 
236 240 
228 196 
228 232 
236 48 
228 236 
232 216 
228 192 
232 232 
224 48 
228 236 
232 236 
232 212 
228 236 
232 52 
204 232 
192 196 
232 240 
228 236 
232 232 
236 44 
192 196 
232 240 
228 232 
208 208 
228 48 
232 240 
236 208 
228 200 
228 232 
228 44 
228 232 
232 196 
228 212 
236 228 
224 44 
224 236 
236 196 
236 232 
232 236 
232 52 
336 232 
228 208 
252 196 
232 228 
228 240 
232 44 
232 192 
232 192 
232 236 
628 240 
228 44 
220 236 
232 248 
232 196 
228 236 
228 48 
236 232 
236 232 
228 204 
232 232 
232 44 
188 232 
236 236 
232 220 
232 228 
228 44 
192 236 
236 196 
236 232 
228 232 
228 44 
192 236 
236 196 
232 196 
232 240 
228 44 
228 240 
236 192 
232 236 
236 236 
232 232 
232 48 
232 236 
232 240 
232 204 
228 236 
228 44 
228 240 
188 240 
224 196 
232 232 
232 232 
228 48 
192 236 
232 196 
236 232 
232 232 
232 44 
192 200 
232 236 
236 200 
228 240 
228 44 
224 228 
236 212 
228 196 
236 236 
232 48 
192 240 
212 192 
236 224 
232 228 
228 48 
216 240 
236 244 
228 200 
228 236 
228 44 
188 216 
236 192 
228 232 
232 228 
232 236 
232 44 
228 232 
232 196 
212 196 
228 208 
228 44 
192 236 
236 236 
236 236 
232 232 
228 44 
192 236 
388 232 
240 208 
228 228 
236 44 
232 232 
232 236 
232 196 
228 236 
228 44 
236 232 
236 240 
228 192 
228 224 
232 44 
228 228 
232 196 
232 196 
232 232 
232 44 
228 48 
188 236 
232 236 
236 224 
228 236 
228 48 
216 240 
236 236 
232 192 
228 232 
232 44 
192 240 
236 240 
228 204 
228 232 
228 40 
188 236 
236 240 
232 216 
228 232 
228 44 
192 236 
236 232 
228 192 
228 240 
232 44 
196 236 
228 196 
240 196 
228 228 
232 48 
232 188 
236 192 
232 192 
228 228 
228 236 
196 44 
236 240 
228 204 
228 232 
228 232 
228 52 
236 200 
232 196 
236 232 
228 232 
228 44 
192 236 
236 196 
232 240 
204 232 
236 44 
192 236 
232 192 
236 232 
232 244 
224 228 
228 44 
188 236 
216 192 
228 240 
228 232 
228 232 
228 44 
228 228 
232 228 
228 204 
216 216 
228 44 
236 188 
256 196 
228 196 
228 228 
228 48 
228 232 
192 236 
424 204 
228 200 
228 228 
228 48 
236 196 
232 188 
232 232 
236 228 
232 236 
656 48 
196 236 
232 196 
232 236 
232 232 
236 48 
196 232 
232 188 
236 236 
228 532 
232 44 
192 236 
232 192 
232 248 
228 236 
228 40 
196 240 
240 240 
236 196 
228 236 
228 44 
192 236 
240 192 
228 196 
236 240 
232 52 
192 192 
236 196 
228 188 
228 232 
228 232 
196 48 
232 200 
232 236 
232 236 
232 228 
236 48 
184 236 
236 240 
232 236 
228 228 
228 48 
192 240 
236 196 
232 232 
236 228 
224 44 
192 236 
240 224 
228 196 
228 236 
236 44 
184 228 
232 192 
240 236 
224 236 
224 40 
232 236 
236 244 
228 208 
208 232 
236 52 
192 196 
228 200 
232 196 
232 232 
228 44 
192 236 
236 248 
224 212 
228 232 
228 48 
224 240 
236 244 
228 192 
228 228 
232 44 
196 228 
224 196 
232 236 
232 196 
228 232 
228 44 
192 236 
232 192 
236 232 
440 236 
228 212 
236 44 
196 232 
232 192 
232 232 
232 48 
236 188 
228 196 
676 228 
228 232 
232 44 
224 236 
236 240 
232 200 
232 236 
228 44 
200 236 
228 200 
232 196 
228 228 
224 40 
232 236 
232 196 
240 240 
228 236 
224 232 
228 40 
192 236 
228 196 
236 252 
228 228 
224 48 
228 236 
224 196 
232 188 
228 232 
232 44 
192 236 
236 236 
236 232 
236 232 
228 44 
196 196 
232 240 
228 236 
228 240 
228 240 
232 52 
216 232 
232 232 
232 188 
236 228 
232 48 
192 236 
236 232 
232 200 
236 236 
228 52 
240 196 
212 200 
232 240 
232 228 
228 48 
192 216 
236 236 
236 236 
228 228 
192 48 
212 240 
232 224 
228 232 
228 48 
192 196 
232 244 
236 236 
228 228 
228 40 
212 192 
232 236 
236 188 
228 232 
228 48 
228 232 
232 232 
232 196 
224 236 
236 208 
228 44 
220 240 
236 196 
232 240 
228 232 
228 48 
192 236 
480 196 
248 196 
236 228 
232 48 
196 232 
192 200 
236 236 
228 232 
228 236 
192 52 
188 192 
232 236 
236 240 
228 232 
228 40 
228 240 
236 236 
232 192 
232 588 
228 44 
184 232 
264 236 
232 236 
228 232 
228 44 
188 236 
240 236 
228 196 
224 228 
232 44 
188 196 
240 196 
232 236 
228 232 
232 44 
192 240 
232 196 
236 240 
228 236 
232 44 
212 196 
608 196 
232 192 
236 232 
228 232 
232 44 
232 232 
232 220 
228 232 
228 236 
228 44 
188 236 
256 196 
228 228 
228 232 
232 40 
188 244 
232 196 
232 232 
232 240 
220 48 
192 236 
232 188 
228 228 
224 236 
228 44 
192 196 
232 204 
232 368 
208 232 
228 48 
196 240 
236 220 
272 240 
228 236 
232 48 
216 232 
232 232 
204 200 
228 232 
228 48 
232 240 
236 196 
236 252 
228 232 
228 40 
192 232 
232 232 
228 192 
228 228 
228 44 
232 236 
236 224 
228 192 
232 232 
492 48 
232 232 
232 192 
236 196 
232 240 
232 236 
232 44 
228 228 
232 188 
728 240 
228 232 
232 44 
188 232 
232 192 
236 232 
232 236 
228 44 
192 236 
240 240 
228 196 
228 236 
232 52 
232 244 
228 192 
232 196 
228 232 
224 232 
228 44 
196 236 
236 232 
236 212 
228 236 
228 48 
232 232 
236 236 
232 200 
228 232 
228 44 
232 196 
232 196 
228 192 
228 232 
228 44 
188 236 
236 236 
228 196 
224 232 
224 44 
192 240 
236 196 
236 196 
232 236 
228 44 
216 240 
232 196 
228 192 
228 232 
228 48 
196 192 
232 196 
204 728 
236 196 
228 228 
228 44 
192 192 
228 240 
232 224 
236 236 
236 44 
184 232 
236 192 
236 240 
228 224 
232 48 
220 188 
228 240 
232 192 
228 232 
208 44 
232 232 
196 232 
228 192 
228 196 
228 228 
232 44 
232 200 
272 196 
232 216 
228 240 
232 48 
220 196 
232 200 
232 196 
228 232 
224 40 
228 232 
236 196 
228 196 
228 228 
228 48 
192 240 
236 244 
228 192 
232 232 
732 52 
188 204 
228 212 
236 196 
228 232 
228 40 
188 240 
236 192 
236 192 
228 636 
232 44 
192 236 
228 196 
232 200 
232 236 
232 44 
240 240 
196 232 
228 196 
232 604 
228 232 
228 48 
236 196 
236 192 
232 212 
228 232 
232 48 
192 240 
236 200 
236 236 
236 232 
228 44 
192 236 
236 232 
232 200 
228 232 
228 44 
196 236 
232 192 
236 228 
228 228 
236 48 
228 236 
236 224 
228 200 
228 236 
232 44 
232 236 
236 188 
236 192 
232 192 
212 236 
236 48 
192 196 
236 236 
232 208 
224 232 
224 48 
192 240 
232 196 
208 196 
232 240 
228 44 
192 240 
228 192 
232 228 
232 228 
232 44 
192 240 
216 232 
228 196 
236 232 
236 48 
192 236 
232 232 
232 232 
228 232 
320 44 
192 212 
232 196 
228 232 
232 232 
232 52 
240 200 
236 196 
236 236 
524 228 
232 48 
188 236 
232 200 
232 244 
232 232 
228 44 
192 236 
236 244 
236 240 
232 232 
228 40 
204 240 
232 232 
232 192 
228 232 
232 48 
228 232 
232 236 
228 200 
236 228 
236 232 
236 44 
244 548 
228 232 
236 236 
240 232 
228 236 
228 44 
204 192 
236 240 
232 220 
192 192 
232 192 
232 232 
228 236 
228 196 
208 192 
228 212 
188 232 
228 232 
236 228 
228 48 
188 236 
224 192 
192 244 
192 232 
236 196 
192 216 
196 228 
228 188 
236 192 
228 228 
200 232 
236 236 
228 232 
228 240 
228 228 
228 228 
228 232 
208 232 
228 232 
224 232 
228 232 
228 232 
236 236 
228 240 
232 240 
228 232 
188 252 
228 188 
232 248 
240 232 
228 236 
192 240 
228 192 
232 192 
232 236 
196 216 
232 232 
232 232 
192 240 
232 232 
232 240 
228 232 
236 228 
320 236 
228 208 
228 232 
232 232 
228 236 
236 240 
196 236 
228 188 
228 232 
556 236 
196 220 
232 192 
204 232 
228 228 
220 324 
228 200 
228 232 
244 200 
232 232 
228 232 
232 236 
232 236 
188 232 
232 228 
228 232 
188 232 
236 192 
232 196 
228 232 
228 232 
228 232 
232 236 
232 240 
232 344 
228 236 
232 232 
232 236 
236 236 
228 240 
228 232 
224 216 
208 232 
228 232 
228 232 
232 232 
232 232 
232 236 
236 228 
232 240 
212 232 
228 228 
228 232 
232 228 
232 232 
228 228 
228 232 
208 232 
228 232 
224 232 
216 236 
236 228 
228 232 
252 196 
228 232 
228 232 
228 228 
188 208 
228 228 
232 232 
208 232 
232 232 
232 240 
228 212 
236 236 
208 232 
232 232 
232 236 
228 228 
208 236 
228 236 
232 236 
228 228 
232 220 
228 232 
220 232 
228 232 
236 240 
232 208 
228 244 
228 228 
232 232 
228 232 
228 228 
228 232 
232 232 
340 236 
228 208 
228 208 
228 208 
228 208 
208 228 
208 208 
208 232 
208 228 
188 540 
196 232 
200 236 
192 236 
232 232 
308 232 
232 232 
228 232 
220 228 
232 444 
188 232 
196 228 
188 232 
236 196 
232 196 
188 192 
200 196 
196 192 
228 244 
232 192 
232 232 
192 240 
188 192 
316 212 
188 228 
192 192 
232 232 
188 212 
576 228 
196 228 
232 256 
228 232 
188 196 
196 192 
208 224 
200 228 
224 208 
232 196 
204 208 
196 236 
192 188 
228 212 
220 208 
244 204 
188 228 
204 188 
228 196 
188 228 
224 196 
196 216 
192 680 
228 208 
188 232 
188 192 
188 200 
212 200 
232 232 
228 192 
228 232 
724 200 
208 192 
236 240 
236 232 
192 196 
228 192 
196 192 
220 192 
240 188 
192 188 
216 208 
192 200 
228 224 
232 208 
228 232 
208 232 
228 212 
192 188 
236 228 
188 216 
200 232 
208 228 
208 196 
228 208 
228 208 
232 208 
232 192 
352 216 
228 232 
208 232 
188 236 
216 196 
596 212 
208 228 
228 232 
232 232 
228 232 
232 228 
236 232 
228 212 
228 228 
224 228 
224 208 
204 204 
188 228 
228 428 
208 200 
228 228 
228 228 
232 244 
228 236 
228 232 
228 196 
208 196 
228 692 
228 240 
220 232 
232 232 
232 236 
208 232 
188 200 
208 232 
192 216 
228 208 
232 208 
208 236 
200 232 
208 232 
208 236 
212 232 
236 240 
204 248 
196 192 
208 228 
232 208 
208 240 
228 200 
204 192 
244 192 
188 188 
204 208 
228 232 
232 220 
228 208 
212 220 
208 220 
204 208 
188 212 
204 228 
208 208 
208 208 
192 216 
212 236 
232 232 
228 232 
228 564 
208 208 
232 232 
204 236 
208 216 
208 236 
212 196 
232 208 
228 208 
228 212 
212 212 
232 192 
232 188 
228 212 
228 232 
196 200 
188 192 
192 192 
192 648 
196 192 
232 212 
192 196 
188 188 
192 188 
232 232 
232 192 
232 228 
748 196 
236 208 
228 232 
192 224 
236 236 
228 232 
188 192 
188 188 
232 232 
628 232 
232 236 
244 200 
0 0 
0 0 
0 0 
0 0 
0 0 
240 200 
236 200 
228 188 
196 196 
188 232 
196 188 
196 240 
196 192 
228 316 
232 312 
224 728 
236 236 
228 236 
228 232 
228 232 
232 232 
188 228 
232 228 
236 232 
232 240 
228 232 
240 268 
232 276 
228 268 
264 228 
208 212 
228 232 
232 212 
228 212 
228 208 
204 232 
208 236 
236 236 
228 236 
232 232 
204 208 
236 232 
228 236 
236 228 
228 228 
232 232 
232 236 
348 228 
208 212 
196 192 
228 224 
196 232 
236 324 
228 228 
232 240 
232 240 
228 228 
208 232 
232 232 
228 232 
228 228 
228 236 
228 232 
212 232 
232 232 
440 232 
208 208 
220 188 
188 224 
228 232 
216 232 
228 208 
204 236 
224 236 
208 236 
204 212 
204 208 
228 236 
260 204 
228 208 
316 236 
284 232 
300 228 
288 620 
232 236 
232 232 
216 228 
228 224 
232 236 
192 236 
232 240 
232 228 
228 260 
240 232 
232 244 
304 240 
232 228 
292 236 
184 236 
188 212 
188 232 
192 664 
232 208 
228 200 
228 208 
228 212 
648 236 
228 228 
196 236 
208 232 
228 748 
188 232 
192 192 
188 232 
188 232 
188 680 
188 236 
212 232 
208 224 
212 232 
208 244 
228 212 
232 236 
228 232 
228 232 
208 232 
232 232 
192 236 
220 232 
216 208 
232 208 
228 216 
236 208 
228 216 
240 212 
208 220 
204 212 
236 208 
208 228 
228 232 
208 232 
212 232 
208 232 
232 200 
228 196 
232 232 
228 228 
228 232 
228 232 
232 204 
200 232 
208 236 
208 196 
228 236 
232 240 
232 232 
228 192 
228 232 
188 232 
232 216 
