# ./FR-trace starting at Wed Mar 18 15:52:37 2020
################# CONFIG #################
# slot=5000
# samples=10000
# threshold=100
# idle=500
# minlen=500
# runs=10000
# pdathreads=2
# nmonitored=2
#   monitor0=../apps/openssl ecp_smpl.c:933 0x1e3d58
#   monitor1=../apps/openssl ecp_smpl.c:940 0x1e39f3
# nevicted=0
# npdatargets=2
#   target0=../apps/openssl bn_lib.c:514 0x102f79
#   target1=../apps/openssl bn_lib.c:543 0x102fe5
# affinity=0
############## SYSTEM INFO ###############
# mastik_version=0.02
# sysname=Linux
# nodename=lovelace
# release=5.3.7-arch1-1-ARCH
# version=#1 SMP PREEMPT Fri Oct 18 00:17:03 UTC 2019
# machine=x86_64
################## DATA ##################
# run=1650
# datapoints=1003
44 228 
44 44 
40 40 
232 236 
396 400 
216 176 
220 196 
536 44 
240 284 
192 232 
400 252 
220 40 
236 236 
192 40 
240 236 
236 244 
232 48 
220 236 
40 36 
232 240 
208 48 
232 236 
232 244 
216 40 
220 228 
204 36 
204 236 
228 40 
316 260 
256 204 
464 40 
204 200 
232 44 
240 216 
196 200 
204 40 
188 200 
192 36 
312 216 
228 40 
200 40 
324 200 
420 44 
204 348 
196 40 
232 236 
240 232 
236 36 
232 244 
232 36 
200 240 
220 120 
512 40 
200 216 
220 48 
232 240 
236 172 
192 44 
220 200 
216 48 
216 240 
676 48 
208 236 
196 228 
200 40 
208 236 
212 36 
240 240 
236 40 
200 240 
208 464 
228 36 
236 240 
212 44 
236 232 
244 228 
228 40 
216 232 
208 40 
240 664 
208 36 
216 200 
228 228 
404 36 
232 200 
232 40 
196 200 
236 220 
236 44 
232 236 
232 36 
232 196 
236 224 
228 40 
236 212 
232 44 
216 236 
228 44 
236 252 
196 220 
228 40 
236 240 
436 40 
216 232 
236 48 
212 220 
240 236 
192 40 
224 200 
200 36 
236 212 
240 44 
236 216 
212 228 
192 44 
232 204 
440 44 
228 240 
216 44 
196 232 
216 200 
416 36 
192 236 
192 40 
240 216 
200 196 
196 44 
240 236 
236 248 
236 528 
216 44 
208 200 
204 236 
224 44 
236 212 
212 32 
216 264 
236 36 
240 232 
212 236 
240 36 
220 216 
216 124 
208 40 
212 240 
188 36 
236 220 
360 48 
208 44 
220 232 
188 36 
208 232 
240 188 
212 44 
240 220 
192 248 
596 244 
240 44 
212 236 
208 212 
212 40 
232 204 
212 44 
240 240 
236 236 
212 40 
244 236 
240 32 
208 236 
236 40 
232 44 
212 196 
192 40 
236 240 
236 684 
232 44 
196 192 
228 44 
212 232 
192 40 
236 244 
192 228 
436 40 
216 216 
240 40 
204 196 
212 216 
212 40 
212 236 
212 36 
240 212 
232 96 
220 40 
220 244 
228 40 
236 236 
240 36 
240 240 
216 236 
188 40 
224 228 
212 40 
228 220 
244 240 
216 48 
212 248 
400 36 
232 248 
228 40 
212 232 
200 236 
240 40 
240 240 
192 40 
216 200 
240 212 
224 44 
220 196 
232 44 
228 240 
196 48 
216 192 
236 216 
208 40 
236 236 
208 40 
200 216 
196 236 
236 40 
248 240 
216 424 
236 236 
224 40 
240 44 
228 192 
400 40 
232 244 
208 44 
204 52 
228 196 
196 36 
240 236 
236 40 
216 196 
236 232 
440 40 
244 248 
192 40 
204 204 
200 240 
404 40 
200 220 
204 40 
216 236 
200 196 
232 40 
200 240 
204 36 
236 232 
240 236 
192 40 
232 240 
432 36 
240 216 
212 44 
236 232 
240 240 
236 36 
212 216 
240 432 
236 220 
204 56 
204 40 
236 244 
196 36 
216 672 
212 36 
232 44 
196 192 
200 36 
196 196 
196 236 
236 40 
236 240 
400 36 
240 192 
208 40 
240 192 
240 232 
240 40 
216 196 
212 44 
236 200 
236 44 
232 216 
216 236 
232 44 
196 236 
236 40 
196 236 
236 240 
212 36 
216 232 
232 44 
244 204 
264 48 
212 228 
236 232 
232 44 
240 212 
452 36 
220 220 
232 232 
196 44 
236 208 
240 36 
236 240 
236 44 
196 236 
236 196 
212 44 
212 192 
444 36 
240 216 
236 44 
240 236 
232 240 
212 40 
484 196 
208 40 
244 220 
200 92 
240 40 
192 204 
444 40 
240 232 
240 36 
416 196 
196 44 
196 244 
212 192 
220 40 
232 244 
188 36 
240 200 
240 40 
200 44 
192 236 
236 40 
216 236 
328 36 
332 224 
276 232 
200 40 
336 192 
200 36 
232 216 
232 40 
232 228 
236 208 
240 44 
188 240 
236 40 
244 240 
236 712 
232 36 
328 236 
232 36 
244 232 
216 260 
232 40 
212 216 
192 36 
216 236 
196 44 
192 228 
232 244 
292 44 
236 232 
196 580 
236 196 
200 236 
240 40 
240 236 
240 36 
240 208 
200 236 
232 40 
200 232 
236 32 
236 240 
192 72 
200 44 
292 236 
436 40 
236 200 
428 36 
232 44 
220 232 
436 40 
232 204 
232 40 
216 188 
240 264 
200 40 
216 420 
196 32 
236 236 
236 220 
216 40 
216 196 
220 36 
196 216 
232 100 
732 36 
240 236 
444 36 
216 240 
232 40 
236 196 
236 240 
192 48 
232 208 
232 40 
240 212 
208 40 
240 44 
196 200 
236 44 
240 288 
232 36 
240 196 
236 236 
420 40 
236 232 
440 40 
240 236 
232 44 
196 240 
236 224 
40 40 
200 508 
236 32 
196 240 
236 220 
196 36 
236 200 
232 36 
204 244 
236 36 
220 236 
232 240 
192 40 
236 240 
228 48 
192 232 
236 200 
232 40 
236 236 
192 244 
244 236 
232 44 
236 280 
232 200 
224 48 
216 200 
232 36 
200 212 
236 48 
240 236 
284 192 
192 196 
192 192 
192 192 
196 248 
248 212 
188 192 
204 208 
224 192 
664 324 
208 224 
192 196 
192 192 
188 416 
236 240 
232 196 
220 208 
232 216 
232 224 
236 204 
236 236 
232 192 
200 232 
192 232 
236 192 
192 236 
232 228 
212 244 
192 196 
236 200 
196 228 
216 220 
236 48 
196 240 
216 248 
204 192 
228 208 
212 228 
212 196 
236 204 
216 200 
232 232 
200 236 
208 208 
212 244 
240 200 
200 200 
216 236 
652 228 
196 248 
244 232 
212 240 
236 216 
196 188 
192 224 
200 212 
216 236 
440 236 
236 196 
236 236 
1052 236 
208 216 
232 216 
192 228 
208 232 
192 248 
668 632 
232 240 
212 236 
228 232 
200 192 
236 232 
192 216 
212 236 
232 240 
232 508 
188 204 
196 236 
232 200 
192 232 
240 244 
236 236 
216 196 
240 196 
192 248 
196 240 
228 196 
192 200 
216 220 
216 224 
232 196 
192 236 
232 228 
204 192 
232 192 
196 196 
232 232 
228 212 
236 240 
212 200 
204 208 
228 216 
232 232 
228 236 
228 196 
232 236 
236 196 
568 376 
228 208 
228 232 
240 208 
232 248 
208 276 
212 244 
236 196 
192 244 
200 192 
216 224 
236 248 
236 240 
212 208 
232 236 
208 196 
204 212 
236 236 
232 392 
212 212 
240 236 
232 232 
268 192 
196 248 
248 196 
192 308 
200 208 
188 196 
192 196 
192 252 
196 192 
328 256 
244 268 
208 196 
212 224 
204 200 
348 228 
196 204 
220 308 
196 200 
224 212 
212 220 
192 204 
200 248 
200 196 
236 200 
196 196 
232 200 
216 204 
204 216 
676 324 
232 240 
236 240 
248 240 
716 236 
232 240 
216 244 
236 204 
232 260 
212 240 
212 236 
240 244 
236 244 
244 524 
232 236 
204 200 
192 212 
276 196 
196 212 
260 208 
232 232 
296 248 
196 188 
188 236 
208 200 
196 192 
184 212 
196 744 
236 216 
244 196 
196 204 
200 200 
232 208 
224 236 
228 212 
192 196 
236 236 
236 240 
236 232 
236 216 
200 216 
192 212 
240 248 
236 240 
212 200 
208 228 
212 216 
216 216 
212 212 
216 216 
196 200 
232 196 
188 196 
196 244 
220 196 
192 196 
196 244 
208 232 
192 220 
212 196 
188 248 
200 232 
208 196 
236 196 
196 204 
188 208 
208 216 
188 240 
192 200 
220 216 
196 212 
188 224 
436 212 
200 200 
220 196 
224 208 
232 228 
196 200 
196 212 
192 192 
192 204 
192 200 
236 220 
192 236 
200 200 
228 220 
192 240 
224 196 
192 196 
196 204 
252 200 
248 236 
216 188 
196 204 
240 252 
200 200 
192 208 
216 260 
196 232 
192 236 
212 236 
228 192 
236 204 
196 232 
220 244 
280 216 
312 216 
208 232 
212 232 
192 204 
192 236 
220 208 
236 232 
248 196 
212 200 
192 220 
188 256 
188 192 
208 188 
188 224 
196 204 
200 192 
192 204 
220 208 
204 292 
240 304 
268 208 
228 232 
192 224 
204 228 
196 196 
188 192 
236 196 
188 196 
192 220 
188 188 
280 216 
232 196 
232 200 
204 196 
228 228 
220 208 
216 200 
188 196 
208 208 
492 188 
232 216 
228 232 
196 228 
228 232 
232 208 
208 232 
228 232 
232 232 
224 192 
228 212 
232 196 
208 212 
188 216 
228 224 
224 232 
204 200 
212 212 
232 228 
232 228 
228 228 
192 220 
208 192 
188 196 
232 236 
228 192 
232 232 
232 236 
232 232 
196 216 
216 192 
288 236 
188 236 
188 212 
320 232 
188 232 
224 196 
232 232 
224 192 
208 212 
232 672 
188 228 
232 232 
232 236 
196 212 
232 232 
208 212 
208 208 
208 192 
196 544 
232 232 
232 216 
208 192 
196 192 
236 236 
208 224 
232 232 
208 232 
216 644 
228 236 
204 196 
232 212 
228 236 
192 208 
232 212 
232 236 
188 216 
232 228 
232 232 
232 212 
232 216 
208 236 
236 232 
208 220 
232 212 
228 232 
212 232 
232 232 
208 232 
228 188 
228 196 
208 204 
208 208 
228 228 
228 208 
208 236 
228 232 
188 232 
196 208 
212 232 
232 240 
212 236 
196 232 
188 192 
212 212 
232 244 
208 232 
232 208 
232 200 
196 208 
192 212 
236 232 
236 232 
228 232 
228 208 
232 212 
208 232 
188 212 
232 228 
188 220 
188 236 
200 212 
232 200 
212 236 
212 236 
192 240 
228 236 
208 192 
212 212 
212 236 
232 236 
192 216 
228 196 
232 216 
228 192 
232 236 
312 232 
232 236 
232 236 
232 232 
232 236 
232 196 
232 228 
192 192 
232 216 
540 232 
228 228 
232 232 
232 196 
232 232 
232 236 
312 216 
212 232 
228 232 
212 400 
192 236 
208 236 
232 212 
228 208 
228 232 
228 232 
228 212 
212 232 
228 664 
232 228 
208 208 
212 212 
228 232 
232 236 
192 208 
232 192 
228 212 
188 192 
188 228 
228 236 
216 192 
188 192 
204 576 
232 192 
228 228 
192 256 
232 208 
208 196 
232 236 
228 204 
208 236 
232 216 
236 232 
204 232 
228 236 
232 232 
208 232 
196 232 
216 232 
228 196 
192 236 
208 192 
228 196 
192 236 
192 236 
216 188 
192 228 
232 236 
192 196 
192 476 
212 232 
232 236 
232 240 
220 232 
188 424 
196 212 
192 212 
188 192 
232 192 
236 192 
216 192 
224 232 
224 200 
204 212 
208 196 
228 232 
192 228 
196 192 
216 196 
192 192 
232 216 
228 208 
212 192 
220 208 
232 232 
232 216 
508 192 
232 232 
188 228 
204 212 
196 236 
188 196 
188 200 
232 232 
208 232 
552 232 
