# ./FR-trace starting at Wed Mar 18 15:56:15 2020
################# CONFIG #################
# slot=5000
# samples=10000
# threshold=100
# idle=500
# minlen=500
# runs=10000
# pdathreads=2
# nmonitored=2
#   monitor0=../apps/openssl ecp_smpl.c:933 0x1e3d58
#   monitor1=../apps/openssl ecp_smpl.c:940 0x1e39f3
# nevicted=0
# npdatargets=2
#   target0=../apps/openssl bn_lib.c:514 0x102f79
#   target1=../apps/openssl bn_lib.c:543 0x102fe5
# affinity=0
############## SYSTEM INFO ###############
# mastik_version=0.02
# sysname=Linux
# nodename=lovelace
# release=5.3.7-arch1-1-ARCH
# version=#1 SMP PREEMPT Fri Oct 18 00:17:03 UTC 2019
# machine=x86_64
################## DATA ##################
# run=1846
# datapoints=1118
40 252 
40 40 
244 240 
248 460 
256 252 
212 420 
420 420 
256 244 
448 460 
428 256 
232 468 
260 40 
252 412 
424 468 
260 252 
436 36 
248 688 
260 236 
260 40 
420 420 
256 256 
256 268 
456 36 
260 260 
252 68 
208 244 
256 232 
256 168 
416 36 
248 256 
256 252 
256 40 
252 260 
256 256 
420 36 
256 252 
252 268 
456 36 
256 260 
256 188 
420 36 
256 256 
256 264 
260 36 
248 264 
260 256 
256 32 
256 252 
252 264 
420 36 
456 424 
252 256 
248 36 
456 420 
260 256 
252 164 
252 40 
256 264 
252 44 
460 428 
252 252 
248 44 
252 264 
256 256 
256 36 
256 260 
252 256 
256 40 
252 260 
248 264 
252 36 
256 260 
252 216 
420 36 
252 252 
248 256 
412 36 
252 256 
264 260 
256 40 
208 252 
252 256 
420 36 
248 264 
260 252 
416 36 
256 256 
252 264 
248 36 
256 248 
252 268 
416 36 
252 264 
252 260 
416 36 
256 252 
256 264 
412 36 
248 256 
252 264 
256 36 
248 264 
252 260 
228 36 
252 260 
252 264 
252 40 
252 256 
248 256 
416 36 
452 256 
256 256 
268 44 
452 420 
252 252 
248 260 
416 36 
256 252 
252 256 
416 36 
356 212 
256 240 
420 32 
260 260 
252 260 
416 36 
256 252 
252 260 
416 36 
612 248 
260 256 
252 36 
452 424 
252 260 
256 40 
416 464 
256 216 
260 260 
420 36 
248 260 
252 252 
216 36 
252 260 
252 256 
248 44 
252 256 
248 252 
252 36 
460 260 
260 264 
256 40 
468 424 
252 260 
256 40 
464 44 
256 252 
252 44 
416 416 
252 260 
256 252 
768 36 
248 252 
256 260 
248 416 
452 420 
260 252 
260 44 
412 456 
256 216 
260 256 
412 36 
252 256 
248 260 
444 32 
464 260 
256 252 
260 44 
456 252 
256 256 
260 48 
252 424 
252 256 
256 40 
416 420 
256 224 
248 256 
416 36 
256 256 
252 256 
416 36 
256 260 
252 260 
412 36 
252 256 
256 256 
256 44 
452 424 
260 256 
232 40 
456 424 
256 228 
248 40 
416 244 
248 264 
252 260 
476 36 
256 564 
252 236 
256 44 
460 260 
252 260 
256 36 
452 424 
248 260 
244 40 
460 256 
252 220 
264 40 
456 424 
252 252 
248 40 
456 420 
256 252 
260 232 
416 36 
252 264 
260 252 
412 36 
252 264 
260 256 
416 36 
252 256 
256 220 
460 36 
248 716 
248 260 
260 36 
256 256 
252 264 
440 36 
252 248 
256 256 
252 36 
456 420 
256 252 
256 40 
460 424 
256 256 
252 40 
412 416 
256 268 
256 260 
416 36 
252 252 
264 260 
252 40 
628 420 
252 256 
248 36 
456 428 
260 256 
248 40 
256 424 
260 264 
248 232 
796 36 
252 264 
256 256 
412 36 
252 252 
264 256 
240 36 
256 420 
252 248 
260 44 
248 252 
256 256 
256 36 
256 264 
252 260 
416 36 
252 256 
252 256 
252 240 
232 256 
248 264 
420 36 
252 256 
260 264 
248 40 
460 424 
256 256 
252 44 
412 424 
252 256 
256 140 
460 48 
260 256 
256 44 
452 420 
256 256 
232 40 
420 220 
252 252 
252 256 
412 36 
248 260 
256 252 
460 36 
252 260 
432 264 
256 36 
252 416 
252 256 
248 156 
416 36 
248 260 
248 268 
452 36 
448 588 
252 264 
248 40 
456 424 
256 256 
256 44 
456 420 
256 256 
256 48 
692 328 
256 264 
252 44 
460 420 
252 256 
260 232 
416 36 
252 256 
252 260 
212 32 
452 428 
248 264 
248 44 
252 256 
260 256 
252 732 
248 420 
256 260 
256 256 
420 240 
260 256 
252 264 
420 36 
256 260 
248 256 
760 36 
252 264 
248 260 
416 36 
456 424 
252 264 
244 40 
644 424 
248 260 
260 272 
416 36 
256 260 
252 260 
416 36 
248 256 
260 260 
256 36 
252 256 
256 252 
252 44 
252 264 
252 252 
412 36 
244 256 
252 264 
416 36 
232 260 
252 256 
212 36 
248 260 
260 256 
456 32 
244 256 
256 256 
256 40 
436 256 
252 256 
264 44 
452 420 
252 256 
248 44 
416 244 
248 256 
244 256 
416 36 
248 268 
256 260 
260 36 
256 716 
252 256 
248 40 
456 428 
432 252 
256 232 
420 36 
252 260 
260 256 
252 440 
452 416 
256 256 
256 200 
412 244 
260 264 
256 256 
416 36 
252 256 
252 268 
416 36 
252 252 
252 256 
412 236 
256 256 
252 44 
416 420 
256 260 
256 252 
412 36 
256 252 
248 264 
412 36 
252 256 
248 256 
416 36 
256 256 
256 260 
252 36 
460 420 
252 260 
252 52 
260 424 
260 264 
252 108 
428 36 
256 264 
260 256 
416 36 
252 260 
248 256 
460 36 
252 260 
256 256 
416 36 
252 268 
256 256 
416 36 
256 256 
256 256 
212 36 
252 256 
264 252 
420 36 
252 260 
256 256 
212 36 
248 260 
248 256 
416 36 
260 256 
252 264 
252 40 
380 604 
240 252 
256 44 
464 256 
256 256 
248 36 
456 420 
260 252 
248 40 
320 260 
232 244 
252 40 
456 428 
256 252 
252 44 
256 260 
256 252 
252 36 
244 252 
244 232 
460 36 
264 256 
260 256 
252 36 
464 256 
264 256 
256 44 
444 504 
252 248 
260 40 
260 260 
248 232 
416 36 
256 256 
256 256 
416 36 
716 256 
252 264 
420 36 
460 416 
256 256 
252 44 
452 420 
256 256 
252 40 
968 628 
248 264 
260 44 
260 224 
0 0 
0 0 
0 0 
0 0 
228 212 
252 264 
252 280 
252 256 
252 36 
456 424 
252 256 
256 44 
412 36 
252 252 
256 256 
420 36 
248 256 
248 256 
256 36 
260 424 
256 256 
252 44 
456 416 
256 256 
248 40 
416 240 
248 260 
256 256 
412 36 
252 260 
260 256 
456 36 
248 252 
248 264 
416 36 
256 256 
248 248 
252 40 
460 416 
252 256 
252 36 
412 416 
252 256 
260 260 
416 36 
252 264 
252 252 
416 36 
256 256 
264 256 
256 40 
720 416 
260 256 
248 48 
420 428 
252 252 
236 236 
416 36 
252 264 
248 256 
236 36 
456 428 
256 256 
260 40 
244 424 
256 236 
256 140 
416 36 
252 252 
252 256 
416 36 
252 268 
252 260 
212 236 
260 236 
260 248 
420 36 
252 252 
252 240 
416 36 
252 256 
252 260 
732 40 
452 420 
252 252 
252 112 
420 36 
256 216 
256 256 
272 36 
260 260 
260 524 
420 36 
248 252 
260 232 
448 36 
256 596 
248 256 
248 236 
228 264 
300 260 
208 212 
240 244 
224 212 
248 256 
224 260 
252 264 
248 260 
248 420 
416 420 
456 420 
248 256 
248 256 
256 260 
256 252 
252 256 
252 252 
256 264 
248 256 
260 256 
248 256 
248 260 
252 256 
244 256 
248 256 
256 256 
252 256 
256 248 
252 252 
460 256 
252 252 
356 464 
208 228 
220 256 
256 252 
252 252 
260 256 
256 256 
260 260 
252 264 
256 260 
260 256 
232 260 
252 260 
256 264 
252 256 
416 464 
248 472 
420 472 
228 252 
256 216 
228 240 
248 216 
252 252 
228 232 
248 252 
252 256 
212 228 
256 256 
232 252 
256 232 
244 260 
200 256 
284 256 
212 216 
204 212 
256 256 
256 260 
500 252 
248 244 
256 256 
256 256 
260 252 
256 256 
248 256 
252 252 
256 260 
720 260 
264 256 
256 260 
256 256 
256 268 
252 268 
256 236 
212 236 
212 256 
228 208 
232 240 
252 256 
248 228 
256 252 
224 260 
252 264 
248 252 
252 264 
252 228 
252 260 
252 260 
260 252 
248 252 
260 236 
252 260 
256 236 
248 260 
248 260 
256 256 
228 256 
256 248 
260 252 
248 220 
248 260 
252 256 
248 256 
252 232 
252 248 
252 264 
216 252 
252 260 
252 256 
252 256 
256 252 
252 260 
252 256 
252 252 
260 256 
252 252 
248 260 
260 260 
228 256 
252 252 
252 264 
252 252 
252 256 
252 248 
248 252 
260 256 
248 252 
232 268 
248 256 
260 256 
260 256 
252 260 
256 256 
256 256 
256 264 
252 252 
228 236 
256 260 
260 256 
256 260 
260 256 
252 260 
256 268 
252 256 
280 252 
260 228 
252 260 
256 264 
248 264 
260 260 
256 264 
252 256 
252 260 
520 248 
252 236 
252 260 
256 264 
252 264 
252 260 
232 252 
244 236 
248 256 
248 388 
252 252 
244 252 
252 240 
248 256 
232 240 
256 264 
252 212 
260 216 
232 608 
252 252 
252 256 
216 216 
236 216 
256 260 
236 220 
268 256 
252 252 
248 220 
248 256 
252 252 
252 264 
244 264 
248 256 
228 256 
252 232 
256 256 
256 256 
248 220 
252 240 
252 236 
252 216 
252 252 
252 260 
248 252 
248 260 
212 216 
248 232 
228 232 
236 252 
232 216 
256 316 
224 228 
216 256 
228 256 
224 256 
252 256 
256 256 
256 244 
252 216 
244 248 
208 260 
248 256 
240 260 
232 240 
252 260 
256 252 
248 256 
216 268 
688 252 
252 232 
252 248 
248 260 
236 216 
212 252 
216 252 
252 228 
252 208 
208 260 
232 260 
248 256 
252 208 
320 260 
256 252 
256 260 
252 252 
252 252 
760 260 
256 232 
256 264 
216 252 
232 252 
256 256 
252 256 
248 268 
252 256 
540 260 
252 252 
260 256 
224 212 
252 260 
240 212 
216 256 
252 252 
248 236 
760 256 
256 256 
228 236 
208 212 
228 256 
252 256 
256 256 
248 212 
236 228 
224 264 
244 232 
252 240 
256 256 
208 248 
256 264 
252 332 
244 252 
232 216 
248 252 
248 252 
256 232 
248 212 
260 256 
256 232 
256 256 
252 220 
216 256 
248 256 
216 236 
256 228 
256 256 
248 232 
496 248 
244 268 
224 216 
208 256 
256 252 
252 256 
256 212 
260 236 
204 228 
252 256 
224 244 
252 236 
240 208 
228 256 
248 260 
204 256 
248 244 
216 220 
388 272 
228 232 
244 232 
236 236 
204 236 
256 232 
244 236 
244 260 
256 252 
216 248 
232 232 
252 256 
244 256 
252 248 
240 260 
248 260 
252 260 
208 256 
244 224 
232 268 
248 248 
256 240 
248 252 
256 216 
228 264 
208 216 
264 252 
352 220 
204 212 
256 232 
212 240 
248 252 
264 248 
256 272 
244 256 
252 252 
572 248 
252 212 
248 468 
248 284 
264 208 
248 256 
244 252 
252 260 
248 256 
224 252 
248 256 
252 248 
212 236 
252 272 
248 252 
248 252 
252 252 
252 232 
252 640 
260 248 
260 260 
248 260 
252 260 
248 220 
260 256 
256 260 
248 260 
252 260 
212 256 
248 268 
252 260 
252 260 
244 248 
260 268 
248 256 
268 252 
256 252 
252 248 
256 252 
256 216 
248 256 
248 252 
248 248 
228 256 
256 248 
260 256 
252 260 
268 256 
256 256 
252 260 
252 252 
232 256 
252 256 
252 256 
244 252 
256 264 
244 256 
248 264 
248 260 
248 260 
228 248 
256 208 
248 256 
248 260 
212 216 
220 208 
248 256 
468 232 
220 232 
212 228 
252 236 
256 256 
256 260 
264 260 
248 260 
252 252 
208 212 
252 720 
248 232 
252 224 
476 264 
248 252 
252 256 
256 220 
260 248 
256 252 
608 260 
212 256 
224 252 
220 240 
256 260 
252 256 
228 280 
204 252 
256 256 
252 256 
248 228 
208 232 
256 248 
252 228 
244 260 
256 256 
252 256 
248 260 
248 416 
256 256 
256 256 
244 256 
260 252 
248 252 
236 228 
252 256 
256 252 
252 664 
208 252 
252 252 
252 256 
252 256 
252 264 
248 256 
252 256 
248 256 
268 264 
208 220 
256 264 
260 260 
248 264 
252 256 
252 252 
212 244 
252 252 
232 264 
256 232 
248 256 
252 248 
212 216 
248 256 
248 252 
248 256 
208 256 
212 260 
256 256 
236 248 
