# ./FR-trace starting at Wed Mar 18 17:55:08 2020
################# CONFIG #################
# slot=5000
# samples=10000
# threshold=100
# idle=500
# minlen=500
# runs=10000
# pdathreads=2
# nmonitored=2
#   monitor0=../apps/openssl ecp_smpl.c:933 0x1e3d58
#   monitor1=../apps/openssl ecp_smpl.c:940 0x1e39f3
# nevicted=0
# npdatargets=2
#   target0=../apps/openssl bn_lib.c:514 0x102f79
#   target1=../apps/openssl bn_lib.c:543 0x102fe5
# affinity=0
############## SYSTEM INFO ###############
# mastik_version=0.02
# sysname=Linux
# nodename=lovelace
# release=5.3.7-arch1-1-ARCH
# version=#1 SMP PREEMPT Fri Oct 18 00:17:03 UTC 2019
# machine=x86_64
################## DATA ##################
# run=8392
# datapoints=1542
48 48 
196 224 
44 44 
40 44 
44 48 
188 232 
192 196 
588 216 
228 192 
232 152 
228 236 
228 196 
232 344 
196 196 
220 196 
192 196 
232 188 
232 228 
188 236 
192 240 
196 240 
236 236 
232 232 
228 92 
44 44 
40 44 
40 44 
44 48 
196 196 
248 188 
232 200 
228 228 
236 232 
224 232 
232 48 
228 240 
280 200 
228 228 
232 232 
228 232 
228 52 
192 232 
228 196 
232 252 
224 236 
232 44 
196 192 
236 236 
228 196 
232 232 
228 44 
196 224 
192 236 
232 200 
228 228 
228 228 
228 44 
192 232 
232 200 
228 196 
228 232 
232 48 
232 232 
228 200 
224 228 
236 160 
232 44 
196 228 
268 200 
232 232 
232 232 
228 44 
188 236 
228 196 
236 608 
208 228 
188 48 
232 196 
228 232 
232 232 
232 232 
232 44 
196 240 
236 192 
208 220 
228 232 
228 44 
196 224 
236 196 
240 192 
228 236 
228 48 
236 232 
236 200 
228 196 
228 232 
232 44 
228 236 
236 196 
228 196 
232 232 
472 52 
204 196 
236 196 
244 236 
0 0 
236 224 
236 192 
236 240 
228 232 
712 240 
228 52 
236 236 
228 196 
236 192 
232 232 
232 44 
192 236 
232 196 
236 196 
228 236 
228 44 
216 240 
240 240 
228 196 
228 232 
228 44 
196 240 
236 192 
228 232 
216 228 
228 232 
228 44 
228 240 
228 192 
232 200 
232 228 
232 40 
196 192 
236 192 
232 188 
236 228 
236 48 
224 196 
232 236 
228 204 
228 228 
232 92 
232 44 
232 192 
236 196 
228 564 
232 232 
228 48 
192 240 
232 196 
232 236 
232 228 
228 48 
192 236 
240 236 
228 240 
228 232 
972 52 
192 196 
232 196 
228 232 
228 228 
228 44 
196 232 
212 188 
232 236 
236 228 
228 44 
188 224 
232 200 
228 724 
228 228 
232 44 
196 216 
236 1040 
228 192 
224 228 
228 48 
232 232 
232 240 
232 196 
212 228 
232 48 
240 192 
236 252 
232 228 
232 236 
228 40 
188 196 
228 200 
468 192 
232 236 
228 40 
192 232 
240 224 
228 192 
228 232 
232 44 
196 196 
236 192 
236 232 
236 196 
228 228 
228 44 
232 196 
232 196 
236 232 
844 236 
232 48 
192 192 
232 192 
236 240 
232 232 
232 48 
192 232 
236 240 
228 228 
224 232 
228 232 
228 48 
232 196 
236 192 
232 236 
232 236 
232 44 
196 228 
228 196 
224 196 
228 232 
228 44 
228 236 
228 192 
232 232 
228 232 
228 232 
228 44 
220 200 
232 196 
232 236 
232 232 
224 44 
880 236 
232 232 
232 188 
236 236 
232 44 
208 192 
236 192 
236 220 
228 228 
212 44 
228 232 
236 252 
232 232 
228 240 
228 232 
228 44 
200 240 
228 192 
208 192 
228 240 
232 44 
228 236 
196 192 
232 244 
228 232 
228 228 
232 48 
208 220 
228 200 
232 196 
232 244 
228 48 
196 200 
228 196 
232 184 
244 228 
228 44 
212 236 
236 236 
228 196 
228 232 
228 48 
232 236 
192 236 
484 188 
232 192 
232 232 
232 72 
228 44 
184 228 
228 200 
228 192 
236 236 
736 48 
196 244 
236 192 
228 256 
232 228 
236 48 
260 228 
232 240 
236 204 
232 588 
232 44 
192 196 
236 196 
228 236 
228 236 
232 228 
228 40 
232 236 
232 232 
228 232 
236 232 
212 44 
196 204 
228 212 
228 336 
236 236 
216 44 
192 240 
232 196 
228 232 
228 232 
960 44 
220 240 
232 188 
228 236 
232 228 
228 44 
188 196 
228 196 
236 192 
232 232 
232 44 
232 240 
236 224 
228 236 
232 240 
228 228 
236 44 
236 232 
232 236 
232 224 
208 228 
228 44 
192 196 
244 240 
232 232 
228 232 
228 224 
228 40 
196 240 
216 236 
232 232 
232 232 
244 48 
192 200 
236 236 
224 232 
236 232 
192 44 
204 220 
228 232 
228 236 
232 236 
232 48 
220 188 
236 196 
228 192 
288 232 
228 44 
228 196 
196 236 
236 232 
228 228 
228 232 
232 48 
220 196 
508 188 
236 236 
232 232 
188 44 
224 240 
236 236 
228 236 
228 228 
232 228 
196 44 
232 192 
240 196 
236 220 
232 244 
228 44 
236 192 
232 196 
228 236 
228 608 
228 44 
192 200 
232 196 
232 240 
228 232 
236 44 
196 220 
232 192 
232 236 
228 232 
472 48 
188 188 
228 200 
228 196 
228 232 
236 44 
192 240 
236 232 
236 236 
228 228 
228 48 
236 232 
232 204 
232 196 
228 232 
228 44 
232 236 
276 196 
232 192 
228 232 
228 44 
192 236 
236 192 
228 196 
228 228 
228 40 
192 232 
236 188 
232 192 
232 236 
236 48 
196 196 
236 236 
280 228 
236 236 
236 44 
192 200 
224 192 
232 240 
228 232 
204 236 
228 44 
236 196 
236 192 
228 200 
232 240 
228 48 
196 192 
232 188 
204 216 
228 232 
232 232 
228 44 
192 236 
236 196 
236 196 
228 232 
304 44 
192 192 
236 192 
228 212 
224 232 
236 232 
192 44 
192 196 
228 192 
536 228 
456 208 
192 48 
196 224 
264 240 
232 236 
228 236 
236 48 
196 228 
228 192 
232 244 
232 232 
236 48 
196 240 
236 192 
224 196 
228 236 
228 44 
816 192 
228 208 
232 228 
232 232 
228 232 
236 40 
192 196 
240 236 
240 232 
232 236 
232 44 
228 240 
232 236 
236 196 
236 232 
236 48 
188 236 
256 236 
228 200 
228 232 
228 44 
196 196 
236 236 
228 196 
228 228 
228 44 
188 192 
236 240 
232 236 
228 228 
232 44 
228 236 
232 236 
228 196 
236 236 
228 44 
236 232 
232 232 
228 196 
228 228 
228 48 
192 240 
212 192 
228 232 
232 232 
228 228 
228 48 
232 196 
228 196 
232 240 
236 232 
208 44 
232 200 
232 192 
236 192 
232 232 
232 48 
228 192 
228 192 
236 224 
208 216 
224 44 
192 240 
236 188 
236 200 
236 232 
236 156 
316 52 
196 216 
232 232 
232 236 
228 232 
196 48 
224 192 
240 232 
228 588 
228 228 
556 44 
228 236 
232 212 
236 240 
228 228 
228 48 
196 240 
228 200 
228 232 
228 228 
224 232 
228 40 
192 236 
236 196 
232 236 
232 232 
228 48 
192 236 
236 240 
232 204 
228 232 
228 48 
240 236 
236 216 
212 244 
232 232 
228 44 
228 228 
236 236 
232 192 
228 236 
232 44 
196 236 
236 236 
228 196 
232 232 
228 40 
196 196 
236 192 
232 240 
232 232 
236 44 
220 232 
236 236 
228 192 
232 232 
228 48 
228 232 
232 228 
228 196 
228 232 
228 44 
196 240 
232 232 
236 224 
228 232 
228 44 
236 240 
236 196 
232 196 
208 232 
228 44 
232 232 
196 236 
232 240 
228 232 
228 232 
228 48 
212 192 
212 236 
240 196 
228 232 
232 48 
192 236 
368 232 
236 236 
228 240 
228 44 
232 196 
228 196 
232 232 
232 232 
232 232 
224 44 
188 228 
228 196 
336 748 
228 212 
228 44 
196 228 
232 192 
228 200 
228 232 
228 44 
196 232 
576 204 
232 232 
232 236 
228 44 
192 236 
236 232 
228 196 
228 232 
232 44 
192 228 
236 192 
232 216 
232 232 
236 44 
232 232 
224 192 
228 192 
232 228 
232 48 
192 196 
236 240 
232 236 
228 240 
236 44 
204 188 
236 236 
228 232 
232 232 
232 44 
196 224 
228 200 
232 196 
228 228 
228 48 
232 196 
232 200 
236 236 
232 232 
224 40 
192 200 
228 196 
228 200 
236 228 
228 48 
228 240 
268 196 
208 236 
232 228 
236 236 
192 48 
236 192 
228 236 
228 228 
232 232 
236 48 
196 244 
232 232 
232 232 
228 228 
228 44 
208 236 
228 192 
236 232 
404 232 
232 48 
196 196 
236 248 
224 196 
232 232 
208 48 
196 228 
236 236 
232 192 
228 232 
236 232 
232 48 
236 240 
228 192 
232 196 
232 232 
228 44 
232 232 
236 232 
232 232 
228 240 
232 232 
356 40 
240 212 
236 224 
232 228 
232 232 
228 48 
232 240 
232 236 
228 196 
604 228 
232 48 
236 232 
232 236 
228 196 
228 232 
228 44 
184 240 
188 192 
236 236 
228 228 
228 228 
228 44 
232 236 
232 196 
228 192 
228 232 
236 232 
196 48 
192 228 
228 196 
228 292 
232 244 
192 48 
196 236 
232 192 
232 232 
232 48 
196 196 
232 192 
228 236 
228 232 
228 224 
224 44 
192 196 
232 192 
236 220 
228 236 
228 40 
196 200 
236 236 
236 236 
228 244 
232 44 
192 240 
228 192 
232 240 
228 228 
228 48 
192 236 
236 196 
1152 236 
224 228 
236 48 
200 224 
228 200 
228 196 
228 232 
228 44 
196 240 
216 200 
228 196 
232 232 
232 48 
196 232 
232 232 
236 196 
232 236 
232 44 
216 196 
192 236 
240 192 
228 232 
228 232 
228 48 
244 240 
236 248 
232 192 
232 212 
228 40 
236 188 
232 196 
236 224 
232 232 
224 40 
232 728 
228 196 
232 208 
228 324 
228 232 
232 44 
188 208 
228 188 
232 228 
228 244 
192 44 
232 196 
232 192 
232 240 
232 236 
232 44 
232 240 
236 188 
228 196 
228 488 
228 48 
196 240 
228 196 
232 252 
228 228 
228 44 
196 240 
232 188 
236 236 
232 232 
232 44 
196 236 
236 192 
232 228 
228 228 
228 236 
196 44 
228 236 
236 228 
236 236 
232 48 
232 196 
192 236 
228 196 
228 192 
228 240 
232 44 
192 196 
236 196 
228 196 
236 236 
232 48 
224 232 
232 204 
228 192 
228 232 
228 52 
196 236 
236 192 
236 228 
232 232 
228 44 
192 236 
236 200 
236 236 
228 228 
228 44 
184 240 
192 196 
232 236 
208 232 
228 228 
228 44 
188 236 
232 200 
236 196 
232 236 
228 44 
228 228 
216 212 
232 236 
228 232 
228 48 
188 192 
196 968 
228 192 
232 232 
236 44 
252 196 
228 196 
232 196 
232 232 
228 44 
188 236 
220 192 
236 220 
376 228 
232 200 
236 44 
232 232 
228 196 
236 192 
228 232 
232 44 
192 228 
628 196 
236 236 
228 236 
228 236 
228 44 
216 240 
236 192 
232 236 
228 232 
228 48 
192 196 
236 200 
228 240 
236 228 
232 232 
228 48 
196 220 
236 192 
236 240 
232 232 
228 48 
196 236 
232 200 
224 236 
224 232 
228 228 
196 44 
188 240 
232 200 
228 232 
228 40 
228 240 
192 240 
228 216 
224 636 
228 232 
228 44 
196 224 
232 188 
236 236 
224 236 
228 44 
228 240 
236 216 
228 196 
236 236 
236 48 
232 240 
232 220 
228 188 
228 232 
228 44 
232 244 
228 200 
228 192 
228 232 
236 44 
224 232 
232 216 
232 196 
204 232 
228 48 
200 220 
228 1116 
232 200 
232 232 
228 40 
192 196 
200 236 
212 196 
232 232 
228 48 
228 232 
236 220 
236 196 
188 192 
196 208 
216 236 
212 192 
232 232 
212 232 
236 240 
232 212 
228 236 
228 232 
236 64 
192 192 
748 184 
228 192 
228 232 
192 192 
584 240 
216 188 
188 232 
192 188 
632 252 
236 200 
232 196 
236 192 
228 236 
232 196 
228 192 
232 236 
228 208 
228 524 
228 240 
232 228 
232 232 
228 236 
228 232 
236 236 
236 228 
228 232 
236 232 
236 232 
228 240 
228 196 
192 192 
212 232 
232 196 
192 304 
232 300 
228 196 
232 232 
192 236 
232 240 
228 196 
236 652 
192 192 
232 192 
888 224 
228 236 
212 240 
228 232 
228 232 
228 232 
228 232 
232 232 
228 228 
228 236 
228 228 
232 232 
232 232 
232 236 
248 188 
236 196 
232 196 
232 952 
228 232 
232 236 
232 192 
208 232 
228 228 
208 232 
232 228 
212 228 
228 232 
236 228 
228 228 
232 232 
224 192 
188 236 
228 232 
472 232 
204 204 
192 228 
228 232 
228 236 
192 228 
232 232 
232 232 
232 236 
328 228 
232 212 
232 232 
236 232 
228 228 
228 228 
236 232 
228 236 
852 228 
452 560 
228 208 
232 232 
228 236 
232 232 
236 228 
208 232 
236 232 
236 232 
668 232 
228 232 
228 232 
232 232 
236 232 
228 232 
228 236 
236 236 
228 236 
228 232 
232 228 
228 232 
236 236 
228 232 
236 232 
228 228 
208 236 
228 232 
228 232 
228 232 
228 236 
224 228 
228 236 
228 232 
916 232 
228 228 
228 232 
228 236 
228 232 
228 240 
232 236 
232 232 
232 232 
224 232 
192 236 
228 232 
228 228 
232 232 
232 232 
232 232 
232 236 
228 236 
228 232 
228 228 
232 232 
232 228 
232 236 
228 236 
228 228 
232 232 
232 228 
228 232 
228 240 
232 232 
228 232 
236 232 
236 236 
236 236 
228 228 
224 228 
204 228 
236 228 
204 208 
232 236 
228 232 
232 228 
232 236 
228 236 
228 232 
232 216 
236 240 
232 236 
228 240 
228 228 
228 232 
192 196 
228 232 
204 228 
228 208 
228 236 
228 228 
228 232 
228 228 
228 232 
232 232 
228 240 
452 236 
228 236 
232 232 
228 232 
212 232 
228 232 
228 236 
228 232 
232 212 
712 216 
228 232 
236 232 
232 236 
232 232 
228 240 
232 232 
228 232 
228 232 
228 296 
340 232 
236 240 
228 196 
708 232 
236 232 
232 232 
232 228 
228 232 
236 232 
228 236 
228 240 
228 228 
232 232 
232 236 
236 236 
228 244 
228 236 
188 236 
236 228 
232 228 
228 236 
232 232 
196 232 
228 236 
232 228 
208 220 
224 232 
228 236 
232 240 
208 232 
228 236 
236 240 
232 232 
232 232 
204 232 
212 228 
228 228 
232 236 
228 228 
208 228 
232 264 
208 208 
228 216 
228 208 
208 216 
232 232 
228 236 
228 228 
228 232 
228 232 
208 232 
200 200 
228 236 
232 240 
228 284 
228 228 
228 192 
228 232 
236 232 
208 208 
228 232 
228 232 
236 212 
228 228 
196 208 
208 232 
224 240 
192 232 
392 212 
228 228 
236 228 
228 236 
232 240 
220 212 
228 228 
228 232 
488 240 
228 236 
204 236 
208 240 
192 236 
228 232 
192 240 
228 196 
228 228 
188 404 
228 232 
292 472 
232 224 
228 228 
208 228 
192 232 
228 232 
188 196 
232 204 
228 236 
228 236 
228 236 
228 212 
228 232 
232 236 
228 240 
232 236 
228 232 
236 232 
232 196 
224 232 
228 236 
232 228 
228 240 
228 240 
228 228 
236 232 
232 232 
228 232 
228 240 
224 228 
228 232 
232 228 
228 228 
208 232 
228 232 
232 232 
184 228 
228 192 
228 192 
312 192 
200 236 
188 228 
196 228 
188 228 
192 232 
232 196 
228 236 
228 236 
232 228 
208 232 
236 232 
228 240 
192 188 
228 228 
192 212 
192 212 
192 196 
188 504 
208 208 
208 232 
208 228 
208 232 
236 212 
228 212 
228 212 
228 208 
232 208 
344 208 
228 236 
228 232 
224 228 
212 224 
208 232 
220 224 
208 212 
236 208 
228 208 
204 236 
224 216 
208 232 
188 212 
232 212 
236 188 
228 228 
704 428 
228 212 
236 232 
228 232 
208 232 
208 232 
208 212 
212 232 
208 228 
716 232 
232 212 
228 208 
232 220 
192 240 
216 228 
208 232 
216 236 
208 220 
204 620 
212 232 
228 232 
236 208 
232 216 
212 216 
228 212 
232 208 
212 232 
228 212 
228 216 
228 208 
228 232 
208 236 
224 232 
204 212 
208 228 
196 208 
204 228 
204 232 
212 212 
196 188 
228 212 
228 212 
208 212 
228 208 
228 228 
208 212 
204 208 
208 232 
188 232 
228 372 
224 228 
208 232 
228 232 
232 244 
228 232 
228 228 
208 212 
212 208 
208 220 
208 212 
212 212 
228 240 
236 216 
228 224 
228 216 
208 232 
208 228 
244 212 
208 232 
212 208 
208 208 
212 208 
232 232 
232 236 
192 236 
228 228 
228 228 
540 232 
208 212 
228 232 
232 232 
232 232 
232 232 
208 188 
232 240 
228 232 
284 236 
232 204 
228 232 
232 232 
228 188 
232 200 
232 304 
232 232 
248 212 
508 212 
228 228 
228 232 
184 232 
188 224 
232 220 
208 220 
208 208 
236 212 
188 212 
212 216 
208 232 
208 204 
228 236 
228 232 
236 236 
228 236 
224 236 
188 232 
232 228 
228 232 
228 228 
208 232 
208 216 
188 208 
