# ./FR-trace starting at Wed Mar 18 18:05:32 2020
################# CONFIG #################
# slot=5000
# samples=10000
# threshold=100
# idle=500
# minlen=500
# runs=10000
# pdathreads=2
# nmonitored=2
#   monitor0=../apps/openssl ecp_smpl.c:933 0x1e3d58
#   monitor1=../apps/openssl ecp_smpl.c:940 0x1e39f3
# nevicted=0
# npdatargets=2
#   target0=../apps/openssl bn_lib.c:514 0x102f79
#   target1=../apps/openssl bn_lib.c:543 0x102fe5
# affinity=0
############## SYSTEM INFO ###############
# mastik_version=0.02
# sysname=Linux
# nodename=lovelace
# release=5.3.7-arch1-1-ARCH
# version=#1 SMP PREEMPT Fri Oct 18 00:17:03 UTC 2019
# machine=x86_64
################## DATA ##################
# run=8973
# datapoints=975
44 228 
36 44 
36 36 
236 196 
236 440 
232 232 
36 36 
36 36 
212 240 
240 196 
40 36 
216 212 
216 208 
232 44 
228 212 
228 212 
212 36 
236 236 
232 40 
240 236 
232 236 
224 36 
236 236 
216 44 
220 248 
208 580 
240 36 
236 212 
236 40 
236 224 
232 220 
44 48 
236 212 
228 44 
208 232 
212 216 
208 36 
216 216 
232 36 
240 232 
240 236 
232 36 
240 236 
236 432 
244 236 
240 184 
236 40 
212 200 
232 32 
212 196 
216 40 
216 208 
236 236 
232 40 
212 192 
232 36 
200 232 
228 312 
220 40 
212 236 
396 36 
204 244 
232 44 
240 200 
236 244 
268 40 
236 240 
196 36 
220 220 
200 236 
204 36 
216 200 
292 36 
196 236 
204 192 
204 44 
196 196 
196 44 
236 232 
216 200 
364 40 
228 228 
188 40 
204 196 
208 52 
208 40 
260 208 
232 40 
244 244 
240 452 
236 40 
204 212 
200 40 
280 240 
240 212 
232 40 
244 240 
236 44 
240 236 
232 240 
236 40 
232 240 
192 40 
200 196 
196 200 
232 40 
476 240 
192 32 
212 196 
236 244 
232 40 
204 196 
216 44 
196 192 
200 192 
188 40 
200 236 
212 40 
192 200 
216 204 
208 36 
192 220 
236 244 
328 240 
232 44 
236 196 
212 212 
192 40 
236 236 
196 40 
356 216 
212 236 
200 40 
236 200 
468 40 
236 448 
236 44 
224 248 
244 200 
404 44 
244 196 
232 40 
216 232 
240 216 
440 40 
200 236 
188 36 
232 236 
240 196 
236 40 
228 204 
232 44 
224 236 
192 192 
196 48 
208 200 
192 36 
228 232 
192 72 
188 48 
200 204 
196 432 
192 196 
236 44 
196 212 
232 340 
196 40 
232 232 
236 36 
212 232 
196 196 
232 40 
212 192 
228 40 
204 196 
188 40 
192 240 
240 216 
420 44 
200 236 
188 40 
232 216 
236 200 
220 40 
232 556 
196 440 
196 244 
188 44 
364 360 
232 196 
420 44 
224 200 
196 48 
200 236 
576 208 
192 40 
340 204 
192 44 
192 212 
208 152 
212 40 
204 216 
204 44 
196 200 
192 236 
264 44 
336 328 
192 36 
196 200 
204 172 
256 40 
192 216 
204 36 
212 208 
228 44 
212 264 
248 196 
428 36 
236 252 
232 40 
232 564 
236 224 
232 36 
220 232 
208 40 
232 232 
232 216 
284 36 
260 236 
228 40 
212 236 
212 48 
228 44 
204 228 
400 44 
232 244 
208 40 
208 220 
224 240 
204 40 
236 228 
232 36 
236 240 
232 36 
204 236 
232 216 
236 44 
300 528 
240 36 
240 236 
184 212 
196 40 
192 220 
404 36 
232 196 
232 40 
236 220 
188 228 
196 44 
228 200 
228 40 
236 196 
196 680 
232 48 
236 200 
232 40 
216 208 
196 216 
316 44 
240 196 
232 32 
244 272 
232 76 
256 40 
328 196 
196 32 
268 228 
204 48 
196 44 
212 208 
228 40 
212 232 
192 100 
232 40 
224 200 
424 40 
244 204 
236 40 
220 216 
240 236 
216 40 
232 220 
212 36 
268 196 
232 44 
240 220 
276 232 
400 40 
204 280 
200 40 
884 288 
196 224 
268 40 
220 224 
460 44 
248 300 
232 44 
296 240 
632 240 
192 36 
212 208 
244 36 
236 236 
196 44 
252 244 
240 232 
232 40 
240 240 
240 44 
240 236 
200 40 
256 236 
196 232 
420 40 
736 228 
216 44 
200 200 
204 196 
192 48 
216 220 
212 32 
332 216 
340 36 
236 44 
252 224 
232 44 
196 232 
232 140 
200 44 
240 236 
232 36 
212 224 
228 40 
216 232 
240 192 
232 44 
236 208 
216 44 
240 220 
240 228 
248 40 
232 200 
200 36 
192 232 
224 204 
192 40 
244 236 
196 48 
200 196 
196 228 
736 40 
220 196 
244 44 
236 240 
236 40 
232 244 
228 192 
212 44 
204 208 
192 40 
200 236 
216 48 
240 40 
224 216 
400 36 
228 200 
212 44 
316 200 
372 236 
436 40 
244 216 
232 40 
236 220 
252 308 
232 44 
228 216 
192 428 
196 212 
232 88 
196 40 
208 216 
396 36 
240 216 
216 88 
212 44 
216 236 
444 36 
224 216 
212 40 
188 236 
200 324 
360 44 
292 240 
240 36 
212 212 
232 40 
236 40 
236 196 
228 36 
216 216 
756 36 
228 40 
200 216 
220 36 
240 232 
192 144 
240 36 
224 200 
192 40 
204 240 
236 44 
236 196 
192 232 
192 40 
224 196 
212 44 
208 204 
228 204 
200 44 
204 212 
196 36 
196 224 
200 44 
208 204 
196 200 
220 44 
220 212 
200 428 
192 204 
192 216 
244 36 
220 196 
424 44 
192 204 
200 48 
244 200 
256 200 
216 40 
196 196 
244 244 
240 232 
220 288 
284 44 
196 240 
304 36 
196 272 
236 332 
248 44 
232 212 
440 36 
196 200 
228 40 
356 196 
196 212 
196 40 
228 220 
192 44 
204 232 
200 200 
320 44 
232 236 
832 36 
200 196 
216 192 
232 40 
212 240 
232 232 
236 232 
232 196 
232 192 
196 208 
232 236 
192 220 
196 192 
200 240 
196 220 
192 200 
460 252 
212 224 
196 208 
220 200 
196 476 
192 196 
188 240 
236 240 
204 200 
204 300 
196 216 
208 256 
204 216 
196 220 
196 192 
192 196 
196 268 
192 260 
424 260 
212 296 
240 244 
232 212 
340 884 
292 320 
252 256 
224 216 
192 220 
276 320 
232 196 
324 252 
224 220 
220 208 
216 208 
196 196 
204 188 
188 204 
220 196 
196 196 
216 204 
192 192 
184 204 
216 200 
220 192 
192 196 
216 340 
192 216 
292 236 
196 208 
196 692 
236 200 
192 216 
192 192 
272 192 
200 720 
196 232 
188 196 
428 196 
212 232 
216 216 
196 212 
196 200 
192 200 
196 224 
196 200 
196 240 
192 192 
196 216 
196 192 
212 216 
200 200 
192 196 
204 208 
188 240 
240 212 
200 236 
196 208 
236 228 
196 216 
324 236 
296 240 
228 236 
344 308 
228 232 
200 308 
236 200 
204 216 
196 244 
196 196 
192 192 
212 204 
272 236 
244 212 
204 216 
236 252 
272 196 
204 212 
212 232 
224 292 
260 212 
232 192 
220 204 
200 200 
196 192 
232 228 
188 200 
384 188 
228 204 
192 192 
204 196 
196 220 
196 208 
212 204 
192 208 
192 224 
216 204 
192 196 
212 196 
196 196 
192 204 
292 208 
208 208 
192 244 
228 196 
244 216 
236 244 
280 232 
212 216 
236 228 
212 244 
256 324 
272 248 
240 216 
216 236 
268 308 
216 192 
228 332 
224 204 
220 232 
268 192 
200 228 
200 236 
196 196 
196 240 
204 244 
200 216 
204 196 
456 200 
196 200 
196 216 
228 200 
212 252 
192 240 
212 236 
196 200 
196 196 
200 196 
192 240 
204 224 
196 196 
200 284 
200 212 
196 244 
232 332 
200 324 
264 204 
328 236 
216 232 
204 248 
308 224 
212 248 
232 212 
192 200 
372 324 
216 216 
188 216 
192 204 
200 236 
212 196 
192 216 
196 192 
200 192 
220 236 
204 236 
212 200 
196 240 
208 200 
220 212 
200 212 
200 324 
204 216 
200 224 
192 204 
192 208 
192 328 
292 236 
224 784 
0 0 
0 0 
0 0 
0 0 
0 0 
188 192 
220 204 
196 240 
200 256 
192 200 
192 200 
220 240 
208 332 
228 240 
228 192 
188 252 
208 244 
192 232 
288 280 
204 192 
188 212 
196 204 
200 192 
188 192 
192 204 
204 212 
232 208 
188 196 
184 196 
232 272 
196 192 
196 232 
228 232 
200 196 
188 428 
280 256 
220 396 
200 216 
208 212 
212 536 
220 212 
192 284 
188 216 
236 192 
228 252 
200 192 
228 196 
196 212 
196 192 
204 196 
196 200 
192 384 
192 228 
324 204 
312 288 
188 264 
200 216 
192 204 
200 200 
188 192 
188 196 
208 200 
188 192 
208 204 
196 316 
192 212 
220 192 
188 204 
188 200 
192 192 
192 196 
200 320 
192 212 
252 192 
232 232 
420 228 
312 248 
236 228 
252 256 
196 312 
220 232 
208 232 
268 268 
236 196 
676 372 
284 288 
200 256 
264 248 
196 200 
228 192 
236 192 
204 192 
188 196 
212 516 
252 244 
448 216 
208 232 
192 208 
200 200 
188 196 
192 204 
192 216 
200 828 
196 196 
196 212 
200 204 
220 232 
236 244 
196 268 
196 280 
188 208 
196 196 
204 196 
192 220 
212 192 
252 212 
240 244 
220 208 
196 196 
228 240 
192 196 
200 212 
192 232 
608 196 
188 216 
656 200 
268 196 
208 220 
344 212 
224 236 
280 256 
196 212 
200 200 
448 236 
232 232 
672 292 
208 428 
300 324 
296 196 
212 192 
224 228 
224 192 
220 188 
192 204 
292 212 
196 232 
192 196 
208 420 
208 252 
212 200 
220 200 
296 196 
216 188 
216 244 
184 208 
224 212 
232 200 
204 200 
192 188 
236 216 
188 200 
212 204 
308 192 
304 224 
240 192 
272 204 
196 248 
200 200 
232 212 
200 192 
200 228 
196 408 
192 216 
188 200 
236 244 
292 192 
332 332 
232 236 
268 288 
672 200 
192 196 
196 204 
200 232 
200 204 
196 192 
188 192 
220 196 
188 196 
200 208 
212 192 
188 208 
228 256 
236 288 
192 204 
228 196 
188 192 
216 236 
224 816 
648 192 
244 260 
192 232 
252 212 
192 212 
304 244 
192 196 
200 192 
212 228 
188 192 
192 200 
224 272 
188 204 
212 208 
204 200 
196 188 
624 196 
192 192 
204 668 
208 192 
200 212 
208 232 
192 196 
192 196 
240 196 
232 212 
236 200 
200 204 
220 196 
216 376 
208 208 
196 200 
192 192 
200 200 
188 192 
192 200 
204 200 
304 316 
260 216 
312 340 
196 264 
200 208 
252 232 
244 264 
236 192 
196 312 
324 204 
208 508 
232 228 
184 200 
188 280 
192 200 
192 192 
224 196 
196 232 
224 192 
188 204 
224 208 
188 212 
188 216 
188 208 
208 572 
192 200 
196 216 
224 196 
200 212 
340 212 
200 192 
548 220 
224 196 
200 196 
196 192 
220 196 
264 268 
308 196 
220 208 
260 256 
200 228 
348 228 
224 236 
228 272 
236 252 
208 220 
204 260 
204 208 
228 312 
224 332 
260 260 
312 192 
232 264 
192 224 
184 192 
204 236 
424 228 
