# ./FR-trace starting at Wed Mar 18 15:42:16 2020
################# CONFIG #################
# slot=5000
# samples=10000
# threshold=100
# idle=500
# minlen=500
# runs=10000
# pdathreads=2
# nmonitored=2
#   monitor0=../apps/openssl ecp_smpl.c:933 0x1e3d58
#   monitor1=../apps/openssl ecp_smpl.c:940 0x1e39f3
# nevicted=0
# npdatargets=2
#   target0=../apps/openssl bn_lib.c:514 0x102f79
#   target1=../apps/openssl bn_lib.c:543 0x102fe5
# affinity=0
############## SYSTEM INFO ###############
# mastik_version=0.02
# sysname=Linux
# nodename=lovelace
# release=5.3.7-arch1-1-ARCH
# version=#1 SMP PREEMPT Fri Oct 18 00:17:03 UTC 2019
# machine=x86_64
################## DATA ##################
# run=1072
# datapoints=971
44 36 
236 372 
436 232 
200 240 
404 240 
244 236 
40 44 
240 604 
232 252 
244 460 
36 36 
232 236 
412 448 
228 44 
240 240 
236 44 
236 236 
232 244 
400 36 
240 236 
236 116 
228 36 
236 236 
236 44 
240 236 
232 104 
236 36 
244 228 
232 36 
236 236 
232 240 
232 40 
232 240 
244 32 
240 240 
232 232 
232 36 
236 232 
220 36 
236 232 
236 40 
228 240 
240 236 
232 40 
236 240 
208 36 
240 232 
240 264 
240 40 
212 236 
240 44 
232 236 
240 240 
236 40 
232 244 
248 40 
232 444 
236 48 
216 240 
236 236 
232 44 
852 240 
236 44 
232 240 
240 236 
232 44 
240 236 
236 40 
240 236 
232 40 
240 240 
228 244 
240 44 
236 244 
232 40 
256 240 
236 76 
236 40 
240 236 
236 32 
232 236 
236 236 
232 44 
236 240 
532 36 
236 236 
236 236 
244 36 
240 240 
232 36 
236 240 
236 44 
244 232 
748 236 
232 48 
1000 236 
196 36 
240 232 
228 40 
236 236 
244 240 
240 40 
244 608 
236 48 
240 236 
236 40 
236 240 
236 240 
232 40 
240 232 
240 44 
240 240 
232 1052 
228 36 
240 236 
228 52 
236 244 
232 44 
232 236 
244 232 
236 44 
244 240 
232 40 
232 240 
232 236 
228 40 
232 232 
236 32 
232 240 
236 40 
232 236 
236 240 
232 44 
236 236 
232 40 
240 240 
232 40 
228 44 
236 244 
240 40 
240 240 
232 44 
228 48 
232 244 
208 36 
244 240 
236 40 
232 48 
240 240 
240 36 
240 240 
232 40 
232 216 
220 236 
236 40 
236 236 
232 44 
240 232 
232 168 
236 40 
232 244 
400 36 
216 212 
228 40 
236 240 
232 248 
236 40 
244 236 
236 40 
232 232 
308 236 
232 44 
236 240 
232 436 
244 232 
232 156 
236 48 
236 236 
236 32 
888 236 
236 44 
232 232 
232 240 
232 36 
236 192 
236 44 
244 232 
240 252 
236 36 
232 236 
400 36 
236 244 
228 40 
232 236 
232 236 
236 40 
244 240 
236 40 
240 240 
236 244 
232 40 
240 236 
240 44 
232 240 
240 172 
228 44 
236 236 
184 36 
240 236 
228 44 
232 248 
224 236 
236 40 
240 236 
232 44 
236 236 
232 144 
232 44 
232 232 
240 40 
236 244 
248 44 
232 228 
232 244 
236 40 
244 240 
400 36 
240 240 
240 152 
232 44 
236 240 
240 36 
244 200 
228 40 
244 236 
232 236 
440 40 
232 236 
236 44 
212 232 
240 240 
240 40 
236 240 
236 40 
232 236 
236 244 
232 40 
240 236 
216 32 
240 240 
236 180 
232 44 
248 232 
396 36 
236 240 
232 44 
232 236 
240 220 
236 40 
240 236 
232 44 
236 236 
240 256 
1072 40 
236 196 
364 36 
236 216 
236 240 
232 36 
236 240 
236 32 
248 240 
236 48 
232 44 
576 232 
236 244 
240 240 
240 40 
232 240 
236 232 
232 40 
240 236 
236 40 
236 424 
232 232 
232 44 
232 232 
240 40 
236 236 
232 236 
236 44 
232 244 
228 40 
236 244 
232 240 
236 44 
236 192 
396 36 
236 232 
236 44 
236 236 
232 236 
232 40 
232 240 
240 432 
240 236 
240 48 
232 44 
232 244 
232 40 
232 236 
228 36 
236 208 
236 36 
232 240 
232 240 
232 40 
240 232 
232 40 
236 236 
244 236 
232 48 
228 232 
232 36 
236 240 
232 244 
232 40 
236 232 
236 40 
244 236 
580 40 
240 236 
236 64 
232 44 
208 236 
400 36 
240 240 
232 40 
236 240 
244 236 
236 40 
236 236 
232 36 
220 220 
240 40 
244 232 
232 232 
488 44 
236 236 
244 40 
240 240 
236 228 
232 36 
236 236 
400 36 
232 236 
236 176 
244 40 
236 240 
236 44 
368 232 
236 216 
240 48 
236 236 
236 44 
236 240 
236 40 
232 240 
240 236 
232 44 
240 248 
240 36 
228 248 
232 60 
228 44 
244 236 
232 44 
240 228 
236 48 
244 232 
424 240 
232 44 
236 236 
436 40 
240 232 
236 40 
240 236 
228 704 
236 40 
236 236 
232 40 
236 236 
244 236 
236 36 
240 240 
400 36 
240 232 
236 36 
236 236 
240 240 
232 36 
240 236 
232 40 
244 236 
240 252 
240 40 
240 236 
396 244 
232 236 
232 40 
236 236 
240 232 
244 44 
236 236 
380 36 
240 236 
232 232 
240 40 
232 248 
200 36 
236 236 
236 192 
236 44 
236 240 
236 48 
236 232 
236 236 
236 40 
240 228 
444 44 
232 236 
228 44 
240 244 
232 236 
240 40 
236 236 
396 36 
236 236 
212 156 
232 36 
236 236 
236 44 
240 236 
236 40 
236 240 
232 236 
236 44 
244 212 
236 40 
236 240 
232 96 
232 44 
232 240 
396 36 
232 236 
372 48 
240 44 
236 236 
192 36 
240 236 
232 148 
228 40 
240 236 
236 40 
636 316 
228 44 
236 236 
232 244 
236 44 
244 240 
236 40 
216 228 
232 212 
260 212 
232 240 
236 204 
240 244 
232 220 
232 212 
236 204 
436 420 
228 236 
236 964 
240 408 
232 240 
232 232 
232 236 
232 240 
232 236 
236 236 
520 244 
0 0 
0 0 
0 0 
0 0 
240 244 
192 240 
196 240 
316 200 
196 204 
204 200 
208 220 
236 240 
192 404 
236 192 
204 412 
220 236 
236 236 
240 240 
244 236 
236 236 
232 236 
232 240 
236 232 
244 236 
236 244 
244 232 
240 236 
240 236 
400 400 
236 236 
236 240 
236 236 
228 252 
216 232 
232 232 
236 268 
240 240 
232 240 
236 232 
236 236 
232 232 
232 232 
212 208 
232 196 
228 236 
228 236 
232 236 
236 232 
240 240 
236 244 
240 232 
232 212 
240 240 
236 244 
236 236 
252 232 
232 240 
232 236 
236 232 
372 236 
240 220 
248 236 
240 236 
232 220 
232 236 
200 240 
232 196 
236 240 
624 228 
232 248 
232 240 
228 232 
212 236 
228 236 
236 236 
236 244 
236 244 
232 424 
236 240 
244 240 
236 212 
236 240 
240 232 
240 240 
240 196 
228 224 
192 196 
228 236 
236 236 
232 236 
232 244 
584 240 
232 244 
232 232 
196 236 
228 244 
232 232 
244 236 
232 236 
252 240 
212 240 
240 240 
232 240 
240 232 
236 228 
232 236 
228 244 
236 232 
196 236 
232 232 
228 236 
232 232 
232 236 
236 220 
228 236 
232 252 
228 236 
236 236 
232 244 
236 232 
244 236 
232 244 
232 236 
236 240 
232 244 
244 232 
232 236 
236 232 
212 236 
236 236 
228 240 
240 252 
236 232 
228 232 
232 232 
236 236 
244 236 
212 220 
240 236 
232 240 
232 236 
232 240 
232 240 
232 236 
236 236 
228 240 
232 228 
228 220 
228 236 
232 236 
228 208 
208 212 
240 232 
232 240 
412 452 
208 216 
240 228 
232 240 
216 240 
232 240 
236 232 
232 236 
236 236 
656 220 
232 216 
228 232 
232 228 
232 236 
236 236 
236 240 
192 236 
216 232 
192 236 
216 196 
240 240 
508 216 
240 200 
632 236 
236 204 
236 192 
196 196 
232 240 
232 240 
240 232 
232 236 
236 240 
236 236 
236 236 
208 240 
232 248 
220 236 
232 240 
232 240 
232 232 
240 236 
236 196 
236 240 
236 232 
232 236 
232 196 
240 216 
232 236 
188 220 
232 236 
244 240 
236 236 
232 240 
228 232 
228 1140 
224 236 
228 232 
236 232 
232 244 
236 252 
236 228 
236 236 
228 236 
236 236 
232 240 
232 236 
236 232 
240 244 
236 232 
220 236 
228 236 
232 212 
208 232 
232 236 
236 240 
244 240 
240 244 
252 200 
212 208 
232 232 
224 236 
192 200 
232 232 
192 196 
204 212 
232 196 
192 596 
228 220 
188 192 
232 452 
232 224 
232 244 
208 232 
236 456 
232 236 
452 296 
236 232 
208 232 
232 228 
228 236 
236 240 
240 288 
236 236 
232 232 
216 1116 
232 240 
232 240 
232 232 
232 240 
236 192 
232 200 
228 188 
228 216 
240 528 
236 244 
188 252 
240 232 
232 236 
220 228 
236 236 
228 240 
204 232 
240 760 
232 240 
188 232 
236 236 
188 196 
232 240 
208 224 
240 244 
236 240 
216 220 
236 232 
192 216 
208 212 
232 236 
232 236 
216 232 
228 1056 
228 240 
244 232 
228 192 
248 232 
200 240 
248 236 
240 228 
212 212 
232 236 
240 240 
244 236 
252 272 
236 236 
236 236 
236 240 
228 228 
228 232 
228 232 
232 232 
232 236 
240 240 
236 232 
228 232 
232 232 
216 232 
212 240 
204 240 
228 236 
240 236 
232 232 
236 232 
236 236 
232 232 
204 244 
200 220 
232 456 
228 244 
236 240 
232 240 
236 228 
236 212 
236 224 
200 232 
228 216 
236 232 
232 232 
232 236 
240 228 
232 224 
232 228 
228 236 
440 236 
232 224 
228 268 
232 232 
236 240 
228 232 
232 228 
228 232 
232 236 
688 232 
232 236 
236 236 
232 236 
232 240 
232 240 
232 240 
228 240 
232 236 
200 188 
216 216 
192 236 
236 212 
244 252 
228 236 
224 248 
232 236 
236 240 
236 212 
240 236 
232 236 
232 240 
236 240 
324 788 
228 244 
236 236 
244 244 
228 236 
240 232 
192 200 
236 236 
236 232 
232 240 
232 236 
236 232 
236 244 
236 240 
232 232 
232 236 
228 240 
232 228 
232 244 
216 232 
200 196 
240 240 
236 236 
236 240 
232 236 
232 240 
232 232 
236 232 
236 252 
228 236 
236 232 
236 232 
232 236 
232 236 
236 228 
236 232 
232 244 
212 232 
236 460 
232 248 
228 212 
236 236 
240 244 
248 236 
240 236 
240 240 
224 216 
244 232 
228 204 
240 228 
236 232 
236 236 
236 236 
236 236 
228 236 
236 212 
228 240 
232 228 
240 256 
232 236 
240 236 
236 240 
236 232 
468 236 
228 212 
236 236 
228 452 
232 236 
236 240 
236 228 
228 232 
232 236 
716 192 
236 288 
212 236 
236 228 
232 232 
228 232 
216 236 
240 236 
228 236 
228 584 
232 236 
240 224 
236 1236 
216 240 
232 240 
232 244 
232 208 
232 236 
232 252 
232 236 
232 240 
240 236 
232 236 
232 248 
240 244 
232 240 
236 236 
236 240 
232 228 
236 232 
232 200 
248 232 
