# ./FR-trace starting at Wed Mar 18 17:07:12 2020
################# CONFIG #################
# slot=5000
# samples=10000
# threshold=100
# idle=500
# minlen=500
# runs=10000
# pdathreads=2
# nmonitored=2
#   monitor0=../apps/openssl ecp_smpl.c:933 0x1e3d58
#   monitor1=../apps/openssl ecp_smpl.c:940 0x1e39f3
# nevicted=0
# npdatargets=2
#   target0=../apps/openssl bn_lib.c:514 0x102f79
#   target1=../apps/openssl bn_lib.c:543 0x102fe5
# affinity=0
############## SYSTEM INFO ###############
# mastik_version=0.02
# sysname=Linux
# nodename=lovelace
# release=5.3.7-arch1-1-ARCH
# version=#1 SMP PREEMPT Fri Oct 18 00:17:03 UTC 2019
# machine=x86_64
################## DATA ##################
# run=5750
# datapoints=1595
44 48 
232 192 
192 200 
48 236 
44 44 
40 44 
236 232 
232 236 
236 220 
304 196 
232 208 
232 200 
188 236 
228 192 
228 236 
196 236 
232 192 
236 232 
232 204 
200 232 
228 232 
204 200 
236 240 
228 228 
188 232 
232 48 
192 236 
188 236 
236 236 
188 232 
228 232 
228 40 
188 228 
192 196 
236 228 
228 232 
228 676 
192 52 
188 192 
236 232 
232 236 
236 240 
228 48 
188 240 
232 192 
232 232 
228 232 
232 48 
188 232 
232 200 
248 192 
228 236 
228 44 
228 232 
232 236 
236 192 
236 232 
228 232 
228 52 
228 716 
232 196 
228 236 
232 232 
232 240 
228 44 
188 236 
240 196 
232 220 
228 236 
228 40 
188 236 
236 196 
232 240 
228 228 
228 44 
188 240 
236 204 
236 236 
208 232 
228 44 
240 244 
220 196 
232 236 
228 232 
232 232 
228 48 
220 232 
212 252 
236 232 
232 240 
228 52 
184 448 
232 188 
236 240 
228 232 
228 48 
196 220 
236 240 
236 204 
228 232 
232 44 
228 236 
232 224 
232 196 
360 232 
232 48 
192 232 
236 192 
236 240 
228 228 
224 44 
232 232 
232 212 
584 244 
228 228 
228 44 
196 240 
232 248 
232 196 
228 232 
228 44 
188 244 
236 196 
236 236 
232 232 
232 44 
196 236 
232 192 
232 200 
228 232 
228 48 
188 236 
236 192 
228 200 
232 232 
236 44 
236 612 
228 232 
240 192 
228 236 
232 236 
228 44 
192 240 
232 192 
236 220 
232 232 
232 44 
228 240 
236 232 
240 244 
232 232 
232 44 
220 236 
236 232 
236 240 
228 232 
228 48 
220 244 
236 232 
236 200 
228 228 
232 44 
228 228 
320 228 
232 236 
228 192 
228 232 
232 232 
224 44 
236 236 
228 196 
236 228 
228 48 
212 240 
228 220 
236 196 
228 236 
228 44 
236 240 
232 196 
228 228 
232 236 
208 44 
192 244 
232 196 
232 236 
228 232 
232 48 
236 204 
236 196 
232 240 
228 212 
228 44 
192 236 
236 196 
248 196 
232 232 
228 44 
192 240 
388 236 
232 196 
232 232 
228 44 
200 192 
236 236 
232 196 
232 232 
232 44 
224 228 
236 244 
232 240 
228 240 
228 44 
192 232 
232 240 
236 200 
228 236 
228 40 
184 236 
232 196 
232 256 
224 228 
228 48 
192 240 
228 200 
236 232 
228 740 
228 40 
196 220 
236 196 
228 188 
232 236 
232 232 
232 44 
232 228 
236 232 
228 204 
232 228 
228 48 
192 236 
232 196 
236 236 
236 228 
228 40 
192 200 
232 240 
228 240 
236 232 
236 48 
228 236 
232 244 
228 192 
228 232 
232 48 
192 240 
196 220 
228 232 
228 228 
232 240 
224 48 
196 228 
228 188 
228 192 
228 228 
228 48 
232 232 
228 224 
236 220 
204 232 
228 44 
220 192 
224 200 
228 196 
228 248 
228 236 
192 40 
232 240 
212 200 
232 232 
232 52 
188 236 
236 192 
232 232 
228 236 
228 236 
216 44 
192 200 
236 236 
228 196 
232 236 
228 48 
188 236 
232 236 
236 200 
404 236 
228 44 
236 236 
216 188 
236 224 
236 236 
228 232 
228 44 
184 240 
628 192 
232 720 
228 228 
228 48 
192 236 
236 224 
228 192 
232 236 
232 48 
232 240 
236 224 
232 196 
228 228 
228 48 
232 668 
232 212 
236 192 
228 240 
228 44 
188 224 
232 192 
236 240 
228 228 
232 52 
188 232 
192 236 
232 196 
232 236 
228 232 
196 48 
184 240 
232 192 
232 232 
228 44 
192 244 
236 236 
236 196 
228 232 
236 48 
228 196 
232 196 
236 240 
232 232 
232 40 
196 196 
232 204 
236 232 
228 232 
228 44 
236 236 
696 236 
232 196 
228 228 
228 44 
236 196 
740 192 
236 248 
228 192 
232 228 
232 232 
208 48 
212 188 
232 216 
232 244 
228 236 
232 48 
192 232 
240 192 
236 240 
216 208 
232 44 
188 232 
240 192 
236 236 
232 228 
228 44 
196 240 
240 228 
240 192 
236 228 
232 48 
216 240 
236 236 
240 240 
0 0 
0 0 
200 216 
232 232 
232 236 
228 48 
188 236 
236 232 
228 192 
224 228 
224 40 
236 196 
228 196 
228 192 
228 228 
228 44 
232 240 
236 208 
228 192 
228 228 
228 580 
40 48 
224 240 
244 192 
240 192 
232 228 
228 40 
196 196 
232 228 
228 192 
228 240 
232 44 
228 244 
232 236 
232 204 
232 236 
228 52 
192 196 
228 192 
236 236 
228 232 
232 48 
236 192 
228 196 
232 236 
228 228 
228 48 
224 236 
236 236 
236 200 
228 228 
232 44 
236 336 
228 188 
236 196 
228 232 
232 48 
192 232 
228 196 
228 256 
228 228 
48 44 
196 228 
232 188 
232 232 
228 244 
236 44 
216 232 
236 236 
256 196 
232 236 
204 44 
196 228 
228 196 
228 192 
232 232 
228 44 
192 236 
232 196 
224 196 
208 216 
236 48 
204 196 
232 232 
236 240 
228 236 
224 44 
192 236 
216 200 
228 208 
224 236 
228 240 
212 40 
232 236 
228 192 
232 240 
232 232 
440 44 
236 216 
232 200 
224 232 
228 228 
232 48 
196 228 
228 196 
232 232 
684 228 
232 48 
220 196 
232 192 
228 236 
232 228 
232 48 
192 244 
232 192 
256 196 
228 232 
228 44 
196 192 
228 192 
228 188 
232 236 
232 40 
240 188 
228 196 
236 236 
228 232 
228 40 
192 240 
236 196 
236 232 
228 236 
228 44 
184 232 
236 192 
236 196 
228 236 
228 44 
192 236 
236 192 
236 220 
232 236 
228 44 
188 236 
224 196 
236 224 
232 236 
232 48 
192 236 
228 192 
236 220 
228 232 
228 48 
216 228 
240 236 
232 248 
232 236 
228 44 
192 240 
236 228 
228 196 
228 236 
228 44 
188 240 
236 196 
232 248 
212 236 
228 48 
192 240 
240 192 
236 224 
228 232 
228 44 
184 236 
236 236 
208 232 
232 236 
228 44 
248 196 
236 196 
236 232 
228 228 
228 44 
192 236 
236 196 
236 196 
228 232 
228 44 
188 196 
228 192 
228 196 
232 236 
448 48 
236 192 
236 192 
236 244 
232 240 
232 44 
212 188 
236 228 
228 192 
708 232 
228 44 
192 240 
236 240 
232 200 
232 232 
232 52 
188 236 
236 240 
228 200 
228 232 
228 48 
192 228 
232 192 
228 236 
232 232 
228 44 
192 232 
228 196 
232 232 
236 228 
228 40 
200 200 
228 192 
228 240 
232 232 
232 232 
192 44 
236 232 
236 200 
236 220 
228 240 
232 48 
228 236 
196 232 
240 196 
228 232 
232 228 
228 48 
228 192 
228 192 
228 192 
232 228 
232 44 
192 240 
236 236 
228 200 
232 232 
228 48 
192 240 
236 240 
216 192 
228 232 
228 44 
240 192 
720 184 
232 200 
228 192 
232 232 
228 44 
192 240 
236 240 
228 232 
232 232 
192 52 
212 236 
228 188 
236 232 
228 48 
192 212 
236 192 
236 232 
232 232 
236 48 
196 228 
236 188 
228 188 
236 228 
228 40 
228 232 
228 196 
228 200 
228 232 
228 48 
192 236 
236 232 
476 196 
228 220 
236 48 
192 236 
228 196 
228 212 
228 232 
228 48 
192 256 
720 196 
232 232 
228 232 
228 44 
228 232 
232 200 
232 192 
228 236 
228 44 
228 240 
236 232 
224 196 
228 236 
228 44 
196 240 
232 240 
228 192 
232 236 
232 48 
188 236 
192 192 
232 232 
224 228 
228 232 
228 44 
192 240 
232 196 
232 232 
228 228 
228 44 
196 196 
236 228 
248 196 
228 236 
236 44 
192 244 
236 192 
232 244 
228 232 
236 44 
196 224 
388 236 
252 192 
228 228 
228 48 
228 236 
228 192 
232 236 
228 232 
224 232 
236 44 
196 236 
236 200 
228 236 
228 240 
196 48 
232 192 
236 232 
228 232 
228 132 
208 44 
192 236 
228 192 
232 192 
232 236 
232 48 
184 232 
236 196 
224 196 
208 216 
228 256 
236 48 
188 236 
232 208 
236 236 
236 48 
196 236 
264 252 
228 188 
232 232 
236 48 
188 232 
232 196 
228 192 
232 244 
236 44 
200 200 
228 220 
232 196 
228 228 
228 48 
192 240 
232 232 
228 196 
232 240 
736 48 
228 236 
232 196 
232 188 
232 236 
232 48 
236 232 
228 196 
232 204 
228 624 
228 40 
192 236 
232 236 
224 228 
228 232 
232 48 
192 236 
236 188 
228 196 
228 232 
232 52 
228 196 
236 228 
228 196 
228 232 
236 48 
196 240 
236 192 
232 212 
232 232 
228 44 
228 240 
232 216 
236 196 
228 228 
228 44 
188 236 
236 196 
232 192 
232 240 
228 48 
228 232 
232 220 
232 200 
228 232 
228 44 
232 228 
236 188 
232 236 
228 48 
228 44 
224 192 
228 192 
236 220 
232 232 
236 48 
188 196 
208 192 
236 188 
228 232 
208 228 
192 52 
244 188 
236 220 
232 236 
232 44 
236 48 
196 228 
232 200 
208 312 
232 228 
236 44 
228 228 
184 232 
232 232 
208 228 
232 240 
232 360 
228 216 
204 192 
252 196 
232 232 
192 192 
572 192 
248 192 
232 232 
196 264 
208 192 
192 228 
188 212 
264 192 
504 232 
228 240 
228 196 
188 204 
192 192 
228 236 
188 188 
232 192 
192 188 
192 208 
224 232 
200 212 
196 208 
208 328 
232 232 
224 220 
236 236 
208 208 
232 232 
188 220 
232 232 
232 192 
40 232 
228 136 
44 44 
228 240 
232 192 
236 228 
228 228 
232 44 
192 232 
232 228 
236 192 
228 228 
224 44 
232 224 
232 192 
236 232 
232 236 
228 44 
192 232 
232 240 
232 212 
228 228 
228 40 
192 240 
228 200 
232 244 
232 228 
232 44 
248 232 
236 204 
236 232 
236 232 
40 44 
208 232 
236 192 
228 200 
228 232 
236 196 
232 232 
228 44 
192 236 
232 240 
212 200 
236 236 
236 44 
228 236 
232 236 
232 244 
236 232 
232 232 
232 44 
208 216 
236 236 
228 192 
228 232 
232 48 
228 232 
236 228 
232 232 
284 236 
228 208 
232 48 
216 192 
232 192 
232 232 
228 236 
228 48 
196 196 
508 196 
232 192 
228 232 
228 44 
196 228 
232 196 
236 244 
228 232 
228 44 
188 232 
236 236 
232 196 
224 232 
232 48 
196 236 
240 240 
232 236 
232 232 
228 44 
192 236 
228 192 
228 228 
228 232 
232 228 
192 52 
188 196 
248 240 
228 228 
228 228 
192 48 
188 196 
232 188 
232 236 
232 48 
224 236 
196 196 
240 192 
228 236 
228 228 
192 52 
240 192 
232 192 
228 200 
228 232 
192 48 
236 188 
232 188 
232 232 
232 232 
228 44 
196 224 
240 196 
228 328 
228 232 
228 44 
196 232 
228 200 
232 236 
236 236 
228 48 
192 228 
232 192 
228 232 
228 228 
192 48 
232 244 
232 200 
228 228 
228 44 
192 236 
232 196 
236 244 
232 240 
236 48 
232 236 
232 216 
228 192 
228 232 
212 48 
188 244 
236 260 
236 196 
228 236 
228 44 
212 188 
236 192 
300 196 
228 208 
228 44 
196 236 
236 192 
232 196 
208 200 
232 232 
232 228 
612 236 
232 196 
208 188 
232 232 
208 192 
188 188 
216 232 
224 232 
228 232 
232 412 
196 236 
224 200 
232 224 
228 236 
260 232 
248 188 
196 228 
232 232 
228 248 
228 232 
232 232 
224 228 
228 228 
228 228 
228 232 
228 232 
228 244 
232 240 
236 236 
232 228 
236 232 
228 232 
228 236 
236 240 
228 228 
228 228 
228 232 
232 232 
236 244 
228 196 
192 48 
228 228 
228 232 
192 228 
232 236 
232 208 
208 200 
232 244 
192 232 
228 232 
228 232 
232 232 
228 228 
228 232 
228 232 
228 236 
232 232 
228 232 
232 228 
236 236 
212 196 
232 236 
232 240 
240 232 
188 228 
228 232 
212 232 
228 228 
232 228 
204 212 
188 312 
208 236 
220 236 
196 236 
228 228 
232 236 
228 232 
236 228 
232 212 
188 228 
228 232 
228 196 
188 220 
228 236 
236 228 
232 232 
304 232 
232 212 
188 232 
228 228 
224 228 
228 228 
228 232 
228 232 
236 240 
232 232 
196 236 
188 212 
228 192 
228 236 
208 216 
236 232 
236 240 
188 232 
228 452 
228 232 
228 232 
228 228 
228 192 
224 236 
208 232 
228 232 
208 232 
212 236 
228 228 
228 232 
228 228 
228 236 
188 232 
228 228 
224 192 
236 228 
236 236 
228 192 
208 204 
228 236 
228 232 
188 232 
188 196 
236 232 
236 244 
228 232 
208 232 
232 232 
228 232 
232 232 
236 208 
228 232 
232 236 
228 232 
228 232 
228 236 
228 236 
232 232 
228 232 
204 232 
236 240 
232 232 
232 236 
228 236 
232 236 
228 236 
232 232 
228 228 
232 232 
204 232 
228 228 
228 228 
228 236 
228 232 
232 232 
228 232 
228 228 
228 228 
208 220 
228 232 
228 228 
232 228 
228 232 
228 236 
212 232 
220 232 
260 212 
228 232 
232 208 
216 192 
232 236 
232 232 
232 196 
196 208 
192 208 
364 232 
240 232 
200 212 
208 196 
228 192 
208 192 
188 204 
196 192 
188 232 
588 192 
208 232 
228 228 
188 196 
204 208 
188 232 
216 216 
264 228 
208 208 
228 444 
228 232 
232 192 
212 232 
236 232 
212 228 
192 208 
208 320 
224 212 
192 748 
192 232 
188 236 
224 216 
228 228 
212 232 
208 208 
232 236 
228 228 
232 232 
228 244 
204 236 
208 232 
232 288 
228 204 
228 188 
228 240 
228 240 
188 192 
188 216 
188 216 
228 228 
232 232 
228 212 
688 240 
228 232 
228 232 
192 232 
228 236 
232 232 
228 232 
228 188 
232 232 
204 228 
232 236 
228 232 
228 228 
232 236 
232 236 
232 232 
224 228 
196 228 
208 232 
228 232 
228 232 
228 212 
192 212 
188 232 
232 232 
236 232 
228 196 
208 216 
208 228 
228 228 
232 236 
228 232 
188 232 
208 192 
228 228 
728 188 
228 212 
228 228 
316 236 
212 200 
208 232 
232 236 
228 232 
232 236 
352 228 
232 212 
228 228 
208 228 
228 236 
204 228 
228 236 
228 232 
232 236 
728 236 
232 236 
228 236 
228 244 
228 232 
232 232 
236 236 
228 232 
224 208 
204 192 
228 236 
236 224 
232 232 
216 192 
332 192 
228 228 
224 208 
232 216 
228 188 
228 232 
228 232 
200 236 
232 232 
228 212 
212 240 
232 220 
232 236 
188 228 
236 296 
232 200 
224 220 
232 232 
228 200 
232 240 
208 240 
196 188 
232 240 
204 208 
236 232 
236 236 
228 192 
228 200 
232 240 
236 232 
232 212 
228 240 
228 236 
228 232 
228 216 
228 232 
228 232 
200 212 
240 188 
236 236 
232 232 
232 232 
228 228 
228 232 
228 236 
232 200 
204 232 
228 236 
312 204 
228 240 
228 228 
232 232 
232 240 
236 236 
276 236 
204 212 
232 232 
232 236 
232 232 
228 232 
224 228 
204 228 
228 232 
216 232 
232 208 
192 228 
228 228 
232 232 
232 232 
228 236 
228 228 
236 232 
384 236 
228 208 
228 232 
228 232 
232 232 
228 232 
232 240 
236 240 
236 232 
636 232 
228 236 
228 232 
232 232 
228 236 
212 228 
228 236 
228 232 
228 236 
228 500 
228 232 
228 228 
196 228 
228 232 
232 232 
228 232 
228 232 
232 232 
228 744 
192 232 
232 232 
228 232 
228 236 
232 216 
224 228 
188 212 
192 236 
228 236 
228 228 
232 232 
208 232 
228 232 
232 232 
228 228 
228 232 
228 236 
236 228 
212 240 
236 208 
232 236 
232 228 
188 192 
228 228 
232 232 
232 228 
232 208 
228 192 
232 236 
232 236 
228 208 
240 368 
228 232 
200 216 
228 228 
348 232 
236 208 
228 232 
188 228 
232 208 
232 232 
208 232 
228 232 
228 236 
232 240 
236 232 
208 232 
228 216 
228 228 
236 232 
208 204 
228 228 
232 228 
232 232 
232 232 
232 232 
228 228 
232 348 
232 228 
232 212 
228 236 
228 228 
224 232 
208 188 
188 208 
228 232 
228 200 
416 236 
228 212 
228 232 
204 236 
236 228 
208 232 
228 232 
220 228 
232 228 
208 260 
232 236 
232 192 
236 236 
228 236 
228 232 
192 232 
228 232 
232 228 
232 528 
188 232 
228 232 
228 236 
232 228 
232 236 
228 216 
228 236 
236 232 
228 748 
196 232 
232 232 
228 232 
232 232 
228 228 
232 232 
232 232 
224 228 
236 228 
228 208 
232 232 
228 228 
228 232 
200 232 
236 236 
232 232 
228 236 
228 232 
236 236 
236 232 
208 232 
208 232 
232 232 
236 232 
232 236 
228 228 
232 232 
232 232 
228 232 
228 188 
228 228 
228 232 
232 236 
232 236 
208 192 
228 236 
228 232 
192 236 
228 232 
188 228 
232 232 
208 232 
228 240 
228 232 
188 236 
224 228 
228 228 
