# ./FR-trace starting at Wed Mar 18 15:52:21 2020
################# CONFIG #################
# slot=5000
# samples=10000
# threshold=100
# idle=500
# minlen=500
# runs=10000
# pdathreads=2
# nmonitored=2
#   monitor0=../apps/openssl ecp_smpl.c:933 0x1e3d58
#   monitor1=../apps/openssl ecp_smpl.c:940 0x1e39f3
# nevicted=0
# npdatargets=2
#   target0=../apps/openssl bn_lib.c:514 0x102f79
#   target1=../apps/openssl bn_lib.c:543 0x102fe5
# affinity=0
############## SYSTEM INFO ###############
# mastik_version=0.02
# sysname=Linux
# nodename=lovelace
# release=5.3.7-arch1-1-ARCH
# version=#1 SMP PREEMPT Fri Oct 18 00:17:03 UTC 2019
# machine=x86_64
################## DATA ##################
# run=1635
# datapoints=1502
44 44 
228 788 
40 192 
44 240 
44 48 
40 44 
228 192 
196 188 
316 208 
228 212 
212 196 
208 200 
196 228 
208 196 
196 232 
208 192 
208 196 
544 196 
196 196 
228 236 
152 236 
236 196 
188 236 
232 200 
216 192 
208 196 
208 188 
236 192 
188 200 
232 192 
236 216 
228 168 
236 192 
236 196 
228 232 
232 44 
228 232 
232 232 
232 196 
236 192 
232 236 
232 44 
236 236 
192 232 
228 196 
228 420 
228 232 
232 44 
196 240 
232 196 
232 240 
224 236 
232 44 
228 236 
236 236 
228 196 
236 236 
228 44 
236 192 
228 192 
228 196 
232 236 
232 44 
188 232 
228 192 
232 236 
228 232 
228 236 
248 48 
196 232 
228 196 
232 236 
232 232 
220 48 
188 240 
228 192 
228 332 
208 236 
188 48 
196 236 
228 228 
232 216 
228 212 
208 40 
228 236 
228 200 
224 232 
208 724 
208 232 
228 52 
228 192 
232 212 
232 208 
232 48 
220 216 
236 212 
228 376 
208 216 
208 48 
192 192 
208 200 
212 236 
208 128 
264 48 
196 232 
236 196 
232 236 
220 44 
208 236 
232 196 
236 216 
228 220 
576 44 
192 212 
212 232 
228 216 
232 236 
232 44 
196 232 
236 192 
228 192 
236 464 
228 232 
232 44 
216 240 
228 188 
236 200 
208 232 
232 44 
236 236 
228 192 
232 200 
232 232 
228 44 
188 192 
188 192 
192 204 
208 232 
228 44 
188 232 
204 188 
200 232 
228 52 
192 232 
232 192 
236 188 
228 196 
232 44 
196 192 
232 192 
232 200 
228 196 
232 44 
228 216 
192 192 
236 236 
192 236 
208 44 
192 232 
228 192 
228 196 
228 232 
228 40 
196 236 
236 236 
232 196 
228 232 
228 44 
228 240 
236 192 
228 192 
228 232 
212 44 
188 232 
188 196 
192 232 
188 236 
192 40 
188 200 
232 196 
228 196 
212 216 
216 44 
232 188 
232 200 
232 192 
232 128 
224 44 
236 196 
424 204 
228 192 
192 236 
192 44 
188 236 
188 200 
192 232 
192 192 
192 48 
188 196 
232 220 
228 236 
232 44 
228 240 
236 236 
228 236 
228 44 
196 240 
236 196 
228 188 
240 192 
232 232 
232 44 
196 236 
228 196 
232 256 
232 232 
224 44 
196 232 
228 192 
232 192 
232 236 
228 44 
232 228 
232 232 
228 192 
216 192 
192 48 
220 200 
192 200 
208 200 
232 236 
204 44 
204 232 
212 188 
228 200 
232 236 
232 48 
232 240 
236 196 
232 236 
232 48 
232 188 
220 232 
208 240 
212 232 
208 220 
212 48 
228 192 
224 240 
216 212 
216 236 
228 48 
188 196 
232 196 
236 232 
228 240 
232 40 
232 200 
228 192 
232 244 
228 236 
232 48 
200 204 
228 236 
228 192 
228 236 
228 48 
188 196 
232 192 
232 236 
232 232 
232 48 
224 192 
232 196 
228 200 
232 240 
208 40 
232 232 
192 196 
232 236 
228 192 
228 232 
228 44 
200 236 
232 200 
252 196 
228 232 
228 44 
196 224 
240 192 
232 220 
236 236 
236 44 
188 224 
740 232 
228 560 
232 240 
232 236 
232 44 
192 236 
232 248 
228 236 
648 236 
208 44 
228 248 
228 196 
232 236 
228 232 
196 40 
196 192 
232 220 
232 192 
212 232 
216 44 
196 200 
212 244 
216 192 
208 232 
228 44 
212 232 
228 192 
236 204 
204 208 
232 44 
228 212 
228 192 
228 232 
228 40 
244 220 
228 196 
216 228 
212 232 
208 44 
212 196 
196 232 
208 192 
228 440 
232 232 
228 44 
188 200 
232 212 
232 236 
228 232 
232 48 
232 236 
232 200 
228 204 
232 236 
228 44 
196 240 
228 200 
236 240 
232 232 
232 44 
228 228 
228 200 
228 192 
232 240 
224 44 
228 232 
232 228 
232 256 
228 232 
228 48 
236 220 
240 220 
232 228 
224 232 
232 44 
236 236 
280 192 
236 236 
228 236 
232 44 
236 236 
232 236 
228 192 
228 240 
228 44 
228 196 
228 192 
212 196 
192 192 
192 48 
188 196 
196 200 
232 192 
192 192 
416 48 
232 196 
196 228 
236 200 
232 232 
232 236 
232 40 
228 248 
232 200 
628 232 
196 196 
232 48 
196 196 
196 212 
228 236 
232 232 
228 244 
228 40 
188 200 
188 204 
188 236 
232 44 
228 232 
232 196 
224 192 
228 236 
232 48 
224 232 
232 192 
192 192 
192 192 
196 44 
192 196 
192 228 
212 196 
192 192 
196 48 
192 192 
236 236 
228 232 
232 40 
600 192 
188 196 
232 236 
232 192 
232 236 
232 44 
232 188 
232 236 
228 196 
232 236 
232 44 
196 240 
232 196 
236 192 
236 236 
228 44 
192 192 
232 200 
228 192 
232 232 
228 40 
196 232 
188 232 
232 232 
232 236 
228 48 
252 240 
236 244 
204 192 
228 232 
228 44 
236 196 
196 240 
236 236 
236 232 
232 232 
228 44 
192 200 
232 248 
232 224 
232 236 
236 44 
200 200 
232 232 
232 240 
224 236 
236 212 
196 48 
188 228 
228 196 
212 196 
224 44 
188 192 
192 204 
424 508 
228 216 
196 48 
188 232 
208 196 
232 216 
228 44 
228 212 
232 192 
656 232 
224 228 
232 44 
196 240 
216 216 
208 188 
208 228 
204 48 
216 216 
216 192 
208 216 
204 40 
208 212 
232 236 
232 252 
208 236 
228 48 
196 240 
232 240 
228 192 
232 228 
232 44 
196 232 
228 236 
232 204 
228 228 
236 44 
196 236 
188 236 
228 196 
228 236 
228 232 
232 44 
188 196 
236 240 
232 236 
228 236 
208 44 
192 212 
212 228 
216 192 
228 208 
208 48 
244 196 
204 196 
232 192 
232 232 
228 64 
208 44 
228 200 
212 208 
208 212 
208 224 
192 52 
192 228 
208 192 
208 228 
236 44 
192 200 
228 188 
236 236 
232 44 
196 236 
188 192 
228 196 
208 212 
208 48 
196 228 
212 212 
208 212 
228 236 
208 44 
188 200 
232 232 
228 204 
232 232 
228 44 
236 192 
228 196 
228 236 
228 236 
228 236 
232 48 
228 192 
212 236 
236 236 
432 44 
188 192 
208 192 
188 212 
232 236 
188 48 
232 196 
236 196 
192 204 
192 500 
228 48 
192 212 
188 192 
192 240 
192 232 
196 52 
236 192 
232 224 
228 196 
232 232 
236 44 
228 228 
188 192 
192 228 
188 232 
228 44 
236 200 
236 200 
228 196 
232 44 
196 236 
232 236 
228 200 
232 236 
232 44 
192 232 
224 204 
228 192 
228 232 
232 232 
228 44 
192 236 
232 188 
236 200 
232 232 
232 44 
188 236 
236 192 
232 212 
232 236 
224 136 
228 44 
196 240 
236 192 
236 236 
228 232 
228 44 
192 236 
232 196 
236 240 
220 232 
232 44 
196 240 
244 240 
248 192 
232 236 
236 48 
192 196 
232 232 
208 236 
228 236 
232 44 
196 236 
236 192 
232 192 
236 236 
228 232 
228 48 
188 196 
228 232 
228 232 
228 236 
244 44 
228 192 
192 236 
200 236 
332 44 
192 208 
196 192 
228 232 
192 196 
188 192 
228 48 
188 196 
232 228 
488 236 
224 44 
236 192 
192 236 
232 232 
204 204 
232 196 
228 44 
192 200 
232 196 
236 196 
208 296 
188 228 
196 48 
188 232 
232 196 
228 196 
232 240 
232 48 
196 228 
236 200 
228 196 
228 236 
228 44 
228 232 
228 196 
236 224 
232 232 
228 44 
232 236 
192 236 
232 212 
232 240 
192 188 
232 44 
184 236 
228 192 
232 196 
208 232 
228 44 
212 196 
212 216 
212 212 
228 40 
236 192 
228 196 
228 268 
232 240 
224 232 
216 48 
224 212 
216 188 
212 232 
208 40 
192 196 
196 240 
208 196 
232 228 
208 88 
208 48 
192 200 
264 204 
236 212 
228 216 
228 48 
188 196 
232 196 
256 240 
232 232 
192 48 
228 236 
232 192 
232 232 
228 44 
188 192 
236 200 
232 212 
232 220 
208 44 
216 240 
232 216 
232 240 
228 44 
192 232 
236 236 
232 192 
244 236 
228 140 
208 52 
200 236 
212 196 
212 224 
208 212 
228 40 
232 212 
212 196 
220 236 
208 232 
208 44 
212 192 
592 236 
216 236 
208 224 
208 44 
196 236 
200 192 
232 236 
232 228 
232 48 
232 232 
236 196 
232 232 
232 44 
188 200 
192 240 
232 224 
228 232 
232 44 
192 232 
232 188 
232 212 
228 236 
232 44 
192 192 
232 192 
232 196 
232 232 
232 44 
228 232 
232 236 
228 192 
228 236 
228 44 
196 236 
232 192 
232 252 
232 228 
224 40 
224 192 
232 232 
228 200 
236 236 
236 232 
232 44 
196 236 
232 236 
228 232 
232 232 
236 48 
188 192 
232 196 
232 240 
232 236 
236 48 
196 236 
212 232 
232 216 
228 232 
232 44 
188 236 
232 228 
224 196 
236 236 
212 44 
228 216 
196 208 
232 192 
232 212 
232 216 
228 52 
208 200 
192 204 
204 192 
212 216 
232 44 
192 240 
228 192 
240 228 
236 232 
236 44 
236 232 
232 232 
220 192 
184 232 
192 44 
192 212 
236 224 
244 280 
232 296 
232 44 
228 236 
236 244 
232 232 
228 228 
228 44 
232 220 
236 192 
232 232 
228 236 
232 44 
196 232 
228 196 
228 192 
228 232 
232 44 
228 232 
232 200 
228 232 
228 228 
232 44 
256 324 
236 208 
228 300 
200 236 
228 48 
196 228 
228 220 
220 228 
200 232 
200 44 
188 232 
228 196 
236 236 
232 240 
236 44 
196 232 
220 192 
196 204 
228 192 
232 48 
236 196 
236 240 
188 192 
236 192 
188 44 
236 232 
212 208 
192 196 
196 236 
192 44 
192 196 
228 192 
232 228 
228 232 
228 44 
232 192 
236 216 
232 232 
228 228 
228 232 
216 48 
236 192 
228 192 
236 244 
232 232 
228 48 
232 228 
236 248 
228 196 
212 232 
232 44 
192 240 
232 292 
236 244 
232 232 
228 44 
196 240 
232 196 
216 212 
228 228 
232 40 
196 236 
232 192 
248 196 
232 232 
228 44 
196 240 
232 232 
236 192 
228 228 
228 44 
196 240 
228 236 
236 188 
228 236 
536 44 
228 236 
240 200 
228 192 
232 192 
228 236 
232 40 
192 196 
188 192 
232 192 
232 192 
236 172 
236 44 
232 192 
232 196 
228 192 
228 232 
212 44 
208 212 
236 192 
212 192 
208 208 
232 180 
220 44 
208 192 
212 212 
232 196 
232 236 
236 48 
192 196 
228 236 
236 236 
228 232 
228 44 
228 264 
208 196 
208 212 
212 44 
216 220 
208 196 
232 216 
232 232 
232 232 
232 48 
196 232 
228 200 
232 236 
228 232 
232 212 
236 232 
220 220 
208 192 
228 240 
224 212 
228 212 
580 232 
232 212 
232 216 
228 208 
228 208 
236 188 
212 208 
204 196 
216 188 
236 200 
196 396 
208 204 
228 236 
208 228 
188 224 
208 232 
228 212 
232 212 
224 216 
232 208 
228 208 
232 236 
224 212 
208 212 
232 208 
208 232 
208 232 
208 232 
208 232 
192 192 
228 200 
300 196 
240 240 
0 0 
0 0 
0 0 
188 236 
232 232 
200 200 
236 244 
564 268 
228 228 
188 204 
232 236 
228 232 
228 236 
232 232 
228 232 
228 228 
224 404 
236 236 
228 232 
236 236 
228 232 
196 232 
240 236 
236 236 
228 188 
236 636 
232 236 
232 188 
208 232 
228 216 
212 236 
232 232 
228 232 
232 236 
232 236 
200 200 
232 240 
228 232 
232 232 
232 236 
196 208 
232 200 
232 236 
232 232 
236 232 
196 236 
228 236 
232 232 
208 208 
212 192 
204 232 
228 220 
232 196 
228 212 
228 212 
232 192 
228 232 
188 192 
188 232 
196 236 
224 196 
208 196 
208 232 
228 192 
208 220 
208 192 
416 232 
204 224 
192 232 
188 212 
192 232 
192 228 
188 208 
232 232 
228 196 
236 192 
212 192 
188 240 
188 236 
196 236 
188 192 
196 220 
192 232 
188 240 
232 652 
224 212 
232 228 
196 232 
228 240 
228 212 
232 232 
228 192 
232 236 
316 232 
188 204 
188 232 
228 196 
224 192 
232 196 
208 192 
232 196 
228 192 
188 488 
192 192 
192 232 
232 236 
232 232 
424 232 
212 232 
236 232 
228 228 
232 228 
232 228 
192 188 
192 192 
188 192 
188 196 
192 188 
232 232 
236 192 
228 192 
232 192 
188 192 
188 236 
192 236 
196 228 
188 232 
196 232 
196 232 
232 236 
228 232 
228 232 
200 232 
212 216 
232 232 
232 236 
236 228 
236 236 
232 236 
228 232 
228 228 
232 232 
228 240 
228 196 
228 232 
232 228 
236 224 
208 236 
232 228 
228 236 
228 220 
232 196 
188 192 
228 232 
232 208 
232 232 
212 232 
224 240 
212 232 
228 212 
236 236 
404 192 
212 216 
232 236 
208 232 
192 192 
300 232 
232 236 
200 232 
232 196 
196 236 
324 236 
232 240 
232 192 
192 236 
308 228 
188 232 
196 192 
192 236 
400 232 
188 212 
188 232 
184 208 
232 196 
232 192 
188 192 
232 208 
232 204 
188 432 
232 196 
232 196 
188 192 
232 220 
192 684 
188 196 
236 204 
196 196 
192 264 
228 212 
200 232 
228 232 
188 236 
228 232 
192 192 
232 232 
236 236 
188 228 
228 236 
236 232 
212 212 
232 212 
236 236 
192 228 
232 236 
196 228 
192 732 
236 236 
232 232 
232 196 
216 244 
220 192 
212 192 
188 192 
188 220 
204 220 
232 192 
192 212 
232 192 
196 196 
228 200 
228 200 
196 232 
236 192 
196 196 
216 204 
216 236 
204 300 
192 232 
196 424 
188 188 
228 236 
196 228 
192 236 
192 240 
232 192 
228 192 
188 196 
392 232 
208 220 
192 236 
196 232 
192 252 
228 188 
236 192 
232 220 
228 192 
236 196 
196 216 
232 228 
232 232 
188 232 
192 228 
192 212 
208 236 
232 232 
208 208 
208 240 
188 196 
216 208 
192 192 
192 196 
232 232 
232 212 
188 236 
208 204 
228 212 
228 232 
188 232 
232 232 
192 216 
284 228 
228 232 
204 236 
388 232 
224 228 
244 232 
240 212 
212 232 
232 232 
228 212 
192 192 
192 236 
192 256 
188 232 
232 192 
212 236 
236 236 
192 236 
192 232 
208 232 
208 236 
232 244 
188 212 
192 228 
228 236 
232 192 
228 192 
232 192 
232 192 
192 212 
232 228 
232 212 
232 212 
188 240 
188 196 
208 232 
188 232 
212 208 
192 212 
212 232 
212 232 
192 228 
232 212 
228 208 
232 212 
228 212 
232 212 
228 232 
212 444 
208 232 
228 212 
208 220 
212 192 
212 196 
212 224 
208 212 
232 232 
192 232 
228 236 
188 232 
228 240 
236 236 
228 232 
232 232 
232 236 
232 232 
232 236 
228 232 
228 232 
228 232 
232 240 
300 232 
208 228 
228 228 
236 236 
236 232 
228 236 
232 236 
232 232 
228 232 
232 216 
204 220 
232 232 
228 236 
228 232 
232 236 
228 232 
228 240 
232 232 
232 232 
232 212 
232 236 
228 236 
208 236 
228 192 
228 208 
232 232 
212 228 
188 228 
200 236 
228 232 
228 240 
228 232 
196 220 
228 232 
228 188 
232 232 
640 236 
240 236 
232 216 
232 224 
196 212 
212 212 
220 216 
224 212 
208 232 
216 196 
208 232 
192 232 
228 236 
228 200 
212 208 
232 212 
232 212 
208 236 
208 232 
188 212 
232 232 
216 192 
212 232 
212 208 
208 212 
188 208 
228 208 
212 220 
208 212 
208 232 
232 232 
232 232 
232 232 
212 232 
232 240 
208 236 
228 240 
228 192 
232 236 
232 228 
232 236 
228 236 
232 232 
232 232 
228 232 
232 236 
236 236 
280 232 
228 228 
188 232 
192 212 
236 232 
228 232 
296 232 
228 224 
228 228 
228 232 
204 216 
208 232 
232 232 
204 208 
208 232 
208 232 
228 236 
188 236 
1340 232 
224 208 
228 228 
228 232 
