# ./FR-trace starting at Wed Mar 18 16:04:02 2020
################# CONFIG #################
# slot=5000
# samples=10000
# threshold=100
# idle=500
# minlen=500
# runs=10000
# pdathreads=2
# nmonitored=2
#   monitor0=../apps/openssl ecp_smpl.c:933 0x1e3d58
#   monitor1=../apps/openssl ecp_smpl.c:940 0x1e39f3
# nevicted=0
# npdatargets=2
#   target0=../apps/openssl bn_lib.c:514 0x102f79
#   target1=../apps/openssl bn_lib.c:543 0x102fe5
# affinity=0
############## SYSTEM INFO ###############
# mastik_version=0.02
# sysname=Linux
# nodename=lovelace
# release=5.3.7-arch1-1-ARCH
# version=#1 SMP PREEMPT Fri Oct 18 00:17:03 UTC 2019
# machine=x86_64
################## DATA ##################
# run=2271
# datapoints=1024
44 44 
472 232 
324 312 
148 152 
192 292 
192 228 
216 204 
40 192 
48 48 
192 212 
192 232 
188 40 
44 236 
208 196 
204 48 
232 236 
196 232 
208 48 
44 228 
192 232 
192 44 
236 240 
236 236 
188 48 
44 220 
208 44 
192 236 
1192 236 
204 44 
40 196 
236 188 
200 48 
232 236 
248 44 
44 204 
236 232 
192 44 
204 204 
0 0 
0 0 
0 0 
0 0 
0 0 
220 200 
224 228 
44 44 
44 232 
228 576 
208 48 
228 228 
232 232 
272 44 
232 212 
40 44 
228 236 
224 232 
228 48 
228 232 
64 40 
192 192 
216 236 
228 44 
192 196 
232 244 
204 44 
212 1076 
232 48 
248 208 
252 216 
208 44 
208 212 
232 44 
228 48 
208 212 
228 44 
212 212 
224 216 
228 40 
236 232 
196 44 
232 232 
236 232 
212 44 
188 236 
232 236 
48 44 
1100 236 
228 48 
248 320 
236 44 
208 212 
188 192 
48 40 
48 212 
204 192 
232 44 
220 196 
236 44 
232 236 
224 228 
40 44 
232 232 
192 44 
228 240 
228 228 
244 48 
196 212 
188 236 
40 52 
228 228 
196 52 
48 200 
208 212 
208 48 
236 236 
232 48 
44 200 
208 232 
208 48 
228 208 
208 44 
220 304 
236 236 
40 44 
208 212 
228 48 
48 232 
208 212 
220 44 
212 208 
40 212 
232 44 
236 232 
208 48 
228 232 
232 48 
216 216 
228 624 
228 48 
252 252 
236 48 
280 236 
304 244 
40 48 
192 200 
232 44 
232 228 
44 196 
228 44 
196 192 
208 196 
232 52 
40 192 
232 48 
232 44 
224 192 
232 44 
44 236 
224 208 
228 44 
232 632 
188 44 
40 192 
232 236 
208 48 
236 196 
208 212 
232 44 
40 228 
236 48 
232 228 
228 232 
212 40 
236 236 
48 44 
232 212 
232 236 
188 48 
48 232 
232 120 
224 44 
192 196 
232 40 
40 208 
204 192 
204 44 
208 192 
228 44 
204 288 
224 192 
232 44 
232 232 
232 44 
232 52 
44 232 
208 48 
208 196 
228 236 
280 44 
36 236 
196 44 
320 228 
380 312 
228 48 
44 236 
228 232 
232 48 
196 204 
232 48 
232 232 
196 192 
228 48 
44 232 
192 52 
232 232 
228 232 
232 44 
48 232 
232 44 
232 204 
236 212 
192 40 
48 232 
228 224 
200 44 
228 232 
232 44 
196 188 
232 232 
236 44 
236 216 
44 52 
200 232 
216 248 
228 44 
44 232 
236 40 
232 228 
236 236 
276 52 
40 232 
476 44 
200 232 
188 232 
200 48 
232 208 
44 48 
188 192 
236 232 
196 44 
200 216 
212 232 
44 44 
224 232 
228 44 
40 220 
232 232 
232 44 
192 196 
232 48 
44 236 
220 232 
208 40 
228 232 
232 48 
40 228 
228 232 
228 44 
220 224 
236 44 
40 236 
228 216 
236 44 
212 232 
208 40 
40 316 
216 232 
212 44 
208 208 
228 212 
232 40 
48 232 
188 52 
44 228 
228 196 
192 44 
232 236 
228 40 
40 196 
232 232 
236 44 
188 188 
208 48 
40 212 
208 192 
228 48 
192 192 
232 40 
44 228 
188 228 
188 44 
212 208 
44 40 
228 228 
236 232 
236 52 
48 232 
216 44 
320 328 
388 232 
208 48 
40 248 
236 52 
236 44 
208 192 
192 48 
40 196 
220 196 
232 48 
196 208 
232 48 
44 232 
192 240 
228 44 
224 228 
216 44 
208 232 
216 232 
44 44 
236 236 
232 44 
40 220 
304 228 
228 44 
228 236 
228 48 
184 192 
228 236 
196 52 
196 204 
212 236 
48 40 
196 200 
232 44 
232 236 
188 196 
44 44 
196 192 
224 44 
44 236 
212 208 
236 44 
232 232 
188 44 
44 232 
232 236 
248 44 
232 236 
232 44 
272 324 
40 236 
192 48 
248 264 
232 44 
228 236 
224 188 
192 48 
36 232 
216 48 
232 232 
192 228 
196 44 
232 228 
52 44 
228 232 
232 200 
192 44 
232 228 
224 44 
92 232 
228 232 
236 48 
188 196 
208 140 
192 44 
232 192 
208 44 
212 212 
232 232 
228 40 
232 216 
232 40 
232 236 
216 224 
44 40 
212 232 
284 44 
232 228 
344 208 
44 44 
236 212 
192 44 
232 240 
44 204 
232 44 
212 236 
232 236 
232 44 
228 216 
40 48 
188 228 
228 236 
212 196 
232 52 
40 220 
228 44 
232 208 
224 196 
236 44 
40 232 
208 48 
232 232 
344 84 
336 44 
232 240 
44 44 
276 240 
208 228 
228 48 
228 204 
192 48 
228 232 
232 236 
40 44 
232 204 
228 192 
200 44 
228 236 
224 44 
192 196 
748 232 
48 48 
260 212 
208 44 
40 212 
212 248 
208 44 
208 212 
228 48 
232 596 
216 220 
248 52 
228 240 
216 216 
40 48 
208 212 
228 44 
228 232 
232 232 
224 44 
228 232 
44 44 
220 228 
220 212 
232 44 
188 232 
188 48 
44 188 
232 232 
232 48 
208 220 
232 44 
48 656 
216 212 
228 44 
228 236 
224 44 
44 236 
228 232 
236 44 
228 232 
232 48 
44 224 
232 232 
232 48 
204 188 
216 44 
40 208 
272 216 
192 44 
208 216 
208 44 
40 224 
196 192 
236 44 
208 188 
212 44 
40 232 
228 196 
288 44 
208 188 
212 44 
40 196 
232 228 
232 44 
236 240 
232 44 
232 208 
204 216 
208 232 
208 232 
196 196 
188 196 
232 220 
196 236 
200 196 
192 200 
196 236 
196 204 
228 208 
232 232 
192 204 
188 236 
192 48 
220 196 
228 240 
328 232 
232 328 
352 220 
232 200 
224 232 
228 232 
292 280 
228 228 
228 236 
256 192 
232 220 
224 192 
232 232 
216 216 
232 236 
208 216 
200 212 
232 212 
196 196 
188 232 
192 192 
192 232 
232 232 
288 240 
208 212 
232 232 
232 212 
204 192 
228 232 
232 232 
208 232 
200 196 
212 232 
240 216 
256 240 
200 212 
228 192 
240 244 
224 232 
228 236 
216 228 
232 192 
204 240 
208 212 
236 232 
228 188 
280 188 
228 272 
232 232 
196 232 
192 268 
208 228 
232 232 
224 240 
228 228 
228 224 
192 188 
212 232 
208 232 
232 232 
196 192 
228 232 
232 232 
212 256 
232 228 
208 216 
208 216 
212 212 
232 240 
224 212 
200 220 
208 236 
200 236 
212 208 
196 208 
232 232 
196 192 
616 192 
208 192 
212 232 
196 188 
208 236 
236 232 
220 252 
228 232 
228 232 
224 568 
228 240 
232 232 
232 232 
200 204 
232 228 
236 236 
188 228 
232 232 
236 548 
324 256 
192 232 
232 328 
228 232 
228 252 
232 232 
196 232 
260 244 
192 212 
300 228 
212 292 
324 264 
192 1044 
228 232 
224 200 
228 228 
216 236 
232 212 
208 208 
212 208 
196 212 
196 192 
236 200 
208 188 
216 276 
232 208 
228 232 
212 220 
232 232 
232 212 
212 208 
216 220 
232 192 
192 232 
212 212 
192 252 
212 1224 
208 220 
232 224 
196 220 
192 196 
212 220 
232 228 
236 232 
208 192 
236 232 
208 212 
212 224 
228 236 
228 236 
188 208 
216 192 
232 228 
208 236 
192 200 
228 232 
228 232 
240 212 
228 236 
208 232 
208 196 
232 212 
208 208 
192 232 
200 196 
232 232 
192 236 
204 200 
212 232 
228 236 
192 192 
228 236 
188 232 
216 200 
228 232 
268 236 
188 220 
208 196 
228 232 
228 228 
320 332 
192 264 
212 212 
260 312 
188 236 
188 196 
196 188 
196 236 
188 196 
224 204 
220 212 
220 212 
208 340 
208 212 
196 192 
232 240 
228 212 
204 232 
228 192 
236 216 
224 212 
220 192 
196 196 
228 448 
204 232 
212 212 
232 232 
228 192 
192 200 
232 232 
232 208 
192 188 
188 192 
228 488 
228 200 
208 212 
232 192 
228 264 
232 232 
196 232 
192 232 
236 236 
232 212 
224 196 
208 200 
224 216 
224 192 
192 196 
212 212 
236 232 
208 188 
228 228 
208 216 
196 200 
232 236 
192 296 
192 224 
208 208 
208 208 
224 224 
228 232 
228 200 
192 192 
228 192 
188 232 
184 232 
196 244 
228 200 
192 236 
288 304 
272 236 
220 236 
332 420 
188 216 
244 324 
208 212 
192 196 
196 200 
236 236 
208 200 
192 224 
232 212 
232 236 
224 200 
228 232 
232 240 
276 192 
192 232 
236 236 
208 236 
208 220 
188 236 
232 232 
360 208 
228 232 
208 236 
196 196 
228 236 
208 228 
216 216 
364 232 
232 212 
236 236 
192 420 
208 192 
192 208 
244 208 
208 212 
188 212 
228 232 
208 260 
192 192 
208 192 
192 188 
208 196 
232 236 
212 216 
204 300 
212 224 
196 232 
220 228 
232 200 
232 216 
204 196 
188 192 
204 208 
188 244 
264 192 
196 200 
228 216 
292 196 
192 212 
240 232 
200 224 
228 192 
188 216 
232 212 
192 236 
192 244 
320 232 
212 212 
220 220 
224 236 
212 188 
208 216 
236 216 
232 208 
212 192 
192 196 
428 232 
464 260 
240 196 
192 196 
216 224 
192 212 
208 204 
192 208 
240 216 
240 208 
200 200 
212 232 
204 188 
256 240 
256 272 
200 236 
232 240 
264 212 
264 332 
188 200 
236 264 
192 220 
192 216 
260 208 
212 244 
196 224 
232 208 
196 232 
240 212 
728 216 
252 268 
196 232 
220 268 
248 300 
276 324 
276 236 
204 236 
400 212 
224 216 
204 208 
208 208 
208 224 
196 192 
272 212 
212 224 
192 228 
560 256 
196 192 
236 232 
192 224 
212 232 
240 192 
212 192 
248 236 
192 200 
212 232 
240 204 
192 196 
216 216 
212 232 
192 204 
228 236 
192 208 
208 204 
208 184 
200 200 
196 236 
228 288 
236 200 
196 204 
248 232 
228 216 
208 196 
216 732 
232 216 
220 240 
196 232 
344 208 
236 200 
204 192 
196 196 
232 232 
228 236 
204 200 
192 184 
232 232 
212 208 
220 204 
196 204 
212 192 
192 196 
208 248 
228 220 
192 456 
228 224 
192 216 
264 216 
208 232 
216 312 
220 212 
216 192 
216 196 
220 212 
232 236 
208 208 
228 232 
216 208 
232 236 
228 232 
208 224 
228 236 
212 236 
208 212 
196 196 
232 236 
212 308 
192 228 
232 232 
236 236 
232 212 
204 224 
228 192 
296 236 
232 632 
192 216 
232 196 
212 212 
228 236 
204 212 
220 232 
192 236 
228 236 
212 196 
192 212 
192 232 
232 232 
208 196 
252 204 
208 236 
236 236 
216 256 
388 192 
232 232 
232 232 
192 192 
228 192 
396 228 
228 232 
220 232 
320 312 
640 236 
232 240 
228 232 
212 212 
228 232 
236 212 
208 236 
208 240 
232 232 
228 480 
196 212 
228 232 
232 192 
228 232 
232 240 
196 192 
232 228 
208 224 
208 236 
196 196 
232 224 
212 208 
232 232 
