# ./FR-trace starting at Wed Mar 18 15:49:57 2020
################# CONFIG #################
# slot=5000
# samples=10000
# threshold=100
# idle=500
# minlen=500
# runs=10000
# pdathreads=2
# nmonitored=2
#   monitor0=../apps/openssl ecp_smpl.c:933 0x1e3d58
#   monitor1=../apps/openssl ecp_smpl.c:940 0x1e39f3
# nevicted=0
# npdatargets=2
#   target0=../apps/openssl bn_lib.c:514 0x102f79
#   target1=../apps/openssl bn_lib.c:543 0x102fe5
# affinity=0
############## SYSTEM INFO ###############
# mastik_version=0.02
# sysname=Linux
# nodename=lovelace
# release=5.3.7-arch1-1-ARCH
# version=#1 SMP PREEMPT Fri Oct 18 00:17:03 UTC 2019
# machine=x86_64
################## DATA ##################
# run=1508
# datapoints=971
40 40 
124 36 
40 36 
396 252 
236 656 
236 232 
196 236 
196 40 
396 36 
236 428 
228 204 
212 36 
204 236 
236 400 
236 44 
236 208 
212 40 
240 236 
232 224 
540 40 
200 232 
208 44 
204 228 
212 224 
244 40 
192 244 
396 36 
216 240 
232 468 
212 44 
220 216 
236 44 
216 216 
236 244 
236 40 
236 220 
188 36 
212 648 
232 244 
236 40 
236 212 
196 240 
228 212 
236 40 
240 236 
228 232 
216 40 
240 232 
240 32 
224 212 
236 128 
208 40 
208 220 
184 36 
236 216 
212 44 
208 216 
232 216 
232 40 
240 240 
236 48 
200 248 
232 216 
212 44 
240 236 
236 44 
244 236 
220 236 
212 40 
216 244 
240 36 
204 236 
208 112 
236 44 
192 196 
196 36 
240 240 
236 52 
216 44 
188 232 
188 36 
200 196 
240 232 
196 44 
200 200 
396 44 
196 192 
192 44 
220 236 
196 236 
240 32 
200 240 
236 40 
196 196 
236 204 
232 40 
236 200 
216 40 
200 240 
240 236 
196 44 
236 212 
232 36 
204 204 
196 204 
340 40 
200 216 
404 40 
220 236 
248 40 
232 220 
236 220 
236 36 
192 204 
200 40 
236 212 
192 44 
236 232 
240 236 
440 44 
204 216 
196 40 
232 192 
200 196 
404 36 
244 236 
236 48 
200 240 
232 228 
192 36 
236 200 
232 40 
236 672 
232 40 
204 48 
236 240 
236 32 
240 196 
236 244 
212 40 
232 196 
240 244 
236 236 
228 40 
196 232 
232 240 
244 40 
232 712 
232 44 
236 232 
232 212 
240 44 
236 196 
324 240 
244 236 
212 40 
240 220 
212 204 
208 44 
200 224 
212 40 
236 240 
236 40 
192 44 
212 240 
236 36 
196 196 
200 48 
204 204 
224 244 
196 40 
196 236 
396 36 
204 196 
236 232 
192 44 
212 200 
232 44 
196 200 
236 40 
188 240 
240 236 
196 40 
212 232 
208 36 
240 244 
232 44 
196 192 
232 236 
244 36 
236 204 
740 44 
232 236 
200 200 
232 44 
192 228 
188 36 
228 200 
228 44 
232 196 
232 240 
196 44 
200 236 
236 36 
200 236 
188 36 
236 236 
232 240 
400 48 
620 236 
236 48 
232 196 
204 220 
244 40 
236 200 
400 36 
240 192 
200 40 
236 448 
236 200 
224 44 
236 236 
196 44 
244 236 
236 244 
232 44 
232 248 
400 36 
236 212 
196 44 
200 228 
232 236 
192 40 
296 236 
400 36 
196 200 
228 44 
196 196 
192 200 
232 40 
236 244 
372 36 
232 224 
240 256 
196 36 
212 220 
196 36 
220 196 
240 48 
232 40 
236 240 
404 44 
196 200 
192 40 
244 236 
244 232 
232 36 
252 240 
232 40 
236 236 
240 236 
232 40 
236 232 
192 44 
232 236 
220 40 
192 216 
232 156 
208 40 
248 220 
236 32 
220 232 
216 212 
240 40 
236 236 
240 32 
240 212 
616 40 
212 240 
216 148 
236 44 
216 236 
436 36 
236 212 
236 244 
212 40 
216 240 
204 40 
196 240 
220 44 
208 212 
236 216 
220 40 
232 244 
440 40 
336 212 
236 44 
236 228 
212 224 
236 40 
208 212 
208 36 
236 240 
204 228 
632 48 
236 232 
416 48 
216 236 
240 36 
384 196 
240 212 
216 44 
240 244 
232 40 
232 200 
236 236 
212 40 
232 196 
200 44 
236 240 
204 44 
232 216 
212 236 
236 48 
232 228 
232 32 
216 200 
208 40 
232 40 
224 236 
232 36 
244 236 
208 36 
224 216 
232 220 
404 44 
236 216 
240 36 
200 236 
236 240 
420 40 
216 236 
216 40 
240 228 
196 240 
216 44 
232 244 
232 44 
212 212 
240 260 
232 40 
204 212 
236 36 
228 236 
240 44 
200 232 
232 200 
232 36 
204 244 
232 40 
216 212 
208 208 
232 44 
212 232 
236 36 
208 236 
212 40 
192 244 
244 220 
440 44 
196 200 
204 44 
236 192 
220 216 
208 40 
240 236 
208 48 
220 224 
240 252 
196 40 
236 196 
504 36 
192 236 
196 184 
236 40 
196 224 
400 36 
240 236 
236 44 
232 236 
388 224 
212 44 
196 220 
196 40 
196 200 
240 192 
196 36 
236 220 
220 32 
620 244 
200 40 
228 200 
240 236 
236 36 
244 240 
232 36 
236 244 
216 220 
236 44 
228 244 
404 36 
200 232 
216 44 
240 40 
240 200 
208 44 
236 220 
196 40 
212 192 
228 236 
232 36 
212 216 
216 36 
216 236 
200 212 
212 36 
236 240 
192 428 
216 216 
236 44 
240 232 
204 220 
236 48 
212 220 
228 36 
188 244 
232 204 
196 44 
212 232 
212 32 
236 236 
232 44 
212 240 
232 240 
236 36 
200 212 
396 36 
236 236 
216 40 
196 240 
244 216 
212 40 
224 212 
228 36 
200 200 
228 188 
212 40 
232 236 
232 32 
224 212 
240 232 
240 44 
232 236 
220 44 
212 240 
228 40 
216 300 
488 676 
208 40 
216 216 
220 40 
208 204 
216 196 
232 240 
188 196 
232 188 
220 228 
292 332 
192 192 
208 204 
196 192 
208 212 
236 196 
236 212 
232 160 
404 400 
236 236 
232 404 
208 216 
252 208 
228 240 
208 232 
200 200 
192 236 
236 256 
212 200 
212 236 
196 236 
236 204 
216 220 
228 240 
228 216 
232 196 
228 944 
236 196 
344 192 
192 236 
236 224 
212 244 
216 236 
236 232 
236 216 
244 700 
232 208 
236 236 
232 220 
236 240 
244 196 
208 196 
400 416 
228 320 
236 192 
556 240 
200 208 
188 192 
232 196 
212 204 
228 232 
188 208 
216 200 
200 292 
236 216 
208 232 
232 192 
328 212 
228 212 
296 240 
196 244 
236 236 
200 244 
232 192 
232 260 
236 236 
216 220 
236 588 
196 224 
236 236 
188 232 
240 240 
196 232 
204 220 
192 224 
232 236 
212 228 
192 200 
212 228 
224 240 
212 280 
232 688 
232 220 
228 188 
228 232 
200 200 
196 196 
204 208 
232 196 
232 196 
188 192 
200 192 
236 236 
212 224 
204 244 
208 200 
224 196 
196 212 
232 212 
248 224 
208 208 
240 236 
216 240 
212 240 
232 236 
232 240 
240 196 
232 212 
236 204 
216 192 
212 232 
228 212 
220 192 
232 232 
392 236 
284 236 
232 196 
576 240 
240 192 
188 220 
196 236 
192 244 
208 200 
224 232 
228 208 
200 216 
232 240 
208 232 
216 216 
228 196 
192 240 
232 216 
236 240 
232 232 
228 216 
232 220 
192 216 
220 200 
212 240 
212 236 
212 240 
236 236 
240 196 
208 200 
236 204 
236 208 
236 208 
232 212 
196 236 
240 240 
236 248 
240 196 
232 200 
236 236 
216 236 
196 188 
240 244 
200 232 
228 240 
192 224 
232 236 
200 228 
232 212 
232 240 
336 192 
228 204 
236 200 
220 240 
196 200 
220 228 
320 320 
280 228 
488 188 
240 236 
268 196 
232 220 
192 196 
228 252 
208 236 
232 200 
196 192 
188 192 
232 204 
208 236 
316 212 
236 228 
204 192 
232 200 
192 240 
196 224 
208 216 
232 208 
216 192 
232 192 
216 232 
272 216 
212 216 
208 216 
220 212 
192 220 
236 216 
188 236 
212 216 
216 196 
212 236 
192 216 
232 240 
236 236 
188 232 
212 232 
236 212 
212 196 
196 196 
200 192 
192 236 
244 192 
236 192 
228 236 
196 256 
204 192 
212 200 
204 212 
208 212 
208 232 
208 192 
236 188 
196 212 
196 216 
212 236 
228 208 
192 212 
188 196 
236 200 
308 200 
188 212 
240 220 
196 224 
236 232 
196 228 
192 1052 
672 208 
192 192 
436 260 
216 224 
236 228 
228 236 
228 200 
240 196 
232 216 
192 212 
200 220 
236 192 
232 204 
228 200 
204 240 
192 200 
192 204 
188 232 
188 236 
192 192 
228 236 
196 200 
220 216 
192 220 
208 192 
204 232 
228 196 
240 220 
208 200 
208 192 
192 240 
232 192 
248 232 
204 228 
192 308 
192 232 
248 196 
196 244 
212 200 
192 192 
228 236 
220 192 
292 272 
232 192 
224 192 
308 204 
188 220 
232 212 
232 196 
188 228 
212 224 
204 196 
204 228 
332 284 
204 264 
204 208 
188 208 
212 216 
228 192 
224 224 
208 240 
232 196 
228 204 
232 232 
232 236 
188 204 
240 212 
188 212 
236 228 
224 196 
208 204 
192 196 
228 192 
232 200 
184 192 
220 452 
200 284 
320 208 
192 204 
232 192 
196 236 
232 504 
236 236 
212 220 
232 196 
188 216 
232 228 
208 212 
288 232 
212 200 
192 204 
200 196 
192 208 
212 216 
192 196 
232 192 
236 200 
196 188 
188 192 
188 232 
192 204 
204 208 
196 212 
212 216 
232 588 
208 236 
196 232 
204 228 
204 196 
260 232 
192 224 
192 192 
280 192 
188 220 
188 232 
196 196 
188 192 
204 204 
236 236 
196 200 
188 192 
196 236 
196 188 
192 208 
232 236 
188 196 
232 228 
192 192 
224 288 
188 212 
244 204 
332 232 
188 192 
236 196 
188 216 
188 192 
228 232 
232 248 
244 200 
284 312 
232 192 
192 228 
236 232 
200 188 
192 232 
228 216 
188 192 
188 196 
232 580 
196 216 
228 192 
244 232 
188 232 
196 236 
228 232 
232 188 
192 208 
204 200 
232 720 
192 196 
236 236 
196 200 
196 192 
196 212 
192 192 
192 192 
220 200 
188 188 
228 228 
188 192 
236 236 
196 192 
232 232 
232 224 
188 192 
196 232 
200 208 
232 196 
196 232 
188 196 
612 192 
188 192 
236 236 
196 192 
212 208 
232 236 
208 216 
232 236 
212 212 
484 236 
212 212 
208 200 
216 232 
200 192 
232 232 
232 208 
228 212 
212 228 
296 228 
204 236 
232 228 
192 236 
248 232 
224 232 
232 240 
232 232 
192 196 
228 236 
192 196 
192 192 
228 228 
192 192 
232 196 
192 232 
188 196 
232 188 
204 304 
192 192 
228 232 
188 192 
232 196 
196 192 
232 204 
188 204 
192 192 
220 192 
208 212 
232 236 
188 208 
228 192 
232 212 
228 232 
208 224 
228 232 
276 224 
212 224 
196 192 
212 204 
232 232 
208 212 
212 212 
188 196 
228 244 
188 528 
212 224 
196 220 
236 192 
192 228 
188 192 
228 232 
308 232 
192 196 
188 228 
200 196 
