# ./FR-trace starting at Wed Mar 18 16:16:52 2020
################# CONFIG #################
# slot=5000
# samples=10000
# threshold=100
# idle=500
# minlen=500
# runs=10000
# pdathreads=2
# nmonitored=2
#   monitor0=../apps/openssl ecp_smpl.c:933 0x1e3d58
#   monitor1=../apps/openssl ecp_smpl.c:940 0x1e39f3
# nevicted=0
# npdatargets=2
#   target0=../apps/openssl bn_lib.c:514 0x102f79
#   target1=../apps/openssl bn_lib.c:543 0x102fe5
# affinity=0
############## SYSTEM INFO ###############
# mastik_version=0.02
# sysname=Linux
# nodename=lovelace
# release=5.3.7-arch1-1-ARCH
# version=#1 SMP PREEMPT Fri Oct 18 00:17:03 UTC 2019
# machine=x86_64
################## DATA ##################
# run=2989
# datapoints=1592
52 48 
196 240 
44 236 
40 192 
44 44 
232 232 
192 228 
232 232 
236 192 
156 200 
192 232 
232 236 
228 192 
192 200 
236 196 
232 216 
232 212 
228 232 
212 240 
228 240 
232 196 
232 232 
232 236 
228 48 
240 232 
232 240 
232 192 
228 192 
232 236 
236 232 
232 44 
196 192 
208 192 
232 236 
236 236 
228 48 
228 236 
232 200 
232 204 
236 236 
228 228 
204 208 
248 48 
196 232 
228 196 
228 748 
228 232 
228 44 
196 240 
236 228 
236 196 
228 228 
228 44 
208 196 
232 192 
228 228 
232 216 
236 236 
360 44 
240 212 
236 272 
236 232 
228 232 
232 48 
228 240 
236 200 
232 192 
596 236 
232 44 
192 236 
236 204 
248 196 
228 232 
232 44 
192 196 
228 196 
228 508 
228 228 
232 228 
188 48 
228 192 
228 232 
236 232 
232 232 
232 44 
220 240 
236 192 
236 232 
228 236 
228 44 
188 196 
232 224 
232 204 
232 236 
236 48 
188 192 
236 196 
232 236 
232 232 
232 40 
196 236 
236 188 
232 212 
228 232 
232 52 
196 240 
232 192 
236 236 
228 228 
232 44 
236 192 
232 196 
232 232 
228 232 
232 52 
188 232 
200 232 
228 192 
232 224 
232 236 
228 44 
228 240 
236 232 
232 192 
228 228 
232 44 
232 192 
204 192 
236 196 
228 208 
188 48 
224 196 
232 188 
228 192 
200 200 
196 48 
196 196 
204 196 
228 196 
228 44 
188 200 
236 196 
232 196 
232 44 
496 200 
188 200 
188 192 
232 444 
228 192 
188 48 
192 200 
236 200 
228 196 
232 196 
192 52 
200 228 
188 196 
200 240 
188 232 
192 44 
192 240 
188 196 
604 196 
228 196 
228 44 
236 188 
232 216 
224 192 
232 192 
232 44 
228 192 
236 208 
196 240 
228 44 
196 236 
188 196 
192 200 
192 720 
192 232 
188 48 
192 212 
228 220 
188 228 
196 228 
196 48 
208 212 
232 232 
228 216 
228 208 
204 40 
192 236 
212 236 
208 192 
208 236 
228 236 
224 44 
184 216 
232 232 
228 220 
232 380 
200 204 
228 196 
228 232 
232 232 
232 232 
232 232 
228 208 
232 220 
232 232 
192 200 
228 192 
232 232 
236 236 
236 232 
232 44 
196 232 
236 236 
224 192 
236 232 
228 44 
232 232 
228 224 
204 192 
228 236 
232 48 
236 240 
232 228 
224 196 
232 232 
44 44 
200 236 
212 212 
232 240 
232 232 
228 40 
236 236 
200 200 
228 192 
228 232 
228 232 
236 48 
192 196 
236 236 
236 240 
228 228 
224 44 
240 236 
232 232 
404 200 
228 212 
228 44 
228 232 
192 228 
232 204 
228 192 
232 236 
232 92 
620 44 
192 252 
228 236 
236 220 
232 232 
232 44 
232 236 
232 232 
236 192 
228 492 
232 44 
232 236 
192 240 
232 200 
228 332 
228 232 
192 48 
200 236 
236 236 
232 320 
228 236 
232 44 
192 236 
236 196 
228 192 
232 232 
236 48 
196 220 
232 192 
236 232 
228 232 
228 44 
228 232 
232 196 
232 192 
228 232 
224 48 
192 188 
228 192 
228 192 
228 232 
232 108 
232 44 
196 240 
232 240 
236 236 
228 236 
192 48 
232 236 
228 232 
232 232 
228 236 
228 48 
192 228 
228 192 
236 192 
232 228 
232 48 
228 204 
232 196 
220 192 
232 236 
232 52 
200 236 
232 200 
228 232 
232 236 
232 236 
196 44 
184 212 
232 216 
232 236 
232 232 
236 48 
196 232 
228 196 
228 232 
220 232 
236 48 
232 236 
236 236 
228 228 
236 304 
232 232 
192 52 
216 192 
400 196 
232 208 
232 180 
232 44 
232 196 
228 192 
232 244 
232 232 
232 44 
228 240 
236 236 
228 196 
232 232 
236 44 
192 232 
304 236 
228 188 
228 232 
228 44 
188 192 
232 188 
228 228 
228 232 
232 236 
248 40 
232 208 
236 232 
228 196 
232 236 
236 44 
188 196 
232 192 
232 228 
228 380 
228 236 
232 44 
196 228 
244 196 
232 724 
228 232 
232 44 
224 232 
236 220 
228 200 
228 232 
228 40 
196 192 
228 192 
236 236 
236 240 
228 48 
196 240 
236 192 
240 240 
0 0 
0 0 
0 0 
0 0 
232 232 
228 256 
228 44 
228 236 
228 192 
228 188 
232 232 
44 48 
232 200 
228 192 
232 232 
208 232 
232 232 
228 44 
216 232 
236 192 
236 252 
232 232 
236 196 
232 48 
196 192 
232 228 
232 232 
232 232 
232 44 
188 240 
260 192 
228 236 
212 236 
232 48 
188 240 
228 200 
228 236 
228 228 
228 44 
228 236 
228 196 
428 236 
236 212 
228 40 
232 232 
232 192 
240 192 
232 236 
232 44 
200 196 
672 192 
228 192 
232 236 
232 44 
188 244 
232 236 
232 192 
236 232 
232 40 
192 192 
232 236 
228 232 
232 388 
228 240 
236 44 
232 192 
232 192 
232 228 
236 232 
228 48 
196 232 
228 196 
228 228 
228 232 
228 44 
196 236 
236 240 
236 216 
232 232 
228 40 
192 192 
236 232 
232 232 
232 236 
228 44 
232 232 
232 196 
236 200 
236 236 
228 236 
228 48 
196 240 
232 208 
228 200 
236 232 
228 44 
196 240 
232 232 
228 200 
228 236 
236 48 
232 196 
192 244 
280 236 
228 228 
228 232 
192 48 
196 232 
232 200 
232 232 
208 248 
196 48 
192 232 
232 240 
228 232 
232 240 
228 48 
196 196 
240 188 
208 196 
232 236 
228 80 
192 44 
232 192 
232 192 
228 232 
232 232 
236 48 
684 236 
228 196 
232 236 
232 44 
232 200 
196 192 
276 192 
232 236 
464 232 
228 44 
196 196 
236 244 
232 228 
232 232 
232 44 
196 236 
232 228 
676 236 
228 232 
228 44 
224 232 
228 200 
232 232 
232 232 
232 48 
196 224 
236 188 
228 236 
228 236 
232 44 
196 236 
236 232 
232 232 
228 232 
232 228 
228 52 
212 192 
232 232 
232 232 
232 232 
232 44 
188 220 
228 232 
232 236 
228 232 
188 44 
232 196 
232 196 
236 232 
236 232 
228 44 
196 236 
232 232 
228 192 
228 232 
232 44 
192 236 
232 192 
260 196 
232 236 
236 44 
196 236 
236 240 
240 196 
228 232 
228 44 
228 236 
236 240 
220 232 
228 236 
228 44 
196 192 
264 192 
228 200 
228 228 
232 48 
188 192 
204 192 
236 240 
232 244 
228 48 
192 192 
240 236 
232 192 
228 228 
232 44 
208 220 
236 204 
228 232 
228 232 
232 240 
236 44 
188 236 
228 200 
220 232 
228 208 
228 44 
196 224 
232 192 
232 232 
228 232 
228 232 
228 44 
188 192 
232 240 
232 404 
228 232 
228 44 
232 208 
228 196 
232 236 
232 236 
728 40 
192 232 
232 236 
232 252 
228 236 
228 52 
196 192 
232 192 
236 188 
228 572 
232 44 
196 192 
236 188 
232 240 
228 232 
232 240 
232 48 
196 232 
228 192 
228 716 
228 232 
228 44 
196 236 
240 232 
228 236 
232 232 
228 44 
192 232 
232 192 
228 236 
236 236 
232 44 
228 236 
232 200 
228 192 
232 232 
228 40 
192 192 
228 196 
236 236 
232 236 
228 44 
228 232 
236 240 
228 204 
232 232 
232 44 
216 236 
232 224 
232 240 
232 240 
208 48 
216 232 
232 212 
228 192 
228 232 
228 236 
236 44 
192 196 
236 236 
212 236 
228 232 
228 44 
232 192 
232 192 
228 236 
232 236 
232 48 
256 228 
212 196 
236 200 
232 236 
228 44 
232 232 
232 240 
232 196 
232 192 
248 236 
232 44 
188 200 
232 192 
228 236 
228 192 
228 232 
228 40 
192 232 
508 196 
232 240 
228 228 
236 44 
228 240 
232 240 
236 188 
232 232 
228 44 
228 52 
216 188 
232 236 
232 236 
228 44 
192 236 
236 236 
228 232 
232 232 
232 616 
228 44 
196 196 
240 224 
228 200 
228 228 
232 48 
196 236 
240 240 
232 240 
228 232 
228 52 
228 232 
236 240 
228 200 
232 236 
232 44 
228 240 
232 204 
228 192 
232 232 
236 44 
232 196 
232 196 
232 232 
224 236 
232 44 
188 192 
232 188 
232 236 
228 232 
228 44 
196 240 
236 256 
232 232 
236 232 
228 44 
232 188 
232 192 
228 200 
224 236 
232 44 
196 240 
232 192 
232 232 
232 236 
232 232 
232 44 
192 220 
232 196 
232 240 
208 232 
228 40 
232 240 
232 236 
236 196 
232 228 
232 232 
196 48 
188 232 
208 192 
228 232 
236 44 
196 232 
232 200 
232 196 
228 236 
228 44 
236 232 
236 188 
228 188 
232 232 
228 48 
220 236 
228 200 
232 196 
232 232 
516 44 
236 196 
228 236 
228 196 
228 228 
232 44 
232 240 
236 232 
224 232 
748 228 
228 228 
236 48 
192 200 
232 196 
228 232 
228 236 
228 232 
192 48 
236 236 
228 236 
228 232 
232 232 
232 48 
188 232 
228 208 
232 196 
232 232 
228 44 
224 236 
196 236 
228 192 
228 192 
224 228 
232 232 
232 44 
236 192 
232 196 
232 192 
228 228 
228 44 
196 240 
232 196 
228 196 
236 236 
232 44 
232 236 
236 236 
232 192 
232 236 
236 44 
228 232 
232 216 
228 196 
236 236 
236 44 
228 236 
228 192 
232 232 
232 232 
232 44 
208 232 
236 236 
236 196 
228 232 
232 44 
228 240 
228 192 
228 232 
228 584 
204 232 
192 48 
232 192 
236 188 
232 236 
228 232 
228 44 
212 240 
312 232 
212 200 
232 240 
228 44 
228 240 
192 196 
236 236 
260 200 
232 232 
288 44 
196 212 
236 192 
232 252 
232 236 
228 44 
196 240 
236 228 
232 236 
512 236 
236 232 
232 52 
236 200 
228 192 
232 236 
232 236 
232 236 
232 44 
196 236 
236 236 
228 236 
228 228 
236 48 
192 228 
228 196 
232 236 
232 232 
228 52 
228 44 
196 228 
228 192 
236 232 
232 232 
236 44 
240 236 
232 232 
232 196 
232 236 
232 44 
196 192 
232 188 
232 196 
228 236 
228 44 
192 232 
236 232 
232 192 
232 236 
228 44 
196 200 
232 192 
232 248 
232 232 
228 232 
232 44 
192 196 
232 232 
232 200 
232 236 
232 44 
224 236 
272 224 
236 236 
228 232 
232 48 
232 192 
228 216 
228 196 
228 232 
208 44 
220 188 
232 196 
228 200 
228 232 
232 44 
196 232 
232 232 
232 280 
208 236 
232 232 
232 44 
196 236 
232 196 
232 220 
232 232 
236 48 
188 240 
236 196 
228 228 
228 232 
228 44 
228 236 
236 200 
232 236 
228 232 
308 48 
196 208 
192 236 
228 192 
228 200 
232 228 
232 52 
212 240 
236 248 
564 192 
232 232 
232 40 
236 232 
232 232 
232 200 
228 228 
228 40 
196 236 
232 236 
228 196 
232 232 
232 48 
228 236 
240 196 
228 188 
228 232 
228 44 
200 196 
196 204 
264 236 
228 232 
232 228 
196 48 
192 236 
232 232 
228 236 
228 236 
232 44 
196 240 
236 192 
228 240 
228 232 
228 44 
192 216 
228 196 
232 232 
228 472 
228 236 
232 232 
192 308 
228 212 
228 232 
232 188 
188 236 
196 212 
232 232 
228 232 
228 232 
188 192 
232 200 
236 188 
228 232 
232 192 
236 196 
196 196 
192 192 
228 192 
228 196 
188 192 
208 236 
236 228 
248 196 
232 236 
232 236 
228 232 
232 232 
228 228 
228 232 
208 232 
228 232 
232 228 
228 228 
228 228 
228 232 
232 240 
232 232 
196 236 
640 240 
228 192 
228 236 
232 192 
196 232 
236 48 
236 224 
236 232 
340 192 
232 200 
220 196 
232 196 
232 192 
232 192 
232 216 
196 196 
232 236 
588 232 
232 228 
236 232 
236 232 
232 236 
228 240 
232 240 
236 236 
232 196 
228 200 
240 236 
252 200 
228 196 
236 188 
228 196 
232 236 
188 232 
192 196 
208 236 
236 236 
228 212 
236 232 
228 196 
228 232 
232 232 
236 336 
228 232 
232 232 
232 232 
232 228 
236 236 
228 212 
680 232 
188 196 
232 308 
232 236 
232 232 
232 232 
228 232 
192 232 
228 232 
228 528 
232 232 
232 232 
232 232 
228 236 
232 232 
232 232 
208 228 
232 212 
212 236 
196 200 
228 228 
232 192 
228 232 
232 240 
232 232 
228 232 
224 228 
228 228 
208 228 
232 232 
232 216 
228 192 
208 232 
232 232 
232 236 
232 232 
228 240 
216 232 
232 236 
232 232 
236 236 
232 236 
216 192 
216 228 
228 232 
228 232 
232 208 
228 232 
228 236 
232 236 
188 236 
228 232 
232 232 
232 232 
340 228 
228 212 
228 232 
228 232 
188 228 
228 228 
232 232 
232 232 
196 232 
604 208 
232 232 
236 236 
232 236 
228 236 
228 236 
228 232 
232 236 
228 236 
232 468 
228 232 
236 236 
232 236 
232 232 
232 236 
232 232 
232 232 
232 236 
228 712 
232 236 
232 232 
232 232 
232 232 
228 232 
328 224 
192 232 
228 208 
232 232 
212 208 
228 228 
232 232 
232 232 
232 236 
208 224 
188 232 
228 200 
212 216 
204 236 
232 220 
228 192 
236 196 
236 236 
212 232 
188 208 
212 212 
208 232 
228 240 
228 200 
208 212 
232 208 
416 216 
248 212 
192 192 
212 200 
212 232 
236 212 
228 304 
232 192 
216 200 
228 616 
212 232 
192 232 
228 216 
236 240 
228 232 
232 232 
208 236 
232 236 
192 232 
232 236 
232 236 
220 208 
208 236 
224 236 
228 216 
228 228 
232 232 
208 232 
220 232 
228 196 
196 236 
228 236 
196 216 
232 196 
208 196 
192 232 
388 216 
236 244 
204 208 
232 192 
232 236 
304 232 
228 232 
232 212 
228 228 
604 236 
232 228 
208 236 
228 232 
232 228 
232 196 
208 224 
228 240 
228 236 
184 212 
228 236 
228 208 
208 232 
228 236 
228 232 
208 196 
236 220 
232 192 
212 192 
236 200 
232 196 
212 236 
232 232 
228 228 
232 232 
192 232 
232 232 
216 236 
232 232 
192 216 
188 228 
232 232 
188 232 
228 208 
232 232 
232 232 
236 232 
228 232 
208 228 
232 232 
192 236 
196 212 
228 232 
360 208 
232 232 
232 236 
236 236 
232 232 
208 208 
212 232 
232 192 
208 232 
232 236 
232 236 
232 232 
232 236 
236 192 
244 196 
192 1212 
348 228 
208 236 
232 236 
208 196 
212 192 
208 704 
192 192 
232 232 
208 212 
232 232 
208 212 
236 236 
236 192 
228 208 
232 204 
232 236 
228 240 
236 216 
188 192 
184 212 
208 240 
208 232 
228 208 
228 232 
236 212 
196 192 
188 228 
436 188 
232 220 
208 232 
232 232 
232 212 
204 232 
192 192 
208 236 
232 228 
192 364 
188 200 
232 208 
232 232 
232 192 
232 232 
232 232 
228 236 
208 204 
232 480 
232 232 
232 240 
228 196 
228 232 
232 232 
236 236 
212 196 
228 232 
236 732 
232 232 
232 232 
228 232 
236 232 
232 236 
232 232 
232 232 
232 236 
232 192 
228 236 
232 236 
204 240 
228 232 
232 232 
228 236 
228 232 
232 232 
192 232 
228 232 
232 236 
232 228 
196 232 
232 220 
236 228 
232 232 
192 200 
232 232 
232 236 
228 228 
208 228 
224 232 
228 236 
196 232 
228 232 
232 236 
228 240 
228 236 
220 236 
228 236 
228 236 
228 236 
212 232 
232 232 
232 236 
228 232 
228 228 
192 236 
224 232 
232 236 
228 228 
208 216 
232 232 
232 236 
208 236 
228 236 
228 236 
228 228 
228 232 
228 196 
192 208 
232 236 
232 236 
208 196 
232 236 
232 232 
232 232 
228 228 
400 228 
212 236 
228 240 
188 236 
228 232 
232 232 
228 236 
208 208 
224 228 
640 236 
236 232 
232 232 
232 196 
232 236 
228 232 
232 232 
228 236 
232 236 
208 196 
220 236 
212 236 
224 192 
236 276 
236 232 
188 272 
228 232 
228 236 
232 212 
228 236 
228 236 
228 236 
228 220 
188 196 
232 228 
228 232 
228 232 
232 232 
232 236 
232 236 
228 240 
232 236 
232 232 
228 208 
236 232 
232 232 
236 236 
208 232 
228 212 
232 232 
232 232 
228 232 
228 216 
232 228 
192 228 
220 232 
232 236 
188 232 
208 232 
196 212 
228 236 
228 236 
208 236 
232 232 
228 232 
228 232 
228 228 
220 232 
232 232 
228 232 
208 232 
228 236 
232 232 
188 232 
232 236 
232 240 
232 232 
232 212 
228 232 
212 216 
228 228 
232 232 
232 188 
232 232 
232 236 
228 232 
232 236 
216 232 
232 216 
228 236 
228 208 
232 232 
264 228 
232 232 
232 236 
232 232 
424 232 
232 212 
232 236 
188 192 
188 208 
232 236 
232 232 
228 208 
228 232 
188 232 
228 228 
200 232 
232 232 
236 200 
232 232 
228 232 
228 236 
228 236 
232 552 
232 232 
232 236 
208 192 
232 236 
