# ./FR-trace starting at Wed Mar 18 15:52:41 2020
################# CONFIG #################
# slot=5000
# samples=10000
# threshold=100
# idle=500
# minlen=500
# runs=10000
# pdathreads=2
# nmonitored=2
#   monitor0=../apps/openssl ecp_smpl.c:933 0x1e3d58
#   monitor1=../apps/openssl ecp_smpl.c:940 0x1e39f3
# nevicted=0
# npdatargets=2
#   target0=../apps/openssl bn_lib.c:514 0x102f79
#   target1=../apps/openssl bn_lib.c:543 0x102fe5
# affinity=0
############## SYSTEM INFO ###############
# mastik_version=0.02
# sysname=Linux
# nodename=lovelace
# release=5.3.7-arch1-1-ARCH
# version=#1 SMP PREEMPT Fri Oct 18 00:17:03 UTC 2019
# machine=x86_64
################## DATA ##################
# run=1654
# datapoints=992
40 44 
224 220 
420 240 
152 404 
460 192 
244 212 
204 36 
524 216 
216 196 
188 160 
228 40 
232 240 
200 40 
192 204 
204 240 
196 40 
196 240 
200 40 
344 304 
232 292 
408 40 
236 240 
212 48 
196 232 
216 212 
452 40 
236 232 
232 40 
236 236 
216 236 
212 48 
196 204 
232 36 
208 240 
232 40 
236 240 
208 244 
424 44 
240 236 
220 40 
240 232 
308 236 
192 36 
192 200 
196 36 
232 212 
228 40 
196 732 
240 232 
404 40 
240 200 
248 44 
304 204 
236 240 
232 36 
196 200 
236 40 
236 256 
192 72 
640 40 
232 232 
232 240 
232 240 
200 188 
208 40 
292 200 
232 36 
232 240 
652 56 
196 40 
220 216 
196 44 
248 212 
196 216 
200 36 
288 220 
200 36 
584 264 
232 44 
192 44 
192 240 
248 36 
200 200 
208 44 
248 236 
244 240 
404 44 
212 236 
256 36 
228 224 
220 216 
540 36 
244 236 
244 40 
228 244 
200 44 
228 236 
192 240 
444 44 
220 216 
232 40 
240 224 
208 200 
212 40 
212 272 
236 428 
196 284 
236 40 
200 236 
200 236 
436 36 
204 212 
192 44 
208 236 
256 304 
304 44 
384 412 
444 36 
248 244 
236 44 
232 196 
224 236 
396 44 
236 240 
192 44 
196 236 
192 220 
204 40 
300 200 
244 44 
204 208 
324 104 
220 40 
244 304 
244 36 
232 248 
524 48 
220 236 
208 284 
196 44 
212 344 
320 40 
204 216 
204 204 
212 36 
688 236 
400 36 
188 248 
232 40 
232 36 
240 240 
432 40 
256 252 
228 40 
700 232 
220 200 
236 36 
204 200 
200 40 
196 220 
236 244 
228 40 
244 192 
612 560 
204 204 
236 124 
232 40 
236 232 
192 36 
236 548 
236 76 
236 36 
684 240 
236 44 
212 264 
208 40 
208 240 
196 204 
196 44 
248 200 
244 36 
732 232 
240 40 
232 196 
240 216 
324 40 
204 212 
232 36 
200 212 
208 48 
220 200 
236 200 
232 44 
236 236 
228 36 
240 240 
236 40 
204 220 
200 440 
404 36 
240 240 
204 52 
200 44 
208 204 
444 40 
244 304 
204 44 
200 192 
240 240 
352 44 
236 232 
440 36 
360 248 
256 48 
232 36 
280 200 
200 32 
192 336 
232 44 
236 240 
236 236 
232 44 
212 220 
200 248 
236 196 
228 40 
212 208 
192 208 
192 48 
240 196 
244 48 
232 548 
236 240 
312 44 
232 220 
216 40 
216 236 
208 236 
196 48 
240 208 
236 36 
208 236 
236 168 
232 48 
236 196 
236 36 
196 228 
192 172 
232 40 
200 236 
232 36 
224 240 
236 240 
244 36 
716 232 
192 36 
204 200 
196 200 
192 48 
228 212 
192 36 
216 212 
228 44 
240 44 
200 236 
396 36 
200 220 
212 48 
236 264 
236 236 
440 40 
212 236 
240 52 
232 236 
196 196 
208 44 
236 392 
244 40 
216 252 
260 44 
196 328 
236 244 
216 36 
236 236 
196 36 
208 240 
200 40 
236 204 
240 216 
444 48 
200 196 
216 44 
200 192 
200 208 
460 40 
408 316 
236 44 
236 216 
200 232 
400 40 
244 216 
196 44 
204 200 
204 196 
384 40 
216 192 
192 36 
216 280 
240 196 
220 36 
212 340 
236 240 
212 228 
196 196 
512 40 
240 324 
236 44 
232 452 
220 232 
232 44 
328 196 
208 40 
236 236 
196 220 
232 44 
200 216 
196 40 
212 524 
236 236 
204 44 
200 204 
200 36 
200 244 
340 48 
248 348 
236 236 
208 40 
192 236 
228 40 
200 212 
200 236 
208 44 
196 328 
200 44 
192 216 
236 236 
232 44 
232 224 
240 436 
236 236 
196 88 
196 40 
204 204 
448 40 
248 236 
456 52 
236 392 
240 216 
232 44 
224 204 
212 40 
236 208 
240 196 
440 44 
200 236 
232 40 
240 240 
192 196 
240 40 
208 236 
200 40 
196 208 
232 228 
196 40 
220 192 
196 32 
200 212 
236 212 
236 40 
236 236 
240 40 
208 236 
244 244 
224 40 
212 236 
308 32 
224 216 
212 48 
196 44 
196 220 
232 244 
236 196 
212 44 
196 196 
260 196 
216 52 
240 204 
192 40 
192 192 
320 200 
316 48 
200 240 
232 32 
296 252 
240 256 
192 40 
200 216 
196 36 
196 200 
252 48 
208 264 
208 120 
212 40 
216 220 
220 32 
192 232 
200 208 
208 48 
232 236 
208 32 
204 196 
236 192 
192 44 
236 216 
224 44 
248 216 
208 252 
236 44 
232 296 
184 36 
196 196 
192 40 
236 236 
228 248 
196 36 
196 240 
236 44 
232 448 
232 232 
500 36 
236 316 
200 48 
244 200 
192 220 
200 40 
196 220 
240 36 
232 196 
240 260 
212 44 
196 196 
280 40 
200 196 
248 240 
232 40 
236 196 
196 40 
212 240 
224 236 
236 40 
208 244 
232 36 
204 260 
340 128 
300 40 
196 200 
188 44 
200 196 
240 196 
216 36 
200 212 
192 36 
204 352 
240 40 
232 40 
224 228 
196 192 
192 192 
476 496 
188 248 
320 308 
232 192 
192 204 
220 188 
280 236 
200 192 
236 192 
212 200 
212 208 
232 192 
180 192 
248 36 
188 244 
196 200 
192 224 
196 224 
236 236 
232 200 
228 240 
196 232 
228 244 
236 244 
216 236 
192 244 
200 196 
196 204 
200 200 
216 208 
288 204 
280 508 
208 208 
196 196 
192 208 
200 196 
188 232 
236 260 
236 236 
240 236 
244 200 
208 200 
224 196 
232 240 
196 240 
192 220 
540 220 
232 204 
196 200 
240 200 
200 200 
192 192 
208 204 
216 208 
192 200 
192 192 
212 240 
272 224 
192 212 
228 228 
296 216 
228 192 
488 236 
236 296 
284 240 
200 228 
192 212 
192 216 
208 188 
196 288 
232 668 
268 228 
208 200 
232 224 
584 200 
208 232 
212 220 
220 196 
236 208 
212 248 
204 212 
236 204 
208 232 
244 236 
232 212 
312 244 
240 260 
236 216 
196 252 
328 244 
192 212 
236 236 
236 204 
192 192 
196 196 
192 196 
204 196 
192 200 
204 216 
260 316 
188 188 
320 236 
192 208 
196 236 
212 208 
200 220 
204 208 
196 192 
304 204 
200 232 
232 228 
192 236 
204 212 
232 216 
200 200 
232 220 
236 232 
224 208 
196 220 
236 208 
196 208 
232 208 
232 212 
236 204 
264 240 
240 212 
208 220 
192 200 
228 212 
208 240 
192 196 
188 232 
212 216 
200 200 
308 320 
192 240 
212 352 
192 220 
212 200 
228 236 
200 196 
212 200 
204 236 
196 204 
188 192 
236 216 
196 208 
216 584 
192 236 
188 204 
212 212 
240 192 
208 196 
236 196 
200 196 
200 220 
196 232 
200 196 
224 196 
192 228 
208 252 
204 268 
220 256 
232 196 
280 340 
212 268 
224 244 
224 216 
216 236 
192 244 
192 212 
224 204 
256 240 
220 256 
324 304 
224 216 
228 204 
236 236 
332 240 
216 236 
204 232 
212 204 
248 196 
212 200 
216 236 
216 248 
240 248 
232 228 
236 236 
236 236 
236 244 
236 236 
296 240 
232 240 
236 220 
296 200 
204 236 
244 244 
236 208 
188 272 
260 244 
288 236 
192 196 
212 200 
236 196 
268 200 
252 260 
328 268 
212 200 
188 232 
208 224 
228 192 
188 208 
188 244 
208 356 
284 336 
228 204 
212 560 
232 212 
192 236 
192 196 
208 200 
192 212 
244 216 
204 204 
192 188 
192 192 
212 232 
192 232 
452 292 
196 204 
192 212 
212 220 
208 216 
212 200 
196 220 
232 216 
196 296 
236 228 
220 220 
212 216 
228 196 
220 196 
216 496 
236 228 
196 216 
212 244 
192 212 
232 196 
208 232 
208 268 
200 192 
208 264 
260 236 
196 200 
212 224 
196 200 
240 188 
208 192 
224 220 
200 220 
212 216 
208 200 
344 268 
220 232 
204 204 
296 376 
236 200 
232 240 
236 236 
236 336 
244 376 
236 192 
268 244 
320 296 
200 200 
192 224 
276 248 
208 224 
200 228 
196 424 
228 296 
304 216 
188 208 
188 200 
196 200 
308 320 
192 212 
232 192 
292 196 
192 200 
236 236 
232 208 
224 336 
224 192 
236 232 
340 288 
208 228 
192 216 
196 216 
232 228 
196 196 
240 208 
240 228 
220 212 
252 228 
224 192 
232 216 
196 200 
228 192 
196 252 
208 232 
192 212 
240 188 
532 300 
244 192 
196 312 
196 192 
200 232 
228 232 
220 212 
212 212 
216 352 
228 188 
216 240 
288 252 
340 228 
196 264 
220 200 
192 284 
188 216 
220 240 
188 232 
208 192 
200 196 
348 268 
196 200 
276 200 
228 332 
216 232 
280 300 
316 288 
228 244 
228 220 
228 232 
284 192 
268 196 
188 200 
200 212 
204 236 
408 200 
188 200 
244 208 
200 212 
200 292 
256 212 
308 220 
292 252 
276 264 
188 228 
200 200 
280 200 
456 228 
292 248 
212 312 
232 240 
192 240 
208 244 
188 208 
584 212 
188 272 
232 208 
196 196 
208 256 
232 256 
196 200 
196 196 
196 220 
212 456 
232 248 
236 204 
212 224 
592 260 
204 232 
204 212 
208 216 
300 328 
248 196 
208 200 
192 196 
184 224 
208 232 
216 256 
236 192 
432 292 
188 220 
192 268 
188 192 
224 200 
232 208 
208 196 
232 216 
256 328 
304 208 
244 196 
192 204 
240 192 
236 232 
236 368 
244 260 
252 332 
240 228 
212 212 
232 208 
364 244 
208 196 
188 192 
220 216 
388 288 
520 304 
260 284 
232 236 
196 236 
196 212 
212 236 
220 228 
196 196 
208 224 
192 216 
192 192 
200 432 
236 204 
240 284 
284 224 
196 212 
208 292 
192 228 
440 212 
188 216 
236 628 
200 200 
252 204 
192 208 
200 208 
280 284 
308 300 
280 276 
284 284 
196 208 
200 212 
228 660 
200 476 
196 216 
236 244 
232 616 
188 240 
196 188 
244 316 
192 196 
212 204 
204 232 
208 232 
240 196 
256 200 
188 480 
196 232 
200 200 
200 224 
200 192 
228 236 
208 228 
256 236 
228 232 
228 236 
188 232 
228 232 
232 236 
192 232 
192 212 
196 196 
188 232 
232 232 
188 200 
228 256 
192 220 
196 216 
188 188 
224 192 
200 196 
232 276 
212 232 
228 232 
216 212 
228 252 
232 188 
252 216 
216 192 
208 196 
232 232 
232 236 
208 232 
204 232 
188 236 
228 232 
200 236 
192 216 
220 216 
212 232 
232 236 
232 236 
208 236 
324 260 
260 288 
232 236 
