# ./FR-trace starting at Wed Mar 18 16:43:54 2020
################# CONFIG #################
# slot=5000
# samples=10000
# threshold=100
# idle=500
# minlen=500
# runs=10000
# pdathreads=2
# nmonitored=2
#   monitor0=../apps/openssl ecp_smpl.c:933 0x1e3d58
#   monitor1=../apps/openssl ecp_smpl.c:940 0x1e39f3
# nevicted=0
# npdatargets=2
#   target0=../apps/openssl bn_lib.c:514 0x102f79
#   target1=../apps/openssl bn_lib.c:543 0x102fe5
# affinity=0
############## SYSTEM INFO ###############
# mastik_version=0.02
# sysname=Linux
# nodename=lovelace
# release=5.3.7-arch1-1-ARCH
# version=#1 SMP PREEMPT Fri Oct 18 00:17:03 UTC 2019
# machine=x86_64
################## DATA ##################
# run=4458
# datapoints=974
32 36 
232 200 
220 440 
192 196 
280 428 
212 236 
404 236 
40 36 
232 232 
236 236 
40 40 
480 320 
236 236 
196 40 
328 340 
224 220 
212 40 
236 232 
220 44 
212 228 
240 236 
236 40 
220 216 
216 44 
200 196 
236 108 
208 36 
220 212 
396 36 
240 236 
236 40 
192 40 
232 240 
232 36 
212 212 
232 40 
232 212 
224 212 
216 40 
232 232 
228 36 
216 220 
212 224 
236 44 
232 232 
232 40 
232 224 
196 220 
232 44 
240 232 
200 40 
240 196 
196 232 
236 40 
196 200 
200 36 
220 196 
192 36 
224 196 
232 248 
232 44 
224 204 
204 44 
236 236 
684 204 
216 44 
196 232 
240 44 
240 232 
220 248 
216 40 
200 200 
232 36 
388 216 
240 212 
236 40 
236 236 
232 44 
232 240 
216 212 
216 40 
216 200 
640 36 
240 216 
216 44 
208 208 
236 244 
236 40 
224 212 
212 40 
236 236 
240 508 
296 40 
204 324 
196 36 
236 244 
240 208 
212 40 
236 236 
440 44 
200 220 
240 36 
240 220 
212 192 
232 40 
236 240 
204 40 
220 220 
208 220 
228 40 
236 244 
192 32 
240 204 
236 40 
236 44 
224 220 
224 44 
240 236 
236 40 
216 196 
196 44 
236 40 
236 232 
220 32 
220 224 
232 196 
232 40 
204 216 
244 44 
220 236 
244 36 
232 272 
220 244 
212 40 
216 220 
220 36 
236 240 
232 40 
212 216 
212 224 
232 40 
236 236 
232 40 
216 204 
244 228 
212 44 
204 232 
240 568 
236 236 
208 48 
240 632 
220 216 
232 40 
212 240 
204 36 
256 212 
236 316 
272 44 
216 236 
204 40 
232 220 
236 200 
236 40 
192 232 
404 36 
232 220 
308 124 
324 48 
240 204 
292 32 
272 208 
328 288 
236 44 
612 196 
204 36 
208 236 
236 44 
632 244 
240 228 
396 36 
196 240 
236 48 
196 192 
232 236 
236 44 
228 236 
212 40 
244 244 
240 180 
208 44 
228 236 
232 44 
228 216 
220 212 
228 40 
228 752 
232 244 
212 420 
232 40 
212 44 
212 200 
404 40 
240 192 
212 40 
216 240 
236 236 
236 40 
244 200 
220 40 
200 240 
232 244 
236 40 
232 232 
264 436 
240 200 
236 156 
232 44 
236 292 
404 40 
244 236 
236 40 
208 196 
200 192 
400 40 
236 236 
224 48 
236 228 
200 232 
232 36 
204 284 
216 48 
204 196 
208 40 
248 40 
236 236 
396 36 
212 308 
196 40 
240 208 
236 212 
212 36 
232 236 
208 40 
248 224 
228 44 
196 240 
236 216 
216 36 
224 196 
244 40 
232 232 
220 196 
236 40 
232 272 
196 40 
212 196 
236 244 
232 48 
236 204 
196 40 
232 232 
232 236 
224 44 
428 216 
404 36 
236 232 
212 44 
224 204 
236 240 
444 44 
204 196 
232 40 
660 204 
232 240 
240 44 
360 204 
232 36 
652 204 
212 40 
328 260 
196 240 
720 36 
216 284 
220 36 
192 236 
212 232 
216 44 
212 216 
404 36 
232 240 
216 220 
232 36 
216 224 
240 32 
228 212 
236 204 
232 40 
212 256 
232 436 
244 240 
236 208 
220 40 
236 220 
232 32 
228 240 
216 40 
236 212 
236 216 
232 40 
256 212 
232 40 
236 224 
220 188 
216 44 
208 244 
236 36 
232 248 
224 216 
196 44 
224 212 
212 44 
232 236 
224 216 
212 40 
240 232 
236 32 
192 200 
236 204 
192 40 
192 244 
208 40 
244 224 
192 236 
396 36 
220 224 
236 48 
236 204 
240 232 
228 48 
232 224 
192 36 
200 240 
240 48 
244 216 
200 232 
232 40 
236 232 
232 44 
196 240 
236 244 
228 48 
232 236 
204 32 
192 240 
192 44 
236 236 
244 236 
192 40 
448 236 
228 40 
244 240 
224 104 
236 40 
204 204 
188 48 
308 324 
236 44 
708 260 
320 276 
304 40 
216 220 
192 36 
200 224 
216 48 
236 44 
196 232 
432 36 
236 208 
196 140 
204 40 
240 236 
232 40 
204 236 
252 40 
240 40 
236 240 
520 36 
204 324 
220 232 
196 44 
192 232 
212 32 
196 232 
224 36 
196 200 
240 232 
440 40 
204 212 
236 48 
212 236 
236 212 
204 40 
236 244 
240 36 
240 232 
228 44 
240 200 
220 212 
416 40 
208 216 
240 48 
240 236 
240 240 
196 40 
240 240 
440 44 
212 208 
192 44 
228 244 
232 240 
208 40 
232 244 
232 44 
224 208 
220 52 
232 40 
240 240 
436 40 
216 212 
232 44 
212 240 
224 244 
212 40 
236 240 
232 44 
220 220 
220 244 
236 40 
212 232 
192 436 
236 204 
364 184 
232 40 
256 300 
224 40 
232 216 
232 44 
196 36 
236 236 
436 40 
208 240 
232 36 
232 192 
224 236 
196 44 
232 236 
400 48 
236 232 
292 36 
236 236 
212 200 
236 40 
724 224 
204 44 
212 196 
232 168 
240 44 
204 204 
244 36 
244 200 
236 40 
200 40 
196 200 
200 36 
220 356 
264 376 
236 404 
208 208 
320 268 
264 292 
248 256 
200 192 
300 268 
572 292 
204 232 
228 484 
292 240 
232 232 
236 216 
236 208 
248 448 
228 236 
232 232 
228 232 
200 200 
232 236 
232 232 
220 212 
216 216 
232 240 
208 244 
248 196 
232 240 
232 216 
216 220 
208 196 
284 240 
236 192 
232 232 
212 220 
236 196 
208 236 
220 236 
208 212 
212 224 
232 232 
240 236 
220 212 
204 208 
240 236 
236 232 
212 720 
220 216 
408 236 
232 296 
200 212 
440 208 
212 220 
232 216 
196 220 
236 204 
208 212 
188 196 
236 232 
232 232 
524 204 
236 244 
268 200 
192 240 
232 460 
200 232 
200 216 
236 216 
196 204 
328 244 
240 332 
236 204 
236 244 
196 200 
236 228 
196 244 
232 196 
220 208 
244 212 
208 248 
200 248 
196 200 
736 236 
236 244 
244 236 
204 208 
192 216 
216 208 
220 204 
188 196 
240 220 
204 720 
196 204 
228 208 
196 240 
236 232 
220 228 
232 200 
212 236 
236 236 
216 220 
244 212 
212 236 
228 232 
232 228 
204 200 
212 232 
232 212 
208 196 
212 196 
232 228 
240 196 
220 220 
232 200 
192 200 
208 232 
188 216 
232 216 
232 212 
252 324 
1140 328 
220 204 
332 224 
400 276 
212 284 
204 232 
232 200 
212 228 
212 236 
192 572 
208 192 
212 236 
432 520 
220 220 
196 236 
216 240 
240 244 
196 228 
240 236 
236 192 
228 232 
244 260 
228 216 
232 204 
236 244 
300 352 
216 240 
216 228 
228 248 
236 248 
228 248 
200 220 
192 224 
236 252 
200 204 
232 240 
192 224 
224 208 
208 212 
212 244 
196 232 
232 212 
212 240 
208 264 
216 228 
232 244 
232 224 
240 232 
252 208 
228 244 
236 252 
236 256 
212 220 
228 240 
212 220 
280 208 
232 244 
228 652 
220 212 
260 196 
192 352 
212 204 
232 188 
188 192 
192 240 
260 212 
212 212 
212 200 
232 220 
236 244 
196 196 
240 200 
228 196 
200 200 
216 204 
212 232 
240 212 
216 212 
248 196 
236 212 
232 204 
236 232 
232 312 
196 220 
212 232 
220 224 
232 196 
232 200 
192 192 
204 220 
236 212 
208 236 
236 236 
208 240 
196 192 
192 196 
232 244 
232 236 
196 196 
196 224 
196 232 
240 216 
228 208 
192 204 
212 196 
216 216 
192 204 
232 216 
212 236 
232 236 
220 204 
216 216 
216 240 
224 212 
212 216 
212 236 
304 224 
204 212 
220 236 
236 236 
212 236 
196 244 
232 200 
212 200 
192 192 
188 220 
256 240 
192 192 
200 204 
188 200 
188 196 
200 188 
208 232 
420 248 
688 244 
192 216 
224 212 
236 236 
232 240 
224 220 
236 240 
236 240 
220 228 
244 360 
232 212 
224 212 
236 232 
200 216 
224 236 
260 240 
236 212 
228 236 
328 228 
272 260 
236 220 
224 224 
192 212 
188 192 
208 216 
196 228 
188 196 
188 196 
532 240 
212 228 
220 204 
212 224 
204 192 
208 216 
200 244 
204 204 
232 212 
212 192 
204 212 
204 192 
216 188 
192 200 
240 192 
252 204 
204 204 
208 240 
188 192 
212 200 
244 192 
232 200 
188 216 
188 232 
188 224 
204 216 
192 192 
228 208 
208 464 
224 188 
228 212 
228 192 
232 192 
192 228 
304 208 
228 228 
228 208 
192 200 
208 192 
232 196 
212 200 
200 204 
184 200 
212 212 
204 224 
200 236 
192 236 
208 228 
208 196 
192 208 
208 208 
212 232 
216 244 
232 236 
664 192 
208 244 
220 200 
236 236 
232 288 
208 220 
220 216 
340 208 
224 204 
236 192 
212 224 
188 212 
232 236 
292 228 
196 192 
216 208 
196 244 
204 196 
200 192 
232 196 
328 228 
284 312 
272 232 
232 436 
304 292 
208 212 
188 204 
232 208 
232 248 
188 196 
192 228 
216 196 
324 236 
228 212 
232 196 
212 228 
192 200 
204 248 
232 220 
192 200 
208 692 
192 236 
196 200 
228 200 
192 212 
232 636 
188 232 
264 232 
216 240 
212 192 
236 244 
256 236 
212 192 
208 228 
228 232 
188 212 
192 228 
224 196 
196 200 
208 236 
204 236 
188 228 
240 228 
236 232 
188 236 
188 228 
224 212 
236 232 
244 192 
192 236 
232 228 
228 236 
212 192 
236 192 
300 296 
236 240 
188 192 
288 448 
232 224 
212 208 
232 232 
208 264 
216 204 
216 236 
212 216 
264 208 
228 236 
228 208 
208 216 
236 208 
228 228 
228 212 
212 208 
228 208 
204 200 
212 232 
204 216 
236 192 
208 208 
192 716 
208 216 
232 232 
232 232 
208 236 
196 216 
228 232 
224 228 
220 196 
360 220 
188 192 
228 232 
236 236 
228 232 
384 192 
212 192 
192 196 
228 232 
576 228 
200 196 
192 220 
232 228 
232 200 
196 196 
224 228 
236 208 
232 228 
204 196 
200 192 
228 228 
208 232 
208 216 
228 256 
236 232 
224 232 
208 208 
228 740 
208 232 
232 236 
208 208 
232 236 
232 216 
188 216 
196 196 
228 236 
228 288 
228 232 
196 196 
228 232 
232 232 
212 212 
228 276 
188 192 
196 200 
212 224 
232 228 
232 192 
208 200 
188 220 
200 188 
196 224 
224 228 
192 192 
232 240 
