# ./FR-trace starting at Wed Mar 18 16:25:56 2020
################# CONFIG #################
# slot=5000
# samples=10000
# threshold=100
# idle=500
# minlen=500
# runs=10000
# pdathreads=2
# nmonitored=2
#   monitor0=../apps/openssl ecp_smpl.c:933 0x1e3d58
#   monitor1=../apps/openssl ecp_smpl.c:940 0x1e39f3
# nevicted=0
# npdatargets=2
#   target0=../apps/openssl bn_lib.c:514 0x102f79
#   target1=../apps/openssl bn_lib.c:543 0x102fe5
# affinity=0
############## SYSTEM INFO ###############
# mastik_version=0.02
# sysname=Linux
# nodename=lovelace
# release=5.3.7-arch1-1-ARCH
# version=#1 SMP PREEMPT Fri Oct 18 00:17:03 UTC 2019
# machine=x86_64
################## DATA ##################
# run=3461
# datapoints=1594
40 232 
196 212 
44 44 
40 188 
40 44 
44 44 
228 232 
244 192 
232 196 
228 196 
228 232 
228 236 
216 196 
236 236 
232 200 
228 232 
228 220 
232 232 
232 236 
228 232 
188 200 
228 192 
232 188 
44 44 
48 44 
44 44 
44 68 
44 44 
192 232 
188 236 
236 192 
232 236 
232 236 
40 44 
232 44 
216 232 
208 196 
236 196 
232 236 
232 228 
232 44 
208 192 
228 192 
232 236 
216 236 
232 44 
228 236 
228 236 
228 188 
228 232 
232 48 
232 232 
232 228 
400 236 
228 204 
232 232 
232 48 
232 196 
452 232 
228 192 
228 232 
228 48 
624 240 
192 196 
228 192 
248 208 
228 228 
228 44 
228 232 
232 192 
228 196 
228 500 
232 44 
192 236 
236 240 
228 192 
232 232 
228 44 
232 48 
228 244 
236 248 
232 232 
228 232 
232 40 
192 232 
232 236 
232 232 
232 232 
236 232 
248 48 
228 196 
240 196 
232 228 
232 232 
232 48 
196 228 
228 232 
228 200 
232 232 
236 44 
188 240 
232 232 
228 228 
228 196 
236 236 
228 44 
236 232 
200 236 
232 200 
228 192 
228 236 
236 44 
232 232 
232 232 
228 192 
228 232 
232 44 
224 196 
260 196 
232 232 
232 232 
228 228 
204 44 
232 240 
232 204 
240 192 
232 232 
232 48 
188 196 
228 196 
240 196 
208 208 
228 48 
192 196 
232 200 
232 240 
232 248 
228 232 
232 44 
224 232 
240 212 
232 192 
228 236 
228 44 
232 236 
196 236 
228 188 
236 232 
428 232 
232 40 
232 232 
228 236 
228 192 
228 240 
228 44 
204 236 
196 232 
652 236 
228 232 
228 232 
228 44 
188 196 
232 196 
276 196 
232 232 
228 48 
192 200 
236 188 
240 236 
232 232 
228 44 
192 52 
236 192 
232 200 
232 228 
232 228 
228 44 
196 220 
232 244 
228 212 
232 232 
232 48 
236 196 
236 240 
228 192 
228 232 
232 44 
228 228 
240 236 
228 204 
232 232 
228 44 
232 248 
228 208 
232 192 
232 240 
228 44 
228 232 
328 232 
232 192 
232 208 
232 232 
232 44 
228 200 
228 192 
232 192 
228 232 
228 48 
236 232 
196 236 
236 192 
232 232 
232 232 
192 44 
196 236 
236 192 
228 228 
208 44 
196 232 
192 192 
236 236 
228 648 
232 232 
244 48 
192 244 
232 232 
212 216 
232 228 
228 44 
240 228 
228 232 
236 240 
228 244 
228 44 
196 232 
232 192 
228 196 
228 232 
232 236 
188 48 
188 232 
228 192 
228 236 
440 232 
232 48 
228 240 
236 196 
228 200 
228 240 
236 44 
196 232 
236 236 
692 216 
232 232 
232 44 
236 236 
232 232 
232 232 
228 236 
236 44 
232 236 
236 232 
228 196 
228 232 
228 44 
228 236 
288 200 
228 196 
232 232 
228 44 
196 236 
232 236 
236 232 
228 196 
232 244 
232 48 
236 192 
232 240 
228 192 
232 236 
228 44 
244 232 
240 232 
236 192 
232 232 
232 44 
196 232 
236 232 
268 192 
232 236 
228 44 
228 236 
228 196 
232 652 
236 232 
232 232 
188 48 
232 192 
228 228 
232 236 
228 232 
232 44 
232 232 
228 196 
224 232 
228 232 
236 48 
236 232 
232 240 
236 188 
232 232 
228 44 
208 240 
236 236 
232 192 
232 236 
232 44 
240 236 
236 232 
228 188 
232 236 
204 44 
192 196 
192 192 
228 188 
232 236 
232 232 
228 44 
232 240 
244 216 
240 192 
228 232 
228 44 
192 232 
232 224 
232 192 
228 232 
228 48 
236 236 
232 212 
228 196 
228 236 
228 44 
236 200 
236 248 
228 216 
228 232 
684 44 
188 188 
232 196 
236 192 
228 232 
232 44 
196 240 
232 196 
228 192 
232 568 
228 40 
196 240 
232 236 
236 232 
228 232 
228 232 
232 44 
232 216 
236 240 
236 236 
232 232 
228 44 
196 224 
228 232 
236 240 
228 236 
232 44 
212 196 
228 232 
228 192 
228 220 
228 228 
228 44 
188 236 
232 192 
232 228 
228 236 
228 232 
232 48 
188 232 
228 232 
240 192 
228 232 
228 44 
232 232 
232 236 
232 244 
228 236 
228 48 
192 200 
192 192 
204 208 
232 232 
232 232 
196 48 
232 228 
232 236 
232 236 
228 232 
232 40 
196 192 
236 192 
228 196 
228 232 
236 44 
232 228 
232 236 
232 220 
228 232 
208 40 
228 228 
232 248 
236 188 
228 228 
232 160 
228 48 
188 232 
232 192 
240 212 
228 228 
232 44 
196 236 
228 192 
228 228 
236 228 
192 48 
220 284 
228 196 
240 232 
228 232 
232 48 
204 552 
232 216 
236 236 
232 232 
712 44 
192 236 
232 200 
236 236 
232 232 
228 44 
236 196 
228 196 
224 236 
232 588 
232 52 
232 236 
232 232 
232 212 
236 192 
228 240 
232 44 
188 232 
228 188 
236 196 
232 232 
232 48 
196 232 
340 196 
236 188 
236 220 
228 232 
232 44 
228 236 
228 196 
228 196 
228 236 
228 48 
196 232 
236 232 
236 216 
232 232 
228 48 
224 228 
272 236 
232 232 
232 232 
232 232 
236 44 
208 232 
232 232 
236 192 
232 232 
228 48 
192 212 
232 236 
204 200 
232 232 
228 44 
232 240 
232 232 
228 196 
232 232 
232 44 
212 236 
212 236 
232 196 
232 212 
232 44 
196 232 
232 216 
236 236 
232 232 
228 48 
220 208 
228 232 
228 192 
232 236 
232 48 
228 236 
232 232 
232 236 
256 232 
228 208 
236 48 
228 224 
232 236 
228 196 
232 228 
228 48 
192 232 
500 236 
232 236 
228 232 
232 44 
228 232 
232 232 
228 196 
228 232 
228 44 
196 228 
236 236 
228 192 
228 232 
232 52 
220 236 
236 188 
228 196 
236 236 
228 48 
192 192 
228 192 
232 196 
232 236 
228 44 
188 236 
192 236 
232 212 
232 228 
228 48 
256 192 
188 244 
236 240 
232 504 
236 232 
192 48 
232 232 
232 192 
228 228 
232 232 
228 44 
228 236 
232 232 
228 196 
236 240 
232 44 
196 228 
232 228 
252 196 
232 228 
228 44 
220 200 
232 192 
232 236 
232 232 
228 232 
228 48 
228 196 
228 192 
228 232 
232 344 
208 232 
236 52 
224 216 
232 232 
228 216 
232 232 
188 44 
216 236 
228 204 
212 228 
228 236 
228 44 
228 236 
240 232 
244 240 
232 236 
236 48 
232 236 
208 188 
232 196 
236 192 
232 228 
232 44 
216 232 
232 232 
228 200 
268 236 
232 44 
232 196 
220 200 
236 220 
232 236 
232 232 
232 48 
224 200 
508 196 
228 216 
236 232 
236 44 
228 240 
236 188 
228 192 
232 236 
228 44 
232 232 
232 232 
236 232 
228 236 
228 44 
188 236 
196 236 
236 240 
236 232 
232 48 
236 232 
192 196 
232 192 
232 208 
228 232 
228 44 
228 232 
236 236 
228 200 
236 236 
232 44 
196 220 
236 216 
236 236 
232 232 
232 44 
188 232 
232 200 
236 240 
232 232 
228 208 
196 48 
232 232 
236 236 
236 228 
232 228 
232 232 
232 48 
188 240 
232 240 
228 200 
236 228 
228 232 
196 48 
192 236 
228 236 
236 236 
228 236 
232 44 
228 228 
236 232 
204 188 
232 232 
232 44 
248 192 
232 232 
232 236 
228 192 
232 232 
232 52 
196 232 
228 236 
232 196 
232 232 
228 44 
240 232 
228 236 
228 192 
232 232 
216 44 
232 240 
228 196 
232 228 
232 372 
232 232 
232 44 
200 232 
308 236 
228 188 
228 232 
228 44 
232 232 
232 236 
236 200 
232 232 
228 44 
232 236 
224 232 
232 208 
232 228 
228 48 
232 232 
232 232 
260 196 
232 236 
228 44 
192 188 
228 196 
232 192 
232 232 
228 208 
228 48 
192 192 
228 192 
232 236 
228 228 
232 44 
192 200 
228 192 
236 196 
232 232 
228 48 
232 232 
276 236 
248 204 
236 232 
236 48 
196 232 
236 240 
236 192 
236 236 
228 44 
228 192 
232 236 
228 196 
256 196 
236 232 
232 52 
192 232 
236 256 
228 236 
228 240 
232 44 
228 48 
188 192 
240 192 
232 192 
232 236 
228 48 
232 236 
232 236 
236 196 
232 232 
236 44 
244 232 
236 236 
212 192 
232 228 
228 40 
252 232 
228 236 
232 240 
228 232 
232 44 
236 232 
204 232 
232 196 
232 232 
232 44 
232 240 
232 244 
228 200 
236 192 
228 232 
228 44 
228 232 
228 196 
236 188 
232 232 
232 52 
232 232 
236 236 
332 240 
228 208 
228 44 
232 232 
232 236 
228 204 
236 232 
232 44 
192 196 
220 188 
232 224 
228 232 
232 232 
192 44 
228 240 
232 192 
232 232 
236 236 
232 44 
200 228 
232 232 
236 236 
228 228 
232 48 
188 236 
232 240 
232 236 
228 652 
232 44 
200 236 
216 236 
232 220 
232 232 
232 236 
236 40 
224 196 
232 192 
228 232 
228 232 
192 48 
196 228 
232 196 
228 232 
232 236 
188 44 
192 236 
232 188 
228 232 
236 232 
232 48 
228 236 
236 232 
228 196 
228 236 
236 48 
196 236 
196 224 
240 196 
228 232 
228 236 
192 48 
192 228 
236 200 
228 236 
232 232 
232 48 
188 200 
236 228 
228 232 
208 232 
232 232 
192 52 
212 188 
228 192 
232 236 
232 228 
188 48 
188 232 
204 192 
232 232 
236 232 
228 44 
232 652 
236 236 
232 236 
228 240 
228 48 
196 208 
228 232 
228 216 
232 236 
228 44 
196 192 
232 188 
280 196 
336 464 
232 212 
228 44 
188 228 
228 232 
236 192 
232 232 
228 44 
196 236 
568 252 
236 240 
232 236 
232 44 
228 232 
228 232 
228 196 
228 228 
232 48 
228 228 
268 236 
228 196 
232 236 
232 44 
224 232 
236 236 
236 192 
228 232 
232 40 
192 240 
232 192 
236 240 
232 240 
232 44 
228 236 
228 192 
232 228 
236 192 
232 232 
232 48 
200 232 
228 236 
228 192 
228 232 
232 44 
212 232 
228 192 
232 244 
224 232 
228 232 
232 44 
208 552 
232 232 
228 244 
232 236 
232 240 
232 48 
192 224 
228 236 
232 192 
228 232 
236 44 
232 192 
232 208 
232 236 
228 244 
228 232 
232 44 
236 232 
228 232 
212 192 
232 236 
232 44 
228 228 
224 544 
232 228 
228 196 
236 232 
228 236 
200 44 
192 240 
232 232 
228 236 
232 232 
232 40 
192 196 
228 192 
240 212 
228 208 
228 44 
236 232 
244 236 
228 192 
232 232 
232 40 
232 236 
344 236 
232 196 
232 236 
224 44 
232 232 
240 236 
228 192 
232 232 
228 44 
236 232 
236 232 
232 196 
228 192 
232 232 
228 44 
236 232 
240 240 
244 200 
228 492 
232 44 
228 232 
232 232 
236 236 
228 236 
228 52 
196 216 
232 232 
232 220 
232 232 
228 44 
232 232 
228 196 
268 196 
232 236 
236 44 
228 240 
188 236 
232 196 
232 232 
228 236 
232 228 
188 40 
188 228 
228 192 
232 232 
228 244 
228 44 
232 228 
232 232 
232 236 
208 228 
188 232 
228 236 
188 232 
228 232 
188 192 
208 232 
192 232 
208 236 
236 560 
196 232 
228 232 
232 196 
232 236 
228 236 
236 236 
232 204 
232 200 
228 220 
188 236 
196 236 
220 196 
188 188 
228 192 
228 500 
228 192 
236 200 
236 196 
204 236 
236 228 
232 232 
228 232 
228 236 
224 236 
232 232 
232 232 
232 236 
236 212 
228 232 
232 232 
228 232 
228 228 
248 196 
212 240 
236 196 
364 236 
228 452 
228 200 
232 228 
192 48 
204 192 
232 196 
228 196 
232 236 
604 204 
196 192 
224 232 
192 208 
228 228 
232 232 
228 228 
232 232 
232 232 
228 484 
232 232 
232 232 
232 236 
228 232 
192 192 
232 188 
244 252 
240 232 
232 712 
232 232 
236 232 
196 236 
228 208 
232 228 
232 236 
228 232 
232 232 
196 232 
232 236 
232 236 
236 192 
200 216 
228 224 
232 192 
216 232 
228 240 
208 240 
232 1188 
232 232 
232 232 
228 232 
232 192 
232 232 
232 236 
232 232 
228 232 
236 236 
232 232 
232 232 
228 232 
208 232 
228 192 
232 232 
188 192 
228 232 
224 196 
228 236 
236 232 
228 232 
648 240 
208 232 
228 236 
228 228 
228 236 
228 232 
228 212 
232 232 
224 232 
308 240 
212 212 
228 236 
232 232 
232 240 
196 212 
236 236 
236 232 
236 236 
236 236 
232 212 
228 208 
236 236 
232 232 
228 212 
208 236 
236 236 
236 236 
408 236 
232 212 
228 232 
232 232 
232 236 
232 216 
232 236 
236 232 
232 240 
656 232 
236 240 
232 236 
232 232 
232 236 
232 220 
228 228 
228 232 
236 232 
232 488 
232 228 
232 236 
228 232 
232 236 
228 232 
232 232 
232 236 
236 236 
228 748 
228 232 
228 232 
228 240 
228 236 
228 232 
236 236 
232 232 
232 240 
228 232 
232 232 
232 232 
232 212 
232 236 
228 192 
232 236 
216 196 
232 232 
228 228 
236 232 
236 236 
232 192 
224 232 
236 212 
212 228 
192 236 
228 212 
200 232 
208 228 
188 236 
208 192 
192 232 
232 232 
228 212 
228 216 
232 232 
232 232 
236 212 
200 212 
232 232 
232 228 
208 512 
192 232 
232 192 
216 240 
208 236 
220 216 
232 232 
192 232 
232 236 
232 232 
224 192 
228 236 
188 216 
188 236 
192 228 
208 208 
208 208 
212 236 
232 208 
224 216 
232 236 
228 236 
236 232 
208 232 
232 304 
236 204 
192 232 
408 344 
204 212 
188 228 
192 232 
228 232 
192 160 
216 232 
232 244 
192 236 
656 236 
228 232 
236 232 
236 236 
228 232 
196 236 
232 196 
232 232 
232 232 
232 232 
228 236 
228 232 
232 236 
244 232 
232 232 
228 236 
216 224 
232 216 
216 232 
228 216 
188 228 
228 232 
232 188 
232 208 
228 236 
232 232 
236 192 
232 220 
228 232 
232 232 
232 228 
232 200 
232 236 
228 188 
236 212 
192 196 
232 236 
236 232 
244 236 
228 288 
232 232 
216 196 
208 232 
232 232 
208 232 
228 228 
236 240 
232 236 
232 228 
192 208 
208 232 
212 232 
228 232 
228 228 
232 232 
236 232 
232 232 
232 192 
236 232 
228 236 
208 232 
232 236 
228 228 
208 236 
212 236 
300 196 
192 236 
228 236 
188 212 
188 192 
188 196 
228 196 
196 216 
232 236 
228 232 
228 240 
228 236 
216 232 
232 212 
224 212 
232 232 
228 228 
208 208 
212 232 
232 192 
208 232 
244 192 
236 236 
208 216 
196 224 
188 236 
192 232 
236 236 
232 212 
216 208 
680 204 
208 236 
192 236 
208 232 
236 232 
232 232 
228 212 
228 232 
236 232 
192 196 
228 232 
248 232 
228 192 
232 236 
236 236 
228 212 
232 192 
228 232 
224 232 
232 232 
192 192 
232 232 
232 232 
192 216 
228 236 
232 236 
200 204 
232 232 
228 228 
228 232 
228 228 
228 232 
316 196 
232 240 
232 232 
232 232 
228 240 
236 236 
212 232 
236 232 
232 232 
232 232 
212 236 
232 232 
232 232 
232 232 
228 228 
228 212 
232 232 
228 232 
232 236 
216 236 
228 232 
196 236 
232 232 
232 232 
236 232 
228 236 
228 236 
236 232 
208 228 
232 232 
232 232 
232 236 
216 232 
232 236 
232 208 
232 232 
236 232 
208 212 
208 264 
232 232 
236 232 
236 232 
232 232 
232 228 
236 236 
212 232 
232 212 
232 232 
228 240 
228 236 
228 232 
232 196 
232 232 
228 228 
472 232 
228 236 
228 228 
228 232 
228 232 
228 232 
232 236 
208 232 
232 232 
704 232 
232 228 
228 236 
232 232 
232 232 
236 232 
236 240 
192 196 
208 212 
232 552 
228 232 
232 228 
228 232 
236 232 
236 212 
228 236 
224 192 
228 212 
208 268 
300 232 
228 228 
232 232 
228 236 
224 232 
228 232 
228 240 
228 236 
208 232 
232 304 
232 228 
232 228 
228 236 
228 228 
212 212 
232 232 
228 232 
228 212 
228 232 
192 196 
236 232 
228 236 
208 220 
220 212 
232 232 
228 228 
192 232 
188 232 
232 232 
192 192 
228 232 
192 232 
212 212 
232 236 
232 236 
228 232 
232 212 
228 232 
232 236 
232 196 
232 232 
208 232 
232 236 
232 232 
232 240 
232 232 
228 232 
232 232 
232 232 
192 236 
208 208 
228 240 
228 208 
228 412 
232 232 
212 196 
232 232 
232 240 
252 192 
232 208 
232 236 
232 232 
232 232 
232 212 
236 236 
232 236 
236 232 
492 228 
228 232 
232 232 
228 196 
236 232 
232 232 
232 192 
232 192 
232 236 
704 236 
236 236 
232 236 
232 232 
228 236 
228 208 
232 232 
236 196 
228 236 
228 228 
232 228 
232 232 
228 236 
236 236 
232 228 
228 232 
232 232 
236 236 
232 232 
232 232 
232 236 
