# ./FR-trace starting at Wed Mar 18 18:09:08 2020
################# CONFIG #################
# slot=5000
# samples=10000
# threshold=100
# idle=500
# minlen=500
# runs=10000
# pdathreads=2
# nmonitored=2
#   monitor0=../apps/openssl ecp_smpl.c:933 0x1e3d58
#   monitor1=../apps/openssl ecp_smpl.c:940 0x1e39f3
# nevicted=0
# npdatargets=2
#   target0=../apps/openssl bn_lib.c:514 0x102f79
#   target1=../apps/openssl bn_lib.c:543 0x102fe5
# affinity=0
############## SYSTEM INFO ###############
# mastik_version=0.02
# sysname=Linux
# nodename=lovelace
# release=5.3.7-arch1-1-ARCH
# version=#1 SMP PREEMPT Fri Oct 18 00:17:03 UTC 2019
# machine=x86_64
################## DATA ##################
# run=9174
# datapoints=1566
48 52 
188 200 
48 244 
40 248 
44 40 
48 252 
232 200 
192 240 
232 200 
228 228 
228 196 
232 156 
236 200 
188 200 
728 232 
236 196 
232 200 
192 236 
236 228 
152 232 
236 200 
196 232 
236 200 
232 200 
232 188 
236 200 
236 196 
232 192 
188 236 
236 228 
232 196 
228 200 
240 196 
228 48 
232 232 
192 192 
236 196 
228 192 
228 236 
228 52 
196 240 
236 228 
232 216 
228 236 
228 44 
192 236 
232 236 
232 196 
232 232 
232 52 
236 236 
192 196 
236 192 
236 240 
228 240 
232 44 
192 196 
232 240 
240 236 
236 232 
228 44 
196 236 
228 200 
228 192 
228 236 
208 48 
204 188 
232 196 
228 192 
228 236 
232 232 
192 48 
184 228 
232 188 
212 236 
228 232 
232 48 
232 232 
232 236 
232 196 
240 228 
232 232 
232 44 
188 196 
236 220 
232 196 
228 236 
228 44 
200 236 
228 196 
232 196 
268 232 
228 40 
192 220 
232 196 
236 236 
228 232 
224 48 
196 236 
236 228 
512 228 
232 232 
232 44 
188 200 
236 256 
228 196 
228 224 
232 48 
196 228 
228 196 
232 192 
232 232 
228 128 
228 48 
192 196 
236 224 
228 196 
228 232 
236 48 
192 196 
236 196 
228 232 
228 232 
232 40 
196 236 
236 192 
236 200 
232 232 
236 44 
232 244 
236 236 
228 196 
232 232 
228 44 
196 236 
232 228 
228 228 
236 372 
228 232 
244 48 
192 228 
228 192 
232 564 
232 232 
232 48 
196 228 
232 212 
232 196 
232 236 
228 44 
196 240 
236 264 
232 196 
224 232 
228 48 
232 232 
256 236 
232 200 
232 232 
228 44 
216 196 
196 228 
232 200 
228 236 
236 236 
228 48 
212 192 
240 196 
236 492 
208 228 
236 44 
192 224 
236 196 
236 240 
228 232 
228 44 
196 236 
240 236 
212 220 
232 236 
228 44 
192 236 
236 228 
224 192 
232 232 
228 44 
232 228 
236 224 
228 232 
228 232 
228 232 
224 44 
196 240 
236 232 
228 244 
528 232 
232 48 
188 196 
236 204 
236 240 
228 228 
232 44 
196 232 
228 192 
740 200 
236 232 
232 48 
232 232 
236 236 
232 220 
228 236 
232 44 
188 240 
232 196 
232 236 
236 240 
232 48 
192 196 
196 240 
236 192 
232 232 
228 48 
184 236 
236 192 
232 212 
232 240 
228 104 
232 44 
228 240 
228 204 
232 188 
228 232 
228 48 
196 232 
236 236 
232 232 
232 192 
232 236 
232 48 
192 200 
232 200 
228 648 
232 228 
236 44 
192 200 
236 240 
228 200 
228 228 
228 44 
236 232 
228 248 
228 196 
232 232 
236 44 
196 240 
212 196 
240 240 
228 232 
228 232 
228 44 
196 240 
236 196 
236 220 
228 232 
204 52 
196 236 
232 196 
236 236 
228 236 
228 48 
228 232 
236 228 
228 188 
208 204 
232 44 
248 188 
232 196 
236 224 
228 228 
232 48 
236 232 
288 224 
232 192 
228 228 
232 48 
196 228 
228 192 
244 196 
232 228 
232 48 
188 236 
236 200 
232 244 
228 232 
232 48 
236 236 
200 204 
228 200 
228 228 
228 408 
236 48 
196 240 
232 196 
236 260 
228 232 
228 44 
192 240 
224 200 
232 212 
232 228 
232 44 
196 232 
228 192 
228 192 
228 228 
228 44 
196 244 
232 204 
232 240 
236 240 
232 44 
196 236 
228 192 
236 240 
228 228 
236 48 
196 240 
232 240 
232 236 
232 232 
236 48 
192 236 
236 192 
236 236 
232 232 
228 48 
192 196 
228 192 
236 192 
232 232 
228 44 
232 192 
228 188 
232 196 
228 236 
228 44 
220 240 
232 204 
228 196 
232 232 
216 228 
232 48 
236 196 
232 196 
232 196 
228 232 
228 44 
196 244 
236 184 
212 236 
236 232 
228 48 
196 240 
232 192 
228 200 
232 236 
224 48 
192 236 
212 196 
228 192 
228 232 
228 40 
232 240 
192 200 
236 192 
228 232 
308 232 
232 44 
196 240 
232 232 
232 220 
228 228 
232 44 
196 244 
236 192 
576 196 
232 236 
232 44 
192 232 
236 196 
236 192 
228 236 
228 44 
196 240 
236 196 
236 200 
228 228 
232 48 
232 232 
232 252 
228 192 
228 236 
232 92 
200 44 
256 236 
228 192 
224 232 
224 40 
236 228 
236 240 
232 232 
228 236 
228 44 
212 192 
236 196 
236 236 
236 232 
232 44 
228 236 
236 224 
236 236 
228 232 
224 40 
236 232 
236 232 
228 220 
228 228 
228 48 
240 196 
196 228 
228 192 
228 300 
228 236 
232 48 
196 232 
236 236 
232 232 
228 232 
232 44 
192 212 
236 188 
248 200 
228 232 
228 40 
228 236 
208 192 
228 192 
228 232 
232 44 
188 200 
228 188 
228 240 
232 236 
236 44 
192 200 
240 192 
236 196 
228 232 
236 44 
232 240 
236 236 
232 228 
228 236 
224 212 
192 48 
224 196 
236 192 
228 720 
228 236 
192 48 
240 236 
348 244 
228 212 
228 44 
196 192 
244 240 
228 192 
228 236 
228 48 
232 200 
720 192 
236 196 
228 228 
232 236 
192 44 
196 232 
228 252 
228 232 
228 232 
232 44 
188 196 
228 192 
232 196 
232 240 
228 44 
196 232 
232 232 
228 196 
232 712 
228 40 
188 236 
236 228 
232 236 
228 232 
232 212 
236 44 
188 188 
224 196 
228 232 
232 228 
232 44 
224 240 
236 236 
228 244 
232 232 
236 48 
232 236 
232 192 
228 188 
228 228 
232 44 
228 240 
228 196 
232 196 
228 232 
232 52 
196 192 
228 196 
236 236 
236 240 
228 44 
236 192 
228 188 
228 224 
232 240 
232 236 
228 48 
228 200 
228 192 
236 196 
212 236 
228 44 
232 236 
232 228 
232 196 
232 232 
232 48 
232 196 
232 240 
212 196 
228 236 
228 44 
220 200 
236 192 
228 200 
228 232 
228 48 
236 192 
692 236 
228 188 
228 232 
232 48 
236 48 
196 240 
236 196 
232 232 
360 360 
232 208 
196 48 
196 228 
232 232 
228 232 
224 228 
216 48 
228 200 
608 192 
228 240 
228 232 
196 48 
236 240 
232 196 
228 228 
232 232 
200 44 
224 200 
232 192 
228 288 
228 232 
228 44 
184 236 
232 216 
236 232 
228 236 
228 44 
188 192 
236 196 
228 192 
232 240 
232 48 
188 232 
228 236 
232 196 
228 236 
232 48 
196 236 
236 196 
240 196 
232 236 
228 48 
232 232 
232 236 
232 192 
236 228 
228 44 
216 236 
232 236 
232 232 
228 236 
228 232 
192 48 
248 240 
228 232 
228 232 
228 228 
236 44 
228 192 
228 196 
236 192 
228 228 
228 44 
192 184 
232 192 
228 232 
232 44 
196 52 
192 192 
236 192 
228 232 
232 232 
228 44 
196 240 
236 232 
228 200 
228 236 
208 52 
220 240 
232 232 
236 236 
228 228 
228 40 
228 196 
232 196 
232 468 
240 216 
232 232 
228 44 
196 236 
240 232 
236 240 
228 228 
228 48 
196 240 
232 196 
228 192 
228 228 
228 44 
220 228 
232 236 
224 196 
224 232 
628 48 
224 196 
228 248 
232 236 
228 232 
228 52 
192 236 
228 200 
232 236 
240 240 
232 236 
224 44 
220 232 
236 236 
224 200 
228 244 
228 48 
200 240 
240 228 
232 196 
236 236 
228 48 
224 232 
232 220 
228 192 
224 236 
228 44 
196 236 
236 196 
236 240 
236 232 
232 48 
196 240 
232 196 
244 228 
228 232 
232 48 
188 196 
236 196 
236 236 
232 236 
232 48 
196 236 
228 192 
240 240 
224 228 
228 152 
236 44 
196 232 
224 192 
232 236 
228 232 
228 48 
192 232 
248 196 
228 236 
232 232 
228 40 
196 240 
236 228 
204 200 
228 232 
236 48 
228 200 
228 192 
228 196 
232 232 
232 48 
224 184 
212 232 
228 196 
236 236 
232 44 
200 240 
228 188 
236 236 
228 232 
216 52 
192 216 
236 192 
228 192 
232 232 
228 232 
236 48 
196 240 
228 196 
416 580 
232 212 
228 44 
224 192 
228 196 
232 228 
228 244 
236 48 
192 228 
632 192 
224 232 
224 228 
188 48 
204 236 
236 188 
228 228 
232 44 
192 236 
232 196 
236 220 
228 232 
228 52 
232 236 
232 200 
232 240 
228 232 
232 44 
192 236 
232 192 
232 204 
228 228 
228 44 
188 236 
232 208 
236 196 
232 236 
228 44 
196 192 
228 188 
232 232 
228 236 
236 44 
216 236 
232 240 
232 196 
228 236 
232 48 
196 232 
236 192 
232 224 
228 228 
232 48 
196 224 
232 192 
236 196 
232 244 
232 48 
196 228 
232 200 
228 688 
228 232 
232 236 
232 44 
232 236 
228 196 
228 212 
228 232 
228 44 
228 232 
188 196 
232 232 
232 232 
228 228 
196 52 
200 244 
232 240 
228 228 
232 44 
188 216 
228 236 
228 196 
232 236 
228 48 
192 236 
232 236 
228 196 
228 228 
224 52 
196 236 
232 196 
236 236 
228 208 
232 232 
192 48 
188 192 
420 240 
280 196 
228 232 
228 48 
228 236 
196 200 
236 240 
232 232 
228 232 
652 52 
184 236 
228 232 
240 244 
228 240 
224 44 
236 196 
228 196 
236 192 
236 528 
232 44 
196 240 
236 192 
228 200 
236 232 
228 48 
228 232 
232 256 
232 192 
236 232 
232 44 
232 232 
232 248 
232 188 
232 228 
232 48 
196 224 
236 192 
232 248 
228 236 
236 44 
192 236 
236 196 
236 228 
228 232 
228 236 
232 44 
196 236 
232 236 
228 228 
228 44 
236 232 
200 236 
236 196 
236 228 
228 232 
232 44 
228 240 
232 240 
228 196 
236 240 
228 44 
196 236 
236 196 
224 192 
232 236 
228 44 
232 232 
232 236 
236 196 
208 232 
228 44 
196 236 
232 188 
232 232 
228 236 
232 52 
216 232 
236 236 
212 192 
228 228 
228 44 
192 228 
228 188 
232 232 
228 232 
228 44 
196 236 
232 196 
260 192 
236 228 
228 44 
236 200 
232 188 
236 240 
228 232 
436 52 
232 220 
236 248 
228 228 
232 232 
232 48 
232 244 
232 200 
236 236 
676 236 
228 232 
228 44 
248 200 
236 196 
236 216 
228 232 
228 44 
232 192 
228 192 
228 228 
228 228 
232 232 
228 48 
192 240 
228 196 
228 724 
232 232 
228 44 
188 196 
228 192 
232 240 
232 240 
236 44 
236 192 
232 200 
232 192 
228 232 
232 48 
236 192 
232 192 
232 232 
228 232 
232 48 
192 240 
236 196 
236 236 
232 240 
228 48 
236 232 
236 240 
232 192 
228 232 
232 48 
196 192 
232 196 
228 196 
228 236 
228 52 
200 236 
232 192 
236 196 
228 228 
232 48 
224 236 
232 208 
232 200 
236 236 
228 48 
196 244 
208 196 
232 200 
232 228 
224 44 
196 236 
236 196 
232 196 
228 232 
192 216 
212 212 
188 228 
228 196 
236 236 
208 204 
232 236 
208 232 
228 236 
236 232 
192 192 
232 232 
240 252 
232 232 
208 192 
228 220 
236 204 
192 196 
224 200 
236 196 
228 236 
236 196 
232 236 
236 196 
228 228 
228 236 
224 228 
716 236 
236 232 
232 232 
228 236 
232 232 
228 236 
228 232 
228 228 
232 228 
236 564 
228 232 
196 192 
192 192 
232 204 
236 188 
236 48 
200 188 
232 232 
228 228 
228 200 
232 192 
232 232 
228 232 
236 192 
236 192 
232 200 
196 188 
236 196 
196 236 
196 196 
232 236 
228 240 
228 228 
232 232 
232 236 
228 232 
236 236 
232 232 
232 232 
228 200 
188 196 
196 200 
228 200 
236 196 
232 228 
188 188 
228 192 
192 232 
228 240 
236 232 
192 236 
212 228 
232 232 
240 236 
228 236 
232 232 
232 232 
192 232 
228 212 
228 240 
228 212 
228 232 
232 236 
228 228 
232 232 
232 212 
232 232 
232 192 
228 232 
212 212 
228 232 
224 232 
232 232 
232 232 
236 232 
236 236 
228 296 
300 236 
228 236 
208 216 
228 228 
228 212 
232 228 
232 232 
228 232 
228 236 
212 232 
228 208 
208 232 
236 236 
228 240 
228 232 
224 228 
228 232 
228 232 
744 228 
228 232 
228 232 
228 192 
228 228 
228 232 
236 228 
228 212 
208 228 
228 604 
196 236 
236 236 
228 236 
236 232 
232 236 
232 232 
228 236 
228 232 
232 236 
228 232 
228 236 
228 232 
228 232 
228 232 
228 232 
232 236 
228 232 
228 236 
228 228 
228 232 
228 236 
228 228 
228 232 
236 236 
228 236 
228 232 
232 228 
228 232 
228 232 
232 232 
228 232 
228 228 
228 228 
228 228 
232 236 
228 228 
228 232 
224 208 
232 232 
228 228 
228 232 
204 232 
228 232 
192 208 
228 212 
228 208 
232 232 
228 232 
212 232 
360 228 
208 232 
224 232 
208 188 
208 216 
208 240 
196 240 
232 232 
184 188 
208 220 
236 232 
232 236 
232 232 
236 232 
236 236 
188 228 
280 236 
236 232 
236 212 
232 208 
228 232 
224 232 
212 220 
228 220 
228 232 
188 200 
228 212 
508 212 
236 228 
228 240 
232 232 
232 232 
192 232 
228 216 
228 212 
188 192 
228 324 
220 228 
228 232 
208 212 
232 232 
228 192 
220 228 
232 244 
220 228 
236 604 
228 264 
228 232 
240 212 
228 228 
208 208 
208 208 
196 228 
228 228 
220 228 
212 392 
228 248 
0 0 
0 0 
228 232 
340 240 
236 236 
228 208 
232 196 
232 204 
228 204 
188 192 
232 232 
228 232 
228 236 
228 236 
232 220 
212 240 
228 228 
232 232 
232 236 
228 200 
228 232 
228 228 
192 228 
232 228 
232 236 
240 232 
212 320 
256 232 
236 208 
320 192 
208 196 
188 200 
232 208 
232 212 
236 236 
232 232 
204 204 
208 192 
228 196 
212 216 
300 232 
232 236 
228 228 
232 236 
232 232 
228 232 
224 236 
228 224 
208 208 
232 216 
228 228 
232 232 
232 232 
212 228 
232 236 
232 236 
268 232 
228 212 
228 232 
232 232 
228 232 
228 232 
228 192 
228 232 
232 232 
536 232 
232 232 
232 232 
188 220 
228 228 
236 232 
188 228 
192 188 
232 204 
740 232 
204 232 
208 232 
232 240 
232 236 
232 232 
228 232 
232 212 
220 204 
228 216 
228 228 
236 236 
236 208 
208 232 
228 232 
236 228 
188 228 
232 204 
208 228 
228 212 
236 236 
232 216 
208 236 
228 232 
208 216 
232 232 
212 188 
188 220 
228 228 
220 188 
192 240 
232 236 
228 236 
188 216 
228 236 
200 192 
232 232 
228 232 
228 228 
232 240 
228 232 
232 244 
228 236 
208 252 
208 228 
228 232 
228 232 
208 212 
236 232 
232 208 
704 228 
208 224 
228 228 
196 196 
236 192 
208 192 
228 232 
228 232 
228 232 
232 232 
212 232 
228 232 
232 236 
232 216 
236 232 
232 216 
232 212 
232 236 
228 228 
208 208 
232 236 
232 236 
228 232 
228 228 
228 232 
224 228 
228 232 
288 232 
232 208 
228 228 
232 236 
236 236 
232 236 
228 232 
232 232 
236 232 
528 236 
228 232 
228 236 
228 228 
228 236 
232 236 
232 228 
232 228 
232 228 
236 400 
228 232 
228 232 
228 232 
228 244 
228 212 
228 236 
224 228 
228 228 
224 652 
188 232 
228 240 
228 232 
232 232 
228 232 
228 232 
228 232 
228 232 
236 236 
196 216 
188 232 
236 208 
188 232 
228 236 
232 232 
232 232 
212 192 
196 240 
232 232 
228 196 
228 200 
228 232 
224 232 
224 232 
232 228 
232 212 
228 244 
256 220 
212 212 
200 188 
196 196 
392 232 
188 208 
228 228 
228 232 
228 232 
232 244 
228 232 
236 236 
228 240 
204 236 
208 208 
232 240 
228 236 
228 232 
228 232 
228 228 
196 232 
228 240 
228 228 
208 236 
204 240 
232 236 
340 212 
232 240 
208 228 
212 196 
232 240 
232 232 
208 220 
232 232 
228 228 
228 232 
228 228 
228 232 
208 200 
232 244 
336 236 
228 208 
228 228 
228 228 
228 236 
232 236 
228 236 
228 228 
228 228 
228 196 
232 232 
232 240 
228 236 
232 228 
232 236 
228 240 
224 228 
228 236 
228 448 
236 232 
228 232 
232 228 
232 220 
228 236 
228 236 
232 232 
228 236 
236 680 
228 236 
228 228 
228 232 
228 228 
228 232 
208 212 
208 320 
224 212 
228 232 
228 208 
224 228 
228 232 
228 236 
228 232 
228 228 
236 240 
228 232 
228 232 
228 192 
232 232 
228 232 
228 228 
232 232 
232 236 
228 244 
228 228 
228 232 
232 232 
228 236 
232 236 
228 236 
