# ./FR-trace starting at Wed Mar 18 18:09:05 2020
################# CONFIG #################
# slot=5000
# samples=10000
# threshold=100
# idle=500
# minlen=500
# runs=10000
# pdathreads=2
# nmonitored=2
#   monitor0=../apps/openssl ecp_smpl.c:933 0x1e3d58
#   monitor1=../apps/openssl ecp_smpl.c:940 0x1e39f3
# nevicted=0
# npdatargets=2
#   target0=../apps/openssl bn_lib.c:514 0x102f79
#   target1=../apps/openssl bn_lib.c:543 0x102fe5
# affinity=0
############## SYSTEM INFO ###############
# mastik_version=0.02
# sysname=Linux
# nodename=lovelace
# release=5.3.7-arch1-1-ARCH
# version=#1 SMP PREEMPT Fri Oct 18 00:17:03 UTC 2019
# machine=x86_64
################## DATA ##################
# run=9171
# datapoints=1567
40 44 
44 44 
48 52 
44 232 
44 56 
40 48 
192 196 
228 228 
196 232 
232 232 
232 240 
148 232 
236 200 
232 192 
232 192 
228 232 
236 192 
252 232 
244 236 
232 236 
232 232 
192 240 
232 236 
228 212 
232 232 
44 48 
52 44 
44 48 
40 44 
228 236 
232 240 
228 196 
240 192 
232 236 
228 204 
192 232 
48 40 
232 216 
232 240 
236 240 
232 236 
228 44 
192 232 
188 248 
232 192 
236 236 
236 236 
232 44 
232 204 
232 248 
228 196 
228 236 
208 44 
200 232 
232 240 
232 188 
228 232 
228 44 
236 236 
240 228 
228 200 
212 208 
228 44 
244 228 
264 240 
228 200 
232 228 
228 44 
192 196 
236 192 
228 196 
228 232 
232 264 
232 44 
328 248 
236 192 
236 236 
228 232 
468 44 
220 188 
236 196 
272 200 
228 196 
228 232 
232 152 
232 48 
192 228 
684 196 
236 220 
228 232 
232 48 
232 196 
656 188 
236 240 
232 196 
228 232 
232 44 
232 244 
236 220 
236 192 
232 236 
228 48 
224 232 
236 232 
232 232 
232 232 
228 236 
232 44 
196 232 
236 232 
228 192 
228 236 
228 44 
236 196 
224 200 
232 240 
236 580 
224 228 
228 44 
196 336 
232 228 
232 248 
228 236 
228 48 
192 240 
232 236 
228 200 
228 228 
228 44 
192 240 
236 236 
236 192 
232 228 
236 236 
192 48 
192 200 
236 188 
228 228 
228 236 
192 48 
200 188 
232 204 
228 232 
228 232 
236 48 
232 240 
236 212 
208 192 
228 232 
228 44 
236 240 
236 232 
228 196 
228 232 
228 48 
236 192 
192 216 
240 236 
228 196 
228 232 
232 48 
192 228 
232 232 
236 236 
240 236 
236 44 
232 240 
232 236 
232 200 
236 228 
228 48 
248 236 
272 240 
480 196 
228 232 
232 48 
236 236 
232 232 
228 196 
232 232 
232 48 
196 220 
236 244 
0 0 
0 0 
0 0 
212 216 
236 232 
228 232 
308 224 
228 236 
228 192 
228 192 
212 44 
232 240 
40 232 
228 48 
232 236 
228 236 
236 244 
232 232 
228 236 
228 44 
216 236 
228 200 
244 196 
224 228 
228 40 
232 228 
236 228 
232 228 
228 228 
44 52 
192 236 
228 236 
232 192 
228 232 
228 40 
232 228 
228 232 
228 196 
228 232 
232 44 
232 232 
232 232 
236 192 
228 228 
228 44 
236 196 
192 236 
236 236 
232 232 
228 232 
220 48 
188 236 
240 252 
236 232 
232 232 
232 48 
232 236 
232 240 
232 224 
208 232 
228 44 
228 224 
236 236 
232 236 
228 228 
232 44 
192 236 
192 240 
216 192 
228 216 
232 236 
232 44 
192 228 
236 232 
232 200 
228 236 
248 44 
236 196 
192 248 
240 240 
228 232 
228 236 
232 48 
192 240 
236 196 
480 192 
228 228 
232 48 
236 200 
228 196 
232 188 
236 228 
236 40 
236 232 
744 196 
232 196 
232 236 
232 44 
196 224 
232 232 
224 192 
228 244 
236 48 
236 236 
232 232 
228 192 
228 232 
228 44 
188 196 
240 192 
232 252 
236 228 
228 232 
228 48 
236 200 
236 236 
232 192 
228 232 
228 48 
232 240 
232 232 
232 244 
232 228 
236 44 
196 228 
192 228 
228 192 
228 232 
236 236 
232 44 
196 228 
224 204 
232 236 
228 236 
236 48 
192 512 
232 228 
232 196 
228 236 
228 44 
220 236 
236 200 
236 228 
228 236 
228 44 
208 240 
200 188 
224 196 
232 208 
228 228 
232 40 
212 236 
196 232 
236 232 
216 220 
228 232 
232 48 
196 232 
232 236 
232 200 
228 232 
232 44 
224 196 
216 216 
236 236 
228 232 
228 232 
232 44 
232 240 
232 196 
228 196 
288 236 
228 44 
196 228 
236 236 
232 236 
228 228 
232 52 
196 228 
192 192 
508 212 
228 228 
236 232 
232 48 
196 232 
232 236 
232 200 
232 236 
236 48 
196 240 
232 240 
232 244 
228 228 
228 44 
192 196 
232 188 
232 240 
228 232 
228 616 
228 52 
220 232 
232 200 
232 240 
228 228 
228 44 
232 228 
232 232 
228 196 
228 232 
228 44 
196 192 
208 200 
232 196 
228 236 
232 236 
228 48 
188 228 
240 200 
224 248 
232 236 
236 44 
232 200 
192 232 
236 236 
232 232 
228 232 
228 44 
228 236 
236 224 
228 228 
228 704 
228 236 
232 48 
192 200 
228 196 
228 196 
228 232 
228 48 
192 192 
228 192 
208 200 
228 232 
228 236 
192 48 
544 192 
228 188 
240 228 
228 224 
232 48 
208 228 
232 236 
268 196 
228 232 
228 44 
188 236 
240 192 
232 196 
228 236 
208 44 
196 232 
196 192 
236 192 
228 240 
236 240 
232 48 
236 192 
324 192 
232 212 
228 236 
228 48 
192 192 
236 240 
232 204 
236 232 
232 48 
192 236 
232 240 
236 240 
232 236 
228 44 
228 228 
224 240 
232 216 
232 228 
228 420 
236 52 
196 224 
236 236 
232 236 
228 228 
232 48 
228 196 
236 236 
232 204 
232 232 
232 52 
232 200 
232 232 
228 196 
228 232 
228 44 
196 228 
192 192 
236 236 
224 728 
232 232 
232 48 
232 236 
228 236 
228 196 
228 228 
232 44 
192 232 
232 232 
236 240 
228 240 
232 52 
232 196 
188 240 
232 232 
228 240 
232 208 
232 44 
236 228 
232 236 
232 200 
228 228 
228 44 
184 232 
236 192 
236 236 
228 232 
232 232 
232 48 
228 752 
212 192 
232 216 
228 228 
232 44 
228 232 
192 236 
228 192 
228 236 
228 232 
208 44 
192 196 
232 196 
236 236 
228 236 
232 48 
212 188 
232 196 
228 196 
204 212 
228 48 
228 44 
232 240 
244 236 
236 192 
236 228 
232 48 
232 196 
216 212 
232 228 
232 240 
228 232 
188 44 
192 240 
232 208 
228 232 
556 236 
228 48 
232 232 
240 240 
228 208 
228 232 
236 44 
192 192 
192 196 
232 192 
228 232 
224 232 
232 48 
192 236 
236 220 
232 232 
232 232 
236 44 
188 240 
236 232 
236 232 
228 224 
232 40 
220 544 
232 232 
228 192 
228 228 
228 232 
236 48 
228 240 
232 232 
232 196 
228 236 
232 48 
196 236 
192 228 
228 192 
232 232 
236 236 
228 52 
192 196 
232 192 
236 236 
232 240 
232 48 
228 232 
232 232 
228 232 
228 228 
224 232 
252 44 
196 228 
236 240 
228 228 
236 232 
232 44 
220 188 
228 196 
256 200 
228 236 
208 44 
216 236 
232 232 
228 200 
232 232 
236 48 
192 220 
236 200 
236 192 
204 232 
228 48 
188 48 
232 188 
240 248 
232 228 
228 236 
236 48 
236 620 
240 216 
232 232 
232 228 
232 48 
192 192 
240 192 
232 256 
232 228 
356 232 
224 44 
224 200 
232 240 
228 200 
224 232 
228 44 
196 232 
232 232 
540 196 
232 232 
224 52 
224 236 
196 228 
236 224 
232 236 
228 228 
228 48 
196 192 
192 208 
236 220 
228 228 
232 232 
228 44 
196 236 
236 236 
236 240 
224 688 
228 48 
188 228 
232 248 
232 232 
228 692 
232 232 
232 44 
228 232 
232 236 
228 188 
228 232 
228 44 
196 228 
348 192 
236 232 
232 196 
232 232 
228 52 
192 228 
236 232 
232 248 
228 232 
232 44 
232 196 
196 224 
236 240 
224 228 
228 236 
228 40 
236 196 
236 220 
236 192 
232 236 
228 52 
224 232 
236 232 
236 232 
228 228 
228 44 
192 224 
236 236 
208 196 
228 236 
236 52 
236 200 
632 192 
228 192 
232 196 
228 228 
228 44 
192 236 
236 192 
232 196 
232 228 
236 52 
188 236 
192 236 
232 196 
236 240 
232 44 
208 236 
236 228 
236 200 
232 232 
228 44 
236 232 
232 228 
376 200 
228 208 
224 44 
228 240 
232 192 
236 236 
232 232 
228 48 
192 236 
188 196 
236 196 
224 264 
236 228 
228 44 
196 228 
232 236 
232 192 
232 232 
228 44 
192 196 
232 236 
232 244 
232 240 
232 40 
232 240 
252 236 
228 200 
232 228 
232 236 
228 44 
232 232 
236 236 
228 196 
228 232 
228 40 
192 228 
196 196 
232 196 
228 232 
228 236 
196 48 
232 232 
236 236 
228 232 
232 236 
228 44 
228 204 
232 236 
228 196 
232 236 
228 44 
216 232 
232 240 
236 188 
228 228 
236 48 
228 232 
228 232 
260 200 
232 232 
232 44 
232 236 
192 236 
232 228 
232 232 
232 228 
228 44 
192 228 
232 224 
212 232 
228 240 
228 44 
208 232 
232 244 
236 192 
232 240 
224 40 
232 192 
200 224 
236 220 
236 236 
228 228 
196 44 
188 196 
232 196 
236 240 
232 232 
232 44 
232 236 
192 240 
236 204 
224 228 
228 228 
196 48 
188 236 
372 192 
228 212 
228 44 
236 232 
232 236 
228 208 
228 232 
228 44 
196 192 
232 196 
232 204 
228 232 
228 236 
196 48 
232 228 
236 240 
232 200 
232 232 
224 48 
196 232 
236 232 
232 192 
224 232 
228 48 
228 232 
228 228 
236 196 
228 732 
236 44 
188 240 
240 240 
232 192 
228 232 
232 228 
196 48 
192 196 
236 192 
228 232 
188 196 
192 44 
192 212 
192 192 
188 192 
192 188 
192 44 
220 236 
236 192 
228 228 
228 228 
228 48 
232 232 
748 232 
236 240 
232 192 
188 48 
192 192 
196 204 
196 196 
196 192 
196 44 
192 204 
196 196 
228 188 
232 232 
188 232 
228 44 
228 228 
200 240 
248 196 
208 216 
208 48 
236 204 
204 212 
240 224 
228 232 
228 44 
208 240 
232 192 
228 200 
228 232 
232 52 
208 44 
220 192 
212 204 
208 232 
208 232 
192 48 
204 196 
208 196 
212 212 
232 232 
228 48 
236 200 
228 188 
228 228 
384 236 
228 44 
192 196 
236 192 
212 192 
228 212 
228 40 
228 232 
232 252 
612 216 
232 236 
208 40 
196 204 
236 212 
232 200 
208 212 
208 44 
212 216 
208 192 
208 208 
208 208 
208 40 
196 228 
192 192 
236 240 
224 232 
232 236 
228 44 
192 232 
228 232 
236 216 
236 236 
236 44 
188 196 
228 232 
228 208 
228 208 
228 48 
228 208 
192 192 
224 256 
216 196 
228 232 
232 44 
196 232 
232 232 
232 236 
228 228 
232 44 
192 228 
236 232 
232 192 
228 232 
204 44 
212 240 
232 272 
212 312 
236 276 
228 208 
212 40 
236 236 
236 200 
228 232 
232 232 
228 48 
232 192 
232 196 
232 240 
208 232 
208 232 
188 44 
236 196 
232 196 
228 224 
228 188 
188 48 
200 200 
264 196 
196 192 
188 236 
192 44 
188 196 
196 192 
196 200 
188 228 
232 44 
192 192 
228 196 
228 228 
232 188 
228 232 
232 52 
228 200 
188 236 
236 236 
432 368 
224 216 
192 48 
200 236 
228 196 
224 228 
228 40 
232 44 
236 192 
660 192 
228 228 
196 224 
232 44 
232 196 
236 232 
228 224 
236 148 
228 44 
188 232 
228 192 
192 192 
188 192 
192 48 
196 192 
192 196 
196 196 
192 192 
192 48 
248 192 
232 236 
228 228 
232 228 
192 48 
228 200 
224 196 
228 236 
208 188 
232 240 
232 196 
196 192 
216 188 
340 208 
208 484 
228 200 
192 208 
236 236 
208 232 
236 48 
196 232 
228 244 
236 196 
192 192 
192 192 
232 192 
192 220 
228 240 
228 192 
228 232 
236 192 
236 232 
228 200 
228 196 
228 232 
228 232 
232 228 
232 232 
228 232 
228 232 
232 236 
208 232 
228 228 
232 232 
228 232 
236 228 
196 192 
188 204 
232 216 
200 228 
212 192 
228 232 
192 220 
236 224 
232 244 
228 200 
236 208 
236 196 
188 232 
224 196 
204 232 
192 208 
228 232 
224 228 
224 216 
228 232 
208 228 
440 216 
212 236 
216 216 
212 208 
216 196 
192 192 
232 196 
240 192 
232 196 
688 232 
224 212 
204 216 
208 232 
232 212 
236 236 
212 212 
228 212 
228 192 
232 528 
228 208 
236 204 
232 212 
232 212 
216 196 
216 236 
208 188 
228 196 
228 228 
208 232 
224 232 
228 192 
232 232 
236 236 
228 240 
228 228 
228 232 
232 240 
232 228 
228 236 
228 240 
228 228 
192 224 
236 232 
196 204 
208 200 
200 236 
208 192 
232 232 
224 204 
212 216 
188 412 
208 212 
204 232 
232 232 
232 232 
228 228 
232 236 
228 232 
228 228 
232 232 
204 196 
208 212 
236 232 
208 224 
228 208 
208 212 
228 236 
228 208 
688 232 
188 212 
208 232 
204 208 
208 204 
208 212 
208 216 
216 208 
204 212 
188 216 
212 232 
188 236 
228 236 
228 240 
228 232 
208 232 
196 228 
200 232 
448 484 
196 212 
228 192 
204 232 
188 196 
232 208 
232 192 
228 196 
232 188 
232 196 
228 192 
188 232 
228 240 
204 228 
188 232 
196 232 
196 236 
204 240 
192 236 
192 228 
228 192 
228 192 
224 188 
228 188 
232 196 
228 192 
228 196 
232 200 
188 228 
232 228 
228 200 
232 228 
236 236 
236 232 
228 236 
212 232 
196 228 
208 232 
228 232 
224 192 
208 228 
228 236 
232 232 
228 308 
188 212 
196 188 
228 232 
228 228 
228 232 
228 192 
188 208 
232 208 
232 232 
208 224 
232 228 
224 204 
228 216 
228 232 
232 240 
232 240 
228 212 
228 232 
192 228 
228 232 
228 232 
228 228 
188 228 
232 232 
228 236 
212 216 
212 192 
208 236 
208 188 
232 212 
228 232 
208 212 
208 212 
232 228 
208 228 
228 196 
232 240 
232 236 
228 232 
188 232 
224 212 
204 232 
228 476 
208 212 
232 204 
188 192 
224 236 
208 192 
188 228 
236 228 
192 216 
188 304 
224 208 
232 196 
232 232 
232 232 
208 228 
228 236 
232 232 
232 212 
188 212 
232 236 
228 212 
232 232 
224 236 
228 236 
208 192 
236 232 
232 236 
712 736 
228 232 
224 228 
232 188 
200 208 
224 228 
236 208 
232 228 
232 228 
188 228 
196 208 
192 240 
228 232 
228 236 
232 232 
232 216 
224 188 
232 232 
236 236 
208 212 
232 192 
208 224 
236 228 
212 232 
236 212 
188 188 
236 192 
188 236 
232 236 
200 192 
236 236 
232 240 
204 212 
228 188 
192 236 
228 232 
228 292 
188 228 
232 236 
208 232 
228 232 
232 196 
232 208 
228 212 
232 192 
236 228 
232 232 
224 228 
224 228 
208 232 
224 192 
208 228 
188 232 
188 224 
208 196 
188 228 
192 196 
232 232 
232 196 
196 228 
188 228 
208 204 
228 212 
232 232 
228 232 
228 232 
232 232 
232 244 
228 440 
208 208 
224 228 
236 232 
236 232 
188 192 
228 192 
200 228 
188 200 
232 196 
200 192 
228 188 
188 236 
228 232 
232 236 
228 236 
204 196 
236 208 
224 188 
228 236 
188 232 
204 188 
232 228 
188 232 
188 228 
228 236 
236 232 
740 240 
232 232 
228 232 
192 228 
228 232 
228 232 
232 232 
224 228 
188 204 
228 612 
232 232 
224 208 
208 236 
228 228 
228 232 
232 232 
228 232 
228 232 
228 220 
228 232 
228 236 
228 228 
232 236 
228 228 
204 188 
228 228 
216 232 
232 228 
232 232 
232 232 
228 232 
232 232 
232 216 
228 228 
228 228 
232 196 
232 236 
228 236 
232 232 
232 236 
228 236 
296 564 
188 232 
196 236 
192 232 
188 232 
192 232 
232 232 
228 232 
236 228 
704 736 
208 232 
200 236 
220 188 
236 232 
188 212 
236 228 
232 196 
236 196 
228 192 
208 196 
228 192 
232 192 
232 196 
196 196 
188 188 
196 192 
192 192 
188 312 
188 192 
192 196 
192 208 
232 196 
228 204 
228 232 
228 232 
228 236 
288 232 
228 208 
188 232 
188 232 
208 216 
228 240 
236 240 
228 236 
228 236 
508 240 
232 240 
188 188 
208 232 
232 212 
228 228 
232 228 
228 236 
236 240 
232 392 
236 236 
228 208 
188 236 
208 232 
232 488 
212 228 
232 228 
208 232 
208 668 
228 232 
228 236 
228 228 
224 228 
232 232 
232 232 
228 212 
200 192 
228 232 
232 236 
228 228 
192 192 
232 232 
228 232 
228 232 
228 228 
228 228 
228 232 
228 232 
236 240 
236 232 
228 232 
212 232 
232 236 
232 192 
228 228 
232 232 
232 232 
228 196 
188 224 
232 236 
228 192 
228 232 
224 228 
228 228 
232 232 
232 232 
228 236 
228 232 
224 228 
228 228 
208 232 
228 240 
208 232 
232 232 
208 232 
232 196 
232 232 
232 236 
188 208 
204 228 
228 232 
236 232 
228 232 
