# ./FR-trace starting at Wed Mar 18 15:58:43 2020
################# CONFIG #################
# slot=5000
# samples=10000
# threshold=100
# idle=500
# minlen=500
# runs=10000
# pdathreads=2
# nmonitored=2
#   monitor0=../apps/openssl ecp_smpl.c:933 0x1e3d58
#   monitor1=../apps/openssl ecp_smpl.c:940 0x1e39f3
# nevicted=0
# npdatargets=2
#   target0=../apps/openssl bn_lib.c:514 0x102f79
#   target1=../apps/openssl bn_lib.c:543 0x102fe5
# affinity=0
############## SYSTEM INFO ###############
# mastik_version=0.02
# sysname=Linux
# nodename=lovelace
# release=5.3.7-arch1-1-ARCH
# version=#1 SMP PREEMPT Fri Oct 18 00:17:03 UTC 2019
# machine=x86_64
################## DATA ##################
# run=1982
# datapoints=1990
44 232 
192 208 
232 236 
212 208 
276 204 
192 232 
200 192 
192 196 
232 232 
188 232 
228 232 
348 192 
232 200 
236 232 
244 232 
236 188 
224 392 
228 240 
192 200 
232 236 
552 232 
236 240 
204 236 
236 244 
228 232 
196 236 
236 236 
228 232 
252 236 
192 232 
228 192 
228 232 
228 232 
228 232 
232 232 
232 232 
232 232 
232 228 
228 688 
228 236 
228 236 
232 232 
232 236 
208 232 
228 232 
232 236 
228 236 
228 200 
236 236 
236 188 
228 236 
236 232 
196 228 
232 248 
232 244 
188 232 
228 240 
232 236 
236 240 
232 228 
232 252 
228 196 
232 232 
224 228 
236 196 
228 232 
228 236 
232 212 
196 192 
192 232 
208 240 
228 216 
232 236 
212 240 
228 236 
228 228 
232 232 
228 236 
196 192 
232 232 
208 220 
344 232 
192 196 
196 236 
192 240 
236 232 
228 232 
228 232 
192 212 
232 208 
224 192 
236 240 
228 232 
208 240 
232 228 
228 236 
236 236 
304 232 
232 208 
228 232 
276 232 
228 232 
232 208 
232 228 
232 236 
228 236 
232 236 
212 208 
232 228 
232 232 
232 324 
232 232 
228 232 
204 240 
232 232 
604 216 
228 232 
232 200 
192 232 
232 232 
188 232 
232 232 
220 232 
228 236 
232 440 
192 232 
232 240 
192 232 
232 232 
236 232 
228 232 
232 196 
232 216 
224 716 
208 192 
228 236 
212 192 
236 232 
236 236 
228 232 
236 232 
228 232 
236 236 
208 228 
236 232 
236 232 
232 236 
232 232 
228 236 
228 236 
228 232 
228 232 
232 236 
216 228 
232 232 
228 228 
232 232 
228 232 
232 232 
232 232 
236 236 
232 236 
236 232 
224 228 
232 236 
228 232 
228 232 
236 232 
232 236 
232 232 
196 232 
232 232 
232 232 
236 232 
228 236 
208 232 
232 236 
236 236 
228 232 
228 236 
232 236 
196 192 
228 212 
232 232 
208 220 
228 232 
232 232 
228 228 
236 232 
236 236 
220 192 
228 232 
196 232 
196 192 
196 236 
224 232 
236 244 
240 200 
196 192 
232 228 
232 232 
360 236 
228 196 
232 232 
208 196 
216 208 
232 236 
232 232 
236 236 
208 232 
608 212 
208 208 
228 232 
232 236 
232 232 
232 236 
228 232 
236 236 
228 236 
228 476 
232 232 
232 240 
232 232 
228 232 
228 232 
232 236 
228 236 
232 232 
232 724 
212 232 
224 232 
228 236 
228 236 
228 228 
228 236 
228 232 
232 232 
228 232 
232 232 
236 232 
232 240 
236 240 
228 232 
232 232 
232 232 
228 228 
228 232 
232 200 
236 192 
228 196 
192 196 
228 232 
236 236 
188 200 
228 196 
188 196 
196 252 
196 196 
236 196 
188 192 
196 536 
236 236 
196 232 
236 196 
228 192 
236 192 
232 196 
236 192 
232 192 
488 204 
188 204 
236 192 
236 192 
228 204 
232 244 
236 192 
232 272 
236 232 
232 264 
192 192 
188 204 
224 200 
188 192 
232 192 
596 200 
220 196 
236 200 
192 192 
228 192 
236 236 
44 48 
40 192 
44 232 
40 48 
40 44 
232 196 
380 188 
188 192 
232 236 
236 192 
228 236 
232 232 
192 212 
236 196 
232 196 
236 192 
152 156 
236 212 
232 204 
196 232 
232 204 
232 200 
228 196 
232 204 
188 188 
228 212 
236 196 
240 232 
232 192 
236 196 
228 44 
192 236 
236 196 
236 236 
232 236 
228 232 
236 232 
228 52 
224 200 
188 192 
232 192 
236 236 
232 232 
228 48 
232 196 
232 236 
236 188 
228 240 
228 236 
232 44 
228 200 
228 192 
232 196 
228 236 
232 44 
232 196 
192 248 
260 236 
232 192 
232 232 
232 48 
192 196 
232 236 
228 196 
232 228 
228 228 
236 48 
236 236 
228 224 
232 240 
232 232 
232 44 
236 44 
212 200 
228 192 
204 192 
232 232 
232 44 
232 212 
188 204 
228 244 
228 196 
228 228 
228 44 
204 196 
192 188 
236 196 
228 192 
228 232 
232 52 
232 240 
232 240 
240 192 
232 208 
228 132 
228 48 
236 232 
588 236 
232 240 
228 232 
228 44 
396 52 
236 208 
236 248 
236 224 
232 236 
228 232 
232 44 
236 196 
232 196 
640 188 
232 236 
232 48 
232 192 
236 192 
192 192 
236 196 
228 188 
232 240 
236 48 
204 204 
232 200 
232 236 
228 228 
228 232 
232 52 
232 236 
272 196 
232 192 
228 232 
224 236 
204 44 
192 196 
232 192 
232 212 
232 236 
236 48 
228 196 
520 196 
228 236 
232 236 
232 240 
236 44 
196 192 
228 232 
232 256 
232 232 
232 48 
232 204 
188 256 
224 232 
236 236 
232 232 
232 44 
232 192 
240 204 
192 200 
232 192 
232 236 
232 236 
228 44 
192 192 
236 188 
232 232 
228 232 
232 232 
232 48 
232 188 
232 204 
232 192 
204 232 
232 232 
236 44 
232 240 
536 200 
232 196 
232 232 
232 44 
232 200 
196 192 
232 192 
240 188 
228 232 
228 40 
188 192 
200 232 
232 232 
220 268 
232 208 
236 48 
232 236 
228 192 
228 200 
232 232 
236 48 
236 204 
236 192 
412 192 
228 240 
232 232 
228 44 
232 196 
236 240 
232 192 
232 192 
652 232 
236 44 
232 244 
228 188 
228 192 
232 232 
232 44 
236 192 
236 192 
236 220 
228 232 
232 236 
232 232 
232 48 
232 200 
232 204 
236 236 
236 232 
232 236 
232 44 
236 188 
228 240 
236 192 
232 192 
228 236 
228 48 
228 192 
192 232 
232 240 
228 200 
236 236 
228 232 
232 48 
192 196 
236 196 
228 192 
232 236 
228 244 
228 48 
192 232 
236 236 
236 196 
228 232 
228 232 
232 44 
188 188 
236 192 
228 204 
228 232 
228 228 
356 48 
192 192 
228 204 
232 208 
224 232 
228 232 
236 44 
236 232 
228 228 
232 236 
208 240 
232 44 
236 188 
188 240 
228 240 
236 232 
232 232 
232 48 
240 200 
420 192 
232 232 
228 236 
232 44 
236 200 
188 196 
228 192 
232 192 
204 232 
232 44 
236 188 
244 200 
228 196 
232 236 
232 232 
232 44 
232 208 
344 188 
220 236 
228 196 
232 236 
228 48 
232 236 
188 192 
228 200 
232 232 
680 232 
236 48 
188 236 
236 236 
236 232 
228 232 
232 52 
228 196 
188 240 
236 232 
232 196 
228 232 
228 44 
232 188 
640 284 
232 236 
228 196 
228 232 
232 44 
184 236 
228 232 
240 192 
232 232 
232 236 
212 48 
188 192 
232 192 
228 192 
232 236 
228 44 
220 196 
188 196 
228 192 
232 748 
232 236 
236 48 
236 220 
236 200 
232 236 
228 232 
236 52 
236 216 
192 232 
236 216 
236 196 
232 232 
236 48 
192 236 
236 240 
232 224 
232 232 
228 232 
204 44 
192 196 
228 192 
236 232 
236 232 
236 44 
228 240 
412 192 
212 208 
232 240 
236 192 
236 40 
236 192 
236 192 
232 232 
228 232 
232 48 
212 208 
228 196 
236 236 
236 236 
232 44 
236 196 
196 232 
236 192 
228 196 
232 216 
236 48 
192 200 
232 236 
228 192 
232 232 
232 44 
232 204 
248 240 
232 216 
228 196 
232 236 
232 44 
232 192 
232 228 
228 232 
232 240 
696 224 
232 236 
232 48 
212 216 
228 228 
228 216 
232 236 
228 44 
212 196 
232 188 
228 188 
232 232 
232 240 
228 52 
236 232 
500 196 
228 196 
236 236 
224 236 
236 44 
188 196 
232 192 
228 228 
228 232 
228 44 
236 196 
240 196 
236 240 
232 192 
232 232 
228 232 
236 48 
232 196 
652 252 
236 188 
228 236 
236 48 
228 204 
196 196 
232 200 
232 232 
232 232 
236 232 
232 44 
188 196 
228 200 
232 192 
232 232 
228 180 
236 44 
188 192 
216 192 
236 236 
228 236 
236 48 
232 240 
236 236 
236 232 
228 232 
232 200 
208 44 
224 240 
236 196 
232 236 
236 232 
232 52 
236 196 
196 220 
236 236 
208 192 
228 232 
232 44 
192 236 
224 192 
228 200 
232 232 
228 232 
216 48 
188 192 
232 200 
236 192 
236 236 
228 44 
236 196 
228 196 
232 192 
472 200 
232 236 
232 236 
232 40 
236 200 
236 244 
188 196 
236 196 
232 228 
736 236 
232 44 
188 196 
232 192 
232 236 
228 236 
232 132 
236 48 
228 236 
232 196 
236 240 
232 236 
228 48 
236 44 
192 200 
228 196 
228 592 
232 236 
228 232 
228 44 
188 212 
256 236 
232 240 
228 624 
232 236 
236 44 
200 236 
232 236 
236 236 
228 228 
232 40 
236 196 
188 192 
232 240 
228 732 
224 232 
240 48 
188 188 
232 192 
232 232 
232 236 
224 232 
240 44 
196 192 
232 228 
232 188 
232 232 
232 232 
228 44 
236 200 
448 384 
208 232 
232 236 
228 236 
236 48 
220 232 
236 224 
236 192 
236 232 
232 236 
208 48 
228 240 
228 196 
232 240 
232 232 
228 44 
228 200 
188 200 
232 192 
208 192 
232 236 
232 48 
228 236 
424 192 
248 216 
232 232 
232 44 
280 48 
240 212 
228 192 
236 196 
228 236 
224 44 
232 240 
192 220 
232 196 
496 228 
232 228 
228 48 
228 216 
228 236 
232 200 
232 232 
232 240 
232 48 
240 232 
600 232 
232 192 
228 236 
228 44 
228 208 
236 200 
188 200 
272 236 
232 240 
236 232 
232 44 
232 208 
196 236 
224 224 
236 188 
232 236 
236 48 
196 192 
228 192 
232 236 
232 236 
232 48 
232 196 
232 216 
232 196 
232 236 
228 232 
228 48 
192 236 
232 192 
228 228 
232 232 
228 188 
236 44 
232 232 
232 220 
232 232 
232 244 
228 48 
232 192 
236 240 
232 228 
228 188 
228 236 
236 48 
204 208 
232 228 
232 192 
236 192 
232 232 
204 40 
228 200 
232 196 
196 196 
236 228 
232 732 
232 228 
228 44 
232 232 
496 284 
240 236 
232 248 
232 236 
232 48 
192 192 
232 196 
232 248 
228 232 
208 212 
236 44 
220 204 
228 196 
232 228 
228 232 
232 44 
236 192 
356 192 
232 208 
232 192 
228 232 
228 44 
232 208 
196 192 
252 236 
232 236 
540 232 
228 44 
236 192 
232 196 
224 196 
236 248 
232 268 
228 236 
232 44 
232 232 
604 216 
232 192 
228 228 
228 108 
236 48 
236 236 
228 188 
236 236 
228 632 
224 232 
232 40 
196 196 
232 196 
236 240 
232 240 
232 236 
236 48 
196 236 
376 208 
224 564 
232 236 
232 236 
232 48 
192 196 
228 192 
236 200 
232 228 
232 40 
228 200 
188 192 
228 196 
244 204 
232 236 
236 48 
232 240 
240 196 
236 236 
232 232 
232 40 
232 196 
232 232 
328 192 
232 236 
232 232 
228 232 
228 48 
236 228 
232 244 
228 196 
228 228 
208 224 
232 52 
236 236 
232 252 
236 192 
232 240 
232 232 
228 44 
236 232 
476 224 
236 192 
228 232 
232 212 
236 48 
232 232 
228 196 
240 192 
236 232 
208 48 
232 200 
232 200 
232 188 
228 192 
252 244 
232 232 
232 44 
292 192 
188 192 
228 244 
236 236 
232 236 
232 48 
188 232 
232 240 
236 192 
548 228 
228 232 
236 52 
188 192 
228 196 
232 196 
228 232 
236 52 
232 224 
236 236 
232 236 
232 232 
232 44 
228 204 
240 192 
236 232 
228 208 
228 228 
232 48 
228 232 
188 196 
236 192 
232 228 
228 232 
228 48 
224 236 
232 228 
228 196 
228 232 
228 44 
192 220 
188 208 
232 232 
232 228 
228 232 
236 48 
232 192 
588 236 
236 192 
232 232 
228 48 
232 192 
224 240 
232 200 
236 192 
232 228 
232 232 
232 44 
188 192 
236 188 
228 232 
228 232 
232 48 
216 208 
232 240 
236 196 
228 232 
236 44 
236 188 
236 236 
212 192 
228 196 
228 232 
236 48 
228 192 
236 208 
236 196 
232 236 
228 40 
212 44 
232 240 
228 204 
236 240 
232 236 
232 44 
228 196 
236 188 
232 196 
224 224 
232 200 
228 232 
232 48 
196 188 
236 188 
232 192 
236 236 
308 156 
228 48 
188 236 
232 196 
228 192 
228 232 
232 232 
232 48 
236 192 
668 352 
228 200 
236 188 
228 236 
228 44 
228 196 
212 236 
236 256 
228 236 
232 436 
228 48 
228 200 
228 200 
232 192 
228 196 
228 228 
236 48 
188 240 
232 192 
232 232 
228 192 
228 236 
228 44 
232 192 
232 236 
232 188 
236 192 
228 240 
228 48 
232 208 
236 232 
232 192 
232 236 
224 232 
236 48 
192 236 
236 224 
236 192 
228 232 
232 52 
188 196 
232 192 
236 188 
232 232 
232 184 
236 48 
196 208 
232 196 
228 232 
240 192 
232 232 
232 44 
232 192 
208 240 
232 236 
236 192 
232 236 
236 48 
228 200 
672 204 
208 192 
236 232 
232 44 
232 200 
232 204 
232 196 
196 188 
232 240 
232 196 
204 216 
232 48 
228 200 
196 192 
236 236 
228 192 
232 232 
236 48 
188 200 
240 216 
232 232 
236 236 
228 232 
236 52 
236 236 
228 236 
228 196 
336 232 
232 212 
276 48 
240 240 
228 192 
228 208 
232 232 
232 200 
232 44 
232 236 
540 192 
232 236 
232 236 
232 44 
228 196 
232 236 
232 232 
240 192 
232 464 
232 48 
236 192 
192 192 
232 192 
228 232 
232 228 
236 236 
228 48 
236 236 
396 284 
236 244 
232 236 
228 232 
228 48 
232 232 
232 192 
232 232 
232 228 
228 232 
228 48 
192 196 
236 188 
228 192 
228 232 
228 160 
236 48 
232 232 
392 188 
232 236 
236 232 
236 44 
232 48 
188 192 
236 192 
232 200 
228 232 
228 44 
228 204 
188 196 
228 200 
232 236 
232 236 
228 48 
236 212 
236 240 
232 192 
236 236 
232 244 
236 48 
224 240 
444 228 
236 236 
232 232 
232 44 
236 232 
188 192 
236 188 
228 232 
232 232 
212 44 
232 228 
232 244 
240 236 
228 232 
232 44 
232 196 
196 232 
244 216 
232 212 
232 236 
232 48 
232 232 
200 208 
232 224 
236 196 
232 228 
380 48 
228 196 
232 232 
228 192 
228 240 
228 232 
232 48 
188 196 
236 196 
608 200 
228 236 
232 40 
232 196 
232 236 
236 236 
228 208 
228 228 
236 56 
232 236 
564 216 
236 196 
228 232 
232 44 
236 196 
232 200 
228 236 
236 232 
232 216 
232 236 
232 52 
236 192 
236 192 
232 196 
232 188 
228 236 
232 44 
188 200 
208 236 
232 244 
236 232 
228 232 
228 48 
232 240 
236 224 
232 196 
232 232 
228 44 
232 196 
188 228 
228 236 
232 192 
228 232 
232 48 
232 196 
228 192 
232 192 
232 236 
232 232 
232 52 
188 356 
228 192 
232 236 
228 232 
224 236 
236 44 
188 236 
236 248 
232 240 
228 228 
212 232 
232 44 
192 196 
236 196 
232 188 
228 728 
232 240 
228 52 
244 236 
208 196 
228 208 
232 232 
232 44 
232 48 
236 228 
232 204 
240 236 
232 232 
232 48 
228 48 
228 200 
232 236 
232 232 
232 236 
232 232 
232 48 
236 192 
484 188 
240 196 
228 228 
232 236 
232 48 
196 192 
228 192 
228 192 
616 232 
224 44 
224 200 
240 192 
232 236 
188 192 
200 296 
192 232 
228 232 
228 236 
212 192 
204 208 
192 228 
232 236 
228 236 
192 232 
232 236 
204 204 
232 236 
232 200 
232 192 
188 192 
236 236 
192 196 
228 240 
408 236 
228 192 
236 196 
228 228 
232 228 
236 196 
228 232 
232 196 
236 192 
228 232 
228 232 
232 240 
228 232 
232 240 
232 236 
232 240 
232 236 
228 236 
228 236 
232 236 
232 236 
236 196 
244 232 
232 252 
228 192 
228 200 
228 232 
236 192 
232 52 
232 236 
236 188 
232 192 
236 196 
228 192 
228 200 
208 200 
232 196 
192 192 
232 232 
232 236 
236 236 
228 236 
228 236 
236 236 
208 212 
232 236 
228 232 
232 236 
232 240 
280 232 
232 244 
228 232 
212 232 
196 212 
232 232 
228 236 
232 212 
232 240 
228 232 
188 232 
264 196 
476 196 
232 216 
232 212 
232 232 
192 236 
204 216 
188 232 
196 232 
228 192 
216 280 
228 208 
188 236 
192 232 
228 220 
228 232 
228 232 
228 236 
228 232 
232 528 
228 232 
232 236 
232 232 
236 236 
192 208 
232 196 
208 192 
212 316 
220 232 
228 228 
232 232 
232 236 
236 236 
228 236 
212 216 
224 192 
228 232 
228 232 
232 240 
232 232 
228 236 
228 232 
236 228 
232 236 
232 232 
252 196 
236 236 
232 232 
232 232 
228 232 
192 232 
212 232 
232 196 
192 228 
232 232 
232 232 
232 236 
232 232 
228 236 
240 232 
312 236 
208 204 
228 236 
232 232 
232 232 
232 232 
232 236 
232 236 
228 232 
232 228 
228 232 
232 232 
228 232 
232 236 
228 232 
228 232 
232 232 
236 236 
236 236 
208 208 
232 232 
228 232 
232 232 
232 232 
232 232 
228 236 
232 232 
204 232 
232 208 
232 236 
236 236 
232 232 
232 236 
236 232 
236 232 
232 228 
208 216 
208 212 
228 236 
228 232 
188 236 
236 212 
208 212 
228 236 
236 240 
236 192 
232 232 
228 232 
232 232 
232 240 
208 204 
340 192 
236 212 
232 280 
228 632 
208 232 
208 192 
228 208 
328 228 
228 196 
232 208 
228 232 
232 196 
228 232 
208 208 
228 228 
228 248 
232 228 
192 192 
232 192 
232 236 
232 208 
228 232 
236 236 
208 188 
196 228 
232 212 
232 228 
232 240 
208 232 
232 232 
228 212 
192 232 
192 224 
232 196 
228 192 
192 212 
228 232 
196 212 
232 236 
212 232 
228 232 
228 236 
216 236 
204 196 
188 232 
560 236 
252 220 
212 228 
208 212 
228 232 
188 196 
232 232 
208 236 
232 232 
208 236 
228 208 
232 232 
208 232 
228 232 
228 236 
232 236 
228 236 
228 232 
208 212 
188 232 
228 232 
232 232 
236 236 
208 192 
192 236 
228 232 
220 236 
236 208 
232 192 
228 236 
232 232 
232 192 
232 196 
228 232 
228 236 
432 228 
228 212 
232 236 
232 196 
228 228 
208 232 
228 200 
232 232 
188 232 
228 212 
196 212 
232 232 
232 240 
208 232 
232 216 
228 216 
232 212 
192 236 
212 220 
228 212 
236 232 
232 192 
212 232 
572 236 
212 232 
228 232 
228 188 
212 584 
236 232 
232 200 
228 240 
228 232 
236 232 
208 236 
228 236 
220 196 
236 208 
516 476 
232 232 
216 188 
208 212 
192 192 
208 232 
188 232 
216 228 
228 232 
220 220 
232 192 
228 236 
228 228 
236 192 
196 196 
192 204 
228 212 
192 236 
232 232 
228 236 
212 204 
232 196 
224 192 
208 232 
232 192 
232 232 
208 228 
480 232 
200 224 
232 236 
236 196 
208 192 
208 240 
208 228 
196 220 
228 196 
228 192 
232 232 
208 236 
228 240 
228 192 
208 208 
192 204 
232 232 
232 232 
232 240 
228 232 
228 232 
232 232 
240 228 
212 192 
224 232 
232 236 
212 216 
232 232 
236 232 
232 236 
228 232 
228 460 
236 236 
228 196 
228 228 
232 228 
232 232 
228 232 
228 196 
208 232 
188 196 
228 212 
192 236 
232 192 
208 236 
212 204 
228 228 
236 232 
232 232 
232 196 
208 232 
188 236 
228 236 
232 232 
228 232 
212 232 
232 232 
228 232 
228 228 
228 232 
232 232 
232 236 
228 232 
228 236 
212 232 
232 244 
232 232 
228 228 
232 232 
228 232 
232 232 
232 236 
232 240 
228 236 
232 232 
232 232 
232 236 
232 232 
228 232 
228 188 
232 232 
232 236 
232 236 
232 232 
232 228 
228 236 
192 212 
228 228 
228 192 
208 196 
232 232 
208 228 
232 232 
232 232 
228 240 
232 232 
196 232 
212 216 
224 232 
288 228 
204 228 
224 240 
196 196 
240 428 
0 0 
0 0 
232 276 
228 192 
192 196 
228 208 
228 228 
228 212 
212 228 
192 236 
224 228 
208 232 
224 232 
248 236 
228 228 
232 192 
232 232 
232 232 
228 212 
232 188 
232 220 
228 228 
488 208 
192 188 
192 232 
236 236 
232 208 
232 232 
228 232 
232 232 
228 236 
748 228 
228 244 
224 192 
232 240 
228 232 
212 232 
232 236 
228 232 
232 232 
228 232 
232 232 
232 232 
228 232 
232 232 
208 232 
208 232 
232 236 
208 232 
232 236 
228 232 
232 236 
208 224 
228 232 
232 232 
208 236 
228 232 
232 236 
188 212 
228 232 
232 216 
228 228 
224 228 
232 236 
232 232 
232 236 
208 232 
232 232 
232 232 
232 236 
228 232 
228 232 
232 236 
204 236 
232 232 
200 232 
232 232 
204 236 
232 236 
188 200 
228 236 
308 232 
204 204 
228 236 
228 232 
208 232 
220 196 
232 232 
232 236 
228 232 
232 232 
212 232 
232 228 
228 228 
232 236 
212 232 
188 236 
232 236 
216 192 
232 236 
212 208 
232 248 
228 236 
232 236 
208 236 
232 236 
228 240 
228 236 
188 212 
232 208 
