# ./FR-trace starting at Wed Mar 18 15:54:51 2020
################# CONFIG #################
# slot=5000
# samples=10000
# threshold=100
# idle=500
# minlen=500
# runs=10000
# pdathreads=2
# nmonitored=2
#   monitor0=../apps/openssl ecp_smpl.c:933 0x1e3d58
#   monitor1=../apps/openssl ecp_smpl.c:940 0x1e39f3
# nevicted=0
# npdatargets=2
#   target0=../apps/openssl bn_lib.c:514 0x102f79
#   target1=../apps/openssl bn_lib.c:543 0x102fe5
# affinity=0
############## SYSTEM INFO ###############
# mastik_version=0.02
# sysname=Linux
# nodename=lovelace
# release=5.3.7-arch1-1-ARCH
# version=#1 SMP PREEMPT Fri Oct 18 00:17:03 UTC 2019
# machine=x86_64
################## DATA ##################
# run=1769
# datapoints=975
36 36 
32 40 
408 216 
228 152 
408 200 
156 404 
192 196 
236 36 
192 224 
400 212 
192 40 
224 44 
200 192 
624 40 
192 196 
196 192 
192 40 
196 200 
204 40 
240 216 
208 200 
196 40 
200 212 
212 48 
240 200 
196 200 
212 40 
268 232 
240 40 
192 192 
236 236 
204 36 
200 208 
200 36 
208 196 
196 196 
200 44 
208 200 
188 44 
196 196 
240 40 
240 236 
220 216 
240 36 
216 196 
232 40 
212 212 
196 200 
232 44 
220 192 
192 44 
204 200 
232 204 
196 44 
236 192 
196 32 
204 196 
200 40 
232 36 
196 196 
400 36 
188 200 
196 44 
572 40 
200 228 
420 40 
200 292 
208 40 
204 196 
256 256 
236 40 
200 216 
196 36 
200 216 
200 40 
220 236 
220 212 
216 44 
200 216 
256 44 
212 256 
240 328 
196 44 
204 200 
444 40 
236 204 
228 44 
432 232 
240 236 
232 44 
236 236 
232 44 
240 236 
236 244 
380 40 
236 212 
232 48 
240 232 
232 40 
264 252 
232 240 
196 36 
232 196 
432 36 
196 220 
268 48 
240 216 
200 204 
196 36 
196 324 
212 44 
324 200 
200 200 
192 40 
340 240 
204 244 
236 256 
268 36 
404 204 
212 196 
200 48 
200 236 
228 36 
228 204 
216 216 
200 36 
204 196 
412 44 
200 228 
228 44 
196 200 
196 196 
400 36 
204 192 
208 48 
196 196 
240 196 
192 40 
224 228 
276 32 
236 200 
244 348 
428 40 
200 236 
264 48 
212 200 
240 244 
192 36 
200 232 
240 40 
204 220 
224 244 
232 32 
208 196 
204 40 
204 212 
200 240 
196 40 
332 240 
204 32 
200 220 
236 236 
256 40 
212 252 
216 40 
208 196 
216 200 
660 40 
216 204 
200 36 
224 192 
400 40 
216 48 
228 208 
216 40 
248 212 
196 44 
204 212 
216 208 
236 40 
220 220 
204 44 
212 212 
192 244 
212 44 
308 196 
208 36 
196 308 
244 48 
200 208 
220 200 
444 44 
212 196 
216 40 
196 196 
196 200 
252 44 
208 216 
196 40 
220 200 
192 196 
196 44 
236 244 
196 44 
212 200 
188 196 
216 40 
192 204 
432 40 
192 204 
192 36 
192 196 
368 272 
192 36 
200 240 
224 44 
200 236 
200 272 
192 40 
220 196 
212 44 
200 196 
232 212 
192 40 
200 316 
192 244 
232 216 
260 40 
232 328 
240 200 
220 44 
216 744 
256 432 
240 236 
240 204 
204 48 
232 236 
440 44 
204 320 
208 40 
308 268 
244 212 
236 44 
244 228 
232 40 
216 224 
208 240 
232 40 
200 196 
196 40 
216 220 
224 212 
216 44 
204 204 
192 44 
200 212 
204 204 
356 36 
220 244 
428 40 
200 188 
212 52 
240 240 
216 216 
188 40 
196 200 
192 44 
220 208 
220 212 
216 40 
204 192 
200 36 
212 216 
192 220 
196 32 
200 192 
228 40 
216 236 
232 196 
404 44 
220 200 
204 40 
200 196 
200 192 
208 36 
208 268 
196 40 
196 196 
200 272 
216 40 
236 200 
236 40 
212 240 
192 196 
204 44 
436 240 
204 40 
220 220 
220 196 
424 40 
256 244 
192 76 
200 44 
660 200 
192 48 
196 208 
212 204 
232 40 
240 236 
196 36 
212 236 
216 40 
224 44 
236 192 
408 44 
192 240 
244 40 
244 212 
192 132 
212 36 
236 236 
208 44 
196 200 
228 44 
220 212 
196 204 
204 44 
200 308 
192 36 
196 192 
200 40 
232 236 
196 196 
212 40 
208 220 
192 40 
200 244 
220 196 
236 40 
188 328 
196 36 
192 236 
216 44 
616 212 
188 196 
196 40 
200 196 
196 44 
216 236 
236 192 
220 40 
344 240 
400 36 
212 208 
212 40 
200 48 
216 216 
196 424 
208 196 
196 160 
208 40 
192 204 
436 40 
232 196 
188 40 
212 192 
208 196 
232 40 
228 208 
192 36 
204 196 
192 200 
236 40 
196 200 
408 40 
200 196 
200 244 
244 44 
232 192 
236 36 
232 196 
196 48 
196 236 
240 236 
192 44 
232 236 
236 44 
200 212 
692 176 
216 40 
260 220 
232 36 
240 240 
240 140 
192 40 
216 204 
192 36 
204 200 
188 216 
708 40 
232 196 
216 36 
192 272 
264 264 
196 40 
204 196 
200 32 
196 236 
196 36 
204 236 
192 208 
204 44 
216 220 
204 40 
248 200 
188 192 
400 40 
196 196 
196 44 
196 244 
204 44 
204 196 
192 200 
200 48 
228 200 
240 44 
224 196 
196 196 
200 44 
236 240 
232 244 
232 244 
212 44 
232 236 
208 220 
420 44 
236 216 
232 40 
192 240 
192 200 
440 36 
212 196 
408 40 
236 232 
216 232 
440 40 
240 244 
312 40 
196 200 
196 236 
216 44 
208 196 
208 36 
196 196 
208 44 
192 40 
200 196 
232 252 
220 212 
192 40 
240 200 
460 200 
192 36 
200 200 
204 44 
216 204 
212 236 
200 40 
216 224 
232 36 
192 204 
236 244 
232 40 
204 204 
192 32 
228 236 
188 212 
464 192 
192 220 
216 244 
196 232 
284 220 
228 236 
212 192 
204 192 
248 316 
204 192 
196 192 
188 216 
216 512 
196 236 
204 232 
192 228 
156 228 
408 412 
192 200 
232 196 
216 512 
228 240 
236 232 
232 212 
324 196 
212 38056 
0 0 
0 0 
0 0 
0 0 
0 0 
0 0 
0 0 
0 0 
480 236 
192 216 
212 216 
200 212 
236 216 
236 216 
200 196 
220 204 
216 200 
228 192 
200 192 
200 212 
208 196 
200 200 
204 196 
192 240 
192 220 
204 192 
232 196 
272 208 
200 196 
220 236 
196 224 
200 200 
196 200 
212 208 
200 196 
236 196 
200 200 
232 200 
228 200 
188 204 
192 204 
240 240 
192 208 
212 244 
192 204 
196 208 
188 208 
184 244 
204 260 
220 192 
200 196 
232 196 
216 204 
192 236 
196 192 
260 216 
188 260 
204 188 
200 212 
220 460 
228 220 
240 244 
220 232 
192 192 
204 204 
192 192 
192 212 
240 204 
204 196 
192 192 
192 200 
196 224 
328 208 
232 204 
192 196 
188 200 
220 228 
236 200 
188 212 
200 204 
200 520 
196 200 
220 220 
196 192 
200 196 
208 676 
236 236 
228 236 
192 308 
212 192 
232 188 
188 192 
192 188 
200 196 
216 236 
208 208 
184 208 
196 192 
224 204 
196 232 
232 200 
200 196 
192 192 
212 220 
212 196 
208 216 
236 236 
232 212 
236 232 
232 236 
188 212 
244 200 
192 204 
240 212 
212 196 
212 196 
216 276 
224 200 
212 200 
200 196 
212 200 
212 188 
220 600 
648 208 
220 200 
192 192 
192 224 
220 204 
192 196 
192 200 
192 196 
192 236 
208 220 
200 196 
320 208 
192 260 
188 200 
192 196 
196 200 
212 200 
188 204 
192 196 
208 200 
320 196 
196 196 
208 212 
296 244 
200 192 
212 516 
208 228 
196 220 
248 244 
244 320 
236 236 
576 200 
192 236 
340 196 
232 200 
228 532 
192 196 
236 236 
232 356 
248 236 
216 236 
200 236 
196 256 
236 236 
192 224 
200 204 
196 224 
192 200 
224 208 
200 212 
196 200 
200 188 
204 200 
192 216 
204 204 
204 204 
200 196 
200 212 
192 204 
232 204 
192 236 
200 200 
196 200 
200 196 
196 200 
216 216 
232 220 
216 252 
200 224 
196 224 
200 216 
228 232 
188 208 
196 192 
232 192 
288 192 
204 200 
204 200 
320 208 
224 256 
232 232 
192 196 
220 192 
192 192 
220 208 
200 196 
212 196 
328 192 
468 204 
236 216 
216 208 
236 232 
232 244 
212 220 
236 236 
236 216 
192 240 
196 204 
212 240 
232 212 
212 236 
216 236 
232 356 
200 212 
216 236 
192 224 
208 196 
216 240 
236 240 
192 196 
196 196 
228 236 
228 232 
228 304 
236 236 
216 196 
208 192 
232 200 
188 216 
188 200 
208 196 
200 212 
236 212 
212 200 
380 236 
232 216 
232 204 
232 240 
232 200 
244 300 
196 196 
200 220 
192 216 
492 200 
216 236 
208 236 
192 236 
200 236 
232 196 
204 212 
304 188 
360 212 
204 192 
216 200 
224 216 
212 196 
212 200 
188 196 
216 212 
236 244 
236 216 
240 592 
288 192 
236 232 
216 264 
228 220 
232 652 
628 220 
248 212 
208 196 
236 232 
236 240 
228 236 
232 212 
192 236 
212 228 
208 240 
240 224 
232 240 
236 216 
192 424 
204 332 
188 204 
188 232 
284 216 
232 192 
332 196 
196 312 
236 272 
192 236 
188 192 
196 208 
224 200 
188 268 
192 196 
332 192 
276 192 
212 192 
212 580 
228 264 
244 212 
204 192 
208 192 
240 252 
196 196 
192 200 
200 204 
196 188 
188 224 
188 212 
232 232 
188 200 
188 200 
240 200 
208 236 
252 196 
188 212 
420 208 
220 236 
208 196 
304 200 
188 228 
216 252 
196 212 
244 220 
232 232 
196 192 
192 212 
232 204 
192 188 
216 188 
188 192 
192 236 
192 256 
188 240 
216 240 
232 236 
208 208 
204 200 
188 196 
208 200 
216 212 
204 276 
192 196 
188 200 
192 196 
204 228 
284 328 
208 196 
216 236 
188 196 
204 236 
192 192 
208 204 
216 272 
276 208 
184 196 
216 196 
236 204 
196 228 
324 232 
200 240 
228 192 
304 200 
204 196 
216 352 
192 196 
196 208 
224 192 
212 316 
212 288 
252 228 
228 232 
188 240 
248 244 
212 212 
192 280 
192 244 
236 196 
232 192 
184 220 
192 188 
192 208 
264 320 
208 248 
196 640 
188 192 
208 212 
208 216 
252 200 
216 208 
212 212 
196 208 
200 264 
248 232 
192 252 
192 192 
532 340 
188 204 
220 216 
212 212 
248 208 
396 212 
240 188 
212 208 
192 212 
220 212 
224 228 
204 208 
188 196 
196 204 
304 200 
216 264 
212 200 
208 208 
204 328 
244 188 
188 236 
228 236 
208 248 
192 212 
228 216 
216 216 
248 240 
220 280 
192 288 
232 216 
188 240 
232 240 
256 248 
228 192 
548 212 
248 192 
192 196 
208 212 
228 212 
208 192 
228 216 
204 220 
208 212 
208 232 
228 192 
236 412 
188 212 
232 212 
196 208 
208 252 
708 216 
200 196 
216 236 
228 228 
232 192 
192 220 
208 192 
192 192 
212 216 
224 188 
192 192 
232 212 
