# ./FR-trace starting at Wed Mar 18 17:38:39 2020
################# CONFIG #################
# slot=5000
# samples=10000
# threshold=100
# idle=500
# minlen=500
# runs=10000
# pdathreads=2
# nmonitored=2
#   monitor0=../apps/openssl ecp_smpl.c:933 0x1e3d58
#   monitor1=../apps/openssl ecp_smpl.c:940 0x1e39f3
# nevicted=0
# npdatargets=2
#   target0=../apps/openssl bn_lib.c:514 0x102f79
#   target1=../apps/openssl bn_lib.c:543 0x102fe5
# affinity=0
############## SYSTEM INFO ###############
# mastik_version=0.02
# sysname=Linux
# nodename=lovelace
# release=5.3.7-arch1-1-ARCH
# version=#1 SMP PREEMPT Fri Oct 18 00:17:03 UTC 2019
# machine=x86_64
################## DATA ##################
# run=7500
# datapoints=1113
36 36 
36 36 
36 36 
48 44 
240 420 
252 444 
460 456 
252 256 
212 528 
252 260 
220 252 
256 48 
456 424 
224 232 
252 256 
248 32 
256 260 
256 256 
260 40 
456 424 
256 256 
244 40 
412 36 
248 260 
248 260 
252 436 
464 420 
252 256 
256 252 
412 36 
504 256 
248 260 
460 36 
252 256 
260 252 
252 256 
456 260 
260 260 
256 40 
788 424 
252 256 
256 200 
452 36 
248 252 
252 264 
416 36 
260 256 
248 248 
416 36 
252 264 
256 252 
416 36 
256 264 
256 252 
420 36 
252 264 
252 260 
256 32 
260 264 
248 256 
420 36 
256 252 
252 256 
252 40 
248 252 
252 264 
416 36 
248 256 
256 260 
412 36 
248 256 
260 256 
412 36 
464 424 
252 264 
260 40 
456 420 
252 256 
252 40 
416 36 
260 260 
248 260 
420 36 
252 256 
252 256 
416 36 
252 260 
252 260 
416 36 
256 392 
260 252 
416 36 
248 256 
248 260 
252 36 
248 248 
256 256 
236 36 
416 244 
232 264 
260 252 
416 36 
252 256 
256 260 
416 32 
460 252 
256 260 
260 40 
440 420 
256 256 
256 40 
456 256 
252 256 
256 40 
452 416 
260 256 
300 256 
464 44 
260 256 
260 40 
424 236 
252 256 
256 260 
420 36 
256 256 
512 256 
460 36 
256 252 
248 44 
240 244 
248 260 
260 260 
416 36 
256 256 
776 256 
416 36 
252 252 
256 256 
416 36 
252 256 
256 252 
244 36 
460 428 
248 600 
256 44 
252 256 
260 252 
252 32 
592 420 
248 260 
256 256 
412 36 
260 256 
260 256 
416 36 
244 260 
252 252 
252 260 
256 252 
252 256 
416 36 
256 420 
252 264 
264 36 
424 468 
248 264 
260 256 
416 36 
252 260 
252 256 
416 36 
252 280 
252 260 
236 36 
252 256 
248 256 
264 44 
248 256 
260 252 
420 36 
248 260 
256 260 
440 36 
252 260 
252 252 
232 36 
460 424 
260 260 
256 40 
256 40 
256 256 
256 40 
460 420 
256 264 
224 252 
416 36 
252 252 
256 256 
252 48 
244 256 
256 256 
464 36 
256 256 
232 236 
260 44 
256 252 
252 252 
416 36 
252 256 
252 256 
248 36 
304 408 
252 240 
420 36 
256 260 
252 264 
256 32 
460 424 
248 260 
252 44 
700 260 
252 252 
252 36 
456 420 
252 264 
252 40 
416 240 
248 260 
248 268 
420 36 
260 256 
256 252 
416 36 
256 256 
256 260 
456 36 
248 256 
256 256 
248 36 
248 264 
256 256 
248 40 
456 420 
252 256 
252 256 
460 36 
256 252 
252 256 
216 36 
248 256 
256 264 
416 36 
252 264 
256 260 
420 36 
252 256 
252 256 
412 36 
248 256 
260 252 
244 36 
256 260 
252 256 
432 36 
256 252 
256 252 
416 36 
252 256 
252 260 
212 32 
456 420 
260 252 
260 40 
452 424 
256 260 
256 260 
252 44 
264 260 
252 40 
260 252 
228 264 
408 36 
256 260 
260 252 
416 36 
260 256 
260 256 
252 32 
452 420 
232 256 
248 40 
456 424 
248 252 
256 44 
460 420 
252 256 
248 264 
428 36 
232 236 
248 256 
252 40 
248 420 
244 264 
252 264 
456 36 
256 256 
328 44 
416 36 
252 264 
256 264 
416 36 
252 336 
248 248 
416 36 
456 424 
584 252 
252 148 
416 36 
260 264 
252 256 
416 36 
252 256 
256 252 
236 36 
860 424 
256 252 
260 188 
416 36 
248 260 
252 264 
412 36 
252 252 
252 252 
212 36 
248 256 
256 264 
420 36 
252 256 
260 264 
416 36 
252 260 
256 260 
416 36 
248 256 
260 256 
248 44 
456 428 
260 260 
248 256 
412 36 
252 260 
256 256 
460 32 
252 256 
260 256 
256 48 
252 256 
256 256 
416 36 
460 252 
256 256 
248 36 
420 468 
252 252 
256 256 
416 36 
252 252 
256 252 
216 36 
252 252 
248 256 
412 36 
252 260 
256 268 
244 36 
464 420 
256 256 
248 80 
420 36 
256 260 
260 252 
456 36 
252 260 
256 260 
416 36 
248 256 
260 260 
412 36 
256 260 
252 256 
416 36 
248 260 
248 256 
416 36 
456 420 
260 264 
256 40 
460 424 
252 264 
248 40 
456 420 
368 260 
260 40 
452 424 
252 264 
256 40 
712 460 
248 260 
252 260 
452 36 
396 560 
256 256 
244 36 
456 416 
252 256 
252 40 
456 420 
260 256 
256 44 
860 416 
248 260 
260 260 
456 36 
256 260 
252 256 
416 36 
252 256 
248 252 
420 36 
244 548 
248 260 
412 36 
260 256 
252 256 
420 36 
260 260 
256 256 
416 36 
252 260 
256 260 
448 32 
252 256 
252 260 
416 36 
248 420 
252 260 
260 44 
456 424 
244 264 
248 148 
456 36 
252 260 
248 40 
460 420 
252 252 
260 256 
416 36 
252 248 
252 264 
256 240 
460 256 
256 256 
248 44 
456 424 
252 264 
252 136 
416 36 
256 256 
256 260 
460 36 
240 260 
256 264 
416 36 
456 424 
248 264 
252 256 
416 36 
252 264 
252 256 
416 36 
252 260 
256 260 
460 36 
252 768 
252 264 
256 44 
252 260 
260 256 
256 40 
248 260 
260 256 
256 40 
452 428 
252 248 
256 44 
248 420 
368 260 
256 48 
252 256 
256 256 
240 36 
252 260 
252 256 
416 36 
248 216 
608 256 
412 36 
248 260 
252 264 
220 36 
260 252 
244 264 
416 36 
260 256 
260 428 
440 36 
252 256 
252 256 
420 36 
252 524 
252 240 
256 36 
248 252 
248 704 
248 32 
248 260 
252 260 
240 36 
252 376 
256 256 
252 36 
248 260 
256 252 
416 36 
256 252 
256 260 
416 36 
252 628 
256 252 
256 36 
452 416 
252 264 
252 44 
420 416 
252 256 
248 252 
768 40 
252 264 
260 40 
412 220 
260 256 
252 256 
212 36 
456 416 
256 260 
252 44 
460 260 
256 256 
244 40 
252 264 
252 252 
256 32 
248 260 
256 260 
256 32 
456 256 
248 260 
256 52 
456 424 
252 264 
252 40 
456 420 
252 256 
252 44 
416 424 
256 260 
256 40 
416 240 
260 264 
252 256 
456 36 
256 264 
248 40 
456 416 
260 260 
260 184 
420 248 
260 252 
256 260 
420 36 
260 260 
408 264 
264 36 
456 420 
248 260 
252 140 
420 36 
252 264 
256 256 
480 36 
788 420 
248 264 
252 44 
460 420 
256 260 
252 256 
412 36 
252 260 
252 256 
420 36 
256 688 
256 256 
244 40 
452 420 
220 240 
228 212 
224 220 
248 252 
216 224 
204 212 
244 228 
244 236 
228 236 
252 288 
224 236 
248 252 
456 424 
472 460 
460 464 
456 420 
228 256 
236 252 
256 512 
252 260 
252 260 
252 256 
252 256 
256 256 
252 256 
248 256 
248 248 
248 252 
252 256 
256 256 
260 256 
252 252 
248 252 
248 256 
452 420 
208 264 
412 464 
248 212 
204 216 
208 276 
252 256 
252 252 
248 256 
252 256 
244 256 
252 260 
232 256 
252 256 
252 252 
256 256 
264 256 
256 260 
244 216 
248 260 
252 216 
216 220 
260 248 
252 224 
248 256 
248 268 
260 256 
224 232 
256 264 
256 252 
248 256 
248 256 
212 260 
248 256 
256 260 
252 252 
256 256 
252 256 
388 260 
260 240 
212 216 
260 260 
248 256 
248 268 
252 256 
252 268 
248 260 
644 256 
252 260 
252 264 
256 264 
260 256 
256 256 
236 260 
248 216 
256 220 
252 260 
244 240 
236 256 
236 232 
248 256 
228 260 
232 212 
260 256 
252 232 
228 232 
220 256 
252 256 
232 260 
252 268 
248 260 
252 216 
252 256 
248 252 
256 264 
260 256 
252 260 
248 256 
244 260 
448 264 
232 252 
248 252 
252 260 
260 256 
252 252 
240 228 
248 256 
248 256 
252 260 
228 256 
256 256 
236 256 
252 248 
252 256 
256 264 
248 268 
252 256 
252 260 
252 252 
260 256 
252 260 
252 256 
252 260 
248 252 
252 252 
248 260 
260 252 
224 256 
256 260 
256 256 
252 256 
252 264 
252 260 
248 260 
248 256 
272 256 
232 252 
248 256 
252 268 
248 256 
252 256 
256 260 
252 260 
248 268 
248 252 
252 232 
256 264 
248 272 
264 256 
248 260 
260 260 
252 252 
256 256 
412 260 
252 232 
252 260 
256 264 
252 252 
260 256 
256 244 
244 256 
264 256 
212 408 
248 216 
248 228 
248 220 
252 256 
212 256 
228 260 
236 216 
252 256 
288 232 
364 248 
232 220 
232 212 
216 232 
228 260 
248 264 
232 232 
252 272 
212 256 
252 224 
248 260 
252 256 
248 256 
228 220 
236 260 
212 248 
248 236 
252 216 
212 228 
252 220 
212 216 
260 256 
260 236 
256 252 
216 252 
212 264 
260 256 
304 236 
252 220 
216 256 
248 256 
208 228 
212 252 
260 256 
256 260 
228 236 
264 260 
248 252 
348 256 
260 228 
204 244 
252 252 
264 252 
256 256 
248 252 
212 264 
208 220 
244 248 
252 252 
256 236 
232 252 
248 236 
212 252 
248 252 
252 252 
268 256 
248 256 
252 216 
216 348 
244 232 
252 252 
256 252 
324 256 
260 256 
256 228 
248 260 
236 252 
236 260 
244 232 
248 216 
224 236 
228 256 
256 256 
228 224 
252 264 
260 256 
464 220 
236 240 
208 256 
244 228 
272 220 
264 264 
208 212 
212 256 
228 252 
252 256 
248 260 
248 256 
252 252 
256 236 
256 264 
252 272 
248 212 
208 264 
252 264 
252 260 
252 264 
264 228 
256 232 
236 228 
252 232 
228 256 
248 260 
260 768 
248 220 
216 464 
248 236 
248 256 
236 252 
228 252 
248 212 
252 256 
256 256 
252 252 
252 256 
252 256 
248 256 
256 272 
248 232 
256 232 
248 260 
292 216 
244 252 
208 220 
260 260 
232 276 
204 240 
228 316 
232 228 
252 248 
224 252 
212 256 
248 256 
244 232 
208 256 
248 212 
228 260 
208 272 
252 256 
276 208 
216 256 
248 240 
208 220 
212 260 
388 256 
224 228 
212 216 
212 256 
256 236 
252 220 
252 252 
256 260 
248 252 
252 260 
248 228 
228 252 
248 256 
252 272 
256 256 
256 260 
256 256 
252 260 
252 676 
220 220 
248 248 
252 252 
252 252 
248 252 
396 260 
248 252 
252 256 
456 228 
252 240 
252 264 
248 256 
248 256 
252 252 
260 236 
248 260 
252 252 
724 260 
248 252 
248 252 
248 260 
256 256 
208 264 
216 240 
252 220 
252 256 
252 740 
252 256 
252 256 
256 256 
248 260 
252 260 
248 248 
224 212 
264 272 
244 252 
256 256 
256 264 
260 252 
252 256 
252 256 
252 256 
252 260 
248 256 
256 256 
256 260 
248 252 
248 256 
252 260 
248 252 
248 252 
248 252 
248 260 
248 252 
252 260 
252 260 
236 252 
344 264 
252 256 
240 248 
252 260 
252 256 
244 248 
256 236 
260 220 
240 252 
224 252 
252 260 
228 256 
244 264 
260 264 
248 256 
252 260 
252 264 
248 264 
256 256 
252 252 
204 244 
252 264 
248 220 
252 260 
256 252 
248 256 
256 216 
256 260 
252 256 
228 220 
248 236 
256 252 
252 256 
248 260 
252 260 
228 232 
232 232 
264 216 
244 232 
244 256 
244 256 
212 216 
216 236 
252 252 
252 268 
252 256 
504 256 
256 240 
256 252 
256 236 
252 232 
248 252 
260 248 
252 216 
248 260 
248 772 
248 272 
208 268 
260 468 
252 272 
248 264 
252 252 
252 252 
248 256 
252 560 
248 224 
260 256 
256 248 
224 236 
264 224 
248 264 
248 220 
252 208 
208 256 
248 252 
256 268 
264 256 
252 256 
256 272 
260 252 
236 248 
252 256 
248 260 
248 264 
252 260 
248 256 
260 260 
252 256 
244 256 
256 256 
248 248 
252 252 
212 252 
