# ./FR-trace starting at Wed Mar 18 15:24:00 2020
################# CONFIG #################
# slot=5000
# samples=10000
# threshold=100
# idle=500
# minlen=500
# runs=10000
# pdathreads=2
# nmonitored=2
#   monitor0=../apps/openssl ecp_smpl.c:933 0x1e3d58
#   monitor1=../apps/openssl ecp_smpl.c:940 0x1e39f3
# nevicted=0
# npdatargets=2
#   target0=../apps/openssl bn_lib.c:514 0x102f79
#   target1=../apps/openssl bn_lib.c:543 0x102fe5
# affinity=0
############## SYSTEM INFO ###############
# mastik_version=0.02
# sysname=Linux
# nodename=lovelace
# release=5.3.7-arch1-1-ARCH
# version=#1 SMP PREEMPT Fri Oct 18 00:17:03 UTC 2019
# machine=x86_64
################## DATA ##################
# run=73
# datapoints=1259
44 44 
228 228 
228 216 
228 196 
236 204 
232 240 
232 48 
228 240 
236 232 
232 192 
228 236 
228 144 
232 44 
192 236 
232 192 
236 236 
232 688 
232 236 
44 52 
196 232 
228 192 
236 192 
236 236 
236 44 
228 240 
228 236 
228 192 
236 232 
236 44 
196 236 
232 228 
228 196 
228 232 
228 48 
236 196 
228 196 
232 216 
232 236 
232 48 
196 236 
236 224 
236 200 
228 232 
232 48 
188 192 
228 188 
228 232 
232 236 
228 236 
228 48 
228 240 
188 200 
228 216 
240 196 
236 236 
232 44 
192 236 
236 192 
212 236 
232 228 
228 44 
216 236 
232 240 
252 196 
232 236 
228 48 
196 232 
208 188 
228 232 
228 232 
228 40 
200 236 
232 228 
228 192 
236 232 
232 48 
228 212 
236 196 
228 200 
232 236 
224 40 
192 236 
232 240 
228 200 
364 236 
228 40 
192 200 
232 196 
236 192 
228 232 
232 48 
188 240 
244 200 
576 236 
228 232 
44 44 
192 232 
228 192 
228 672 
236 240 
0 0 
0 0 
0 0 
232 44 
228 236 
236 232 
228 196 
232 232 
44 44 
228 232 
188 208 
228 228 
236 236 
232 232 
224 48 
188 196 
228 196 
228 236 
232 236 
224 44 
232 212 
236 192 
232 232 
236 64 
232 52 
232 200 
228 192 
236 232 
232 236 
236 52 
192 196 
236 240 
228 232 
228 48 
236 192 
192 232 
228 192 
696 232 
232 232 
188 52 
240 196 
232 236 
232 236 
232 240 
232 44 
188 212 
232 236 
228 236 
232 232 
204 44 
224 240 
232 236 
228 232 
204 232 
228 48 
228 236 
232 208 
228 196 
228 232 
236 44 
228 228 
244 196 
208 196 
236 232 
232 44 
196 224 
232 188 
232 200 
232 232 
228 44 
228 200 
236 196 
228 232 
228 236 
236 228 
232 48 
196 200 
236 232 
228 236 
368 232 
232 44 
212 244 
228 196 
236 236 
228 240 
232 44 
196 220 
228 192 
640 196 
228 236 
228 44 
224 240 
232 240 
228 196 
228 232 
228 44 
240 236 
232 196 
232 236 
228 232 
232 232 
228 44 
232 196 
232 192 
228 228 
232 236 
232 48 
192 196 
228 192 
232 196 
232 232 
232 44 
188 248 
232 236 
228 192 
228 232 
232 44 
208 192 
236 224 
228 188 
232 228 
596 44 
232 196 
228 240 
228 232 
232 224 
228 232 
220 40 
232 196 
228 192 
232 212 
228 228 
228 40 
236 192 
236 192 
232 240 
228 232 
228 40 
192 228 
236 236 
240 192 
232 240 
228 44 
196 228 
236 236 
228 192 
228 232 
228 256 
216 48 
196 228 
228 192 
228 232 
228 232 
228 44 
192 236 
504 236 
236 192 
212 216 
228 44 
196 236 
232 192 
280 196 
232 232 
232 44 
188 200 
240 236 
232 216 
232 236 
228 44 
196 236 
228 196 
232 188 
232 232 
228 240 
404 44 
188 196 
232 196 
228 188 
232 240 
228 44 
196 232 
232 220 
232 248 
660 236 
232 44 
196 196 
240 276 
236 196 
228 688 
228 44 
200 188 
196 228 
228 196 
236 596 
232 232 
192 48 
192 196 
236 232 
232 228 
228 232 
232 48 
196 232 
228 196 
228 648 
232 232 
188 48 
188 192 
236 192 
232 316 
236 236 
196 44 
232 192 
236 196 
232 208 
228 232 
232 44 
196 192 
236 224 
236 192 
228 232 
228 44 
196 236 
228 236 
228 192 
228 232 
228 44 
200 236 
228 200 
232 236 
232 232 
228 44 
196 192 
232 188 
236 196 
232 228 
232 44 
232 232 
232 196 
232 240 
340 232 
228 44 
200 236 
236 232 
212 196 
228 232 
232 44 
192 244 
236 192 
232 216 
232 240 
232 48 
196 240 
212 248 
228 196 
228 232 
228 44 
228 236 
232 220 
232 192 
232 236 
196 44 
196 216 
236 240 
232 240 
224 232 
228 44 
228 236 
232 232 
232 192 
412 236 
228 48 
196 236 
196 196 
232 232 
228 484 
232 236 
228 52 
196 236 
648 192 
236 232 
232 232 
232 48 
228 248 
232 192 
232 188 
232 236 
232 44 
196 236 
236 196 
228 192 
232 228 
228 44 
196 232 
228 196 
232 232 
232 236 
232 44 
192 232 
228 232 
228 44 
188 232 
228 192 
232 236 
232 232 
232 184 
196 40 
192 204 
228 204 
236 228 
228 236 
228 48 
224 236 
228 196 
232 192 
232 232 
236 48 
236 236 
232 236 
228 200 
232 236 
228 232 
228 40 
196 1096 
228 232 
248 196 
228 232 
224 40 
188 192 
232 192 
236 232 
232 232 
236 44 
196 240 
236 192 
232 232 
228 232 
232 52 
216 236 
212 236 
236 240 
236 236 
228 44 
192 232 
228 192 
228 196 
232 232 
232 44 
192 220 
188 196 
252 232 
228 228 
228 236 
236 44 
236 236 
232 252 
208 212 
192 208 
228 48 
196 236 
232 192 
244 188 
232 232 
232 44 
196 232 
464 196 
228 196 
232 236 
232 48 
192 240 
232 196 
228 196 
232 240 
232 44 
188 200 
232 236 
236 192 
232 236 
236 48 
184 236 
236 224 
228 192 
228 232 
232 44 
196 232 
236 192 
228 196 
232 232 
232 232 
232 52 
188 192 
220 192 
232 236 
232 232 
232 44 
196 236 
232 240 
224 196 
228 232 
224 44 
192 240 
232 232 
228 192 
232 236 
232 44 
196 236 
236 192 
232 1128 
232 236 
232 232 
236 48 
196 232 
228 192 
228 708 
232 232 
228 44 
200 200 
228 196 
228 228 
228 232 
232 44 
188 236 
228 244 
228 232 
232 232 
228 44 
196 232 
252 196 
228 192 
228 232 
228 44 
196 192 
236 236 
236 232 
212 232 
232 40 
228 196 
228 196 
232 212 
228 228 
236 48 
236 196 
236 236 
212 192 
232 232 
232 44 
188 200 
532 240 
228 292 
228 236 
232 232 
232 48 
228 196 
236 236 
232 236 
224 232 
188 48 
196 236 
236 240 
224 232 
472 48 
196 192 
232 188 
236 192 
232 236 
228 40 
228 236 
232 236 
228 204 
716 236 
228 40 
196 232 
232 192 
228 232 
228 232 
228 40 
216 236 
232 236 
232 204 
232 240 
232 48 
232 240 
244 192 
232 232 
228 232 
236 236 
188 52 
192 192 
236 220 
228 240 
232 232 
204 40 
196 232 
228 188 
228 572 
228 232 
228 44 
188 192 
236 192 
236 240 
232 232 
232 44 
224 236 
232 232 
228 192 
232 232 
228 40 
192 232 
228 192 
232 240 
232 232 
232 44 
192 240 
228 200 
232 240 
232 232 
232 44 
212 192 
232 196 
228 232 
240 188 
232 228 
232 48 
196 232 
232 236 
232 1092 
228 472 
228 232 
228 44 
212 188 
232 192 
232 240 
232 232 
232 236 
232 44 
236 232 
236 192 
228 200 
212 208 
228 40 
212 200 
240 196 
228 196 
232 236 
232 48 
188 204 
248 192 
228 588 
228 232 
228 44 
200 236 
232 192 
232 244 
228 232 
228 48 
196 228 
232 196 
228 196 
696 236 
228 48 
236 192 
228 196 
236 240 
228 236 
704 44 
188 232 
228 232 
232 232 
232 232 
228 44 
232 236 
192 236 
228 192 
228 232 
228 228 
232 48 
188 196 
240 196 
232 232 
232 240 
232 236 
236 40 
196 236 
228 208 
236 360 
228 232 
196 44 
228 236 
228 232 
228 232 
232 232 
196 48 
232 220 
236 192 
232 232 
232 232 
228 228 
236 44 
232 236 
232 236 
232 240 
232 240 
232 44 
232 192 
240 188 
232 244 
232 232 
232 44 
196 236 
228 1008 
236 232 
228 232 
228 40 
192 240 
236 236 
212 196 
232 232 
228 40 
240 200 
228 196 
232 240 
228 236 
232 44 
196 236 
208 204 
228 204 
224 232 
228 44 
188 200 
236 216 
236 192 
228 232 
232 44 
212 212 
200 200 
232 192 
232 196 
232 236 
228 44 
232 236 
236 196 
260 188 
1100 232 
236 232 
232 44 
188 196 
236 236 
228 192 
192 232 
232 192 
500 240 
192 196 
232 236 
228 236 
228 212 
228 232 
236 212 
228 212 
232 232 
744 44 
232 236 
192 196 
232 240 
236 240 
236 200 
188 196 
256 196 
228 232 
188 196 
236 192 
232 232 
232 236 
228 232 
232 200 
232 232 
232 232 
236 232 
232 232 
232 236 
232 232 
228 240 
228 240 
228 228 
228 232 
228 236 
228 232 
228 236 
228 232 
232 236 
196 236 
228 192 
252 196 
188 236 
228 232 
232 232 
228 240 
236 236 
228 192 
204 192 
228 228 
228 232 
192 192 
232 236 
228 236 
228 236 
236 232 
232 240 
228 232 
232 232 
228 232 
204 236 
232 240 
232 236 
232 232 
232 196 
232 232 
228 236 
188 232 
220 200 
212 212 
220 232 
232 212 
232 236 
232 228 
228 208 
228 232 
984 232 
236 232 
204 208 
232 232 
228 228 
228 232 
228 232 
228 236 
228 232 
232 232 
292 232 
224 208 
228 228 
228 232 
236 232 
232 212 
232 228 
232 236 
232 232 
524 236 
232 232 
232 232 
228 236 
232 232 
236 232 
228 232 
232 232 
232 236 
744 608 
236 232 
228 232 
232 236 
232 232 
232 232 
944 240 
228 236 
232 232 
188 676 
192 232 
236 232 
232 236 
228 236 
192 192 
232 232 
232 232 
228 236 
188 232 
232 192 
228 236 
232 236 
232 232 
232 236 
208 236 
232 232 
228 248 
228 236 
232 236 
232 232 
236 232 
232 236 
232 232 
228 228 
228 236 
228 240 
212 236 
232 232 
228 228 
268 236 
196 196 
232 232 
232 236 
232 236 
232 236 
232 236 
232 236 
228 236 
228 232 
232 232 
232 240 
208 232 
228 236 
232 236 
232 232 
228 236 
840 236 
232 236 
232 236 
236 240 
212 228 
228 236 
228 232 
228 232 
228 240 
228 236 
236 236 
228 236 
204 208 
232 228 
236 220 
208 216 
188 236 
188 228 
232 236 
236 236 
228 228 
232 232 
232 208 
232 192 
232 232 
228 232 
232 232 
232 244 
236 236 
236 232 
540 232 
208 228 
228 232 
232 232 
808 232 
204 228 
204 236 
216 232 
196 236 
236 408 
228 228 
232 232 
236 232 
188 240 
228 212 
232 192 
208 236 
232 236 
192 680 
212 192 
212 232 
228 228 
228 216 
208 212 
232 232 
232 224 
212 216 
236 228 
192 236 
188 232 
236 192 
228 196 
236 548 
188 236 
228 208 
188 220 
228 232 
320 208 
228 232 
228 236 
236 284 
236 236 
232 236 
232 232 
228 232 
232 236 
232 236 
236 236 
228 232 
232 232 
236 232 
232 236 
228 192 
232 232 
228 192 
224 232 
208 232 
228 232 
232 216 
508 232 
208 208 
232 240 
228 232 
200 220 
196 212 
192 232 
188 236 
232 236 
704 232 
228 216 
236 208 
232 232 
228 192 
192 188 
192 192 
196 208 
232 236 
192 208 
228 204 
192 232 
192 232 
208 232 
188 196 
208 232 
196 192 
232 232 
316 232 
232 212 
208 192 
208 216 
228 232 
212 196 
228 196 
192 200 
232 236 
560 232 
228 236 
232 196 
228 232 
228 232 
232 196 
232 232 
228 232 
228 232 
228 440 
196 212 
324 264 
232 232 
192 204 
224 204 
228 212 
224 192 
192 200 
324 308 
228 604 
216 212 
228 220 
196 236 
196 236 
184 232 
232 232 
576 232 
188 236 
188 236 
192 232 
192 224 
232 192 
232 232 
232 212 
232 236 
192 232 
188 192 
228 212 
196 240 
228 228 
232 236 
200 212 
208 228 
192 212 
232 196 
232 232 
212 192 
216 236 
208 188 
228 236 
232 232 
232 236 
232 236 
232 236 
228 232 
232 232 
228 232 
228 232 
228 232 
228 228 
208 212 
228 236 
212 212 
228 192 
192 196 
228 232 
228 232 
228 228 
232 232 
208 220 
228 236 
228 236 
236 232 
228 232 
212 228 
228 236 
232 228 
232 212 
208 216 
228 236 
228 232 
228 192 
232 280 
228 216 
228 236 
232 236 
340 244 
228 208 
228 228 
228 196 
228 232 
232 232 
232 236 
228 228 
232 232 
228 232 
232 232 
192 232 
232 236 
228 236 
228 232 
228 232 
228 232 
232 232 
232 456 
232 232 
232 232 
232 240 
232 236 
232 220 
372 228 
208 236 
192 192 
232 668 
280 216 
228 228 
236 192 
232 240 
188 232 
192 212 
232 236 
232 232 
228 192 
212 224 
232 236 
188 196 
228 228 
188 220 
188 224 
232 216 
236 236 
228 232 
228 232 
228 236 
224 196 
228 240 
236 244 
208 208 
228 232 
228 236 
232 232 
228 228 
228 232 
236 196 
368 232 
232 192 
192 232 
232 236 
228 232 
236 236 
236 232 
228 232 
232 232 
196 232 
208 232 
204 208 
232 236 
232 232 
232 232 
232 240 
224 232 
232 232 
232 236 
232 232 
208 236 
212 192 
228 232 
228 192 
236 232 
208 232 
240 232 
228 232 
296 228 
232 232 
228 244 
232 232 
212 232 
236 212 
232 196 
236 236 
236 236 
228 232 
192 196 
228 232 
232 236 
232 232 
228 236 
228 232 
192 216 
224 232 
616 400 
232 232 
232 232 
232 232 
244 236 
192 192 
228 236 
232 232 
212 232 
244 488 
232 236 
232 236 
204 188 
212 208 
228 228 
208 228 
208 232 
236 236 
232 700 
232 236 
236 236 
228 196 
192 236 
192 456 
228 236 
232 232 
232 232 
228 232 
232 232 
232 232 
232 232 
236 232 
212 232 
236 240 
364 244 
