# ./FR-trace starting at Wed Mar 18 16:16:49 2020
################# CONFIG #################
# slot=5000
# samples=10000
# threshold=100
# idle=500
# minlen=500
# runs=10000
# pdathreads=2
# nmonitored=2
#   monitor0=../apps/openssl ecp_smpl.c:933 0x1e3d58
#   monitor1=../apps/openssl ecp_smpl.c:940 0x1e39f3
# nevicted=0
# npdatargets=2
#   target0=../apps/openssl bn_lib.c:514 0x102f79
#   target1=../apps/openssl bn_lib.c:543 0x102fe5
# affinity=0
############## SYSTEM INFO ###############
# mastik_version=0.02
# sysname=Linux
# nodename=lovelace
# release=5.3.7-arch1-1-ARCH
# version=#1 SMP PREEMPT Fri Oct 18 00:17:03 UTC 2019
# machine=x86_64
################## DATA ##################
# run=2986
# datapoints=1009
36 40 
36 36 
36 40 
244 404 
196 200 
416 156 
192 460 
36 36 
212 192 
188 444 
212 396 
36 44 
212 220 
284 236 
412 44 
200 216 
192 192 
232 44 
192 356 
192 40 
236 212 
232 196 
196 52 
200 200 
428 44 
200 200 
208 240 
404 44 
212 212 
212 36 
240 216 
196 208 
208 40 
216 216 
396 36 
200 212 
236 44 
200 208 
308 240 
232 48 
232 196 
192 36 
232 240 
204 268 
192 36 
204 192 
188 40 
292 204 
248 196 
240 48 
252 212 
216 432 
232 204 
216 52 
196 40 
208 196 
252 32 
200 236 
208 196 
200 44 
216 216 
236 436 
200 204 
192 228 
196 40 
192 196 
408 36 
196 196 
228 52 
220 224 
200 236 
200 40 
208 196 
216 40 
208 196 
236 244 
188 40 
248 216 
192 44 
228 240 
196 212 
232 40 
200 196 
288 36 
216 216 
220 216 
204 48 
200 196 
436 36 
192 208 
196 44 
200 192 
208 232 
196 48 
200 244 
200 36 
232 224 
196 212 
232 44 
196 192 
192 432 
200 196 
196 116 
216 44 
192 228 
236 32 
196 196 
240 40 
192 40 
220 240 
212 432 
224 236 
236 52 
256 40 
220 220 
400 36 
196 220 
204 44 
208 44 
320 204 
220 36 
228 208 
192 232 
212 44 
240 212 
196 36 
232 216 
212 60 
188 40 
192 200 
540 36 
192 240 
220 48 
232 44 
200 212 
232 44 
216 216 
196 196 
212 40 
232 220 
400 36 
192 276 
236 40 
284 208 
196 192 
200 44 
208 200 
192 44 
240 196 
196 40 
232 44 
192 192 
192 48 
236 200 
192 44 
200 192 
200 204 
228 36 
196 192 
232 36 
208 272 
244 244 
196 36 
360 240 
312 40 
232 240 
244 340 
204 40 
240 244 
240 36 
196 216 
212 92 
232 40 
204 204 
200 36 
196 204 
240 40 
208 40 
236 296 
200 36 
240 216 
216 224 
216 40 
204 212 
196 44 
200 236 
228 224 
232 40 
220 216 
396 36 
196 216 
232 72 
200 40 
236 196 
212 36 
192 224 
192 44 
196 236 
212 200 
196 40 
212 240 
196 44 
240 192 
512 212 
208 44 
236 192 
204 40 
232 216 
200 208 
200 40 
236 240 
396 36 
200 200 
240 44 
192 220 
196 236 
236 48 
204 232 
204 40 
192 200 
196 200 
196 44 
196 200 
308 36 
328 276 
236 56 
196 228 
260 236 
192 40 
236 240 
200 40 
192 200 
196 236 
236 44 
224 220 
416 44 
228 236 
204 40 
240 280 
308 220 
228 40 
208 220 
220 36 
204 216 
228 268 
216 40 
220 208 
444 40 
236 208 
192 44 
208 196 
232 240 
224 48 
240 220 
212 48 
228 220 
212 44 
232 44 
216 212 
400 36 
220 236 
212 136 
188 40 
240 292 
236 44 
236 268 
236 40 
236 340 
192 252 
220 44 
208 208 
232 44 
192 324 
212 32 
200 236 
192 192 
284 40 
240 212 
200 40 
236 196 
200 192 
216 40 
192 192 
404 40 
212 236 
188 40 
220 220 
196 200 
196 44 
188 224 
200 36 
200 196 
244 168 
212 44 
192 248 
392 36 
204 216 
208 40 
204 200 
232 216 
200 40 
232 244 
192 36 
236 212 
200 208 
244 44 
192 216 
240 36 
224 224 
308 192 
212 48 
216 216 
192 36 
208 212 
236 240 
196 44 
760 328 
208 36 
216 248 
212 88 
212 44 
220 204 
400 36 
196 220 
236 40 
452 44 
200 200 
404 240 
212 316 
192 44 
200 216 
200 216 
244 44 
240 236 
200 40 
260 232 
188 200 
212 40 
192 204 
200 44 
196 220 
200 40 
220 240 
220 196 
196 44 
236 196 
236 40 
200 244 
196 40 
200 200 
196 280 
192 40 
200 200 
396 36 
216 204 
240 40 
220 224 
220 284 
196 40 
220 216 
396 36 
228 680 
192 64 
236 40 
212 196 
216 36 
200 220 
236 40 
196 228 
216 212 
228 40 
240 220 
200 44 
208 192 
228 200 
192 36 
240 220 
208 44 
208 216 
220 196 
204 40 
232 216 
252 32 
232 240 
204 240 
236 40 
192 224 
232 40 
196 316 
232 44 
312 236 
236 256 
240 40 
252 240 
408 244 
204 192 
232 48 
196 192 
240 236 
400 44 
244 200 
204 36 
196 244 
204 216 
236 40 
220 240 
196 40 
200 232 
236 196 
192 48 
192 196 
196 36 
240 236 
236 204 
188 44 
224 200 
196 36 
200 204 
468 44 
196 200 
236 316 
200 48 
196 196 
192 36 
216 200 
196 200 
236 44 
200 240 
452 44 
348 232 
240 48 
196 208 
192 204 
232 44 
196 196 
192 44 
192 200 
208 208 
196 44 
196 204 
236 40 
248 248 
236 40 
220 304 
240 236 
192 40 
196 200 
200 36 
196 272 
236 244 
200 40 
208 220 
396 36 
200 240 
212 100 
240 40 
204 736 
240 40 
204 240 
236 40 
236 232 
220 212 
224 36 
232 196 
200 36 
192 236 
196 44 
216 224 
244 236 
212 44 
216 212 
236 32 
200 232 
200 40 
196 216 
200 240 
188 220 
184 364 
196 200 
188 284 
228 196 
296 196 
232 220 
192 248 
232 268 
188 196 
200 200 
192 164 
396 400 
196 212 
192 196 
216 220 
192 204 
204 224 
200 200 
228 236 
192 232 
200 216 
328 196 
196 200 
228 224 
196 196 
232 232 
192 212 
196 196 
192 200 
232 200 
192 196 
232 32 
416 200 
236 196 
244 236 
192 240 
220 216 
208 260 
240 220 
196 200 
232 192 
216 212 
216 200 
236 244 
212 216 
236 216 
244 216 
376 196 
204 240 
232 208 
264 220 
252 212 
196 236 
204 228 
192 192 
208 200 
212 192 
212 240 
216 252 
212 216 
188 204 
220 640 
208 196 
212 192 
208 216 
212 240 
192 196 
204 220 
188 264 
236 216 
196 192 
196 212 
196 196 
192 204 
220 244 
196 248 
212 260 
192 208 
212 192 
204 204 
192 200 
296 236 
292 308 
196 540 
236 200 
192 188 
192 188 
212 236 
200 240 
196 232 
212 204 
232 232 
212 204 
232 344 
200 232 
240 332 
192 240 
200 224 
208 212 
204 244 
196 236 
204 196 
220 224 
232 200 
212 236 
212 212 
216 204 
188 192 
212 192 
192 212 
188 216 
196 236 
196 196 
216 196 
220 208 
228 200 
208 320 
192 236 
212 208 
200 200 
228 192 
188 200 
196 212 
200 200 
248 200 
228 200 
196 212 
248 472 
216 236 
604 204 
200 200 
220 224 
204 200 
228 196 
200 188 
196 196 
240 204 
204 204 
192 336 
196 192 
220 220 
196 196 
192 192 
200 228 
216 256 
240 244 
240 292 
340 236 
196 196 
240 284 
196 204 
232 404 
328 300 
196 336 
236 240 
232 200 
460 240 
188 224 
236 240 
232 196 
216 240 
236 256 
268 212 
220 204 
340 220 
192 240 
216 196 
288 220 
212 240 
236 240 
244 236 
236 268 
236 280 
212 196 
212 212 
200 208 
248 260 
300 256 
240 196 
196 196 
232 684 
344 188 
196 280 
220 192 
204 188 
232 212 
196 232 
200 232 
232 200 
204 212 
304 240 
232 252 
332 348 
236 212 
268 260 
208 200 
196 204 
232 196 
312 196 
240 232 
192 316 
372 200 
188 240 
216 196 
192 196 
204 196 
200 212 
216 192 
200 196 
196 192 
540 264 
200 308 
236 208 
188 200 
352 244 
192 192 
208 244 
204 212 
316 192 
236 196 
192 220 
228 192 
200 196 
192 196 
384 212 
236 196 
212 216 
228 196 
216 236 
264 300 
256 196 
220 228 
212 192 
192 192 
196 232 
328 232 
268 216 
196 192 
200 192 
200 200 
192 196 
216 236 
204 192 
192 304 
220 236 
964 252 
204 284 
200 196 
232 220 
188 280 
196 200 
236 192 
352 196 
196 236 
244 580 
232 244 
196 196 
196 220 
196 200 
236 240 
200 224 
188 236 
304 240 
208 260 
208 188 
236 216 
196 192 
196 248 
196 240 
208 208 
192 244 
208 204 
196 224 
340 192 
200 204 
216 232 
192 192 
212 212 
188 212 
192 208 
204 208 
188 196 
228 220 
212 204 
196 200 
208 200 
204 192 
192 196 
192 196 
232 216 
220 436 
196 204 
232 216 
216 436 
228 272 
200 232 
232 192 
216 252 
188 200 
200 188 
188 212 
200 196 
252 216 
192 200 
192 244 
312 212 
232 232 
208 188 
192 204 
192 192 
196 196 
200 192 
204 208 
236 192 
184 216 
208 236 
196 240 
512 188 
232 284 
240 216 
276 196 
192 220 
232 292 
424 232 
192 196 
192 344 
220 228 
232 260 
196 188 
188 340 
192 200 
188 196 
324 212 
196 196 
204 216 
216 208 
200 204 
192 212 
196 196 
192 200 
200 204 
192 244 
192 208 
208 196 
196 248 
200 188 
192 296 
212 244 
200 232 
320 232 
232 196 
188 208 
344 232 
312 192 
188 204 
208 228 
304 388 
208 232 
212 204 
192 228 
232 560 
204 188 
212 200 
208 216 
228 296 
208 212 
184 216 
212 208 
208 192 
188 220 
212 208 
192 192 
192 220 
240 188 
188 212 
204 240 
192 216 
204 196 
204 252 
220 216 
188 200 
228 196 
244 252 
200 192 
192 256 
212 204 
208 188 
188 212 
228 200 
236 228 
324 192 
200 192 
192 196 
232 196 
188 192 
228 236 
192 200 
192 296 
192 212 
268 292 
200 232 
196 232 
228 196 
188 252 
220 236 
192 208 
192 212 
204 192 
236 232 
204 208 
216 192 
212 196 
208 204 
248 212 
216 200 
244 212 
228 196 
228 220 
208 312 
232 196 
200 192 
184 188 
256 204 
196 224 
232 228 
308 288 
192 208 
192 228 
228 216 
204 204 
208 208 
192 208 
212 200 
188 216 
192 208 
188 200 
208 656 
192 228 
212 212 
196 192 
232 196 
204 196 
724 196 
192 228 
208 232 
228 212 
208 212 
192 216 
232 228 
208 212 
224 192 
208 216 
212 196 
188 192 
192 236 
208 212 
232 240 
224 196 
232 240 
208 192 
208 192 
192 212 
232 232 
208 188 
232 232 
196 192 
196 236 
196 192 
200 204 
208 192 
208 192 
188 232 
200 196 
188 212 
228 208 
192 252 
228 196 
192 192 
192 232 
260 232 
188 192 
192 196 
288 232 
188 192 
292 232 
228 192 
232 236 
232 236 
228 228 
196 316 
192 232 
232 232 
324 216 
232 196 
228 232 
484 248 
208 200 
208 224 
208 228 
208 192 
228 196 
192 212 
236 232 
212 212 
484 228 
192 204 
216 192 
208 192 
192 212 
208 196 
284 228 
212 244 
188 212 
216 212 
212 212 
228 232 
188 192 
192 232 
208 200 
212 192 
208 208 
192 192 
208 228 
228 212 
188 208 
192 232 
192 196 
188 204 
208 232 
192 192 
212 236 
224 232 
