# ./FR-trace starting at Wed Mar 18 18:02:22 2020
################# CONFIG #################
# slot=5000
# samples=10000
# threshold=100
# idle=500
# minlen=500
# runs=10000
# pdathreads=2
# nmonitored=2
#   monitor0=../apps/openssl ecp_smpl.c:933 0x1e3d58
#   monitor1=../apps/openssl ecp_smpl.c:940 0x1e39f3
# nevicted=0
# npdatargets=2
#   target0=../apps/openssl bn_lib.c:514 0x102f79
#   target1=../apps/openssl bn_lib.c:543 0x102fe5
# affinity=0
############## SYSTEM INFO ###############
# mastik_version=0.02
# sysname=Linux
# nodename=lovelace
# release=5.3.7-arch1-1-ARCH
# version=#1 SMP PREEMPT Fri Oct 18 00:17:03 UTC 2019
# machine=x86_64
################## DATA ##################
# run=8792
# datapoints=1581
44 44 
188 152 
40 48 
48 44 
44 60 
232 232 
196 232 
232 220 
236 196 
228 164 
232 240 
232 236 
196 236 
188 236 
236 192 
232 236 
236 240 
216 232 
216 228 
232 240 
540 228 
236 228 
40 48 
44 48 
44 48 
40 44 
40 44 
188 196 
208 232 
232 192 
228 232 
236 232 
232 160 
236 44 
228 228 
240 252 
240 196 
212 236 
236 40 
228 192 
192 212 
232 196 
228 240 
232 232 
232 48 
232 196 
232 196 
228 236 
228 228 
232 48 
228 764 
236 220 
228 228 
228 228 
380 44 
192 196 
232 224 
228 228 
232 236 
228 44 
224 240 
232 232 
228 196 
592 236 
228 52 
220 240 
236 252 
232 200 
228 236 
236 44 
216 236 
232 204 
228 204 
236 236 
236 48 
192 236 
236 192 
228 192 
228 236 
228 44 
232 240 
196 236 
236 196 
228 236 
228 228 
224 48 
232 680 
284 236 
228 228 
236 236 
232 236 
232 44 
228 240 
236 240 
228 204 
232 240 
228 44 
236 236 
232 216 
232 204 
228 228 
232 44 
192 240 
236 200 
492 236 
232 232 
228 48 
232 228 
192 228 
236 192 
236 204 
232 228 
224 44 
188 236 
232 196 
240 244 
228 228 
228 48 
196 240 
232 232 
236 244 
232 236 
228 48 
208 236 
232 216 
228 216 
228 236 
228 40 
192 236 
236 196 
236 196 
228 236 
208 40 
196 232 
188 192 
236 196 
236 232 
236 404 
232 52 
220 192 
228 196 
232 216 
228 232 
232 44 
224 228 
232 200 
236 240 
228 228 
228 44 
196 240 
232 192 
228 192 
228 236 
224 40 
236 192 
192 236 
228 192 
228 236 
624 232 
232 52 
192 240 
236 192 
232 232 
228 240 
232 44 
228 244 
228 196 
228 188 
228 232 
232 44 
232 200 
232 196 
228 192 
232 232 
236 44 
184 236 
236 196 
232 208 
228 228 
228 228 
192 48 
252 196 
232 196 
228 232 
232 232 
228 48 
216 236 
228 1028 
232 232 
232 232 
228 48 
188 196 
236 236 
232 228 
224 228 
228 44 
196 236 
236 200 
224 196 
228 228 
232 52 
188 240 
232 188 
232 236 
232 236 
228 44 
232 192 
232 196 
240 240 
228 228 
232 52 
228 192 
236 188 
232 192 
232 232 
236 44 
228 240 
236 192 
208 200 
236 240 
232 52 
192 1028 
232 200 
232 240 
232 228 
228 52 
236 192 
652 240 
228 196 
228 232 
232 44 
228 232 
192 228 
236 240 
228 196 
232 232 
232 56 
236 48 
192 228 
228 196 
232 188 
228 240 
228 44 
188 240 
396 236 
236 236 
232 236 
228 48 
196 236 
232 236 
232 204 
228 228 
232 48 
188 240 
228 192 
212 200 
228 228 
232 44 
188 196 
236 184 
228 196 
228 232 
228 480 
192 44 
192 188 
260 192 
228 224 
224 232 
232 48 
252 188 
236 188 
232 232 
232 228 
228 52 
188 236 
232 236 
228 232 
228 232 
228 44 
188 196 
232 192 
244 232 
228 240 
228 44 
188 240 
236 192 
232 188 
236 232 
232 44 
236 196 
716 196 
232 240 
236 244 
228 236 
228 232 
232 44 
192 232 
232 196 
232 228 
228 232 
232 48 
192 232 
232 192 
204 204 
0 0 
0 0 
0 0 
0 0 
188 208 
188 216 
232 48 
232 232 
204 232 
208 52 
232 236 
232 192 
236 196 
228 232 
232 48 
192 236 
236 196 
236 220 
236 212 
40 48 
228 232 
228 196 
232 196 
236 232 
228 44 
232 236 
228 196 
236 212 
228 232 
228 44 
240 188 
232 196 
232 228 
228 240 
228 52 
192 228 
228 192 
236 236 
236 240 
232 52 
192 236 
232 196 
228 228 
228 228 
640 52 
188 236 
228 196 
232 192 
228 232 
228 44 
236 200 
232 204 
236 196 
228 516 
228 44 
196 236 
236 236 
228 192 
232 232 
228 48 
196 236 
236 220 
228 200 
232 236 
232 44 
196 236 
236 240 
232 188 
208 208 
228 44 
228 196 
192 192 
256 200 
232 248 
228 236 
228 48 
232 192 
196 224 
232 200 
232 240 
228 44 
192 228 
188 232 
228 196 
228 228 
232 624 
228 48 
252 188 
232 192 
232 236 
228 236 
228 44 
232 240 
232 188 
232 240 
232 232 
228 48 
252 188 
236 192 
232 204 
232 236 
228 48 
224 236 
228 196 
208 192 
232 232 
228 44 
196 188 
228 192 
232 236 
228 304 
228 232 
232 44 
212 196 
232 192 
236 236 
232 232 
232 52 
816 232 
232 240 
236 236 
228 228 
228 52 
192 240 
232 240 
224 200 
228 236 
224 232 
228 44 
188 244 
440 240 
232 208 
228 232 
228 48 
192 200 
236 236 
232 232 
236 236 
228 52 
196 228 
228 196 
236 632 
228 240 
192 48 
192 192 
244 232 
228 372 
232 232 
192 44 
236 196 
232 192 
236 604 
1040 180 
40 44 
232 248 
228 196 
232 232 
232 232 
232 232 
228 44 
196 236 
236 240 
232 232 
228 228 
232 44 
196 228 
236 192 
236 232 
224 232 
232 44 
236 200 
228 196 
232 196 
228 228 
232 48 
196 236 
236 192 
232 204 
228 232 
228 44 
248 236 
236 192 
232 212 
232 232 
228 44 
192 188 
232 220 
232 232 
228 228 
228 232 
196 48 
232 236 
224 196 
232 236 
228 48 
192 240 
232 216 
228 236 
236 228 
208 232 
228 44 
200 232 
228 192 
232 244 
228 232 
232 44 
192 236 
192 192 
212 216 
228 228 
232 232 
192 52 
232 236 
232 192 
228 228 
228 232 
220 52 
192 196 
236 236 
232 204 
228 232 
232 44 
216 232 
232 252 
228 196 
444 228 
232 48 
196 244 
236 228 
228 232 
232 232 
228 232 
228 44 
196 192 
688 240 
228 228 
764 232 
232 44 
232 236 
232 192 
232 528 
228 232 
192 44 
192 232 
232 248 
228 232 
228 44 
192 240 
236 240 
232 200 
236 236 
232 48 
192 240 
232 192 
228 196 
228 232 
228 48 
236 196 
200 228 
232 196 
228 228 
236 228 
228 48 
228 240 
232 196 
228 200 
228 228 
228 48 
196 236 
232 196 
232 236 
232 232 
228 48 
236 236 
236 236 
224 196 
228 232 
228 40 
192 228 
228 196 
232 204 
228 236 
228 176 
228 48 
192 224 
244 196 
236 240 
228 236 
228 232 
192 44 
192 236 
236 196 
232 232 
228 236 
208 44 
232 196 
228 192 
236 240 
232 232 
228 44 
192 192 
236 240 
228 744 
208 208 
228 48 
188 196 
236 200 
228 192 
228 232 
232 48 
192 240 
232 192 
240 192 
228 232 
232 48 
236 232 
232 196 
232 192 
228 232 
228 44 
968 236 
236 200 
232 192 
232 232 
232 40 
196 240 
232 232 
236 240 
232 232 
720 48 
200 200 
232 236 
228 196 
236 236 
228 48 
228 240 
228 236 
232 240 
228 580 
228 236 
232 44 
196 244 
236 232 
228 200 
228 228 
232 44 
196 236 
236 240 
228 200 
228 232 
228 44 
228 236 
232 196 
240 236 
232 240 
228 44 
196 236 
228 196 
232 196 
228 232 
228 52 
196 236 
236 236 
228 232 
236 236 
228 232 
188 44 
236 192 
232 192 
232 236 
228 236 
232 228 
232 48 
192 192 
236 216 
232 232 
228 236 
228 48 
240 200 
228 196 
232 228 
228 232 
228 48 
236 192 
236 196 
236 204 
232 232 
448 40 
192 240 
216 196 
228 188 
228 232 
236 60 
192 196 
232 196 
236 228 
228 232 
232 236 
208 44 
244 200 
236 196 
248 196 
224 228 
236 48 
920 200 
228 252 
236 192 
232 212 
228 44 
192 200 
236 228 
232 196 
228 228 
228 52 
232 236 
196 224 
328 212 
236 192 
228 228 
232 232 
232 48 
200 188 
236 192 
236 192 
732 236 
232 44 
204 240 
236 244 
236 228 
228 228 
228 44 
192 48 
224 196 
236 192 
228 228 
228 228 
232 48 
360 232 
232 200 
232 196 
228 232 
228 44 
188 200 
236 208 
228 236 
232 236 
232 44 
224 236 
252 196 
228 192 
228 228 
228 44 
192 196 
236 236 
232 232 
228 48 
228 232 
192 228 
236 248 
228 232 
228 232 
228 48 
232 236 
236 192 
232 240 
228 232 
232 44 
236 196 
232 192 
236 260 
228 228 
432 44 
224 196 
236 196 
228 192 
208 228 
228 48 
212 232 
236 252 
232 192 
232 236 
232 44 
236 236 
236 236 
208 196 
232 232 
228 40 
192 240 
236 192 
236 192 
224 236 
228 44 
196 232 
344 220 
232 192 
236 240 
232 228 
236 48 
228 240 
232 212 
232 188 
276 232 
228 48 
236 188 
232 196 
236 236 
236 232 
232 52 
240 232 
236 240 
516 236 
228 240 
228 48 
192 236 
236 192 
232 200 
228 232 
232 44 
228 240 
740 196 
236 192 
228 232 
232 44 
184 236 
228 200 
236 232 
228 228 
228 44 
204 196 
236 224 
236 240 
228 236 
228 48 
232 240 
228 200 
236 196 
232 236 
232 52 
192 200 
236 208 
232 228 
232 236 
228 228 
232 44 
232 236 
232 192 
236 236 
232 236 
236 44 
196 236 
236 232 
228 196 
228 236 
232 48 
208 196 
368 240 
232 240 
228 232 
228 44 
192 240 
236 196 
232 192 
228 232 
236 52 
232 48 
240 236 
232 192 
240 228 
228 232 
228 48 
212 236 
228 196 
228 192 
228 232 
228 40 
196 224 
232 192 
232 212 
232 232 
208 44 
232 232 
196 196 
232 240 
228 232 
228 228 
228 40 
192 236 
236 236 
208 208 
228 228 
228 44 
192 228 
240 192 
232 244 
228 232 
232 44 
192 220 
240 196 
228 196 
228 232 
232 48 
228 228 
200 196 
228 192 
228 200 
516 1064 
228 40 
224 228 
208 188 
236 224 
236 240 
232 232 
228 44 
228 240 
232 196 
228 196 
232 228 
228 44 
196 240 
228 196 
232 236 
228 232 
236 44 
196 244 
236 240 
228 188 
228 232 
228 48 
192 236 
236 240 
232 196 
228 232 
228 44 
196 224 
232 192 
236 200 
228 232 
228 48 
228 240 
412 240 
228 200 
232 232 
232 48 
192 236 
228 200 
236 224 
228 236 
236 48 
228 232 
196 240 
232 232 
232 196 
232 236 
232 44 
232 236 
232 196 
312 236 
228 232 
236 192 
228 236 
228 40 
196 240 
232 196 
232 212 
232 232 
208 40 
196 240 
236 236 
232 192 
228 236 
232 44 
196 236 
232 236 
232 224 
208 240 
228 52 
196 236 
232 240 
228 192 
232 232 
228 44 
224 240 
236 236 
212 204 
232 236 
228 52 
228 232 
232 256 
228 196 
236 228 
228 48 
196 220 
236 192 
232 236 
232 232 
232 48 
196 212 
236 192 
232 196 
228 232 
552 48 
236 184 
228 244 
232 192 
228 236 
228 44 
232 196 
232 216 
228 240 
232 200 
232 232 
232 44 
220 244 
240 240 
228 196 
224 228 
236 48 
196 236 
232 192 
228 196 
228 232 
236 48 
236 236 
252 232 
228 228 
228 244 
228 232 
228 232 
232 240 
232 236 
232 236 
208 208 
232 232 
192 192 
216 188 
208 192 
232 236 
232 232 
300 192 
192 232 
232 240 
236 244 
200 200 
188 200 
236 240 
232 192 
192 232 
232 232 
232 196 
232 200 
236 184 
228 232 
232 208 
228 208 
236 192 
232 232 
228 1052 
232 232 
228 228 
228 232 
208 232 
232 232 
228 232 
236 240 
232 236 
228 228 
232 236 
228 232 
232 196 
212 204 
228 192 
192 228 
232 196 
184 196 
192 236 
228 228 
232 44 
196 200 
224 192 
228 524 
228 232 
188 208 
228 236 
188 228 
192 228 
232 228 
316 232 
232 212 
232 232 
236 240 
232 232 
228 228 
228 232 
228 236 
236 232 
224 376 
636 208 
228 192 
228 232 
232 232 
192 188 
188 236 
228 284 
196 192 
220 428 
228 232 
228 928 
228 228 
228 232 
228 228 
208 232 
228 228 
188 208 
188 228 
232 232 
196 236 
208 228 
232 236 
236 232 
228 232 
232 232 
236 240 
232 232 
228 232 
228 256 
232 236 
224 236 
232 232 
228 232 
236 236 
232 232 
188 196 
192 232 
228 224 
228 232 
184 196 
208 212 
188 200 
232 232 
192 236 
236 944 
236 232 
228 188 
232 196 
228 228 
228 196 
228 216 
228 232 
224 232 
228 232 
232 212 
228 232 
232 232 
224 228 
228 228 
208 232 
228 232 
224 200 
228 236 
228 228 
228 232 
228 236 
236 232 
228 236 
208 220 
228 188 
232 232 
228 228 
228 232 
192 236 
228 232 
228 236 
232 236 
232 208 
236 240 
188 232 
232 236 
224 192 
232 240 
232 236 
232 236 
328 240 
228 212 
232 236 
224 232 
236 240 
236 232 
236 236 
232 228 
236 232 
580 232 
232 236 
228 232 
228 236 
228 236 
232 240 
236 232 
228 228 
228 232 
228 444 
228 228 
228 232 
232 232 
232 236 
620 232 
208 220 
228 212 
208 228 
204 728 
228 232 
236 228 
228 228 
232 212 
184 188 
224 192 
228 208 
232 232 
196 228 
232 200 
228 232 
228 228 
232 232 
232 232 
192 192 
312 732 
228 320 
192 232 
188 208 
228 192 
208 228 
208 216 
236 208 
188 228 
236 212 
188 232 
188 240 
228 192 
232 228 
232 212 
236 232 
188 228 
232 232 
196 232 
232 212 
232 232 
228 200 
208 232 
232 232 
228 228 
236 236 
236 208 
228 220 
188 228 
244 192 
232 256 
228 192 
224 236 
188 328 
372 232 
208 232 
208 220 
188 192 
196 240 
192 232 
228 212 
204 192 
204 228 
236 552 
188 212 
204 208 
228 224 
232 236 
228 240 
228 232 
232 236 
228 232 
364 228 
228 208 
228 232 
224 232 
236 232 
228 232 
232 232 
192 236 
228 232 
236 684 
208 236 
208 220 
188 232 
192 212 
208 232 
232 232 
188 228 
228 212 
228 192 
228 232 
228 232 
228 236 
224 232 
188 232 
228 212 
208 212 
236 236 
188 228 
188 212 
208 208 
236 236 
212 212 
236 972 
232 200 
228 236 
232 240 
232 232 
228 200 
188 232 
200 212 
232 236 
228 236 
232 212 
192 240 
228 236 
208 208 
232 228 
228 212 
228 228 
232 232 
208 232 
228 208 
224 236 
232 236 
232 208 
228 188 
228 240 
232 188 
220 232 
188 232 
204 256 
196 196 
232 228 
232 200 
196 196 
708 200 
188 232 
184 200 
208 232 
188 192 
228 232 
212 192 
236 212 
192 216 
236 232 
236 212 
228 208 
232 232 
192 212 
192 232 
192 240 
232 212 
228 232 
228 232 
224 196 
188 212 
212 228 
192 212 
192 228 
228 212 
228 196 
232 232 
204 236 
228 236 
192 232 
400 212 
188 216 
228 192 
212 240 
808 228 
500 232 
228 196 
220 196 
236 196 
220 228 
228 208 
228 232 
228 228 
188 208 
228 236 
192 232 
228 228 
232 200 
232 480 
228 232 
196 192 
228 876 
236 232 
228 232 
228 232 
228 240 
228 232 
232 716 
196 236 
188 228 
232 232 
228 236 
228 228 
232 232 
228 236 
232 232 
232 192 
232 232 
228 236 
228 220 
228 232 
228 228 
232 228 
220 240 
232 240 
228 228 
232 232 
208 232 
232 232 
232 236 
236 232 
208 232 
188 208 
228 232 
232 192 
228 212 
232 236 
228 236 
228 232 
228 232 
228 232 
224 232 
228 236 
232 232 
204 212 
224 232 
224 212 
228 236 
232 232 
204 232 
208 212 
228 232 
228 232 
236 236 
232 232 
228 236 
228 232 
208 228 
196 212 
232 208 
184 236 
228 228 
228 216 
212 196 
228 232 
228 236 
216 236 
228 212 
724 236 
228 236 
228 232 
256 220 
232 208 
212 232 
228 236 
228 252 
228 212 
236 240 
192 192 
228 232 
228 232 
204 232 
232 308 
232 236 
476 232 
232 236 
188 228 
232 188 
188 228 
236 232 
228 228 
228 228 
232 216 
228 192 
228 236 
212 212 
228 232 
232 232 
228 232 
228 240 
228 232 
232 232 
228 744 
232 208 
228 228 
228 196 
228 232 
228 228 
232 236 
228 236 
224 228 
228 236 
208 232 
232 240 
228 228 
232 188 
208 228 
224 232 
228 232 
188 192 
216 188 
232 228 
208 232 
232 232 
232 232 
228 228 
220 240 
208 236 
232 236 
236 192 
232 236 
228 232 
232 236 
204 232 
232 236 
236 232 
228 232 
228 232 
204 228 
236 192 
228 200 
232 228 
228 232 
232 188 
208 208 
228 228 
208 220 
212 232 
228 232 
228 228 
188 232 
224 228 
188 312 
208 212 
232 240 
228 236 
236 228 
236 228 
228 232 
232 232 
228 232 
216 240 
224 252 
228 232 
236 228 
232 232 
232 232 
228 232 
232 228 
228 232 
228 548 
228 224 
228 196 
228 228 
228 208 
228 232 
228 228 
228 192 
192 188 
192 236 
228 232 
236 192 
232 232 
236 232 
228 232 
232 240 
