# ./FR-trace starting at Wed Mar 18 16:11:23 2020
################# CONFIG #################
# slot=5000
# samples=10000
# threshold=100
# idle=500
# minlen=500
# runs=10000
# pdathreads=2
# nmonitored=2
#   monitor0=../apps/openssl ecp_smpl.c:933 0x1e3d58
#   monitor1=../apps/openssl ecp_smpl.c:940 0x1e39f3
# nevicted=0
# npdatargets=2
#   target0=../apps/openssl bn_lib.c:514 0x102f79
#   target1=../apps/openssl bn_lib.c:543 0x102fe5
# affinity=0
############## SYSTEM INFO ###############
# mastik_version=0.02
# sysname=Linux
# nodename=lovelace
# release=5.3.7-arch1-1-ARCH
# version=#1 SMP PREEMPT Fri Oct 18 00:17:03 UTC 2019
# machine=x86_64
################## DATA ##################
# run=2681
# datapoints=975
36 40 
192 248 
280 428 
264 204 
256 324 
296 212 
236 40 
488 36 
192 240 
232 328 
44 32 
308 252 
204 268 
248 44 
308 252 
276 112 
236 40 
200 244 
208 36 
288 196 
196 208 
188 44 
196 204 
208 40 
248 208 
200 212 
236 40 
192 200 
304 40 
288 232 
192 224 
196 40 
336 248 
268 36 
284 240 
416 244 
268 40 
196 208 
204 32 
208 200 
344 40 
320 48 
440 244 
224 236 
264 420 
244 312 
196 44 
204 192 
216 36 
432 260 
320 36 
188 44 
256 236 
400 36 
200 216 
220 256 
312 44 
244 260 
244 36 
300 300 
324 40 
204 36 
248 220 
440 40 
256 232 
332 40 
364 208 
208 264 
436 36 
208 192 
236 40 
212 208 
220 200 
240 40 
204 200 
192 112 
208 36 
196 308 
512 36 
280 252 
192 72 
200 44 
216 232 
360 36 
196 212 
216 224 
196 44 
216 200 
196 32 
220 212 
192 40 
220 48 
236 200 
248 36 
196 216 
204 40 
212 244 
240 236 
232 40 
240 240 
284 48 
212 216 
216 212 
248 44 
232 200 
432 248 
216 212 
236 36 
240 336 
236 244 
440 44 
236 244 
192 44 
272 224 
220 232 
232 40 
232 244 
232 36 
220 236 
240 244 
240 44 
244 248 
504 44 
224 236 
220 260 
232 40 
212 192 
208 44 
232 240 
240 40 
232 236 
240 240 
196 40 
236 236 
232 48 
236 220 
228 44 
292 232 
220 236 
416 40 
220 652 
220 44 
236 212 
268 240 
208 40 
232 248 
212 40 
232 216 
228 40 
212 236 
216 240 
240 40 
216 220 
212 40 
236 236 
236 236 
236 40 
208 240 
208 36 
240 240 
232 44 
220 216 
236 220 
208 44 
216 212 
220 48 
212 216 
236 240 
216 36 
236 232 
404 36 
336 232 
244 232 
188 36 
216 236 
216 36 
212 240 
220 44 
192 236 
232 236 
444 44 
236 240 
196 36 
208 212 
240 196 
236 40 
232 236 
400 36 
208 216 
208 44 
196 44 
216 252 
396 36 
228 288 
236 240 
232 44 
196 240 
196 44 
236 244 
236 44 
220 288 
192 200 
236 36 
240 236 
208 44 
220 200 
232 40 
200 236 
528 240 
440 44 
196 192 
236 36 
188 236 
232 204 
444 40 
240 236 
192 40 
192 200 
236 436 
232 36 
240 236 
240 36 
216 216 
200 36 
236 48 
192 240 
744 36 
196 240 
200 204 
232 40 
232 240 
396 36 
232 548 
236 36 
192 236 
200 236 
252 48 
200 220 
184 36 
204 236 
192 92 
220 40 
192 216 
428 36 
216 228 
200 40 
232 236 
204 192 
236 44 
240 192 
196 48 
200 196 
204 36 
236 216 
196 216 
400 44 
240 240 
236 44 
240 196 
196 252 
192 40 
188 204 
236 40 
196 232 
220 192 
192 44 
240 196 
228 44 
196 216 
232 248 
232 44 
204 200 
208 32 
240 240 
236 200 
228 40 
240 240 
240 48 
240 236 
200 268 
236 40 
196 236 
312 36 
236 220 
396 196 
236 40 
216 236 
232 32 
240 244 
232 44 
308 208 
240 232 
444 44 
248 220 
724 44 
236 216 
200 196 
236 48 
232 192 
212 40 
208 196 
236 220 
212 40 
340 228 
192 36 
240 240 
232 40 
204 204 
200 236 
416 44 
200 240 
236 40 
556 200 
196 196 
192 40 
224 192 
196 40 
236 196 
240 236 
196 44 
232 236 
232 36 
200 232 
236 204 
240 44 
200 192 
196 36 
236 232 
236 44 
236 236 
240 636 
424 44 
208 232 
220 68 
216 40 
240 200 
220 40 
232 216 
240 48 
212 40 
240 244 
236 36 
228 204 
216 40 
232 224 
232 220 
236 36 
240 236 
232 40 
200 236 
220 236 
196 40 
236 200 
204 36 
212 240 
220 40 
200 36 
236 196 
236 40 
216 232 
220 216 
192 40 
236 240 
232 40 
240 236 
228 40 
212 216 
232 220 
208 48 
224 236 
240 40 
192 200 
200 200 
256 36 
236 212 
240 32 
216 216 
192 44 
228 48 
236 196 
440 40 
212 196 
228 36 
196 236 
228 200 
232 40 
232 208 
228 40 
232 240 
240 212 
232 44 
600 260 
232 40 
232 236 
200 232 
232 40 
216 196 
192 32 
320 228 
228 40 
232 236 
240 192 
396 40 
232 200 
204 36 
216 240 
236 240 
232 40 
240 224 
216 40 
240 196 
232 244 
620 44 
192 196 
196 36 
200 232 
196 48 
232 244 
240 240 
232 48 
200 224 
200 48 
200 236 
236 40 
240 40 
192 200 
196 40 
244 200 
236 40 
232 240 
236 400 
232 44 
232 196 
248 40 
240 236 
236 40 
216 244 
212 216 
196 32 
196 196 
200 240 
236 244 
224 40 
200 192 
236 200 
236 40 
232 212 
240 40 
236 196 
204 236 
236 48 
212 200 
440 44 
240 240 
240 48 
236 200 
196 244 
188 40 
236 192 
196 44 
236 240 
232 240 
420 44 
192 216 
212 40 
228 236 
236 236 
232 44 
196 220 
232 40 
216 244 
216 156 
236 40 
328 212 
232 32 
204 244 
320 260 
192 200 
228 240 
188 296 
328 192 
224 224 
208 200 
188 192 
236 196 
232 196 
188 188 
208 688 
276 244 
208 212 
200 224 
216 196 
196 196 
192 232 
240 216 
228 240 
236 212 
232 212 
236 192 
236 236 
208 240 
228 232 
564 680 
208 220 
216 336 
232 216 
240 236 
228 212 
232 236 
232 196 
420 416 
216 288 
188 328 
232 232 
232 244 
204 216 
216 244 
236 216 
216 236 
236 216 
244 236 
240 224 
220 216 
236 208 
228 200 
212 240 
404 236 
208 204 
204 216 
184 264 
236 196 
216 216 
240 192 
200 236 
236 228 
232 236 
248 236 
232 208 
188 240 
192 196 
188 240 
216 236 
200 208 
228 228 
276 192 
216 236 
232 240 
216 224 
196 216 
232 240 
232 216 
228 236 
236 236 
232 236 
232 236 
204 200 
244 200 
232 240 
268 236 
236 228 
196 332 
240 216 
264 236 
192 232 
232 208 
232 200 
204 220 
208 232 
212 196 
232 196 
240 192 
276 192 
236 212 
208 196 
232 200 
240 232 
192 240 
212 236 
236 228 
232 232 
236 192 
240 200 
212 232 
232 196 
212 192 
200 240 
204 236 
232 240 
376 192 
240 216 
228 236 
232 236 
204 200 
240 232 
264 328 
216 196 
188 232 
216 192 
212 212 
216 208 
196 188 
192 200 
232 232 
256 196 
240 192 
192 192 
228 688 
200 192 
204 204 
200 224 
240 196 
196 196 
228 216 
232 192 
236 212 
224 200 
196 216 
228 236 
208 240 
224 196 
196 232 
352 200 
228 196 
212 232 
240 280 
220 232 
236 292 
196 268 
240 196 
232 244 
236 240 
208 248 
236 240 
200 240 
236 236 
236 252 
232 240 
200 204 
552 232 
216 200 
188 232 
216 240 
240 224 
188 232 
240 200 
192 236 
244 224 
296 196 
232 244 
200 200 
236 196 
232 220 
236 240 
236 216 
240 236 
192 200 
232 196 
192 212 
244 232 
192 216 
212 192 
196 424 
228 196 
192 192 
212 232 
204 276 
228 208 
192 204 
192 188 
236 312 
316 496 
200 196 
272 320 
200 212 
192 192 
216 212 
228 200 
208 240 
196 224 
232 200 
200 232 
232 236 
236 196 
216 232 
236 196 
196 212 
232 216 
200 236 
200 224 
196 212 
192 220 
192 196 
636 216 
232 192 
196 200 
196 196 
316 240 
204 196 
208 196 
192 236 
336 236 
240 196 
188 204 
232 196 
196 236 
236 232 
236 236 
196 236 
228 188 
228 312 
192 688 
232 240 
360 236 
244 236 
212 324 
240 240 
216 240 
196 204 
244 204 
244 232 
288 316 
216 228 
216 408 
308 236 
192 192 
192 216 
212 228 
208 208 
232 220 
232 300 
256 232 
204 208 
320 196 
288 212 
196 216 
192 224 
192 224 
196 208 
240 236 
204 232 
188 208 
240 236 
236 236 
216 220 
232 192 
200 212 
244 220 
228 200 
216 236 
236 236 
212 232 
544 436 
232 228 
196 228 
232 200 
228 240 
232 244 
228 236 
244 200 
188 264 
208 192 
200 304 
232 208 
228 208 
188 244 
228 204 
236 192 
228 256 
204 192 
212 224 
188 220 
228 196 
236 192 
216 196 
216 192 
212 192 
192 220 
196 188 
332 200 
192 244 
192 300 
208 192 
208 204 
256 192 
188 208 
564 348 
196 192 
196 284 
188 228 
232 208 
204 1108 
188 208 
300 188 
236 240 
204 232 
208 196 
188 208 
200 208 
188 204 
196 244 
204 200 
236 208 
192 316 
188 272 
192 192 
216 208 
196 212 
200 228 
232 212 
192 192 
328 220 
240 212 
232 240 
192 196 
196 232 
196 220 
256 224 
228 236 
188 196 
188 236 
236 204 
240 240 
212 200 
196 244 
228 196 
268 208 
240 212 
240 192 
220 196 
196 212 
212 196 
204 196 
216 240 
192 188 
208 200 
368 192 
200 244 
192 228 
188 212 
616 196 
192 200 
196 216 
216 512 
212 212 
228 308 
212 236 
192 236 
192 208 
188 216 
192 232 
232 368 
720 200 
192 192 
208 212 
216 196 
216 228 
212 232 
196 212 
192 192 
212 212 
192 684 
188 188 
232 228 
196 216 
236 192 
196 188 
192 220 
216 348 
192 260 
240 200 
196 284 
312 196 
260 256 
192 220 
276 196 
204 200 
536 256 
572 216 
192 256 
196 284 
188 232 
192 220 
240 368 
216 192 
240 208 
216 216 
200 208 
196 196 
184 192 
184 412 
212 192 
392 240 
392 224 
272 192 
260 232 
192 216 
260 228 
248 232 
212 212 
216 256 
192 204 
216 196 
200 192 
216 208 
192 188 
188 484 
188 212 
196 200 
220 196 
228 232 
208 212 
192 216 
232 232 
204 224 
192 204 
212 532 
284 232 
192 196 
208 232 
232 196 
232 232 
228 240 
228 232 
208 208 
216 208 
184 236 
204 208 
228 236 
188 276 
192 232 
212 240 
188 232 
228 248 
204 248 
312 188 
192 196 
324 260 
436 212 
228 232 
200 196 
324 200 
192 196 
324 308 
236 236 
708 200 
212 236 
268 236 
192 192 
636 200 
208 216 
204 212 
680 228 
228 208 
188 240 
220 240 
292 232 
228 244 
332 388 
220 208 
188 196 
240 1112 
200 204 
272 216 
192 204 
188 224 
220 208 
216 196 
276 264 
504 240 
228 236 
228 232 
196 240 
204 208 
372 232 
208 204 
