# ./FR-trace starting at Wed Mar 18 17:58:12 2020
################# CONFIG #################
# slot=5000
# samples=10000
# threshold=100
# idle=500
# minlen=500
# runs=10000
# pdathreads=2
# nmonitored=2
#   monitor0=../apps/openssl ecp_smpl.c:933 0x1e3d58
#   monitor1=../apps/openssl ecp_smpl.c:940 0x1e39f3
# nevicted=0
# npdatargets=2
#   target0=../apps/openssl bn_lib.c:514 0x102f79
#   target1=../apps/openssl bn_lib.c:543 0x102fe5
# affinity=0
############## SYSTEM INFO ###############
# mastik_version=0.02
# sysname=Linux
# nodename=lovelace
# release=5.3.7-arch1-1-ARCH
# version=#1 SMP PREEMPT Fri Oct 18 00:17:03 UTC 2019
# machine=x86_64
################## DATA ##################
# run=8560
# datapoints=1205
40 196 
212 236 
236 192 
208 236 
196 200 
196 212 
652 228 
332 196 
188 212 
232 240 
324 192 
236 208 
204 244 
188 192 
196 208 
228 196 
196 192 
216 192 
208 212 
352 188 
196 200 
212 208 
192 192 
204 204 
232 196 
192 196 
192 1092 
188 208 
496 236 
236 212 
232 212 
208 192 
228 332 
200 212 
200 188 
192 1228 
196 212 
228 1184 
308 200 
204 192 
192 188 
192 228 
192 236 
188 220 
208 208 
208 328 
188 188 
228 208 
200 196 
216 232 
196 196 
188 192 
192 320 
224 192 
208 232 
644 192 
228 240 
192 200 
224 228 
188 188 
188 200 
232 232 
196 196 
228 232 
196 228 
192 236 
208 192 
208 236 
228 232 
208 208 
228 196 
212 196 
208 228 
200 192 
208 216 
192 208 
228 236 
196 208 
208 212 
208 212 
208 228 
208 216 
208 188 
228 232 
208 208 
184 204 
232 224 
260 216 
208 232 
228 212 
228 228 
208 212 
188 228 
208 212 
272 1260 
212 216 
188 228 
228 208 
228 204 
204 220 
228 212 
228 188 
228 232 
192 208 
208 232 
184 188 
188 188 
204 192 
232 224 
228 232 
188 192 
228 232 
192 252 
232 232 
232 228 
208 208 
232 240 
236 232 
236 232 
224 228 
228 212 
192 204 
188 212 
192 192 
204 368 
192 188 
228 192 
196 212 
744 232 
232 192 
188 192 
188 228 
188 232 
396 212 
188 200 
208 228 
188 232 
228 200 
228 228 
228 208 
208 216 
228 316 
220 188 
188 228 
220 228 
188 208 
200 196 
228 208 
1304 236 
196 224 
0 0 
0 0 
0 0 
0 0 
0 0 
188 212 
228 236 
216 724 
192 232 
216 216 
188 196 
196 192 
188 228 
188 208 
232 240 
196 212 
196 216 
196 192 
196 224 
232 236 
188 212 
192 236 
208 212 
232 240 
224 208 
228 236 
228 228 
232 240 
460 192 
200 192 
228 232 
196 204 
188 196 
232 208 
188 216 
232 232 
188 188 
208 192 
248 188 
208 212 
232 196 
188 192 
192 232 
196 224 
184 204 
188 216 
196 208 
228 244 
188 188 
188 232 
228 192 
216 188 
228 236 
228 188 
192 232 
204 196 
208 200 
232 232 
188 196 
192 228 
212 192 
228 232 
192 204 
192 188 
236 232 
196 188 
252 192 
232 232 
216 232 
152 48 
40 44 
232 204 
208 256 
236 188 
228 236 
216 44 
48 44 
212 232 
220 208 
188 192 
44 48 
188 188 
196 232 
228 48 
204 212 
228 228 
412 48 
212 228 
264 40 
208 192 
208 228 
40 44 
208 232 
228 212 
212 44 
208 192 
228 48 
208 204 
236 228 
188 40 
228 232 
196 48 
192 212 
232 228 
228 44 
232 232 
192 196 
208 44 
228 232 
224 44 
196 216 
208 208 
368 40 
192 196 
188 48 
228 232 
188 192 
216 44 
196 188 
232 44 
40 48 
192 192 
232 52 
192 196 
236 236 
228 40 
232 232 
228 44 
228 228 
228 232 
228 40 
228 232 
228 44 
228 232 
228 232 
236 40 
228 228 
228 44 
228 228 
196 192 
192 44 
228 192 
196 52 
228 232 
188 44 
308 964 
208 216 
192 44 
228 192 
188 48 
228 228 
208 232 
228 44 
208 240 
212 48 
204 232 
192 212 
228 40 
208 208 
212 44 
228 236 
228 212 
232 48 
228 228 
208 228 
228 44 
192 216 
208 48 
40 44 
208 224 
224 40 
208 208 
220 212 
236 52 
208 228 
224 40 
208 220 
228 212 
188 48 
220 208 
188 44 
428 44 
208 208 
236 44 
204 236 
228 228 
236 48 
196 196 
196 40 
204 208 
664 236 
192 52 
192 192 
236 48 
196 48 
228 940 
188 48 
228 236 
188 44 
212 216 
228 236 
228 44 
228 232 
188 44 
188 232 
188 192 
188 48 
236 232 
188 232 
228 40 
192 204 
188 44 
228 216 
232 208 
232 48 
192 192 
44 44 
196 192 
200 192 
232 48 
196 196 
232 48 
192 192 
220 228 
232 44 
204 212 
228 44 
184 188 
188 240 
228 44 
208 216 
248 48 
208 196 
228 192 
244 48 
224 220 
232 44 
208 212 
228 216 
228 40 
208 216 
208 48 
212 192 
232 232 
232 44 
204 216 
232 44 
208 216 
228 236 
228 52 
228 208 
208 44 
208 208 
228 232 
228 40 
212 232 
216 44 
204 200 
232 236 
236 40 
208 232 
204 40 
228 236 
232 212 
208 48 
228 232 
192 44 
268 212 
200 188 
236 48 
216 192 
44 48 
228 236 
196 192 
228 52 
212 192 
336 128 
216 192 
228 52 
228 196 
192 188 
224 44 
196 204 
232 48 
188 188 
196 192 
228 44 
232 196 
228 48 
188 196 
232 204 
200 44 
192 196 
228 48 
200 196 
236 232 
224 48 
228 232 
232 44 
192 232 
228 232 
232 44 
216 240 
308 40 
220 208 
228 232 
208 44 
236 208 
204 44 
224 204 
208 204 
48 40 
192 228 
1132 48 
228 232 
204 204 
228 44 
192 208 
212 44 
228 232 
228 48 
232 236 
208 184 
192 48 
208 192 
216 40 
232 236 
208 232 
232 48 
208 208 
216 52 
232 40 
216 208 
236 44 
212 216 
212 44 
212 240 
208 228 
228 44 
208 224 
228 48 
212 204 
204 220 
232 48 
204 208 
208 44 
224 208 
228 112 
208 44 
224 216 
236 52 
212 208 
228 236 
208 40 
208 212 
40 48 
192 212 
236 232 
204 48 
228 208 
212 48 
212 216 
220 228 
208 44 
208 232 
208 44 
208 208 
228 224 
212 44 
236 248 
204 52 
464 612 
228 208 
212 48 
228 228 
188 44 
228 232 
192 208 
208 40 
188 236 
256 44 
228 232 
192 216 
236 48 
196 192 
248 40 
228 188 
192 192 
40 44 
188 192 
228 40 
204 192 
232 44 
228 188 
192 232 
264 44 
192 232 
228 344 
192 44 
188 192 
228 48 
188 236 
228 48 
192 48 
232 232 
200 44 
188 224 
184 52 
208 48 
252 232 
236 44 
188 216 
200 44 
192 196 
196 232 
192 48 
216 184 
212 44 
208 216 
228 208 
220 44 
228 228 
204 44 
216 232 
212 212 
228 48 
232 232 
44 40 
220 216 
208 216 
616 44 
212 212 
216 44 
208 232 
232 44 
208 236 
208 216 
228 44 
204 208 
212 44 
228 212 
212 220 
228 52 
212 212 
224 40 
208 212 
212 312 
232 44 
208 208 
204 40 
212 192 
208 208 
208 48 
228 192 
236 48 
188 192 
228 40 
196 1080 
204 204 
236 44 
192 192 
232 44 
188 188 
224 236 
40 44 
228 232 
232 48 
184 188 
228 48 
188 232 
188 120 
188 40 
236 236 
228 40 
228 232 
232 48 
232 52 
236 232 
228 44 
228 228 
232 48 
232 904 
192 192 
236 44 
228 596 
196 44 
232 232 
228 192 
188 40 
228 232 
192 40 
228 208 
208 216 
212 48 
208 208 
208 44 
228 232 
228 284 
668 44 
208 216 
208 44 
216 48 
188 236 
228 48 
208 220 
232 188 
44 44 
208 236 
228 48 
208 212 
228 40 
200 208 
212 232 
204 48 
208 208 
228 44 
212 208 
212 240 
204 44 
208 216 
208 44 
248 188 
228 232 
208 44 
236 236 
208 44 
212 216 
208 44 
208 216 
192 232 
208 52 
240 188 
192 44 
188 188 
192 188 
204 48 
228 232 
192 44 
232 240 
188 196 
228 44 
232 236 
200 40 
264 236 
200 208 
228 44 
192 200 
208 48 
656 232 
196 48 
200 196 
188 200 
236 48 
228 216 
40 48 
188 216 
228 232 
1252 200 
196 208 
188 188 
192 320 
236 236 
196 212 
216 236 
192 356 
208 196 
224 200 
188 208 
196 220 
228 232 
192 468 
220 208 
208 208 
192 216 
228 220 
208 232 
228 212 
232 232 
232 212 
232 620 
208 220 
208 212 
228 232 
216 200 
208 228 
212 212 
232 232 
212 208 
216 236 
196 240 
196 200 
192 236 
208 208 
308 188 
208 208 
232 240 
208 212 
232 216 
208 220 
208 216 
228 232 
236 192 
228 228 
316 192 
228 192 
192 192 
244 232 
260 188 
192 228 
208 188 
208 232 
192 192 
228 200 
188 200 
236 196 
200 204 
228 692 
228 188 
192 192 
232 192 
232 232 
204 192 
192 188 
184 192 
212 232 
192 232 
296 232 
236 240 
264 240 
200 216 
228 232 
232 236 
1504 212 
228 216 
228 236 
208 208 
228 240 
208 216 
232 228 
228 224 
208 212 
216 208 
228 208 
192 232 
448 216 
228 212 
228 192 
192 192 
208 188 
228 232 
204 196 
212 240 
252 188 
212 212 
192 216 
208 208 
188 212 
212 192 
232 188 
220 212 
200 192 
200 200 
208 320 
284 192 
264 212 
192 224 
212 244 
200 196 
208 252 
188 208 
192 204 
192 192 
216 324 
192 192 
204 192 
204 196 
192 192 
192 200 
204 204 
188 200 
196 200 
224 192 
300 232 
200 192 
208 356 
188 188 
188 192 
240 240 
188 192 
264 216 
188 212 
236 216 
188 188 
244 188 
192 192 
464 236 
236 212 
196 192 
188 212 
192 188 
188 196 
196 192 
208 232 
184 192 
188 208 
208 188 
232 188 
192 224 
232 212 
208 212 
208 200 
204 200 
188 212 
220 224 
208 228 
208 188 
192 220 
212 224 
204 192 
228 228 
208 228 
228 208 
212 196 
208 228 
348 412 
220 232 
228 236 
236 236 
232 232 
352 268 
236 232 
232 192 
232 216 
332 228 
188 320 
192 192 
232 196 
232 228 
188 192 
232 232 
296 232 
188 188 
232 192 
260 208 
192 192 
316 192 
236 208 
192 236 
228 192 
196 220 
224 232 
188 216 
256 196 
188 192 
196 216 
216 192 
228 188 
188 188 
192 196 
228 196 
192 192 
244 188 
208 212 
228 232 
212 236 
228 228 
228 228 
212 212 
228 216 
204 200 
244 236 
228 212 
208 228 
228 228 
232 212 
208 236 
208 208 
228 208 
208 212 
228 236 
208 208 
204 216 
208 212 
228 208 
228 232 
208 212 
208 228 
232 212 
228 228 
228 208 
212 208 
228 212 
208 216 
228 212 
204 232 
228 264 
204 208 
232 220 
192 192 
220 228 
192 296 
208 192 
252 236 
188 208 
188 200 
196 236 
300 204 
192 192 
304 348 
208 216 
192 196 
192 212 
300 188 
212 212 
192 208 
188 188 
196 192 
308 236 
300 216 
188 188 
196 236 
216 192 
228 232 
188 232 
200 216 
208 192 
188 192 
196 228 
208 188 
232 232 
188 200 
192 216 
236 192 
208 212 
196 228 
208 208 
228 232 
204 196 
232 236 
228 212 
196 208 
208 212 
208 212 
212 244 
212 208 
224 228 
228 208 
204 232 
196 212 
228 236 
208 212 
208 288 
188 192 
228 196 
232 212 
212 208 
192 232 
204 216 
208 196 
188 232 
232 212 
204 216 
208 216 
208 216 
204 192 
192 188 
236 200 
344 228 
192 200 
212 208 
328 196 
244 192 
192 312 
192 200 
232 236 
188 192 
232 236 
232 232 
344 232 
200 192 
228 220 
232 232 
228 232 
632 196 
228 232 
188 236 
236 232 
196 232 
228 232 
188 196 
188 188 
228 204 
188 192 
196 236 
196 192 
196 192 
188 188 
192 188 
192 216 
208 236 
228 232 
204 212 
204 220 
188 188 
236 212 
188 208 
208 236 
1072 200 
232 228 
188 196 
228 196 
208 212 
188 188 
228 228 
188 188 
192 240 
188 228 
208 204 
232 232 
224 208 
192 192 
212 216 
192 200 
324 232 
204 1176 
204 196 
196 240 
208 188 
200 204 
188 188 
188 192 
232 208 
184 204 
188 184 
184 192 
244 192 
188 196 
204 204 
212 208 
192 200 
192 188 
188 200 
188 240 
220 208 
196 236 
224 228 
204 464 
212 232 
288 244 
208 192 
228 188 
208 188 
208 232 
200 216 
232 252 
1192 200 
188 192 
196 192 
184 200 
228 212 
188 196 
228 232 
212 216 
240 188 
208 212 
188 188 
208 192 
236 236 
188 204 
184 200 
208 208 
212 228 
228 244 
192 200 
196 232 
204 196 
188 188 
228 212 
216 596 
236 188 
200 192 
228 216 
204 208 
192 232 
204 212 
236 196 
208 272 
200 232 
204 196 
232 196 
208 220 
912 204 
184 208 
232 232 
224 192 
204 232 
204 212 
204 212 
196 328 
196 232 
200 188 
232 520 
192 200 
208 236 
188 196 
220 192 
188 188 
228 192 
188 208 
188 288 
232 196 
660 216 
224 228 
228 232 
188 232 
228 192 
196 192 
228 196 
188 188 
196 192 
196 228 
232 240 
196 204 
196 192 
236 192 
228 200 
204 204 
396 196 
208 208 
192 268 
208 232 
212 212 
232 212 
208 228 
232 188 
232 212 
588 192 
216 212 
204 228 
204 212 
188 192 
188 240 
196 232 
212 220 
228 228 
204 476 
228 216 
228 208 
192 188 
192 192 
188 188 
204 204 
228 232 
212 208 
284 232 
