# ./FR-trace starting at Wed Mar 18 17:01:44 2020
################# CONFIG #################
# slot=5000
# samples=10000
# threshold=100
# idle=500
# minlen=500
# runs=10000
# pdathreads=2
# nmonitored=2
#   monitor0=../apps/openssl ecp_smpl.c:933 0x1e3d58
#   monitor1=../apps/openssl ecp_smpl.c:940 0x1e39f3
# nevicted=0
# npdatargets=2
#   target0=../apps/openssl bn_lib.c:514 0x102f79
#   target1=../apps/openssl bn_lib.c:543 0x102fe5
# affinity=0
############## SYSTEM INFO ###############
# mastik_version=0.02
# sysname=Linux
# nodename=lovelace
# release=5.3.7-arch1-1-ARCH
# version=#1 SMP PREEMPT Fri Oct 18 00:17:03 UTC 2019
# machine=x86_64
################## DATA ##################
# run=5456
# datapoints=971
36 36 
236 228 
236 212 
200 248 
436 240 
196 204 
44 40 
236 236 
232 236 
228 40 
236 240 
232 240 
44 40 
232 232 
236 420 
236 44 
232 232 
240 40 
240 240 
232 232 
236 48 
236 236 
236 44 
240 628 
240 240 
232 48 
232 240 
232 44 
232 240 
232 244 
240 40 
232 236 
188 36 
240 236 
232 136 
232 44 
232 244 
232 36 
232 240 
232 40 
232 200 
240 236 
436 40 
244 236 
232 52 
232 236 
232 232 
236 40 
228 236 
236 36 
240 232 
232 40 
236 236 
232 240 
232 44 
232 236 
240 40 
228 240 
240 240 
240 40 
232 240 
236 248 
240 244 
232 40 
232 240 
212 240 
236 36 
240 232 
232 44 
240 232 
236 40 
236 240 
240 196 
236 36 
216 240 
236 48 
236 236 
228 240 
228 44 
244 240 
232 40 
216 236 
236 204 
224 44 
232 236 
232 40 
232 236 
236 40 
244 236 
236 236 
248 44 
328 240 
400 36 
240 240 
232 48 
232 36 
232 240 
244 48 
240 236 
236 48 
572 232 
236 240 
228 44 
228 244 
236 36 
236 240 
240 232 
244 40 
232 240 
240 48 
244 236 
232 44 
228 244 
244 240 
236 40 
232 236 
232 40 
240 236 
232 44 
236 240 
232 196 
196 44 
236 240 
236 40 
240 244 
232 44 
240 36 
236 240 
436 48 
232 244 
224 40 
232 232 
240 236 
236 40 
244 236 
228 36 
248 192 
232 40 
232 244 
232 236 
188 36 
228 240 
236 244 
236 48 
236 232 
396 36 
244 236 
232 60 
232 36 
232 244 
432 36 
232 236 
228 44 
236 244 
236 232 
236 44 
232 232 
400 36 
192 200 
240 216 
204 40 
236 240 
240 36 
228 240 
232 124 
236 40 
240 244 
236 40 
244 196 
216 44 
232 240 
232 240 
448 40 
240 232 
232 44 
232 240 
232 240 
212 44 
240 216 
236 40 
236 244 
236 244 
236 36 
244 236 
436 44 
236 236 
364 36 
240 220 
236 236 
244 36 
232 232 
236 80 
232 44 
240 236 
440 40 
564 236 
228 44 
232 236 
236 236 
436 44 
240 196 
236 44 
232 236 
228 232 
236 44 
244 236 
228 40 
232 236 
228 236 
232 44 
232 240 
236 32 
236 240 
236 128 
232 44 
232 240 
232 44 
240 240 
236 168 
228 40 
240 240 
396 36 
236 236 
228 40 
232 240 
232 240 
236 40 
232 232 
240 36 
232 244 
236 40 
244 236 
240 212 
240 40 
240 248 
240 36 
232 244 
236 232 
236 44 
240 236 
232 48 
232 240 
240 168 
236 44 
236 236 
240 440 
232 236 
232 232 
228 44 
244 236 
240 36 
228 228 
244 236 
232 44 
236 236 
216 36 
240 236 
228 40 
240 232 
232 240 
240 40 
240 240 
236 40 
244 236 
216 200 
236 36 
232 240 
252 36 
240 232 
236 44 
236 236 
236 240 
392 44 
244 212 
236 40 
236 236 
220 212 
228 40 
232 236 
236 36 
236 236 
336 36 
240 44 
232 232 
236 32 
236 244 
232 92 
240 40 
228 232 
236 36 
588 240 
232 44 
236 244 
232 236 
236 44 
232 240 
240 428 
236 236 
232 40 
240 468 
236 228 
232 40 
236 240 
240 32 
236 232 
232 40 
232 44 
236 236 
232 40 
236 244 
232 44 
232 252 
232 196 
236 40 
236 232 
236 36 
236 248 
236 64 
232 40 
236 236 
400 36 
240 236 
232 164 
232 40 
236 236 
236 36 
236 240 
240 44 
244 240 
232 36 
240 228 
236 232 
232 44 
232 240 
232 244 
240 232 
240 36 
240 240 
236 240 
236 36 
236 240 
232 40 
240 232 
228 244 
240 36 
232 236 
240 32 
240 236 
228 44 
232 244 
220 232 
232 40 
244 236 
240 32 
240 248 
232 56 
232 44 
244 236 
236 36 
216 236 
236 236 
232 40 
232 244 
236 40 
232 232 
236 160 
240 44 
236 240 
240 36 
240 236 
232 164 
228 48 
236 240 
236 36 
244 236 
240 40 
356 236 
236 216 
228 40 
240 236 
240 36 
228 232 
232 232 
240 40 
224 236 
644 40 
240 236 
224 40 
236 236 
232 244 
236 40 
240 208 
228 48 
228 232 
236 44 
236 44 
240 236 
240 36 
232 244 
232 36 
236 40 
236 244 
396 36 
240 704 
232 52 
236 240 
240 236 
232 40 
244 240 
232 44 
240 236 
232 232 
236 44 
236 240 
236 240 
240 236 
232 40 
240 236 
236 232 
232 44 
236 248 
400 36 
228 244 
240 240 
232 40 
232 236 
236 36 
240 232 
236 40 
236 40 
236 232 
392 244 
236 236 
196 40 
232 240 
232 244 
232 40 
236 236 
236 36 
232 228 
236 236 
236 40 
236 236 
400 36 
232 228 
220 44 
236 244 
236 244 
236 44 
232 232 
236 36 
232 244 
236 40 
236 40 
204 216 
396 36 
240 228 
236 92 
236 36 
240 244 
232 40 
228 240 
236 40 
232 216 
236 232 
232 48 
240 236 
232 44 
228 240 
240 232 
232 36 
240 332 
240 240 
196 192 
200 208 
260 252 
264 188 
260 216 
232 228 
188 224 
240 576 
224 200 
228 220 
396 404 
232 232 
232 236 
236 232 
236 236 
236 240 
240 520 
236 236 
236 232 
228 232 
236 236 
232 244 
228 240 
224 236 
228 236 
232 716 
232 236 
232 236 
212 212 
228 444 
412 232 
228 188 
232 232 
244 228 
236 232 
244 232 
236 232 
240 240 
240 236 
240 232 
240 236 
248 232 
232 240 
236 240 
228 240 
232 232 
188 244 
232 240 
232 372 
196 236 
228 232 
228 228 
236 232 
188 260 
232 216 
236 240 
236 240 
232 208 
208 232 
228 240 
248 232 
232 244 
236 240 
220 220 
228 236 
244 236 
236 244 
212 240 
232 236 
232 232 
232 236 
236 240 
248 236 
232 244 
236 236 
240 236 
208 212 
236 248 
212 236 
284 220 
236 240 
244 200 
188 236 
192 236 
456 236 
232 212 
232 232 
232 236 
232 236 
228 240 
232 236 
236 244 
232 236 
432 240 
236 196 
240 236 
236 236 
232 244 
232 236 
236 228 
232 244 
232 220 
712 232 
236 232 
232 240 
236 244 
236 236 
232 200 
232 236 
232 240 
232 232 
252 516 
228 232 
244 236 
232 228 
236 232 
232 228 
232 236 
232 236 
232 236 
232 748 
236 200 
228 244 
232 236 
236 236 
232 228 
232 236 
232 232 
236 236 
228 236 
236 236 
236 244 
232 240 
236 236 
240 240 
236 240 
240 232 
236 240 
228 240 
236 240 
236 236 
240 240 
240 240 
236 236 
236 248 
228 240 
232 240 
232 244 
240 252 
240 240 
240 228 
240 236 
236 244 
248 228 
240 240 
236 244 
236 236 
232 236 
244 232 
240 236 
232 240 
232 244 
208 240 
192 200 
224 244 
188 236 
208 216 
240 188 
212 212 
228 212 
232 236 
212 224 
232 240 
228 236 
240 240 
236 240 
232 236 
236 236 
232 232 
228 240 
232 220 
236 236 
236 216 
232 228 
232 240 
192 236 
220 236 
228 236 
424 240 
232 220 
228 228 
232 240 
236 236 
240 236 
232 236 
240 240 
228 228 
704 220 
232 236 
236 216 
236 200 
208 240 
196 236 
188 204 
196 196 
236 200 
204 204 
188 192 
220 196 
196 240 
212 192 
240 216 
196 212 
232 240 
196 220 
216 312 
200 192 
208 236 
204 192 
220 196 
200 228 
212 220 
200 236 
232 240 
540 200 
192 208 
196 200 
232 216 
220 200 
196 208 
232 200 
756 236 
192 228 
204 192 
212 316 
228 236 
232 236 
244 236 
232 236 
204 196 
232 240 
372 236 
224 232 
212 488 
208 212 
228 196 
236 232 
660 208 
196 196 
236 236 
228 260 
212 208 
204 280 
208 192 
192 204 
216 244 
232 196 
228 232 
216 188 
232 228 
212 208 
256 196 
204 212 
232 232 
228 228 
232 232 
208 212 
228 232 
228 236 
228 232 
208 236 
236 236 
228 232 
228 236 
240 236 
228 220 
228 232 
228 232 
228 232 
224 224 
224 232 
228 232 
228 240 
496 232 
228 240 
232 236 
228 232 
232 228 
232 228 
232 236 
232 232 
232 232 
700 232 
228 236 
228 232 
228 232 
232 232 
236 236 
232 232 
228 228 
228 236 
236 572 
228 236 
228 232 
228 236 
232 232 
232 232 
232 240 
228 232 
232 236 
232 232 
228 240 
212 232 
228 232 
232 236 
228 240 
228 228 
232 232 
236 240 
232 236 
228 240 
232 228 
232 232 
228 232 
236 236 
236 236 
228 228 
228 232 
228 232 
224 232 
228 232 
224 232 
232 228 
228 244 
228 236 
228 228 
236 236 
228 236 
232 232 
236 228 
232 232 
228 228 
232 228 
204 232 
236 228 
232 236 
228 232 
228 236 
224 228 
228 232 
232 228 
232 236 
208 232 
232 232 
228 232 
232 228 
224 232 
228 232 
228 240 
228 236 
228 232 
212 208 
228 232 
236 232 
224 232 
228 232 
228 232 
228 232 
224 228 
240 232 
228 212 
208 232 
228 232 
228 232 
228 232 
228 228 
232 232 
232 232 
500 236 
228 232 
232 236 
228 240 
236 236 
228 236 
228 236 
228 232 
236 232 
732 232 
228 232 
232 228 
232 232 
236 232 
228 232 
228 228 
232 232 
224 232 
228 620 
232 236 
232 236 
232 228 
228 232 
236 232 
232 236 
228 228 
228 232 
232 236 
228 228 
228 232 
232 232 
228 236 
228 232 
232 236 
228 232 
228 232 
232 232 
232 236 
228 232 
236 232 
232 232 
228 232 
232 232 
232 236 
228 232 
228 232 
232 232 
228 232 
228 232 
232 236 
232 232 
232 232 
228 228 
228 232 
232 232 
232 232 
236 232 
228 228 
228 228 
228 312 
208 232 
232 232 
236 240 
228 232 
236 232 
228 236 
232 236 
232 228 
232 228 
204 240 
228 232 
232 232 
228 232 
232 232 
228 232 
228 240 
236 236 
232 228 
212 208 
232 236 
232 232 
228 232 
228 232 
232 232 
232 232 
232 236 
272 236 
232 212 
228 232 
228 228 
236 240 
236 232 
228 232 
236 232 
232 232 
524 232 
224 228 
232 232 
228 232 
228 232 
232 228 
232 240 
232 236 
232 232 
228 392 
232 232 
228 228 
228 232 
228 228 
228 232 
232 236 
228 244 
228 232 
232 616 
228 232 
228 240 
236 228 
232 232 
228 232 
228 232 
