# ./FR-trace starting at Wed Mar 18 17:37:05 2020
################# CONFIG #################
# slot=5000
# samples=10000
# threshold=100
# idle=500
# minlen=500
# runs=10000
# pdathreads=2
# nmonitored=2
#   monitor0=../apps/openssl ecp_smpl.c:933 0x1e3d58
#   monitor1=../apps/openssl ecp_smpl.c:940 0x1e39f3
# nevicted=0
# npdatargets=2
#   target0=../apps/openssl bn_lib.c:514 0x102f79
#   target1=../apps/openssl bn_lib.c:543 0x102fe5
# affinity=0
############## SYSTEM INFO ###############
# mastik_version=0.02
# sysname=Linux
# nodename=lovelace
# release=5.3.7-arch1-1-ARCH
# version=#1 SMP PREEMPT Fri Oct 18 00:17:03 UTC 2019
# machine=x86_64
################## DATA ##################
# run=7423
# datapoints=1102
36 36 
36 36 
36 36 
44 40 
460 424 
256 216 
456 416 
560 420 
256 252 
244 36 
36 36 
40 36 
212 232 
252 256 
228 468 
44 40 
452 424 
252 236 
464 240 
36 36 
248 256 
236 260 
232 44 
224 272 
264 256 
248 44 
460 240 
248 256 
252 44 
452 424 
232 256 
232 44 
464 216 
256 224 
212 44 
252 424 
236 260 
252 268 
420 36 
232 256 
256 236 
240 36 
212 256 
248 236 
252 44 
260 264 
260 240 
240 36 
456 424 
260 260 
252 48 
412 424 
256 240 
308 252 
416 36 
224 416 
236 216 
220 104 
320 36 
236 268 
252 212 
432 36 
212 216 
228 256 
412 36 
208 224 
256 260 
212 620 
456 424 
216 260 
248 44 
420 440 
256 216 
260 216 
424 48 
252 220 
256 40 
428 420 
252 220 
216 160 
484 36 
252 256 
228 256 
256 36 
760 424 
252 256 
248 40 
460 236 
248 220 
212 40 
452 432 
212 256 
256 36 
452 420 
256 256 
252 40 
452 36 
260 264 
252 252 
416 36 
212 220 
228 252 
244 36 
452 424 
248 212 
220 252 
416 36 
248 252 
240 252 
832 36 
436 452 
212 260 
228 40 
440 424 
236 256 
216 260 
416 36 
248 264 
260 252 
472 36 
292 216 
232 236 
412 36 
260 224 
236 256 
416 36 
256 256 
224 236 
436 36 
252 332 
236 256 
228 40 
424 256 
252 256 
232 48 
252 232 
228 220 
228 36 
228 732 
248 260 
252 48 
236 256 
232 252 
252 40 
460 424 
240 260 
232 40 
660 424 
220 232 
232 44 
448 424 
256 264 
248 36 
432 416 
236 252 
252 144 
416 36 
236 256 
216 264 
416 36 
224 256 
252 244 
416 36 
236 240 
228 252 
236 36 
256 252 
252 260 
416 36 
232 256 
232 96 
416 36 
248 216 
252 260 
260 40 
256 256 
252 212 
416 36 
256 220 
252 240 
416 36 
252 256 
232 236 
492 36 
452 420 
252 264 
228 264 
420 36 
256 264 
260 256 
412 36 
256 232 
256 252 
416 36 
228 260 
248 236 
420 36 
232 264 
232 260 
416 40 
228 220 
212 252 
212 36 
244 256 
248 216 
424 36 
420 428 
256 256 
232 216 
416 36 
256 240 
252 256 
412 36 
224 212 
252 216 
436 36 
252 220 
212 256 
424 40 
252 264 
252 256 
424 36 
224 212 
260 228 
420 36 
432 420 
244 248 
252 40 
240 416 
248 264 
212 260 
628 36 
220 220 
724 256 
424 36 
456 424 
208 268 
212 44 
252 220 
244 260 
416 36 
252 264 
252 120 
420 36 
228 216 
248 224 
412 36 
252 240 
252 224 
204 32 
228 220 
252 748 
424 36 
256 252 
240 256 
416 36 
252 704 
228 256 
252 40 
256 424 
720 236 
256 140 
456 36 
296 256 
260 40 
456 420 
256 220 
260 40 
244 456 
256 536 
248 44 
464 420 
232 228 
256 256 
248 36 
228 260 
248 40 
256 256 
260 252 
416 36 
256 216 
260 232 
416 36 
228 252 
232 220 
412 36 
232 252 
248 264 
248 44 
252 236 
240 240 
416 36 
248 260 
232 256 
248 36 
252 240 
232 224 
440 36 
232 260 
232 260 
412 36 
212 236 
244 260 
484 36 
256 232 
252 256 
452 36 
256 256 
256 256 
456 36 
252 232 
248 36 
436 424 
256 240 
228 76 
424 48 
236 256 
252 52 
444 252 
252 264 
248 40 
456 424 
220 264 
252 44 
456 420 
244 236 
228 40 
452 36 
272 228 
216 40 
252 240 
252 260 
448 36 
232 252 
252 260 
420 36 
456 420 
240 248 
240 40 
432 416 
252 256 
228 44 
412 432 
364 276 
272 44 
208 464 
220 228 
252 48 
216 272 
296 216 
264 32 
216 224 
232 224 
756 36 
320 360 
240 284 
256 36 
216 224 
236 216 
436 36 
700 220 
216 44 
324 460 
256 264 
232 40 
212 212 
252 236 
228 44 
248 240 
252 256 
216 36 
416 428 
232 264 
252 44 
456 424 
212 248 
260 44 
256 220 
256 252 
248 420 
228 264 
252 220 
416 36 
216 220 
216 260 
420 36 
232 240 
256 224 
416 36 
248 220 
256 264 
420 36 
476 216 
212 264 
216 44 
456 420 
248 232 
236 232 
244 36 
224 260 
220 256 
412 240 
212 216 
228 256 
416 36 
244 260 
244 260 
412 36 
256 216 
248 260 
240 36 
216 216 
252 212 
416 36 
236 264 
232 240 
228 40 
208 256 
256 256 
500 36 
252 220 
264 256 
212 40 
468 260 
208 232 
212 44 
456 260 
256 252 
248 44 
428 256 
216 212 
236 36 
296 216 
224 264 
420 40 
212 216 
248 240 
416 36 
212 264 
252 272 
584 36 
636 256 
256 232 
228 44 
420 256 
220 260 
232 36 
420 424 
256 240 
252 240 
476 36 
444 420 
216 256 
252 44 
456 424 
252 256 
228 44 
460 36 
236 232 
248 644 
452 36 
216 240 
212 216 
424 36 
256 220 
232 240 
412 36 
256 256 
236 256 
412 36 
232 256 
256 256 
460 36 
404 256 
268 252 
452 36 
256 256 
212 40 
260 240 
212 256 
248 420 
416 464 
220 256 
248 236 
416 36 
252 260 
248 256 
436 40 
252 312 
236 40 
448 416 
220 220 
212 44 
456 36 
216 256 
264 256 
416 36 
220 236 
256 216 
452 36 
256 216 
208 232 
416 36 
256 236 
252 220 
416 36 
240 260 
248 216 
416 36 
436 256 
216 260 
216 44 
252 424 
248 256 
256 40 
236 304 
252 248 
252 36 
460 260 
212 252 
252 40 
400 464 
252 260 
208 260 
436 36 
252 220 
256 256 
420 36 
216 584 
220 260 
416 36 
216 256 
216 256 
416 36 
260 220 
260 252 
428 36 
256 260 
256 216 
212 236 
252 256 
240 232 
420 36 
248 224 
244 256 
416 36 
212 260 
232 264 
460 36 
252 220 
256 36 
460 420 
208 404 
252 252 
456 36 
220 216 
252 256 
412 36 
248 240 
252 220 
252 36 
452 424 
212 264 
232 36 
412 432 
388 224 
256 40 
420 416 
212 256 
260 232 
428 32 
452 420 
208 256 
256 176 
416 36 
256 256 
220 232 
416 36 
212 252 
212 256 
412 36 
228 236 
260 296 
452 36 
264 256 
252 44 
540 460 
228 260 
260 264 
412 36 
252 268 
216 236 
456 40 
220 256 
232 40 
420 460 
212 260 
212 228 
456 36 
216 264 
232 260 
420 36 
260 272 
308 248 
252 244 
252 256 
204 224 
212 256 
244 232 
232 212 
216 212 
208 212 
208 264 
240 232 
220 224 
208 196 
416 256 
456 416 
412 420 
232 216 
260 276 
232 224 
208 228 
256 216 
252 264 
212 264 
212 264 
260 224 
212 260 
256 216 
248 240 
256 256 
260 256 
256 264 
232 256 
216 232 
252 444 
208 228 
212 252 
452 440 
332 216 
216 260 
244 220 
212 216 
212 216 
256 248 
252 256 
248 260 
252 260 
248 636 
256 260 
212 260 
244 220 
248 240 
216 212 
212 240 
248 260 
416 256 
252 256 
236 220 
248 256 
248 212 
256 236 
256 248 
228 472 
256 216 
224 216 
216 256 
236 252 
248 248 
248 260 
252 216 
252 260 
252 252 
252 260 
248 268 
248 256 
252 260 
252 256 
208 252 
252 256 
208 256 
204 256 
264 260 
256 256 
228 260 
256 252 
252 252 
256 216 
252 260 
416 260 
228 256 
236 224 
252 248 
228 252 
232 252 
244 216 
248 248 
264 212 
232 264 
260 232 
244 236 
252 256 
224 264 
252 228 
264 248 
252 256 
256 264 
232 216 
248 252 
252 260 
252 232 
256 252 
248 252 
256 256 
248 260 
212 232 
248 260 
252 228 
224 260 
260 260 
212 256 
248 256 
232 236 
252 228 
304 224 
212 236 
240 220 
212 228 
256 260 
252 232 
232 224 
248 216 
252 216 
220 232 
252 444 
232 256 
248 220 
216 256 
248 256 
256 256 
252 252 
204 256 
248 252 
232 696 
252 268 
248 248 
220 248 
252 268 
248 236 
256 264 
260 264 
248 256 
252 232 
228 256 
248 264 
256 228 
216 260 
264 256 
252 260 
252 264 
256 256 
252 272 
256 268 
248 240 
252 256 
252 256 
252 236 
236 236 
256 260 
252 264 
252 260 
268 220 
212 260 
260 256 
256 264 
220 256 
240 272 
252 264 
252 240 
256 256 
228 292 
264 256 
224 260 
204 244 
252 224 
216 228 
236 220 
224 320 
208 232 
268 256 
248 248 
208 232 
248 224 
256 220 
228 232 
208 224 
212 256 
256 216 
228 212 
252 232 
260 260 
240 256 
252 280 
212 240 
212 256 
252 216 
248 256 
248 220 
248 260 
216 232 
212 220 
356 256 
220 252 
236 220 
232 220 
212 260 
220 256 
232 316 
232 216 
220 224 
604 256 
248 256 
208 272 
212 216 
208 212 
224 212 
228 236 
236 256 
208 208 
232 252 
252 232 
208 368 
228 216 
232 256 
228 236 
228 256 
232 232 
208 224 
232 732 
252 224 
216 268 
220 232 
268 248 
252 216 
212 216 
252 236 
208 244 
212 236 
248 212 
248 232 
252 224 
240 240 
212 220 
220 212 
220 228 
268 224 
256 248 
252 256 
228 220 
260 260 
252 212 
248 240 
276 220 
224 288 
256 260 
264 252 
208 216 
248 232 
216 252 
252 260 
248 264 
264 252 
232 256 
252 216 
212 260 
260 252 
216 256 
224 256 
224 212 
240 216 
232 220 
208 236 
228 240 
236 232 
252 208 
316 260 
220 224 
208 304 
228 212 
240 212 
224 212 
212 212 
368 228 
208 228 
256 232 
208 236 
280 232 
208 252 
248 268 
216 228 
248 284 
208 324 
260 220 
212 228 
244 224 
208 236 
232 224 
208 264 
248 232 
208 228 
208 232 
232 224 
208 232 
204 212 
528 232 
228 312 
208 232 
256 224 
208 208 
208 224 
372 504 
236 232 
208 212 
244 256 
216 216 
224 256 
248 216 
208 212 
208 296 
204 216 
232 252 
216 276 
708 248 
204 260 
228 220 
208 212 
260 332 
264 252 
248 232 
232 228 
252 260 
244 224 
248 280 
252 740 
216 216 
356 224 
224 232 
324 220 
252 212 
256 220 
224 216 
220 208 
256 244 
236 232 
208 256 
248 212 
204 224 
224 228 
220 292 
264 256 
284 252 
208 216 
208 240 
228 232 
212 208 
256 232 
252 228 
212 256 
244 260 
236 300 
248 252 
716 272 
244 248 
208 252 
248 224 
232 212 
220 224 
248 212 
204 256 
224 232 
232 232 
232 224 
264 220 
444 292 
260 212 
228 228 
208 212 
224 212 
240 232 
212 224 
228 252 
208 240 
248 584 
208 212 
240 232 
204 208 
228 252 
868 260 
208 256 
212 252 
276 216 
220 216 
248 252 
256 260 
248 252 
212 216 
224 208 
208 212 
208 216 
252 248 
352 312 
212 212 
248 216 
224 224 
244 216 
608 260 
220 216 
260 260 
216 224 
256 212 
240 296 
248 260 
228 232 
252 216 
252 212 
208 260 
216 220 
248 220 
244 252 
212 268 
252 252 
252 252 
204 248 
244 236 
208 240 
248 252 
212 252 
252 212 
252 252 
248 236 
248 320 
256 216 
256 220 
248 352 
204 252 
248 256 
248 252 
248 260 
248 252 
248 212 
208 256 
248 252 
248 256 
228 212 
208 264 
208 256 
280 248 
292 256 
252 212 
228 236 
204 256 
224 248 
248 256 
204 212 
244 296 
248 212 
244 212 
244 256 
208 296 
248 240 
248 212 
228 232 
248 264 
248 252 
228 232 
208 252 
248 208 
248 252 
204 236 
212 212 
244 212 
248 256 
248 224 
248 208 
248 256 
244 232 
248 248 
224 252 
212 216 
208 212 
248 244 
220 260 
228 216 
248 252 
240 212 
244 244 
204 308 
252 212 
248 232 
204 232 
220 212 
