# ./FR-trace starting at Wed Mar 18 17:06:30 2020
################# CONFIG #################
# slot=5000
# samples=10000
# threshold=100
# idle=500
# minlen=500
# runs=10000
# pdathreads=2
# nmonitored=2
#   monitor0=../apps/openssl ecp_smpl.c:933 0x1e3d58
#   monitor1=../apps/openssl ecp_smpl.c:940 0x1e39f3
# nevicted=0
# npdatargets=2
#   target0=../apps/openssl bn_lib.c:514 0x102f79
#   target1=../apps/openssl bn_lib.c:543 0x102fe5
# affinity=0
############## SYSTEM INFO ###############
# mastik_version=0.02
# sysname=Linux
# nodename=lovelace
# release=5.3.7-arch1-1-ARCH
# version=#1 SMP PREEMPT Fri Oct 18 00:17:03 UTC 2019
# machine=x86_64
################## DATA ##################
# run=5714
# datapoints=1810
40 240 
188 212 
232 228 
232 232 
192 240 
196 236 
204 232 
196 196 
232 236 
232 196 
196 232 
192 232 
232 196 
244 232 
232 228 
232 236 
224 192 
188 188 
232 248 
232 236 
236 236 
232 236 
228 220 
240 192 
228 232 
236 228 
232 232 
228 232 
232 232 
188 232 
236 216 
236 200 
228 232 
240 232 
196 240 
228 228 
228 228 
228 236 
236 236 
232 232 
228 236 
228 244 
232 232 
196 228 
232 236 
188 224 
192 232 
236 196 
232 204 
228 232 
188 232 
192 216 
236 236 
232 196 
192 196 
192 232 
236 228 
232 192 
228 232 
208 236 
220 236 
236 240 
232 236 
232 232 
200 396 
228 232 
232 232 
232 212 
264 232 
208 212 
232 232 
228 228 
192 232 
236 232 
232 216 
228 240 
228 236 
304 232 
204 192 
208 208 
228 232 
216 232 
236 232 
228 228 
236 244 
240 188 
492 316 
256 192 
228 232 
228 196 
224 212 
208 208 
228 236 
232 212 
228 232 
616 232 
228 192 
232 236 
232 232 
228 232 
228 236 
232 236 
232 232 
232 200 
228 464 
232 232 
228 236 
232 240 
228 236 
232 232 
228 224 
232 232 
228 228 
208 732 
228 232 
236 232 
224 228 
228 232 
232 232 
192 196 
228 232 
228 192 
232 232 
192 240 
228 236 
228 232 
228 228 
208 232 
216 212 
228 232 
196 232 
228 236 
228 232 
228 232 
236 232 
228 236 
232 232 
356 236 
232 228 
228 232 
236 236 
228 192 
232 232 
228 240 
228 232 
232 236 
228 236 
228 192 
232 232 
232 236 
228 212 
236 228 
208 232 
228 228 
228 228 
208 232 
232 228 
224 228 
228 236 
228 228 
188 192 
200 236 
232 232 
228 236 
208 208 
228 236 
228 228 
228 228 
196 192 
200 192 
236 228 
232 236 
232 232 
228 208 
228 232 
232 232 
228 228 
228 232 
228 232 
228 236 
232 232 
372 236 
236 208 
228 228 
228 232 
224 232 
228 232 
236 232 
208 188 
196 228 
728 212 
236 188 
248 240 
228 228 
228 192 
196 188 
232 240 
236 244 
232 192 
236 196 
236 192 
192 196 
232 232 
212 212 
232 232 
232 244 
224 188 
228 200 
228 216 
232 228 
236 236 
232 228 
216 236 
228 232 
236 236 
232 240 
236 232 
228 236 
232 236 
232 228 
232 236 
228 236 
228 236 
228 240 
232 228 
236 240 
232 232 
228 232 
232 236 
232 232 
232 232 
228 232 
232 240 
228 244 
236 240 
228 232 
236 232 
228 232 
228 228 
232 232 
232 232 
228 232 
252 212 
236 228 
188 236 
224 200 
228 196 
232 236 
232 196 
236 204 
216 240 
228 196 
236 232 
192 196 
224 192 
196 232 
192 192 
232 224 
192 196 
212 196 
236 232 
228 196 
192 192 
228 196 
188 588 
236 220 
236 232 
504 196 
224 196 
232 188 
188 192 
192 200 
232 192 
232 320 
232 208 
312 196 
396 192 
228 200 
232 240 
232 200 
228 200 
224 232 
236 192 
236 216 
192 236 
344 192 
236 236 
192 200 
228 260 
236 196 
196 236 
232 200 
204 232 
228 196 
236 236 
44 48 
44 224 
40 44 
48 52 
48 44 
208 232 
236 192 
232 244 
228 196 
224 228 
224 232 
216 200 
228 192 
196 232 
212 228 
228 196 
232 188 
232 232 
232 228 
192 228 
240 192 
228 240 
44 48 
44 44 
48 44 
44 48 
40 44 
192 200 
208 200 
240 212 
228 228 
232 228 
228 228 
44 44 
236 236 
236 196 
228 192 
232 232 
44 44 
228 232 
212 236 
232 236 
228 236 
228 240 
228 44 
192 240 
232 232 
232 196 
228 236 
232 44 
188 204 
236 236 
228 196 
228 228 
228 228 
232 44 
200 240 
236 228 
228 196 
208 208 
228 44 
192 236 
232 228 
224 196 
232 232 
228 52 
196 236 
236 192 
228 192 
232 236 
232 48 
228 232 
232 228 
232 216 
232 228 
232 44 
220 236 
236 232 
228 196 
228 236 
228 40 
188 192 
228 236 
228 232 
232 232 
196 52 
192 240 
228 192 
228 228 
224 228 
232 48 
196 196 
236 236 
236 224 
228 504 
228 48 
196 196 
224 196 
232 224 
228 228 
228 44 
228 236 
212 240 
228 200 
236 192 
228 232 
228 48 
188 244 
228 192 
236 240 
228 232 
228 44 
188 240 
236 196 
228 204 
224 232 
232 48 
196 236 
236 236 
228 196 
228 232 
228 44 
188 228 
232 192 
236 224 
228 236 
232 188 
236 44 
196 196 
232 224 
228 228 
228 232 
228 48 
228 232 
232 240 
228 196 
228 236 
236 48 
192 232 
236 236 
232 192 
232 236 
228 44 
192 200 
236 192 
216 192 
228 228 
228 228 
228 44 
232 228 
232 240 
228 228 
224 232 
228 232 
208 40 
192 236 
236 240 
252 200 
228 236 
232 44 
220 236 
232 236 
216 196 
232 212 
228 40 
220 228 
232 236 
228 192 
228 232 
232 44 
232 192 
236 236 
228 192 
228 232 
228 80 
232 44 
228 240 
236 200 
232 232 
228 232 
812 48 
188 240 
232 192 
228 228 
232 228 
196 48 
232 192 
236 236 
228 236 
228 536 
228 44 
236 196 
236 200 
232 240 
228 232 
228 228 
228 44 
208 200 
280 196 
232 232 
224 232 
232 44 
192 232 
232 196 
232 232 
228 232 
196 48 
228 196 
232 228 
228 212 
228 232 
232 44 
188 240 
240 236 
228 196 
228 232 
232 44 
184 236 
232 196 
228 196 
232 240 
228 52 
228 196 
228 192 
240 200 
228 236 
228 192 
236 44 
196 240 
232 240 
236 236 
228 232 
232 44 
196 236 
236 200 
228 196 
228 232 
228 40 
228 228 
232 196 
208 192 
228 232 
224 44 
192 236 
232 224 
236 236 
224 228 
228 48 
236 200 
192 216 
228 196 
228 228 
228 48 
236 236 
192 236 
228 240 
228 236 
224 268 
236 44 
192 196 
228 192 
232 192 
224 232 
232 44 
192 236 
236 192 
460 192 
228 212 
228 44 
188 240 
228 192 
228 196 
228 232 
236 48 
192 236 
692 244 
228 204 
232 228 
228 48 
228 232 
192 240 
240 192 
236 232 
224 232 
232 44 
188 232 
232 192 
228 228 
228 48 
192 200 
232 196 
236 220 
228 228 
232 44 
232 232 
192 228 
228 192 
232 232 
228 232 
228 48 
236 200 
232 196 
236 228 
232 232 
228 48 
216 236 
232 248 
232 188 
228 236 
232 44 
232 196 
232 192 
236 236 
228 232 
228 44 
212 240 
236 236 
228 196 
232 232 
232 44 
240 200 
232 240 
236 220 
232 240 
228 44 
192 328 
236 228 
236 224 
228 228 
228 48 
228 232 
232 188 
232 196 
228 228 
232 232 
208 40 
192 240 
236 196 
232 200 
228 228 
232 44 
232 236 
236 236 
232 196 
208 208 
224 44 
232 200 
260 192 
236 232 
232 224 
228 44 
192 240 
240 252 
232 196 
228 232 
232 48 
216 228 
232 236 
224 200 
228 228 
228 44 
192 232 
228 192 
228 232 
228 232 
228 236 
228 44 
192 232 
236 236 
260 232 
716 236 
232 44 
228 196 
236 200 
232 244 
228 228 
232 44 
220 232 
232 232 
232 196 
228 228 
228 40 
188 232 
236 240 
228 192 
228 232 
228 44 
200 240 
228 236 
228 192 
228 228 
228 44 
192 240 
192 200 
240 236 
228 232 
236 236 
236 44 
188 236 
236 196 
232 248 
232 232 
232 48 
196 236 
240 240 
236 236 
224 232 
232 48 
228 240 
228 188 
232 196 
228 228 
228 40 
232 236 
228 192 
232 232 
232 232 
228 44 
232 236 
236 204 
228 192 
216 232 
228 40 
196 200 
236 240 
232 216 
228 232 
228 48 
192 240 
232 236 
208 196 
232 236 
232 44 
228 196 
232 192 
236 236 
228 232 
232 40 
196 236 
208 200 
232 192 
232 232 
228 44 
228 236 
252 192 
228 196 
236 236 
276 48 
192 208 
236 192 
232 212 
232 240 
232 44 
192 236 
232 192 
236 252 
508 236 
232 44 
228 232 
240 192 
228 192 
228 240 
228 44 
192 236 
232 196 
708 484 
228 232 
228 48 
196 240 
236 232 
236 216 
232 236 
232 44 
192 236 
236 236 
228 200 
228 232 
232 44 
188 240 
236 240 
236 236 
228 244 
232 236 
228 48 
236 236 
228 228 
228 228 
228 232 
228 44 
224 240 
236 244 
240 236 
228 232 
228 40 
188 244 
224 192 
232 192 
228 232 
228 44 
232 236 
192 232 
232 200 
232 684 
228 236 
228 52 
192 192 
236 220 
228 228 
232 232 
232 48 
192 240 
228 192 
232 192 
228 232 
232 52 
228 228 
216 240 
232 188 
232 232 
236 48 
228 228 
232 228 
224 196 
228 240 
228 44 
212 236 
196 236 
228 192 
232 232 
228 264 
228 40 
196 240 
232 196 
232 212 
208 208 
236 48 
192 240 
236 192 
232 196 
232 236 
232 52 
188 236 
292 228 
236 200 
228 228 
232 44 
192 240 
232 232 
228 232 
228 236 
236 48 
192 232 
232 252 
228 232 
228 228 
228 48 
232 328 
228 236 
232 192 
228 232 
232 404 
232 44 
192 232 
236 204 
236 236 
228 232 
236 44 
232 236 
232 200 
236 228 
228 224 
232 44 
196 196 
236 232 
232 232 
228 232 
228 44 
184 232 
228 200 
236 192 
228 240 
228 48 
192 244 
236 192 
232 196 
224 236 
224 52 
192 236 
232 196 
232 196 
236 232 
228 48 
196 236 
232 192 
232 204 
228 232 
232 48 
188 236 
236 192 
228 248 
228 228 
232 48 
192 232 
236 240 
228 200 
228 228 
228 44 
188 236 
232 224 
244 236 
228 228 
208 44 
236 236 
256 196 
228 232 
228 228 
232 232 
192 48 
232 192 
236 200 
208 232 
228 232 
192 44 
228 188 
236 224 
228 232 
228 48 
236 188 
192 240 
216 196 
228 256 
228 236 
232 44 
196 244 
228 228 
236 232 
228 232 
288 236 
232 44 
192 240 
232 200 
228 232 
228 236 
228 48 
184 232 
236 192 
556 232 
228 236 
228 48 
196 236 
236 196 
232 192 
232 240 
228 44 
196 216 
236 232 
228 232 
228 196 
232 236 
228 44 
196 344 
228 196 
232 200 
228 228 
232 48 
188 232 
236 188 
236 236 
228 232 
232 44 
192 200 
232 236 
236 240 
228 228 
224 40 
192 188 
224 232 
228 196 
228 232 
228 40 
192 240 
236 240 
228 196 
228 232 
228 48 
192 240 
228 236 
236 224 
228 232 
228 232 
228 52 
228 196 
228 192 
236 224 
232 228 
228 48 
236 624 
232 236 
232 196 
228 188 
228 236 
232 44 
192 200 
228 192 
240 196 
228 232 
208 48 
208 236 
236 240 
228 192 
232 240 
228 44 
192 236 
236 240 
236 240 
208 232 
232 52 
236 196 
232 236 
236 196 
228 228 
228 48 
236 188 
192 204 
236 192 
228 228 
228 228 
196 48 
192 240 
228 192 
228 232 
228 232 
188 48 
200 188 
236 240 
232 192 
232 232 
236 44 
236 236 
192 240 
228 192 
560 232 
228 236 
228 44 
188 240 
236 232 
236 204 
232 232 
228 44 
192 232 
228 192 
232 208 
228 232 
228 44 
188 236 
232 240 
232 236 
236 236 
228 44 
196 228 
228 196 
236 196 
224 232 
232 48 
188 236 
236 200 
236 236 
236 252 
228 228 
228 44 
188 232 
236 236 
232 220 
232 236 
232 44 
188 236 
236 196 
232 248 
232 232 
232 44 
228 236 
236 224 
232 192 
228 236 
228 48 
192 240 
236 224 
236 200 
228 232 
236 48 
228 228 
232 208 
228 196 
232 228 
228 48 
224 228 
236 204 
228 196 
228 232 
232 44 
232 628 
212 240 
232 224 
232 236 
228 44 
216 228 
240 192 
228 196 
236 236 
228 48 
216 240 
232 236 
228 196 
228 228 
236 44 
228 236 
240 192 
228 192 
232 232 
224 44 
224 240 
236 236 
248 200 
228 228 
228 48 
196 236 
232 192 
352 196 
228 208 
236 48 
216 232 
240 240 
228 196 
232 228 
228 44 
236 232 
576 192 
228 196 
228 236 
228 40 
232 236 
232 236 
228 192 
232 232 
232 48 
188 240 
236 196 
224 196 
224 232 
192 40 
192 232 
232 236 
228 196 
228 236 
236 44 
236 236 
196 228 
232 196 
228 240 
228 232 
192 44 
236 192 
232 200 
232 232 
232 244 
232 44 
188 236 
240 228 
232 208 
228 232 
228 48 
228 236 
228 200 
232 192 
228 236 
232 52 
188 236 
236 192 
228 196 
232 232 
228 48 
196 188 
236 192 
236 236 
228 232 
228 44 
228 228 
236 196 
236 236 
228 228 
232 44 
192 196 
236 244 
240 232 
232 236 
232 48 
204 236 
244 196 
228 196 
232 228 
232 52 
188 228 
228 192 
236 240 
236 236 
208 44 
232 196 
232 196 
232 196 
232 236 
232 44 
220 236 
232 236 
232 248 
228 208 
228 44 
192 236 
232 232 
228 192 
232 228 
228 44 
236 184 
364 232 
228 208 
228 232 
228 236 
236 52 
680 192 
224 192 
236 240 
228 236 
608 44 
196 236 
228 240 
228 196 
228 232 
228 40 
188 240 
236 196 
236 240 
228 456 
228 44 
232 188 
236 216 
228 192 
228 228 
228 44 
228 200 
232 184 
240 192 
228 228 
232 44 
188 244 
232 188 
228 228 
228 228 
236 232 
192 44 
192 232 
232 188 
236 232 
228 48 
236 44 
236 236 
232 192 
228 196 
228 236 
232 44 
228 232 
228 236 
232 240 
232 216 
232 236 
228 44 
192 232 
236 192 
228 248 
228 228 
228 44 
188 236 
236 196 
236 256 
228 236 
232 48 
228 236 
236 236 
228 196 
228 232 
228 44 
232 188 
228 196 
208 192 
228 232 
236 44 
232 236 
228 196 
232 196 
232 236 
228 48 
216 556 
208 196 
232 196 
232 236 
232 40 
228 236 
232 196 
228 188 
232 232 
228 228 
228 48 
196 192 
228 192 
228 192 
228 228 
232 44 
188 240 
228 192 
360 188 
228 208 
204 232 
228 236 
228 232 
188 192 
236 248 
188 216 
196 188 
228 512 
232 236 
232 232 
192 240 
236 196 
216 188 
192 204 
232 236 
228 232 
192 196 
192 200 
236 192 
232 236 
232 208 
232 228 
232 236 
232 236 
232 232 
232 708 
232 236 
228 232 
232 232 
236 240 
228 228 
228 232 
228 232 
228 228 
228 236 
232 236 
228 228 
236 196 
192 236 
268 200 
212 232 
232 240 
232 232 
192 228 
232 200 
236 192 
192 232 
228 240 
188 236 
204 196 
228 228 
228 232 
232 236 
232 236 
236 228 
232 236 
228 228 
228 232 
232 240 
228 232 
232 232 
232 192 
236 240 
228 228 
228 232 
232 232 
228 228 
212 208 
188 236 
228 236 
232 228 
192 208 
188 228 
208 224 
188 232 
232 196 
204 200 
224 208 
192 228 
228 232 
192 232 
232 236 
200 228 
228 240 
232 212 
232 212 
232 232 
232 236 
224 228 
228 232 
232 232 
232 232 
196 236 
392 236 
228 204 
208 208 
228 192 
232 232 
228 240 
228 232 
188 188 
232 316 
648 236 
228 240 
228 200 
228 208 
228 236 
228 228 
232 188 
192 232 
196 192 
232 196 
236 240 
236 232 
232 232 
228 232 
232 232 
192 228 
232 236 
228 232 
228 744 
188 208 
192 192 
232 232 
228 232 
228 232 
208 232 
228 232 
232 232 
232 232 
208 224 
236 232 
232 236 
232 236 
228 236 
228 232 
236 228 
232 188 
232 232 
228 236 
228 232 
228 240 
236 240 
208 232 
232 236 
228 236 
232 232 
232 240 
232 236 
228 236 
228 236 
236 236 
228 232 
192 232 
232 236 
232 228 
228 236 
228 232 
228 232 
236 236 
228 228 
228 236 
208 228 
232 228 
232 232 
232 236 
232 240 
192 192 
188 236 
228 232 
228 472 
208 204 
228 232 
220 188 
232 232 
232 232 
224 228 
232 232 
208 228 
216 232 
232 192 
228 212 
228 232 
228 192 
208 228 
208 236 
224 232 
228 240 
212 236 
228 232 
208 232 
232 232 
232 212 
228 236 
188 192 
208 228 
228 240 
636 228 
212 196 
228 232 
232 232 
232 236 
188 192 
236 284 
232 232 
232 232 
188 228 
228 232 
228 228 
208 232 
208 188 
228 228 
236 232 
236 236 
232 228 
228 216 
232 212 
228 200 
228 228 
268 308 
188 232 
204 236 
224 232 
228 232 
232 228 
288 232 
192 192 
228 196 
188 212 
208 228 
216 232 
232 232 
232 232 
228 236 
228 236 
232 232 
232 232 
232 232 
260 232 
228 228 
228 232 
228 232 
236 228 
228 232 
228 224 
232 236 
228 232 
228 232 
192 216 
196 192 
228 228 
208 236 
228 228 
228 232 
224 232 
228 228 
216 228 
208 236 
232 224 
228 236 
228 240 
1032 236 
208 220 
232 208 
192 196 
228 228 
208 212 
208 228 
188 232 
232 236 
232 204 
232 212 
228 240 
228 232 
216 232 
228 204 
228 224 
228 232 
228 232 
236 236 
228 232 
232 232 
228 228 
452 220 
224 224 
228 232 
228 232 
228 232 
228 228 
228 232 
228 228 
232 216 
672 232 
192 192 
192 232 
188 192 
228 236 
232 200 
228 212 
232 200 
204 232 
228 228 
228 236 
208 14256 
0 0 
0 0 
0 0 
232 232 
196 236 
200 228 
232 224 
228 228 
208 228 
208 200 
208 208 
228 196 
228 208 
296 196 
228 228 
228 220 
208 228 
228 208 
192 228 
228 208 
204 204 
228 232 
208 188 
188 188 
208 192 
228 192 
232 232 
228 228 
228 232 
232 232 
208 204 
228 236 
228 228 
232 236 
208 228 
228 228 
228 232 
228 232 
232 232 
232 192 
232 236 
232 232 
348 192 
232 232 
232 232 
228 212 
228 192 
208 284 
228 188 
236 232 
232 232 
228 232 
228 236 
228 232 
228 236 
232 228 
228 228 
208 212 
228 232 
228 240 
228 232 
228 236 
232 236 
228 228 
232 232 
200 236 
236 212 
232 228 
232 228 
192 232 
228 236 
236 236 
236 232 
228 228 
456 232 
232 216 
228 232 
236 232 
236 236 
236 236 
232 232 
228 228 
228 228 
676 228 
248 188 
228 244 
228 228 
232 232 
232 232 
236 232 
228 232 
228 212 
228 192 
228 232 
228 232 
228 232 
188 200 
184 192 
208 236 
228 232 
228 236 
228 236 
232 244 
232 232 
196 196 
196 208 
232 236 
228 208 
228 236 
228 240 
228 236 
232 228 
228 216 
192 232 
196 232 
632 228 
228 220 
228 220 
228 236 
228 232 
204 236 
228 232 
232 232 
188 216 
232 200 
212 188 
208 232 
188 232 
192 192 
228 232 
232 232 
232 236 
228 200 
232 228 
232 232 
228 196 
196 208 
200 212 
236 240 
232 232 
188 232 
228 240 
236 240 
212 228 
224 188 
228 228 
228 212 
204 236 
232 232 
228 208 
228 232 
548 232 
204 196 
224 228 
232 236 
188 192 
224 232 
228 228 
228 240 
228 232 
232 236 
228 208 
232 228 
232 240 
236 236 
208 228 
228 236 
232 232 
232 236 
488 232 
232 236 
232 232 
236 236 
232 236 
232 232 
236 188 
232 236 
228 232 
704 232 
228 236 
236 236 
236 236 
232 228 
232 240 
228 232 
228 228 
232 196 
228 584 
232 228 
228 228 
228 228 
228 232 
