# ./FR-trace starting at Wed Mar 18 17:39:14 2020
################# CONFIG #################
# slot=5000
# samples=10000
# threshold=100
# idle=500
# minlen=500
# runs=10000
# pdathreads=2
# nmonitored=2
#   monitor0=../apps/openssl ecp_smpl.c:933 0x1e3d58
#   monitor1=../apps/openssl ecp_smpl.c:940 0x1e39f3
# nevicted=0
# npdatargets=2
#   target0=../apps/openssl bn_lib.c:514 0x102f79
#   target1=../apps/openssl bn_lib.c:543 0x102fe5
# affinity=0
############## SYSTEM INFO ###############
# mastik_version=0.02
# sysname=Linux
# nodename=lovelace
# release=5.3.7-arch1-1-ARCH
# version=#1 SMP PREEMPT Fri Oct 18 00:17:03 UTC 2019
# machine=x86_64
################## DATA ##################
# run=7534
# datapoints=973
36 36 
48 32 
196 240 
228 244 
236 200 
212 196 
120 36 
40 40 
232 244 
228 216 
476 48 
224 196 
216 240 
216 40 
236 224 
240 212 
216 44 
200 236 
216 44 
240 196 
240 40 
208 236 
232 248 
244 40 
236 248 
236 40 
192 232 
240 232 
268 48 
232 220 
236 32 
244 212 
300 200 
540 44 
240 196 
232 32 
200 236 
508 52 
200 44 
192 200 
200 36 
240 200 
236 240 
236 40 
240 236 
236 40 
236 236 
236 196 
432 40 
236 196 
232 40 
216 200 
196 64 
340 40 
232 196 
404 36 
220 232 
196 140 
240 40 
220 220 
192 36 
224 216 
192 40 
236 208 
236 236 
188 40 
232 628 
232 40 
192 236 
192 212 
232 44 
236 220 
236 44 
232 216 
232 40 
240 240 
192 196 
400 36 
200 436 
228 36 
232 232 
232 224 
188 44 
196 220 
196 40 
232 236 
244 232 
188 44 
224 188 
216 32 
232 208 
236 44 
212 40 
220 244 
208 40 
236 204 
232 32 
212 236 
212 216 
208 48 
224 200 
236 36 
240 212 
196 48 
196 204 
196 240 
240 44 
188 236 
208 44 
232 200 
268 268 
276 40 
288 212 
208 40 
264 196 
244 212 
244 48 
228 200 
236 36 
196 228 
236 40 
196 204 
196 196 
236 44 
240 196 
276 432 
204 228 
216 44 
280 40 
196 284 
400 40 
224 320 
200 44 
200 204 
216 200 
188 40 
240 196 
196 40 
328 264 
212 228 
200 40 
304 216 
444 44 
224 220 
192 40 
236 228 
236 240 
196 40 
204 236 
440 44 
236 584 
212 44 
232 232 
204 196 
196 40 
240 236 
204 48 
252 232 
224 224 
212 40 
236 236 
212 36 
240 240 
212 152 
232 36 
236 208 
432 36 
232 220 
240 44 
204 216 
240 228 
440 44 
228 196 
244 44 
244 228 
240 244 
196 40 
212 240 
220 32 
212 196 
236 40 
228 40 
240 192 
416 44 
236 216 
212 40 
236 236 
232 100 
196 44 
244 232 
236 40 
232 240 
196 36 
200 196 
232 196 
232 44 
244 208 
232 40 
204 240 
192 192 
188 40 
216 224 
228 36 
200 212 
240 44 
232 44 
232 232 
240 36 
236 248 
212 164 
232 40 
312 232 
240 244 
248 236 
236 44 
268 40 
216 236 
328 36 
324 200 
196 88 
236 48 
236 240 
192 36 
204 196 
236 192 
192 40 
228 236 
212 40 
216 240 
232 236 
316 48 
196 232 
204 48 
200 200 
208 236 
232 40 
188 236 
236 40 
232 236 
192 200 
232 44 
236 224 
208 40 
216 236 
212 36 
220 212 
208 216 
296 40 
216 224 
240 44 
196 216 
212 212 
232 36 
232 232 
400 36 
240 200 
196 44 
240 36 
240 232 
404 44 
192 220 
232 44 
208 220 
220 240 
232 48 
240 220 
196 44 
236 228 
236 124 
204 40 
232 236 
404 44 
232 236 
208 40 
236 244 
240 240 
236 44 
224 240 
228 40 
200 236 
236 236 
224 44 
220 196 
236 40 
208 240 
228 216 
208 36 
212 236 
396 36 
216 232 
212 40 
236 232 
236 196 
220 36 
188 220 
212 40 
216 236 
196 212 
240 44 
220 216 
236 432 
240 232 
208 48 
232 40 
196 236 
404 44 
236 224 
200 44 
236 240 
216 240 
220 40 
216 216 
428 36 
388 244 
248 40 
248 196 
200 196 
196 44 
232 192 
200 40 
232 240 
240 236 
208 36 
220 340 
240 32 
200 232 
196 40 
216 236 
236 208 
428 36 
236 192 
232 40 
188 232 
232 232 
236 44 
200 232 
216 36 
236 216 
232 240 
232 36 
212 232 
216 36 
192 200 
224 40 
240 240 
236 220 
400 40 
196 232 
224 36 
196 240 
220 200 
200 48 
196 196 
184 36 
200 236 
232 40 
236 232 
216 204 
232 40 
232 236 
196 44 
236 232 
236 236 
192 40 
208 208 
200 36 
236 196 
236 240 
232 44 
268 196 
440 36 
196 216 
252 40 
240 212 
236 196 
196 44 
232 244 
400 36 
236 240 
188 44 
196 196 
188 240 
400 44 
368 236 
196 48 
232 196 
212 224 
192 40 
232 196 
240 32 
240 244 
216 44 
208 232 
240 236 
232 40 
244 232 
196 40 
228 232 
204 232 
248 44 
244 604 
428 36 
204 196 
196 40 
196 232 
200 236 
396 32 
232 248 
348 44 
240 232 
228 200 
196 36 
236 236 
212 40 
232 212 
236 236 
236 40 
708 236 
200 40 
212 196 
236 220 
232 36 
236 240 
232 244 
240 236 
204 40 
232 448 
236 240 
408 40 
236 236 
200 40 
236 204 
236 212 
464 44 
232 236 
192 40 
216 196 
236 200 
216 44 
236 240 
232 44 
224 220 
236 212 
232 40 
236 192 
244 36 
200 236 
232 40 
232 44 
240 200 
444 40 
244 252 
192 40 
240 208 
220 236 
240 44 
224 196 
232 40 
228 236 
216 244 
196 44 
200 192 
232 264 
204 232 
228 40 
240 232 
208 232 
232 40 
236 244 
208 44 
236 188 
236 240 
228 40 
284 228 
228 296 
336 212 
440 396 
188 236 
232 200 
192 212 
192 200 
276 240 
508 236 
192 208 
236 200 
200 316 
188 368 
400 216 
232 440 
196 240 
236 220 
236 196 
236 244 
196 240 
232 196 
192 216 
236 236 
232 236 
236 240 
232 236 
324 264 
192 236 
204 196 
232 232 
212 404 
248 244 
400 196 
236 200 
200 184 
232 232 
236 236 
204 240 
224 240 
236 200 
204 236 
236 240 
196 224 
200 216 
220 196 
232 196 
236 216 
196 260 
208 212 
216 216 
200 216 
208 228 
208 220 
224 244 
212 412 
196 240 
212 192 
232 228 
232 240 
228 196 
216 196 
236 244 
188 196 
192 236 
228 232 
216 196 
204 208 
200 240 
228 228 
196 236 
232 220 
208 208 
228 196 
240 240 
220 236 
240 256 
232 228 
208 236 
224 220 
232 436 
208 236 
332 248 
208 300 
252 236 
204 244 
228 480 
224 212 
188 212 
236 196 
224 200 
204 204 
200 236 
224 240 
208 232 
204 212 
212 196 
196 216 
236 244 
192 212 
232 200 
208 204 
212 216 
240 232 
232 244 
224 196 
240 236 
216 204 
220 204 
232 236 
240 236 
200 216 
216 296 
236 216 
204 192 
240 196 
192 196 
228 196 
200 236 
208 188 
208 232 
216 236 
236 200 
216 284 
232 384 
412 212 
212 328 
216 196 
196 292 
244 196 
220 220 
308 236 
196 188 
220 196 
196 236 
224 236 
196 220 
228 236 
192 240 
252 240 
228 332 
244 208 
236 236 
200 504 
240 236 
236 212 
220 240 
236 200 
196 236 
212 200 
236 244 
236 192 
200 200 
240 196 
216 224 
236 240 
240 232 
208 192 
600 228 
220 204 
192 236 
240 240 
192 232 
204 216 
204 204 
240 196 
236 236 
220 232 
232 196 
240 236 
196 236 
236 460 
220 200 
200 200 
192 200 
268 200 
212 192 
216 432 
208 196 
212 192 
244 284 
208 204 
232 224 
208 232 
688 216 
232 232 
208 260 
236 196 
232 200 
244 236 
228 200 
212 224 
236 192 
232 236 
212 212 
212 216 
232 196 
196 240 
236 216 
228 216 
200 632 
200 200 
216 276 
216 220 
232 192 
228 628 
236 228 
196 240 
212 192 
200 196 
188 236 
232 216 
232 216 
240 200 
192 288 
236 240 
216 212 
188 196 
192 224 
192 232 
188 328 
204 196 
196 236 
192 236 
212 200 
240 200 
212 212 
212 220 
256 216 
224 260 
232 188 
212 208 
220 200 
308 240 
220 232 
192 312 
196 240 
200 208 
208 192 
216 192 
200 204 
236 200 
280 184 
248 204 
224 216 
228 220 
232 220 
208 240 
212 200 
208 244 
192 216 
208 204 
236 196 
232 208 
192 196 
220 228 
208 200 
220 240 
224 308 
236 236 
288 236 
228 232 
212 240 
220 236 
228 200 
236 212 
204 212 
240 232 
188 328 
208 324 
268 232 
212 208 
200 216 
240 192 
204 228 
196 188 
300 288 
192 284 
208 196 
208 208 
208 192 
204 196 
224 224 
192 200 
208 272 
192 252 
200 200 
268 192 
188 316 
212 212 
208 296 
196 188 
212 240 
228 232 
196 228 
272 236 
188 212 
204 308 
204 212 
196 208 
228 212 
240 236 
204 200 
192 192 
228 208 
208 196 
204 236 
276 224 
212 252 
208 192 
232 192 
192 196 
184 232 
216 192 
312 292 
232 200 
232 212 
284 236 
200 276 
212 192 
232 200 
356 192 
236 344 
196 208 
220 224 
200 220 
224 200 
252 200 
236 212 
200 208 
328 196 
196 196 
416 220 
232 336 
200 212 
368 264 
196 188 
224 224 
196 188 
188 192 
244 204 
188 188 
200 256 
192 192 
196 204 
192 196 
232 216 
188 192 
328 208 
200 216 
220 244 
248 256 
244 192 
184 212 
228 276 
216 300 
324 204 
200 204 
436 280 
212 216 
244 224 
300 192 
212 196 
248 320 
252 228 
240 312 
228 388 
284 256 
244 508 
332 276 
196 196 
196 256 
304 208 
460 248 
196 372 
336 196 
208 316 
204 192 
200 196 
192 260 
208 192 
244 196 
264 360 
196 192 
200 204 
328 288 
212 288 
188 188 
192 192 
196 244 
212 672 
324 212 
188 192 
212 216 
196 208 
188 196 
224 200 
268 208 
232 312 
224 208 
232 236 
216 516 
264 204 
208 200 
240 232 
220 432 
296 212 
212 192 
228 220 
244 236 
440 204 
256 204 
188 196 
208 192 
192 344 
208 232 
200 216 
232 208 
228 232 
188 696 
228 228 
232 232 
232 208 
188 296 
236 224 
192 208 
228 216 
208 252 
196 196 
292 236 
204 232 
208 236 
228 192 
316 204 
192 200 
232 704 
228 220 
216 192 
192 240 
188 200 
204 200 
232 232 
196 220 
208 192 
232 204 
212 196 
196 192 
212 188 
192 232 
188 208 
188 232 
220 204 
232 232 
248 208 
228 236 
208 212 
220 212 
224 212 
192 228 
196 196 
188 220 
192 208 
192 196 
212 208 
188 216 
212 216 
208 228 
204 208 
204 192 
212 212 
204 224 
192 216 
188 228 
184 224 
204 228 
188 216 
192 224 
228 232 
232 232 
212 212 
196 228 
188 192 
216 228 
668 200 
208 208 
192 200 
188 212 
228 188 
208 208 
204 224 
232 192 
212 192 
228 344 
204 192 
200 188 
212 192 
216 192 
192 200 
188 224 
192 236 
