# ./FR-trace starting at Wed Mar 18 16:07:53 2020
################# CONFIG #################
# slot=5000
# samples=10000
# threshold=100
# idle=500
# minlen=500
# runs=10000
# pdathreads=2
# nmonitored=2
#   monitor0=../apps/openssl ecp_smpl.c:933 0x1e3d58
#   monitor1=../apps/openssl ecp_smpl.c:940 0x1e39f3
# nevicted=0
# npdatargets=2
#   target0=../apps/openssl bn_lib.c:514 0x102f79
#   target1=../apps/openssl bn_lib.c:543 0x102fe5
# affinity=0
############## SYSTEM INFO ###############
# mastik_version=0.02
# sysname=Linux
# nodename=lovelace
# release=5.3.7-arch1-1-ARCH
# version=#1 SMP PREEMPT Fri Oct 18 00:17:03 UTC 2019
# machine=x86_64
################## DATA ##################
# run=2480
# datapoints=977
36 36 
36 32 
196 204 
188 228 
200 436 
196 420 
40 36 
400 216 
296 192 
328 332 
32 44 
416 236 
328 212 
212 36 
212 244 
216 44 
232 204 
624 212 
272 240 
236 240 
296 40 
192 236 
236 324 
252 36 
240 236 
236 44 
228 212 
196 216 
236 40 
192 208 
232 44 
292 204 
236 240 
208 40 
204 248 
192 36 
236 196 
188 48 
272 236 
236 200 
316 44 
328 272 
284 40 
244 312 
200 200 
280 40 
220 304 
208 40 
296 244 
232 36 
200 304 
236 572 
216 44 
200 232 
196 44 
220 228 
268 208 
200 44 
200 244 
228 36 
196 204 
204 40 
208 40 
216 232 
224 40 
200 204 
224 40 
216 236 
332 216 
192 44 
728 216 
204 44 
204 216 
228 196 
236 44 
232 232 
200 48 
228 196 
220 40 
224 200 
232 224 
200 48 
272 200 
236 40 
200 252 
280 232 
204 44 
212 244 
196 36 
244 196 
196 60 
200 40 
200 196 
196 36 
204 216 
204 40 
192 48 
212 208 
200 36 
204 196 
204 40 
204 312 
596 196 
288 40 
192 204 
288 40 
228 204 
196 220 
192 44 
244 268 
400 36 
216 472 
548 36 
220 196 
236 232 
228 40 
192 200 
528 36 
200 192 
208 220 
216 40 
584 224 
560 36 
220 216 
328 44 
204 324 
276 212 
208 40 
232 280 
200 48 
204 200 
196 220 
224 40 
204 260 
240 44 
248 212 
196 44 
352 40 
224 204 
400 44 
232 224 
196 40 
228 260 
196 140 
312 40 
204 212 
400 36 
240 248 
224 244 
260 40 
320 216 
208 36 
240 200 
200 52 
196 212 
272 272 
220 44 
228 216 
228 36 
248 192 
228 40 
292 212 
256 196 
568 44 
192 244 
260 40 
236 240 
236 288 
384 40 
236 320 
252 44 
252 212 
268 208 
260 40 
260 328 
212 36 
192 220 
204 140 
200 40 
224 264 
220 44 
224 200 
208 320 
196 36 
196 200 
400 36 
204 232 
256 280 
392 40 
216 252 
192 36 
204 244 
296 40 
208 308 
196 236 
200 52 
532 332 
664 40 
320 260 
232 308 
276 40 
208 208 
212 240 
204 240 
192 48 
256 36 
192 544 
200 36 
204 196 
200 208 
212 40 
220 208 
252 40 
200 216 
204 212 
192 44 
332 324 
232 36 
204 236 
292 56 
236 40 
196 292 
200 32 
208 228 
272 44 
204 44 
244 204 
228 36 
196 224 
236 68 
200 40 
212 304 
196 32 
412 1088 
188 52 
256 436 
216 212 
228 40 
208 200 
200 40 
196 260 
260 204 
216 44 
204 200 
460 44 
204 220 
224 44 
188 240 
200 324 
196 48 
216 212 
192 44 
192 196 
304 200 
200 44 
220 280 
196 36 
220 200 
192 40 
248 240 
256 332 
196 40 
192 196 
204 36 
228 196 
572 228 
196 40 
200 288 
196 40 
196 192 
208 196 
244 40 
220 208 
196 32 
360 200 
368 40 
380 44 
192 204 
396 36 
232 204 
208 44 
260 228 
220 260 
496 40 
196 220 
192 32 
208 212 
196 204 
196 40 
208 300 
540 36 
196 216 
516 44 
192 204 
192 332 
200 36 
200 216 
216 44 
236 44 
240 232 
312 36 
244 492 
204 188 
276 32 
196 204 
232 36 
204 196 
296 208 
368 40 
348 260 
568 36 
332 220 
216 148 
208 48 
216 216 
420 36 
224 284 
260 196 
232 44 
672 492 
820 36 
196 200 
204 44 
212 260 
216 196 
204 36 
224 288 
216 48 
260 200 
216 200 
228 44 
284 292 
244 36 
196 204 
272 328 
212 40 
236 196 
192 44 
192 260 
200 216 
192 40 
224 196 
240 424 
336 196 
296 164 
332 36 
208 200 
196 40 
212 192 
204 36 
204 44 
196 288 
256 40 
332 244 
304 132 
216 40 
288 316 
200 44 
212 196 
212 204 
192 48 
204 200 
196 40 
276 244 
232 40 
212 40 
204 204 
224 36 
224 200 
216 48 
196 204 
192 228 
192 40 
652 228 
264 32 
544 412 
204 44 
192 224 
620 204 
244 44 
196 248 
232 40 
332 332 
236 280 
196 44 
240 200 
192 44 
228 196 
244 200 
404 40 
492 236 
232 40 
292 240 
276 196 
252 40 
200 256 
208 40 
204 204 
208 332 
244 44 
216 268 
200 32 
296 248 
236 216 
232 44 
324 196 
232 40 
268 544 
588 104 
316 44 
212 224 
212 44 
216 216 
216 236 
208 40 
220 200 
232 40 
200 196 
196 204 
196 44 
248 200 
204 36 
232 212 
236 324 
200 36 
208 208 
236 40 
312 200 
340 256 
528 44 
212 328 
188 200 
188 40 
196 196 
192 32 
288 224 
240 284 
276 40 
320 244 
476 40 
216 408 
232 48 
192 264 
200 216 
252 44 
236 200 
196 40 
196 276 
252 196 
228 48 
192 196 
200 36 
208 300 
200 44 
200 40 
196 200 
248 36 
348 200 
240 224 
208 40 
264 268 
692 36 
200 200 
308 248 
320 44 
208 232 
208 40 
204 212 
288 300 
196 36 
292 216 
192 40 
216 276 
504 248 
200 40 
204 196 
232 40 
200 200 
196 224 
352 244 
200 196 
372 264 
788 196 
200 328 
200 228 
232 276 
544 268 
272 192 
320 288 
296 264 
280 200 
240 544 
332 256 
200 212 
224 208 
524 404 
580 216 
192 200 
396 216 
220 488 
204 304 
244 212 
248 200 
200 244 
196 196 
232 196 
188 308 
196 196 
200 208 
208 228 
196 196 
196 200 
200 192 
196 200 
208 204 
220 420 
292 196 
232 216 
184 196 
200 156 
192 204 
196 232 
236 200 
244 220 
212 204 
200 208 
192 196 
196 208 
200 204 
200 204 
188 216 
200 244 
268 200 
212 196 
436 188 
212 236 
200 196 
280 240 
192 388 
256 244 
216 352 
260 332 
336 276 
280 324 
332 344 
292 408 
228 200 
372 248 
236 204 
192 344 
272 200 
196 204 
208 364 
204 200 
284 336 
268 208 
216 228 
200 196 
192 196 
208 484 
196 236 
228 256 
200 196 
256 248 
192 260 
268 316 
260 248 
212 360 
440 288 
236 236 
240 196 
300 240 
200 268 
192 220 
216 276 
244 320 
292 332 
684 244 
196 248 
308 192 
292 244 
200 220 
204 192 
348 288 
196 196 
268 216 
208 652 
192 352 
208 196 
204 216 
196 236 
228 192 
244 200 
192 220 
240 196 
196 196 
284 396 
196 196 
200 204 
204 192 
188 212 
188 192 
196 192 
204 224 
228 192 
256 208 
212 236 
200 216 
240 232 
204 296 
260 240 
228 200 
240 248 
228 204 
212 192 
200 200 
212 200 
252 204 
256 204 
240 268 
296 228 
224 348 
188 252 
276 328 
208 244 
232 196 
268 228 
216 196 
188 192 
212 196 
192 216 
264 304 
244 224 
200 256 
192 248 
188 200 
224 200 
248 268 
200 236 
188 196 
196 320 
232 232 
208 252 
208 188 
196 224 
284 292 
192 200 
196 200 
204 236 
260 300 
188 200 
252 264 
204 236 
260 460 
292 308 
232 244 
204 204 
256 212 
196 252 
204 196 
200 232 
196 204 
236 256 
452 208 
276 312 
196 204 
192 200 
196 196 
228 192 
208 208 
216 232 
212 216 
212 216 
196 208 
192 236 
220 244 
228 288 
216 224 
212 216 
292 336 
208 216 
232 236 
244 228 
232 664 
196 224 
268 208 
220 376 
316 240 
224 232 
196 212 
208 220 
244 192 
308 200 
312 316 
196 232 
188 192 
212 232 
352 192 
200 232 
252 200 
192 200 
196 204 
216 208 
188 236 
204 196 
196 200 
228 228 
204 192 
212 200 
196 336 
212 232 
200 232 
196 196 
240 236 
212 548 
192 192 
224 216 
268 220 
192 196 
224 196 
232 216 
252 292 
204 252 
216 200 
224 228 
192 236 
220 236 
224 196 
208 200 
204 196 
200 204 
196 208 
192 212 
208 216 
200 336 
208 208 
192 236 
196 188 
244 688 
196 196 
328 196 
200 196 
232 204 
204 196 
192 208 
252 420 
200 304 
208 200 
204 200 
340 200 
356 200 
284 252 
192 296 
212 212 
196 200 
212 200 
228 196 
220 204 
600 348 
200 208 
200 196 
236 240 
196 196 
192 196 
204 204 
204 192 
196 228 
864 244 
188 288 
192 252 
240 192 
192 196 
212 204 
300 244 
212 204 
204 236 
232 708 
228 224 
216 240 
216 200 
296 204 
208 200 
324 212 
196 204 
204 200 
192 204 
196 192 
208 216 
192 200 
204 200 
192 192 
192 236 
196 236 
236 252 
208 200 
204 268 
364 208 
220 324 
300 260 
200 404 
280 196 
292 236 
308 312 
292 244 
216 228 
292 200 
228 196 
188 196 
228 208 
420 192 
212 212 
192 216 
204 212 
256 200 
192 196 
256 208 
208 196 
1132 372 
208 216 
252 308 
196 188 
192 232 
316 232 
196 200 
232 196 
212 272 
192 200 
224 188 
192 200 
320 200 
200 232 
192 232 
232 232 
308 296 
444 264 
228 228 
192 192 
216 324 
212 196 
196 224 
188 204 
292 312 
228 268 
208 196 
304 200 
232 200 
220 196 
224 284 
236 368 
236 340 
292 332 
236 320 
208 204 
660 244 
240 196 
260 228 
384 288 
276 232 
232 196 
280 284 
484 240 
196 212 
804 204 
192 216 
196 208 
260 204 
192 192 
188 200 
188 228 
192 188 
200 212 
196 740 
192 196 
192 204 
232 232 
292 192 
188 192 
192 196 
188 196 
196 228 
192 220 
188 208 
204 352 
328 192 
208 356 
192 196 
204 192 
192 196 
188 192 
204 284 
208 196 
236 204 
216 192 
212 252 
216 192 
244 236 
228 268 
268 188 
188 208 
200 208 
232 196 
228 192 
216 228 
192 188 
192 204 
292 188 
192 200 
204 216 
224 208 
248 248 
200 228 
208 192 
228 196 
192 340 
208 192 
240 212 
216 192 
208 204 
208 200 
196 220 
200 196 
208 200 
192 308 
192 204 
188 192 
288 192 
220 228 
248 200 
204 216 
192 208 
192 200 
196 200 
224 228 
208 256 
216 192 
232 216 
236 244 
236 324 
308 268 
248 240 
312 308 
208 308 
396 240 
256 388 
352 192 
212 200 
324 316 
192 192 
196 212 
228 204 
196 208 
192 204 
200 236 
208 192 
200 212 
192 272 
272 204 
196 448 
312 200 
196 212 
208 196 
328 192 
232 204 
188 200 
212 228 
184 192 
240 752 
192 192 
196 196 
188 200 
188 212 
240 248 
216 196 
192 196 
236 228 
212 204 
304 276 
