# ./FR-trace starting at Wed Mar 18 16:11:31 2020
################# CONFIG #################
# slot=5000
# samples=10000
# threshold=100
# idle=500
# minlen=500
# runs=10000
# pdathreads=2
# nmonitored=2
#   monitor0=../apps/openssl ecp_smpl.c:933 0x1e3d58
#   monitor1=../apps/openssl ecp_smpl.c:940 0x1e39f3
# nevicted=0
# npdatargets=2
#   target0=../apps/openssl bn_lib.c:514 0x102f79
#   target1=../apps/openssl bn_lib.c:543 0x102fe5
# affinity=0
############## SYSTEM INFO ###############
# mastik_version=0.02
# sysname=Linux
# nodename=lovelace
# release=5.3.7-arch1-1-ARCH
# version=#1 SMP PREEMPT Fri Oct 18 00:17:03 UTC 2019
# machine=x86_64
################## DATA ##################
# run=2688
# datapoints=970
44 36 
36 36 
40 36 
36 240 
404 400 
404 240 
232 232 
444 40 
232 232 
244 236 
228 40 
244 636 
236 232 
232 36 
240 240 
232 236 
232 40 
240 236 
232 40 
216 228 
236 240 
36 44 
236 216 
232 40 
232 220 
240 152 
212 36 
232 212 
212 44 
240 216 
216 216 
416 40 
212 216 
220 44 
212 216 
220 220 
212 40 
236 244 
244 40 
212 232 
208 192 
212 44 
220 236 
212 44 
220 216 
240 216 
232 40 
232 220 
236 32 
240 216 
236 40 
240 40 
584 236 
216 432 
240 236 
240 196 
232 40 
192 196 
188 32 
248 196 
228 204 
244 44 
216 192 
396 48 
192 236 
204 44 
200 244 
196 236 
200 36 
196 236 
356 48 
236 196 
240 216 
236 36 
232 196 
248 36 
240 220 
232 40 
232 240 
232 200 
396 44 
232 232 
224 44 
236 240 
204 236 
212 48 
208 236 
200 248 
200 236 
232 40 
204 236 
192 240 
232 40 
196 240 
228 36 
200 236 
192 112 
236 44 
232 240 
440 40 
244 196 
228 40 
232 192 
240 228 
232 36 
232 224 
192 36 
240 236 
200 236 
204 40 
204 240 
196 32 
196 236 
228 40 
236 232 
196 244 
436 44 
244 196 
236 40 
220 244 
220 196 
220 40 
212 240 
236 40 
232 244 
236 40 
212 220 
216 84 
208 44 
212 220 
400 240 
220 208 
216 40 
232 236 
236 220 
440 44 
232 204 
232 44 
240 216 
216 216 
244 40 
212 236 
240 36 
244 236 
240 240 
236 44 
240 236 
236 40 
212 236 
236 236 
228 40 
236 236 
232 44 
232 244 
236 276 
232 40 
240 232 
440 36 
232 244 
244 36 
236 248 
232 244 
236 44 
240 232 
240 32 
236 232 
240 224 
232 44 
232 216 
236 36 
236 232 
228 44 
232 232 
236 232 
228 44 
232 220 
232 40 
236 232 
236 240 
236 40 
244 240 
232 44 
236 240 
664 36 
240 196 
236 240 
40 44 
236 240 
232 44 
236 236 
236 240 
228 40 
232 468 
228 240 
232 244 
40 44 
216 244 
212 240 
236 48 
232 216 
232 44 
216 744 
240 184 
228 40 
244 212 
232 36 
244 216 
240 44 
240 36 
236 212 
420 48 
212 240 
216 44 
216 236 
212 244 
208 48 
208 196 
212 32 
236 240 
236 212 
236 40 
236 212 
236 36 
236 216 
232 44 
240 240 
228 240 
420 40 
236 228 
216 44 
232 240 
240 236 
236 36 
236 240 
236 244 
236 240 
224 40 
240 236 
236 244 
244 48 
232 236 
236 36 
236 240 
216 84 
236 40 
232 240 
440 44 
240 236 
240 40 
236 236 
236 240 
444 36 
220 220 
240 432 
232 228 
240 232 
232 40 
232 236 
236 36 
240 236 
236 44 
236 40 
236 236 
232 244 
228 196 
232 40 
240 236 
236 236 
236 44 
416 232 
236 32 
236 240 
236 228 
236 40 
244 236 
232 36 
240 232 
240 40 
660 232 
236 236 
232 44 
236 232 
232 44 
240 236 
236 36 
240 216 
216 236 
220 48 
208 244 
220 32 
200 212 
200 200 
196 44 
192 212 
236 36 
240 236 
200 44 
212 240 
204 236 
196 40 
192 236 
196 44 
192 228 
240 168 
236 40 
236 244 
236 48 
232 236 
236 40 
232 240 
240 236 
440 44 
232 200 
236 40 
232 232 
240 244 
444 44 
244 236 
236 40 
236 240 
236 244 
236 48 
236 236 
232 248 
240 240 
236 40 
236 236 
228 236 
236 44 
232 236 
240 48 
240 240 
236 236 
228 48 
236 244 
400 36 
236 240 
236 44 
216 40 
232 236 
236 244 
232 236 
236 40 
244 240 
232 240 
232 44 
236 240 
208 44 
240 236 
236 36 
236 240 
232 40 
236 244 
236 232 
232 44 
220 236 
232 36 
232 240 
240 44 
228 44 
244 232 
232 36 
240 236 
236 100 
232 36 
232 280 
436 36 
240 312 
192 40 
196 196 
200 196 
196 44 
236 232 
692 36 
200 244 
196 232 
196 40 
200 236 
200 36 
200 240 
196 44 
236 196 
232 240 
236 40 
244 232 
232 40 
240 240 
232 244 
232 36 
188 200 
236 36 
188 196 
236 40 
232 40 
236 244 
196 36 
236 240 
224 40 
240 232 
240 236 
228 44 
240 236 
228 40 
240 236 
240 240 
240 44 
232 240 
400 36 
244 240 
232 48 
240 240 
240 236 
236 44 
244 236 
236 40 
236 244 
232 232 
232 40 
240 232 
444 36 
240 236 
232 40 
232 240 
232 240 
236 48 
232 248 
236 36 
240 236 
236 44 
236 236 
232 236 
244 40 
236 236 
188 36 
236 236 
236 36 
240 236 
244 248 
240 40 
236 244 
232 36 
236 236 
212 44 
232 204 
240 240 
228 36 
244 236 
232 436 
204 236 
200 36 
192 36 
200 200 
212 32 
212 220 
216 40 
212 40 
232 248 
436 40 
216 236 
436 44 
212 208 
212 240 
208 40 
216 240 
212 44 
232 240 
240 236 
228 40 
740 236 
236 40 
236 212 
240 220 
228 240 
228 356 
204 220 
208 220 
200 240 
228 240 
232 232 
228 196 
236 248 
232 236 
228 236 
236 236 
232 236 
236 240 
232 236 
216 212 
216 216 
216 216 
216 216 
208 216 
232 232 
232 244 
232 216 
216 216 
240 208 
212 216 
184 416 
236 216 
192 208 
240 208 
192 236 
236 236 
212 212 
212 240 
208 232 
212 236 
228 232 
240 212 
220 240 
240 212 
212 212 
220 212 
408 404 
208 352 
220 212 
208 208 
224 244 
224 228 
208 240 
232 228 
240 244 
236 232 
208 208 
232 232 
228 236 
348 236 
204 236 
232 232 
240 240 
204 228 
216 236 
220 228 
244 232 
236 216 
244 224 
220 224 
240 240 
220 240 
232 236 
212 236 
208 236 
196 248 
200 240 
196 704 
232 196 
236 240 
240 236 
232 204 
232 196 
232 192 
232 212 
236 192 
228 200 
196 240 
200 240 
196 244 
192 244 
192 344 
192 236 
196 244 
204 240 
712 720 
240 236 
196 236 
232 240 
232 236 
228 236 
228 244 
228 232 
232 192 
232 580 
236 232 
232 224 
236 240 
224 216 
236 248 
216 232 
204 192 
236 240 
232 232 
232 236 
192 232 
192 248 
208 236 
204 728 
192 236 
192 232 
228 192 
236 192 
200 196 
228 196 
216 200 
240 212 
232 216 
232 196 
236 240 
244 216 
220 208 
228 240 
236 244 
240 244 
236 256 
264 236 
236 232 
196 200 
236 240 
232 204 
236 192 
236 204 
236 196 
232 192 
520 244 
212 196 
236 240 
196 228 
200 236 
232 236 
232 236 
240 240 
232 236 
236 240 
216 236 
236 252 
240 236 
228 240 
236 236 
208 236 
192 248 
208 240 
204 512 
428 248 
192 236 
248 192 
236 236 
216 192 
240 232 
240 236 
232 244 
236 236 
236 212 
196 196 
240 212 
192 240 
228 504 
196 192 
236 208 
196 188 
196 232 
220 200 
232 196 
228 236 
232 236 
240 232 
232 240 
232 236 
236 240 
236 236 
196 240 
196 212 
232 216 
232 240 
232 236 
236 236 
232 196 
232 240 
244 588 
232 236 
192 232 
232 236 
232 232 
228 224 
232 196 
228 200 
248 196 
232 196 
196 236 
192 240 
236 192 
232 248 
696 236 
232 208 
232 200 
188 248 
228 192 
240 236 
196 200 
216 232 
200 240 
324 196 
192 240 
192 232 
196 236 
192 236 
192 236 
228 228 
232 212 
192 240 
244 200 
232 208 
232 208 
212 200 
192 204 
188 200 
236 232 
232 240 
192 236 
228 240 
228 232 
244 192 
232 216 
232 228 
232 232 
240 236 
236 236 
236 232 
188 192 
208 236 
228 232 
232 240 
232 232 
236 188 
240 232 
216 212 
188 232 
240 232 
208 224 
232 208 
236 240 
228 448 
212 236 
212 232 
208 224 
236 328 
232 672 
196 212 
236 244 
232 236 
232 240 
240 232 
228 232 
232 248 
228 228 
516 280 
232 196 
228 240 
232 232 
232 232 
232 240 
232 192 
212 220 
188 200 
188 208 
232 200 
212 192 
228 244 
208 192 
212 200 
188 196 
232 200 
200 208 
212 216 
204 228 
188 232 
240 216 
236 240 
196 192 
232 196 
212 196 
220 192 
228 196 
476 244 
236 408 
244 260 
192 276 
236 216 
208 192 
232 208 
224 200 
232 212 
200 524 
192 192 
284 292 
196 192 
192 212 
212 424 
192 204 
192 192 
260 216 
220 220 
228 232 
208 236 
228 228 
200 192 
240 228 
216 216 
224 196 
216 192 
268 260 
316 232 
208 208 
244 212 
208 188 
192 212 
196 212 
240 208 
232 224 
236 220 
220 212 
232 216 
228 232 
588 188 
208 212 
220 236 
208 196 
216 212 
204 204 
208 228 
192 216 
196 192 
584 204 
208 456 
220 236 
260 212 
216 212 
740 232 
192 196 
216 220 
212 224 
308 192 
192 216 
208 216 
212 196 
204 196 
192 192 
208 236 
192 232 
180 216 
228 208 
192 240 
196 216 
240 208 
232 204 
196 192 
204 192 
228 200 
204 232 
208 224 
216 196 
192 192 
192 228 
212 232 
192 244 
232 216 
204 228 
188 188 
232 616 
232 192 
232 192 
228 224 
240 192 
680 244 
192 500 
192 196 
204 204 
224 208 
204 196 
232 224 
228 196 
228 300 
196 192 
624 216 
200 216 
200 212 
192 240 
188 208 
320 492 
192 196 
196 240 
232 200 
212 200 
212 204 
228 208 
212 236 
204 196 
236 236 
232 192 
240 244 
240 236 
208 212 
232 200 
216 236 
192 200 
228 208 
252 196 
216 232 
192 252 
200 224 
196 200 
192 236 
216 188 
276 420 
308 240 
212 204 
232 192 
264 236 
300 244 
232 208 
232 204 
224 224 
276 216 
540 244 
352 200 
256 256 
192 248 
200 260 
192 288 
200 232 
628 200 
192 284 
212 264 
244 232 
228 216 
236 244 
240 236 
220 236 
192 244 
236 200 
240 208 
236 196 
188 212 
236 216 
188 200 
236 240 
192 236 
192 236 
236 232 
208 208 
232 232 
228 240 
192 244 
192 216 
224 196 
232 232 
284 236 
352 316 
220 220 
208 236 
188 208 
220 196 
204 188 
212 212 
196 244 
220 232 
204 196 
216 304 
228 544 
216 232 
208 412 
232 204 
248 236 
220 228 
208 240 
208 228 
208 232 
220 216 
232 532 
196 204 
200 196 
