# ./FR-trace starting at Wed Mar 18 17:01:37 2020
################# CONFIG #################
# slot=5000
# samples=10000
# threshold=100
# idle=500
# minlen=500
# runs=10000
# pdathreads=2
# nmonitored=2
#   monitor0=../apps/openssl ecp_smpl.c:933 0x1e3d58
#   monitor1=../apps/openssl ecp_smpl.c:940 0x1e39f3
# nevicted=0
# npdatargets=2
#   target0=../apps/openssl bn_lib.c:514 0x102f79
#   target1=../apps/openssl bn_lib.c:543 0x102fe5
# affinity=0
############## SYSTEM INFO ###############
# mastik_version=0.02
# sysname=Linux
# nodename=lovelace
# release=5.3.7-arch1-1-ARCH
# version=#1 SMP PREEMPT Fri Oct 18 00:17:03 UTC 2019
# machine=x86_64
################## DATA ##################
# run=5448
# datapoints=1423
44 48 
260 196 
48 212 
40 228 
44 44 
44 48 
192 44 
224 196 
236 240 
232 236 
232 196 
232 188 
236 188 
192 196 
228 236 
228 228 
232 572 
236 196 
228 192 
252 192 
236 192 
232 192 
232 232 
228 196 
236 188 
188 200 
228 232 
236 240 
236 236 
204 204 
236 44 
232 236 
236 192 
232 200 
236 236 
228 308 
228 228 
232 48 
192 200 
228 200 
232 196 
228 236 
228 44 
232 196 
204 192 
236 228 
228 212 
228 236 
236 44 
192 196 
236 224 
232 224 
232 232 
224 88 
224 44 
248 236 
236 232 
236 220 
216 228 
228 48 
236 196 
196 196 
232 192 
228 244 
228 236 
228 48 
232 200 
192 188 
228 232 
232 196 
232 232 
232 44 
228 196 
232 188 
244 236 
232 232 
212 216 
232 228 
232 52 
236 196 
196 192 
228 196 
232 200 
228 232 
264 248 
236 52 
192 208 
236 224 
232 200 
228 232 
228 44 
228 196 
192 196 
504 240 
228 196 
232 232 
228 44 
192 236 
232 196 
232 228 
228 292 
228 236 
740 52 
196 200 
236 200 
228 192 
228 192 
236 228 
232 232 
232 44 
236 220 
236 192 
228 200 
232 236 
228 44 
268 196 
200 200 
228 220 
264 196 
228 228 
228 92 
232 48 
196 200 
232 208 
232 200 
228 232 
232 52 
192 236 
236 228 
232 196 
228 236 
232 48 
236 192 
192 192 
232 196 
236 232 
232 232 
236 44 
224 240 
228 232 
232 244 
232 232 
236 44 
232 208 
236 200 
236 200 
188 192 
228 196 
228 232 
228 232 
228 232 
236 48 
192 196 
212 252 
228 192 
228 232 
236 88 
192 224 
228 232 
232 236 
232 236 
232 236 
208 240 
236 52 
232 220 
232 192 
236 192 
236 236 
236 48 
188 188 
232 228 
216 192 
236 232 
236 48 
228 200 
192 228 
228 188 
228 232 
224 228 
364 172 
188 192 
228 192 
228 196 
232 228 
232 44 
228 196 
240 280 
232 212 
232 200 
232 236 
236 196 
228 232 
228 48 
228 200 
196 220 
236 196 
232 232 
228 396 
236 48 
192 196 
228 192 
232 192 
228 236 
232 232 
236 48 
236 196 
228 192 
232 196 
232 232 
236 44 
228 236 
216 196 
228 196 
228 236 
228 232 
236 52 
232 192 
228 228 
236 232 
236 48 
192 228 
228 232 
312 244 
224 228 
228 204 
228 48 
188 192 
236 248 
228 196 
232 232 
228 140 
236 44 
188 196 
232 240 
232 228 
228 228 
228 40 
192 196 
188 236 
232 216 
232 196 
236 236 
228 44 
232 192 
188 196 
224 196 
228 228 
232 236 
208 52 
188 212 
232 232 
248 196 
236 228 
228 48 
232 48 
192 192 
232 232 
208 232 
228 232 
228 232 
228 48 
200 240 
236 192 
324 236 
232 220 
224 48 
208 200 
228 204 
236 232 
236 228 
228 228 
228 48 
232 200 
236 236 
324 240 
232 232 
228 232 
232 44 
188 196 
192 200 
196 196 
200 228 
232 48 
192 196 
376 200 
228 196 
232 232 
228 236 
236 48 
188 192 
228 188 
236 224 
228 188 
228 200 
232 48 
232 200 
236 220 
264 196 
228 228 
236 236 
228 232 
228 44 
208 240 
196 192 
236 196 
232 208 
192 520 
192 88 
192 52 
196 196 
196 228 
196 196 
208 240 
228 196 
232 44 
232 188 
196 228 
188 192 
228 196 
232 188 
232 212 
228 44 
240 196 
192 204 
208 232 
212 192 
212 196 
208 220 
204 48 
228 200 
232 192 
232 196 
228 236 
228 48 
232 196 
232 196 
236 236 
228 196 
228 232 
232 196 
228 232 
236 48 
188 192 
212 224 
228 532 
232 228 
232 232 
192 48 
192 196 
228 196 
228 196 
232 232 
204 44 
192 220 
228 228 
232 200 
232 236 
232 236 
228 48 
188 188 
232 232 
240 192 
228 228 
232 96 
236 80 
196 236 
228 196 
228 228 
232 240 
320 140 
236 48 
192 192 
236 232 
232 200 
228 232 
228 48 
192 196 
220 200 
564 240 
232 232 
228 228 
236 48 
188 188 
228 228 
240 196 
236 232 
228 228 
228 416 
232 44 
192 228 
240 196 
232 236 
224 232 
228 48 
236 196 
236 200 
188 188 
196 200 
232 216 
224 232 
232 236 
228 228 
204 44 
192 240 
232 228 
228 192 
228 232 
228 40 
216 192 
196 196 
208 200 
236 216 
232 684 
228 212 
232 84 
192 196 
212 192 
228 200 
208 232 
208 48 
204 196 
216 192 
212 192 
208 232 
204 228 
236 44 
192 200 
212 232 
212 228 
208 212 
204 40 
236 200 
228 196 
232 196 
236 196 
192 192 
236 196 
232 228 
212 232 
236 48 
236 196 
236 196 
236 192 
232 228 
224 44 
236 192 
228 196 
208 196 
188 200 
192 196 
208 232 
208 652 
208 208 
212 48 
192 192 
208 196 
236 236 
208 228 
228 44 
192 188 
264 196 
228 188 
228 228 
224 228 
344 48 
192 196 
236 212 
232 216 
228 212 
208 44 
220 208 
212 196 
232 220 
568 196 
232 220 
208 44 
228 196 
232 208 
188 204 
212 208 
212 232 
228 240 
232 44 
192 192 
232 192 
228 236 
236 232 
224 232 
236 44 
192 196 
228 240 
232 196 
232 232 
232 44 
228 196 
228 200 
236 192 
228 188 
240 192 
232 232 
228 240 
228 44 
192 240 
264 232 
232 192 
236 236 
232 44 
224 192 
192 204 
240 200 
232 232 
228 232 
228 44 
192 224 
236 232 
244 200 
228 232 
228 48 
228 196 
192 188 
232 240 
232 228 
232 236 
236 240 
228 48 
208 196 
236 196 
228 192 
228 228 
232 48 
236 200 
188 192 
232 244 
208 192 
228 228 
236 48 
196 232 
228 236 
232 196 
208 212 
208 44 
228 196 
192 196 
228 232 
220 240 
212 228 
208 44 
212 196 
216 200 
204 236 
228 192 
204 204 
220 48 
216 200 
224 232 
216 192 
216 228 
208 228 
224 48 
376 192 
188 200 
232 208 
232 192 
228 208 
228 40 
232 188 
192 208 
192 200 
584 192 
204 236 
208 232 
212 48 
228 236 
228 236 
236 240 
228 232 
232 44 
232 48 
232 224 
232 200 
240 192 
232 244 
236 44 
236 48 
192 192 
232 212 
232 240 
228 232 
228 48 
224 196 
192 192 
232 216 
228 700 
212 232 
236 44 
212 188 
200 212 
220 196 
236 216 
232 212 
236 44 
236 196 
228 192 
228 200 
224 236 
216 120 
204 48 
200 196 
208 236 
516 196 
232 192 
228 232 
228 44 
236 188 
240 196 
192 212 
232 196 
232 188 
228 204 
236 60 
196 208 
196 196 
232 192 
236 240 
232 232 
228 40 
236 192 
232 196 
208 240 
232 192 
232 232 
228 196 
228 232 
232 44 
188 192 
232 232 
240 212 
212 212 
192 44 
40 232 
228 196 
232 40 
40 196 
228 44 
40 44 
300 188 
48 44 
228 236 
188 44 
228 196 
196 208 
192 40 
236 228 
204 44 
376 228 
212 48 
224 208 
204 52 
212 208 
192 56 
208 44 
280 196 
232 44 
744 212 
208 44 
192 192 
196 48 
228 212 
188 192 
224 44 
196 208 
208 44 
196 236 
212 152 
208 44 
188 228 
228 48 
192 192 
228 44 
228 232 
192 228 
228 44 
228 232 
188 40 
188 236 
196 48 
592 44 
244 208 
200 40 
200 188 
192 52 
232 232 
360 40 
196 204 
192 324 
208 44 
188 196 
232 44 
192 192 
212 192 
208 40 
196 204 
192 48 
188 208 
200 44 
236 196 
196 188 
192 44 
196 236 
40 48 
200 200 
196 44 
228 188 
232 228 
196 44 
188 216 
216 44 
232 216 
232 132 
188 40 
228 232 
232 44 
188 192 
188 188 
188 44 
208 212 
200 48 
188 208 
208 256 
232 44 
232 216 
192 48 
204 288 
228 48 
228 48 
228 224 
224 44 
44 192 
192 232 
204 48 
44 192 
188 44 
192 228 
188 188 
188 44 
216 204 
188 48 
188 232 
192 44 
208 232 
364 276 
204 40 
196 244 
208 48 
208 232 
212 232 
228 48 
200 208 
192 44 
188 188 
196 232 
208 44 
196 192 
208 44 
40 208 
208 204 
192 48 
204 196 
212 48 
216 212 
228 232 
232 48 
216 212 
208 44 
196 216 
228 48 
188 232 
236 356 
208 48 
224 192 
188 48 
228 228 
336 320 
224 40 
208 188 
244 44 
212 196 
208 208 
196 48 
228 228 
192 44 
224 224 
200 48 
40 232 
192 216 
212 44 
208 192 
212 48 
208 204 
216 248 
232 44 
208 196 
228 44 
188 196 
196 192 
208 44 
208 236 
228 44 
204 208 
228 200 
236 52 
232 212 
208 192 
228 236 
204 192 
196 48 
236 304 
192 188 
236 208 
324 304 
228 236 
232 48 
228 248 
192 204 
236 196 
188 220 
192 204 
236 60 
200 224 
196 284 
220 196 
284 296 
204 224 
212 204 
196 208 
44 48 
192 196 
220 228 
228 192 
236 232 
236 48 
212 212 
208 216 
216 236 
404 216 
212 212 
228 44 
212 200 
188 208 
220 224 
192 232 
196 208 
212 44 
240 232 
376 196 
240 220 
208 208 
200 40 
192 232 
196 192 
208 192 
192 196 
228 196 
228 40 
220 192 
204 204 
320 252 
212 232 
288 212 
228 216 
212 48 
236 260 
292 304 
232 252 
220 200 
288 52 
204 192 
196 204 
264 328 
220 208 
188 200 
216 44 
228 200 
240 216 
204 192 
344 212 
192 328 
212 44 
196 224 
228 192 
232 240 
228 740 
188 48 
320 260 
332 260 
216 196 
212 208 
244 224 
232 44 
244 308 
244 200 
340 204 
216 224 
232 768 
216 48 
332 276 
256 228 
216 232 
224 232 
224 48 
208 296 
196 200 
232 252 
228 476 
192 44 
236 196 
200 232 
276 252 
260 196 
316 252 
212 196 
192 216 
212 44 
196 196 
212 212 
208 224 
208 208 
208 212 
228 228 
188 232 
212 596 
324 228 
212 216 
208 220 
276 188 
192 216 
236 196 
188 232 
208 220 
188 192 
192 200 
192 192 
196 192 
188 192 
200 200 
192 204 
192 208 
188 200 
200 204 
200 192 
192 196 
208 192 
232 232 
724 212 
236 320 
264 288 
224 212 
188 192 
240 236 
236 240 
216 188 
192 228 
188 232 
232 236 
288 200 
252 228 
228 232 
288 348 
200 192 
188 232 
228 216 
192 196 
188 196 
228 236 
208 204 
200 188 
220 200 
316 256 
232 324 
208 220 
216 228 
208 212 
192 204 
196 260 
188 220 
192 200 
228 232 
208 196 
188 228 
188 228 
212 208 
236 232 
228 232 
228 228 
208 228 
192 216 
228 204 
224 228 
232 192 
236 232 
228 232 
196 236 
192 192 
236 188 
196 188 
224 192 
232 188 
212 192 
188 232 
232 236 
188 228 
216 228 
192 336 
232 264 
232 232 
308 196 
196 212 
232 212 
208 232 
228 240 
228 236 
208 248 
1248 228 
216 192 
192 200 
232 192 
200 188 
208 248 
204 212 
208 228 
232 204 
228 228 
204 232 
188 212 
212 192 
208 232 
236 192 
188 316 
188 188 
188 224 
188 208 
196 188 
296 208 
208 192 
188 192 
192 204 
192 192 
196 236 
216 192 
204 192 
216 204 
196 196 
196 196 
200 236 
228 192 
192 192 
192 208 
204 192 
232 236 
200 228 
184 196 
192 192 
220 228 
200 192 
192 192 
192 188 
192 192 
232 224 
192 192 
196 200 
188 192 
188 188 
188 196 
220 196 
196 196 
200 196 
220 200 
376 284 
232 196 
300 312 
244 208 
240 228 
256 256 
228 212 
208 280 
200 212 
212 1100 
196 264 
228 236 
228 252 
212 224 
204 192 
208 192 
224 192 
192 208 
188 212 
216 208 
188 232 
224 188 
232 232 
196 204 
204 208 
212 196 
240 220 
212 208 
212 216 
192 196 
200 188 
200 192 
188 196 
192 192 
212 204 
192 192 
188 192 
188 192 
228 188 
196 232 
196 236 
188 224 
216 200 
188 188 
204 192 
208 496 
192 232 
228 244 
228 232 
232 212 
216 264 
208 232 
312 192 
308 268 
220 196 
188 192 
188 200 
192 192 
184 208 
188 192 
196 192 
200 200 
200 236 
192 192 
188 212 
188 228 
228 212 
212 196 
216 204 
188 220 
224 188 
188 208 
188 196 
292 220 
192 204 
216 236 
212 208 
208 212 
232 192 
268 232 
228 244 
236 192 
212 196 
228 236 
228 196 
196 196 
192 216 
196 192 
188 208 
192 192 
192 188 
188 204 
212 232 
208 188 
196 192 
232 200 
200 196 
204 188 
204 196 
196 196 
192 188 
196 228 
188 188 
192 196 
192 204 
188 188 
208 208 
732 216 
188 188 
204 216 
224 232 
228 232 
228 196 
188 208 
212 204 
192 212 
208 208 
220 204 
192 232 
192 192 
188 188 
208 192 
188 192 
196 192 
188 196 
192 200 
196 200 
188 264 
196 196 
196 224 
264 192 
192 188 
228 192 
328 252 
188 260 
260 192 
228 192 
300 192 
228 192 
272 300 
192 208 
192 252 
216 228 
292 228 
192 196 
188 192 
196 212 
328 232 
228 240 
264 264 
232 292 
212 236 
204 196 
196 212 
212 204 
236 192 
208 296 
192 204 
208 228 
232 192 
252 192 
188 208 
192 212 
232 192 
188 188 
304 192 
200 192 
188 192 
188 188 
224 188 
212 192 
196 224 
188 188 
188 236 
248 256 
192 320 
308 224 
196 228 
188 208 
208 696 
192 192 
220 216 
188 208 
236 240 
232 192 
212 196 
228 296 
268 276 
188 208 
192 204 
300 212 
232 200 
192 244 
200 212 
208 200 
192 192 
232 220 
188 192 
208 208 
192 208 
204 196 
208 224 
216 196 
196 192 
200 192 
188 192 
200 204 
208 192 
248 212 
204 216 
300 212 
196 200 
228 208 
200 288 
248 192 
228 204 
232 252 
188 188 
208 192 
192 204 
204 232 
196 192 
212 256 
192 232 
184 344 
208 332 
188 212 
220 228 
196 196 
188 212 
188 344 
200 204 
232 212 
504 220 
192 208 
228 228 
260 212 
188 196 
216 220 
216 196 
188 200 
224 196 
192 196 
204 228 
200 208 
196 196 
212 192 
200 208 
212 224 
204 192 
200 192 
192 208 
192 208 
184 192 
188 192 
196 224 
192 232 
208 196 
232 232 
228 192 
188 200 
260 328 
224 200 
248 276 
200 188 
192 192 
192 200 
232 204 
228 296 
208 196 
264 200 
188 192 
216 216 
196 192 
216 228 
336 228 
188 208 
228 208 
244 196 
200 196 
200 212 
188 188 
212 240 
192 188 
192 196 
232 196 
188 196 
212 224 
200 196 
200 232 
232 304 
232 204 
228 316 
228 232 
280 316 
208 688 
416 232 
252 300 
248 244 
200 284 
200 232 
188 200 
256 196 
248 212 
228 236 
196 200 
232 192 
188 196 
232 228 
188 216 
212 196 
192 192 
216 208 
188 224 
200 216 
240 208 
196 280 
232 232 
192 232 
236 232 
220 288 
188 192 
188 212 
228 196 
188 228 
260 208 
260 240 
212 212 
300 208 
268 212 
212 208 
208 216 
324 212 
232 236 
228 260 
228 308 
208 196 
216 324 
212 192 
192 232 
264 256 
196 252 
212 216 
236 228 
188 196 
240 196 
