# ./FR-trace starting at Wed Mar 18 17:01:59 2020
################# CONFIG #################
# slot=5000
# samples=10000
# threshold=100
# idle=500
# minlen=500
# runs=10000
# pdathreads=2
# nmonitored=2
#   monitor0=../apps/openssl ecp_smpl.c:933 0x1e3d58
#   monitor1=../apps/openssl ecp_smpl.c:940 0x1e39f3
# nevicted=0
# npdatargets=2
#   target0=../apps/openssl bn_lib.c:514 0x102f79
#   target1=../apps/openssl bn_lib.c:543 0x102fe5
# affinity=0
############## SYSTEM INFO ###############
# mastik_version=0.02
# sysname=Linux
# nodename=lovelace
# release=5.3.7-arch1-1-ARCH
# version=#1 SMP PREEMPT Fri Oct 18 00:17:03 UTC 2019
# machine=x86_64
################## DATA ##################
# run=5470
# datapoints=690
36 44 
192 192 
404 204 
312 440 
232 456 
228 192 
36 200 
200 36 
244 212 
196 200 
208 32 
244 464 
192 260 
200 36 
216 196 
188 432 
212 208 
236 232 
208 44 
220 240 
200 32 
436 196 
196 236 
228 44 
192 200 
192 36 
216 196 
196 112 
204 44 
320 232 
308 40 
208 200 
196 216 
192 40 
244 260 
400 36 
228 212 
196 64 
240 44 
196 236 
396 36 
232 208 
200 196 
196 40 
232 324 
236 48 
208 216 
200 40 
236 44 
264 192 
212 424 
200 208 
200 44 
200 48 
200 232 
200 40 
200 232 
192 132 
236 44 
224 196 
400 44 
240 196 
192 36 
232 44 
200 228 
196 428 
196 196 
200 220 
236 44 
308 192 
192 424 
244 356 
228 40 
200 40 
212 200 
404 44 
200 212 
216 40 
196 196 
204 200 
192 40 
212 216 
500 36 
208 268 
392 40 
216 220 
200 204 
420 40 
232 240 
196 44 
220 292 
204 204 
196 36 
240 356 
240 44 
200 208 
228 192 
212 40 
240 232 
400 36 
204 224 
196 40 
212 648 
216 236 
200 44 
208 208 
192 36 
244 688 
196 168 
240 48 
208 300 
200 32 
200 204 
208 228 
236 44 
232 308 
404 40 
208 232 
192 48 
216 200 
244 244 
404 44 
228 212 
204 36 
200 200 
216 212 
228 44 
344 288 
204 32 
204 196 
240 40 
204 40 
196 248 
428 36 
196 228 
188 40 
236 184 
196 192 
192 40 
192 192 
200 32 
212 212 
228 228 
188 40 
196 264 
240 36 
220 200 
204 36 
200 44 
200 200 
196 36 
204 196 
188 40 
192 192 
252 224 
192 40 
196 200 
224 40 
208 196 
212 48 
200 196 
208 200 
420 44 
200 196 
196 40 
236 240 
196 204 
212 44 
212 196 
192 40 
324 196 
212 212 
228 44 
196 196 
224 32 
244 204 
200 216 
232 40 
200 196 
212 624 
200 196 
216 44 
224 212 
196 200 
400 44 
228 196 
192 48 
200 236 
192 200 
200 36 
196 236 
208 196 
296 224 
220 188 
208 196 
196 212 
228 544 
196 220 
212 268 
192 192 
192 192 
188 248 
192 208 
228 332 
268 232 
292 196 
196 220 
188 212 
200 236 
212 196 
192 336 
192 252 
232 308 
192 252 
304 244 
196 192 
196 324 
188 228 
192 196 
200 208 
228 204 
208 192 
196 188 
200 192 
184 188 
188 208 
208 244 
228 200 
212 184 
188 188 
240 216 
188 188 
212 212 
240 200 
192 208 
224 324 
228 192 
224 392 
192 192 
204 208 
192 192 
192 344 
224 248 
200 316 
196 208 
208 228 
228 188 
228 212 
204 192 
312 292 
188 232 
248 272 
232 228 
208 192 
228 412 
224 212 
200 188 
228 200 
192 192 
200 196 
208 200 
208 424 
232 476 
204 188 
228 304 
228 212 
204 204 
204 236 
240 516 
192 196 
232 196 
804 244 
188 196 
184 196 
224 192 
208 212 
204 192 
212 188 
192 236 
188 212 
208 320 
220 236 
240 240 
192 224 
228 216 
196 200 
196 248 
320 192 
192 316 
192 196 
192 196 
192 224 
216 416 
188 196 
200 208 
204 284 
604 188 
192 196 
240 248 
248 204 
188 220 
204 192 
208 200 
192 212 
188 204 
228 608 
196 216 
188 232 
216 280 
200 212 
724 304 
192 200 
216 188 
196 188 
224 208 
300 240 
200 192 
316 188 
192 192 
204 196 
196 192 
320 204 
188 204 
280 192 
340 192 
232 216 
192 192 
200 200 
192 232 
300 324 
260 220 
192 564 
216 204 
188 188 
188 232 
216 212 
196 188 
236 256 
224 192 
196 236 
232 192 
192 200 
208 240 
200 292 
204 208 
248 528 
208 208 
212 212 
192 208 
236 236 
224 240 
212 228 
224 236 
224 204 
240 324 
196 192 
196 232 
192 228 
192 204 
204 204 
248 232 
240 184 
220 236 
200 240 
216 192 
188 200 
200 212 
236 224 
224 224 
184 196 
220 216 
232 200 
232 220 
208 212 
232 236 
300 248 
192 216 
200 216 
188 208 
208 212 
236 224 
212 284 
224 188 
184 192 
208 204 
188 248 
196 232 
228 508 
200 208 
188 252 
196 196 
196 312 
220 192 
236 208 
200 240 
228 284 
204 232 
188 204 
224 216 
240 212 
252 228 
224 200 
276 196 
208 508 
236 196 
196 196 
232 192 
224 188 
300 216 
248 200 
192 212 
208 200 
192 228 
236 236 
228 216 
196 244 
208 232 
192 212 
212 216 
560 212 
256 244 
232 228 
188 232 
216 188 
212 236 
188 188 
192 192 
200 224 
200 200 
208 192 
216 212 
208 200 
212 192 
188 244 
188 252 
188 188 
208 212 
228 188 
188 228 
200 216 
204 192 
200 192 
212 212 
192 192 
208 192 
188 228 
228 268 
228 204 
228 248 
192 188 
188 236 
208 216 
188 208 
228 232 
192 196 
380 196 
216 200 
192 188 
208 264 
232 220 
236 192 
196 216 
228 228 
188 192 
400 212 
192 200 
196 240 
188 188 
208 188 
200 220 
188 192 
192 216 
232 236 
208 216 
188 188 
228 200 
208 208 
236 236 
208 240 
228 200 
212 212 
212 188 
232 224 
192 192 
228 224 
208 368 
188 204 
200 192 
208 188 
200 188 
192 192 
196 208 
252 228 
208 196 
212 192 
208 212 
312 288 
188 208 
208 212 
188 188 
232 224 
188 196 
232 200 
232 200 
212 248 
208 316 
196 196 
212 228 
192 304 
188 200 
212 196 
200 188 
208 212 
216 212 
232 192 
224 192 
236 216 
196 212 
196 192 
340 192 
220 196 
252 196 
192 192 
220 208 
228 208 
220 236 
208 228 
240 196 
228 344 
208 192 
188 228 
208 208 
208 196 
208 216 
228 208 
192 228 
192 188 
472 232 
208 228 
192 232 
192 192 
204 212 
204 212 
196 188 
212 212 
192 212 
232 244 
192 204 
200 192 
228 192 
188 188 
216 192 
228 236 
196 196 
188 196 
212 244 
268 228 
236 236 
216 236 
480 192 
192 196 
208 232 
184 208 
216 188 
228 488 
188 228 
208 232 
204 212 
216 392 
204 192 
236 196 
188 208 
224 212 
212 192 
228 212 
224 204 
208 188 
196 212 
236 228 
212 196 
224 192 
208 188 
204 188 
188 192 
188 216 
196 212 
216 232 
232 200 
224 208 
216 204 
212 232 
208 260 
208 188 
368 232 
192 188 
228 196 
212 328 
192 204 
192 192 
228 196 
236 192 
232 192 
192 208 
204 200 
192 232 
188 196 
192 192 
204 216 
188 232 
232 232 
188 188 
208 196 
192 204 
228 232 
188 208 
332 188 
228 228 
204 212 
268 232 
188 200 
228 228 
232 236 
196 208 
200 204 
212 192 
208 208 
208 192 
228 208 
188 240 
232 212 
236 188 
236 240 
204 232 
208 208 
204 212 
208 228 
228 240 
208 192 
212 192 
228 200 
228 232 
188 220 
192 228 
188 228 
208 196 
248 232 
228 192 
188 228 
264 212 
208 232 
192 232 
216 188 
228 212 
232 232 
492 348 
188 236 
228 196 
232 232 
228 232 
240 212 
228 232 
232 212 
228 200 
184 616 
208 188 
196 228 
208 236 
228 208 
196 216 
228 212 
192 268 
208 236 
212 296 
216 216 
232 232 
228 208 
228 188 
188 228 
224 208 
228 192 
204 232 
208 212 
220 228 
228 192 
216 208 
208 208 
236 192 
208 232 
228 196 
204 192 
