# ./FR-trace starting at Wed Mar 18 17:50:40 2020
################# CONFIG #################
# slot=5000
# samples=10000
# threshold=100
# idle=500
# minlen=500
# runs=10000
# pdathreads=2
# nmonitored=2
#   monitor0=../apps/openssl ecp_smpl.c:933 0x1e3d58
#   monitor1=../apps/openssl ecp_smpl.c:940 0x1e39f3
# nevicted=0
# npdatargets=2
#   target0=../apps/openssl bn_lib.c:514 0x102f79
#   target1=../apps/openssl bn_lib.c:543 0x102fe5
# affinity=0
############## SYSTEM INFO ###############
# mastik_version=0.02
# sysname=Linux
# nodename=lovelace
# release=5.3.7-arch1-1-ARCH
# version=#1 SMP PREEMPT Fri Oct 18 00:17:03 UTC 2019
# machine=x86_64
################## DATA ##################
# run=8155
# datapoints=1579
40 48 
44 196 
44 48 
44 48 
44 48 
224 232 
192 232 
228 240 
228 188 
148 240 
192 240 
196 196 
216 196 
196 228 
192 196 
268 200 
228 228 
192 228 
656 232 
232 228 
232 224 
232 200 
228 232 
40 44 
192 44 
224 236 
232 192 
232 196 
228 228 
228 48 
228 228 
244 192 
232 200 
232 236 
228 236 
228 44 
192 196 
192 196 
228 196 
228 232 
232 232 
228 40 
184 228 
236 252 
236 196 
228 232 
228 44 
196 216 
192 228 
236 196 
228 236 
228 232 
216 52 
192 216 
236 224 
232 232 
228 236 
228 44 
192 228 
236 232 
256 196 
228 232 
232 120 
228 44 
192 504 
232 232 
228 196 
228 228 
228 232 
228 44 
216 232 
236 196 
232 196 
228 228 
228 44 
236 204 
192 228 
232 236 
204 536 
228 228 
228 40 
188 232 
232 252 
236 232 
232 236 
232 52 
232 240 
188 200 
228 204 
224 232 
228 228 
228 44 
232 236 
232 232 
232 200 
216 228 
232 44 
232 240 
236 232 
228 192 
228 232 
232 48 
216 236 
228 192 
448 192 
232 228 
224 228 
248 44 
188 240 
232 232 
228 232 
236 236 
228 48 
192 240 
232 212 
232 232 
228 44 
236 196 
660 188 
232 232 
232 192 
232 228 
228 44 
192 228 
236 232 
232 196 
228 236 
228 40 
228 228 
232 232 
232 196 
228 228 
228 44 
220 188 
196 208 
232 240 
236 232 
228 232 
228 48 
224 228 
236 192 
228 212 
228 236 
232 48 
228 240 
224 740 
236 236 
228 200 
228 232 
228 44 
196 232 
236 228 
248 196 
228 228 
228 40 
204 236 
224 200 
232 232 
232 232 
232 232 
196 48 
196 192 
236 196 
228 236 
208 232 
196 44 
212 192 
228 244 
208 48 
308 276 
192 196 
192 208 
292 48 
348 232 
212 196 
188 44 
236 212 
200 40 
196 192 
208 260 
224 200 
228 48 
192 192 
232 232 
232 44 
236 232 
236 232 
224 196 
228 232 
228 44 
196 232 
196 204 
232 516 
276 232 
196 44 
216 352 
192 220 
232 40 
196 192 
232 44 
228 44 
196 196 
228 192 
236 224 
228 232 
232 48 
236 236 
228 220 
724 240 
232 192 
236 232 
228 44 
196 232 
228 240 
236 192 
232 244 
228 44 
228 232 
240 232 
236 192 
232 192 
228 236 
228 44 
236 200 
188 240 
236 224 
232 236 
228 192 
232 56 
212 188 
264 236 
212 44 
188 192 
232 188 
232 200 
228 232 
228 236 
196 48 
236 240 
236 236 
232 232 
232 228 
240 44 
192 236 
236 232 
236 224 
224 236 
228 44 
192 228 
228 228 
236 248 
228 236 
228 40 
236 240 
192 196 
232 192 
232 236 
232 232 
228 48 
220 236 
232 236 
228 196 
228 232 
236 52 
192 236 
236 240 
228 188 
232 232 
212 236 
240 48 
188 228 
232 236 
228 236 
228 228 
232 48 
228 240 
232 240 
212 192 
232 232 
228 48 
212 236 
232 228 
236 216 
228 232 
232 44 
192 200 
236 192 
224 192 
232 240 
236 44 
232 236 
192 232 
240 240 
228 232 
500 236 
224 48 
232 232 
232 232 
232 192 
228 232 
228 52 
192 236 
228 196 
736 752 
232 196 
228 232 
232 48 
192 192 
192 200 
228 192 
228 232 
224 228 
192 44 
228 236 
228 196 
232 228 
232 232 
228 40 
196 232 
232 232 
228 188 
232 236 
236 48 
196 220 
192 192 
232 192 
228 228 
228 232 
188 48 
188 232 
232 192 
232 228 
232 232 
228 48 
228 228 
232 236 
228 196 
228 240 
236 48 
196 196 
388 192 
228 228 
232 196 
228 232 
232 48 
192 244 
236 236 
236 220 
228 232 
228 228 
196 44 
228 196 
232 240 
228 232 
204 236 
228 40 
232 240 
244 220 
232 196 
228 232 
228 40 
212 192 
232 196 
208 204 
228 232 
232 44 
196 228 
236 240 
228 232 
228 228 
228 232 
228 44 
184 196 
236 196 
232 204 
232 232 
228 44 
232 200 
228 200 
240 220 
260 232 
228 48 
236 228 
232 232 
232 228 
232 232 
228 48 
196 192 
220 200 
508 196 
232 224 
228 232 
228 44 
268 240 
236 236 
228 192 
232 236 
228 44 
236 196 
232 232 
232 200 
228 232 
232 236 
192 48 
200 236 
236 236 
232 232 
232 620 
228 44 
232 232 
268 240 
232 192 
228 232 
228 48 
192 196 
188 188 
232 196 
228 228 
232 240 
228 48 
232 240 
232 236 
228 192 
228 236 
228 40 
196 228 
236 240 
228 212 
236 228 
228 44 
228 236 
232 232 
232 224 
236 236 
228 48 
232 232 
228 232 
232 196 
236 228 
228 48 
196 228 
232 232 
236 240 
228 228 
228 44 
236 192 
232 212 
236 192 
228 232 
208 44 
196 228 
236 228 
232 236 
228 232 
228 232 
228 44 
236 196 
236 244 
212 228 
232 232 
232 48 
232 232 
272 236 
236 236 
232 232 
228 232 
228 44 
216 212 
228 200 
228 220 
224 232 
232 44 
232 232 
232 240 
236 224 
284 236 
232 44 
228 232 
188 240 
232 236 
232 248 
228 228 
228 48 
192 236 
524 196 
232 216 
236 236 
236 48 
228 236 
192 196 
232 256 
232 232 
228 228 
236 48 
228 208 
232 236 
236 192 
228 228 
232 44 
192 228 
236 228 
224 192 
236 616 
228 44 
196 212 
228 200 
228 192 
228 228 
228 44 
196 236 
232 192 
236 236 
232 244 
236 232 
220 40 
192 228 
232 244 
228 560 
232 228 
196 52 
208 192 
228 192 
232 232 
228 232 
228 44 
220 228 
236 240 
228 192 
228 232 
232 44 
236 240 
212 228 
240 240 
232 236 
228 232 
232 48 
232 232 
228 232 
232 200 
232 232 
232 48 
216 236 
232 232 
232 224 
208 232 
232 48 
236 232 
236 232 
228 192 
232 228 
232 44 
188 236 
196 232 
212 188 
228 240 
232 232 
228 52 
236 228 
228 192 
232 200 
232 232 
228 44 
212 208 
236 232 
232 196 
232 236 
228 48 
220 232 
232 240 
232 204 
316 236 
232 44 
188 236 
236 240 
232 200 
236 228 
232 44 
196 196 
232 196 
540 236 
228 236 
228 228 
228 44 
212 240 
248 240 
232 212 
228 236 
228 44 
196 232 
232 240 
232 244 
232 236 
236 44 
244 236 
228 196 
236 232 
228 232 
228 652 
236 48 
200 228 
232 236 
228 192 
236 232 
236 44 
196 236 
228 192 
232 224 
228 232 
232 52 
236 232 
232 232 
232 244 
228 236 
228 52 
236 200 
232 244 
232 236 
232 240 
228 236 
232 40 
236 236 
228 228 
228 196 
228 236 
228 44 
200 232 
236 228 
232 192 
228 232 
228 44 
228 228 
264 192 
228 192 
228 232 
228 124 
228 48 
192 228 
232 196 
228 228 
216 236 
236 44 
252 188 
224 200 
236 236 
228 232 
228 44 
232 236 
236 232 
208 192 
228 232 
232 48 
228 228 
232 232 
232 188 
236 232 
228 44 
232 232 
236 208 
236 200 
228 232 
236 44 
236 196 
232 204 
236 228 
228 236 
336 228 
192 48 
248 232 
260 196 
236 248 
228 232 
228 232 
224 44 
196 228 
584 188 
236 228 
232 236 
232 48 
228 228 
240 540 
236 228 
232 196 
228 232 
228 48 
188 236 
192 240 
228 192 
232 228 
232 232 
232 48 
188 232 
232 196 
228 200 
228 228 
232 44 
196 232 
240 240 
232 236 
228 232 
232 48 
192 228 
192 196 
288 192 
224 228 
224 228 
228 44 
232 240 
228 196 
228 196 
228 240 
228 44 
196 204 
232 232 
228 200 
228 228 
232 48 
200 236 
188 228 
236 192 
232 228 
228 44 
232 236 
248 192 
232 200 
240 192 
228 228 
228 44 
236 232 
232 240 
232 196 
236 236 
228 44 
200 228 
236 228 
204 216 
232 228 
228 44 
232 244 
240 192 
240 196 
236 228 
236 40 
232 232 
212 232 
232 220 
228 232 
228 48 
232 204 
228 192 
232 236 
228 232 
236 236 
232 48 
192 232 
236 240 
224 208 
228 228 
236 48 
228 228 
232 236 
348 188 
232 208 
228 40 
236 200 
248 196 
228 220 
228 236 
232 44 
224 236 
196 368 
236 236 
236 240 
228 236 
232 236 
232 44 
228 228 
236 196 
232 192 
236 468 
228 44 
192 196 
236 196 
236 228 
232 232 
228 48 
228 232 
192 236 
236 240 
236 208 
228 228 
232 48 
196 228 
232 228 
232 192 
228 228 
228 48 
188 236 
196 228 
236 240 
228 228 
228 236 
236 52 
236 232 
228 232 
232 196 
228 232 
228 40 
200 212 
236 236 
236 192 
232 228 
228 232 
232 52 
236 196 
228 200 
236 196 
228 232 
228 40 
236 232 
232 228 
228 196 
232 232 
236 52 
192 196 
436 192 
236 192 
228 196 
224 232 
228 44 
208 232 
192 240 
232 200 
240 192 
228 228 
228 40 
232 196 
236 192 
228 196 
204 220 
232 44 
240 196 
240 196 
232 240 
232 208 
228 232 
228 48 
196 232 
228 212 
228 192 
232 232 
228 40 
228 232 
236 192 
228 200 
232 232 
372 48 
196 200 
232 192 
240 240 
232 228 
224 40 
228 236 
192 236 
228 192 
596 232 
228 232 
236 48 
192 244 
236 220 
232 576 
228 228 
188 44 
192 232 
232 196 
228 244 
236 232 
232 44 
236 228 
232 228 
228 192 
232 232 
232 48 
236 196 
644 188 
232 200 
236 228 
228 232 
228 52 
196 240 
232 192 
232 192 
228 228 
236 44 
212 232 
232 232 
232 196 
232 228 
228 44 
192 236 
232 236 
228 200 
228 232 
228 44 
236 232 
232 240 
236 220 
236 236 
228 232 
228 232 
228 44 
196 192 
232 208 
232 236 
228 232 
232 44 
228 228 
192 200 
228 196 
232 236 
228 228 
228 40 
196 228 
236 232 
228 196 
208 228 
228 48 
228 236 
232 228 
236 208 
228 232 
232 44 
232 232 
264 240 
208 196 
228 232 
228 48 
216 232 
232 232 
232 196 
228 236 
228 44 
236 200 
668 192 
232 228 
236 236 
236 236 
232 48 
232 236 
232 232 
232 232 
388 232 
236 44 
228 228 
228 240 
228 200 
228 192 
228 228 
228 44 
232 228 
628 188 
228 192 
228 236 
228 44 
192 236 
228 232 
228 196 
232 232 
232 236 
232 48 
228 232 
232 236 
232 292 
228 232 
228 44 
192 200 
232 200 
236 228 
228 744 
228 48 
244 228 
236 236 
232 196 
236 232 
228 44 
188 232 
188 232 
232 192 
228 232 
228 232 
192 48 
248 188 
236 196 
232 200 
232 236 
228 44 
188 240 
228 192 
228 244 
228 232 
228 40 
196 232 
236 232 
232 192 
232 228 
232 40 
196 228 
192 228 
228 196 
228 228 
228 236 
228 40 
216 236 
232 224 
232 192 
236 236 
236 44 
236 236 
232 232 
228 208 
212 240 
236 44 
196 232 
236 232 
236 240 
228 232 
232 44 
236 232 
236 240 
204 212 
228 240 
192 236 
236 236 
208 204 
228 240 
288 232 
228 192 
192 192 
192 212 
228 228 
228 232 
232 204 
212 204 
232 236 
256 196 
192 240 
192 236 
228 212 
188 196 
232 228 
228 212 
228 228 
236 192 
228 200 
232 236 
660 196 
232 196 
228 192 
232 200 
232 236 
228 228 
228 228 
232 236 
228 232 
232 516 
236 236 
228 236 
232 236 
228 240 
228 228 
232 232 
232 232 
228 236 
232 192 
200 192 
232 236 
228 196 
236 196 
236 192 
232 44 
220 196 
192 192 
232 200 
228 192 
200 188 
232 200 
236 188 
232 196 
236 232 
184 192 
228 232 
228 232 
232 236 
228 232 
232 232 
232 236 
236 232 
228 236 
228 240 
232 232 
192 236 
228 192 
236 240 
228 232 
228 232 
368 192 
228 236 
236 196 
204 232 
228 212 
192 236 
228 240 
196 228 
232 248 
432 228 
208 236 
228 228 
228 216 
228 236 
228 236 
228 236 
232 236 
228 232 
240 200 
232 212 
208 236 
228 236 
208 192 
236 236 
228 232 
232 228 
228 228 
192 232 
232 212 
184 236 
224 228 
232 232 
240 228 
228 216 
228 228 
228 208 
604 192 
228 216 
232 220 
208 232 
228 232 
232 232 
232 232 
232 196 
192 232 
676 220 
232 232 
220 188 
228 200 
228 224 
232 228 
232 232 
236 236 
228 212 
228 520 
188 236 
228 232 
228 232 
236 228 
228 240 
228 236 
232 232 
228 232 
216 192 
232 240 
236 236 
232 232 
236 232 
232 232 
236 228 
232 240 
232 196 
208 220 
228 236 
228 240 
232 232 
208 188 
188 236 
228 212 
232 236 
236 232 
236 228 
224 232 
228 224 
228 232 
228 236 
232 236 
228 236 
236 228 
228 236 
236 236 
228 232 
228 240 
228 236 
232 232 
232 236 
232 236 
232 232 
228 240 
228 232 
232 232 
228 232 
228 236 
228 232 
228 232 
204 232 
232 232 
212 232 
228 232 
228 236 
232 212 
228 228 
228 236 
188 232 
208 212 
228 192 
236 192 
232 232 
192 188 
208 208 
232 212 
188 192 
220 564 
196 212 
208 228 
204 204 
232 240 
704 232 
208 228 
204 228 
204 196 
584 232 
232 232 
200 216 
212 232 
188 188 
232 208 
228 228 
232 232 
232 212 
208 236 
228 228 
204 228 
356 316 
228 228 
188 188 
204 284 
192 228 
188 232 
232 232 
228 232 
220 216 
228 232 
232 232 
228 232 
228 236 
232 236 
228 232 
228 224 
232 240 
192 228 
236 192 
220 196 
200 188 
236 228 
228 236 
228 208 
188 216 
208 212 
188 228 
232 212 
264 232 
188 204 
228 204 
260 232 
232 232 
228 232 
232 232 
232 232 
236 208 
232 216 
228 236 
224 232 
224 228 
224 236 
232 228 
232 232 
188 228 
228 232 
232 232 
228 220 
196 208 
188 228 
228 196 
228 192 
232 236 
232 232 
228 232 
204 196 
232 236 
196 212 
228 228 
232 212 
196 236 
208 228 
232 232 
236 196 
228 236 
336 232 
192 212 
228 232 
228 240 
232 236 
236 208 
228 232 
228 232 
228 232 
220 232 
188 208 
236 232 
208 236 
204 236 
184 192 
228 224 
236 236 
224 232 
232 288 
228 224 
228 204 
232 236 
232 240 
236 236 
236 188 
224 228 
188 192 
192 192 
224 196 
228 196 
236 240 
196 208 
192 204 
228 244 
228 192 
240 188 
228 588 
228 212 
228 220 
232 232 
232 216 
228 236 
228 232 
188 328 
192 204 
192 188 
700 192 
192 192 
196 208 
232 216 
364 208 
192 232 
188 232 
192 240 
232 196 
208 212 
208 232 
232 232 
228 232 
188 192 
208 232 
228 208 
232 232 
232 240 
236 228 
236 232 
232 236 
236 236 
236 232 
232 228 
228 232 
200 224 
228 228 
228 228 
208 228 
232 228 
232 232 
232 228 
208 240 
208 208 
232 232 
228 228 
224 232 
228 228 
192 192 
228 192 
228 288 
208 232 
232 232 
196 228 
228 240 
196 232 
188 232 
208 228 
196 192 
232 556 
208 212 
228 236 
232 228 
232 232 
228 232 
228 236 
236 232 
228 236 
244 228 
228 212 
228 240 
228 236 
208 236 
188 196 
228 236 
232 192 
236 236 
484 232 
228 236 
228 228 
232 232 
188 200 
228 232 
232 236 
228 232 
232 236 
728 228 
232 232 
232 228 
232 236 
228 232 
232 236 
228 228 
228 232 
228 232 
236 608 
228 232 
236 240 
228 232 
228 236 
228 212 
236 236 
232 236 
228 236 
192 232 
236 232 
188 192 
232 232 
228 228 
228 232 
236 232 
232 232 
228 232 
188 192 
228 228 
228 228 
232 236 
228 232 
228 236 
228 228 
228 232 
192 240 
232 236 
212 232 
232 236 
232 232 
228 228 
228 232 
228 228 
212 228 
228 236 
228 236 
236 192 
228 212 
236 192 
196 220 
228 232 
208 232 
228 228 
232 236 
236 236 
232 228 
228 232 
228 232 
228 196 
232 236 
208 208 
236 228 
228 232 
228 228 
228 228 
208 232 
236 232 
232 232 
212 192 
204 208 
232 232 
208 256 
208 232 
228 208 
228 248 
208 228 
228 188 
252 212 
232 232 
228 232 
188 192 
228 244 
208 224 
228 232 
228 236 
228 232 
504 232 
232 240 
228 232 
232 240 
228 232 
228 232 
228 228 
228 236 
232 232 
192 196 
232 228 
228 232 
236 228 
228 236 
228 232 
228 208 
236 236 
228 232 
228 604 
228 260 
228 232 
232 192 
188 228 
228 228 
228 232 
228 188 
228 232 
236 232 
228 232 
208 232 
228 228 
216 232 
224 228 
228 228 
208 232 
228 232 
228 232 
228 232 
228 228 
228 232 
228 236 
236 232 
228 236 
236 240 
232 236 
220 224 
228 232 
188 228 
228 220 
236 236 
228 236 
232 240 
236 236 
228 228 
224 228 
228 232 
208 192 
228 208 
232 236 
