# ./FR-trace starting at Wed Mar 18 17:27:10 2020
################# CONFIG #################
# slot=5000
# samples=10000
# threshold=100
# idle=500
# minlen=500
# runs=10000
# pdathreads=2
# nmonitored=2
#   monitor0=../apps/openssl ecp_smpl.c:933 0x1e3d58
#   monitor1=../apps/openssl ecp_smpl.c:940 0x1e39f3
# nevicted=0
# npdatargets=2
#   target0=../apps/openssl bn_lib.c:514 0x102f79
#   target1=../apps/openssl bn_lib.c:543 0x102fe5
# affinity=0
############## SYSTEM INFO ###############
# mastik_version=0.02
# sysname=Linux
# nodename=lovelace
# release=5.3.7-arch1-1-ARCH
# version=#1 SMP PREEMPT Fri Oct 18 00:17:03 UTC 2019
# machine=x86_64
################## DATA ##################
# run=6868
# datapoints=982
36 208 
180 36 
36 40 
228 216 
396 408 
232 192 
232 236 
48 32 
352 556 
236 240 
228 68 
236 44 
224 244 
240 32 
236 232 
232 236 
36 40 
340 236 
228 44 
240 240 
228 240 
236 48 
232 244 
240 36 
236 244 
236 236 
580 36 
236 236 
232 36 
240 236 
228 40 
232 236 
244 232 
232 36 
240 240 
232 36 
240 236 
232 236 
240 44 
228 240 
236 40 
244 240 
236 236 
236 48 
236 672 
228 32 
232 244 
232 236 
240 44 
236 236 
404 36 
232 220 
236 96 
216 40 
216 236 
424 44 
216 204 
208 44 
232 236 
240 216 
232 36 
240 212 
208 40 
216 240 
216 236 
208 36 
204 236 
208 48 
216 220 
212 212 
236 36 
232 240 
232 40 
236 236 
228 40 
236 244 
236 240 
236 36 
244 236 
200 48 
196 200 
196 224 
192 44 
200 204 
232 36 
188 240 
200 244 
220 44 
232 192 
232 36 
256 232 
236 64 
232 40 
204 236 
548 36 
196 244 
236 92 
236 40 
232 200 
232 32 
236 216 
216 268 
228 44 
236 192 
236 32 
188 240 
192 36 
192 44 
232 212 
440 244 
236 236 
228 36 
364 284 
236 208 
432 40 
244 240 
236 40 
232 240 
232 240 
236 44 
240 232 
724 44 
236 340 
228 232 
232 40 
236 332 
196 44 
244 232 
232 244 
232 36 
240 236 
196 36 
200 236 
204 232 
192 36 
196 240 
192 428 
204 232 
200 184 
240 44 
232 236 
232 44 
236 220 
232 44 
232 236 
236 228 
236 44 
240 236 
212 40 
216 236 
212 40 
212 244 
220 212 
400 36 
236 240 
212 108 
216 40 
236 220 
240 40 
240 236 
228 48 
232 220 
208 236 
216 44 
216 244 
244 32 
232 224 
240 248 
232 48 
232 224 
216 36 
236 232 
212 36 
236 236 
216 212 
424 36 
208 216 
208 36 
208 212 
232 216 
384 44 
236 216 
208 40 
236 240 
232 192 
232 40 
232 244 
236 40 
236 240 
236 40 
212 44 
212 212 
404 36 
236 216 
208 40 
240 216 
244 232 
440 40 
240 220 
240 40 
232 196 
240 240 
232 40 
216 236 
236 36 
212 216 
220 212 
356 44 
232 236 
236 240 
240 240 
240 40 
192 36 
208 236 
396 36 
220 200 
220 312 
232 44 
244 240 
232 40 
240 240 
232 108 
232 40 
192 212 
200 32 
200 192 
220 212 
212 44 
212 224 
232 36 
248 232 
228 44 
240 196 
244 232 
444 40 
236 240 
236 40 
232 232 
236 236 
232 36 
248 236 
236 44 
236 240 
232 160 
212 36 
0 0 
0 0 
0 0 
0 0 
208 236 
188 240 
196 232 
232 44 
232 232 
232 48 
244 240 
232 236 
244 40 
244 236 
232 40 
236 236 
236 232 
400 36 
240 240 
236 84 
232 44 
224 236 
228 40 
240 232 
240 236 
236 36 
240 232 
440 44 
236 232 
240 44 
232 236 
212 236 
236 36 
232 236 
232 244 
236 248 
236 140 
232 36 
240 236 
240 44 
220 208 
236 244 
232 40 
236 240 
236 40 
236 236 
232 36 
236 236 
220 236 
232 36 
240 236 
240 32 
236 236 
232 236 
240 44 
236 236 
232 240 
420 232 
228 36 
232 236 
240 236 
232 40 
244 244 
240 40 
236 232 
232 92 
652 40 
244 236 
392 36 
240 236 
236 44 
240 240 
228 236 
232 40 
240 236 
400 36 
236 232 
232 40 
236 236 
232 240 
232 40 
232 236 
236 36 
240 240 
236 732 
232 40 
228 232 
232 44 
236 240 
244 232 
232 44 
232 228 
228 40 
236 244 
236 96 
232 44 
236 236 
232 36 
236 232 
232 236 
244 48 
232 240 
240 36 
236 240 
236 36 
232 248 
232 236 
440 40 
228 236 
232 44 
236 236 
240 236 
232 40 
232 240 
236 32 
244 232 
236 260 
232 44 
236 252 
236 40 
236 236 
232 240 
244 36 
232 232 
232 44 
236 240 
224 40 
232 244 
232 232 
236 40 
244 236 
232 36 
232 240 
232 232 
236 44 
216 212 
236 40 
236 236 
236 232 
228 48 
232 240 
244 48 
232 232 
236 244 
232 40 
232 236 
236 36 
236 192 
236 232 
240 40 
232 244 
232 40 
412 236 
240 216 
232 44 
232 232 
236 48 
232 232 
240 232 
232 40 
240 232 
716 36 
244 232 
236 236 
228 36 
236 236 
236 32 
240 244 
232 44 
232 236 
236 492 
228 44 
240 232 
236 48 
232 232 
228 244 
236 44 
240 240 
236 36 
236 716 
232 44 
232 236 
232 240 
232 44 
236 228 
236 40 
244 236 
244 236 
240 44 
240 240 
232 36 
232 240 
240 156 
232 48 
240 236 
232 44 
236 236 
232 44 
236 236 
236 236 
232 40 
240 236 
236 40 
236 240 
236 236 
236 48 
228 240 
440 40 
236 240 
228 40 
232 240 
232 236 
228 40 
236 236 
228 36 
232 244 
240 236 
236 40 
240 236 
188 36 
236 240 
212 92 
232 40 
236 240 
396 36 
232 236 
232 84 
232 40 
232 244 
400 36 
212 212 
240 36 
232 232 
240 240 
232 40 
236 236 
232 44 
216 192 
208 244 
232 196 
216 196 
196 196 
216 232 
188 192 
276 236 
208 232 
212 464 
208 204 
196 208 
192 236 
204 204 
192 244 
232 248 
228 236 
236 240 
208 240 
396 236 
236 236 
232 240 
228 212 
232 232 
228 232 
228 232 
232 232 
232 240 
244 500 
232 232 
232 232 
236 244 
236 236 
228 236 
236 232 
228 192 
236 232 
232 236 
236 232 
212 236 
236 240 
188 192 
232 236 
240 236 
236 244 
240 232 
244 240 
236 248 
236 236 
236 240 
236 236 
236 236 
240 236 
236 240 
220 232 
236 248 
212 200 
240 196 
232 236 
204 228 
236 232 
236 232 
240 232 
204 240 
236 240 
192 232 
192 208 
212 232 
228 240 
236 232 
232 232 
240 232 
200 240 
236 240 
212 236 
188 216 
240 240 
236 232 
228 232 
216 240 
232 248 
228 240 
232 244 
232 236 
212 236 
228 244 
224 240 
228 236 
216 216 
236 236 
232 232 
232 244 
240 236 
208 236 
236 204 
232 232 
212 232 
236 236 
232 232 
232 240 
196 232 
240 236 
228 232 
232 216 
236 228 
236 464 
232 232 
236 240 
228 212 
224 188 
232 236 
240 236 
232 240 
216 228 
688 228 
228 236 
208 232 
228 236 
220 208 
224 244 
236 244 
228 236 
196 200 
232 232 
236 236 
224 236 
240 236 
232 232 
216 208 
240 240 
236 236 
244 212 
232 232 
192 232 
236 232 
244 212 
252 228 
240 240 
240 232 
200 236 
240 240 
240 240 
240 240 
232 240 
240 232 
236 236 
240 240 
236 240 
232 232 
240 232 
232 240 
240 236 
232 236 
236 236 
240 232 
240 248 
236 236 
232 244 
236 244 
232 232 
228 244 
244 240 
232 236 
236 236 
236 248 
236 240 
236 240 
232 236 
232 236 
236 236 
240 240 
240 240 
232 236 
232 240 
216 244 
240 240 
236 232 
240 240 
240 368 
212 208 
216 232 
236 240 
224 212 
192 232 
196 232 
228 208 
208 212 
192 232 
236 240 
232 196 
228 232 
252 232 
232 216 
236 208 
232 216 
232 236 
236 212 
192 216 
232 212 
232 232 
496 196 
208 236 
240 236 
216 224 
232 220 
224 236 
192 232 
212 232 
228 196 
744 196 
192 232 
236 224 
232 208 
204 240 
228 204 
236 240 
228 236 
236 232 
192 640 
192 236 
248 236 
232 192 
212 196 
196 236 
368 216 
232 244 
248 240 
212 220 
232 212 
236 212 
236 248 
236 232 
228 236 
204 212 
232 236 
192 204 
220 240 
240 236 
192 216 
216 252 
232 232 
228 372 
244 220 
216 412 
200 196 
232 244 
664 232 
184 312 
204 236 
232 236 
232 232 
236 228 
236 240 
228 232 
236 244 
228 348 
232 236 
244 236 
236 232 
244 240 
212 232 
236 244 
244 232 
236 240 
232 236 
236 228 
232 240 
236 236 
236 236 
212 236 
200 192 
232 232 
236 236 
236 412 
240 232 
240 220 
204 196 
192 200 
212 208 
204 192 
232 244 
232 208 
244 212 
212 204 
236 212 
212 232 
200 236 
228 232 
188 212 
316 196 
188 236 
196 728 
236 236 
192 204 
204 192 
212 644 
236 228 
236 228 
232 196 
188 224 
232 208 
188 208 
192 232 
192 192 
216 212 
232 232 
232 236 
220 232 
240 236 
232 236 
236 216 
236 456 
240 224 
236 584 
236 240 
236 192 
216 252 
204 224 
212 192 
228 216 
232 192 
216 200 
196 236 
368 236 
212 196 
192 232 
192 212 
216 232 
232 192 
200 248 
192 228 
212 196 
192 208 
236 240 
264 220 
228 188 
236 212 
220 232 
184 192 
228 240 
236 196 
236 196 
188 240 
208 216 
188 236 
204 192 
228 240 
228 224 
228 216 
236 236 
196 208 
208 240 
212 216 
228 236 
460 196 
208 320 
228 236 
240 232 
236 228 
236 232 
228 240 
232 232 
204 192 
228 232 
208 232 
212 228 
232 208 
208 208 
252 192 
208 204 
232 232 
228 236 
268 212 
192 236 
236 208 
232 252 
232 240 
232 228 
232 236 
232 236 
188 224 
236 232 
228 212 
184 228 
228 236 
232 188 
232 236 
236 216 
236 236 
224 248 
512 240 
228 408 
236 232 
228 236 
200 204 
232 240 
228 236 
196 216 
244 232 
744 276 
228 216 
236 228 
212 236 
200 232 
236 236 
236 184 
228 232 
232 232 
224 648 
232 240 
224 224 
228 236 
236 232 
228 212 
228 216 
228 232 
228 244 
240 232 
232 236 
236 236 
236 204 
228 232 
224 236 
236 236 
232 236 
232 240 
232 240 
192 188 
220 240 
236 248 
240 236 
256 248 
188 228 
236 192 
232 192 
228 248 
232 240 
232 256 
228 212 
232 236 
232 244 
236 236 
232 188 
196 212 
216 244 
236 252 
228 240 
236 240 
228 236 
236 232 
228 236 
192 236 
232 236 
228 232 
232 236 
216 192 
236 240 
236 248 
232 196 
212 220 
232 236 
224 236 
232 232 
232 212 
188 196 
192 192 
232 192 
196 240 
212 212 
232 232 
232 244 
228 236 
232 240 
228 236 
232 236 
192 212 
336 212 
236 224 
232 240 
232 200 
232 252 
232 240 
232 240 
232 252 
228 248 
200 200 
204 304 
236 244 
208 192 
196 232 
240 236 
232 236 
196 204 
232 252 
744 240 
236 232 
232 220 
232 252 
212 200 
232 236 
