# ./FR-trace starting at Wed Mar 18 18:00:34 2020
################# CONFIG #################
# slot=5000
# samples=10000
# threshold=100
# idle=500
# minlen=500
# runs=10000
# pdathreads=2
# nmonitored=2
#   monitor0=../apps/openssl ecp_smpl.c:933 0x1e3d58
#   monitor1=../apps/openssl ecp_smpl.c:940 0x1e39f3
# nevicted=0
# npdatargets=2
#   target0=../apps/openssl bn_lib.c:514 0x102f79
#   target1=../apps/openssl bn_lib.c:543 0x102fe5
# affinity=0
############## SYSTEM INFO ###############
# mastik_version=0.02
# sysname=Linux
# nodename=lovelace
# release=5.3.7-arch1-1-ARCH
# version=#1 SMP PREEMPT Fri Oct 18 00:17:03 UTC 2019
# machine=x86_64
################## DATA ##################
# run=8692
# datapoints=973
44 36 
36 404 
36 192 
200 264 
432 200 
276 200 
44 60 
240 36 
224 204 
192 196 
40 52 
216 248 
288 276 
244 48 
264 252 
264 264 
432 36 
256 200 
196 60 
192 44 
228 196 
272 40 
196 316 
200 220 
196 40 
200 192 
232 32 
200 208 
292 212 
204 36 
212 212 
212 44 
200 244 
236 208 
236 44 
192 212 
404 40 
200 200 
228 48 
304 196 
196 204 
248 44 
224 208 
220 44 
192 224 
204 236 
264 36 
192 212 
224 32 
196 200 
216 80 
368 40 
192 192 
212 36 
200 224 
208 44 
216 36 
200 204 
232 36 
204 196 
200 316 
216 44 
244 212 
196 40 
284 292 
220 48 
224 208 
232 204 
236 40 
196 292 
220 40 
352 312 
188 44 
236 40 
208 196 
220 40 
220 212 
212 40 
208 44 
196 208 
188 36 
200 204 
208 44 
1020 196 
192 192 
396 48 
216 428 
204 36 
220 228 
200 196 
208 40 
196 288 
224 52 
316 272 
288 152 
192 40 
228 196 
204 36 
204 212 
340 40 
272 296 
196 188 
260 44 
208 188 
396 44 
200 196 
208 48 
200 224 
220 200 
228 44 
200 232 
192 44 
188 200 
352 140 
204 44 
420 472 
396 36 
216 208 
196 44 
200 240 
192 196 
196 48 
224 204 
188 40 
192 208 
208 40 
196 196 
204 212 
252 40 
196 192 
204 40 
208 196 
204 196 
196 44 
260 200 
204 40 
216 316 
240 204 
196 48 
212 368 
228 36 
248 216 
200 208 
244 48 
232 244 
244 36 
244 196 
316 48 
236 36 
244 240 
948 36 
208 712 
340 248 
192 44 
208 200 
216 36 
204 212 
204 40 
200 212 
220 196 
224 44 
196 196 
196 36 
224 212 
208 220 
216 48 
196 212 
1020 36 
200 228 
204 192 
228 40 
196 200 
192 244 
224 220 
208 40 
260 224 
216 196 
196 40 
196 188 
200 36 
204 200 
204 200 
208 40 
208 240 
236 40 
276 212 
244 360 
264 44 
296 268 
192 40 
240 252 
256 44 
192 200 
200 248 
196 44 
228 240 
204 44 
208 196 
196 204 
192 40 
360 280 
200 236 
212 192 
192 176 
264 36 
300 196 
192 432 
236 196 
196 140 
240 40 
192 224 
432 36 
196 220 
196 40 
244 212 
196 200 
208 44 
260 204 
324 36 
196 200 
204 56 
240 36 
240 244 
204 36 
192 216 
212 44 
212 40 
332 196 
440 40 
212 228 
208 40 
268 220 
232 440 
296 44 
592 204 
212 44 
256 268 
192 156 
300 40 
216 196 
412 40 
232 204 
492 32 
404 220 
216 212 
196 40 
188 208 
192 36 
192 200 
204 36 
216 40 
200 272 
264 32 
284 312 
216 144 
192 40 
280 244 
412 40 
204 200 
208 40 
200 196 
240 232 
496 40 
196 196 
196 44 
200 212 
216 216 
196 40 
196 200 
200 36 
208 192 
196 92 
196 44 
208 224 
568 36 
196 196 
192 116 
260 44 
212 196 
432 40 
200 236 
220 40 
204 200 
192 212 
192 36 
248 232 
284 432 
244 196 
196 72 
204 40 
196 300 
220 36 
556 232 
248 40 
288 236 
232 272 
432 40 
316 292 
340 36 
312 232 
280 216 
216 36 
192 212 
420 40 
192 200 
236 52 
244 40 
212 220 
436 44 
204 220 
196 40 
252 40 
200 188 
404 40 
196 200 
204 40 
240 192 
220 232 
536 36 
200 212 
236 44 
192 200 
232 212 
232 44 
240 212 
272 44 
336 236 
196 40 
216 196 
200 40 
192 200 
216 216 
208 40 
240 200 
240 32 
216 196 
200 220 
200 40 
196 192 
412 36 
220 204 
204 40 
192 232 
244 208 
488 36 
680 216 
284 44 
228 264 
328 328 
204 40 
196 208 
196 32 
212 232 
200 44 
200 536 
212 232 
208 48 
424 212 
196 44 
244 264 
216 212 
248 44 
228 196 
236 36 
196 204 
196 40 
188 36 
196 216 
440 44 
204 284 
220 220 
208 40 
212 212 
204 36 
240 196 
200 248 
264 40 
248 204 
196 32 
196 208 
212 40 
212 36 
196 212 
232 44 
552 220 
212 36 
224 248 
200 196 
224 40 
220 220 
232 48 
200 196 
200 44 
192 220 
196 196 
228 44 
188 196 
300 36 
284 208 
216 40 
196 212 
204 248 
724 36 
252 236 
236 40 
192 44 
200 196 
440 48 
200 216 
192 44 
204 196 
216 196 
200 36 
220 252 
192 40 
196 244 
224 188 
200 40 
204 204 
208 36 
208 200 
196 44 
200 240 
188 192 
408 40 
276 216 
196 44 
196 236 
204 244 
228 40 
208 236 
196 32 
196 228 
288 188 
208 40 
196 208 
204 36 
236 204 
220 40 
200 36 
236 200 
212 36 
236 208 
192 52 
196 40 
224 212 
196 36 
356 232 
196 40 
196 36 
200 224 
496 40 
224 840 
212 40 
212 236 
192 192 
212 48 
200 216 
240 36 
196 716 
200 44 
228 200 
244 236 
332 44 
228 304 
544 36 
200 256 
192 144 
304 36 
256 236 
196 48 
200 208 
196 40 
188 196 
304 612 
212 220 
224 188 
216 196 
192 192 
252 228 
196 248 
308 236 
192 196 
196 196 
192 192 
196 524 
332 248 
212 196 
236 196 
192 236 
236 260 
196 204 
208 196 
200 200 
192 204 
300 240 
212 200 
248 196 
344 220 
200 204 
196 196 
200 224 
192 208 
204 200 
224 196 
200 236 
196 460 
240 204 
556 404 
568 320 
344 236 
248 224 
232 216 
216 244 
196 244 
252 236 
216 232 
292 320 
192 208 
280 916 
272 204 
188 192 
192 196 
428 400 
236 264 
196 196 
544 320 
212 204 
192 196 
320 212 
196 196 
220 248 
216 208 
192 192 
196 192 
712 192 
200 220 
236 204 
216 216 
208 192 
192 220 
200 320 
192 208 
236 208 
196 220 
204 196 
192 228 
204 192 
220 220 
192 192 
204 224 
196 216 
228 200 
236 200 
200 212 
240 284 
312 272 
212 252 
200 228 
240 244 
212 236 
276 256 
224 240 
208 212 
288 336 
192 196 
532 332 
300 204 
192 344 
192 884 
244 240 
192 344 
260 228 
288 228 
200 324 
236 248 
220 192 
196 216 
232 204 
192 292 
192 204 
200 200 
196 208 
252 192 
332 212 
220 208 
216 324 
192 200 
212 208 
232 204 
192 188 
216 204 
232 192 
220 220 
208 200 
200 204 
236 196 
192 204 
236 240 
216 192 
204 196 
204 200 
304 236 
196 872 
204 192 
192 204 
192 216 
192 204 
256 200 
188 212 
188 212 
188 192 
312 320 
192 312 
192 192 
216 196 
220 196 
264 244 
264 248 
196 204 
196 284 
512 276 
200 260 
320 232 
308 312 
232 268 
228 280 
240 260 
332 208 
208 212 
668 348 
328 196 
204 268 
292 384 
308 224 
272 208 
320 240 
196 208 
208 208 
196 192 
240 200 
204 208 
224 236 
268 248 
232 228 
236 240 
236 208 
232 196 
208 240 
204 236 
244 280 
204 216 
212 196 
196 204 
188 204 
200 232 
192 200 
200 364 
264 232 
304 244 
196 236 
232 248 
236 240 
368 304 
412 240 
192 232 
192 200 
196 216 
208 304 
196 248 
192 204 
456 188 
240 224 
184 200 
244 192 
188 188 
196 304 
232 188 
256 192 
220 212 
208 252 
668 232 
192 204 
224 196 
196 192 
200 600 
228 216 
1244 236 
196 220 
236 336 
200 336 
208 196 
212 216 
196 236 
208 264 
188 196 
196 208 
196 200 
232 212 
232 208 
192 192 
192 212 
192 216 
212 196 
236 216 
208 212 
204 212 
192 228 
212 192 
204 216 
232 288 
208 196 
192 204 
188 224 
236 232 
188 220 
216 200 
232 200 
192 192 
192 192 
232 228 
216 192 
192 252 
228 196 
192 192 
232 216 
232 204 
236 224 
224 216 
196 196 
208 308 
212 192 
200 200 
212 224 
208 220 
224 220 
204 200 
232 276 
196 192 
192 196 
252 196 
248 216 
208 192 
196 268 
192 200 
192 240 
228 216 
208 204 
268 216 
192 228 
232 248 
248 236 
232 192 
204 240 
212 228 
236 236 
232 236 
212 212 
212 236 
208 220 
232 240 
236 244 
240 224 
208 192 
208 232 
236 236 
232 216 
212 232 
232 212 
220 228 
192 220 
204 1028 
228 232 
204 192 
208 204 
192 188 
236 216 
196 192 
208 200 
220 208 
208 212 
208 204 
228 196 
188 192 
212 196 
192 192 
192 188 
228 216 
216 196 
236 284 
228 244 
192 228 
232 216 
216 192 
196 188 
244 220 
200 240 
204 208 
188 192 
208 188 
208 296 
196 236 
188 228 
188 220 
524 228 
208 212 
196 248 
204 196 
212 240 
188 200 
204 192 
204 208 
192 188 
228 228 
208 196 
188 208 
188 212 
196 208 
236 352 
208 236 
316 336 
196 192 
208 200 
232 188 
208 236 
232 236 
192 224 
204 192 
208 212 
192 192 
236 276 
228 220 
200 184 
184 196 
196 196 
208 232 
188 212 
228 236 
632 192 
192 200 
560 236 
208 188 
208 200 
228 236 
208 192 
196 188 
212 208 
192 192 
392 228 
232 216 
212 184 
208 212 
188 208 
224 220 
232 196 
188 880 
188 216 
232 192 
208 196 
188 216 
224 212 
192 220 
544 216 
240 192 
200 200 
232 228 
192 224 
220 188 
192 212 
208 232 
196 196 
232 192 
200 232 
196 212 
200 212 
204 236 
212 228 
260 244 
192 216 
208 204 
276 220 
224 200 
192 196 
196 196 
248 220 
196 244 
228 212 
208 232 
336 188 
208 208 
188 192 
208 240 
236 228 
232 240 
224 236 
220 216 
232 232 
188 216 
208 228 
232 240 
196 236 
212 208 
208 232 
240 232 
192 236 
228 196 
196 216 
228 232 
236 232 
196 232 
204 232 
212 212 
236 236 
232 192 
208 236 
236 240 
240 236 
232 236 
232 232 
232 232 
192 260 
236 188 
604 236 
228 236 
228 696 
236 232 
196 208 
232 232 
204 200 
220 232 
208 220 
228 196 
228 192 
232 232 
196 216 
208 188 
192 212 
228 228 
228 228 
196 236 
208 216 
212 212 
184 232 
228 236 
192 192 
188 192 
228 232 
228 236 
224 188 
192 228 
188 192 
232 192 
228 220 
208 228 
228 228 
192 228 
200 208 
228 232 
188 232 
228 236 
196 212 
228 232 
208 228 
228 212 
188 232 
236 196 
208 236 
232 196 
208 232 
188 236 
228 204 
228 232 
188 228 
