# ./FR-trace starting at Thu Mar 19 01:02:39 2020
################# CONFIG #################
# slot=5000
# samples=10000
# threshold=100
# idle=500
# minlen=500
# runs=10000
# pdathreads=2
# nmonitored=2
#   monitor0=../apps/openssl ecp_smpl.c:927 0x1e3e58
#   monitor1=../apps/openssl ecp_smpl.c:934 0x1e3af3
# nevicted=0
# npdatargets=2
#   target0=../apps/openssl bn_lib.c:514 0x102fb9
#   target1=../apps/openssl bn_lib.c:543 0x103025
# affinity=all
############## SYSTEM INFO ###############
# mastik_version=
# sysname=Linux
# nodename=lovelace
# release=5.3.7-arch1-1-ARCH
# version=#1 SMP PREEMPT Fri Oct 18 00:17:03 UTC 2019
# machine=x86_64
################## DATA ##################
# run=2616
# datapoints=1525
44 40 
260 200 
48 144 
40 48 
48 44 
40 44 
232 208 
216 216 
192 1096 
220 216 
208 216 
244 224 
208 196 
212 220 
188 208 
232 208 
188 236 
208 228 
200 204 
232 208 
232 240 
236 216 
236 216 
188 232 
44 48 
44 44 
44 44 
44 48 
236 220 
232 208 
236 212 
228 232 
228 228 
40 44 
228 212 
228 204 
228 228 
228 232 
208 236 
236 48 
236 212 
232 208 
228 232 
228 236 
232 44 
236 212 
232 208 
212 232 
228 232 
232 44 
236 212 
236 232 
236 212 
228 232 
232 48 
260 224 
216 236 
228 208 
232 232 
228 48 
232 228 
236 232 
228 204 
232 228 
296 48 
236 216 
236 216 
228 232 
228 228 
236 44 
232 208 
232 216 
232 232 
548 232 
228 44 
228 212 
232 244 
232 228 
232 232 
236 44 
236 212 
236 240 
232 432 
228 228 
228 48 
228 232 
232 212 
232 232 
232 232 
228 44 
232 212 
228 668 
228 232 
228 232 
228 44 
232 240 
236 208 
232 232 
228 236 
232 44 
240 212 
236 224 
236 236 
232 228 
228 48 
240 236 
236 212 
236 232 
228 232 
228 44 
236 216 
232 212 
236 236 
228 232 
232 44 
236 216 
228 212 
232 208 
228 232 
228 44 
236 220 
232 212 
228 212 
228 232 
232 48 
232 48 
240 236 
232 236 
232 228 
228 228 
228 48 
232 248 
236 212 
216 232 
232 232 
232 44 
228 208 
232 212 
232 212 
228 232 
232 44 
236 208 
208 212 
256 216 
232 228 
228 52 
232 216 
232 208 
232 208 
232 232 
228 44 
220 236 
232 216 
228 236 
236 236 
228 48 
236 212 
232 212 
228 216 
344 232 
228 40 
236 212 
236 216 
236 236 
228 232 
232 44 
228 216 
228 212 
572 212 
232 232 
228 44 
228 212 
232 212 
232 208 
228 232 
232 192 
224 44 
236 432 
228 208 
236 208 
224 232 
228 44 
236 212 
232 212 
232 208 
228 232 
228 48 
232 212 
236 236 
236 244 
228 232 
228 44 
236 48 
236 212 
232 212 
232 208 
228 236 
236 48 
228 212 
236 224 
236 232 
228 232 
228 40 
232 220 
232 220 
232 216 
224 232 
232 44 
236 212 
228 204 
232 208 
228 232 
228 44 
232 204 
224 208 
236 208 
228 232 
232 44 
236 212 
236 232 
240 212 
232 236 
228 40 
228 208 
240 212 
228 224 
228 232 
224 48 
204 240 
232 240 
232 232 
232 228 
232 52 
232 212 
252 216 
236 232 
232 228 
204 48 
232 220 
236 240 
236 236 
228 236 
232 44 
236 212 
236 236 
228 212 
232 212 
228 40 
236 220 
236 232 
236 240 
228 232 
228 44 
232 216 
336 232 
228 216 
232 236 
228 232 
228 44 
236 208 
232 212 
228 208 
228 228 
604 44 
232 216 
232 208 
232 232 
228 236 
232 48 
232 208 
232 236 
228 208 
228 440 
236 44 
232 228 
228 208 
232 212 
232 232 
232 40 
240 204 
232 228 
236 688 
228 236 
228 48 
236 216 
228 228 
232 236 
232 236 
228 88 
236 44 
228 208 
236 216 
228 208 
228 232 
228 44 
232 228 
232 212 
232 228 
228 232 
228 40 
232 212 
232 224 
232 212 
228 236 
232 44 
232 212 
236 212 
228 208 
228 232 
228 44 
228 212 
228 212 
236 212 
228 232 
236 48 
236 212 
228 208 
236 216 
228 232 
232 48 
236 216 
236 232 
224 216 
204 232 
232 48 
236 216 
236 240 
240 220 
228 228 
232 228 
236 44 
236 236 
212 236 
232 204 
228 228 
228 48 
232 216 
232 228 
232 232 
228 232 
236 44 
228 212 
228 208 
232 216 
228 228 
236 48 
236 208 
236 208 
232 212 
380 232 
232 44 
232 216 
236 216 
236 236 
228 232 
232 40 
232 232 
232 236 
600 236 
228 232 
228 40 
240 208 
232 228 
236 224 
232 228 
228 44 
240 212 
228 480 
236 240 
228 236 
232 44 
236 220 
236 208 
264 212 
228 232 
232 40 
240 708 
228 216 
228 212 
228 232 
232 48 
236 236 
228 212 
236 236 
228 228 
232 44 
236 224 
228 212 
236 236 
228 232 
228 40 
232 216 
232 212 
240 216 
224 232 
236 44 
232 216 
228 216 
236 220 
232 228 
232 232 
228 44 
232 208 
236 236 
228 240 
232 228 
228 44 
232 216 
232 216 
228 232 
232 240 
232 48 
232 208 
232 212 
236 232 
228 228 
228 48 
232 232 
216 212 
228 232 
228 232 
228 48 
236 252 
236 224 
236 216 
228 232 
232 44 
212 216 
236 236 
236 236 
228 228 
232 48 
236 212 
236 208 
228 208 
228 228 
232 48 
232 216 
232 228 
232 216 
224 236 
232 52 
232 212 
236 236 
376 212 
228 208 
228 44 
232 208 
228 212 
232 212 
232 228 
232 52 
236 216 
624 212 
228 208 
232 228 
224 48 
228 216 
232 232 
240 216 
228 216 
228 228 
232 48 
232 212 
232 232 
232 228 
232 236 
232 40 
236 208 
240 240 
232 240 
228 744 
228 40 
232 216 
228 236 
236 216 
228 228 
228 48 
232 212 
228 208 
232 216 
228 236 
232 48 
236 212 
228 212 
232 228 
232 232 
232 44 
232 208 
236 236 
240 208 
228 232 
228 44 
228 212 
232 212 
236 236 
228 236 
228 48 
236 212 
272 216 
228 212 
228 232 
228 44 
236 220 
236 224 
236 236 
228 232 
228 40 
232 216 
232 212 
232 212 
228 228 
228 44 
212 212 
228 212 
232 208 
228 232 
228 44 
236 224 
236 216 
236 212 
228 232 
212 44 
232 208 
236 220 
236 240 
228 228 
228 44 
236 224 
236 236 
220 208 
232 208 
232 44 
252 232 
236 236 
232 232 
228 228 
228 40 
232 208 
392 208 
232 224 
232 228 
236 48 
232 212 
240 240 
228 208 
232 232 
232 44 
648 232 
232 240 
240 232 
232 232 
232 44 
240 208 
232 212 
228 228 
228 232 
228 48 
232 236 
232 208 
236 216 
228 232 
232 44 
232 224 
228 240 
232 216 
228 748 
232 48 
228 216 
236 240 
236 216 
232 232 
228 44 
240 216 
232 216 
232 208 
228 232 
228 44 
232 216 
228 232 
232 240 
228 212 
228 232 
228 48 
236 216 
232 260 
232 228 
232 236 
236 44 
232 236 
228 208 
236 212 
228 228 
232 48 
236 232 
232 216 
228 208 
232 232 
232 40 
232 216 
232 240 
232 224 
228 232 
228 44 
236 212 
236 216 
228 236 
232 232 
208 232 
236 48 
236 236 
236 216 
236 228 
228 44 
228 216 
232 232 
232 216 
204 232 
228 232 
236 48 
236 212 
256 212 
232 212 
228 232 
228 44 
200 220 
228 212 
228 208 
228 232 
236 48 
232 212 
228 232 
232 228 
232 244 
440 48 
236 212 
228 208 
232 208 
224 228 
228 44 
236 208 
232 220 
228 208 
672 232 
232 48 
236 220 
236 236 
236 208 
224 236 
232 44 
232 216 
228 228 
236 508 
228 232 
228 232 
228 48 
236 220 
236 212 
236 212 
232 228 
236 48 
236 220 
240 212 
232 232 
228 228 
232 48 
236 212 
236 236 
228 228 
228 236 
232 44 
228 216 
232 208 
232 208 
232 228 
228 48 
236 228 
240 212 
228 228 
232 232 
236 44 
236 232 
232 208 
232 232 
232 68 
236 40 
236 204 
236 212 
228 232 
228 232 
228 44 
228 212 
236 240 
224 228 
232 232 
236 48 
236 212 
232 244 
228 232 
228 232 
236 44 
236 212 
236 224 
212 232 
228 236 
232 40 
236 216 
232 240 
236 232 
228 228 
228 48 
228 232 
208 236 
232 232 
228 228 
232 48 
228 216 
232 224 
232 232 
228 232 
208 44 
236 212 
228 240 
232 224 
228 236 
228 44 
228 212 
228 232 
232 216 
428 232 
228 44 
232 212 
232 224 
236 208 
228 232 
232 48 
236 216 
228 208 
700 212 
228 232 
228 44 
232 220 
232 236 
236 220 
272 228 
232 228 
228 48 
232 524 
232 208 
228 208 
228 232 
228 44 
232 212 
240 212 
228 212 
232 232 
228 40 
236 240 
232 208 
232 228 
232 232 
232 48 
232 212 
228 212 
228 204 
228 232 
232 48 
228 204 
232 208 
232 208 
228 232 
228 44 
232 212 
232 232 
232 208 
232 232 
232 52 
236 212 
236 212 
228 212 
228 232 
224 44 
224 204 
228 208 
236 212 
232 228 
232 48 
232 212 
232 240 
232 212 
232 236 
228 44 
232 212 
232 216 
236 248 
232 232 
232 48 
236 212 
208 240 
232 236 
224 232 
228 48 
240 212 
228 208 
232 208 
228 228 
232 44 
212 216 
232 236 
228 224 
228 228 
228 44 
236 212 
240 228 
228 228 
236 232 
236 72 
232 240 
228 224 
236 232 
232 232 
228 48 
228 220 
232 216 
456 208 
232 232 
232 44 
232 212 
232 224 
232 232 
228 232 
228 44 
236 212 
732 212 
228 232 
228 232 
228 44 
228 208 
232 220 
240 236 
228 228 
228 40 
236 552 
232 208 
236 216 
228 232 
232 44 
228 212 
228 208 
232 212 
236 236 
228 232 
228 44 
236 212 
236 212 
232 216 
232 228 
228 44 
236 212 
228 208 
232 216 
232 232 
228 48 
236 216 
232 212 
232 228 
228 232 
228 40 
236 236 
236 208 
236 248 
236 232 
236 44 
236 212 
232 212 
228 208 
232 232 
228 44 
232 212 
232 236 
232 232 
228 232 
228 52 
232 216 
212 228 
232 212 
232 236 
232 44 
236 212 
232 208 
232 240 
228 232 
232 44 
212 212 
228 208 
232 244 
0 0 
0 0 
0 0 
192 228 
228 256 
232 212 
212 236 
232 236 
256 48 
228 204 
228 212 
228 232 
228 172 
228 48 
252 212 
236 212 
236 236 
228 228 
44 44 
228 204 
236 228 
228 208 
232 232 
480 232 
228 48 
232 208 
228 212 
236 240 
228 232 
228 44 
236 220 
232 208 
744 208 
228 232 
228 44 
232 212 
228 232 
228 212 
228 212 
228 232 
40 44 
240 568 
232 212 
236 208 
228 236 
228 44 
232 216 
236 208 
236 232 
228 228 
228 44 
236 212 
236 212 
232 212 
232 236 
228 44 
228 204 
232 212 
236 212 
228 232 
232 44 
224 208 
236 240 
228 208 
232 232 
232 44 
232 236 
232 232 
236 240 
228 232 
232 236 
40 44 
228 220 
236 228 
236 216 
228 232 
228 40 
236 212 
232 212 
228 212 
232 236 
228 44 
232 212 
212 236 
236 216 
228 232 
228 44 
232 212 
236 224 
232 216 
228 236 
232 48 
212 216 
232 212 
236 228 
228 232 
228 40 
236 208 
232 216 
232 216 
228 228 
40 40 
232 256 
256 212 
236 212 
228 232 
232 40 
232 216 
232 216 
276 232 
232 208 
228 48 
236 216 
236 216 
232 208 
228 208 
228 232 
232 228 
520 232 
276 220 
228 232 
204 220 
204 208 
228 208 
224 232 
228 232 
228 236 
232 392 
236 40 
236 232 
232 212 
228 204 
232 216 
232 204 
232 216 
236 224 
228 640 
236 236 
228 212 
228 232 
228 232 
228 240 
232 228 
224 232 
232 228 
232 228 
228 232 
228 236 
228 236 
228 236 
228 232 
228 232 
232 228 
232 236 
236 208 
236 212 
236 232 
228 232 
228 228 
232 256 
232 216 
232 208 
228 212 
224 232 
228 232 
232 232 
232 228 
228 232 
232 228 
228 232 
228 232 
232 232 
232 232 
228 228 
228 236 
232 248 
224 216 
236 232 
212 208 
228 232 
228 240 
208 216 
228 188 
228 244 
208 208 
236 236 
208 228 
208 232 
232 232 
228 228 
228 232 
232 232 
228 232 
228 232 
232 236 
212 232 
188 188 
208 212 
224 192 
224 236 
1188 232 
228 232 
188 232 
236 232 
296 232 
236 212 
228 232 
232 228 
228 232 
228 228 
232 232 
228 232 
228 232 
208 376 
228 228 
228 212 
188 236 
208 212 
188 232 
208 228 
232 208 
228 228 
232 404 
228 228 
232 232 
232 232 
232 212 
232 228 
252 228 
212 208 
232 228 
228 644 
232 228 
232 236 
228 232 
204 232 
228 232 
224 232 
228 232 
228 232 
200 224 
228 192 
224 212 
188 228 
224 232 
228 232 
228 232 
228 236 
196 228 
228 232 
232 228 
228 228 
232 236 
232 232 
228 208 
232 228 
228 232 
188 228 
232 232 
232 228 
232 212 
232 232 
228 232 
224 228 
228 236 
228 232 
228 232 
228 232 
232 236 
228 232 
228 232 
228 232 
232 232 
208 232 
232 228 
228 232 
232 228 
232 232 
228 232 
228 228 
228 232 
228 232 
212 232 
232 228 
228 232 
224 232 
232 232 
188 192 
232 232 
228 232 
212 212 
232 216 
228 216 
208 232 
228 236 
228 236 
208 236 
208 188 
228 240 
232 228 
232 228 
232 232 
228 236 
232 212 
216 232 
208 208 
192 192 
232 212 
516 232 
232 232 
208 204 
228 228 
228 232 
232 208 
228 200 
208 228 
232 232 
232 236 
456 204 
192 236 
212 232 
228 204 
232 232 
232 232 
204 232 
228 204 
232 644 
232 236 
204 216 
204 232 
188 212 
192 232 
228 232 
228 232 
232 192 
228 232 
224 236 
188 232 
228 228 
228 228 
364 208 
232 228 
228 228 
228 232 
232 212 
228 192 
224 228 
188 236 
208 192 
192 192 
204 232 
208 224 
188 236 
228 224 
188 208 
240 240 
204 208 
228 232 
232 232 
228 240 
232 228 
228 228 
228 232 
232 232 
232 228 
228 236 
228 232 
208 212 
212 212 
232 212 
228 232 
228 236 
192 248 
240 232 
224 212 
220 212 
228 192 
228 208 
204 232 
228 232 
188 200 
232 208 
228 396 
228 232 
228 232 
228 228 
232 212 
192 232 
228 232 
228 188 
232 232 
192 220 
216 236 
188 208 
304 208 
196 192 
208 228 
224 228 
228 236 
208 216 
228 228 
208 208 
228 196 
576 292 
228 232 
208 228 
224 232 
228 192 
208 236 
228 236 
228 196 
192 216 
188 188 
232 212 
228 192 
232 228 
232 228 
224 508 
228 232 
228 232 
208 232 
208 288 
188 232 
236 236 
232 192 
228 228 
232 188 
192 228 
188 232 
208 296 
192 212 
196 192 
232 228 
224 236 
236 228 
228 208 
192 212 
228 232 
228 228 
228 232 
228 192 
192 232 
228 232 
228 188 
208 232 
208 228 
224 232 
232 212 
192 232 
228 232 
232 192 
228 220 
196 232 
204 212 
208 232 
228 236 
188 236 
284 208 
236 228 
188 236 
188 204 
232 228 
228 232 
212 192 
228 232 
228 232 
228 232 
232 228 
188 208 
248 216 
232 232 
232 228 
228 236 
208 232 
228 228 
228 228 
212 244 
228 228 
232 232 
232 228 
260 232 
236 236 
236 236 
288 232 
228 232 
228 232 
252 384 
228 236 
232 236 
348 232 
228 208 
228 228 
228 232 
192 232 
228 232 
228 216 
212 232 
232 236 
572 232 
216 232 
232 232 
232 232 
228 228 
228 208 
228 228 
236 228 
232 232 
224 468 
232 232 
228 228 
232 232 
228 232 
228 232 
228 236 
228 232 
208 232 
232 684 
228 232 
228 232 
232 232 
228 228 
228 232 
228 228 
228 232 
228 232 
196 196 
228 232 
192 232 
228 228 
228 232 
228 232 
228 212 
232 216 
228 236 
236 232 
232 232 
192 188 
208 232 
308 212 
228 620 
212 212 
232 232 
228 192 
228 232 
228 232 
208 240 
188 232 
196 232 
192 188 
208 232 
228 232 
228 232 
228 232 
228 236 
228 232 
228 232 
192 232 
228 232 
188 212 
204 236 
228 236 
232 232 
228 228 
188 228 
228 232 
228 232 
316 236 
212 192 
228 248 
212 212 
208 212 
236 228 
228 232 
228 232 
228 232 
228 232 
212 208 
232 232 
228 232 
228 232 
232 192 
208 208 
228 236 
228 232 
384 232 
228 212 
228 232 
204 228 
196 232 
228 232 
228 232 
232 212 
232 228 
612 208 
244 232 
232 212 
232 228 
232 232 
228 232 
232 236 
232 236 
228 236 
208 484 
208 228 
232 236 
228 228 
228 232 
228 232 
228 232 
232 228 
228 208 
188 192 
232 232 
232 232 
204 212 
228 232 
228 232 
228 232 
232 232 
208 300 
232 188 
228 188 
212 228 
232 228 
228 196 
228 232 
228 236 
192 212 
228 232 
