# ./FR-trace starting at Thu Mar 19 02:55:07 2020
################# CONFIG #################
# slot=5000
# samples=10000
# threshold=100
# idle=500
# minlen=500
# runs=10000
# pdathreads=2
# nmonitored=2
#   monitor0=../apps/openssl ecp_smpl.c:927 0x1e3e58
#   monitor1=../apps/openssl ecp_smpl.c:934 0x1e3af3
# nevicted=0
# npdatargets=2
#   target0=../apps/openssl bn_lib.c:514 0x102fb9
#   target1=../apps/openssl bn_lib.c:543 0x103025
# affinity=all
############## SYSTEM INFO ###############
# mastik_version=
# sysname=Linux
# nodename=lovelace
# release=5.3.7-arch1-1-ARCH
# version=#1 SMP PREEMPT Fri Oct 18 00:17:03 UTC 2019
# machine=x86_64
################## DATA ##################
# run=8873
# datapoints=982
36 36 
40 412 
36 456 
192 196 
188 188 
440 296 
156 192 
236 36 
232 232 
196 232 
444 44 
196 204 
236 44 
220 240 
200 244 
232 40 
248 212 
232 36 
192 212 
236 240 
240 236 
244 192 
640 40 
204 264 
240 36 
240 192 
236 232 
420 44 
196 228 
216 40 
232 208 
240 236 
200 40 
196 204 
244 40 
240 232 
240 36 
240 212 
188 40 
216 240 
232 200 
232 48 
236 236 
212 36 
212 240 
228 52 
232 40 
200 236 
244 36 
204 220 
196 40 
200 232 
240 236 
240 40 
200 196 
196 48 
244 192 
236 40 
240 232 
236 176 
192 44 
200 212 
412 44 
260 232 
196 44 
220 200 
232 40 
216 232 
224 196 
244 44 
236 240 
428 40 
212 224 
208 40 
196 196 
232 96 
240 44 
240 196 
404 40 
192 240 
240 36 
196 240 
216 196 
192 40 
240 224 
424 40 
228 220 
208 44 
192 204 
236 40 
236 40 
200 200 
196 48 
248 192 
196 36 
236 240 
244 232 
212 40 
208 232 
420 40 
220 216 
244 40 
236 232 
232 236 
216 40 
212 220 
440 36 
232 240 
580 44 
232 232 
244 236 
220 36 
236 200 
244 40 
240 236 
196 32 
244 232 
236 44 
192 40 
212 220 
440 40 
224 236 
248 48 
240 228 
228 40 
240 232 
196 200 
228 40 
240 212 
420 40 
236 232 
236 36 
208 212 
196 232 
216 48 
248 236 
240 40 
244 192 
216 40 
208 192 
200 44 
216 212 
244 216 
196 40 
236 192 
432 36 
228 232 
228 44 
216 236 
208 320 
196 44 
200 236 
240 36 
192 232 
192 48 
240 192 
236 232 
236 52 
192 220 
408 44 
204 236 
228 40 
236 236 
200 220 
236 48 
192 232 
436 36 
208 236 
212 40 
200 212 
228 240 
212 40 
188 240 
196 44 
240 236 
236 40 
232 36 
220 228 
440 40 
240 236 
228 36 
236 240 
236 44 
240 40 
200 304 
276 44 
240 232 
200 32 
220 212 
196 44 
632 228 
236 204 
196 44 
204 192 
240 244 
200 196 
232 40 
232 236 
200 196 
192 44 
236 196 
240 240 
196 228 
624 36 
196 236 
196 40 
216 36 
236 188 
448 36 
236 204 
216 40 
240 204 
216 480 
224 36 
200 232 
240 36 
204 212 
244 40 
228 44 
248 212 
404 48 
204 240 
624 40 
240 192 
232 260 
232 40 
212 192 
460 36 
240 220 
248 48 
232 232 
244 196 
196 40 
244 236 
240 44 
240 236 
216 44 
232 200 
196 236 
204 48 
232 192 
432 40 
240 232 
236 40 
564 200 
240 200 
244 44 
196 240 
200 40 
240 188 
232 32 
232 240 
232 212 
192 40 
236 240 
440 40 
244 212 
196 44 
268 216 
244 44 
216 36 
240 200 
236 44 
200 240 
400 44 
240 232 
232 40 
232 212 
240 236 
236 44 
196 216 
400 48 
204 212 
232 44 
244 212 
244 36 
244 236 
208 44 
212 36 
236 212 
508 36 
244 216 
244 40 
212 240 
240 236 
212 40 
220 236 
424 44 
236 204 
232 40 
216 236 
212 36 
240 216 
244 236 
232 36 
244 204 
216 48 
228 240 
212 36 
236 216 
212 192 
232 40 
216 216 
236 40 
240 240 
264 36 
248 236 
212 44 
196 236 
212 244 
232 44 
200 244 
444 236 
208 208 
236 36 
212 236 
240 236 
240 40 
196 236 
440 40 
224 208 
232 48 
244 232 
232 36 
224 232 
200 232 
240 40 
240 220 
440 36 
232 248 
240 36 
224 196 
236 40 
244 240 
232 44 
240 236 
236 236 
236 40 
300 232 
452 36 
212 240 
236 44 
220 212 
236 56 
252 36 
216 324 
240 44 
236 228 
240 40 
240 240 
240 240 
236 40 
216 196 
236 44 
200 232 
444 40 
200 236 
232 44 
236 236 
240 228 
232 40 
204 228 
444 40 
240 236 
240 40 
216 236 
236 44 
220 304 
220 188 
244 44 
236 212 
220 36 
236 232 
244 140 
216 40 
220 472 
212 40 
196 232 
436 36 
204 220 
200 36 
240 200 
188 236 
240 40 
376 192 
400 36 
236 192 
200 32 
236 232 
236 44 
248 232 
212 212 
216 40 
204 196 
412 36 
244 244 
244 40 
236 240 
192 168 
236 40 
228 216 
444 36 
236 236 
192 44 
196 236 
244 192 
324 48 
260 260 
424 36 
240 188 
244 44 
232 232 
196 212 
228 40 
240 196 
436 36 
244 196 
244 40 
272 192 
236 220 
208 44 
236 236 
400 40 
236 236 
448 36 
236 240 
204 40 
236 196 
248 236 
232 44 
232 236 
216 36 
244 216 
232 44 
212 232 
240 196 
196 40 
232 200 
240 44 
236 236 
212 36 
228 196 
204 40 
200 204 
288 236 
236 40 
236 244 
208 32 
204 236 
220 44 
192 216 
244 252 
204 204 
288 352 
212 224 
196 268 
200 216 
356 212 
192 204 
260 260 
200 244 
192 220 
192 188 
788 416 
428 392 
212 232 
236 232 
216 216 
232 212 
240 212 
204 236 
244 212 
240 228 
196 232 
236 240 
240 200 
240 204 
188 236 
232 200 
240 700 
236 236 
316 40 
520 420 
232 228 
232 192 
192 236 
236 400 
304 228 
232 228 
236 232 
224 232 
236 232 
240 232 
232 216 
216 212 
240 232 
252 232 
240 428 
232 236 
240 240 
304 244 
212 220 
232 232 
192 224 
196 192 
196 212 
192 236 
232 248 
240 236 
228 188 
312 188 
200 228 
236 228 
496 196 
224 196 
216 200 
236 196 
196 200 
236 244 
304 188 
244 236 
232 228 
212 212 
240 232 
232 312 
236 232 
244 228 
216 216 
200 196 
244 200 
208 260 
216 212 
228 260 
232 236 
220 216 
196 204 
236 212 
204 216 
228 288 
240 248 
208 216 
236 232 
212 232 
232 232 
244 236 
240 196 
200 228 
244 236 
236 232 
244 592 
232 236 
240 212 
240 192 
192 232 
196 200 
224 232 
232 232 
216 228 
244 240 
236 196 
232 196 
240 236 
196 212 
240 208 
216 200 
224 748 
204 220 
212 192 
236 872 
220 220 
212 204 
196 196 
236 188 
216 236 
196 224 
212 204 
240 200 
228 244 
236 264 
232 212 
224 200 
212 228 
240 212 
236 668 
228 240 
192 228 
196 200 
200 212 
220 192 
224 240 
228 192 
240 244 
236 200 
196 552 
236 196 
240 240 
236 212 
192 240 
220 224 
216 228 
192 200 
216 228 
216 212 
232 224 
236 236 
240 232 
220 220 
248 220 
248 212 
196 244 
240 196 
236 236 
208 212 
228 236 
236 240 
196 240 
208 252 
196 200 
308 188 
232 236 
196 244 
208 200 
192 232 
236 196 
328 248 
232 192 
208 184 
204 232 
192 212 
228 216 
196 224 
224 232 
216 228 
212 236 
228 208 
216 192 
248 240 
204 312 
280 192 
212 208 
196 192 
196 236 
236 236 
196 220 
192 192 
208 216 
232 196 
200 188 
244 192 
216 228 
232 224 
208 192 
196 196 
216 192 
196 212 
240 240 
300 196 
236 216 
232 236 
224 212 
232 200 
216 232 
236 240 
236 200 
236 196 
308 228 
192 188 
252 196 
232 192 
232 192 
224 204 
292 196 
300 192 
200 200 
192 236 
224 200 
200 244 
216 236 
200 200 
236 192 
196 192 
228 196 
196 256 
208 224 
272 232 
192 224 
216 212 
232 196 
208 220 
204 236 
232 208 
200 232 
216 236 
232 244 
224 244 
196 236 
232 200 
212 232 
236 232 
208 192 
200 236 
212 240 
184 196 
232 236 
200 216 
236 236 
212 228 
204 188 
236 236 
224 208 
196 208 
228 232 
216 244 
232 192 
216 296 
192 192 
232 232 
232 300 
308 232 
240 192 
224 212 
240 204 
236 232 
192 236 
212 216 
208 620 
204 216 
200 232 
256 192 
228 200 
252 212 
208 308 
192 220 
196 188 
268 208 
272 232 
244 196 
188 192 
232 188 
336 208 
208 192 
212 208 
196 184 
188 192 
276 196 
192 196 
304 228 
316 196 
208 204 
232 188 
188 208 
192 292 
236 208 
232 204 
200 232 
228 204 
208 188 
188 196 
216 220 
236 208 
232 192 
236 188 
212 196 
304 200 
208 200 
240 232 
200 192 
244 252 
212 200 
224 204 
212 212 
212 228 
192 232 
216 652 
236 236 
240 232 
196 188 
268 236 
332 236 
196 216 
288 204 
244 192 
228 228 
192 204 
196 192 
200 192 
228 228 
196 340 
272 200 
228 200 
224 232 
228 232 
192 188 
196 188 
224 236 
216 192 
220 196 
196 188 
188 232 
200 192 
236 408 
212 220 
196 196 
208 236 
200 200 
404 188 
188 188 
192 200 
232 216 
220 212 
212 232 
188 208 
196 192 
240 188 
204 636 
200 248 
228 224 
200 192 
216 204 
212 196 
232 248 
204 196 
232 196 
332 204 
236 232 
220 736 
212 236 
200 228 
256 232 
212 212 
236 192 
208 192 
224 356 
212 228 
212 328 
212 232 
320 248 
236 232 
212 212 
236 336 
228 192 
200 240 
228 232 
232 240 
192 196 
240 232 
192 236 
228 228 
292 220 
248 236 
248 240 
236 236 
208 188 
216 192 
196 224 
188 212 
236 212 
204 192 
228 208 
192 232 
228 208 
196 228 
232 232 
228 224 
236 224 
188 228 
232 208 
196 208 
716 224 
232 228 
232 208 
228 228 
236 232 
216 228 
236 208 
208 216 
232 188 
208 656 
208 228 
208 192 
236 220 
232 228 
472 232 
228 216 
188 228 
228 192 
228 228 
232 228 
192 192 
196 228 
336 204 
268 220 
220 220 
204 216 
212 196 
336 236 
196 204 
192 192 
336 316 
192 228 
232 220 
200 216 
200 196 
212 192 
232 488 
240 352 
196 264 
284 332 
272 280 
304 256 
280 304 
372 304 
260 232 
204 204 
248 208 
228 188 
196 212 
196 316 
204 324 
192 256 
704 208 
196 220 
316 268 
220 200 
196 240 
192 196 
192 228 
220 188 
480 316 
200 192 
240 228 
188 204 
212 232 
212 208 
192 228 
236 192 
624 228 
188 192 
216 188 
216 236 
232 232 
228 232 
208 232 
236 228 
236 232 
188 268 
236 184 
212 232 
236 228 
244 232 
348 192 
196 236 
228 268 
232 192 
396 332 
316 240 
272 328 
188 196 
200 188 
656 200 
200 248 
228 188 
264 260 
200 192 
188 504 
232 236 
192 224 
220 192 
196 228 
260 200 
268 188 
236 240 
252 284 
216 204 
192 216 
240 252 
288 260 
240 320 
192 228 
224 192 
212 232 
236 228 
