# ./FR-trace starting at Thu Mar 19 02:19:50 2020
################# CONFIG #################
# slot=5000
# samples=10000
# threshold=100
# idle=500
# minlen=500
# runs=10000
# pdathreads=2
# nmonitored=2
#   monitor0=../apps/openssl ecp_smpl.c:927 0x1e3e58
#   monitor1=../apps/openssl ecp_smpl.c:934 0x1e3af3
# nevicted=0
# npdatargets=2
#   target0=../apps/openssl bn_lib.c:514 0x102fb9
#   target1=../apps/openssl bn_lib.c:543 0x103025
# affinity=all
############## SYSTEM INFO ###############
# mastik_version=
# sysname=Linux
# nodename=lovelace
# release=5.3.7-arch1-1-ARCH
# version=#1 SMP PREEMPT Fri Oct 18 00:17:03 UTC 2019
# machine=x86_64
################## DATA ##################
# run=6897
# datapoints=1037
48 40 
196 192 
236 292 
48 196 
232 264 
240 208 
240 228 
48 40 
228 232 
228 232 
188 40 
232 48 
232 228 
228 44 
232 232 
228 232 
44 40 
228 232 
232 208 
236 44 
228 228 
44 232 
232 40 
192 208 
224 44 
212 228 
236 232 
48 48 
208 208 
228 236 
216 40 
208 232 
208 208 
216 204 
224 232 
232 208 
188 192 
208 188 
288 216 
192 228 
196 208 
244 212 
204 244 
192 212 
196 212 
232 208 
192 208 
188 232 
204 216 
228 208 
228 244 
212 40 
232 208 
208 192 
204 44 
228 232 
228 44 
220 208 
228 212 
208 44 
228 208 
232 232 
232 40 
228 212 
232 40 
44 188 
232 232 
192 40 
228 228 
228 228 
232 40 
232 228 
44 40 
232 228 
212 216 
228 40 
208 232 
44 40 
232 208 
208 208 
216 44 
232 208 
212 232 
236 40 
228 228 
228 36 
232 232 
228 232 
44 44 
232 228 
228 228 
232 44 
228 620 
196 40 
220 40 
208 228 
44 40 
228 224 
228 212 
236 44 
228 228 
228 232 
48 40 
228 232 
232 40 
228 224 
228 228 
44 44 
232 232 
232 232 
236 40 
188 228 
44 48 
228 192 
224 228 
228 44 
212 192 
232 232 
52 40 
188 232 
232 232 
236 40 
228 208 
160 40 
232 232 
196 232 
236 48 
192 232 
228 192 
44 36 
228 232 
228 40 
204 232 
232 228 
44 40 
216 232 
192 188 
212 44 
228 228 
232 44 
232 232 
228 192 
48 44 
208 232 
204 188 
44 44 
232 232 
188 44 
228 208 
336 208 
236 44 
444 228 
204 168 
208 40 
228 228 
232 44 
44 228 
228 228 
220 40 
220 232 
404 40 
228 208 
228 232 
44 40 
228 232 
232 228 
228 44 
232 192 
44 40 
232 604 
196 232 
196 40 
188 232 
44 44 
232 232 
232 188 
216 48 
232 228 
192 192 
44 40 
232 188 
232 44 
44 232 
192 236 
228 44 
192 228 
236 232 
232 44 
232 232 
232 232 
44 44 
192 232 
212 44 
200 232 
232 232 
52 44 
232 236 
232 228 
228 40 
232 224 
228 228 
232 44 
232 228 
72 44 
236 224 
232 216 
232 44 
232 192 
232 228 
44 48 
228 228 
232 228 
232 40 
232 224 
44 40 
236 232 
228 224 
236 44 
232 232 
236 136 
40 40 
232 228 
188 44 
228 228 
228 192 
48 44 
228 232 
204 228 
236 40 
208 236 
120 40 
232 348 
232 232 
364 64 
216 192 
228 256 
48 44 
228 724 
212 44 
232 228 
232 224 
44 44 
232 232 
228 368 
232 40 
208 228 
232 44 
232 208 
228 228 
44 44 
232 192 
196 44 
196 232 
232 224 
44 40 
232 196 
236 44 
232 232 
228 228 
232 44 
192 192 
232 224 
44 40 
188 236 
192 40 
192 232 
196 192 
44 40 
228 228 
192 44 
220 228 
232 232 
48 40 
192 236 
192 196 
228 40 
228 232 
232 40 
228 228 
232 228 
44 40 
228 232 
232 708 
212 40 
216 232 
192 160 
48 40 
196 228 
188 36 
44 228 
232 192 
240 44 
192 232 
228 44 
44 44 
224 232 
228 40 
232 232 
232 232 
228 44 
232 232 
48 44 
192 232 
192 208 
188 44 
196 232 
216 208 
44 40 
232 232 
232 44 
232 228 
228 228 
40 40 
232 232 
228 208 
236 40 
232 232 
180 40 
216 192 
228 232 
228 44 
232 192 
232 192 
236 44 
212 252 
44 40 
232 232 
292 228 
232 44 
236 232 
236 216 
44 44 
232 232 
188 208 
232 36 
228 232 
200 44 
232 200 
232 212 
48 44 
224 192 
236 220 
228 40 
228 228 
228 44 
232 236 
228 232 
44 44 
228 232 
232 48 
368 232 
232 208 
192 48 
232 232 
192 192 
212 44 
232 228 
228 232 
44 40 
604 232 
228 44 
44 228 
232 232 
228 44 
232 228 
224 248 
232 40 
208 228 
44 36 
196 228 
208 192 
192 44 
236 228 
228 228 
44 44 
232 232 
228 44 
232 232 
232 236 
52 44 
228 232 
212 208 
232 40 
228 228 
232 40 
44 44 
192 232 
224 44 
232 236 
196 236 
216 40 
228 228 
232 204 
44 44 
232 192 
232 44 
228 228 
208 228 
44 40 
232 232 
232 232 
232 44 
228 220 
44 44 
232 228 
236 236 
236 44 
232 212 
132 36 
540 228 
228 208 
236 40 
228 232 
236 232 
52 44 
228 228 
228 232 
232 44 
232 268 
44 44 
228 188 
228 232 
236 44 
216 232 
228 228 
44 40 
228 232 
396 48 
300 188 
188 188 
40 40 
232 232 
232 48 
236 228 
228 232 
48 44 
228 188 
236 228 
228 44 
228 232 
44 40 
232 232 
188 228 
188 44 
188 232 
408 44 
228 204 
232 228 
44 40 
232 232 
228 228 
236 44 
220 232 
232 64 
620 44 
232 192 
192 40 
228 232 
192 232 
44 44 
208 232 
192 44 
232 228 
232 492 
48 40 
232 232 
232 232 
228 44 
232 232 
212 40 
232 232 
188 208 
216 44 
232 232 
220 208 
44 40 
232 208 
228 44 
212 232 
212 236 
320 40 
228 192 
192 44 
44 44 
232 228 
228 44 
232 200 
208 192 
44 40 
232 232 
208 228 
232 44 
232 232 
248 44 
232 232 
228 212 
232 48 
228 228 
228 228 
48 48 
204 232 
236 204 
236 44 
228 228 
212 44 
212 40 
212 232 
44 44 
232 228 
208 228 
232 40 
232 232 
236 44 
44 232 
192 208 
232 44 
232 232 
236 232 
232 44 
192 232 
312 40 
200 204 
188 212 
212 44 
232 232 
232 228 
44 40 
232 232 
196 44 
228 196 
232 228 
196 40 
232 208 
228 232 
232 40 
232 232 
228 44 
232 208 
204 220 
192 232 
372 232 
316 236 
232 236 
320 188 
208 212 
204 268 
332 196 
188 192 
204 232 
232 508 
232 232 
232 212 
232 236 
228 212 
232 192 
216 192 
232 232 
192 232 
212 532 
232 220 
216 228 
228 232 
236 192 
232 232 
228 228 
228 232 
232 232 
236 728 
272 192 
196 216 
228 212 
228 236 
224 204 
980 232 
232 232 
232 232 
232 232 
192 232 
228 208 
228 228 
228 228 
228 232 
232 228 
208 232 
188 232 
208 228 
188 228 
232 212 
264 212 
228 192 
232 208 
212 196 
228 208 
216 228 
232 232 
236 200 
192 232 
208 192 
228 208 
200 228 
200 228 
232 232 
228 192 
188 228 
232 228 
192 232 
216 208 
192 212 
244 208 
228 220 
232 212 
232 232 
232 232 
212 232 
232 232 
192 228 
228 216 
192 208 
232 232 
192 212 
232 208 
228 232 
204 220 
232 228 
232 232 
232 232 
220 364 
192 188 
192 228 
228 220 
224 228 
240 204 
220 212 
208 232 
220 232 
232 228 
208 232 
212 232 
228 228 
192 232 
236 232 
236 228 
228 228 
228 228 
228 284 
232 224 
228 216 
204 232 
212 228 
204 232 
228 224 
208 232 
208 212 
228 528 
236 188 
228 188 
244 228 
232 232 
212 228 
288 204 
208 232 
228 208 
228 208 
232 232 
228 208 
228 232 
232 192 
208 228 
192 192 
232 188 
188 232 
232 232 
188 232 
236 196 
208 232 
232 208 
212 228 
232 228 
228 208 
196 228 
228 232 
232 228 
228 228 
228 204 
228 232 
236 216 
232 232 
236 232 
208 232 
228 228 
232 228 
224 232 
232 228 
228 232 
232 236 
212 228 
232 192 
232 192 
232 188 
196 232 
228 232 
228 240 
232 232 
408 228 
208 192 
232 188 
228 232 
228 232 
232 232 
232 232 
228 228 
280 228 
192 232 
212 244 
192 228 
208 212 
212 228 
228 188 
200 228 
192 228 
236 216 
336 232 
232 212 
232 232 
192 228 
188 188 
192 232 
212 232 
228 228 
232 200 
212 596 
188 200 
212 228 
212 232 
220 232 
228 192 
232 192 
252 224 
212 232 
272 208 
236 356 
188 208 
192 208 
228 192 
232 236 
228 192 
228 228 
232 264 
232 576 
216 232 
228 212 
232 232 
188 196 
192 228 
192 228 
236 228 
228 256 
232 192 
232 232 
232 208 
232 244 
232 224 
192 228 
232 232 
208 252 
228 216 
232 232 
204 204 
228 212 
232 232 
244 192 
228 576 
212 232 
192 212 
232 212 
232 232 
192 192 
208 228 
192 232 
208 232 
188 212 
216 228 
192 188 
192 188 
192 192 
188 228 
216 232 
192 240 
232 280 
192 492 
192 196 
188 212 
204 208 
228 212 
208 192 
232 192 
228 196 
228 188 
232 532 
240 208 
232 228 
232 188 
232 188 
208 232 
188 224 
232 228 
228 232 
232 232 
208 232 
228 228 
232 232 
228 188 
224 192 
232 204 
228 232 
232 232 
224 228 
260 228 
228 192 
204 364 
228 192 
328 232 
212 232 
224 208 
324 192 
208 196 
192 216 
236 188 
212 232 
228 228 
192 232 
192 188 
232 232 
188 312 
192 380 
208 192 
232 232 
232 232 
292 212 
228 200 
188 232 
208 232 
196 232 
216 228 
196 188 
196 192 
232 232 
232 184 
192 208 
232 188 
228 232 
192 232 
232 232 
228 740 
236 232 
228 192 
188 228 
308 216 
236 232 
236 192 
212 208 
232 236 
232 196 
236 228 
228 228 
200 208 
632 232 
192 208 
232 188 
232 212 
196 232 
212 192 
196 192 
208 192 
192 192 
196 232 
232 232 
220 332 
232 228 
232 192 
188 208 
212 212 
208 232 
188 192 
216 232 
232 228 
232 232 
232 216 
208 228 
212 232 
228 200 
220 232 
232 188 
240 224 
208 224 
232 208 
208 232 
232 232 
284 228 
240 192 
204 224 
208 228 
440 192 
232 224 
208 232 
232 228 
188 192 
236 232 
232 228 
212 228 
232 228 
236 508 
192 232 
212 212 
232 228 
232 224 
228 232 
200 236 
208 228 
188 208 
488 212 
232 264 
228 232 
200 232 
192 200 
232 232 
232 192 
232 228 
192 232 
228 340 
252 228 
236 228 
228 228 
236 228 
228 192 
228 228 
216 228 
188 228 
232 228 
192 228 
232 236 
232 232 
212 192 
308 328 
228 232 
196 208 
228 228 
196 232 
232 232 
236 204 
236 228 
232 216 
240 228 
236 208 
232 232 
228 192 
232 232 
232 228 
228 228 
232 232 
232 228 
192 208 
232 232 
232 228 
228 236 
236 232 
188 228 
228 228 
232 232 
232 228 
236 236 
208 228 
232 232 
232 228 
232 236 
240 232 
216 228 
232 232 
228 228 
248 196 
200 232 
192 236 
232 204 
208 232 
232 232 
232 192 
236 228 
236 232 
188 188 
208 192 
232 224 
208 232 
0 0 
0 0 
196 188 
312 240 
232 232 
192 228 
192 248 
192 196 
192 256 
228 232 
232 196 
212 232 
232 232 
236 232 
260 228 
192 208 
228 192 
196 228 
232 220 
232 228 
232 232 
232 232 
228 228 
508 208 
236 232 
228 228 
236 208 
236 228 
220 240 
208 228 
208 208 
232 232 
236 376 
232 232 
232 228 
236 232 
212 236 
228 232 
232 232 
232 232 
228 216 
240 600 
232 232 
228 228 
232 224 
