# ./FR-trace starting at Thu Mar 19 01:37:05 2020
################# CONFIG #################
# slot=5000
# samples=10000
# threshold=100
# idle=500
# minlen=500
# runs=10000
# pdathreads=2
# nmonitored=2
#   monitor0=../apps/openssl ecp_smpl.c:927 0x1e3e58
#   monitor1=../apps/openssl ecp_smpl.c:934 0x1e3af3
# nevicted=0
# npdatargets=2
#   target0=../apps/openssl bn_lib.c:514 0x102fb9
#   target1=../apps/openssl bn_lib.c:543 0x103025
# affinity=all
############## SYSTEM INFO ###############
# mastik_version=
# sysname=Linux
# nodename=lovelace
# release=5.3.7-arch1-1-ARCH
# version=#1 SMP PREEMPT Fri Oct 18 00:17:03 UTC 2019
# machine=x86_64
################## DATA ##################
# run=4527
# datapoints=1276
52 256 
36 40 
36 36 
36 36 
36 44 
452 448 
452 432 
248 256 
456 456 
456 452 
456 448 
376 436 
244 240 
452 436 
456 436 
244 260 
44 44 
356 444 
260 440 
460 256 
252 264 
40 44 
452 440 
452 440 
260 256 
256 40 
248 440 
456 436 
256 256 
260 40 
452 436 
460 252 
248 264 
244 36 
456 436 
228 236 
256 260 
256 36 
456 444 
456 440 
260 260 
252 44 
460 436 
456 444 
240 236 
252 48 
452 448 
456 436 
256 264 
260 44 
452 444 
452 436 
240 256 
256 40 
456 36 
248 256 
252 252 
256 36 
460 444 
256 264 
260 264 
436 36 
452 436 
456 440 
252 260 
256 40 
456 436 
460 432 
252 256 
256 248 
712 36 
452 436 
252 236 
248 256 
252 36 
336 436 
248 232 
252 256 
456 36 
456 436 
260 256 
248 260 
248 236 
340 436 
252 260 
252 256 
452 36 
460 440 
248 756 
260 256 
456 36 
460 436 
256 252 
256 260 
452 36 
456 436 
248 264 
248 260 
252 236 
452 436 
244 256 
252 256 
456 36 
248 452 
248 256 
252 260 
728 36 
456 440 
252 232 
256 248 
484 36 
468 440 
256 256 
252 256 
452 36 
452 440 
264 256 
248 252 
456 36 
452 436 
256 256 
244 268 
456 36 
456 436 
248 256 
252 252 
448 36 
452 440 
260 252 
260 180 
224 36 
456 440 
256 256 
252 188 
452 36 
456 440 
252 264 
256 256 
456 36 
432 432 
260 260 
256 252 
252 36 
448 432 
252 240 
252 260 
472 36 
456 440 
248 232 
248 256 
248 244 
448 436 
256 256 
256 40 
456 36 
452 440 
480 256 
260 240 
456 36 
460 440 
252 252 
256 256 
452 36 
456 444 
260 260 
724 40 
224 32 
456 440 
256 252 
252 92 
456 36 
456 444 
260 260 
252 252 
460 36 
460 444 
248 260 
256 256 
456 36 
456 436 
256 260 
256 260 
452 36 
452 664 
248 256 
256 256 
460 36 
452 436 
252 260 
264 256 
452 36 
452 436 
260 256 
256 260 
256 36 
252 436 
248 256 
248 260 
256 244 
456 440 
252 256 
256 268 
456 36 
464 444 
252 252 
256 252 
456 240 
452 432 
256 256 
256 260 
452 36 
248 256 
264 260 
244 236 
456 440 
252 252 
232 256 
452 956 
456 440 
256 248 
260 252 
456 36 
464 436 
260 256 
252 260 
452 36 
456 444 
456 440 
252 260 
252 40 
460 452 
456 432 
252 260 
252 36 
436 440 
252 260 
260 256 
456 36 
456 436 
248 236 
256 256 
456 36 
452 436 
452 440 
252 264 
252 40 
452 440 
256 264 
260 256 
452 36 
456 436 
516 260 
248 232 
456 36 
456 440 
456 432 
252 260 
252 40 
452 436 
452 436 
732 260 
256 260 
452 36 
452 440 
256 252 
248 212 
456 36 
456 440 
260 256 
252 592 
452 36 
456 436 
256 252 
252 260 
452 36 
456 440 
260 264 
256 256 
844 36 
456 436 
260 260 
252 268 
452 36 
456 440 
248 232 
264 256 
264 36 
256 440 
252 256 
252 256 
940 36 
260 440 
252 260 
264 260 
460 36 
460 436 
252 256 
260 256 
252 296 
456 440 
256 256 
260 260 
452 36 
452 436 
256 256 
248 40 
248 436 
264 256 
256 256 
456 36 
456 436 
252 264 
260 44 
456 36 
456 444 
452 440 
252 260 
256 40 
452 440 
256 256 
232 256 
452 36 
456 440 
252 252 
260 248 
464 36 
456 440 
252 252 
252 256 
248 36 
456 440 
256 256 
256 252 
456 36 
544 440 
256 236 
252 268 
452 36 
460 436 
456 440 
260 256 
256 156 
452 36 
452 440 
256 260 
256 256 
460 36 
248 440 
260 256 
256 264 
456 36 
456 440 
248 256 
244 40 
456 448 
804 436 
248 260 
256 260 
452 36 
456 432 
256 256 
252 40 
456 456 
460 444 
248 596 
252 36 
456 448 
460 436 
264 256 
260 44 
460 452 
452 436 
260 260 
256 252 
456 36 
456 432 
252 256 
256 256 
940 36 
248 440 
256 256 
260 256 
456 36 
492 440 
248 448 
252 256 
248 40 
452 444 
456 440 
252 256 
248 60 
452 36 
456 440 
256 264 
252 36 
460 452 
460 444 
252 252 
248 48 
460 236 
452 440 
256 256 
260 260 
460 36 
448 440 
256 256 
232 260 
452 36 
460 440 
452 440 
252 252 
252 40 
456 436 
456 436 
256 256 
236 40 
460 444 
452 436 
256 252 
256 40 
456 444 
256 260 
256 232 
456 36 
236 436 
252 252 
256 40 
456 456 
456 436 
256 260 
248 44 
456 440 
460 256 
256 236 
252 36 
456 440 
252 260 
252 260 
456 36 
456 436 
256 256 
540 260 
448 36 
456 440 
252 256 
264 260 
452 36 
456 436 
256 260 
252 256 
456 36 
452 440 
252 248 
264 260 
456 36 
456 440 
248 264 
248 264 
452 36 
456 440 
256 260 
260 200 
460 36 
456 440 
264 256 
252 40 
452 436 
452 436 
248 264 
256 44 
552 440 
252 256 
256 256 
452 36 
460 436 
252 264 
256 52 
456 36 
452 436 
260 260 
256 256 
456 36 
456 440 
256 248 
252 252 
532 36 
456 440 
252 256 
252 252 
452 36 
456 440 
256 252 
260 256 
456 36 
456 436 
252 256 
252 264 
456 36 
452 436 
260 260 
252 176 
244 328 
460 440 
248 264 
248 40 
456 444 
456 436 
256 248 
252 264 
332 36 
436 436 
260 260 
256 264 
556 36 
460 440 
252 256 
260 256 
456 36 
456 432 
228 232 
248 260 
456 36 
248 440 
256 256 
252 40 
460 36 
456 436 
316 252 
260 232 
452 36 
452 436 
248 260 
256 256 
452 36 
452 436 
260 260 
576 36 
452 440 
256 232 
252 256 
452 36 
516 440 
248 236 
252 260 
456 36 
816 436 
248 256 
256 256 
452 36 
452 436 
248 260 
252 260 
456 36 
452 436 
460 696 
252 264 
260 44 
456 444 
448 436 
260 256 
240 40 
456 36 
456 436 
248 256 
256 260 
460 36 
456 444 
252 256 
264 256 
456 36 
456 436 
252 252 
252 40 
460 448 
460 444 
260 256 
264 44 
456 440 
452 436 
248 264 
260 44 
448 820 
252 260 
256 256 
256 36 
456 440 
248 436 
252 268 
252 44 
456 436 
256 264 
260 260 
452 36 
456 436 
260 256 
244 40 
248 440 
452 440 
256 256 
252 256 
452 36 
452 432 
252 264 
260 260 
452 36 
432 444 
260 256 
252 256 
452 36 
460 440 
252 260 
244 256 
456 36 
452 440 
256 244 
248 256 
456 36 
460 436 
256 256 
252 256 
456 36 
460 440 
352 260 
260 232 
452 36 
452 436 
252 256 
252 256 
252 44 
456 432 
452 436 
588 264 
260 40 
456 444 
452 436 
256 252 
252 264 
452 36 
456 436 
256 256 
256 432 
220 36 
456 444 
252 252 
252 256 
448 36 
256 440 
252 244 
252 256 
440 36 
460 440 
256 260 
256 256 
456 36 
248 432 
260 256 
256 136 
452 36 
456 736 
252 260 
248 44 
456 36 
340 440 
244 256 
252 40 
452 436 
448 436 
260 252 
252 40 
456 436 
252 256 
252 264 
452 36 
252 436 
252 256 
248 260 
452 36 
248 440 
252 256 
244 264 
456 36 
460 256 
260 252 
252 36 
452 440 
456 252 
256 256 
252 44 
456 432 
252 252 
256 256 
452 36 
452 432 
256 260 
256 256 
452 36 
452 436 
260 248 
248 44 
452 36 
220 436 
252 256 
248 48 
460 448 
452 436 
252 264 
252 256 
952 36 
464 260 
256 232 
256 48 
456 436 
256 252 
260 256 
460 320 
456 436 
252 252 
368 256 
228 36 
452 436 
256 256 
256 36 
456 36 
452 436 
248 264 
260 40 
724 452 
260 256 
252 252 
252 36 
452 432 
264 256 
244 40 
452 448 
452 436 
256 440 
252 48 
456 36 
456 440 
256 256 
256 44 
452 444 
456 436 
252 272 
252 36 
464 444 
256 440 
252 256 
252 40 
452 36 
460 440 
252 264 
252 256 
452 36 
456 440 
264 232 
252 256 
460 36 
452 440 
252 240 
256 256 
456 36 
456 436 
252 264 
256 260 
452 36 
456 436 
252 260 
256 40 
456 452 
252 256 
252 256 
456 36 
460 440 
260 256 
252 40 
452 440 
452 432 
252 252 
216 216 
248 256 
232 280 
248 236 
236 228 
212 232 
288 260 
236 252 
252 264 
456 456 
452 440 
264 256 
576 436 
452 432 
456 444 
252 440 
240 256 
252 264 
260 256 
260 256 
460 256 
252 260 
252 260 
248 256 
252 252 
260 236 
252 256 
252 248 
252 268 
248 260 
252 264 
252 260 
456 448 
452 436 
252 436 
252 436 
456 436 
452 440 
252 260 
256 260 
248 236 
248 256 
628 260 
264 256 
256 260 
252 260 
256 256 
252 264 
260 260 
256 260 
260 256 
256 456 
456 444 
448 444 
252 260 
248 236 
248 256 
236 240 
228 256 
252 256 
212 228 
244 256 
252 212 
336 240 
244 260 
252 252 
232 256 
240 212 
248 252 
252 252 
248 252 
252 252 
260 256 
260 232 
256 260 
248 264 
252 248 
244 264 
252 260 
252 256 
256 260 
252 260 
260 260 
248 260 
260 252 
252 264 
260 252 
256 260 
260 256 
244 256 
248 240 
252 212 
212 248 
248 260 
256 252 
252 260 
260 256 
256 260 
252 252 
260 252 
252 248 
316 252 
228 256 
228 264 
248 256 
248 268 
252 264 
252 232 
256 260 
256 256 
252 272 
256 256 
252 236 
240 248 
252 276 
260 236 
248 232 
252 256 
256 240 
244 216 
236 244 
252 268 
260 268 
252 256 
248 260 
252 256 
260 264 
248 268 
680 264 
256 240 
248 260 
252 260 
256 264 
248 256 
252 256 
256 268 
256 264 
612 264 
252 260 
244 248 
256 256 
216 264 
252 260 
252 260 
260 252 
252 256 
260 460 
244 256 
252 248 
252 264 
248 252 
256 260 
256 272 
260 264 
256 260 
252 720 
256 252 
252 264 
260 264 
256 260 
252 256 
256 256 
260 260 
252 256 
256 264 
252 256 
248 256 
252 260 
248 256 
252 256 
252 256 
260 260 
248 264 
208 256 
252 224 
232 252 
248 252 
228 236 
296 244 
252 236 
232 256 
232 256 
220 220 
256 260 
248 216 
252 256 
292 256 
252 256 
208 256 
232 252 
228 256 
252 248 
228 256 
212 232 
248 256 
332 252 
320 252 
236 252 
252 252 
252 232 
252 212 
212 268 
252 236 
248 256 
244 240 
384 256 
240 228 
240 216 
252 236 
216 256 
256 244 
248 212 
252 256 
232 236 
220 256 
252 236 
248 252 
212 236 
216 236 
248 232 
212 216 
224 220 
216 260 
208 232 
252 208 
252 220 
228 212 
212 240 
232 208 
252 256 
260 244 
252 252 
660 256 
252 332 
220 260 
220 224 
236 236 
252 256 
244 212 
364 216 
248 256 
232 260 
236 256 
216 252 
276 212 
252 252 
248 232 
248 260 
252 252 
248 260 
256 732 
252 220 
264 216 
248 252 
248 252 
252 260 
252 260 
208 256 
252 256 
252 244 
252 252 
244 240 
256 256 
260 252 
256 280 
208 236 
216 236 
248 264 
252 212 
216 236 
296 220 
228 236 
224 256 
232 252 
232 244 
248 256 
248 256 
208 232 
464 248 
332 220 
208 236 
248 268 
224 432 
224 252 
252 252 
212 212 
228 252 
252 256 
260 212 
208 236 
204 256 
204 248 
248 256 
244 232 
208 240 
252 256 
252 260 
212 264 
236 232 
236 252 
260 268 
208 224 
252 220 
252 480 
232 256 
228 240 
208 252 
264 252 
252 260 
204 212 
248 228 
324 348 
236 256 
256 256 
252 260 
216 228 
228 236 
208 252 
216 268 
252 328 
248 232 
208 252 
232 256 
260 264 
252 240 
252 216 
252 236 
248 212 
220 216 
228 240 
248 228 
256 256 
252 252 
256 260 
220 220 
248 296 
216 256 
228 464 
252 256 
204 256 
248 216 
248 244 
212 256 
216 220 
248 256 
256 240 
244 256 
248 260 
328 244 
252 256 
592 248 
248 252 
248 256 
252 256 
248 252 
216 256 
252 220 
248 252 
256 260 
212 288 
248 256 
248 232 
248 256 
292 248 
256 252 
212 256 
212 240 
248 252 
764 252 
232 252 
472 256 
252 260 
248 248 
224 256 
264 256 
248 256 
248 252 
276 744 
208 252 
228 216 
248 252 
256 256 
252 476 
220 244 
256 252 
248 260 
252 260 
228 236 
252 252 
252 252 
252 256 
248 256 
252 260 
248 260 
244 256 
248 252 
212 232 
252 252 
248 252 
252 260 
256 248 
248 232 
256 236 
260 256 
216 256 
252 240 
248 256 
224 252 
248 260 
256 252 
252 452 
244 248 
248 252 
448 252 
260 216 
220 216 
248 256 
220 216 
220 252 
232 268 
252 228 
444 256 
256 212 
208 232 
468 236 
252 352 
216 256 
252 260 
236 256 
252 328 
248 256 
252 532 
224 260 
228 240 
252 256 
248 252 
252 260 
248 236 
252 260 
264 252 
256 756 
256 252 
248 256 
252 260 
248 256 
256 252 
252 260 
252 248 
220 252 
252 260 
256 260 
208 260 
232 212 
252 268 
300 248 
252 216 
244 260 
260 256 
264 256 
260 252 
248 256 
252 256 
260 252 
252 268 
264 252 
252 256 
248 280 
248 256 
268 264 
248 252 
252 252 
252 260 
248 256 
264 256 
248 216 
256 252 
260 232 
236 216 
256 224 
220 240 
304 216 
260 268 
216 216 
220 256 
220 220 
248 260 
244 256 
252 256 
248 256 
216 252 
248 256 
224 220 
212 212 
240 248 
252 256 
256 264 
252 232 
