# ./FR-trace starting at Thu Mar 19 00:49:47 2020
################# CONFIG #################
# slot=5000
# samples=10000
# threshold=100
# idle=500
# minlen=500
# runs=10000
# pdathreads=2
# nmonitored=2
#   monitor0=../apps/openssl ecp_smpl.c:927 0x1e3e58
#   monitor1=../apps/openssl ecp_smpl.c:934 0x1e3af3
# nevicted=0
# npdatargets=2
#   target0=../apps/openssl bn_lib.c:514 0x102fb9
#   target1=../apps/openssl bn_lib.c:543 0x103025
# affinity=all
############## SYSTEM INFO ###############
# mastik_version=
# sysname=Linux
# nodename=lovelace
# release=5.3.7-arch1-1-ARCH
# version=#1 SMP PREEMPT Fri Oct 18 00:17:03 UTC 2019
# machine=x86_64
################## DATA ##################
# run=1870
# datapoints=958
40 244 
32 36 
36 36 
40 232 
228 152 
232 232 
232 232 
36 36 
36 36 
240 240 
240 244 
44 40 
232 240 
236 240 
36 36 
236 236 
240 40 
248 240 
236 44 
232 236 
232 244 
232 44 
232 236 
232 44 
232 240 
232 424 
244 40 
236 228 
232 36 
236 232 
228 164 
236 44 
240 236 
436 40 
232 240 
228 48 
236 240 
220 236 
36 40 
232 236 
232 36 
240 236 
224 36 
236 244 
240 232 
244 40 
216 240 
236 40 
240 240 
228 240 
40 36 
236 244 
232 36 
236 236 
228 40 
212 220 
232 232 
436 40 
232 236 
232 40 
240 240 
232 176 
44 40 
228 236 
232 40 
240 236 
236 232 
232 40 
228 240 
440 40 
244 240 
236 40 
476 248 
236 228 
48 36 
232 240 
244 44 
236 232 
232 36 
232 240 
236 44 
744 236 
236 232 
444 40 
240 232 
240 44 
240 236 
236 236 
44 40 
232 232 
444 40 
224 240 
236 40 
232 236 
236 236 
40 40 
248 236 
436 240 
244 236 
228 36 
232 236 
240 236 
228 44 
240 228 
232 36 
240 236 
236 116 
40 40 
240 236 
240 40 
240 232 
236 48 
236 236 
228 240 
232 36 
228 240 
232 556 
232 236 
228 44 
228 240 
244 232 
44 40 
240 236 
236 32 
236 236 
236 68 
232 36 
236 232 
448 36 
228 232 
240 44 
236 236 
216 40 
236 40 
236 236 
232 32 
240 232 
228 36 
236 228 
236 240 
232 44 
208 232 
40 40 
232 240 
232 232 
228 36 
232 236 
440 44 
240 232 
232 40 
208 216 
232 240 
40 44 
232 240 
440 40 
232 232 
236 40 
236 248 
288 40 
232 212 
240 244 
236 44 
240 236 
232 44 
232 240 
232 44 
236 44 
496 236 
232 36 
236 232 
232 40 
232 240 
244 40 
240 228 
236 236 
44 36 
728 236 
444 36 
244 236 
236 44 
240 244 
236 236 
436 36 
236 236 
236 40 
236 596 
240 236 
236 40 
232 236 
40 248 
236 248 
240 36 
244 232 
236 240 
236 44 
240 236 
244 40 
240 236 
236 40 
232 240 
228 36 
240 248 
240 248 
44 40 
236 240 
248 40 
236 232 
240 92 
244 44 
240 232 
444 44 
240 240 
236 48 
236 240 
240 244 
244 40 
240 216 
236 40 
236 236 
240 232 
228 36 
236 240 
436 36 
244 232 
232 40 
232 232 
240 236 
40 44 
236 240 
440 44 
240 232 
244 44 
236 236 
236 244 
228 44 
248 236 
208 36 
232 240 
240 48 
240 232 
236 236 
44 40 
236 240 
240 48 
236 236 
220 40 
240 236 
236 40 
236 40 
232 236 
524 40 
240 232 
40 40 
300 240 
236 44 
232 40 
236 240 
440 44 
240 232 
228 44 
240 236 
232 40 
40 44 
236 236 
228 44 
236 240 
436 36 
236 236 
236 36 
236 240 
232 240 
756 40 
236 232 
236 40 
232 240 
36 36 
236 204 
232 44 
232 236 
236 236 
228 40 
240 240 
432 36 
240 236 
244 44 
240 232 
236 236 
232 36 
232 236 
36 40 
236 236 
236 44 
240 228 
232 36 
232 44 
232 236 
440 40 
236 244 
232 40 
244 236 
232 64 
232 36 
236 236 
236 44 
228 236 
236 240 
232 236 
236 44 
236 236 
232 236 
232 36 
240 232 
36 44 
240 236 
228 40 
236 244 
240 120 
236 48 
236 240 
444 40 
240 236 
232 44 
216 240 
232 248 
40 40 
232 228 
248 40 
236 236 
232 40 
228 240 
236 236 
216 40 
240 232 
236 44 
244 236 
268 40 
232 236 
232 236 
236 36 
240 244 
236 44 
244 232 
228 40 
232 236 
236 232 
228 44 
228 232 
436 40 
304 232 
52 40 
232 240 
232 44 
244 40 
232 244 
436 36 
244 240 
244 44 
532 240 
228 44 
232 236 
236 236 
48 36 
232 248 
228 40 
240 236 
236 236 
236 40 
240 232 
236 560 
240 240 
240 164 
36 40 
236 244 
436 44 
236 232 
232 44 
240 244 
236 48 
236 40 
240 240 
236 44 
236 236 
40 36 
244 236 
236 240 
236 40 
240 232 
232 36 
236 236 
236 36 
240 232 
236 192 
40 40 
240 236 
440 44 
232 240 
232 44 
240 236 
240 240 
232 44 
236 240 
240 32 
236 232 
236 40 
236 232 
228 68 
240 44 
236 236 
516 36 
228 236 
228 40 
232 240 
240 236 
232 48 
232 244 
44 44 
240 236 
212 44 
232 44 
232 236 
244 40 
244 236 
236 40 
240 236 
236 36 
236 240 
220 236 
40 40 
232 240 
236 36 
236 228 
232 36 
236 236 
236 236 
232 44 
212 212 
236 36 
232 236 
232 48 
232 240 
244 236 
40 40 
232 240 
564 36 
228 216 
244 48 
232 240 
240 240 
240 40 
228 228 
244 44 
244 240 
764 36 
232 240 
212 44 
232 240 
232 236 
232 44 
192 240 
212 240 
204 208 
208 440 
224 236 
192 196 
196 204 
232 204 
232 236 
444 420 
232 240 
232 240 
236 632 
236 232 
240 240 
204 248 
236 236 
232 236 
232 240 
240 236 
240 236 
236 236 
232 232 
232 232 
244 236 
236 236 
236 236 
236 212 
232 248 
228 236 
212 196 
208 236 
236 236 
236 236 
232 236 
232 236 
240 240 
236 240 
232 248 
236 240 
228 236 
236 240 
236 240 
232 240 
232 232 
236 236 
444 232 
236 240 
192 192 
228 188 
236 232 
224 204 
192 236 
236 904 
212 228 
232 216 
228 216 
236 224 
232 232 
236 232 
232 212 
232 236 
204 220 
232 212 
240 232 
232 232 
232 232 
240 236 
224 216 
240 240 
232 236 
232 252 
236 220 
236 240 
228 232 
236 236 
232 240 
236 232 
240 236 
244 236 
352 244 
232 212 
228 240 
244 216 
216 240 
240 212 
232 236 
228 232 
232 232 
592 484 
236 236 
236 236 
240 232 
232 232 
240 240 
236 228 
244 240 
236 240 
236 440 
232 236 
236 236 
232 236 
244 236 
244 236 
232 232 
228 244 
228 216 
236 676 
240 192 
240 240 
228 232 
232 236 
240 236 
200 220 
236 236 
216 200 
232 240 
232 232 
208 244 
228 232 
232 244 
236 232 
240 240 
228 236 
244 240 
232 192 
236 232 
232 240 
236 240 
228 240 
240 240 
228 232 
228 212 
196 228 
236 240 
232 236 
236 240 
240 236 
232 236 
240 236 
236 232 
236 248 
240 240 
236 236 
228 236 
240 244 
236 240 
236 240 
232 240 
216 232 
236 244 
236 236 
228 236 
236 244 
236 212 
240 236 
232 240 
240 236 
216 228 
240 236 
232 244 
236 240 
228 236 
236 240 
232 232 
240 244 
236 236 
240 216 
228 240 
228 192 
232 220 
188 212 
232 220 
224 204 
232 236 
364 236 
232 220 
212 224 
236 212 
232 204 
492 204 
216 232 
212 232 
232 212 
596 228 
228 228 
192 240 
232 208 
200 232 
236 240 
232 244 
212 236 
232 192 
240 668 
216 236 
200 204 
208 232 
328 212 
228 236 
216 192 
216 220 
192 236 
224 720 
216 232 
232 212 
216 232 
236 196 
228 236 
232 236 
236 236 
228 236 
232 236 
208 216 
232 240 
232 236 
236 216 
196 232 
204 204 
196 212 
236 232 
236 240 
236 236 
236 236 
220 240 
232 236 
236 236 
232 216 
208 232 
236 236 
208 216 
232 196 
232 192 
188 196 
232 240 
232 192 
228 200 
204 196 
200 188 
236 192 
196 232 
236 236 
236 244 
236 236 
240 212 
220 228 
236 256 
232 232 
240 256 
228 232 
248 236 
232 232 
232 232 
476 260 
216 220 
232 240 
216 216 
232 252 
224 216 
228 236 
192 208 
232 232 
196 204 
232 432 
244 216 
236 228 
228 236 
228 240 
208 232 
236 240 
236 228 
392 220 
208 208 
232 196 
228 232 
228 192 
236 232 
228 232 
200 244 
192 240 
216 248 
224 224 
192 240 
208 208 
292 216 
208 212 
228 240 
228 228 
224 232 
228 232 
280 236 
236 236 
240 236 
236 232 
236 256 
232 228 
248 224 
228 236 
192 752 
208 200 
240 232 
196 232 
240 236 
232 232 
232 236 
228 316 
244 232 
212 256 
228 236 
240 244 
228 232 
232 232 
232 232 
232 216 
216 204 
228 208 
212 200 
236 236 
236 244 
236 192 
228 216 
200 220 
208 232 
200 236 
188 236 
236 196 
232 232 
212 240 
252 196 
228 192 
228 232 
212 232 
192 240 
228 232 
244 216 
196 244 
232 236 
236 232 
244 236 
224 232 
204 232 
228 236 
228 240 
232 232 
248 240 
232 232 
240 244 
204 196 
228 228 
228 208 
236 236 
240 244 
236 236 
192 320 
248 232 
200 232 
208 232 
220 236 
192 192 
232 236 
232 216 
232 232 
212 216 
208 232 
220 212 
256 240 
236 212 
228 220 
224 232 
192 232 
232 236 
228 244 
228 232 
232 232 
188 236 
232 224 
236 240 
240 232 
228 236 
224 228 
232 228 
192 232 
232 236 
228 228 
236 512 
228 232 
228 232 
236 240 
228 236 
228 224 
232 232 
236 232 
232 236 
240 732 
232 240 
236 228 
232 200 
236 240 
232 208 
196 196 
228 232 
208 236 
228 236 
228 240 
228 228 
232 232 
232 240 
196 228 
288 232 
240 248 
236 196 
200 196 
232 240 
244 192 
228 244 
228 236 
232 232 
236 228 
236 240 
192 228 
236 196 
232 232 
208 236 
228 232 
244 236 
240 232 
236 244 
244 232 
236 232 
228 232 
236 196 
196 216 
232 232 
236 228 
236 236 
216 240 
232 228 
228 192 
200 212 
224 208 
208 204 
240 216 
204 236 
192 236 
212 224 
228 232 
228 228 
232 236 
236 248 
228 236 
232 236 
248 232 
228 244 
188 212 
236 236 
228 232 
232 240 
244 232 
232 232 
240 236 
236 236 
432 236 
236 224 
236 236 
232 448 
208 196 
228 196 
228 280 
236 208 
232 232 
200 212 
232 212 
208 196 
244 236 
228 240 
188 232 
232 236 
224 232 
232 236 
228 504 
328 196 
236 232 
236 236 
228 236 
232 232 
204 236 
236 240 
232 240 
228 232 
228 220 
232 232 
220 232 
236 228 
236 240 
228 240 
228 236 
232 236 
232 228 
232 244 
236 252 
228 232 
