# ./FR-trace starting at Thu Mar 19 00:50:32 2020
################# CONFIG #################
# slot=5000
# samples=10000
# threshold=100
# idle=500
# minlen=500
# runs=10000
# pdathreads=2
# nmonitored=2
#   monitor0=../apps/openssl ecp_smpl.c:927 0x1e3e58
#   monitor1=../apps/openssl ecp_smpl.c:934 0x1e3af3
# nevicted=0
# npdatargets=2
#   target0=../apps/openssl bn_lib.c:514 0x102fb9
#   target1=../apps/openssl bn_lib.c:543 0x103025
# affinity=all
############## SYSTEM INFO ###############
# mastik_version=
# sysname=Linux
# nodename=lovelace
# release=5.3.7-arch1-1-ARCH
# version=#1 SMP PREEMPT Fri Oct 18 00:17:03 UTC 2019
# machine=x86_64
################## DATA ##################
# run=1913
# datapoints=949
36 44 
216 196 
220 216 
408 204 
360 416 
232 232 
40 40 
228 228 
240 212 
40 44 
240 220 
204 36 
192 216 
240 220 
256 40 
236 240 
444 40 
232 232 
236 48 
240 236 
208 216 
212 44 
240 236 
200 44 
236 236 
212 232 
216 40 
208 196 
240 36 
196 244 
200 40 
236 240 
228 236 
204 40 
232 232 
416 36 
244 236 
208 40 
208 244 
240 232 
216 40 
664 200 
244 40 
216 216 
232 44 
216 220 
220 232 
216 40 
200 204 
248 40 
280 236 
244 40 
220 204 
236 40 
196 200 
232 216 
232 40 
200 228 
416 40 
652 200 
212 44 
236 236 
196 212 
192 44 
240 240 
236 240 
280 204 
212 40 
236 656 
212 236 
216 44 
236 244 
228 40 
200 192 
196 36 
200 236 
232 36 
192 240 
204 208 
192 40 
236 220 
400 36 
204 196 
192 40 
212 236 
240 236 
200 44 
228 192 
240 32 
244 232 
228 36 
192 244 
216 236 
232 48 
240 236 
212 40 
216 212 
196 40 
224 212 
216 236 
228 40 
216 192 
240 44 
244 228 
220 36 
200 188 
228 36 
192 224 
200 236 
516 48 
192 216 
400 36 
204 236 
212 36 
204 196 
216 44 
240 236 
200 232 
220 40 
216 236 
476 44 
192 208 
236 40 
240 216 
236 68 
204 40 
200 220 
416 36 
208 216 
204 44 
232 200 
200 196 
200 40 
196 200 
196 40 
220 200 
236 36 
196 200 
192 48 
224 40 
224 200 
884 40 
236 244 
208 44 
212 200 
236 428 
248 40 
208 200 
436 36 
236 200 
248 44 
200 216 
212 228 
208 40 
212 232 
228 36 
200 216 
236 44 
328 204 
208 248 
224 44 
232 204 
192 48 
200 192 
408 40 
216 204 
188 44 
212 228 
232 392 
196 40 
232 232 
400 40 
480 204 
192 40 
240 212 
196 236 
240 40 
192 232 
412 40 
196 196 
196 44 
216 216 
220 236 
248 44 
192 232 
240 40 
260 220 
228 32 
204 200 
220 40 
240 208 
240 648 
212 40 
216 192 
412 40 
212 216 
236 44 
200 252 
200 200 
224 44 
220 204 
196 244 
196 216 
196 40 
192 204 
188 196 
248 40 
196 240 
200 40 
236 512 
232 364 
200 40 
200 204 
232 40 
200 236 
424 40 
196 196 
216 40 
208 208 
232 44 
204 192 
196 200 
236 40 
204 200 
252 36 
220 220 
188 44 
212 192 
216 216 
220 36 
204 220 
872 36 
204 200 
216 40 
220 48 
220 220 
424 40 
196 196 
220 44 
232 212 
332 156 
236 40 
208 196 
436 40 
236 232 
240 48 
236 220 
192 264 
216 40 
196 300 
420 40 
268 240 
248 40 
208 200 
228 228 
200 36 
296 200 
204 36 
196 200 
188 40 
200 200 
240 388 
232 44 
228 212 
236 44 
216 204 
192 40 
188 220 
212 216 
236 44 
216 280 
416 44 
336 192 
204 40 
196 196 
196 60 
196 40 
240 192 
236 44 
324 208 
196 36 
216 412 
200 40 
300 248 
216 216 
204 40 
236 236 
516 40 
220 204 
208 40 
196 192 
204 40 
196 208 
192 200 
252 44 
472 208 
188 32 
236 232 
192 40 
196 204 
200 216 
208 52 
208 196 
336 40 
700 200 
476 244 
200 212 
196 52 
216 224 
208 280 
196 44 
192 196 
528 36 
240 216 
216 40 
192 232 
252 200 
212 40 
216 236 
264 40 
200 216 
216 32 
232 236 
228 36 
200 212 
268 192 
232 44 
204 200 
216 240 
200 196 
232 40 
240 236 
368 220 
196 40 
232 216 
420 40 
196 216 
196 40 
188 244 
232 44 
236 236 
220 48 
196 40 
196 220 
248 36 
224 224 
192 36 
220 244 
212 44 
208 200 
200 196 
196 44 
220 196 
228 36 
240 212 
196 40 
200 196 
200 196 
540 36 
236 200 
196 44 
212 216 
240 40 
224 212 
192 200 
220 40 
220 220 
204 40 
200 216 
400 36 
192 192 
192 196 
624 40 
196 208 
212 40 
192 204 
192 40 
236 216 
188 216 
200 40 
212 220 
456 36 
200 204 
200 40 
404 240 
208 196 
236 36 
232 232 
248 32 
196 204 
212 40 
220 220 
232 244 
212 40 
212 212 
216 40 
196 204 
232 40 
236 196 
188 196 
212 40 
252 208 
200 32 
224 240 
192 36 
224 212 
204 192 
232 40 
236 192 
400 36 
228 200 
232 48 
200 228 
196 244 
196 44 
240 332 
244 36 
216 200 
192 40 
200 208 
204 236 
196 40 
196 196 
192 40 
204 212 
544 40 
208 244 
204 40 
192 204 
196 156 
236 40 
196 200 
400 36 
236 240 
192 40 
212 200 
192 40 
196 192 
208 224 
420 44 
236 204 
196 44 
196 216 
240 212 
212 36 
216 200 
432 44 
192 192 
236 32 
316 244 
184 196 
216 232 
192 276 
220 192 
464 216 
304 192 
188 196 
196 268 
200 196 
244 244 
200 196 
240 228 
204 272 
208 208 
208 296 
192 192 
220 212 
204 204 
204 200 
192 192 
208 216 
192 220 
192 236 
196 204 
284 236 
240 216 
192 232 
196 232 
256 220 
212 196 
220 188 
204 220 
208 220 
188 200 
208 196 
192 200 
252 248 
232 240 
236 204 
236 200 
208 220 
576 204 
216 192 
192 360 
216 240 
212 212 
240 192 
232 244 
200 256 
216 212 
440 228 
208 188 
200 264 
484 232 
192 200 
228 408 
232 208 
236 220 
240 192 
240 240 
236 236 
204 208 
192 232 
236 236 
232 192 
228 220 
228 664 
232 216 
312 236 
224 232 
200 208 
224 332 
228 248 
196 200 
204 324 
232 232 
192 240 
204 240 
240 204 
200 236 
236 652 
192 192 
236 220 
204 200 
312 196 
208 212 
348 192 
224 216 
244 232 
656 240 
204 236 
260 220 
216 200 
348 348 
312 516 
220 320 
212 244 
188 200 
244 212 
240 240 
192 212 
252 356 
216 204 
232 236 
236 236 
232 232 
236 240 
232 232 
232 232 
240 236 
232 236 
228 392 
236 240 
232 192 
232 204 
208 308 
216 228 
232 204 
232 232 
188 196 
200 196 
232 200 
236 244 
228 236 
236 196 
192 240 
236 196 
220 228 
192 192 
232 228 
228 212 
220 192 
208 212 
192 232 
208 188 
236 196 
196 236 
240 196 
196 192 
224 204 
200 244 
224 232 
244 240 
312 196 
196 232 
236 236 
316 192 
244 208 
304 204 
260 236 
200 224 
236 224 
232 240 
208 236 
240 236 
200 200 
208 232 
232 188 
204 208 
236 204 
232 200 
232 240 
188 192 
236 240 
244 240 
224 232 
232 204 
248 236 
236 240 
316 216 
236 264 
220 236 
236 244 
236 244 
240 240 
240 232 
252 232 
232 240 
232 196 
236 208 
220 208 
212 236 
280 204 
236 236 
236 220 
216 240 
196 256 
240 200 
304 236 
236 216 
236 248 
240 248 
216 208 
192 188 
212 196 
208 196 
384 212 
188 348 
188 220 
220 196 
624 220 
192 268 
196 188 
292 212 
200 220 
284 212 
208 196 
236 216 
236 196 
216 192 
212 232 
236 240 
232 232 
204 244 
232 216 
236 220 
272 192 
200 232 
216 216 
204 192 
212 196 
188 208 
220 192 
196 236 
232 200 
196 212 
236 188 
208 196 
220 196 
216 236 
236 220 
196 228 
196 232 
236 236 
236 232 
232 192 
208 212 
236 232 
244 192 
216 212 
308 192 
196 196 
208 244 
200 212 
196 220 
188 188 
196 224 
232 224 
220 192 
192 220 
212 308 
204 196 
208 216 
224 196 
208 228 
192 260 
228 412 
216 216 
244 240 
232 220 
196 192 
196 212 
224 220 
184 208 
196 236 
232 224 
196 204 
320 316 
196 232 
188 188 
204 1036 
232 208 
244 232 
232 240 
232 232 
240 216 
228 240 
232 236 
220 232 
200 224 
192 212 
192 216 
236 192 
300 236 
196 232 
228 240 
224 232 
212 236 
316 192 
240 200 
192 200 
240 236 
196 200 
224 212 
196 192 
204 196 
196 264 
192 196 
196 192 
228 192 
208 192 
192 188 
188 236 
252 192 
196 200 
208 200 
184 192 
236 244 
188 224 
192 196 
192 208 
224 216 
192 208 
228 212 
192 196 
196 192 
228 212 
200 200 
200 188 
192 240 
216 200 
208 192 
216 224 
256 196 
188 192 
208 196 
324 212 
196 308 
192 220 
216 192 
688 212 
196 196 
232 228 
192 280 
208 200 
236 208 
232 208 
212 560 
228 232 
200 196 
212 188 
264 196 
208 220 
208 240 
232 192 
192 224 
276 216 
488 196 
192 208 
200 224 
220 228 
212 676 
212 200 
212 196 
232 236 
204 204 
212 236 
228 356 
200 200 
228 232 
228 588 
188 196 
224 192 
196 228 
188 232 
232 232 
212 216 
248 252 
196 192 
208 208 
636 232 
196 196 
192 200 
212 232 
188 200 
196 196 
208 372 
204 208 
380 232 
320 192 
192 216 
204 196 
192 196 
192 212 
204 212 
224 224 
208 216 
644 208 
232 184 
236 204 
228 308 
192 240 
228 244 
212 216 
204 208 
200 188 
232 216 
228 184 
192 192 
188 264 
212 212 
240 232 
196 216 
208 192 
252 200 
208 192 
212 220 
232 208 
188 204 
208 200 
232 432 
212 816 
188 236 
236 228 
232 232 
576 284 
232 196 
328 220 
228 232 
236 232 
232 228 
232 204 
188 232 
208 232 
316 188 
192 232 
200 188 
232 236 
240 204 
224 236 
208 196 
228 244 
228 192 
228 232 
188 252 
208 236 
232 236 
232 212 
204 240 
188 236 
228 228 
240 228 
232 196 
208 216 
184 232 
228 232 
184 228 
208 232 
228 188 
208 244 
192 232 
252 212 
204 236 
224 232 
248 212 
192 212 
324 236 
212 208 
228 232 
196 236 
188 216 
192 232 
208 232 
228 232 
232 672 
228 236 
232 236 
232 232 
232 192 
208 208 
196 232 
192 232 
228 240 
228 568 
224 192 
232 232 
188 192 
208 232 
192 212 
228 192 
188 232 
232 236 
600 208 
208 232 
188 208 
228 196 
236 228 
228 272 
228 232 
228 228 
228 228 
216 508 
208 232 
216 232 
204 212 
188 232 
224 236 
212 232 
208 232 
