# ./FR-trace starting at Thu Mar 19 01:57:41 2020
################# CONFIG #################
# slot=5000
# samples=10000
# threshold=100
# idle=500
# minlen=500
# runs=10000
# pdathreads=2
# nmonitored=2
#   monitor0=../apps/openssl ecp_smpl.c:927 0x1e3e58
#   monitor1=../apps/openssl ecp_smpl.c:934 0x1e3af3
# nevicted=0
# npdatargets=2
#   target0=../apps/openssl bn_lib.c:514 0x102fb9
#   target1=../apps/openssl bn_lib.c:543 0x103025
# affinity=all
############## SYSTEM INFO ###############
# mastik_version=
# sysname=Linux
# nodename=lovelace
# release=5.3.7-arch1-1-ARCH
# version=#1 SMP PREEMPT Fri Oct 18 00:17:03 UTC 2019
# machine=x86_64
################## DATA ##################
# run=5650
# datapoints=1065
44 44 
680 196 
44 44 
44 104 
44 48 
192 196 
196 192 
196 212 
212 200 
200 192 
192 196 
192 196 
192 204 
232 232 
192 224 
196 192 
192 196 
200 208 
184 192 
204 200 
208 196 
268 232 
232 220 
40 44 
216 204 
192 204 
244 212 
232 208 
192 196 
44 44 
200 232 
192 192 
196 212 
336 192 
228 192 
192 48 
188 196 
200 196 
232 224 
208 224 
232 44 
196 236 
256 344 
220 196 
204 536 
208 44 
188 212 
192 240 
236 236 
316 240 
328 300 
188 44 
196 216 
208 204 
188 208 
192 204 
204 192 
188 48 
252 224 
248 208 
228 216 
204 196 
560 44 
192 324 
188 196 
192 200 
208 196 
192 44 
212 204 
292 196 
208 212 
224 212 
208 116 
212 44 
284 256 
232 228 
212 200 
224 220 
188 224 
204 40 
204 200 
192 192 
324 232 
208 244 
320 44 
204 216 
272 220 
236 192 
192 196 
192 144 
200 48 
252 252 
232 192 
200 192 
244 212 
232 48 
236 192 
316 236 
268 304 
232 208 
224 44 
192 220 
228 312 
216 220 
224 212 
228 40 
204 212 
192 216 
212 208 
316 232 
580 236 
196 48 
232 188 
212 200 
524 208 
216 224 
192 48 
192 204 
212 220 
192 192 
212 192 
200 44 
192 204 
196 204 
224 192 
188 192 
196 44 
196 236 
216 244 
216 228 
212 200 
216 44 
188 212 
196 200 
200 216 
208 212 
188 208 
232 48 
372 452 
304 344 
232 240 
228 192 
264 232 
256 48 
284 328 
196 200 
212 216 
204 200 
204 52 
196 232 
208 208 
312 220 
208 212 
192 192 
192 48 
212 192 
192 192 
188 192 
240 188 
240 192 
196 52 
196 196 
220 216 
196 196 
192 196 
228 48 
216 216 
208 216 
212 216 
188 212 
236 192 
204 48 
192 192 
188 192 
196 200 
228 208 
196 48 
232 272 
192 220 
324 348 
196 240 
188 188 
224 48 
188 216 
200 196 
192 216 
220 208 
248 44 
192 212 
196 208 
232 208 
200 192 
228 232 
216 44 
232 240 
236 240 
212 212 
232 232 
228 44 
232 220 
232 212 
232 236 
232 208 
228 228 
232 40 
212 236 
232 232 
236 236 
232 232 
228 40 
228 236 
236 208 
232 208 
292 236 
232 48 
224 240 
240 212 
236 240 
228 224 
232 44 
232 208 
232 212 
500 216 
232 236 
228 232 
228 40 
232 236 
232 212 
236 232 
228 232 
228 44 
228 368 
236 228 
232 216 
232 232 
232 44 
232 240 
224 204 
232 248 
228 228 
228 44 
232 240 
236 220 
236 232 
228 228 
228 44 
228 236 
236 232 
236 216 
228 232 
232 44 
232 232 
228 212 
228 212 
232 224 
228 48 
240 240 
236 236 
240 208 
228 232 
232 44 
232 228 
236 240 
236 232 
232 220 
228 232 
232 44 
232 208 
232 236 
228 208 
232 232 
228 44 
232 240 
240 228 
232 212 
232 232 
232 44 
236 212 
236 208 
228 212 
236 236 
232 232 
212 44 
232 216 
232 208 
236 232 
228 228 
240 44 
236 216 
232 228 
236 224 
212 232 
228 40 
232 212 
236 208 
228 212 
228 232 
228 180 
228 44 
232 216 
212 216 
236 236 
236 232 
232 48 
232 216 
232 232 
236 220 
228 208 
304 228 
228 48 
236 212 
232 212 
228 216 
228 228 
228 40 
232 244 
228 216 
532 252 
232 232 
228 44 
232 244 
228 212 
232 216 
228 232 
232 48 
232 212 
240 364 
224 220 
228 232 
228 232 
236 44 
236 240 
236 236 
232 232 
228 236 
232 48 
232 236 
236 236 
264 212 
228 232 
232 44 
228 236 
232 212 
236 208 
228 232 
232 40 
232 216 
228 232 
232 216 
228 232 
228 44 
232 216 
236 228 
236 228 
232 232 
228 40 
228 212 
228 232 
232 244 
228 232 
228 44 
240 236 
228 212 
232 240 
228 208 
228 228 
228 40 
228 212 
240 240 
232 212 
228 232 
228 44 
236 208 
232 240 
232 208 
232 232 
232 232 
208 44 
236 212 
236 240 
232 208 
228 224 
228 52 
236 212 
232 232 
232 208 
208 232 
228 40 
236 212 
228 208 
232 240 
228 232 
228 40 
232 240 
232 236 
236 208 
228 232 
232 44 
232 232 
236 212 
232 212 
232 208 
224 236 
324 44 
224 216 
232 228 
232 208 
232 228 
228 44 
228 236 
232 228 
240 232 
568 232 
232 48 
232 220 
236 240 
232 208 
232 232 
228 232 
236 48 
236 232 
232 428 
236 216 
228 232 
228 44 
232 212 
232 212 
232 236 
228 232 
228 44 
228 668 
232 240 
232 212 
232 240 
228 228 
228 44 
236 240 
236 240 
228 208 
228 228 
236 44 
236 216 
236 212 
232 212 
228 228 
232 232 
228 44 
232 220 
228 212 
236 216 
228 232 
228 52 
236 212 
236 240 
228 208 
228 232 
228 44 
232 236 
232 216 
232 244 
232 232 
228 44 
232 236 
236 232 
228 228 
232 232 
232 44 
236 216 
236 208 
228 212 
232 228 
228 232 
204 44 
232 208 
232 240 
236 216 
228 232 
228 40 
228 236 
224 220 
232 240 
208 216 
228 44 
236 212 
228 208 
236 232 
232 232 
228 44 
232 212 
232 236 
236 208 
228 232 
236 44 
228 252 
232 232 
232 212 
232 232 
232 44 
360 216 
236 236 
232 232 
232 228 
228 48 
236 208 
232 212 
228 208 
228 232 
600 40 
236 248 
240 208 
232 208 
236 240 
228 232 
232 44 
228 224 
228 212 
232 428 
228 232 
232 40 
232 236 
232 236 
236 220 
228 236 
228 48 
236 236 
232 708 
232 240 
232 228 
228 48 
228 240 
236 216 
236 232 
228 212 
228 232 
232 44 
228 216 
236 236 
228 208 
228 228 
232 48 
236 228 
228 208 
236 216 
232 236 
228 48 
228 212 
224 212 
236 216 
228 232 
228 44 
236 220 
232 208 
232 204 
228 236 
232 44 
232 208 
228 220 
232 212 
232 232 
228 44 
228 212 
228 240 
228 212 
232 236 
228 48 
228 188 
192 192 
208 228 
232 232 
228 232 
232 236 
208 232 
208 192 
208 216 
188 192 
212 192 
204 208 
228 236 
228 232 
232 192 
184 196 
248 232 
188 220 
192 208 
228 308 
188 192 
188 232 
192 232 
228 276 
232 232 
228 232 
224 340 
184 220 
188 192 
204 208 
208 232 
188 192 
220 208 
208 212 
228 232 
232 208 
208 232 
740 224 
196 232 
208 204 
204 212 
192 208 
228 208 
212 204 
228 212 
228 196 
228 456 
232 228 
228 232 
216 232 
208 232 
232 212 
216 212 
228 228 
228 232 
232 716 
188 228 
208 188 
228 232 
228 208 
228 208 
208 228 
188 220 
212 216 
228 232 
192 188 
228 236 
228 228 
228 232 
228 232 
232 228 
232 232 
232 232 
228 232 
232 232 
228 240 
232 232 
232 232 
232 240 
228 232 
228 232 
232 232 
224 232 
228 228 
228 232 
188 232 
228 232 
228 232 
232 236 
228 236 
228 236 
228 232 
232 228 
228 228 
228 228 
228 232 
208 208 
188 224 
232 208 
248 232 
192 212 
188 228 
196 192 
184 196 
188 204 
192 200 
188 200 
208 244 
208 320 
216 220 
204 324 
192 208 
192 216 
192 232 
196 208 
192 204 
208 232 
192 208 
232 232 
372 192 
228 232 
192 192 
208 212 
372 216 
212 232 
192 192 
208 228 
208 208 
188 192 
188 196 
208 212 
228 228 
620 204 
232 232 
188 192 
228 236 
208 208 
188 232 
208 192 
228 228 
192 192 
232 200 
468 196 
212 228 
192 192 
200 216 
208 192 
200 196 
204 228 
192 192 
224 192 
224 192 
228 208 
216 220 
204 212 
188 192 
404 216 
188 212 
228 212 
188 196 
232 228 
192 208 
208 208 
204 212 
192 192 
188 196 
208 220 
224 232 
304 192 
232 232 
192 204 
228 232 
208 204 
228 228 
196 200 
188 196 
192 204 
228 216 
188 188 
208 212 
188 208 
208 208 
236 232 
200 192 
196 192 
232 212 
208 208 
212 192 
228 200 
228 208 
192 236 
192 236 
188 192 
228 204 
188 212 
196 228 
208 188 
228 232 
228 228 
232 188 
208 208 
208 208 
228 236 
232 196 
228 192 
232 212 
208 232 
228 236 
188 188 
204 228 
188 228 
232 232 
228 232 
228 228 
232 232 
244 192 
236 232 
196 232 
408 208 
228 212 
212 228 
232 204 
236 232 
232 236 
228 228 
200 232 
208 208 
200 192 
200 200 
1052 196 
304 232 
208 196 
204 228 
188 224 
192 232 
228 1052 
184 192 
188 232 
228 208 
228 232 
232 216 
340 232 
228 232 
216 228 
208 188 
192 232 
188 292 
200 208 
192 216 
188 196 
196 192 
216 212 
212 232 
232 232 
192 268 
188 228 
292 196 
216 204 
192 216 
232 216 
268 192 
220 200 
188 208 
192 196 
228 212 
200 196 
232 212 
196 232 
192 200 
196 228 
256 308 
208 204 
204 264 
236 348 
312 312 
272 260 
248 332 
200 192 
252 212 
220 212 
196 308 
264 200 
220 204 
192 196 
200 204 
192 196 
192 200 
208 192 
220 288 
232 192 
276 188 
316 196 
192 220 
200 204 
200 200 
208 196 
248 232 
324 368 
192 228 
204 228 
220 192 
192 204 
204 240 
216 192 
200 196 
192 304 
184 192 
232 192 
304 200 
288 232 
224 236 
188 236 
196 216 
212 208 
192 196 
192 204 
188 192 
288 356 
360 328 
336 528 
268 284 
200 228 
228 192 
264 192 
208 264 
188 208 
208 220 
252 216 
200 196 
188 292 
200 228 
196 204 
1228 196 
200 192 
248 200 
192 192 
204 220 
204 216 
212 192 
264 200 
204 208 
452 268 
732 288 
196 220 
200 188 
256 228 
200 208 
204 228 
208 204 
240 228 
200 232 
228 240 
228 228 
200 244 
216 200 
212 248 
216 456 
284 216 
212 232 
192 200 
196 228 
224 432 
224 196 
188 408 
656 292 
308 248 
196 204 
192 220 
288 216 
192 204 
208 200 
228 200 
208 208 
192 224 
208 212 
224 236 
188 232 
224 224 
228 192 
220 204 
216 208 
236 236 
192 192 
196 192 
196 216 
188 216 
328 200 
324 264 
228 204 
192 224 
188 232 
216 292 
208 200 
188 200 
204 192 
192 196 
228 232 
204 348 
228 196 
208 196 
208 192 
228 228 
212 212 
212 272 
208 204 
288 220 
260 228 
212 196 
256 280 
280 320 
316 232 
204 204 
224 192 
252 236 
232 220 
216 248 
200 192 
228 272 
192 228 
188 192 
220 200 
208 196 
208 260 
740 192 
204 192 
188 216 
212 272 
212 256 
196 204 
192 196 
304 192 
272 248 
192 212 
196 252 
216 216 
192 252 
284 272 
188 196 
192 236 
220 208 
212 232 
188 192 
192 232 
232 1220 
208 220 
204 208 
192 368 
216 212 
200 212 
204 208 
192 204 
200 200 
276 252 
316 252 
1200 200 
236 192 
196 200 
208 220 
248 216 
196 196 
216 208 
192 216 
216 192 
188 212 
204 196 
204 196 
260 204 
188 1152 
192 208 
292 272 
196 208 
196 196 
204 204 
196 196 
264 444 
248 256 
268 228 
304 192 
228 344 
308 212 
204 192 
192 216 
184 204 
196 192 
192 204 
264 192 
236 196 
188 228 
192 200 
228 200 
212 192 
636 208 
300 228 
216 228 
220 712 
188 296 
260 260 
332 248 
252 260 
208 208 
