# ./FR-trace starting at Thu Mar 19 01:57:48 2020
################# CONFIG #################
# slot=5000
# samples=10000
# threshold=100
# idle=500
# minlen=500
# runs=10000
# pdathreads=2
# nmonitored=2
#   monitor0=../apps/openssl ecp_smpl.c:927 0x1e3e58
#   monitor1=../apps/openssl ecp_smpl.c:934 0x1e3af3
# nevicted=0
# npdatargets=2
#   target0=../apps/openssl bn_lib.c:514 0x102fb9
#   target1=../apps/openssl bn_lib.c:543 0x103025
# affinity=all
############## SYSTEM INFO ###############
# mastik_version=
# sysname=Linux
# nodename=lovelace
# release=5.3.7-arch1-1-ARCH
# version=#1 SMP PREEMPT Fri Oct 18 00:17:03 UTC 2019
# machine=x86_64
################## DATA ##################
# run=5658
# datapoints=1572
44 44 
220 160 
40 216 
44 92 
44 44 
44 40 
232 208 
236 212 
236 216 
228 232 
232 236 
232 208 
228 208 
232 208 
228 216 
224 212 
236 232 
228 232 
232 232 
232 208 
240 244 
228 216 
204 240 
40 44 
232 212 
232 216 
228 212 
236 212 
232 232 
228 48 
236 44 
208 212 
232 232 
232 236 
228 232 
232 48 
228 216 
236 240 
236 216 
232 232 
232 48 
236 212 
252 220 
232 236 
236 208 
228 224 
228 44 
232 224 
336 212 
236 240 
232 232 
232 48 
236 208 
236 212 
236 212 
228 208 
228 236 
580 40 
232 204 
228 208 
228 212 
232 228 
228 44 
236 212 
236 216 
232 244 
228 432 
232 48 
232 204 
228 216 
232 236 
232 236 
232 232 
228 48 
236 228 
236 680 
232 236 
232 228 
228 44 
232 208 
236 236 
236 212 
228 236 
228 48 
232 244 
228 236 
228 224 
232 232 
228 48 
228 216 
236 212 
232 244 
228 228 
232 228 
228 48 
232 220 
236 240 
228 216 
228 236 
228 44 
228 212 
232 232 
232 204 
228 228 
232 44 
228 236 
236 240 
228 220 
228 232 
232 48 
232 208 
228 212 
236 252 
232 212 
232 232 
236 44 
236 208 
212 212 
236 240 
228 232 
224 44 
232 208 
232 212 
228 220 
232 232 
228 44 
216 208 
232 232 
232 220 
228 232 
228 228 
236 44 
228 208 
232 212 
232 236 
232 212 
232 44 
228 212 
232 208 
228 232 
232 232 
228 48 
232 224 
376 216 
232 208 
228 232 
228 48 
232 220 
228 208 
240 232 
228 228 
228 44 
588 212 
232 232 
232 212 
232 236 
228 232 
228 48 
232 256 
232 236 
224 216 
232 488 
228 48 
228 236 
232 212 
236 240 
228 232 
232 48 
228 248 
232 232 
228 676 
232 236 
228 44 
228 228 
240 232 
232 220 
232 228 
228 44 
232 216 
232 208 
232 212 
228 228 
232 44 
228 216 
228 212 
232 208 
236 228 
228 228 
228 44 
228 216 
232 240 
228 208 
228 232 
228 44 
232 212 
236 212 
236 216 
232 228 
228 40 
228 244 
232 228 
232 220 
232 232 
228 44 
232 240 
228 212 
232 208 
228 232 
228 52 
232 224 
228 240 
232 212 
208 228 
228 228 
232 48 
236 204 
232 212 
232 232 
232 232 
236 44 
232 216 
204 212 
232 228 
228 232 
236 48 
232 256 
232 212 
236 236 
228 228 
228 44 
256 216 
236 212 
232 208 
228 228 
228 44 
232 236 
236 232 
236 240 
396 228 
236 48 
228 248 
232 212 
232 212 
236 228 
228 48 
236 212 
232 212 
640 212 
228 232 
232 228 
232 40 
244 240 
228 212 
236 244 
232 232 
228 44 
236 456 
232 216 
232 212 
228 232 
228 232 
228 44 
236 220 
232 236 
228 208 
228 732 
232 40 
228 228 
232 216 
228 208 
228 228 
232 44 
232 212 
228 232 
232 208 
228 232 
228 232 
236 44 
236 212 
228 208 
232 228 
232 232 
232 44 
232 248 
236 228 
232 208 
228 228 
232 44 
228 236 
232 244 
232 212 
228 232 
232 48 
236 240 
228 216 
236 240 
228 228 
228 100 
232 48 
232 212 
232 240 
236 212 
232 232 
228 44 
232 236 
236 240 
232 212 
212 232 
228 48 
240 208 
232 212 
232 256 
232 240 
228 228 
228 44 
240 212 
208 208 
232 240 
228 228 
224 44 
232 212 
236 232 
232 208 
228 228 
228 40 
232 252 
232 212 
228 208 
232 228 
228 48 
228 220 
236 208 
228 212 
392 232 
228 212 
228 48 
232 212 
228 216 
228 208 
228 228 
232 48 
236 212 
632 216 
236 212 
228 232 
228 48 
232 216 
232 212 
228 204 
228 228 
228 44 
232 512 
240 232 
232 228 
228 228 
228 48 
228 208 
236 232 
236 208 
228 232 
228 44 
232 216 
236 208 
236 240 
228 236 
228 232 
232 44 
236 212 
232 212 
236 236 
228 232 
232 44 
232 212 
236 216 
232 240 
228 236 
228 44 
228 224 
232 228 
236 240 
228 228 
232 52 
228 204 
232 220 
228 212 
232 208 
228 232 
228 40 
232 216 
228 232 
228 212 
228 236 
232 44 
232 228 
228 216 
232 212 
232 232 
232 44 
236 216 
228 216 
232 212 
228 236 
208 44 
224 216 
228 236 
232 208 
236 228 
236 232 
232 48 
232 248 
224 216 
212 236 
228 228 
228 48 
228 252 
232 228 
232 220 
228 232 
228 40 
204 216 
228 240 
236 212 
232 212 
228 232 
236 48 
228 216 
236 208 
232 232 
408 232 
228 44 
240 208 
232 232 
232 208 
228 232 
228 48 
228 212 
236 232 
688 212 
228 228 
228 48 
224 240 
232 256 
236 240 
224 232 
232 44 
232 212 
228 520 
236 240 
228 212 
232 232 
236 44 
232 212 
236 208 
228 236 
232 232 
228 40 
228 236 
232 216 
232 212 
228 228 
228 48 
232 220 
228 232 
228 216 
228 232 
228 228 
232 44 
228 212 
236 216 
232 212 
232 232 
228 52 
232 212 
232 228 
232 208 
228 228 
232 44 
228 236 
228 212 
232 208 
228 232 
228 44 
232 212 
236 224 
228 208 
228 228 
228 232 
232 44 
228 212 
228 208 
228 232 
232 240 
232 40 
236 212 
232 208 
236 232 
232 228 
204 44 
228 228 
232 212 
228 208 
232 216 
232 232 
228 48 
228 216 
232 212 
208 220 
232 232 
228 40 
228 236 
232 232 
232 212 
232 236 
232 44 
200 220 
236 232 
232 228 
236 212 
228 232 
232 44 
228 240 
232 212 
240 240 
456 228 
228 44 
232 208 
228 212 
228 212 
228 232 
232 232 
228 44 
236 212 
704 224 
228 208 
228 232 
228 44 
236 220 
232 240 
228 216 
232 232 
232 48 
228 552 
228 220 
236 212 
232 236 
228 48 
232 236 
228 216 
236 208 
228 212 
232 228 
228 44 
236 216 
224 228 
236 240 
228 232 
228 44 
232 240 
236 212 
236 212 
232 232 
228 48 
236 216 
236 220 
236 212 
228 228 
228 40 
232 216 
236 232 
232 216 
228 232 
228 44 
236 216 
232 212 
232 212 
228 236 
228 44 
228 236 
236 228 
236 212 
232 236 
228 48 
232 216 
232 212 
232 216 
232 228 
228 232 
236 48 
228 332 
232 236 
228 232 
228 232 
212 48 
236 216 
228 212 
232 232 
228 232 
228 44 
228 212 
232 236 
236 208 
204 208 
228 48 
232 216 
240 236 
236 236 
228 236 
228 172 
228 44 
220 224 
228 216 
232 204 
236 232 
232 44 
232 240 
236 216 
236 236 
228 232 
468 44 
228 216 
236 240 
228 216 
228 232 
228 228 
232 52 
228 216 
232 208 
692 232 
228 228 
232 48 
232 208 
236 240 
232 212 
232 232 
232 44 
236 208 
236 536 
228 212 
228 228 
232 48 
228 236 
236 232 
232 212 
228 232 
228 40 
228 236 
236 216 
240 240 
228 236 
228 40 
232 212 
232 216 
236 252 
232 232 
224 44 
232 204 
236 240 
228 212 
232 232 
232 44 
232 220 
228 220 
228 212 
228 232 
228 48 
228 244 
228 232 
236 240 
228 232 
232 228 
232 44 
228 208 
232 236 
232 204 
228 232 
228 44 
232 220 
232 228 
212 208 
232 232 
228 48 
236 220 
232 212 
240 240 
228 232 
236 44 
228 216 
208 208 
232 216 
232 232 
228 44 
232 212 
232 204 
236 236 
228 232 
228 48 
212 216 
228 212 
232 240 
228 228 
228 44 
228 216 
232 236 
236 208 
240 232 
228 44 
236 216 
236 232 
232 216 
228 228 
228 44 
232 236 
232 232 
484 240 
228 236 
228 40 
224 240 
236 216 
228 236 
228 228 
228 44 
232 212 
740 236 
232 208 
232 236 
232 48 
228 204 
232 208 
232 224 
228 232 
232 232 
232 48 
232 236 
232 216 
232 232 
228 232 
232 44 
228 212 
236 232 
232 216 
232 232 
224 44 
236 236 
232 208 
232 212 
228 232 
232 44 
236 216 
236 212 
228 212 
228 228 
224 144 
228 40 
228 212 
228 236 
232 208 
232 232 
232 48 
228 236 
232 220 
228 244 
228 236 
228 48 
232 208 
236 212 
228 212 
228 236 
228 232 
232 48 
228 240 
236 244 
232 212 
228 232 
216 48 
236 212 
236 236 
236 212 
228 232 
228 52 
228 240 
236 232 
240 252 
208 232 
232 48 
236 212 
228 236 
236 240 
228 232 
232 48 
236 208 
232 204 
212 236 
228 208 
228 232 
232 44 
236 212 
236 212 
232 232 
228 236 
284 44 
232 216 
232 216 
232 232 
228 232 
228 40 
224 240 
232 212 
236 212 
504 228 
228 40 
228 220 
232 212 
236 212 
228 232 
228 236 
228 48 
236 208 
232 384 
228 232 
228 228 
232 44 
236 208 
232 216 
236 212 
228 228 
232 44 
228 596 
228 208 
232 208 
232 232 
228 44 
232 216 
232 212 
232 256 
228 232 
228 48 
228 208 
232 204 
236 240 
232 208 
232 228 
236 44 
236 212 
232 208 
232 232 
228 232 
232 44 
232 216 
232 212 
228 240 
228 232 
228 48 
228 248 
236 216 
232 212 
232 232 
228 48 
228 236 
236 232 
228 216 
236 232 
228 44 
228 212 
240 232 
236 212 
228 236 
232 44 
232 216 
204 208 
228 220 
232 228 
228 236 
228 48 
236 224 
228 208 
232 208 
228 232 
208 44 
236 240 
228 208 
236 212 
228 236 
228 228 
232 44 
236 232 
236 236 
220 212 
228 228 
236 48 
228 208 
232 216 
236 236 
224 232 
232 48 
300 212 
236 244 
228 212 
232 232 
232 44 
232 212 
228 208 
232 212 
228 228 
544 44 
236 232 
236 208 
236 212 
232 232 
228 44 
332 216 
228 208 
228 216 
228 400 
228 228 
232 44 
232 228 
232 236 
232 228 
232 232 
228 48 
228 216 
232 608 
236 220 
232 232 
224 44 
228 212 
232 208 
228 216 
232 232 
232 40 
236 212 
232 228 
236 236 
228 228 
228 44 
228 240 
236 232 
232 208 
232 232 
228 44 
232 216 
236 208 
232 236 
228 208 
228 228 
236 48 
232 212 
232 236 
228 208 
224 228 
228 48 
232 212 
232 228 
228 216 
228 228 
228 44 
232 216 
228 236 
232 208 
228 232 
228 40 
232 212 
236 232 
216 236 
232 232 
228 40 
232 216 
232 208 
232 204 
228 228 
228 40 
228 212 
208 216 
236 240 
228 240 
232 40 
232 208 
228 208 
240 208 
228 212 
232 228 
208 44 
232 216 
264 232 
236 208 
228 228 
228 44 
232 236 
236 240 
316 212 
232 212 
228 44 
236 208 
232 228 
232 208 
236 216 
228 232 
232 44 
552 220 
228 232 
232 220 
232 216 
228 236 
228 44 
232 212 
232 212 
232 212 
232 412 
228 44 
228 244 
236 232 
236 236 
228 232 
224 44 
228 240 
236 236 
236 632 
232 232 
232 44 
236 216 
228 216 
232 216 
236 232 
232 232 
228 44 
236 236 
236 240 
228 228 
208 232 
224 236 
228 196 
228 212 
228 232 
212 208 
228 196 
212 216 
208 228 
192 232 
232 232 
228 208 
228 212 
236 236 
232 208 
232 216 
228 216 
236 212 
232 228 
224 216 
232 208 
232 236 
228 228 
232 232 
228 224 
228 236 
228 232 
228 236 
228 232 
232 228 
208 228 
228 232 
228 232 
228 232 
228 236 
232 228 
232 232 
232 220 
240 212 
208 208 
236 248 
212 192 
228 228 
228 52 
232 236 
232 208 
228 232 
232 232 
232 216 
232 232 
236 228 
228 228 
228 232 
228 232 
232 232 
228 232 
332 232 
232 208 
232 228 
188 232 
232 236 
232 240 
236 240 
228 232 
228 228 
196 224 
232 232 
224 228 
228 232 
228 228 
228 232 
228 228 
228 228 
228 232 
232 568 
228 232 
228 232 
232 228 
228 232 
228 236 
188 228 
228 228 
228 232 
232 684 
228 228 
228 232 
232 232 
232 232 
232 232 
228 232 
228 236 
232 232 
228 232 
228 228 
224 232 
208 208 
232 192 
228 236 
228 232 
204 220 
232 208 
228 232 
228 220 
232 228 
228 228 
208 236 
228 232 
212 228 
228 212 
228 228 
228 232 
228 232 
232 232 
232 232 
232 232 
228 232 
228 236 
208 324 
228 236 
208 236 
236 232 
228 232 
204 236 
188 212 
228 196 
188 236 
228 232 
232 232 
228 232 
232 232 
228 232 
232 212 
228 232 
228 232 
192 228 
232 228 
232 232 
228 232 
228 232 
188 232 
228 232 
188 236 
228 232 
208 240 
228 232 
224 232 
228 232 
232 228 
232 232 
228 232 
224 228 
352 232 
232 208 
224 236 
228 236 
228 232 
232 228 
228 228 
228 228 
228 224 
588 228 
228 232 
232 232 
224 232 
228 232 
232 232 
228 236 
228 196 
232 232 
192 192 
236 232 
216 232 
228 220 
228 232 
228 232 
192 236 
228 192 
224 228 
208 216 
208 236 
208 236 
228 196 
228 232 
188 188 
228 192 
192 236 
224 228 
232 196 
288 232 
212 192 
224 192 
232 192 
224 188 
228 208 
232 236 
192 232 
236 228 
184 232 
228 192 
236 192 
216 232 
232 236 
232 212 
228 216 
188 212 
232 228 
236 232 
216 192 
232 232 
228 228 
212 188 
192 232 
224 232 
208 228 
228 236 
224 236 
224 228 
204 232 
208 228 
600 232 
188 208 
192 232 
228 212 
208 192 
192 192 
208 232 
192 192 
212 228 
196 212 
232 216 
228 192 
228 212 
232 232 
208 228 
208 232 
232 228 
232 232 
692 228 
228 212 
224 212 
228 236 
228 232 
228 236 
228 228 
228 232 
228 232 
228 232 
232 228 
228 232 
232 232 
232 220 
208 212 
228 228 
220 228 
228 228 
596 196 
232 192 
228 208 
228 204 
232 232 
228 228 
228 232 
188 248 
216 232 
232 460 
192 192 
232 228 
228 232 
248 192 
192 236 
204 200 
248 232 
188 232 
236 700 
228 232 
188 232 
224 244 
228 232 
228 232 
228 232 
228 232 
228 232 
228 228 
228 232 
228 236 
232 232 
216 232 
232 232 
228 192 
228 192 
232 232 
228 232 
228 232 
228 228 
224 232 
188 272 
196 204 
236 228 
188 212 
188 212 
208 232 
228 188 
228 232 
232 188 
232 240 
228 228 
228 212 
228 232 
228 208 
224 232 
212 228 
228 228 
232 208 
188 232 
208 236 
212 188 
208 232 
204 236 
188 220 
228 208 
228 196 
224 232 
192 232 
232 232 
212 208 
188 232 
232 236 
228 212 
208 196 
228 232 
196 232 
228 232 
228 228 
228 196 
232 232 
188 240 
228 232 
232 232 
320 228 
228 232 
228 236 
724 232 
228 216 
192 228 
232 236 
228 232 
232 196 
232 228 
204 228 
228 232 
608 232 
232 232 
236 240 
228 232 
192 192 
228 232 
228 232 
228 232 
228 228 
184 236 
228 228 
228 232 
232 232 
228 236 
232 232 
228 232 
228 236 
228 232 
232 744 
228 228 
228 232 
232 236 
228 228 
228 232 
212 236 
228 228 
228 232 
228 236 
232 232 
232 232 
228 232 
228 228 
228 236 
188 236 
232 236 
232 236 
232 236 
232 232 
232 228 
228 236 
232 236 
228 232 
228 232 
232 232 
228 232 
232 232 
224 232 
228 232 
228 232 
228 232 
228 232 
232 212 
236 192 
228 232 
192 188 
208 232 
188 232 
232 228 
232 196 
620 224 
204 232 
228 212 
232 232 
204 232 
192 208 
224 228 
188 188 
228 216 
240 216 
208 212 
232 236 
228 228 
228 236 
224 236 
228 232 
228 228 
192 196 
216 232 
228 228 
228 232 
236 232 
228 228 
228 228 
228 236 
228 236 
228 192 
396 216 
228 204 
228 224 
232 240 
232 228 
232 236 
228 232 
232 228 
236 232 
660 232 
232 232 
188 232 
232 228 
228 232 
228 232 
212 212 
228 232 
232 232 
224 512 
232 228 
232 232 
188 208 
232 228 
228 228 
200 212 
228 232 
228 232 
188 232 
224 228 
228 232 
228 228 
188 232 
208 228 
192 192 
520 200 
0 0 
0 0 
228 188 
228 212 
232 228 
236 208 
232 232 
192 228 
228 228 
204 232 
228 232 
228 232 
228 236 
228 212 
228 232 
228 208 
232 232 
228 232 
232 232 
228 228 
228 228 
228 192 
228 236 
232 212 
232 232 
228 236 
228 232 
232 192 
228 228 
232 232 
228 236 
228 236 
228 236 
228 232 
208 236 
228 216 
228 236 
232 228 
228 232 
228 232 
228 192 
232 232 
208 232 
208 212 
232 228 
228 228 
228 232 
232 232 
228 228 
228 232 
232 232 
212 232 
228 212 
208 220 
228 236 
228 236 
228 228 
228 228 
228 232 
228 232 
408 396 
240 196 
232 232 
228 232 
228 228 
228 236 
228 232 
228 232 
196 208 
648 232 
232 236 
228 228 
236 232 
