# ./FR-trace starting at Thu Mar 19 01:05:54 2020
################# CONFIG #################
# slot=5000
# samples=10000
# threshold=100
# idle=500
# minlen=500
# runs=10000
# pdathreads=2
# nmonitored=2
#   monitor0=../apps/openssl ecp_smpl.c:927 0x1e3e58
#   monitor1=../apps/openssl ecp_smpl.c:934 0x1e3af3
# nevicted=0
# npdatargets=2
#   target0=../apps/openssl bn_lib.c:514 0x102fb9
#   target1=../apps/openssl bn_lib.c:543 0x103025
# affinity=all
############## SYSTEM INFO ###############
# mastik_version=
# sysname=Linux
# nodename=lovelace
# release=5.3.7-arch1-1-ARCH
# version=#1 SMP PREEMPT Fri Oct 18 00:17:03 UTC 2019
# machine=x86_64
################## DATA ##################
# run=2798
# datapoints=1543
44 40 
212 220 
44 208 
44 212 
44 44 
44 48 
228 212 
224 236 
244 216 
232 232 
232 236 
236 208 
236 212 
256 208 
232 208 
236 228 
236 212 
228 236 
228 240 
232 216 
232 232 
232 216 
228 232 
44 44 
236 208 
240 236 
236 216 
232 216 
228 232 
44 40 
236 216 
236 240 
236 236 
228 228 
232 48 
208 208 
236 236 
236 220 
232 232 
228 40 
228 208 
232 228 
232 236 
228 232 
208 44 
232 208 
232 220 
232 212 
232 208 
228 232 
232 44 
236 216 
236 212 
212 212 
228 232 
228 48 
236 208 
228 240 
232 220 
232 232 
228 40 
328 236 
232 208 
232 220 
232 232 
228 44 
232 220 
232 208 
236 236 
228 232 
560 44 
236 216 
236 240 
232 232 
228 232 
228 44 
224 220 
228 208 
228 208 
228 452 
232 44 
236 212 
228 208 
236 236 
228 232 
232 48 
232 212 
232 216 
232 676 
232 232 
232 44 
240 216 
228 220 
236 212 
232 236 
232 44 
232 220 
232 252 
228 216 
228 232 
232 48 
236 216 
228 208 
228 208 
228 232 
232 48 
232 208 
232 212 
236 240 
228 232 
228 44 
228 216 
232 208 
240 212 
228 232 
228 40 
236 212 
232 216 
232 204 
228 232 
228 40 
236 212 
232 208 
228 212 
228 232 
228 48 
232 216 
232 212 
236 216 
228 228 
204 40 
232 208 
228 212 
232 212 
232 232 
228 232 
232 44 
236 228 
236 212 
208 212 
228 228 
232 48 
232 212 
236 216 
228 212 
228 232 
228 48 
236 240 
272 236 
236 208 
228 232 
228 44 
232 212 
228 216 
232 212 
232 232 
336 48 
232 212 
236 212 
232 224 
228 232 
228 48 
236 216 
232 236 
236 216 
596 232 
232 44 
232 236 
236 240 
236 236 
228 228 
232 48 
236 212 
232 208 
228 440 
228 228 
232 44 
228 208 
232 208 
232 244 
228 236 
232 44 
232 216 
228 692 
232 212 
228 232 
228 48 
232 240 
236 236 
232 212 
236 228 
232 48 
236 212 
232 212 
228 212 
232 232 
228 48 
236 212 
232 240 
236 216 
228 236 
232 44 
236 216 
236 216 
236 236 
228 236 
232 44 
228 216 
236 236 
236 212 
236 228 
228 232 
228 44 
236 212 
232 212 
232 212 
232 236 
228 48 
236 208 
228 208 
236 212 
228 232 
232 48 
236 236 
228 212 
208 232 
228 228 
228 44 
236 208 
236 212 
224 216 
232 228 
228 44 
236 236 
228 208 
228 208 
232 236 
236 48 
236 208 
236 244 
228 212 
232 236 
228 44 
236 224 
232 212 
236 216 
228 236 
228 44 
236 216 
236 212 
236 236 
372 228 
228 48 
232 232 
228 208 
236 220 
232 236 
228 236 
228 44 
236 216 
620 212 
232 232 
228 232 
232 44 
240 208 
228 208 
236 212 
228 232 
240 52 
232 500 
232 212 
232 240 
228 232 
232 44 
232 216 
228 212 
232 212 
232 232 
228 40 
232 216 
236 232 
236 212 
232 232 
232 44 
224 228 
228 208 
232 232 
228 228 
228 236 
232 48 
232 228 
236 212 
228 212 
228 228 
232 44 
228 216 
248 212 
228 212 
228 232 
228 44 
228 216 
228 208 
232 236 
232 232 
232 48 
236 244 
236 236 
232 212 
228 232 
228 52 
236 212 
232 208 
236 212 
228 236 
232 48 
228 216 
236 212 
232 232 
232 236 
228 228 
256 56 
228 220 
236 224 
236 212 
224 232 
228 48 
232 220 
232 212 
232 212 
204 216 
228 48 
236 216 
232 212 
232 212 
232 236 
228 48 
236 212 
236 228 
232 216 
228 228 
232 48 
236 216 
236 236 
232 236 
228 236 
232 44 
380 208 
228 228 
236 240 
228 236 
228 236 
232 44 
232 208 
236 220 
236 236 
628 232 
228 48 
240 216 
236 212 
224 212 
232 224 
228 44 
236 240 
236 228 
236 500 
232 232 
228 44 
236 232 
232 212 
228 208 
232 228 
228 40 
240 252 
232 724 
232 208 
224 232 
228 40 
236 212 
232 212 
236 224 
232 236 
228 44 
228 212 
232 208 
236 212 
232 232 
224 48 
232 212 
236 212 
248 212 
232 232 
232 44 
236 216 
236 208 
232 212 
232 236 
228 48 
236 216 
232 248 
232 224 
228 232 
228 44 
228 228 
236 240 
240 208 
232 228 
228 232 
228 48 
236 232 
232 220 
228 236 
228 228 
236 48 
232 216 
232 208 
208 232 
228 228 
228 44 
236 212 
232 208 
236 216 
232 236 
228 48 
232 224 
208 208 
236 240 
232 236 
232 44 
236 208 
228 216 
228 208 
232 232 
216 48 
228 212 
232 236 
232 212 
228 232 
228 44 
232 212 
232 232 
232 240 
404 228 
228 44 
236 252 
228 232 
232 212 
228 232 
228 232 
232 48 
236 228 
656 208 
232 232 
228 228 
228 44 
232 224 
236 212 
232 232 
228 228 
232 44 
232 480 
228 208 
232 208 
228 228 
232 48 
228 208 
236 208 
236 228 
224 44 
228 724 
240 236 
236 208 
240 216 
228 232 
236 48 
236 208 
232 216 
232 208 
232 232 
228 40 
232 236 
228 240 
232 236 
232 232 
232 48 
240 216 
232 236 
232 216 
228 232 
228 48 
232 212 
236 244 
228 204 
232 232 
228 44 
236 216 
228 212 
236 228 
228 228 
228 48 
232 212 
236 240 
232 240 
236 232 
232 44 
232 212 
232 212 
240 208 
232 228 
228 44 
232 212 
208 212 
232 208 
228 232 
228 48 
236 212 
236 208 
228 208 
232 228 
232 44 
212 216 
236 244 
232 236 
232 228 
228 40 
232 216 
236 212 
236 236 
220 232 
228 44 
236 208 
228 228 
236 208 
228 236 
228 44 
236 220 
228 212 
440 220 
228 208 
228 44 
232 212 
232 240 
228 212 
228 232 
228 44 
228 212 
684 216 
236 228 
228 232 
232 48 
232 216 
232 208 
228 236 
228 232 
232 48 
232 556 
240 220 
228 232 
228 232 
232 40 
252 212 
232 212 
228 228 
232 152 
236 48 
240 240 
236 236 
228 232 
228 232 
232 48 
236 240 
232 212 
228 212 
232 232 
232 48 
228 204 
232 212 
228 212 
228 232 
232 44 
232 212 
228 216 
228 212 
232 232 
228 48 
236 212 
232 212 
224 212 
228 232 
228 40 
236 212 
236 240 
244 216 
224 232 
232 44 
236 216 
236 212 
228 208 
232 228 
236 48 
236 212 
232 208 
228 228 
228 228 
232 48 
232 212 
212 216 
236 232 
228 228 
228 44 
236 212 
228 208 
236 236 
228 228 
228 40 
212 216 
252 212 
228 208 
232 228 
224 232 
232 44 
236 236 
228 212 
204 216 
228 208 
228 48 
228 212 
236 236 
232 236 
228 232 
228 44 
236 212 
476 236 
228 212 
228 232 
232 40 
236 212 
228 216 
228 212 
228 228 
232 48 
712 216 
228 216 
232 208 
232 232 
228 48 
232 216 
228 208 
236 240 
228 232 
228 44 
232 212 
232 208 
232 208 
228 228 
228 44 
240 212 
228 236 
232 216 
232 232 
232 232 
236 44 
232 232 
228 212 
228 228 
228 232 
232 44 
228 208 
240 236 
228 228 
232 232 
236 44 
232 240 
236 236 
228 236 
232 232 
232 48 
228 212 
236 264 
228 228 
228 236 
232 52 
224 208 
236 236 
232 212 
228 228 
228 40 
232 204 
232 212 
232 212 
232 236 
228 48 
236 256 
236 216 
232 216 
232 236 
240 44 
228 216 
240 240 
232 208 
228 232 
204 48 
236 208 
228 208 
232 212 
232 232 
228 44 
232 212 
236 216 
228 228 
208 236 
232 232 
228 44 
236 208 
232 212 
232 228 
232 232 
228 48 
208 212 
232 212 
228 208 
228 240 
232 40 
236 216 
232 228 
236 208 
228 232 
488 44 
232 212 
236 236 
228 208 
228 236 
228 44 
236 224 
232 240 
232 236 
704 232 
228 44 
232 212 
232 212 
232 244 
232 232 
236 44 
236 212 
232 216 
236 504 
228 232 
232 40 
228 208 
252 212 
232 208 
228 232 
228 48 
236 208 
228 212 
232 212 
228 228 
232 40 
232 216 
236 212 
236 216 
232 232 
228 44 
228 212 
236 224 
232 236 
228 228 
232 48 
232 212 
228 212 
236 204 
228 232 
228 44 
232 216 
228 236 
236 232 
228 228 
228 44 
232 208 
236 236 
232 212 
232 236 
232 48 
236 208 
236 216 
228 232 
232 232 
208 232 
232 44 
232 240 
232 208 
228 232 
224 232 
228 44 
236 212 
236 252 
212 236 
228 232 
232 52 
236 216 
228 232 
232 220 
228 232 
228 44 
232 208 
204 228 
236 216 
232 236 
228 228 
232 44 
236 220 
232 248 
236 232 
232 232 
228 44 
236 208 
240 212 
232 228 
228 232 
228 44 
236 216 
236 212 
480 208 
232 232 
232 44 
236 216 
232 220 
236 232 
232 232 
228 40 
236 220 
752 248 
236 236 
224 232 
232 40 
236 216 
232 240 
236 240 
232 236 
228 48 
228 604 
236 236 
224 232 
224 232 
236 44 
256 232 
236 224 
228 216 
232 232 
228 44 
236 212 
236 236 
228 228 
232 232 
228 44 
236 216 
228 208 
232 216 
232 232 
228 48 
236 220 
232 212 
236 208 
232 232 
232 52 
236 220 
232 212 
236 216 
228 232 
228 40 
232 212 
236 228 
236 224 
228 212 
232 232 
228 48 
236 212 
236 212 
228 208 
228 232 
236 44 
236 208 
212 212 
232 216 
228 232 
228 44 
228 212 
232 212 
228 208 
228 244 
236 44 
212 212 
228 208 
228 236 
232 228 
236 48 
232 204 
236 212 
228 216 
224 228 
216 48 
232 208 
228 212 
236 212 
232 228 
232 44 
236 208 
228 216 
284 228 
232 220 
228 236 
232 40 
232 216 
228 236 
228 212 
228 232 
232 40 
516 212 
232 208 
228 208 
228 232 
224 48 
236 212 
232 228 
232 232 
232 232 
744 228 
236 48 
232 216 
252 216 
232 236 
228 236 
228 52 
232 212 
236 212 
236 628 
228 228 
228 48 
236 220 
232 212 
232 228 
228 228 
236 44 
232 212 
232 232 
232 228 
232 236 
248 44 
236 236 
236 248 
228 232 
232 44 
236 208 
236 232 
232 212 
228 212 
228 232 
228 40 
228 228 
228 216 
228 232 
228 232 
240 44 
232 228 
228 204 
236 212 
228 228 
232 48 
232 228 
228 208 
232 232 
228 232 
232 48 
232 220 
228 208 
232 216 
232 232 
208 40 
236 216 
232 224 
236 212 
224 232 
232 48 
236 216 
232 208 
232 228 
208 228 
228 48 
236 212 
236 236 
232 212 
232 232 
228 44 
236 236 
232 240 
212 236 
228 208 
228 232 
232 44 
224 216 
228 208 
224 232 
212 212 
276 232 
212 196 
212 236 
192 232 
208 228 
592 232 
192 188 
224 228 
236 232 
544 232 
236 212 
236 212 
236 212 
228 236 
232 216 
228 232 
236 212 
232 228 
236 384 
232 236 
228 232 
228 228 
228 236 
228 232 
228 232 
208 232 
228 228 
228 624 
228 232 
228 232 
228 232 
232 232 
228 232 
232 232 
232 228 
228 212 
232 224 
228 216 
340 236 
228 228 
184 44 
236 256 
232 236 
232 216 
228 212 
232 236 
228 236 
232 228 
228 228 
228 228 
228 236 
228 232 
228 228 
228 232 
232 232 
228 232 
232 324 
232 240 
232 212 
236 252 
228 232 
232 228 
188 228 
220 204 
188 236 
228 228 
228 236 
228 228 
228 188 
208 232 
1136 232 
188 232 
228 228 
232 192 
232 212 
232 228 
228 228 
228 228 
192 228 
208 228 
228 232 
228 232 
232 208 
228 232 
228 232 
228 232 
228 192 
228 212 
228 232 
216 232 
228 228 
228 236 
232 236 
196 208 
188 232 
320 192 
228 1068 
192 216 
256 232 
232 232 
228 228 
232 228 
232 228 
208 228 
604 232 
228 228 
188 216 
0 0 
0 0 
0 0 
196 204 
228 232 
232 228 
232 232 
228 188 
228 232 
188 232 
228 232 
228 236 
232 228 
228 228 
232 228 
232 188 
228 236 
228 232 
232 232 
232 232 
228 212 
220 208 
232 212 
228 228 
208 192 
232 228 
228 236 
224 236 
212 236 
232 232 
228 188 
216 232 
228 228 
232 228 
192 236 
228 228 
228 232 
228 232 
228 232 
228 232 
228 232 
208 212 
232 196 
228 236 
232 228 
228 232 
228 232 
228 228 
228 232 
228 228 
228 232 
228 232 
228 232 
232 228 
228 236 
228 236 
228 232 
208 232 
232 232 
228 228 
228 232 
228 236 
232 228 
232 228 
228 232 
644 232 
200 232 
232 228 
204 208 
232 236 
228 228 
192 208 
204 232 
228 208 
236 408 
236 204 
228 232 
232 216 
228 232 
192 232 
232 228 
208 228 
228 204 
328 384 
240 208 
228 228 
188 188 
208 192 
228 192 
208 208 
228 232 
228 208 
576 232 
232 228 
208 212 
188 192 
228 248 
228 232 
228 236 
208 228 
188 196 
184 232 
188 216 
228 208 
220 232 
212 228 
228 232 
232 240 
188 192 
232 192 
208 696 
192 208 
228 228 
224 196 
192 192 
228 212 
224 228 
236 232 
232 232 
224 232 
228 216 
204 208 
208 232 
232 212 
188 748 
184 192 
236 324 
212 224 
228 196 
228 236 
228 240 
188 220 
188 208 
188 216 
208 212 
220 232 
228 208 
228 236 
232 228 
216 232 
228 228 
192 240 
232 232 
208 204 
232 228 
224 232 
228 236 
232 232 
204 236 
208 212 
224 232 
208 232 
232 232 
208 192 
220 204 
188 196 
208 212 
208 192 
192 192 
192 212 
220 356 
208 216 
228 200 
224 236 
224 232 
216 188 
228 232 
192 196 
228 208 
228 236 
228 232 
192 232 
228 208 
188 212 
228 240 
232 232 
208 228 
216 192 
352 220 
204 208 
240 208 
232 232 
232 232 
228 232 
208 212 
232 232 
208 232 
212 212 
228 216 
232 228 
228 228 
228 232 
236 236 
232 228 
232 204 
232 228 
228 484 
232 232 
228 208 
228 232 
192 236 
196 192 
208 256 
224 232 
232 232 
188 200 
192 192 
228 232 
212 200 
212 212 
188 188 
248 228 
228 228 
228 232 
228 236 
212 228 
208 188 
212 232 
212 216 
208 228 
208 228 
232 192 
208 212 
228 232 
224 232 
208 208 
288 232 
228 232 
516 232 
208 228 
228 236 
208 228 
228 228 
208 212 
188 236 
228 264 
232 196 
196 212 
232 232 
228 188 
228 192 
232 232 
232 192 
228 232 
232 232 
228 232 
192 192 
208 228 
232 232 
228 232 
208 192 
228 192 
228 232 
228 196 
232 232 
228 192 
208 208 
228 228 
232 232 
232 232 
212 228 
232 228 
240 228 
236 192 
188 416 
232 208 
232 232 
228 228 
208 228 
228 232 
232 228 
228 232 
228 188 
684 236 
228 232 
228 236 
188 232 
196 192 
232 192 
236 228 
228 232 
236 228 
576 232 
228 232 
228 228 
228 228 
228 236 
228 228 
228 232 
208 232 
228 236 
232 476 
228 228 
228 228 
192 232 
188 228 
228 228 
232 192 
232 228 
232 228 
228 716 
212 216 
188 188 
232 232 
232 232 
228 208 
236 232 
216 188 
228 204 
208 228 
232 280 
208 228 
228 232 
216 216 
208 704 
208 204 
228 232 
228 196 
188 232 
188 232 
228 232 
228 196 
228 236 
228 232 
228 232 
232 232 
228 232 
208 228 
232 228 
212 212 
232 240 
228 236 
228 236 
236 232 
188 236 
196 232 
208 232 
228 236 
192 232 
232 228 
228 236 
228 232 
204 208 
208 228 
228 232 
228 232 
228 204 
204 208 
200 228 
228 232 
228 196 
208 216 
232 232 
228 232 
232 228 
228 232 
228 232 
232 188 
228 240 
232 192 
232 212 
232 228 
228 232 
232 232 
228 228 
228 232 
228 232 
228 232 
396 232 
192 208 
228 232 
204 196 
208 232 
192 216 
232 236 
232 192 
228 232 
616 232 
232 232 
228 228 
228 232 
208 192 
232 228 
232 228 
224 232 
216 240 
232 512 
232 232 
204 216 
232 204 
240 232 
236 236 
228 208 
228 236 
232 232 
228 732 
228 228 
228 252 
228 228 
188 216 
228 228 
228 236 
236 232 
224 236 
228 188 
236 228 
228 228 
232 232 
188 232 
228 236 
208 232 
232 232 
216 236 
232 232 
228 232 
232 196 
192 228 
188 208 
228 228 
228 228 
228 232 
228 216 
232 200 
228 232 
228 236 
188 228 
232 228 
228 572 
232 232 
240 232 
232 248 
212 228 
232 232 
228 232 
