# ./FR-trace starting at Thu Mar 19 01:19:35 2020
################# CONFIG #################
# slot=5000
# samples=10000
# threshold=100
# idle=500
# minlen=500
# runs=10000
# pdathreads=2
# nmonitored=2
#   monitor0=../apps/openssl ecp_smpl.c:927 0x1e3e58
#   monitor1=../apps/openssl ecp_smpl.c:934 0x1e3af3
# nevicted=0
# npdatargets=2
#   target0=../apps/openssl bn_lib.c:514 0x102fb9
#   target1=../apps/openssl bn_lib.c:543 0x103025
# affinity=all
############## SYSTEM INFO ###############
# mastik_version=
# sysname=Linux
# nodename=lovelace
# release=5.3.7-arch1-1-ARCH
# version=#1 SMP PREEMPT Fri Oct 18 00:17:03 UTC 2019
# machine=x86_64
################## DATA ##################
# run=3551
# datapoints=951
32 36 
232 232 
396 240 
212 236 
432 420 
212 416 
240 236 
40 40 
236 240 
228 236 
40 32 
240 232 
236 240 
40 40 
216 236 
224 40 
236 236 
240 240 
232 40 
232 240 
232 40 
232 236 
232 40 
216 216 
228 52 
236 40 
236 232 
232 40 
240 240 
240 44 
232 232 
284 236 
236 40 
224 240 
444 44 
236 248 
240 36 
240 240 
244 44 
240 36 
508 236 
236 44 
236 244 
236 32 
232 240 
244 40 
236 40 
228 236 
232 40 
744 236 
236 40 
240 236 
444 36 
240 236 
236 48 
232 40 
236 236 
240 32 
240 584 
236 44 
232 244 
244 232 
232 40 
240 236 
432 240 
236 240 
232 44 
240 236 
240 228 
232 40 
236 240 
436 36 
236 236 
240 40 
236 240 
236 240 
232 36 
236 240 
236 40 
240 244 
244 40 
232 240 
240 48 
236 236 
244 232 
232 40 
236 236 
244 40 
232 232 
232 44 
224 240 
236 40 
236 40 
236 240 
236 44 
240 232 
436 40 
236 232 
236 44 
240 236 
212 260 
232 40 
228 236 
440 40 
236 232 
236 44 
244 240 
236 40 
240 44 
212 236 
244 44 
240 240 
240 44 
248 236 
232 36 
232 232 
236 236 
236 40 
212 212 
232 36 
240 232 
236 36 
236 240 
232 228 
236 40 
232 240 
324 40 
244 216 
236 232 
236 40 
232 240 
232 40 
240 244 
232 36 
240 236 
536 40 
236 44 
232 236 
228 40 
240 244 
232 40 
236 232 
232 40 
236 228 
236 380 
236 40 
232 240 
432 36 
232 236 
232 36 
236 236 
236 232 
232 40 
232 628 
444 44 
236 240 
240 52 
236 244 
236 240 
440 44 
244 236 
232 556 
232 240 
236 40 
236 236 
232 240 
240 36 
232 228 
436 36 
236 248 
232 32 
232 232 
240 36 
236 232 
236 240 
236 40 
236 240 
444 36 
236 244 
236 40 
228 236 
236 108 
232 44 
236 236 
232 560 
232 240 
236 40 
236 40 
228 240 
248 40 
232 232 
436 36 
244 236 
240 40 
236 236 
216 236 
236 48 
236 244 
440 48 
236 232 
240 40 
240 240 
228 44 
228 232 
216 232 
232 44 
240 232 
444 40 
236 232 
240 44 
236 228 
236 236 
236 40 
216 208 
436 44 
232 228 
236 40 
236 240 
228 244 
232 44 
236 236 
300 40 
232 216 
228 32 
240 236 
236 44 
240 36 
232 236 
440 40 
240 236 
540 36 
240 232 
232 244 
232 40 
244 236 
248 40 
236 232 
236 40 
240 232 
236 44 
236 236 
228 240 
236 44 
240 236 
236 44 
236 232 
240 84 
232 40 
228 628 
440 40 
240 236 
232 48 
240 236 
236 232 
236 40 
240 236 
232 48 
240 236 
240 36 
232 240 
236 228 
232 40 
232 244 
440 36 
236 236 
228 48 
236 232 
236 244 
236 40 
236 236 
444 40 
236 240 
236 40 
236 244 
232 240 
232 36 
236 236 
440 36 
236 236 
240 40 
240 236 
240 236 
232 44 
228 236 
232 32 
236 232 
236 40 
244 36 
236 232 
236 36 
216 240 
240 36 
232 228 
240 240 
240 44 
224 236 
440 40 
244 244 
232 40 
216 236 
240 256 
232 36 
232 236 
436 40 
232 244 
232 40 
240 236 
232 40 
212 216 
240 236 
236 36 
236 232 
436 36 
228 240 
232 48 
232 232 
312 236 
236 40 
236 232 
240 36 
232 240 
236 40 
236 236 
232 44 
236 40 
612 244 
228 36 
240 236 
444 40 
232 240 
232 36 
244 240 
232 236 
240 40 
240 424 
440 40 
244 232 
240 40 
228 240 
236 36 
240 44 
228 232 
228 40 
236 672 
244 40 
240 240 
232 44 
236 236 
244 192 
244 44 
236 232 
228 40 
232 232 
236 32 
232 240 
228 240 
232 48 
240 236 
436 44 
232 232 
232 32 
232 240 
236 40 
240 236 
236 44 
236 44 
232 236 
244 40 
232 236 
232 32 
240 240 
228 40 
228 240 
244 232 
444 40 
240 240 
228 44 
236 236 
236 44 
232 240 
232 236 
236 44 
232 240 
436 244 
240 236 
216 48 
236 228 
232 160 
232 40 
236 232 
436 44 
240 236 
232 40 
232 236 
220 224 
232 40 
232 236 
444 48 
236 236 
240 36 
232 244 
240 220 
236 44 
224 216 
236 48 
240 240 
232 44 
232 244 
244 236 
240 40 
228 244 
232 44 
232 212 
232 40 
232 240 
236 236 
236 36 
236 228 
236 36 
240 232 
808 36 
236 232 
232 36 
240 40 
240 240 
228 44 
232 236 
232 40 
236 236 
232 476 
240 44 
240 232 
232 40 
236 236 
232 40 
240 244 
232 44 
236 236 
232 696 
236 44 
228 240 
440 44 
236 236 
236 36 
228 240 
232 40 
232 236 
240 76 
236 40 
232 240 
232 40 
208 196 
232 208 
228 288 
196 196 
212 212 
228 192 
188 200 
236 212 
240 228 
236 944 
240 228 
236 228 
232 232 
232 236 
232 236 
232 240 
232 236 
228 240 
232 240 
228 248 
232 228 
232 236 
232 236 
232 228 
236 240 
228 204 
228 416 
440 232 
232 232 
192 212 
240 236 
232 240 
232 236 
240 236 
236 236 
236 232 
236 236 
232 236 
216 236 
236 232 
236 236 
228 420 
232 236 
196 240 
228 232 
192 232 
228 216 
212 232 
192 232 
248 232 
244 236 
232 240 
232 200 
232 240 
196 240 
568 208 
220 228 
232 240 
240 196 
228 228 
228 228 
212 236 
200 236 
212 236 
608 236 
236 240 
232 240 
232 232 
240 240 
236 244 
244 240 
240 236 
232 240 
232 444 
248 236 
240 236 
232 232 
232 236 
236 236 
240 192 
240 232 
236 236 
232 720 
232 236 
240 212 
232 232 
232 232 
232 232 
232 232 
248 240 
228 240 
192 228 
240 224 
228 236 
232 236 
236 232 
236 236 
232 208 
240 236 
232 228 
236 236 
232 240 
232 212 
236 232 
196 240 
232 236 
208 240 
232 220 
240 232 
204 236 
232 232 
208 236 
240 232 
232 240 
244 232 
232 236 
240 232 
232 236 
240 236 
228 240 
232 236 
228 232 
228 244 
236 240 
212 236 
208 244 
232 240 
232 236 
232 236 
244 232 
240 240 
232 236 
232 240 
216 216 
248 232 
228 232 
236 240 
236 240 
236 244 
240 240 
240 236 
228 236 
240 220 
240 240 
228 236 
236 236 
232 236 
232 236 
236 232 
240 232 
368 232 
232 216 
236 232 
228 240 
240 256 
240 232 
240 240 
236 240 
240 236 
640 240 
232 240 
228 236 
236 236 
196 236 
232 232 
236 236 
244 236 
228 240 
232 500 
240 220 
232 200 
196 236 
232 232 
192 200 
228 196 
208 236 
236 212 
212 232 
236 196 
236 216 
232 220 
236 240 
236 228 
324 208 
212 216 
236 196 
208 236 
232 236 
192 200 
192 232 
232 240 
240 220 
236 232 
232 240 
232 216 
236 236 
188 232 
232 232 
228 216 
232 216 
252 240 
236 200 
236 212 
196 216 
208 196 
216 236 
224 212 
236 232 
228 232 
200 204 
212 216 
228 236 
236 244 
236 236 
228 232 
228 236 
208 232 
208 236 
576 236 
208 240 
208 228 
196 212 
244 240 
236 220 
232 240 
228 492 
196 212 
196 232 
244 192 
192 244 
228 232 
232 212 
236 196 
236 232 
236 240 
232 240 
528 192 
232 212 
232 212 
236 232 
236 236 
232 240 
188 232 
212 232 
240 204 
388 208 
232 216 
228 244 
200 196 
212 220 
212 200 
192 208 
228 236 
236 196 
644 228 
236 232 
196 208 
232 204 
232 236 
232 236 
244 228 
192 240 
232 192 
192 192 
220 212 
232 244 
236 236 
188 232 
232 232 
232 232 
192 200 
232 216 
232 752 
232 456 
228 236 
192 216 
240 236 
208 216 
232 236 
240 232 
232 244 
184 208 
232 236 
232 220 
232 192 
232 212 
228 236 
236 236 
232 232 
224 264 
232 236 
236 256 
208 224 
232 212 
228 240 
472 280 
212 216 
232 216 
196 232 
232 232 
232 216 
244 232 
244 236 
232 208 
232 236 
208 216 
208 232 
236 232 
232 236 
228 192 
228 236 
232 248 
228 236 
240 240 
208 212 
240 232 
192 192 
228 236 
236 208 
232 236 
232 232 
232 240 
240 388 
192 232 
280 232 
228 228 
228 232 
228 192 
228 196 
228 528 
244 244 
236 232 
228 212 
236 240 
232 232 
236 232 
232 208 
220 244 
232 232 
236 228 
204 232 
232 208 
232 236 
268 232 
228 236 
224 232 
232 236 
228 232 
232 232 
732 228 
236 208 
224 324 
232 252 
244 236 
236 240 
240 232 
232 236 
236 240 
232 252 
196 248 
232 212 
232 212 
212 236 
240 240 
228 196 
232 232 
228 236 
236 232 
232 240 
236 228 
232 232 
232 232 
236 236 
228 232 
232 232 
236 232 
228 232 
232 240 
228 232 
228 232 
228 236 
232 192 
228 232 
232 236 
200 232 
228 232 
236 228 
228 244 
232 236 
200 192 
228 236 
208 228 
204 232 
236 236 
244 236 
232 216 
232 232 
236 216 
236 240 
228 452 
232 236 
228 236 
188 220 
244 232 
452 232 
348 200 
236 456 
228 228 
236 240 
208 236 
236 232 
192 236 
240 204 
276 224 
236 452 
240 232 
232 192 
228 232 
236 216 
228 236 
200 236 
228 236 
196 236 
192 236 
240 236 
236 236 
200 240 
236 212 
232 244 
232 232 
192 240 
244 200 
236 236 
248 232 
192 248 
472 228 
228 212 
236 360 
232 236 
228 244 
232 240 
232 232 
232 192 
232 236 
236 244 
228 232 
232 240 
236 232 
244 236 
248 236 
240 232 
228 232 
232 236 
232 232 
228 240 
232 252 
240 240 
184 264 
240 200 
232 240 
228 224 
228 236 
232 240 
236 232 
232 240 
208 240 
236 236 
228 228 
228 232 
236 236 
236 236 
232 228 
192 244 
232 192 
244 236 
228 236 
228 212 
240 240 
232 240 
236 232 
228 232 
236 232 
228 236 
240 224 
212 240 
228 228 
236 232 
196 240 
216 232 
232 236 
236 228 
240 236 
236 232 
228 232 
228 448 
248 232 
192 240 
232 236 
240 236 
192 212 
