# ./FR-trace starting at Thu Mar 19 01:44:11 2020
################# CONFIG #################
# slot=5000
# samples=10000
# threshold=100
# idle=500
# minlen=500
# runs=10000
# pdathreads=2
# nmonitored=2
#   monitor0=../apps/openssl ecp_smpl.c:927 0x1e3e58
#   monitor1=../apps/openssl ecp_smpl.c:934 0x1e3af3
# nevicted=0
# npdatargets=2
#   target0=../apps/openssl bn_lib.c:514 0x102fb9
#   target1=../apps/openssl bn_lib.c:543 0x103025
# affinity=all
############## SYSTEM INFO ###############
# mastik_version=
# sysname=Linux
# nodename=lovelace
# release=5.3.7-arch1-1-ARCH
# version=#1 SMP PREEMPT Fri Oct 18 00:17:03 UTC 2019
# machine=x86_64
################## DATA ##################
# run=4923
# datapoints=1520
48 44 
204 208 
44 208 
48 44 
48 44 
236 228 
232 212 
232 212 
232 212 
456 152 
212 212 
236 236 
368 212 
236 208 
232 212 
228 208 
228 232 
228 208 
236 212 
216 216 
236 228 
228 40 
48 44 
44 44 
44 44 
48 44 
232 224 
232 204 
204 208 
236 228 
236 40 
232 40 
236 216 
232 204 
232 212 
232 228 
240 52 
0 0 
0 0 
212 200 
196 232 
228 616 
232 208 
196 204 
216 212 
232 220 
224 232 
228 44 
252 204 
232 236 
240 228 
232 232 
44 44 
236 216 
268 328 
232 220 
236 228 
232 40 
236 212 
228 212 
232 228 
228 232 
232 232 
220 40 
236 212 
232 208 
228 208 
228 232 
232 44 
236 216 
236 208 
232 228 
232 40 
228 236 
236 236 
232 232 
240 228 
236 220 
232 44 
240 232 
240 232 
232 208 
232 232 
40 40 
248 280 
244 276 
192 196 
196 192 
196 44 
196 192 
232 220 
232 228 
232 228 
240 44 
228 212 
752 196 
228 208 
232 228 
232 44 
232 208 
240 208 
228 212 
232 228 
228 40 
232 208 
216 208 
232 204 
228 228 
228 40 
240 216 
236 212 
240 220 
240 208 
232 232 
44 44 
236 208 
236 236 
236 212 
232 232 
232 44 
236 208 
232 212 
236 208 
216 208 
228 228 
240 48 
232 212 
240 216 
232 232 
232 232 
232 36 
312 208 
228 208 
236 212 
228 232 
232 44 
228 208 
236 208 
236 208 
228 232 
44 40 
232 204 
228 208 
236 256 
228 228 
228 44 
232 216 
232 212 
232 240 
232 408 
232 40 
244 208 
228 208 
236 208 
232 224 
236 40 
232 204 
240 212 
236 624 
232 232 
232 44 
236 232 
240 212 
228 228 
236 232 
48 40 
232 216 
240 228 
232 212 
232 232 
232 40 
236 236 
232 232 
232 212 
228 212 
232 232 
232 48 
232 224 
236 212 
232 212 
236 228 
232 44 
228 208 
240 212 
228 228 
228 40 
228 44 
232 204 
236 208 
236 232 
232 228 
56 44 
228 208 
232 236 
236 232 
232 232 
236 44 
232 208 
236 212 
236 224 
208 232 
232 44 
232 236 
236 212 
236 232 
232 232 
236 40 
228 212 
232 204 
188 232 
232 188 
236 44 
196 192 
192 192 
192 192 
216 40 
224 196 
200 196 
192 228 
232 236 
236 156 
48 40 
232 228 
196 216 
192 212 
192 228 
196 44 
188 208 
232 204 
236 232 
232 44 
236 212 
232 244 
236 240 
232 236 
656 40 
196 192 
236 236 
192 192 
192 192 
196 188 
192 40 
188 204 
236 236 
232 420 
232 232 
48 44 
228 220 
236 228 
228 228 
232 232 
236 44 
228 212 
240 648 
232 232 
236 220 
240 44 
244 208 
232 212 
232 228 
240 228 
228 40 
236 224 
228 208 
236 232 
232 232 
232 40 
232 208 
232 208 
236 212 
228 228 
40 40 
232 220 
236 212 
236 224 
228 228 
240 40 
232 208 
232 208 
236 228 
228 228 
232 40 
236 208 
236 208 
236 212 
228 228 
232 44 
228 216 
236 240 
232 232 
232 232 
236 236 
228 44 
240 212 
236 236 
216 220 
228 228 
228 40 
232 204 
236 208 
232 232 
232 232 
52 40 
236 256 
212 244 
232 232 
232 40 
236 44 
240 204 
240 208 
232 228 
232 232 
236 44 
212 212 
236 236 
240 212 
232 232 
232 44 
232 208 
232 208 
236 212 
356 232 
232 40 
236 212 
232 244 
232 208 
228 236 
48 44 
240 212 
232 236 
548 248 
236 228 
236 80 
232 56 
232 208 
240 236 
228 232 
228 228 
228 44 
232 412 
232 208 
232 212 
232 228 
232 48 
236 212 
240 212 
232 232 
232 100 
48 44 
236 208 
232 236 
236 216 
232 236 
228 40 
232 216 
236 212 
232 208 
232 236 
232 40 
240 212 
232 208 
236 208 
236 232 
232 44 
240 212 
232 204 
196 196 
228 228 
204 44 
196 204 
196 232 
232 212 
232 212 
232 36 
240 208 
212 256 
232 204 
232 232 
48 44 
228 208 
220 208 
220 228 
212 232 
220 44 
240 212 
236 232 
228 208 
232 208 
236 44 
228 208 
212 208 
228 208 
208 228 
228 40 
236 208 
232 208 
208 212 
232 208 
240 40 
216 204 
236 208 
228 208 
232 228 
52 44 
236 232 
232 208 
232 208 
228 232 
236 44 
240 216 
232 212 
236 212 
232 228 
228 44 
256 228 
244 216 
344 212 
232 208 
232 44 
236 216 
236 212 
236 216 
228 240 
228 44 
232 216 
600 204 
232 228 
232 228 
232 44 
232 204 
232 212 
232 228 
232 232 
52 40 
232 432 
232 252 
232 228 
236 232 
236 48 
236 216 
232 208 
240 232 
232 228 
236 44 
236 204 
236 216 
232 208 
232 232 
236 72 
236 236 
236 232 
232 208 
232 228 
240 40 
224 232 
232 212 
228 208 
228 228 
232 40 
236 212 
232 212 
264 212 
232 228 
44 40 
236 216 
228 208 
240 224 
228 228 
228 40 
228 212 
236 232 
232 212 
236 232 
232 232 
240 40 
232 212 
228 208 
228 216 
232 232 
244 44 
228 232 
236 204 
228 232 
236 228 
44 48 
212 208 
240 232 
232 208 
232 228 
240 44 
232 228 
236 212 
236 228 
232 232 
208 44 
236 208 
236 208 
240 212 
236 232 
236 44 
236 204 
240 208 
236 212 
236 204 
228 48 
232 212 
232 212 
228 228 
232 212 
232 232 
240 44 
388 228 
240 220 
204 216 
236 232 
44 44 
204 224 
212 212 
212 208 
204 204 
620 40 
216 208 
212 208 
228 212 
228 232 
228 44 
212 212 
236 208 
232 228 
232 448 
240 40 
232 208 
216 228 
236 208 
232 36 
232 216 
228 208 
228 208 
232 700 
228 224 
44 48 
240 212 
236 208 
212 208 
208 208 
216 40 
212 204 
240 212 
228 236 
232 228 
248 48 
232 208 
236 208 
232 232 
232 44 
232 208 
232 232 
236 236 
232 212 
236 228 
268 48 
232 208 
232 236 
236 228 
232 232 
44 44 
232 212 
236 224 
236 236 
232 232 
232 40 
224 204 
228 212 
232 212 
228 232 
232 40 
244 228 
236 228 
236 224 
228 228 
208 40 
240 216 
236 236 
232 232 
232 228 
224 44 
236 232 
236 224 
232 232 
208 208 
240 44 
240 208 
236 216 
232 232 
48 40 
232 216 
224 208 
240 236 
232 208 
228 44 
232 208 
228 228 
232 216 
232 208 
232 228 
240 44 
392 236 
232 208 
228 232 
232 48 
228 44 
240 228 
240 216 
228 212 
228 228 
632 44 
232 212 
232 220 
236 208 
232 228 
40 44 
232 216 
228 212 
236 216 
236 492 
228 40 
228 212 
240 212 
236 208 
232 232 
232 44 
232 212 
236 212 
232 688 
228 228 
232 44 
236 204 
256 228 
236 216 
228 228 
232 40 
236 212 
232 204 
236 240 
232 208 
228 228 
232 44 
232 216 
236 208 
236 232 
228 232 
48 44 
236 232 
236 212 
236 204 
232 232 
232 48 
228 236 
228 208 
228 212 
216 208 
216 44 
236 216 
232 228 
232 232 
232 228 
240 44 
232 228 
228 232 
232 228 
236 44 
196 44 
196 208 
196 208 
192 248 
196 232 
44 40 
196 216 
196 228 
232 188 
232 232 
192 48 
188 236 
420 228 
192 228 
188 228 
188 44 
200 208 
236 212 
236 192 
236 192 
228 48 
236 188 
236 192 
236 188 
236 232 
232 40 
232 212 
232 216 
228 208 
228 232 
424 40 
236 212 
236 208 
236 228 
240 228 
44 44 
232 204 
232 232 
236 228 
656 232 
232 44 
236 252 
240 216 
240 232 
232 228 
232 44 
236 208 
236 244 
236 496 
236 232 
236 40 
232 212 
240 300 
232 232 
232 232 
232 48 
232 208 
232 208 
236 216 
228 228 
232 40 
240 216 
236 228 
236 236 
236 236 
232 228 
44 40 
232 204 
228 212 
232 212 
232 232 
232 44 
236 208 
228 232 
232 236 
232 232 
232 232 
236 44 
232 216 
228 204 
236 232 
244 40 
236 232 
236 212 
236 212 
232 232 
232 40 
236 40 
236 208 
236 228 
232 208 
228 228 
44 48 
236 204 
236 208 
232 212 
232 236 
232 44 
228 212 
212 240 
236 232 
232 228 
236 40 
232 216 
236 208 
236 208 
228 232 
232 44 
216 208 
232 212 
228 212 
228 232 
236 44 
232 212 
236 212 
232 228 
220 228 
44 44 
240 204 
236 208 
232 232 
232 236 
236 40 
232 208 
240 208 
452 228 
232 208 
236 48 
236 216 
236 212 
240 216 
232 228 
232 40 
232 212 
684 208 
232 232 
236 232 
236 44 
236 216 
240 236 
228 232 
232 80 
44 40 
236 516 
236 236 
232 208 
188 192 
236 44 
228 216 
236 212 
232 208 
236 232 
236 44 
216 208 
240 212 
208 192 
232 40 
236 40 
232 224 
236 192 
232 192 
228 212 
228 48 
232 208 
196 212 
192 212 
284 200 
44 44 
192 208 
192 212 
188 228 
192 44 
232 224 
236 212 
236 216 
232 220 
232 44 
240 236 
240 236 
236 208 
236 232 
232 232 
236 40 
232 208 
232 232 
232 228 
228 236 
240 40 
232 212 
236 232 
232 232 
228 244 
44 40 
236 228 
212 216 
228 208 
228 232 
236 44 
232 208 
236 220 
240 248 
232 232 
232 40 
212 208 
228 208 
232 212 
228 232 
232 48 
232 208 
236 232 
228 228 
204 228 
228 44 
236 240 
236 208 
236 220 
232 228 
232 44 
236 212 
232 208 
472 236 
228 236 
44 44 
236 208 
236 208 
232 228 
236 232 
232 40 
232 236 
708 212 
236 236 
232 228 
232 44 
228 232 
232 208 
236 236 
232 236 
228 44 
240 464 
236 212 
308 212 
232 228 
232 40 
236 208 
236 212 
232 216 
232 228 
228 232 
44 44 
240 212 
232 208 
232 232 
236 228 
228 48 
232 208 
236 212 
264 232 
232 228 
232 44 
232 220 
236 220 
232 236 
232 224 
228 44 
232 212 
232 216 
232 232 
232 212 
236 232 
236 44 
240 212 
232 208 
236 232 
232 44 
236 236 
240 208 
240 236 
232 212 
232 232 
48 44 
252 228 
236 236 
232 212 
228 232 
236 44 
232 228 
232 220 
240 232 
228 228 
212 44 
236 212 
236 232 
232 208 
228 232 
236 44 
236 216 
240 220 
232 212 
212 208 
232 40 
236 208 
196 208 
232 192 
236 196 
236 192 
240 40 
208 200 
212 216 
212 208 
232 208 
48 44 
320 232 
232 212 
232 228 
232 228 
476 44 
236 212 
240 208 
228 232 
232 208 
236 44 
216 208 
212 220 
212 208 
684 236 
208 44 
208 216 
216 212 
232 228 
212 232 
44 56 
208 212 
216 228 
208 600 
228 232 
232 232 
304 232 
196 204 
236 232 
196 204 
208 192 
204 228 
200 228 
232 212 
232 232 
232 208 
236 204 
232 212 
232 48 
236 212 
232 216 
232 232 
236 216 
236 280 
240 212 
228 220 
236 228 
232 228 
228 228 
232 232 
232 232 
240 228 
240 228 
236 228 
228 228 
232 232 
232 232 
236 232 
236 228 
232 232 
236 212 
236 208 
236 208 
212 208 
228 228 
220 208 
236 236 
236 244 
236 204 
232 208 
232 208 
232 236 
192 228 
228 232 
208 228 
228 228 
228 228 
228 228 
232 228 
232 232 
232 236 
232 232 
232 216 
216 208 
236 236 
236 232 
236 204 
224 228 
192 228 
216 212 
188 232 
256 184 
232 208 
232 204 
236 232 
200 232 
188 228 
228 232 
212 232 
232 228 
504 188 
208 236 
232 228 
236 232 
208 208 
204 236 
236 228 
232 240 
232 224 
744 224 
232 232 
232 228 
228 236 
228 228 
232 232 
232 208 
232 228 
316 324 
188 232 
232 232 
212 232 
224 208 
236 232 
208 232 
228 228 
236 228 
232 212 
228 232 
232 228 
232 232 
236 228 
232 232 
232 232 
232 228 
232 232 
232 232 
236 228 
236 232 
236 236 
212 208 
212 228 
640 192 
244 228 
232 232 
236 188 
208 192 
232 232 
196 188 
228 216 
232 208 
232 232 
216 228 
232 228 
232 192 
192 188 
228 232 
196 228 
216 208 
320 232 
212 208 
208 208 
212 208 
192 208 
212 208 
208 212 
208 268 
232 232 
232 232 
232 232 
212 232 
236 232 
232 228 
236 228 
228 232 
232 228 
232 228 
232 232 
232 228 
208 208 
236 232 
232 232 
232 232 
232 228 
228 228 
236 228 
232 228 
260 228 
228 208 
228 232 
188 232 
228 204 
604 232 
232 232 
240 192 
192 204 
492 232 
212 228 
188 188 
188 212 
232 232 
228 228 
232 236 
212 228 
216 224 
192 400 
220 232 
200 232 
192 208 
232 228 
216 208 
232 192 
188 232 
216 236 
232 188 
212 228 
232 228 
192 196 
228 236 
236 192 
196 192 
228 228 
208 232 
192 240 
232 232 
232 228 
192 232 
208 208 
196 444 
228 212 
192 232 
208 224 
232 228 
192 232 
228 224 
232 188 
208 296 
232 208 
208 228 
236 204 
232 228 
232 220 
232 236 
232 228 
236 232 
228 228 
228 248 
188 208 
212 196 
196 232 
188 228 
204 228 
212 212 
208 228 
232 232 
192 236 
216 232 
232 232 
208 228 
212 216 
216 188 
192 208 
232 232 
232 232 
304 232 
204 208 
196 232 
232 228 
188 188 
232 232 
228 228 
232 212 
232 188 
512 368 
236 208 
228 188 
228 228 
228 312 
192 200 
212 216 
232 236 
228 232 
316 232 
228 212 
220 232 
228 232 
232 232 
212 228 
232 228 
228 208 
320 208 
524 208 
232 212 
236 232 
232 208 
232 188 
232 188 
228 188 
212 192 
188 208 
232 380 
192 236 
188 232 
188 192 
188 232 
240 208 
192 216 
192 232 
228 228 
236 752 
232 228 
228 232 
232 192 
216 208 
232 232 
192 240 
228 200 
240 192 
232 200 
232 232 
228 532 
236 220 
232 212 
656 232 
232 188 
192 236 
236 228 
188 228 
232 232 
236 208 
192 188 
232 232 
216 228 
232 208 
232 228 
192 228 
228 228 
212 268 
232 232 
228 228 
228 228 
244 216 
212 232 
240 232 
228 232 
236 188 
228 192 
228 192 
232 192 
228 232 
536 884 
204 188 
192 220 
208 232 
228 232 
232 232 
232 232 
228 188 
228 232 
220 228 
204 228 
284 232 
232 232 
232 232 
228 232 
228 232 
216 192 
232 232 
232 232 
212 208 
212 228 
232 228 
212 208 
200 232 
228 232 
232 232 
232 232 
392 556 
232 212 
192 208 
192 208 
232 340 
224 204 
232 232 
220 232 
232 232 
556 228 
232 232 
196 216 
232 228 
232 228 
236 212 
236 228 
236 228 
236 228 
232 428 
236 232 
232 232 
232 228 
228 228 
232 228 
236 228 
232 232 
208 228 
224 640 
232 232 
228 228 
228 228 
232 228 
228 228 
228 232 
232 232 
232 204 
192 228 
232 224 
228 232 
228 228 
236 236 
232 232 
208 212 
236 208 
232 212 
188 232 
232 192 
196 188 
236 320 
216 228 
212 200 
228 188 
228 192 
232 236 
232 228 
192 192 
192 196 
192 232 
232 240 
264 192 
232 212 
236 228 
236 216 
232 228 
228 232 
192 192 
208 232 
228 280 
268 228 
212 232 
232 232 
232 232 
232 236 
228 188 
208 188 
232 188 
236 192 
196 228 
208 232 
188 240 
188 228 
192 232 
188 232 
192 232 
192 228 
196 232 
228 188 
236 192 
232 188 
232 192 
228 188 
236 184 
232 188 
232 192 
192 196 
212 228 
236 192 
212 188 
232 188 
240 188 
196 192 
236 228 
236 232 
232 232 
584 228 
232 232 
236 232 
236 232 
196 232 
232 212 
232 228 
228 228 
232 232 
228 444 
236 192 
228 228 
236 196 
228 208 
316 232 
236 228 
228 236 
232 232 
232 668 
236 208 
236 228 
232 228 
232 232 
188 232 
228 232 
228 232 
232 232 
236 232 
232 236 
236 224 
228 232 
200 232 
232 192 
228 228 
236 208 
228 228 
228 228 
228 228 
228 232 
208 228 
228 232 
232 232 
232 232 
232 228 
188 224 
232 228 
208 228 
232 232 
232 208 
232 232 
236 232 
232 228 
232 228 
228 228 
232 232 
232 232 
236 228 
192 224 
236 228 
