# ./FR-trace starting at Thu Mar 19 00:29:30 2020
################# CONFIG #################
# slot=5000
# samples=10000
# threshold=100
# idle=500
# minlen=500
# runs=10000
# pdathreads=2
# nmonitored=2
#   monitor0=../apps/openssl ecp_smpl.c:927 0x1e3e58
#   monitor1=../apps/openssl ecp_smpl.c:934 0x1e3af3
# nevicted=0
# npdatargets=2
#   target0=../apps/openssl bn_lib.c:514 0x102fb9
#   target1=../apps/openssl bn_lib.c:543 0x103025
# affinity=all
############## SYSTEM INFO ###############
# mastik_version=
# sysname=Linux
# nodename=lovelace
# release=5.3.7-arch1-1-ARCH
# version=#1 SMP PREEMPT Fri Oct 18 00:17:03 UTC 2019
# machine=x86_64
################## DATA ##################
# run=714
# datapoints=1565
48 44 
216 212 
44 208 
52 40 
44 44 
196 212 
196 208 
236 196 
328 228 
236 188 
236 220 
240 212 
272 236 
164 212 
216 232 
212 252 
232 224 
364 236 
236 208 
240 216 
228 208 
44 48 
236 212 
228 212 
216 240 
216 232 
192 228 
220 40 
204 204 
240 256 
212 208 
212 228 
208 228 
232 40 
228 216 
236 456 
236 208 
232 228 
236 40 
228 216 
228 204 
216 220 
208 228 
208 44 
216 724 
216 208 
212 212 
240 228 
232 44 
236 204 
212 224 
204 228 
204 232 
208 48 
212 216 
236 208 
216 228 
212 232 
208 40 
232 216 
236 236 
232 208 
232 228 
228 40 
228 208 
236 212 
244 208 
228 208 
208 44 
212 212 
212 240 
204 228 
212 228 
216 44 
212 204 
220 216 
232 1052 
212 232 
228 44 
240 208 
236 212 
236 232 
196 228 
196 44 
196 232 
232 188 
212 216 
232 40 
240 232 
236 212 
232 192 
232 192 
232 216 
192 44 
392 196 
192 208 
192 228 
188 228 
232 44 
192 212 
196 212 
188 228 
232 228 
240 48 
236 216 
236 224 
236 236 
232 232 
232 44 
240 200 
232 188 
196 192 
192 264 
192 44 
196 196 
192 204 
236 192 
232 232 
228 228 
228 44 
228 216 
656 236 
240 232 
228 228 
232 44 
236 212 
236 208 
228 208 
228 232 
228 44 
236 444 
232 212 
240 236 
228 228 
188 40 
192 232 
232 208 
232 208 
236 232 
232 204 
236 48 
236 212 
228 204 
1012 232 
192 224 
196 44 
192 212 
196 204 
200 200 
228 244 
196 44 
196 212 
192 216 
232 192 
228 232 
236 228 
240 44 
232 208 
248 208 
228 212 
228 636 
228 44 
196 212 
236 232 
196 232 
232 236 
212 44 
236 204 
228 216 
228 208 
212 260 
212 40 
208 204 
208 208 
204 208 
228 204 
216 44 
212 212 
212 212 
236 212 
232 212 
232 40 
236 212 
236 208 
228 204 
228 208 
232 40 
240 216 
212 208 
216 236 
212 208 
204 228 
212 44 
800 216 
212 208 
216 208 
232 208 
232 40 
220 204 
232 208 
236 228 
228 232 
208 44 
216 212 
212 208 
232 204 
232 232 
400 48 
232 208 
240 212 
232 208 
232 212 
232 44 
212 216 
212 212 
212 228 
656 208 
212 36 
232 232 
208 208 
208 212 
208 228 
240 44 
232 204 
232 212 
228 528 
232 208 
812 40 
240 212 
232 216 
236 204 
208 208 
208 44 
208 212 
220 208 
232 196 
204 232 
236 40 
228 216 
232 192 
240 200 
236 192 
232 44 
236 200 
232 204 
196 188 
192 192 
184 44 
572 196 
232 232 
232 204 
224 236 
204 40 
240 208 
240 212 
232 208 
228 232 
192 48 
224 48 
232 196 
244 196 
216 196 
232 192 
240 44 
236 188 
196 208 
188 468 
192 232 
208 44 
196 208 
244 212 
196 196 
224 196 
228 40 
236 208 
516 208 
212 232 
208 228 
228 44 
236 212 
236 220 
232 232 
232 192 
232 40 
192 208 
192 220 
204 320 
228 228 
228 40 
228 260 
228 232 
232 232 
232 232 
336 48 
204 212 
208 208 
236 228 
204 228 
232 44 
236 216 
228 228 
228 272 
740 232 
232 40 
240 228 
232 208 
236 228 
228 228 
188 236 
228 328 
232 232 
692 208 
228 556 
236 232 
240 212 
240 236 
228 40 
232 208 
228 208 
244 208 
232 552 
232 80 
228 48 
232 236 
240 212 
232 232 
232 232 
236 44 
236 216 
228 212 
240 216 
236 232 
236 48 
236 224 
232 212 
224 228 
228 228 
232 44 
236 208 
236 212 
236 232 
228 228 
232 44 
232 212 
236 212 
236 212 
228 228 
40 44 
236 224 
236 216 
240 236 
232 232 
228 48 
236 204 
228 212 
240 232 
232 224 
228 36 
232 240 
232 248 
244 232 
228 228 
232 232 
232 48 
236 236 
236 212 
232 228 
228 228 
232 44 
232 216 
236 208 
216 228 
232 232 
44 44 
240 204 
236 208 
240 208 
232 228 
236 44 
228 232 
212 208 
228 232 
236 232 
228 44 
232 208 
236 236 
232 232 
232 228 
208 44 
232 212 
236 208 
232 212 
232 232 
228 48 
236 220 
928 236 
236 212 
464 232 
232 208 
236 44 
236 232 
232 236 
232 236 
236 228 
44 44 
240 212 
704 212 
240 236 
224 232 
240 44 
232 208 
240 208 
240 208 
232 232 
228 40 
256 532 
232 208 
236 212 
232 232 
240 40 
236 224 
228 216 
236 208 
228 232 
228 232 
44 44 
236 216 
236 208 
336 208 
236 224 
236 44 
232 212 
232 236 
228 212 
228 228 
232 232 
228 44 
232 208 
232 216 
236 228 
232 108 
228 44 
236 208 
236 216 
236 232 
232 232 
232 40 
236 204 
232 240 
232 208 
228 232 
48 44 
240 212 
232 208 
232 208 
232 232 
228 44 
228 216 
232 228 
232 232 
232 228 
232 48 
472 240 
228 212 
228 208 
232 228 
208 44 
228 208 
232 228 
236 212 
236 232 
228 228 
236 44 
236 204 
232 208 
212 208 
232 224 
232 44 
228 228 
844 212 
232 228 
236 212 
232 228 
48 44 
236 224 
232 208 
232 228 
228 232 
232 44 
236 216 
232 208 
236 208 
492 232 
228 40 
228 208 
236 232 
236 224 
228 228 
228 232 
232 44 
232 228 
712 208 
232 232 
236 232 
236 48 
240 252 
228 232 
240 236 
236 228 
232 40 
232 568 
232 232 
236 204 
228 232 
52 44 
232 236 
236 224 
228 236 
228 232 
224 236 
232 40 
232 212 
232 212 
236 236 
228 232 
232 44 
240 212 
232 208 
236 208 
232 232 
232 40 
228 204 
232 208 
240 216 
228 224 
232 44 
240 224 
236 236 
236 220 
232 232 
48 44 
228 212 
240 232 
240 232 
236 232 
228 40 
368 204 
232 212 
232 208 
232 232 
236 152 
240 40 
216 204 
236 208 
232 232 
232 232 
228 44 
236 240 
228 208 
228 208 
228 228 
216 44 
228 212 
240 208 
228 228 
232 228 
48 44 
232 216 
240 212 
232 228 
212 212 
228 40 
236 212 
236 248 
236 232 
228 232 
232 40 
232 220 
268 208 
232 212 
236 232 
228 44 
224 228 
232 208 
228 208 
232 228 
236 60 
500 208 
232 224 
236 212 
232 232 
232 44 
236 216 
236 240 
232 208 
232 232 
120 40 
256 236 
240 216 
232 212 
240 228 
232 200 
228 44 
236 220 
228 208 
228 592 
240 228 
228 44 
236 216 
236 208 
240 232 
228 228 
228 44 
232 216 
240 224 
236 212 
232 212 
228 228 
232 44 
236 228 
240 212 
232 212 
228 232 
48 44 
248 252 
232 228 
232 212 
232 232 
236 40 
236 216 
444 236 
228 204 
236 232 
232 232 
236 40 
236 208 
236 204 
232 232 
236 232 
232 44 
236 212 
236 240 
228 232 
232 228 
236 48 
236 232 
232 236 
212 208 
224 228 
44 44 
236 208 
236 208 
232 204 
228 228 
240 40 
236 212 
212 212 
232 232 
232 228 
232 44 
236 236 
232 208 
240 212 
232 228 
292 44 
216 212 
228 212 
232 208 
228 224 
236 228 
240 48 
232 212 
232 208 
296 228 
232 44 
44 40 
232 232 
252 212 
228 228 
232 228 
232 48 
228 212 
540 248 
236 232 
228 228 
232 40 
232 208 
232 212 
240 212 
232 232 
228 44 
240 360 
228 212 
232 232 
228 228 
232 48 
240 212 
232 240 
236 208 
232 232 
228 44 
236 216 
236 208 
232 236 
232 232 
44 48 
236 232 
240 212 
236 240 
232 232 
232 44 
232 212 
232 232 
236 204 
484 204 
228 232 
232 44 
236 252 
236 220 
232 228 
232 228 
236 40 
232 208 
228 208 
236 208 
232 228 
232 44 
236 212 
228 204 
240 208 
232 228 
232 40 
240 240 
240 240 
228 212 
232 228 
44 48 
236 216 
236 208 
236 212 
232 228 
232 232 
204 40 
236 212 
240 208 
232 232 
228 224 
228 40 
236 212 
236 208 
232 228 
208 232 
232 44 
236 212 
236 208 
232 228 
228 228 
228 40 
236 212 
232 240 
212 240 
236 232 
232 44 
232 212 
236 228 
236 216 
228 204 
224 232 
48 44 
256 228 
244 216 
232 212 
228 228 
232 48 
240 212 
228 212 
232 228 
560 232 
228 44 
232 204 
236 224 
236 236 
228 232 
232 40 
240 208 
240 212 
236 400 
228 232 
232 44 
236 216 
232 208 
232 212 
224 232 
232 44 
236 216 
236 640 
236 208 
1248 232 
48 40 
240 228 
232 216 
228 208 
232 232 
228 44 
236 212 
232 216 
228 212 
228 208 
232 228 
232 44 
232 232 
236 212 
228 208 
228 228 
232 40 
236 216 
232 228 
240 208 
228 228 
232 228 
260 44 
240 232 
236 228 
236 228 
232 228 
44 40 
236 240 
240 216 
236 248 
232 228 
232 40 
236 852 
232 228 
228 212 
232 204 
232 232 
228 44 
208 208 
236 228 
240 212 
232 228 
232 44 
236 212 
236 236 
236 208 
232 228 
208 40 
228 212 
236 232 
228 208 
228 232 
228 40 
236 212 
236 208 
240 240 
236 208 
44 40 
232 208 
232 228 
236 224 
236 208 
232 232 
240 44 
316 236 
236 232 
236 228 
232 116 
236 44 
236 240 
236 208 
232 228 
228 232 
560 48 
224 208 
236 236 
232 208 
232 228 
232 44 
232 212 
228 208 
232 216 
232 420 
40 44 
232 216 
232 236 
228 208 
232 236 
228 232 
236 40 
232 236 
240 640 
232 232 
232 232 
236 44 
232 208 
240 268 
224 232 
232 228 
240 44 
236 216 
236 236 
260 232 
228 232 
232 44 
240 204 
228 228 
236 236 
228 232 
232 228 
228 48 
240 208 
228 204 
236 212 
232 228 
236 188 
48 40 
232 208 
232 228 
228 232 
232 228 
240 44 
236 244 
236 224 
236 228 
228 228 
232 44 
236 236 
240 228 
228 204 
232 232 
236 48 
244 208 
216 232 
236 228 
228 228 
236 40 
232 208 
232 212 
244 212 
232 232 
44 44 
208 208 
260 236 
232 208 
232 236 
224 44 
236 212 
228 212 
232 216 
224 480 
236 44 
232 212 
236 208 
236 208 
232 232 
224 156 
236 44 
236 232 
352 212 
232 212 
236 232 
236 44 
240 204 
224 208 
236 212 
236 232 
44 40 
588 208 
232 208 
244 236 
228 228 
232 40 
240 212 
228 208 
236 236 
228 228 
232 44 
232 212 
236 236 
240 236 
228 232 
236 44 
216 212 
232 212 
236 236 
232 676 
228 168 
44 44 
236 208 
240 236 
228 228 
228 232 
236 44 
236 208 
240 240 
236 228 
232 228 
232 44 
236 208 
236 884 
232 208 
232 228 
232 44 
232 208 
236 212 
228 232 
228 232 
240 44 
236 228 
232 216 
236 236 
232 224 
228 44 
236 212 
256 212 
228 216 
232 208 
228 152 
52 44 
228 236 
232 204 
236 232 
212 208 
212 204 
208 212 
232 232 
216 192 
188 188 
188 192 
212 232 
192 192 
236 232 
232 208 
228 248 
240 236 
236 204 
204 204 
236 212 
232 208 
240 212 
240 208 
232 228 
236 208 
232 232 
228 228 
232 208 
236 228 
228 228 
232 232 
232 208 
232 232 
232 232 
236 232 
352 228 
232 208 
232 240 
224 232 
232 228 
232 228 
244 232 
228 216 
232 228 
208 240 
236 224 
240 40 
236 228 
908 208 
232 208 
228 228 
228 208 
364 232 
232 464 
228 232 
232 232 
228 228 
228 228 
232 232 
228 232 
236 232 
232 232 
232 684 
240 208 
236 232 
232 1008 
240 232 
232 228 
216 208 
192 192 
228 228 
232 228 
232 232 
208 228 
236 228 
188 188 
232 232 
232 232 
228 232 
228 232 
196 232 
228 208 
228 192 
188 208 
228 228 
232 232 
208 220 
212 228 
228 232 
232 228 
216 228 
244 192 
0 0 
0 0 
188 276 
228 188 
232 232 
228 228 
644 228 
228 228 
232 232 
232 232 
228 228 
232 232 
212 228 
228 232 
232 212 
212 228 
228 216 
232 232 
204 232 
232 228 
304 200 
212 228 
232 228 
232 236 
212 228 
236 232 
228 228 
232 228 
236 228 
584 224 
232 208 
228 232 
228 228 
232 228 
232 232 
232 228 
232 224 
232 232 
372 228 
232 208 
660 232 
228 292 
232 232 
232 192 
228 228 
228 240 
232 232 
624 232 
232 228 
236 232 
232 228 
232 232 
232 208 
228 228 
216 232 
204 232 
228 508 
232 232 
236 228 
228 232 
228 236 
236 232 
228 232 
232 228 
212 208 
236 704 
228 228 
228 232 
232 228 
228 228 
228 232 
232 232 
228 232 
232 232 
228 228 
232 228 
228 232 
232 232 
236 228 
232 232 
228 232 
232 228 
236 232 
232 232 
232 232 
232 232 
236 232 
232 228 
228 232 
232 232 
188 212 
228 228 
192 192 
232 228 
232 228 
224 236 
232 372 
232 228 
224 228 
232 196 
228 228 
240 208 
212 232 
228 232 
192 232 
232 228 
212 188 
208 208 
236 232 
232 228 
192 228 
236 188 
272 228 
232 232 
240 212 
236 232 
232 208 
232 232 
232 228 
232 196 
228 236 
200 228 
232 192 
212 228 
580 220 
240 228 
232 188 
228 208 
236 232 
232 188 
212 220 
188 232 
220 232 
556 632 
204 204 
192 232 
224 188 
212 208 
232 232 
240 192 
236 232 
192 204 
656 212 
232 232 
192 232 
224 200 
232 232 
236 228 
232 192 
232 232 
192 348 
260 184 
212 188 
196 212 
208 196 
208 188 
228 220 
200 228 
232 208 
232 228 
232 744 
228 228 
232 228 
228 248 
232 208 
232 232 
232 228 
224 192 
232 228 
228 228 
232 228 
196 216 
228 232 
232 228 
192 240 
232 208 
236 212 
212 228 
228 232 
232 236 
228 196 
224 232 
208 324 
232 232 
228 232 
232 232 
228 240 
212 272 
232 228 
192 188 
212 232 
232 232 
228 216 
212 232 
236 228 
232 232 
232 196 
232 228 
228 192 
232 196 
228 232 
232 232 
216 204 
228 208 
188 192 
232 232 
228 188 
208 208 
824 208 
204 232 
576 228 
212 232 
228 228 
208 196 
232 224 
232 232 
228 232 
236 232 
232 220 
200 228 
208 208 
304 188 
192 320 
196 192 
236 232 
212 192 
200 192 
212 276 
244 232 
192 188 
236 236 
232 232 
200 232 
228 228 
228 196 
232 240 
232 228 
192 192 
232 320 
228 188 
208 192 
208 188 
192 232 
232 228 
232 228 
244 196 
232 212 
232 236 
228 192 
228 232 
228 232 
192 232 
232 232 
228 228 
208 228 
216 236 
228 228 
232 208 
192 228 
232 228 
236 232 
188 188 
228 228 
228 232 
208 304 
232 232 
232 228 
332 232 
232 232 
228 228 
188 232 
232 228 
224 232 
232 232 
232 200 
220 232 
232 228 
232 232 
232 236 
228 228 
196 232 
232 228 
232 232 
340 196 
232 232 
228 232 
232 232 
228 232 
196 232 
228 236 
236 232 
192 232 
800 228 
236 232 
196 232 
236 232 
228 232 
196 192 
192 228 
228 228 
228 232 
228 232 
232 232 
228 228 
236 236 
608 212 
208 208 
232 232 
232 228 
228 232 
232 232 
232 232 
228 232 
236 188 
220 228 
232 208 
192 232 
232 228 
236 228 
232 228 
228 228 
236 196 
228 192 
452 228 
228 192 
232 228 
232 232 
232 232 
208 232 
208 216 
236 192 
228 188 
224 228 
228 208 
228 208 
232 228 
228 232 
192 232 
224 232 
232 232 
196 232 
232 232 
236 228 
232 232 
232 236 
232 188 
228 212 
228 228 
212 228 
228 228 
232 228 
232 224 
232 232 
228 232 
192 236 
188 212 
212 196 
204 232 
228 236 
192 232 
228 232 
208 232 
208 228 
188 232 
208 208 
212 208 
232 192 
232 188 
236 232 
232 228 
232 228 
232 228 
232 228 
236 228 
208 228 
232 236 
212 228 
228 232 
228 232 
228 232 
232 232 
208 228 
232 256 
192 236 
240 232 
228 228 
228 232 
232 212 
232 228 
232 228 
188 192 
232 232 
208 232 
232 232 
236 232 
240 228 
236 212 
232 236 
228 232 
208 264 
232 232 
208 192 
232 228 
232 232 
232 232 
188 228 
228 228 
228 232 
232 228 
272 232 
212 208 
208 224 
232 236 
188 192 
236 232 
228 232 
232 212 
204 208 
228 228 
188 232 
232 208 
208 232 
236 232 
228 228 
236 236 
228 228 
228 232 
716 288 
232 232 
232 232 
232 232 
232 232 
208 228 
232 232 
232 228 
188 188 
236 556 
232 228 
232 228 
232 228 
228 232 
232 228 
228 224 
356 228 
228 232 
232 228 
232 228 
232 228 
216 240 
232 232 
232 196 
232 232 
232 228 
236 228 
232 232 
