# ./FR-trace starting at Thu Mar 19 01:42:24 2020
################# CONFIG #################
# slot=5000
# samples=10000
# threshold=100
# idle=500
# minlen=500
# runs=10000
# pdathreads=2
# nmonitored=2
#   monitor0=../apps/openssl ecp_smpl.c:927 0x1e3e58
#   monitor1=../apps/openssl ecp_smpl.c:934 0x1e3af3
# nevicted=0
# npdatargets=2
#   target0=../apps/openssl bn_lib.c:514 0x102fb9
#   target1=../apps/openssl bn_lib.c:543 0x103025
# affinity=all
############## SYSTEM INFO ###############
# mastik_version=
# sysname=Linux
# nodename=lovelace
# release=5.3.7-arch1-1-ARCH
# version=#1 SMP PREEMPT Fri Oct 18 00:17:03 UTC 2019
# machine=x86_64
################## DATA ##################
# run=4825
# datapoints=1510
44 44 
44 212 
40 236 
48 48 
48 48 
232 228 
228 532 
232 232 
232 208 
232 228 
232 216 
236 216 
232 216 
232 216 
236 212 
232 684 
228 232 
232 236 
232 244 
232 188 
232 236 
236 208 
232 200 
228 48 
232 232 
232 232 
236 240 
236 232 
232 228 
228 40 
232 212 
232 236 
228 208 
232 232 
228 44 
236 236 
236 212 
232 208 
228 228 
228 60 
232 44 
240 220 
228 220 
236 212 
232 232 
228 44 
228 236 
228 232 
244 240 
228 232 
228 48 
228 216 
236 244 
232 212 
228 228 
228 228 
232 44 
212 212 
236 228 
228 208 
228 228 
228 44 
232 212 
236 236 
236 248 
228 228 
208 44 
232 216 
228 208 
232 212 
228 228 
228 44 
232 212 
236 212 
220 208 
228 208 
228 44 
236 216 
228 208 
232 240 
232 232 
232 44 
232 252 
404 216 
232 248 
232 236 
232 44 
232 212 
232 212 
228 216 
228 228 
228 44 
684 212 
232 236 
236 236 
232 228 
236 44 
232 212 
232 208 
228 212 
232 236 
228 44 
232 212 
232 216 
228 212 
236 232 
232 232 
232 44 
232 216 
232 236 
224 232 
228 232 
232 48 
232 236 
228 240 
236 232 
232 232 
228 44 
232 236 
236 236 
228 212 
228 228 
228 44 
232 236 
232 232 
232 240 
228 232 
228 44 
228 212 
228 236 
228 216 
228 232 
228 228 
236 44 
232 208 
232 240 
228 208 
228 228 
228 44 
232 212 
228 212 
228 212 
228 232 
228 48 
236 236 
236 240 
232 224 
228 236 
228 44 
236 212 
236 236 
236 240 
208 208 
232 232 
236 44 
228 236 
232 216 
236 240 
228 236 
228 44 
236 204 
212 244 
232 208 
232 236 
228 40 
228 212 
236 216 
232 240 
232 212 
208 232 
228 40 
232 240 
228 212 
228 212 
228 232 
232 40 
232 236 
232 212 
436 240 
232 212 
232 48 
232 240 
232 228 
232 212 
228 228 
228 40 
232 212 
692 244 
232 212 
228 236 
228 40 
232 212 
228 212 
232 220 
228 236 
228 232 
232 44 
232 212 
228 208 
236 240 
232 232 
228 40 
232 212 
236 236 
228 212 
224 232 
228 44 
232 232 
232 208 
232 212 
232 228 
232 44 
232 208 
228 224 
232 212 
232 228 
228 44 
232 236 
232 212 
236 204 
228 236 
232 44 
236 208 
232 232 
232 252 
232 228 
228 228 
228 48 
232 212 
232 212 
236 208 
232 228 
232 44 
232 248 
236 232 
236 212 
228 232 
228 44 
228 240 
236 216 
236 220 
232 232 
232 44 
228 204 
232 208 
228 208 
232 232 
208 44 
232 236 
232 212 
232 208 
228 232 
228 228 
228 44 
276 208 
236 212 
208 208 
232 232 
232 44 
228 212 
236 212 
228 208 
232 232 
228 44 
236 216 
228 232 
232 208 
228 228 
228 48 
236 216 
228 220 
236 216 
232 232 
464 48 
236 212 
232 236 
240 216 
232 232 
228 40 
228 208 
232 208 
232 240 
708 232 
232 228 
236 44 
236 236 
236 232 
232 232 
232 228 
232 48 
228 208 
228 568 
232 208 
232 228 
228 44 
232 248 
228 236 
236 212 
228 232 
228 44 
232 208 
232 212 
232 212 
228 228 
228 44 
236 236 
236 216 
236 212 
232 232 
228 224 
228 44 
256 216 
236 220 
228 232 
228 204 
228 44 
236 212 
232 236 
232 212 
228 232 
232 44 
236 216 
236 228 
232 208 
228 232 
228 44 
228 216 
228 232 
228 212 
228 232 
232 40 
236 216 
232 212 
220 212 
232 228 
228 40 
232 240 
236 208 
236 236 
232 228 
232 52 
236 236 
208 240 
232 236 
228 232 
228 44 
232 212 
232 232 
232 236 
228 212 
232 228 
216 44 
232 240 
236 236 
228 208 
232 236 
236 40 
228 216 
232 208 
252 232 
228 204 
232 48 
236 216 
236 232 
228 212 
232 232 
228 48 
232 208 
480 216 
232 224 
228 232 
232 52 
232 232 
232 228 
228 212 
228 232 
232 44 
740 208 
228 212 
232 212 
228 236 
228 40 
232 212 
232 240 
232 240 
228 232 
228 576 
232 48 
236 236 
232 220 
232 232 
228 232 
228 40 
228 212 
248 208 
228 212 
228 228 
228 40 
232 248 
236 236 
240 228 
228 228 
228 44 
232 216 
236 236 
232 208 
228 232 
228 40 
236 208 
236 212 
232 240 
228 232 
228 232 
232 52 
232 212 
228 236 
236 212 
232 236 
228 48 
228 244 
236 236 
228 216 
228 236 
232 48 
232 236 
236 228 
236 216 
228 228 
208 48 
232 212 
232 212 
232 208 
228 236 
228 48 
232 236 
232 232 
232 228 
204 232 
228 40 
232 212 
228 212 
232 208 
232 232 
236 232 
232 44 
236 208 
212 240 
228 208 
224 232 
236 48 
236 232 
236 212 
228 232 
232 232 
292 48 
228 240 
236 208 
228 212 
232 232 
236 48 
232 232 
232 208 
228 232 
492 232 
240 44 
232 212 
236 252 
228 216 
232 232 
232 40 
236 208 
236 236 
232 372 
228 232 
228 44 
236 212 
236 240 
236 236 
228 212 
228 232 
236 48 
236 608 
228 212 
228 232 
228 228 
232 52 
228 212 
228 212 
228 216 
232 232 
224 48 
236 236 
232 216 
236 212 
228 228 
228 40 
228 212 
228 212 
228 208 
228 228 
224 48 
232 212 
232 232 
236 240 
228 232 
232 44 
236 216 
228 212 
236 236 
236 228 
228 48 
228 212 
232 236 
232 212 
228 236 
228 40 
228 212 
236 216 
232 228 
232 228 
232 232 
228 48 
232 236 
216 212 
232 208 
228 232 
236 48 
228 208 
228 208 
228 232 
232 228 
228 48 
216 212 
232 212 
232 208 
228 232 
232 48 
232 208 
232 212 
232 232 
228 232 
204 44 
224 208 
228 212 
232 208 
228 228 
228 44 
232 216 
236 212 
276 236 
232 208 
232 48 
232 212 
236 232 
232 204 
228 232 
228 44 
232 236 
552 232 
228 212 
228 228 
228 44 
228 216 
236 216 
232 212 
228 228 
232 80 
232 44 
232 212 
232 212 
236 240 
228 232 
232 44 
232 216 
236 236 
228 212 
228 640 
228 48 
236 208 
228 208 
232 212 
232 232 
228 40 
236 212 
236 216 
232 208 
228 236 
228 228 
232 40 
236 232 
232 212 
224 232 
228 44 
236 212 
228 220 
232 208 
228 232 
232 232 
232 40 
236 208 
232 236 
232 212 
228 232 
228 48 
236 212 
228 208 
236 212 
232 232 
228 48 
232 216 
236 228 
228 208 
224 236 
232 44 
228 220 
236 208 
232 212 
228 228 
208 232 
228 44 
232 216 
236 232 
232 212 
228 236 
228 40 
232 212 
232 236 
216 236 
232 232 
236 44 
228 240 
232 232 
236 212 
228 236 
228 44 
232 236 
208 212 
228 208 
232 208 
228 228 
232 40 
232 252 
228 212 
232 208 
300 236 
232 88 
228 44 
228 240 
232 236 
232 216 
228 228 
228 48 
244 216 
540 216 
228 212 
224 232 
232 48 
236 216 
232 212 
228 224 
228 232 
228 48 
236 400 
236 240 
232 232 
232 236 
228 48 
236 240 
232 208 
232 240 
232 232 
228 44 
236 240 
232 216 
236 216 
228 232 
236 48 
236 208 
236 236 
240 212 
228 228 
228 48 
236 208 
232 212 
236 208 
232 228 
236 48 
228 224 
228 232 
232 212 
232 228 
224 44 
228 236 
232 232 
228 212 
224 232 
228 48 
232 244 
236 236 
232 212 
232 232 
228 48 
236 240 
228 212 
236 236 
228 236 
232 40 
228 48 
236 212 
236 232 
236 236 
228 236 
232 44 
212 252 
228 208 
232 240 
228 232 
232 44 
232 56 
232 236 
232 212 
232 216 
208 236 
228 44 
232 216 
232 216 
236 236 
228 228 
228 48 
228 208 
240 232 
208 208 
232 232 
228 40 
236 212 
232 232 
236 240 
228 228 
228 44 
308 240 
228 232 
228 208 
228 228 
228 44 
232 236 
240 232 
232 216 
232 232 
572 44 
236 232 
232 204 
232 208 
228 232 
228 44 
224 212 
232 212 
232 208 
228 440 
236 40 
232 216 
228 236 
232 216 
228 228 
228 232 
232 44 
228 212 
232 640 
228 236 
232 232 
232 48 
228 208 
224 216 
232 232 
228 236 
232 44 
232 208 
236 252 
228 208 
232 232 
232 48 
236 212 
232 208 
232 232 
232 228 
232 48 
228 216 
236 212 
232 208 
228 232 
228 44 
232 220 
232 252 
228 204 
228 232 
232 44 
236 216 
232 232 
236 232 
228 236 
228 40 
232 220 
236 216 
232 212 
232 228 
232 44 
228 220 
232 256 
228 208 
212 232 
228 44 
228 240 
232 212 
232 212 
228 236 
228 44 
232 224 
228 228 
212 212 
228 228 
232 44 
232 240 
236 212 
236 240 
232 232 
228 44 
232 236 
240 232 
232 252 
232 228 
228 48 
228 240 
236 228 
224 220 
228 232 
352 44 
232 236 
232 232 
236 252 
228 232 
232 44 
236 216 
232 212 
236 212 
596 232 
228 44 
228 212 
236 236 
236 216 
228 236 
228 40 
232 216 
232 236 
236 416 
224 232 
232 44 
232 220 
228 216 
236 212 
228 228 
232 44 
232 212 
232 688 
228 208 
232 232 
228 44 
232 208 
228 212 
232 212 
232 208 
228 228 
232 44 
232 212 
232 236 
232 212 
228 232 
228 48 
236 240 
236 216 
228 224 
228 232 
228 44 
236 212 
236 236 
228 212 
232 232 
228 44 
232 220 
228 216 
228 212 
236 232 
228 48 
228 220 
240 228 
228 212 
232 232 
228 48 
236 212 
228 208 
236 240 
232 232 
232 44 
228 220 
228 208 
208 204 
232 236 
228 48 
232 212 
236 236 
228 208 
228 232 
232 232 
232 44 
212 212 
232 212 
236 232 
232 232 
232 48 
228 232 
236 208 
232 220 
228 232 
232 44 
232 212 
232 232 
236 212 
228 232 
236 44 
232 212 
228 228 
344 212 
228 208 
228 232 
240 48 
236 240 
232 208 
228 232 
232 212 
232 48 
596 208 
232 212 
228 236 
232 232 
228 40 
232 232 
228 212 
236 240 
232 232 
228 48 
232 232 
232 236 
232 240 
228 232 
232 44 
232 244 
228 232 
232 208 
228 728 
232 44 
232 232 
236 240 
232 216 
228 232 
228 44 
236 204 
232 228 
236 244 
232 232 
232 48 
236 204 
232 212 
228 212 
224 236 
228 232 
228 48 
232 212 
236 208 
228 216 
228 228 
228 48 
232 212 
232 232 
228 216 
228 232 
228 44 
228 208 
228 236 
232 208 
232 232 
228 48 
232 212 
228 212 
236 212 
228 232 
228 48 
228 228 
232 236 
228 208 
228 228 
208 44 
236 212 
236 220 
228 208 
228 232 
228 232 
228 48 
236 212 
236 236 
204 208 
228 232 
236 52 
236 232 
228 208 
232 228 
188 192 
204 232 
228 232 
188 228 
212 232 
188 192 
200 240 
204 192 
192 232 
188 192 
228 232 
228 688 
192 212 
228 232 
228 232 
232 236 
232 212 
232 236 
232 212 
232 216 
628 216 
240 212 
232 208 
236 212 
228 208 
228 232 
228 228 
228 236 
232 228 
228 504 
232 228 
232 232 
232 236 
232 232 
228 232 
228 232 
232 232 
228 232 
232 712 
232 212 
228 212 
228 216 
208 228 
232 232 
228 236 
232 220 
236 212 
232 236 
240 232 
360 208 
224 236 
232 232 
228 316 
228 232 
232 232 
232 228 
228 228 
232 220 
216 236 
204 212 
220 200 
232 212 
236 212 
228 208 
228 228 
228 232 
188 188 
228 232 
208 232 
228 232 
228 232 
196 192 
228 236 
188 232 
236 232 
320 284 
244 232 
188 232 
228 232 
220 192 
204 232 
228 212 
228 232 
228 232 
228 196 
232 228 
232 228 
228 236 
232 228 
208 208 
232 236 
232 232 
228 236 
228 236 
228 232 
236 228 
232 232 
228 192 
188 212 
228 228 
228 188 
228 232 
188 220 
232 208 
224 232 
204 192 
396 712 
228 208 
208 212 
228 232 
228 232 
212 192 
228 192 
232 236 
228 236 
628 232 
232 228 
232 232 
232 232 
232 192 
228 232 
228 228 
228 232 
232 228 
228 232 
228 232 
196 232 
228 236 
228 308 
228 232 
232 228 
228 240 
228 232 
232 736 
224 232 
228 216 
228 232 
228 232 
228 232 
232 228 
224 232 
232 232 
232 232 
228 232 
228 232 
232 208 
228 232 
228 228 
228 228 
228 236 
228 232 
228 232 
228 232 
232 228 
228 232 
228 232 
228 228 
228 228 
228 232 
228 228 
236 236 
236 232 
236 232 
228 228 
228 232 
228 228 
208 228 
232 232 
228 232 
232 228 
232 212 
232 204 
188 192 
232 192 
680 232 
224 200 
200 200 
192 192 
228 232 
232 232 
208 228 
220 228 
208 232 
188 476 
212 192 
184 208 
192 232 
228 208 
208 232 
216 228 
228 196 
228 232 
232 228 
228 192 
192 212 
228 232 
228 204 
208 232 
228 308 
204 232 
228 232 
444 232 
232 216 
208 232 
228 196 
232 228 
232 236 
232 232 
228 196 
228 232 
668 196 
184 212 
208 208 
188 192 
188 236 
188 192 
208 232 
196 228 
196 192 
188 236 
320 236 
204 228 
188 192 
188 236 
228 228 
192 236 
208 212 
208 188 
232 212 
228 204 
228 216 
204 216 
188 228 
188 212 
232 232 
196 212 
196 196 
208 312 
228 444 
232 232 
208 232 
216 192 
228 236 
208 260 
196 232 
188 212 
228 228 
228 228 
224 228 
228 232 
192 236 
208 232 
208 208 
232 212 
228 228 
228 232 
228 208 
232 232 
228 232 
228 232 
236 232 
228 188 
188 192 
228 212 
228 208 
188 236 
232 208 
232 196 
228 236 
208 232 
188 216 
208 232 
188 192 
228 228 
232 232 
228 208 
188 232 
228 212 
188 236 
228 236 
228 332 
192 188 
208 192 
672 192 
188 208 
200 228 
208 204 
192 316 
228 232 
232 208 
228 188 
212 196 
224 228 
208 208 
232 260 
196 200 
416 188 
240 188 
192 244 
228 232 
228 232 
212 232 
200 232 
224 212 
228 232 
208 188 
240 232 
208 232 
232 208 
228 236 
360 232 
188 188 
232 232 
188 232 
224 680 
228 212 
192 212 
232 232 
228 228 
228 232 
208 200 
204 200 
192 220 
192 212 
232 188 
188 268 
228 192 
196 192 
196 232 
208 232 
236 200 
224 312 
200 192 
188 244 
232 232 
188 236 
188 192 
204 232 
204 232 
228 224 
204 232 
204 196 
224 232 
208 208 
200 192 
188 208 
188 196 
204 216 
232 212 
300 192 
228 192 
208 232 
188 248 
212 208 
192 192 
372 640 
204 208 
208 188 
208 228 
228 236 
228 216 
188 212 
192 232 
228 240 
204 228 
308 212 
232 212 
228 236 
204 192 
208 208 
192 212 
228 236 
228 232 
232 232 
208 204 
324 216 
228 236 
228 236 
192 236 
232 232 
228 232 
208 192 
240 208 
228 232 
228 232 
228 228 
228 228 
196 232 
228 224 
232 232 
232 232 
744 236 
252 236 
332 236 
228 212 
228 232 
232 212 
208 228 
228 232 
188 192 
188 388 
292 232 
192 232 
224 232 
232 228 
228 220 
232 212 
228 228 
228 236 
228 560 
228 236 
208 236 
228 216 
208 240 
228 228 
188 232 
228 228 
232 232 
228 232 
232 188 
228 196 
228 200 
228 232 
232 228 
228 228 
208 212 
228 228 
228 196 
228 232 
236 232 
228 232 
232 232 
224 192 
228 232 
212 192 
192 204 
228 228 
228 204 
232 232 
228 228 
232 232 
208 232 
208 232 
220 192 
208 188 
188 228 
232 232 
192 188 
232 232 
192 212 
188 236 
208 196 
228 232 
188 232 
188 224 
216 232 
212 212 
228 228 
224 232 
396 192 
188 228 
204 220 
208 236 
228 228 
232 232 
232 232 
188 200 
232 232 
228 196 
188 192 
228 228 
192 216 
204 228 
232 232 
208 232 
232 236 
216 228 
228 228 
208 212 
228 232 
228 232 
228 232 
192 188 
204 236 
192 208 
228 216 
232 232 
208 232 
228 228 
232 232 
232 232 
232 236 
228 232 
228 232 
232 232 
696 224 
228 252 
