# ./FR-trace starting at Thu Mar 19 00:37:39 2020
################# CONFIG #################
# slot=5000
# samples=10000
# threshold=100
# idle=500
# minlen=500
# runs=10000
# pdathreads=2
# nmonitored=2
#   monitor0=../apps/openssl ecp_smpl.c:927 0x1e3e58
#   monitor1=../apps/openssl ecp_smpl.c:934 0x1e3af3
# nevicted=0
# npdatargets=2
#   target0=../apps/openssl bn_lib.c:514 0x102fb9
#   target1=../apps/openssl bn_lib.c:543 0x103025
# affinity=all
############## SYSTEM INFO ###############
# mastik_version=
# sysname=Linux
# nodename=lovelace
# release=5.3.7-arch1-1-ARCH
# version=#1 SMP PREEMPT Fri Oct 18 00:17:03 UTC 2019
# machine=x86_64
################## DATA ##################
# run=1181
# datapoints=959
44 40 
208 436 
240 680 
440 424 
236 236 
232 232 
40 48 
228 436 
240 244 
236 44 
228 232 
236 240 
232 40 
240 236 
232 36 
240 232 
236 244 
240 40 
236 236 
236 36 
232 236 
236 40 
240 232 
236 236 
232 40 
244 240 
232 32 
248 240 
244 44 
240 232 
236 236 
440 36 
240 240 
240 48 
244 236 
240 240 
240 36 
240 232 
232 36 
240 236 
228 40 
232 236 
240 240 
236 44 
212 240 
236 40 
232 236 
232 44 
244 236 
232 236 
232 36 
236 228 
440 36 
212 244 
244 40 
236 236 
232 168 
236 44 
236 228 
452 44 
232 240 
240 40 
240 216 
240 236 
232 48 
232 240 
228 36 
232 236 
228 36 
236 36 
324 236 
236 36 
236 236 
232 44 
232 40 
232 236 
444 36 
240 232 
228 40 
580 236 
236 236 
236 48 
232 236 
232 36 
236 232 
232 40 
240 236 
232 236 
236 44 
236 232 
236 36 
240 236 
232 40 
236 40 
240 240 
228 36 
236 248 
232 36 
240 232 
232 44 
232 232 
236 240 
232 48 
240 236 
232 36 
232 236 
236 236 
232 44 
236 240 
228 36 
244 236 
236 236 
228 44 
244 232 
232 240 
232 232 
248 44 
240 236 
232 240 
232 40 
240 232 
432 36 
232 240 
228 40 
236 232 
244 228 
240 48 
232 228 
432 36 
232 232 
236 44 
240 240 
236 232 
236 36 
236 232 
232 36 
240 236 
240 40 
232 232 
216 236 
228 36 
232 236 
236 36 
240 236 
244 240 
228 40 
236 236 
444 40 
212 212 
240 40 
232 240 
236 40 
228 44 
240 236 
440 40 
232 240 
232 44 
240 216 
236 240 
244 36 
240 236 
440 40 
232 236 
232 40 
232 236 
368 272 
236 36 
228 240 
436 36 
236 232 
244 44 
232 236 
236 244 
236 44 
632 236 
240 36 
236 240 
236 48 
232 240 
232 40 
228 240 
232 232 
236 44 
236 412 
240 556 
244 232 
236 40 
240 36 
236 240 
444 36 
232 240 
236 44 
232 716 
236 212 
232 40 
228 236 
440 40 
236 232 
228 40 
224 236 
228 176 
236 44 
236 236 
236 40 
236 236 
236 40 
240 232 
236 232 
240 36 
236 232 
232 40 
232 244 
236 40 
224 44 
236 232 
440 44 
236 248 
240 36 
236 232 
240 248 
236 40 
232 236 
444 40 
236 236 
244 44 
236 232 
232 240 
232 40 
236 240 
228 44 
244 240 
236 36 
232 232 
236 240 
212 40 
232 240 
560 36 
236 236 
232 40 
236 236 
236 236 
232 44 
240 236 
216 36 
232 236 
232 240 
232 40 
236 236 
560 36 
236 232 
232 36 
232 228 
236 208 
448 44 
244 232 
232 44 
240 228 
232 248 
232 40 
236 236 
440 36 
236 212 
232 44 
236 240 
240 236 
232 40 
232 236 
232 36 
240 232 
632 44 
232 236 
232 240 
220 40 
240 240 
444 36 
240 228 
232 44 
232 232 
228 472 
228 40 
232 240 
432 36 
236 236 
236 40 
232 232 
236 236 
232 44 
236 712 
440 248 
240 236 
232 44 
236 240 
236 232 
244 40 
244 232 
236 44 
244 248 
436 244 
232 240 
232 40 
236 244 
228 232 
240 40 
240 232 
448 40 
244 236 
236 36 
240 248 
236 236 
228 36 
236 248 
232 36 
240 236 
232 240 
236 40 
248 240 
432 36 
236 240 
232 40 
232 240 
236 244 
232 40 
236 228 
232 36 
248 236 
236 224 
232 40 
236 240 
232 36 
216 232 
236 76 
232 48 
232 240 
444 44 
236 240 
232 44 
240 240 
232 232 
212 40 
244 240 
236 36 
232 244 
240 40 
236 232 
236 236 
440 40 
220 236 
236 44 
232 236 
232 236 
232 40 
236 236 
436 36 
240 232 
232 36 
432 244 
232 80 
228 44 
232 240 
244 36 
228 228 
232 44 
228 236 
244 232 
644 40 
240 236 
232 36 
236 240 
232 52 
236 240 
232 236 
236 40 
232 236 
232 32 
240 236 
232 40 
236 232 
232 244 
236 40 
236 236 
444 40 
232 240 
240 48 
232 228 
240 232 
232 44 
228 248 
232 40 
240 236 
236 40 
236 44 
236 236 
436 40 
236 236 
232 40 
232 236 
244 236 
240 40 
236 236 
232 40 
240 236 
232 40 
236 240 
236 36 
236 236 
236 248 
232 40 
232 236 
440 40 
240 228 
236 40 
232 236 
232 236 
236 40 
236 236 
576 36 
236 244 
232 44 
236 240 
236 248 
240 36 
232 236 
240 36 
232 240 
212 44 
232 244 
240 228 
228 36 
228 240 
560 36 
232 236 
228 44 
236 236 
220 44 
244 40 
240 244 
444 36 
236 228 
236 40 
232 244 
236 240 
200 44 
236 216 
228 240 
236 236 
236 48 
232 236 
236 244 
232 48 
244 240 
440 44 
236 216 
240 236 
232 36 
236 244 
240 36 
240 232 
240 244 
228 36 
232 208 
232 236 
236 240 
232 252 
192 212 
204 232 
216 408 
192 188 
208 236 
232 236 
400 424 
240 240 
240 232 
240 232 
440 236 
236 240 
232 240 
228 236 
240 748 
232 232 
236 236 
232 232 
240 240 
232 232 
236 244 
228 232 
440 228 
224 240 
448 232 
232 232 
228 348 
208 260 
340 232 
236 372 
240 236 
232 232 
236 240 
236 240 
240 232 
240 232 
236 236 
240 236 
244 236 
236 244 
236 240 
240 236 
232 264 
228 240 
188 212 
232 232 
660 232 
204 228 
232 240 
232 232 
232 240 
228 236 
200 232 
232 236 
232 248 
228 232 
208 232 
204 232 
228 244 
212 244 
244 244 
232 240 
236 236 
228 240 
228 236 
212 220 
236 236 
224 240 
236 236 
236 216 
244 236 
228 240 
232 232 
220 232 
236 216 
236 244 
224 232 
232 232 
228 240 
236 212 
232 236 
244 236 
456 236 
232 216 
236 236 
232 240 
236 232 
240 236 
252 212 
232 228 
228 236 
684 240 
236 232 
232 236 
232 224 
228 232 
240 236 
232 232 
240 240 
240 240 
232 524 
236 236 
232 240 
232 244 
228 232 
236 212 
232 232 
232 196 
212 232 
244 744 
236 268 
236 232 
236 232 
232 240 
232 232 
232 240 
232 236 
240 240 
240 240 
232 232 
236 236 
236 236 
236 236 
248 236 
212 216 
228 236 
240 236 
236 232 
232 240 
228 236 
196 212 
236 240 
244 236 
236 228 
232 248 
232 240 
232 232 
240 248 
236 248 
236 244 
240 244 
236 236 
236 236 
236 240 
236 232 
240 240 
236 232 
236 236 
236 236 
240 240 
236 236 
208 240 
252 236 
240 236 
236 244 
236 248 
244 240 
236 244 
244 240 
228 236 
212 224 
232 240 
212 208 
192 192 
236 212 
224 208 
232 240 
232 232 
260 236 
236 236 
244 212 
232 200 
196 236 
204 228 
232 236 
216 240 
212 232 
228 236 
236 200 
236 236 
232 200 
196 232 
252 208 
196 216 
236 196 
228 240 
672 216 
196 232 
232 236 
232 240 
240 240 
216 232 
236 200 
232 260 
232 236 
192 624 
224 216 
200 240 
232 232 
232 236 
228 208 
232 216 
236 216 
232 216 
228 232 
228 232 
196 236 
236 232 
212 240 
192 236 
240 236 
240 240 
240 208 
232 236 
236 232 
308 264 
240 236 
236 240 
228 220 
236 232 
244 244 
236 200 
232 240 
232 236 
212 240 
264 216 
204 228 
236 208 
240 216 
220 192 
196 244 
228 236 
208 248 
188 232 
232 240 
232 232 
232 236 
208 236 
236 252 
232 228 
232 236 
228 236 
228 236 
232 240 
232 232 
232 240 
208 240 
228 232 
236 236 
240 232 
384 236 
232 208 
204 244 
232 200 
292 236 
212 208 
244 228 
232 188 
208 244 
232 212 
232 236 
188 232 
232 236 
260 704 
236 212 
192 196 
228 240 
216 244 
232 232 
228 232 
232 228 
232 244 
512 624 
244 236 
216 192 
244 224 
240 236 
228 232 
204 232 
228 240 
248 216 
720 224 
232 232 
232 240 
236 232 
232 236 
208 240 
204 236 
232 228 
232 236 
236 580 
232 232 
236 248 
236 240 
212 256 
236 232 
232 224 
232 192 
236 212 
264 248 
232 188 
240 228 
232 236 
232 228 
236 236 
192 236 
240 240 
232 236 
232 224 
208 216 
204 216 
232 232 
224 212 
236 252 
240 220 
232 212 
208 212 
220 236 
232 192 
196 232 
192 236 
232 240 
208 236 
192 192 
216 232 
236 236 
244 240 
236 236 
232 228 
236 228 
232 232 
196 216 
216 228 
196 244 
236 244 
228 232 
232 232 
228 236 
232 188 
244 236 
196 200 
240 236 
196 232 
236 236 
232 236 
228 236 
228 232 
228 244 
232 208 
232 236 
216 212 
252 244 
228 196 
232 236 
232 240 
228 228 
228 232 
236 240 
256 236 
240 216 
204 216 
232 196 
228 208 
228 248 
252 232 
232 232 
228 232 
508 236 
232 232 
192 196 
228 232 
232 232 
236 236 
228 216 
232 232 
236 196 
228 388 
232 240 
236 236 
236 228 
236 232 
232 232 
232 228 
232 224 
228 236 
236 232 
236 228 
232 236 
236 236 
236 232 
196 200 
240 236 
232 244 
204 232 
232 236 
204 240 
252 228 
232 232 
236 236 
236 216 
232 232 
452 228 
232 192 
204 192 
236 244 
232 252 
240 236 
232 228 
228 236 
228 216 
232 236 
236 240 
208 224 
232 200 
204 232 
236 236 
232 192 
232 232 
236 240 
220 236 
236 236 
232 236 
232 236 
248 244 
236 236 
240 252 
232 232 
216 236 
232 236 
232 228 
232 236 
192 240 
232 228 
232 224 
232 240 
220 212 
208 236 
248 236 
240 228 
236 236 
236 236 
232 228 
236 236 
236 236 
228 232 
212 216 
184 232 
236 456 
236 232 
228 236 
228 452 
232 244 
228 240 
276 236 
232 208 
228 232 
220 288 
228 232 
232 244 
228 244 
236 236 
244 228 
520 240 
232 232 
232 232 
236 188 
240 228 
232 236 
240 236 
232 216 
236 232 
744 700 
224 216 
236 236 
232 232 
228 236 
236 232 
232 232 
228 236 
228 240 
236 628 
228 252 
204 228 
228 196 
228 232 
188 192 
448 240 
232 232 
240 232 
232 236 
236 236 
232 240 
204 232 
236 248 
232 236 
232 228 
