# ./FR-trace starting at Thu Mar 19 00:20:20 2020
################# CONFIG #################
# slot=5000
# samples=10000
# threshold=100
# idle=500
# minlen=500
# runs=10000
# pdathreads=2
# nmonitored=2
#   monitor0=../apps/openssl ecp_smpl.c:927 0x1e3e58
#   monitor1=../apps/openssl ecp_smpl.c:934 0x1e3af3
# nevicted=0
# npdatargets=2
#   target0=../apps/openssl bn_lib.c:514 0x102fb9
#   target1=../apps/openssl bn_lib.c:543 0x103025
# affinity=all
############## SYSTEM INFO ###############
# mastik_version=
# sysname=Linux
# nodename=lovelace
# release=5.3.7-arch1-1-ARCH
# version=#1 SMP PREEMPT Fri Oct 18 00:17:03 UTC 2019
# machine=x86_64
################## DATA ##################
# run=202
# datapoints=959
40 232 
36 232 
40 52 
244 236 
152 416 
240 172 
244 240 
36 36 
236 236 
444 236 
44 44 
236 236 
240 232 
228 40 
232 236 
244 232 
236 240 
232 236 
232 44 
244 232 
240 220 
236 44 
248 232 
240 32 
244 228 
244 40 
240 236 
232 232 
448 44 
232 244 
240 44 
232 228 
232 240 
40 48 
244 232 
240 40 
248 232 
232 36 
244 236 
240 100 
236 44 
232 1080 
240 36 
240 232 
240 40 
240 232 
228 40 
252 44 
244 236 
440 36 
236 240 
236 200 
248 40 
244 228 
240 240 
220 236 
232 40 
232 236 
236 40 
236 44 
244 236 
236 48 
236 236 
236 232 
216 44 
236 236 
436 248 
232 240 
236 44 
240 236 
236 236 
240 40 
232 236 
232 36 
236 240 
320 44 
236 240 
244 236 
236 40 
232 232 
240 36 
264 236 
240 48 
236 236 
240 236 
236 40 
232 236 
240 32 
236 232 
244 232 
512 44 
240 236 
436 36 
232 232 
232 40 
244 228 
240 240 
236 40 
236 240 
820 40 
232 240 
240 40 
236 232 
232 240 
236 44 
240 232 
444 40 
236 236 
236 32 
240 232 
244 108 
240 48 
240 240 
236 320 
232 244 
232 48 
236 44 
244 236 
440 40 
244 228 
236 48 
244 236 
232 224 
232 40 
240 240 
448 40 
240 236 
232 44 
244 232 
236 40 
232 40 
232 236 
240 36 
240 236 
232 40 
236 232 
240 232 
232 36 
244 232 
240 36 
236 236 
232 236 
236 40 
236 232 
452 36 
232 240 
228 36 
236 240 
236 232 
440 40 
216 240 
236 40 
240 236 
240 236 
240 44 
240 236 
448 44 
244 240 
236 40 
220 236 
236 80 
236 40 
244 236 
444 40 
240 240 
236 36 
240 232 
232 244 
212 36 
240 236 
444 36 
244 232 
236 40 
240 232 
236 236 
232 36 
328 232 
244 44 
236 240 
236 44 
236 236 
236 224 
240 44 
240 236 
244 40 
564 236 
236 44 
248 40 
240 232 
248 40 
232 240 
240 288 
236 232 
216 236 
236 44 
228 232 
444 40 
232 236 
236 48 
236 236 
236 236 
236 40 
236 232 
232 36 
232 240 
240 44 
236 228 
236 240 
248 40 
240 236 
240 32 
240 240 
232 48 
244 232 
240 236 
232 40 
232 232 
440 36 
232 232 
232 40 
236 232 
232 232 
232 40 
236 232 
444 36 
232 236 
236 40 
240 240 
236 240 
248 36 
232 240 
440 36 
236 232 
240 44 
240 236 
240 236 
236 36 
236 244 
444 44 
244 236 
232 48 
240 236 
240 228 
240 40 
236 232 
204 304 
244 236 
240 44 
236 232 
240 240 
236 40 
236 232 
440 40 
248 236 
220 44 
244 228 
232 44 
240 236 
236 236 
440 40 
240 236 
240 40 
236 236 
208 216 
236 40 
244 236 
236 40 
240 236 
244 40 
236 236 
236 236 
324 40 
232 212 
240 40 
236 236 
236 40 
240 232 
232 200 
248 44 
236 240 
536 48 
240 232 
240 36 
232 232 
236 224 
240 36 
236 240 
240 36 
240 240 
240 44 
236 236 
232 236 
228 36 
240 236 
440 36 
240 236 
232 40 
244 232 
236 688 
232 40 
240 236 
236 40 
236 236 
236 120 
232 40 
244 232 
440 44 
244 228 
232 36 
244 232 
240 40 
240 236 
236 232 
328 48 
240 232 
236 36 
236 240 
236 232 
232 44 
236 236 
232 40 
244 236 
244 48 
232 44 
240 228 
240 44 
228 232 
232 40 
244 232 
244 240 
240 40 
232 244 
244 44 
244 236 
240 44 
240 232 
244 160 
240 44 
236 232 
236 40 
212 240 
236 44 
236 228 
236 44 
240 236 
244 236 
444 40 
232 232 
240 44 
220 236 
244 236 
236 36 
240 236 
236 44 
252 236 
240 124 
240 44 
236 240 
416 44 
232 232 
1068 40 
236 236 
236 236 
236 40 
248 232 
236 44 
340 240 
232 40 
236 240 
232 252 
232 40 
244 232 
248 32 
240 236 
236 40 
592 236 
240 236 
232 44 
244 232 
240 40 
236 240 
236 44 
248 228 
236 240 
236 44 
236 236 
440 40 
236 232 
232 40 
240 236 
240 236 
244 44 
240 240 
228 44 
236 236 
232 40 
232 236 
244 36 
232 236 
244 188 
240 36 
240 236 
244 36 
240 236 
232 48 
236 236 
236 240 
236 36 
232 240 
236 36 
240 232 
232 40 
236 44 
240 232 
448 36 
244 236 
232 44 
244 236 
236 44 
240 40 
244 236 
236 44 
244 232 
236 40 
244 240 
244 44 
244 236 
240 236 
232 44 
240 232 
244 40 
236 232 
228 240 
240 40 
244 236 
448 44 
240 228 
236 44 
240 236 
240 188 
236 40 
244 236 
444 40 
236 232 
212 40 
232 240 
240 232 
240 44 
240 236 
444 40 
236 232 
236 44 
236 240 
240 212 
236 36 
232 236 
444 44 
248 236 
236 44 
232 188 
200 192 
384 228 
208 204 
236 192 
236 236 
192 244 
240 236 
240 228 
240 228 
228 416 
620 236 
232 228 
240 236 
232 232 
236 236 
228 232 
232 232 
240 240 
236 236 
232 436 
444 232 
236 240 
240 236 
464 240 
228 236 
236 228 
440 232 
228 240 
228 232 
252 204 
232 192 
228 236 
236 232 
240 236 
240 236 
236 232 
240 236 
236 236 
248 236 
236 236 
244 236 
252 236 
240 236 
236 212 
232 236 
236 232 
240 240 
236 208 
240 228 
236 236 
236 240 
228 236 
208 212 
236 232 
232 236 
216 240 
240 232 
232 228 
236 228 
236 232 
232 228 
236 228 
240 236 
240 236 
232 232 
236 236 
240 224 
236 236 
596 400 
240 240 
212 232 
228 232 
240 228 
232 240 
236 236 
236 236 
236 228 
236 232 
236 232 
212 236 
236 236 
240 228 
236 228 
244 232 
248 228 
240 232 
236 228 
240 232 
236 204 
240 232 
232 232 
236 236 
236 236 
236 240 
236 236 
240 232 
412 232 
236 204 
236 228 
248 232 
236 216 
228 236 
1088 216 
236 232 
236 224 
656 192 
240 236 
232 236 
220 224 
244 232 
240 244 
0 0 
0 0 
0 0 
244 448 
228 232 
236 232 
240 240 
236 236 
240 236 
232 236 
244 232 
236 232 
240 736 
232 232 
236 240 
236 244 
244 236 
236 244 
244 240 
240 236 
224 196 
224 236 
236 228 
236 232 
376 224 
236 228 
232 232 
236 240 
236 236 
236 232 
236 240 
236 232 
240 240 
244 236 
244 232 
240 240 
232 232 
236 244 
232 236 
236 232 
232 236 
236 236 
232 232 
240 232 
236 232 
232 232 
248 240 
232 232 
236 240 
240 236 
232 236 
232 232 
232 232 
240 236 
212 232 
200 232 
196 228 
232 236 
220 232 
228 236 
240 248 
228 236 
236 232 
232 212 
240 232 
236 240 
232 232 
232 232 
228 236 
236 232 
232 232 
244 232 
236 208 
236 228 
240 228 
632 280 
232 232 
240 232 
240 236 
232 236 
432 196 
236 220 
236 236 
232 240 
240 236 
236 232 
240 236 
232 212 
228 228 
680 216 
232 232 
236 228 
236 236 
232 236 
216 232 
232 200 
192 236 
236 236 
228 480 
232 232 
232 232 
236 236 
216 208 
240 236 
236 232 
200 216 
224 232 
236 740 
752 212 
232 232 
236 236 
252 236 
236 240 
192 232 
240 236 
236 232 
232 236 
208 196 
236 236 
244 236 
240 236 
236 228 
236 232 
236 236 
236 236 
232 232 
232 236 
236 236 
228 232 
216 228 
244 232 
220 240 
244 236 
244 236 
236 236 
228 216 
248 232 
236 252 
192 232 
236 228 
232 228 
244 236 
232 232 
208 232 
236 232 
200 188 
196 232 
232 232 
232 228 
228 208 
228 232 
244 248 
228 216 
232 228 
232 204 
228 200 
236 228 
228 192 
192 216 
240 236 
208 232 
240 208 
232 228 
236 236 
244 228 
236 236 
468 208 
228 208 
236 236 
236 232 
236 228 
228 232 
244 232 
220 244 
244 236 
452 232 
236 192 
284 220 
252 216 
240 240 
244 236 
228 220 
236 232 
260 228 
648 236 
192 236 
236 232 
244 232 
244 236 
240 240 
228 208 
200 228 
672 212 
244 236 
204 228 
240 232 
244 236 
220 220 
240 240 
232 240 
240 228 
200 184 
232 244 
240 240 
212 232 
216 232 
236 228 
252 240 
232 228 
324 224 
240 232 
236 236 
236 228 
236 232 
232 248 
228 228 
248 232 
232 232 
232 236 
244 232 
232 204 
232 232 
228 232 
236 232 
232 232 
240 232 
832 244 
240 236 
232 232 
232 236 
236 232 
240 236 
236 232 
244 228 
232 236 
232 232 
236 228 
188 232 
236 236 
232 228 
228 228 
240 232 
232 232 
236 232 
212 236 
236 232 
240 232 
232 232 
232 232 
232 236 
232 236 
228 232 
236 232 
212 204 
232 236 
240 240 
236 248 
232 228 
236 232 
240 228 
232 244 
228 228 
228 228 
220 232 
232 228 
188 188 
232 236 
240 228 
228 232 
232 232 
476 232 
232 212 
232 228 
236 232 
232 236 
232 232 
592 228 
220 240 
232 232 
192 372 
232 232 
232 232 
228 232 
232 232 
236 236 
228 232 
240 236 
236 232 
236 524 
236 236 
232 232 
232 232 
232 228 
240 228 
248 236 
244 216 
236 232 
208 232 
236 236 
244 236 
232 232 
236 236 
244 236 
236 232 
240 228 
236 232 
232 200 
232 232 
244 208 
252 236 
540 236 
236 232 
232 236 
240 232 
232 232 
240 232 
232 232 
240 228 
232 232 
228 232 
240 192 
256 232 
228 236 
232 228 
228 232 
236 196 
232 232 
240 236 
240 236 
464 236 
236 228 
244 236 
236 228 
228 196 
228 240 
232 236 
244 228 
236 236 
192 216 
216 232 
236 228 
228 232 
232 244 
192 196 
240 236 
232 232 
236 232 
200 224 
212 208 
236 232 
236 244 
236 236 
232 232 
236 228 
232 204 
236 448 
556 228 
232 212 
232 232 
240 236 
232 240 
232 236 
232 236 
240 236 
232 236 
476 216 
232 220 
228 236 
232 224 
232 236 
240 240 
236 232 
232 236 
240 236 
704 196 
456 236 
232 232 
232 236 
232 240 
228 228 
236 232 
236 232 
196 232 
208 616 
232 236 
236 232 
240 252 
208 232 
