# ./FR-trace starting at Thu Mar 19 00:50:07 2020
################# CONFIG #################
# slot=5000
# samples=10000
# threshold=100
# idle=500
# minlen=500
# runs=10000
# pdathreads=2
# nmonitored=2
#   monitor0=../apps/openssl ecp_smpl.c:927 0x1e3e58
#   monitor1=../apps/openssl ecp_smpl.c:934 0x1e3af3
# nevicted=0
# npdatargets=2
#   target0=../apps/openssl bn_lib.c:514 0x102fb9
#   target1=../apps/openssl bn_lib.c:543 0x103025
# affinity=all
############## SYSTEM INFO ###############
# mastik_version=
# sysname=Linux
# nodename=lovelace
# release=5.3.7-arch1-1-ARCH
# version=#1 SMP PREEMPT Fri Oct 18 00:17:03 UTC 2019
# machine=x86_64
################## DATA ##################
# run=1891
# datapoints=953
32 36 
212 232 
488 424 
156 212 
444 236 
240 232 
32 40 
40 36 
212 236 
232 236 
232 48 
232 236 
44 40 
232 232 
236 236 
236 40 
304 236 
448 40 
232 244 
232 40 
236 236 
240 244 
232 40 
240 232 
240 236 
544 236 
236 40 
232 236 
240 236 
236 52 
232 236 
236 40 
240 236 
232 44 
236 424 
232 232 
240 36 
0 0 
0 0 
0 0 
0 0 
232 240 
440 232 
232 44 
240 236 
232 44 
240 40 
232 240 
232 44 
232 236 
448 36 
236 248 
240 40 
232 240 
236 236 
240 36 
232 236 
440 40 
236 244 
228 40 
232 232 
232 236 
236 36 
228 244 
440 36 
236 236 
236 44 
232 236 
240 236 
232 44 
232 232 
444 40 
248 240 
236 36 
240 236 
228 236 
232 40 
236 228 
236 44 
232 240 
232 40 
236 236 
232 240 
236 36 
232 212 
440 40 
236 240 
224 44 
236 240 
236 44 
232 36 
232 244 
444 40 
240 244 
216 40 
240 232 
240 40 
240 36 
228 232 
240 44 
240 240 
436 36 
236 240 
240 44 
240 236 
240 68 
244 40 
232 240 
232 40 
232 240 
444 36 
320 236 
236 40 
232 236 
236 40 
240 236 
236 236 
228 44 
228 232 
228 36 
580 244 
236 48 
240 240 
236 48 
236 40 
236 236 
440 40 
232 236 
240 36 
228 456 
236 52 
240 40 
240 232 
232 36 
236 236 
232 44 
236 240 
236 244 
236 44 
232 244 
236 40 
232 236 
232 36 
236 248 
232 216 
244 40 
232 232 
460 40 
232 244 
232 44 
232 236 
240 244 
236 44 
232 236 
560 36 
228 232 
240 44 
236 244 
232 72 
236 40 
240 236 
444 40 
232 240 
240 40 
244 232 
236 36 
232 44 
232 240 
440 40 
232 232 
232 40 
236 236 
228 240 
232 40 
244 236 
228 32 
240 232 
232 40 
236 232 
232 236 
208 40 
236 236 
232 40 
232 240 
236 40 
232 240 
232 40 
228 240 
236 236 
208 40 
236 232 
236 32 
240 236 
236 36 
244 232 
232 232 
232 40 
232 236 
240 40 
232 236 
236 48 
236 232 
240 244 
240 40 
232 236 
444 40 
380 240 
240 40 
232 240 
236 240 
236 36 
232 232 
444 40 
232 240 
236 40 
604 244 
228 40 
236 40 
236 232 
236 44 
236 236 
228 40 
228 232 
236 44 
232 440 
236 236 
232 40 
236 236 
244 36 
240 236 
236 40 
232 236 
232 232 
228 32 
244 236 
440 36 
232 244 
236 40 
232 240 
236 232 
232 40 
240 236 
448 44 
240 236 
232 44 
232 248 
228 40 
232 232 
236 236 
232 40 
232 244 
440 44 
232 236 
228 40 
240 232 
232 240 
240 44 
240 232 
440 36 
240 240 
232 44 
240 236 
236 248 
236 44 
236 236 
244 40 
236 232 
560 36 
232 240 
240 40 
232 240 
236 232 
240 40 
232 236 
232 40 
216 240 
440 40 
232 236 
236 40 
236 232 
232 40 
240 236 
240 164 
236 36 
216 212 
244 44 
236 240 
244 32 
240 236 
236 40 
236 236 
236 236 
232 40 
236 212 
236 40 
232 248 
248 80 
240 40 
240 240 
236 44 
240 236 
384 44 
236 216 
440 44 
236 236 
232 44 
236 232 
232 236 
240 40 
236 232 
416 36 
232 236 
236 40 
236 236 
232 244 
240 40 
240 236 
236 44 
240 236 
240 44 
232 244 
232 236 
236 40 
240 228 
236 36 
232 236 
240 40 
228 236 
240 724 
236 44 
232 236 
436 240 
244 240 
228 40 
236 236 
232 64 
244 36 
232 236 
436 40 
244 236 
244 44 
236 236 
232 232 
240 40 
240 240 
232 40 
244 236 
244 44 
232 232 
232 40 
232 40 
236 236 
236 36 
240 232 
232 44 
236 236 
244 44 
232 240 
236 244 
232 44 
240 240 
436 36 
236 236 
240 40 
240 232 
236 156 
240 36 
236 240 
236 44 
232 236 
216 36 
236 240 
232 44 
232 36 
236 240 
228 40 
232 236 
436 40 
232 232 
216 44 
236 236 
236 68 
240 40 
236 236 
232 44 
232 236 
436 244 
224 236 
240 40 
236 232 
236 72 
236 52 
228 240 
440 40 
236 240 
236 32 
416 240 
232 212 
232 44 
240 232 
436 40 
236 236 
240 40 
240 240 
236 44 
652 240 
236 180 
244 40 
232 236 
440 36 
232 244 
232 44 
232 240 
228 44 
236 504 
240 228 
236 40 
236 240 
240 44 
232 232 
232 40 
240 236 
232 40 
232 728 
232 228 
236 48 
236 240 
436 36 
232 240 
236 40 
244 236 
228 44 
240 232 
240 228 
232 40 
240 232 
252 40 
236 240 
232 40 
240 236 
244 40 
244 240 
236 116 
232 40 
228 244 
436 40 
236 236 
232 36 
240 236 
232 44 
240 240 
240 236 
228 36 
236 236 
224 200 
240 220 
192 220 
236 324 
196 216 
220 196 
188 232 
228 216 
228 236 
228 236 
440 220 
212 240 
236 236 
232 232 
232 232 
184 416 
240 232 
236 228 
232 232 
228 240 
208 212 
232 236 
236 236 
232 236 
240 236 
240 248 
232 236 
236 232 
216 416 
236 196 
232 216 
232 236 
436 236 
272 344 
236 236 
236 240 
236 244 
420 236 
236 208 
232 244 
240 232 
236 236 
240 232 
236 236 
236 232 
240 228 
200 244 
244 236 
232 228 
228 228 
212 192 
208 208 
248 232 
240 188 
232 212 
212 548 
232 232 
232 232 
228 236 
212 236 
228 200 
228 232 
208 232 
232 236 
236 744 
188 248 
248 236 
212 236 
232 192 
228 240 
232 232 
236 236 
228 236 
196 240 
236 236 
240 240 
244 236 
232 236 
248 236 
236 244 
236 240 
228 232 
240 192 
208 208 
208 192 
232 232 
296 236 
232 232 
236 236 
232 232 
236 236 
212 240 
236 232 
236 212 
228 236 
228 232 
232 236 
216 232 
240 232 
232 240 
236 240 
228 228 
232 240 
232 236 
236 232 
236 192 
224 228 
228 196 
236 236 
236 236 
236 232 
188 296 
196 220 
236 232 
236 232 
212 232 
228 232 
236 240 
232 236 
236 240 
224 236 
232 240 
236 236 
216 232 
244 208 
236 236 
232 232 
232 240 
236 236 
232 236 
236 244 
236 236 
556 240 
236 228 
244 240 
232 236 
236 232 
232 240 
232 240 
232 232 
240 244 
704 244 
240 240 
236 232 
240 236 
228 248 
240 240 
240 236 
236 236 
240 232 
240 540 
232 236 
244 240 
228 236 
232 240 
232 236 
236 232 
236 252 
236 240 
240 752 
232 232 
232 236 
232 240 
244 236 
232 236 
236 232 
240 240 
212 236 
228 668 
236 228 
192 196 
228 236 
232 240 
228 240 
196 208 
232 208 
232 232 
236 236 
228 236 
208 240 
228 212 
240 236 
192 240 
196 236 
228 216 
252 196 
208 240 
212 216 
236 232 
236 232 
236 236 
232 200 
212 204 
236 196 
256 236 
236 240 
232 200 
236 240 
240 220 
228 212 
236 208 
228 208 
232 220 
228 224 
232 212 
232 236 
232 196 
236 216 
236 228 
240 696 
212 208 
212 192 
236 236 
196 192 
200 236 
232 212 
196 216 
232 240 
236 232 
220 208 
236 220 
208 244 
232 236 
236 232 
240 204 
236 196 
236 236 
232 292 
232 232 
204 192 
236 280 
188 192 
192 228 
196 196 
208 188 
232 212 
668 232 
228 236 
236 240 
232 236 
232 236 
236 232 
240 188 
236 240 
232 236 
236 540 
188 192 
236 232 
232 228 
236 244 
232 236 
212 192 
240 228 
240 240 
236 200 
220 232 
236 196 
228 192 
188 232 
224 236 
216 236 
228 432 
228 236 
192 240 
232 236 
196 236 
248 208 
188 236 
244 228 
232 236 
228 236 
228 212 
212 204 
380 256 
228 208 
236 212 
232 236 
232 192 
228 204 
232 228 
228 236 
240 236 
228 240 
232 216 
228 232 
188 232 
228 196 
216 236 
240 232 
228 232 
228 236 
212 212 
232 236 
232 240 
224 196 
232 232 
228 256 
208 216 
240 228 
244 216 
232 196 
232 588 
232 208 
216 212 
232 200 
216 236 
220 220 
244 272 
240 236 
248 232 
244 232 
208 232 
236 232 
208 200 
232 208 
228 240 
236 236 
240 192 
228 236 
204 208 
212 216 
192 212 
240 236 
232 240 
208 236 
240 232 
228 236 
228 220 
228 200 
240 232 
204 232 
724 192 
236 232 
232 196 
228 232 
232 228 
232 232 
216 212 
216 196 
232 196 
228 588 
228 232 
216 196 
232 236 
200 200 
236 188 
228 192 
240 236 
232 232 
212 236 
236 232 
232 236 
236 240 
216 228 
236 232 
228 256 
228 232 
236 236 
232 236 
228 236 
236 228 
236 236 
244 248 
236 212 
208 208 
232 240 
232 240 
244 252 
228 228 
236 252 
228 236 
232 240 
232 236 
228 212 
232 236 
232 232 
232 236 
236 236 
228 224 
232 228 
236 232 
236 236 
212 228 
236 232 
240 236 
228 232 
228 232 
236 240 
224 236 
236 232 
236 240 
220 232 
448 236 
232 232 
228 236 
228 204 
240 232 
232 240 
228 228 
232 232 
204 216 
228 232 
232 236 
228 220 
228 208 
212 232 
220 228 
212 212 
232 196 
236 216 
216 204 
192 240 
244 232 
224 232 
232 236 
240 232 
236 232 
228 260 
236 236 
192 212 
232 240 
196 236 
232 236 
232 232 
236 232 
236 240 
740 236 
232 232 
236 236 
240 240 
232 236 
236 236 
236 240 
236 232 
232 236 
212 640 
232 240 
244 212 
208 256 
216 240 
228 236 
232 232 
236 236 
228 236 
236 232 
232 236 
236 232 
240 232 
228 232 
236 232 
232 212 
236 244 
236 236 
232 236 
244 240 
240 236 
232 236 
236 220 
228 208 
232 236 
228 240 
236 220 
240 196 
212 244 
232 240 
232 228 
228 240 
240 236 
204 192 
208 236 
232 192 
232 232 
232 232 
220 236 
240 232 
232 228 
232 232 
208 228 
232 244 
228 236 
228 232 
236 236 
228 204 
232 236 
232 240 
232 236 
212 228 
232 216 
228 232 
236 236 
224 428 
204 244 
244 204 
232 452 
232 248 
216 212 
240 232 
232 236 
244 228 
