# ./FR-trace starting at Thu Mar 19 02:46:58 2020
################# CONFIG #################
# slot=5000
# samples=10000
# threshold=100
# idle=500
# minlen=500
# runs=10000
# pdathreads=2
# nmonitored=2
#   monitor0=../apps/openssl ecp_smpl.c:927 0x1e3e58
#   monitor1=../apps/openssl ecp_smpl.c:934 0x1e3af3
# nevicted=0
# npdatargets=2
#   target0=../apps/openssl bn_lib.c:514 0x102fb9
#   target1=../apps/openssl bn_lib.c:543 0x103025
# affinity=all
############## SYSTEM INFO ###############
# mastik_version=
# sysname=Linux
# nodename=lovelace
# release=5.3.7-arch1-1-ARCH
# version=#1 SMP PREEMPT Fri Oct 18 00:17:03 UTC 2019
# machine=x86_64
################## DATA ##################
# run=8400
# datapoints=1216
248 36 
240 36 
244 36 
40 40 
452 432 
520 228 
212 236 
424 416 
224 420 
420 416 
380 256 
420 436 
412 416 
252 256 
40 36 
36 36 
44 40 
424 412 
248 232 
212 212 
44 40 
460 452 
464 456 
216 236 
212 240 
36 36 
420 248 
216 212 
252 40 
460 36 
416 416 
256 256 
216 44 
456 412 
212 212 
252 220 
460 36 
416 412 
240 252 
208 200 
420 36 
460 428 
220 220 
724 44 
412 436 
424 420 
216 220 
216 44 
460 36 
464 464 
336 216 
252 36 
456 416 
460 424 
220 252 
216 40 
456 432 
208 252 
260 252 
416 36 
432 432 
264 388 
232 232 
432 40 
464 252 
232 236 
260 36 
224 432 
236 228 
220 248 
252 32 
240 428 
236 232 
232 248 
440 36 
232 216 
256 252 
440 36 
436 436 
232 248 
228 36 
248 312 
244 240 
260 228 
456 36 
440 432 
252 260 
268 296 
472 36 
260 364 
216 252 
288 36 
460 452 
228 216 
256 252 
416 36 
456 416 
212 216 
212 36 
416 36 
416 432 
268 256 
252 40 
420 412 
256 228 
208 236 
420 240 
424 212 
220 332 
248 40 
460 412 
212 260 
220 212 
720 36 
440 428 
232 248 
256 232 
328 36 
232 228 
228 240 
436 36 
452 432 
236 256 
216 44 
436 36 
232 228 
252 232 
440 36 
244 436 
256 252 
236 40 
460 436 
236 252 
240 228 
572 36 
452 432 
212 232 
232 40 
584 452 
240 436 
252 260 
252 44 
428 424 
260 420 
212 216 
252 52 
460 416 
216 212 
228 212 
256 44 
412 416 
256 232 
220 212 
436 36 
424 416 
224 224 
232 252 
300 36 
416 416 
252 268 
220 40 
416 416 
252 236 
216 328 
424 36 
244 420 
256 252 
232 40 
316 36 
456 436 
240 224 
236 48 
260 436 
236 232 
232 236 
460 36 
420 432 
232 264 
236 44 
452 432 
232 228 
236 232 
432 36 
436 432 
244 232 
252 252 
440 36 
460 432 
220 224 
232 248 
336 36 
428 436 
256 228 
236 36 
240 336 
452 432 
212 216 
256 44 
456 440 
212 224 
252 252 
300 240 
528 432 
252 252 
260 76 
456 36 
464 456 
232 224 
256 252 
420 36 
456 428 
260 208 
220 220 
412 36 
424 220 
252 212 
212 36 
420 420 
252 256 
220 208 
436 36 
432 436 
240 228 
252 40 
448 864 
260 236 
232 236 
432 40 
460 440 
236 232 
232 44 
460 436 
236 256 
248 252 
440 36 
432 436 
252 228 
232 40 
460 440 
432 440 
232 216 
252 40 
440 436 
252 252 
236 252 
444 36 
416 432 
248 216 
216 208 
460 36 
424 420 
248 444 
208 40 
476 416 
236 252 
212 212 
436 36 
432 416 
208 216 
252 248 
324 36 
456 420 
256 216 
256 56 
500 436 
212 212 
248 40 
348 36 
420 212 
256 272 
216 36 
424 412 
248 248 
232 228 
436 36 
456 440 
252 236 
216 40 
436 856 
236 256 
236 232 
796 36 
460 436 
232 232 
288 240 
460 44 
440 416 
252 252 
260 232 
432 36 
228 224 
236 232 
932 36 
440 436 
232 232 
252 260 
440 36 
252 232 
252 260 
420 36 
456 428 
216 212 
236 40 
456 36 
212 212 
264 208 
424 36 
420 416 
256 252 
248 216 
448 36 
240 412 
252 260 
256 40 
456 456 
256 256 
256 252 
248 36 
464 416 
836 236 
252 40 
420 420 
304 236 
208 212 
936 36 
464 432 
240 228 
244 48 
636 448 
232 232 
260 248 
464 36 
436 448 
248 252 
236 232 
240 764 
244 452 
664 228 
228 232 
520 36 
228 252 
236 228 
232 32 
224 436 
240 228 
212 240 
476 36 
240 436 
236 252 
236 40 
256 432 
232 232 
248 216 
416 36 
420 416 
264 696 
216 44 
436 428 
460 436 
212 232 
244 44 
420 452 
476 436 
216 244 
212 40 
416 36 
416 436 
260 208 
252 44 
416 416 
252 228 
204 212 
220 32 
416 416 
220 216 
256 216 
528 36 
532 464 
212 208 
244 40 
460 440 
460 432 
252 252 
228 44 
336 432 
440 436 
260 252 
252 44 
432 432 
456 432 
236 232 
236 36 
452 36 
236 232 
252 232 
964 36 
436 436 
236 228 
228 40 
460 436 
232 236 
248 232 
444 36 
436 436 
232 240 
260 252 
436 36 
416 416 
220 212 
264 232 
420 36 
464 236 
220 220 
208 40 
572 428 
212 220 
252 220 
456 36 
424 440 
252 256 
208 44 
412 424 
416 220 
760 212 
244 44 
416 412 
256 252 
272 252 
948 36 
252 252 
252 256 
460 36 
336 432 
228 232 
232 268 
420 36 
240 432 
232 232 
236 228 
432 36 
436 432 
232 480 
240 232 
444 36 
260 252 
232 232 
440 40 
460 440 
252 224 
232 220 
436 36 
456 436 
236 236 
232 48 
456 436 
444 228 
236 256 
256 44 
440 416 
260 212 
236 256 
432 36 
444 424 
252 248 
236 44 
416 440 
252 224 
208 220 
256 40 
896 416 
212 252 
260 228 
236 32 
420 460 
220 220 
256 100 
436 44 
460 432 
220 232 
248 116 
420 36 
432 436 
248 240 
236 228 
440 40 
256 256 
240 212 
224 32 
416 416 
208 252 
212 216 
464 36 
208 428 
256 212 
208 212 
424 40 
460 432 
212 212 
260 216 
504 36 
212 252 
216 220 
420 36 
212 252 
216 252 
256 32 
240 432 
216 224 
264 212 
416 36 
432 432 
216 244 
220 44 
220 216 
216 44 
476 436 
440 440 
252 236 
448 32 
424 432 
244 432 
252 252 
212 44 
248 440 
236 248 
236 64 
456 36 
436 420 
236 252 
252 44 
432 588 
464 428 
240 232 
232 40 
336 36 
436 416 
252 528 
236 40 
456 440 
232 224 
236 232 
436 240 
432 428 
256 272 
260 152 
236 48 
256 248 
456 36 
456 428 
256 272 
220 212 
464 36 
416 416 
232 220 
252 256 
420 36 
460 436 
224 212 
256 40 
420 44 
220 216 
216 256 
216 36 
416 420 
256 252 
236 44 
456 420 
420 412 
260 252 
248 40 
460 432 
244 232 
212 40 
460 36 
448 440 
264 252 
228 44 
416 36 
428 212 
232 236 
236 40 
432 436 
232 240 
232 236 
432 40 
536 432 
232 232 
236 236 
460 36 
244 228 
232 216 
228 44 
424 436 
236 256 
240 228 
460 36 
440 252 
228 216 
252 36 
236 584 
252 212 
240 208 
420 40 
420 412 
220 220 
252 44 
416 416 
428 216 
260 248 
212 40 
452 432 
420 456 
244 240 
212 44 
456 436 
212 216 
216 212 
456 36 
420 416 
212 212 
256 44 
416 244 
252 752 
216 216 
420 36 
228 228 
232 228 
452 36 
240 432 
264 232 
260 52 
664 436 
252 252 
228 232 
424 44 
436 432 
248 232 
216 252 
440 40 
244 208 
264 32 
440 428 
228 248 
252 248 
540 36 
456 432 
228 240 
252 232 
324 36 
444 924 
248 256 
236 240 
424 40 
420 212 
560 252 
208 44 
456 436 
212 212 
228 252 
420 36 
452 456 
264 252 
256 260 
464 36 
452 436 
268 260 
260 64 
260 244 
212 216 
228 220 
968 36 
416 412 
220 228 
212 252 
444 36 
256 428 
216 256 
248 44 
416 416 
424 440 
256 248 
212 216 
456 36 
440 432 
256 256 
232 252 
440 36 
440 440 
236 244 
252 44 
432 432 
236 236 
252 216 
464 36 
420 436 
232 208 
232 208 
416 36 
440 444 
244 236 
244 40 
448 436 
248 252 
248 216 
248 828 
436 432 
260 252 
232 236 
432 40 
260 224 
236 224 
216 40 
244 440 
224 232 
256 276 
448 36 
248 256 
256 304 
244 272 
248 212 
404 228 
228 248 
256 252 
240 204 
208 220 
228 232 
212 220 
212 208 
208 208 
388 224 
232 244 
252 204 
252 468 
428 424 
420 416 
456 540 
244 956 
460 208 
212 212 
252 248 
228 280 
464 252 
212 212 
252 256 
212 260 
248 212 
208 260 
244 232 
248 212 
232 224 
256 232 
244 236 
216 212 
212 232 
456 440 
220 452 
264 208 
420 432 
440 432 
228 228 
232 204 
232 228 
248 324 
252 224 
228 248 
228 252 
216 216 
240 704 
264 244 
236 216 
232 236 
252 220 
232 232 
236 212 
256 208 
216 216 
420 424 
696 432 
212 244 
212 212 
212 216 
216 232 
208 204 
232 252 
204 248 
256 520 
208 212 
212 208 
208 228 
252 244 
208 208 
280 244 
212 208 
248 256 
216 260 
252 248 
280 252 
216 252 
256 212 
212 220 
256 256 
212 208 
212 224 
244 408 
232 244 
232 252 
208 232 
260 212 
248 244 
244 220 
252 232 
208 216 
248 212 
256 228 
244 236 
220 208 
288 228 
244 208 
208 208 
228 248 
216 244 
248 252 
208 228 
220 240 
228 208 
224 208 
224 232 
212 288 
228 244 
220 244 
252 252 
232 220 
212 216 
216 224 
228 216 
260 208 
220 208 
204 208 
220 208 
216 208 
208 204 
256 260 
248 228 
228 216 
216 208 
248 208 
216 212 
232 212 
208 216 
220 216 
224 224 
268 220 
216 212 
216 208 
212 220 
212 228 
208 240 
204 212 
212 204 
224 240 
208 216 
232 220 
224 220 
212 248 
232 228 
216 232 
220 220 
236 216 
232 212 
228 204 
272 208 
216 208 
216 212 
208 212 
208 212 
248 252 
232 220 
224 236 
232 208 
220 204 
212 216 
236 228 
260 240 
208 220 
288 260 
260 220 
300 208 
252 208 
204 224 
228 224 
216 260 
216 220 
240 224 
244 220 
252 208 
208 204 
212 224 
228 248 
216 260 
208 232 
252 224 
208 212 
224 328 
208 208 
300 248 
208 228 
256 208 
204 244 
252 212 
216 212 
212 268 
264 260 
360 416 
252 224 
276 248 
212 208 
260 256 
260 248 
336 228 
272 260 
248 228 
588 292 
248 468 
224 212 
216 232 
208 212 
212 244 
208 216 
216 220 
224 252 
204 208 
228 208 
216 244 
212 212 
248 244 
224 212 
220 224 
244 208 
224 212 
248 352 
248 752 
248 216 
232 224 
228 232 
244 204 
216 224 
228 208 
252 248 
224 204 
224 288 
248 232 
264 208 
252 204 
248 248 
208 240 
208 228 
220 224 
224 208 
204 444 
244 244 
212 296 
224 720 
216 204 
248 212 
252 232 
228 224 
268 204 
228 232 
212 232 
208 228 
208 212 
208 256 
204 212 
208 208 
248 208 
328 212 
252 220 
232 256 
304 264 
248 244 
216 204 
212 216 
236 208 
216 264 
212 324 
232 224 
224 204 
204 252 
228 208 
248 228 
240 216 
212 208 
252 304 
264 224 
220 900 
224 212 
220 556 
224 208 
248 204 
236 216 
244 212 
244 248 
220 204 
224 212 
208 236 
228 216 
212 236 
732 220 
236 240 
224 636 
236 228 
216 208 
232 240 
208 252 
248 204 
224 212 
240 220 
228 232 
208 208 
212 216 
248 292 
560 236 
216 228 
320 292 
208 208 
336 336 
224 244 
208 212 
212 220 
208 248 
248 252 
268 284 
324 248 
208 252 
232 248 
220 248 
248 248 
216 256 
228 228 
212 208 
216 216 
356 208 
216 212 
244 436 
232 212 
212 244 
224 220 
220 220 
220 308 
208 248 
212 240 
220 228 
240 208 
248 224 
248 232 
208 212 
236 224 
228 208 
208 232 
208 236 
208 212 
216 212 
232 224 
228 228 
224 212 
232 212 
224 208 
256 208 
228 332 
256 268 
480 208 
224 228 
208 208 
204 228 
228 228 
248 232 
212 208 
344 256 
220 228 
224 208 
212 204 
224 252 
204 252 
328 276 
328 248 
212 276 
252 312 
228 228 
612 256 
212 248 
292 220 
208 244 
224 212 
220 236 
248 228 
236 220 
216 212 
216 236 
216 208 
248 248 
220 248 
232 248 
212 212 
368 312 
280 212 
356 248 
212 212 
312 224 
244 208 
220 216 
216 244 
216 208 
224 244 
224 212 
232 224 
216 212 
212 228 
216 228 
252 208 
232 248 
236 252 
232 236 
296 252 
212 212 
216 240 
212 232 
228 224 
256 244 
240 240 
212 212 
208 244 
224 208 
212 212 
224 208 
208 248 
248 248 
216 256 
248 240 
216 248 
220 208 
280 248 
248 236 
252 264 
480 308 
252 252 
232 232 
208 228 
212 356 
208 208 
248 240 
224 320 
216 320 
224 236 
228 240 
232 208 
212 248 
240 220 
208 212 
336 264 
264 332 
356 256 
304 208 
252 256 
212 248 
264 220 
216 220 
232 244 
224 224 
208 208 
268 248 
348 328 
212 236 
232 232 
244 248 
240 248 
212 208 
208 248 
220 224 
252 212 
228 212 
208 208 
252 212 
208 208 
236 332 
248 212 
208 208 
276 208 
212 248 
220 212 
212 228 
212 212 
224 208 
212 284 
204 244 
300 272 
232 224 
368 288 
308 248 
308 256 
252 208 
236 208 
204 204 
248 252 
240 208 
204 208 
248 220 
280 212 
284 272 
208 328 
236 204 
244 240 
212 212 
208 248 
224 216 
260 308 
228 252 
