# ./FR-trace starting at Thu Mar 19 01:46:33 2020
################# CONFIG #################
# slot=5000
# samples=10000
# threshold=100
# idle=500
# minlen=500
# runs=10000
# pdathreads=2
# nmonitored=2
#   monitor0=../apps/openssl ecp_smpl.c:927 0x1e3e58
#   monitor1=../apps/openssl ecp_smpl.c:934 0x1e3af3
# nevicted=0
# npdatargets=2
#   target0=../apps/openssl bn_lib.c:514 0x102fb9
#   target1=../apps/openssl bn_lib.c:543 0x103025
# affinity=all
############## SYSTEM INFO ###############
# mastik_version=
# sysname=Linux
# nodename=lovelace
# release=5.3.7-arch1-1-ARCH
# version=#1 SMP PREEMPT Fri Oct 18 00:17:03 UTC 2019
# machine=x86_64
################## DATA ##################
# run=5058
# datapoints=1810
56 44 
216 236 
48 1724 
48 44 
40 48 
196 200 
212 220 
192 196 
228 196 
204 316 
188 196 
220 192 
212 208 
216 192 
180 208 
212 196 
192 240 
308 316 
232 188 
216 196 
200 208 
40 232 
40 40 
192 196 
192 200 
188 196 
200 192 
188 196 
44 44 
200 240 
252 244 
252 240 
192 196 
192 52 
232 232 
204 200 
204 236 
188 228 
188 196 
192 48 
196 188 
268 212 
324 240 
240 208 
200 44 
204 1288 
600 200 
192 200 
272 232 
300 40 
192 200 
196 208 
672 196 
380 196 
188 200 
192 40 
188 216 
216 192 
284 192 
212 204 
188 48 
192 1556 
232 196 
188 200 
208 264 
580 48 
184 252 
192 196 
192 192 
192 192 
220 44 
192 208 
208 204 
192 208 
228 192 
1112 48 
192 192 
236 216 
204 208 
200 192 
188 40 
200 200 
188 192 
240 228 
188 208 
188 188 
204 48 
196 196 
244 276 
208 484 
188 124 
216 44 
236 408 
344 244 
196 200 
192 200 
304 44 
236 240 
212 232 
192 192 
188 204 
212 192 
192 52 
1868 324 
284 220 
188 192 
232 316 
240 44 
192 300 
200 200 
232 236 
188 232 
192 44 
212 216 
216 204 
260 200 
196 196 
200 44 
212 304 
240 200 
212 476 
252 192 
188 48 
196 232 
240 200 
232 304 
200 192 
260 48 
192 200 
204 236 
196 212 
232 220 
192 44 
192 200 
192 212 
196 192 
192 208 
196 44 
192 220 
192 208 
552 200 
208 296 
228 216 
188 196 
212 44 
188 212 
212 300 
216 236 
228 344 
216 236 
200 204 
196 48 
216 204 
212 256 
248 276 
192 192 
192 52 
196 196 
212 196 
256 236 
228 212 
212 40 
204 212 
196 240 
204 368 
192 40 
204 204 
196 204 
236 240 
244 228 
200 44 
196 200 
192 192 
196 296 
208 216 
188 192 
228 44 
324 196 
196 196 
232 312 
188 196 
300 44 
204 208 
276 236 
192 228 
196 192 
192 200 
188 40 
196 228 
236 216 
216 216 
196 252 
192 48 
244 196 
216 196 
232 200 
200 192 
256 300 
188 44 
200 188 
204 200 
232 240 
236 268 
192 72 
600 44 
216 200 
188 196 
188 208 
188 196 
188 48 
196 196 
192 188 
192 228 
204 40 
216 276 
304 236 
192 228 
188 204 
192 228 
188 48 
196 204 
300 208 
192 200 
208 192 
188 48 
188 224 
204 188 
312 268 
232 252 
192 40 
200 228 
304 192 
188 200 
192 204 
228 208 
192 192 
484 44 
188 220 
216 196 
240 284 
228 240 
196 44 
200 196 
248 236 
188 192 
192 44 
192 220 
204 240 
276 200 
200 188 
192 208 
212 44 
196 484 
208 212 
200 232 
196 188 
300 48 
196 260 
192 192 
300 288 
200 188 
220 216 
228 52 
208 216 
196 212 
196 212 
188 188 
220 48 
204 224 
208 196 
196 248 
484 332 
188 52 
232 208 
216 200 
272 200 
200 204 
228 208 
188 44 
188 200 
204 240 
192 188 
312 216 
204 1132 
232 44 
212 236 
192 196 
248 212 
188 200 
192 44 
192 196 
192 192 
188 192 
192 192 
208 188 
192 48 
216 272 
228 324 
212 272 
196 204 
232 228 
244 44 
212 188 
196 200 
224 192 
284 228 
220 48 
220 636 
216 224 
196 192 
232 192 
196 48 
200 348 
204 200 
192 196 
200 204 
188 40 
224 200 
212 232 
192 188 
192 200 
196 48 
232 204 
200 196 
192 192 
232 192 
240 44 
188 228 
196 204 
196 208 
196 192 
188 48 
196 200 
196 192 
196 208 
192 212 
196 200 
204 44 
204 212 
232 272 
264 192 
188 192 
228 44 
184 208 
244 232 
212 272 
320 196 
1136 52 
208 200 
232 236 
208 192 
280 232 
188 44 
200 208 
200 252 
216 300 
268 244 
252 244 
320 48 
220 216 
192 1560 
212 228 
236 48 
188 280 
196 192 
188 192 
200 44 
192 184 
300 300 
232 240 
204 192 
196 44 
204 232 
332 240 
236 348 
192 236 
192 44 
304 232 
192 220 
196 200 
192 196 
196 44 
212 232 
188 220 
196 196 
224 196 
188 52 
200 408 
288 196 
216 192 
192 216 
240 48 
216 244 
212 208 
212 276 
192 580 
208 44 
208 208 
208 208 
188 192 
224 196 
200 196 
192 48 
192 192 
200 200 
232 220 
196 192 
228 40 
396 208 
232 220 
236 220 
196 240 
188 48 
232 208 
232 216 
232 232 
188 232 
656 192 
192 48 
224 192 
236 240 
232 232 
216 228 
192 44 
192 208 
232 212 
236 212 
228 232 
228 44 
228 208 
232 220 
188 228 
232 44 
236 228 
236 212 
236 220 
228 188 
216 40 
228 196 
232 196 
232 232 
208 208 
236 52 
228 240 
224 232 
228 208 
224 228 
228 48 
232 228 
236 212 
188 216 
204 208 
228 44 
232 204 
236 220 
236 208 
228 232 
228 44 
232 216 
228 212 
232 212 
228 212 
208 48 
232 212 
236 212 
208 208 
224 232 
228 44 
236 220 
216 192 
236 208 
228 220 
228 48 
248 212 
212 216 
212 220 
228 236 
248 44 
236 212 
236 208 
232 208 
208 208 
228 40 
232 212 
232 228 
196 196 
216 204 
212 48 
236 220 
236 236 
236 228 
232 232 
236 44 
208 216 
216 312 
236 220 
228 232 
208 40 
236 244 
212 232 
208 196 
208 212 
204 48 
424 236 
220 208 
236 212 
228 232 
204 44 
212 212 
236 236 
228 216 
212 208 
680 40 
236 48 
236 208 
236 240 
232 232 
232 232 
228 44 
208 216 
228 208 
232 532 
228 232 
228 44 
212 220 
188 212 
236 212 
228 232 
208 44 
236 216 
188 236 
240 236 
228 236 
208 44 
220 220 
236 220 
232 204 
236 200 
228 44 
236 224 
212 212 
208 212 
232 236 
228 232 
188 44 
236 208 
216 216 
236 196 
228 228 
232 44 
232 256 
224 348 
0 0 
0 0 
0 0 
0 0 
0 0 
0 0 
0 0 
264 212 
232 208 
196 192 
512 212 
232 212 
192 216 
228 196 
208 196 
188 236 
244 336 
188 212 
192 208 
208 192 
188 220 
232 208 
212 196 
192 212 
324 196 
584 200 
228 188 
232 208 
232 232 
232 192 
220 208 
192 212 
192 212 
212 212 
208 196 
196 200 
232 216 
208 320 
188 216 
192 252 
228 188 
196 232 
256 232 
196 208 
208 236 
324 232 
188 188 
196 208 
184 196 
228 192 
196 232 
192 228 
616 188 
228 212 
204 192 
196 208 
188 192 
212 232 
196 212 
312 232 
188 232 
188 196 
212 232 
212 200 
624 192 
192 196 
196 208 
196 192 
228 196 
232 196 
220 196 
212 204 
564 224 
192 216 
188 192 
208 192 
216 212 
192 192 
232 192 
228 676 
212 196 
204 232 
208 232 
232 204 
192 304 
336 224 
192 192 
440 212 
188 244 
192 212 
228 196 
228 204 
188 196 
208 712 
228 188 
296 248 
208 192 
260 200 
236 188 
236 192 
232 228 
228 232 
248 192 
188 204 
196 200 
252 192 
228 192 
192 192 
208 196 
188 232 
192 232 
188 208 
208 192 
192 200 
208 196 
192 260 
240 240 
188 240 
312 192 
228 192 
192 208 
232 192 
188 188 
188 196 
208 204 
188 196 
232 192 
228 236 
228 192 
232 204 
244 200 
212 192 
208 192 
224 192 
188 188 
224 196 
232 188 
188 196 
232 208 
192 212 
208 212 
536 196 
188 216 
192 196 
232 216 
232 236 
192 212 
188 228 
200 232 
228 232 
204 232 
208 220 
204 204 
228 208 
228 192 
188 232 
228 204 
204 216 
292 192 
228 192 
188 232 
204 192 
220 204 
208 216 
224 232 
188 232 
208 228 
188 204 
188 208 
188 212 
232 208 
232 240 
208 192 
188 204 
192 232 
188 188 
188 212 
188 200 
192 236 
208 236 
188 208 
232 188 
228 208 
520 188 
192 216 
192 212 
244 260 
228 216 
192 212 
188 192 
204 316 
232 208 
208 204 
188 192 
192 228 
208 192 
336 204 
208 212 
188 192 
196 216 
208 228 
228 204 
208 192 
228 212 
232 212 
228 228 
232 228 
184 192 
196 224 
192 228 
232 232 
188 192 
296 188 
216 216 
188 188 
192 200 
232 192 
224 244 
188 208 
208 232 
228 232 
232 192 
192 216 
424 204 
224 208 
208 188 
192 212 
240 204 
228 232 
388 380 
204 216 
352 208 
192 208 
232 188 
208 228 
228 232 
476 192 
200 192 
208 212 
208 232 
188 232 
188 228 
188 192 
196 212 
228 236 
236 208 
208 204 
208 200 
236 232 
164 192 
228 232 
228 48 
236 240 
236 228 
228 576 
228 232 
232 228 
44 44 
232 236 
216 212 
252 204 
232 192 
188 44 
212 216 
236 208 
232 208 
200 200 
208 192 
188 44 
188 212 
212 196 
192 200 
188 196 
216 64 
200 44 
196 196 
220 248 
232 212 
228 232 
216 48 
236 208 
200 192 
188 224 
228 232 
212 40 
212 196 
420 232 
192 196 
188 208 
212 212 
188 44 
300 228 
228 196 
196 224 
192 192 
204 44 
212 192 
228 212 
240 220 
212 212 
232 44 
212 208 
208 188 
208 212 
212 192 
208 40 
212 212 
212 208 
216 220 
188 232 
208 44 
196 196 
200 244 
188 192 
192 192 
196 324 
44 48 
228 212 
592 472 
188 192 
188 232 
232 44 
496 196 
204 224 
192 196 
228 212 
208 52 
232 216 
212 212 
208 212 
228 52 
188 188 
232 228 
204 192 
228 232 
228 48 
240 228 
236 212 
236 236 
192 232 
232 412 
236 44 
212 232 
212 236 
208 228 
228 44 
228 48 
192 216 
232 212 
232 604 
228 236 
236 48 
212 212 
196 212 
232 232 
212 232 
228 44 
236 208 
236 232 
236 212 
232 228 
40 44 
228 224 
196 220 
232 244 
232 208 
232 232 
228 48 
200 216 
216 212 
212 240 
192 232 
192 52 
236 212 
232 208 
236 224 
192 232 
192 40 
192 216 
228 232 
212 216 
232 224 
232 44 
236 216 
232 236 
236 216 
232 208 
188 44 
232 216 
232 220 
396 228 
208 228 
44 48 
240 236 
228 228 
236 216 
228 232 
228 44 
236 216 
232 240 
212 208 
228 232 
228 44 
236 208 
268 196 
196 196 
204 232 
188 44 
232 212 
212 208 
228 232 
228 232 
232 192 
232 44 
236 236 
232 212 
188 236 
232 228 
236 48 
216 228 
232 208 
224 236 
232 236 
44 40 
236 248 
228 208 
548 228 
232 232 
228 48 
236 208 
232 252 
236 216 
228 232 
228 40 
236 216 
232 388 
232 232 
232 228 
232 52 
232 212 
232 248 
232 236 
228 232 
232 40 
236 608 
232 216 
228 208 
228 232 
44 44 
232 204 
228 212 
232 212 
228 232 
232 40 
236 212 
232 220 
228 212 
228 232 
232 48 
232 212 
228 216 
232 224 
232 216 
228 232 
228 44 
236 212 
228 212 
228 212 
228 228 
228 44 
232 208 
232 212 
232 212 
228 232 
228 44 
236 220 
236 300 
236 208 
228 212 
232 228 
44 52 
236 228 
236 212 
228 236 
232 132 
228 44 
216 212 
236 224 
232 208 
232 228 
232 40 
232 212 
228 204 
240 216 
224 232 
208 44 
232 212 
236 232 
236 216 
228 232 
228 44 
232 208 
228 208 
232 212 
208 212 
40 44 
236 208 
232 212 
232 212 
228 228 
228 40 
236 212 
316 212 
232 212 
232 228 
232 48 
236 212 
228 208 
228 240 
228 228 
236 48 
576 236 
232 216 
236 212 
228 228 
228 44 
236 220 
232 236 
236 212 
228 232 
228 44 
232 212 
236 224 
228 212 
228 228 
228 48 
240 44 
232 232 
228 208 
232 644 
228 232 
236 44 
232 236 
232 236 
232 212 
228 232 
232 40 
232 244 
236 236 
240 216 
228 232 
228 44 
232 212 
228 208 
232 208 
224 232 
228 44 
236 212 
232 228 
232 240 
232 232 
40 44 
236 216 
236 212 
232 216 
228 228 
228 44 
236 204 
228 208 
228 232 
228 228 
236 52 
228 212 
232 208 
228 212 
228 232 
232 48 
228 212 
240 212 
232 212 
232 232 
208 48 
232 232 
236 208 
228 208 
228 232 
236 48 
236 212 
232 212 
232 236 
208 232 
40 44 
232 224 
232 228 
236 212 
232 208 
228 228 
228 40 
240 248 
216 212 
236 216 
224 232 
232 44 
236 212 
228 212 
228 212 
232 228 
320 44 
228 208 
236 228 
232 208 
232 232 
228 48 
236 228 
236 240 
244 212 
552 232 
228 48 
236 216 
240 216 
276 212 
228 232 
40 44 
232 216 
228 212 
232 404 
228 232 
232 48 
232 208 
232 212 
232 208 
228 232 
228 48 
232 220 
228 700 
232 228 
228 228 
228 44 
232 212 
228 216 
236 244 
228 232 
228 44 
232 224 
236 232 
228 212 
228 232 
232 48 
232 208 
232 204 
232 212 
228 228 
40 48 
236 236 
228 236 
232 212 
228 208 
228 228 
228 44 
232 212 
232 212 
232 212 
232 228 
228 48 
236 208 
232 208 
240 212 
228 236 
228 52 
232 208 
228 220 
236 252 
232 228 
228 44 
232 216 
228 240 
208 216 
224 232 
228 44 
236 212 
232 244 
224 212 
228 228 
44 48 
240 208 
208 212 
232 216 
228 232 
228 48 
232 208 
236 208 
228 208 
228 232 
232 48 
236 224 
228 224 
232 208 
232 236 
228 40 
240 216 
232 212 
232 236 
340 232 
228 44 
240 212 
232 208 
232 208 
228 232 
228 48 
228 212 
228 236 
592 232 
228 232 
296 192 
192 196 
208 232 
624 212 
228 228 
200 228 
192 256 
208 208 
224 760 
188 224 
224 248 
316 228 
224 236 
192 192 
208 232 
228 212 
228 208 
228 212 
208 208 
232 216 
232 212 
236 220 
236 212 
228 212 
236 212 
232 220 
232 228 
228 228 
224 236 
228 228 
236 236 
228 228 
232 236 
228 232 
228 236 
208 232 
228 232 
228 232 
232 232 
228 228 
232 228 
240 244 
232 216 
236 216 
204 44 
228 232 
228 228 
276 236 
224 232 
236 212 
232 216 
232 216 
232 236 
236 192 
232 232 
228 228 
228 236 
236 228 
208 232 
228 232 
228 232 
228 232 
232 228 
228 228 
236 236 
232 204 
236 232 
216 216 
224 236 
228 192 
232 232 
212 212 
188 232 
192 196 
228 232 
356 212 
192 192 
228 224 
236 232 
228 228 
192 208 
208 236 
232 232 
228 284 
232 372 
232 192 
188 232 
228 208 
208 220 
232 212 
192 192 
228 232 
228 192 
608 232 
228 232 
192 212 
228 212 
228 232 
220 224 
232 232 
224 232 
232 232 
232 484 
224 228 
228 232 
212 232 
224 232 
208 192 
228 232 
228 232 
208 192 
200 688 
208 232 
232 228 
228 232 
224 236 
344 228 
228 336 
192 208 
376 228 
216 212 
188 232 
232 192 
228 232 
232 204 
228 232 
208 232 
212 192 
228 228 
228 280 
228 228 
232 232 
228 232 
228 192 
204 232 
204 212 
232 340 
232 228 
228 332 
232 236 
232 228 
208 228 
228 232 
396 196 
212 200 
232 192 
304 192 
232 232 
608 196 
208 224 
292 196 
200 196 
220 188 
284 212 
232 204 
188 208 
228 212 
188 220 
204 196 
304 232 
236 216 
228 192 
192 236 
232 192 
232 228 
204 228 
208 196 
192 208 
228 196 
232 228 
232 224 
216 232 
196 216 
188 236 
228 208 
236 188 
240 192 
192 360 
220 224 
188 208 
324 232 
208 232 
228 228 
200 208 
228 232 
212 236 
240 196 
276 236 
232 260 
228 232 
228 204 
208 232 
228 188 
192 232 
212 228 
224 300 
232 212 
236 500 
208 232 
236 212 
228 232 
188 236 
228 188 
232 208 
228 228 
232 228 
228 748 
216 228 
232 236 
232 228 
228 236 
204 228 
200 212 
208 208 
204 192 
224 188 
188 212 
256 228 
228 192 
208 220 
204 212 
204 188 
376 216 
216 232 
204 192 
192 208 
232 208 
188 324 
184 232 
224 192 
188 208 
232 188 
316 240 
204 236 
232 208 
208 232 
204 188 
208 232 
224 224 
208 192 
200 196 
228 192 
204 232 
232 232 
228 228 
228 188 
208 220 
208 212 
212 188 
232 232 
188 236 
228 192 
228 192 
192 192 
236 196 
232 192 
216 232 
192 336 
228 232 
236 208 
232 196 
228 228 
188 224 
208 196 
188 208 
188 236 
208 208 
188 192 
192 204 
208 208 
188 192 
192 192 
228 196 
208 192 
208 228 
192 196 
228 196 
208 208 
188 232 
192 196 
188 208 
192 192 
192 212 
664 224 
200 228 
232 260 
232 212 
200 196 
228 228 
264 212 
200 216 
192 228 
232 612 
232 232 
208 228 
192 236 
192 204 
228 228 
204 200 
188 232 
208 204 
188 196 
304 212 
228 192 
188 232 
228 192 
232 212 
228 232 
192 228 
192 232 
208 196 
232 232 
232 232 
232 208 
200 196 
232 208 
228 208 
208 196 
196 188 
212 216 
236 196 
204 196 
208 212 
224 208 
232 196 
216 192 
208 208 
208 196 
228 228 
224 240 
204 208 
228 236 
192 232 
188 228 
228 208 
188 312 
188 200 
228 212 
188 192 
188 212 
188 208 
188 212 
220 232 
212 208 
192 196 
208 196 
216 324 
232 192 
200 196 
228 212 
228 232 
212 292 
396 212 
208 204 
204 200 
228 196 
232 232 
228 216 
188 192 
228 268 
204 196 
204 696 
192 192 
204 192 
232 232 
212 192 
188 280 
228 236 
188 228 
656 228 
228 216 
320 212 
228 188 
228 232 
232 232 
192 192 
232 236 
228 232 
668 236 
224 196 
212 248 
228 192 
192 224 
192 208 
228 232 
232 296 
188 192 
192 212 
208 560 
188 212 
196 232 
228 320 
368 188 
192 196 
212 200 
200 192 
196 212 
200 192 
252 196 
280 216 
228 224 
592 212 
208 212 
192 208 
192 232 
228 200 
208 192 
192 232 
188 208 
188 232 
280 228 
228 232 
204 212 
228 232 
208 216 
192 228 
204 224 
188 232 
204 236 
232 192 
188 232 
284 188 
228 208 
188 208 
228 224 
232 228 
228 212 
236 192 
220 192 
204 212 
208 196 
232 192 
188 192 
188 212 
220 212 
208 196 
220 228 
604 296 
188 192 
232 232 
224 240 
228 232 
244 336 
232 232 
232 192 
200 192 
228 232 
216 192 
192 232 
228 232 
224 232 
232 480 
228 208 
228 220 
228 200 
188 204 
228 208 
256 208 
236 228 
328 212 
228 220 
212 260 
192 212 
228 232 
448 188 
188 212 
212 196 
268 192 
208 272 
196 196 
232 196 
228 236 
188 208 
232 308 
232 256 
208 192 
336 224 
232 232 
232 228 
228 228 
208 232 
228 232 
232 228 
228 232 
236 228 
228 192 
232 236 
192 192 
232 240 
192 232 
224 192 
192 280 
204 228 
228 232 
228 232 
208 188 
228 232 
192 224 
228 192 
232 232 
228 228 
188 232 
240 228 
228 232 
216 196 
228 232 
208 196 
192 228 
228 228 
256 364 
192 228 
204 192 
232 232 
228 204 
188 188 
328 208 
184 260 
236 232 
200 228 
192 196 
228 232 
192 192 
212 192 
320 216 
204 188 
232 192 
232 232 
256 228 
232 208 
232 196 
208 232 
228 232 
188 188 
236 188 
188 192 
228 212 
208 232 
188 232 
308 228 
212 196 
228 232 
224 624 
208 208 
228 232 
188 328 
