# ./FR-trace starting at Thu Mar 19 02:41:49 2020
################# CONFIG #################
# slot=5000
# samples=10000
# threshold=100
# idle=500
# minlen=500
# runs=10000
# pdathreads=2
# nmonitored=2
#   monitor0=../apps/openssl ecp_smpl.c:927 0x1e3e58
#   monitor1=../apps/openssl ecp_smpl.c:934 0x1e3af3
# nevicted=0
# npdatargets=2
#   target0=../apps/openssl bn_lib.c:514 0x102fb9
#   target1=../apps/openssl bn_lib.c:543 0x103025
# affinity=all
############## SYSTEM INFO ###############
# mastik_version=
# sysname=Linux
# nodename=lovelace
# release=5.3.7-arch1-1-ARCH
# version=#1 SMP PREEMPT Fri Oct 18 00:17:03 UTC 2019
# machine=x86_64
################## DATA ##################
# run=8097
# datapoints=1545
48 228 
208 232 
44 48 
52 52 
44 44 
44 44 
232 236 
216 216 
236 220 
228 232 
228 224 
240 212 
236 220 
236 208 
228 216 
228 212 
232 212 
204 228 
228 208 
212 212 
228 208 
220 212 
236 216 
228 212 
40 44 
236 216 
220 228 
216 212 
208 232 
208 44 
192 236 
200 212 
196 192 
184 192 
188 208 
232 44 
228 212 
236 212 
216 228 
228 232 
236 48 
232 240 
236 212 
232 212 
228 232 
236 48 
228 216 
208 256 
224 208 
232 232 
228 44 
236 212 
232 212 
232 208 
228 236 
228 44 
212 220 
228 212 
232 212 
228 232 
228 40 
236 212 
228 232 
232 232 
260 228 
228 208 
228 40 
236 208 
232 212 
232 228 
228 232 
228 44 
236 236 
488 216 
232 212 
232 232 
228 44 
236 216 
232 236 
236 236 
232 232 
228 48 
744 236 
228 204 
236 212 
228 220 
188 196 
236 44 
236 212 
208 216 
188 188 
188 640 
228 44 
228 228 
232 216 
228 212 
200 232 
184 44 
196 208 
192 236 
196 228 
192 232 
192 44 
200 208 
236 200 
232 232 
232 192 
232 52 
228 220 
236 252 
228 188 
228 228 
228 40 
192 208 
192 216 
196 216 
188 236 
192 44 
236 212 
196 208 
232 208 
232 228 
228 44 
232 216 
228 232 
228 208 
224 236 
228 232 
228 44 
236 212 
236 236 
232 216 
228 228 
208 40 
232 212 
236 236 
236 232 
228 232 
232 44 
196 192 
196 192 
228 188 
208 188 
236 48 
236 212 
236 236 
228 232 
232 228 
236 44 
232 208 
236 240 
212 236 
228 228 
228 48 
228 240 
240 232 
236 236 
228 228 
232 48 
304 536 
232 232 
232 216 
232 208 
228 48 
236 208 
208 212 
212 212 
216 228 
512 48 
208 216 
232 236 
232 228 
232 232 
228 40 
232 212 
240 208 
224 212 
744 236 
236 44 
240 212 
236 212 
236 240 
232 236 
228 48 
232 216 
232 220 
232 632 
224 232 
228 48 
240 216 
232 216 
280 212 
228 228 
228 48 
236 216 
232 220 
228 208 
228 232 
228 44 
236 216 
228 240 
236 204 
228 212 
232 232 
228 48 
232 236 
252 208 
228 232 
232 244 
232 44 
232 212 
232 240 
232 236 
228 232 
228 44 
216 216 
232 208 
236 244 
208 208 
208 44 
212 216 
236 212 
228 232 
232 228 
212 44 
240 212 
236 208 
228 208 
232 204 
232 44 
232 228 
212 212 
208 212 
216 208 
228 48 
232 216 
232 244 
228 232 
232 44 
228 44 
280 228 
236 212 
208 212 
208 228 
208 52 
224 208 
212 236 
208 212 
220 232 
228 44 
224 216 
236 208 
228 212 
228 232 
304 48 
232 208 
232 216 
236 208 
236 212 
228 232 
228 44 
232 212 
228 212 
564 228 
228 232 
240 44 
236 216 
236 228 
208 240 
208 228 
212 44 
216 212 
212 396 
204 228 
208 228 
216 44 
240 204 
236 220 
228 212 
228 208 
232 40 
236 632 
236 208 
232 212 
232 208 
204 48 
212 212 
228 232 
220 208 
188 228 
228 48 
192 212 
228 208 
196 232 
232 192 
232 40 
244 188 
228 192 
236 192 
196 228 
228 232 
240 44 
232 216 
248 216 
228 236 
228 228 
232 52 
228 236 
228 232 
228 232 
228 164 
228 48 
228 208 
228 208 
228 212 
228 228 
232 44 
236 232 
236 236 
232 236 
228 232 
232 48 
236 220 
212 216 
232 212 
232 232 
236 44 
236 216 
228 212 
232 208 
228 232 
228 44 
212 224 
236 232 
232 216 
232 228 
228 44 
244 232 
228 232 
232 208 
224 232 
232 44 
232 212 
228 212 
228 208 
228 232 
216 64 
228 44 
236 212 
324 216 
232 208 
228 236 
228 44 
232 208 
508 212 
232 228 
228 220 
188 48 
196 232 
188 196 
236 240 
232 192 
228 48 
192 200 
236 220 
228 216 
228 232 
228 44 
236 208 
236 212 
236 228 
228 232 
228 44 
192 196 
192 196 
220 188 
228 196 
192 48 
196 204 
228 260 
228 232 
228 232 
236 44 
236 236 
232 220 
228 232 
228 232 
228 48 
236 208 
228 224 
232 232 
232 192 
232 44 
192 192 
232 200 
212 188 
232 92 
236 52 
232 192 
188 232 
192 228 
188 236 
192 40 
208 208 
236 208 
236 200 
228 196 
228 44 
232 224 
236 220 
236 228 
228 228 
204 44 
232 212 
232 236 
228 212 
228 208 
228 44 
228 216 
208 220 
236 220 
208 228 
208 48 
228 216 
240 236 
236 240 
228 228 
212 232 
228 52 
228 208 
256 216 
228 232 
232 232 
228 52 
232 240 
232 212 
224 208 
232 228 
236 44 
236 216 
232 216 
228 232 
228 44 
236 216 
340 212 
232 232 
232 232 
232 64 
228 44 
236 212 
232 236 
228 212 
232 228 
600 44 
228 212 
236 240 
236 208 
232 232 
240 44 
232 240 
236 236 
232 240 
228 428 
228 40 
232 236 
232 212 
232 208 
236 212 
232 228 
228 44 
232 212 
232 664 
232 208 
232 232 
204 44 
204 212 
212 240 
212 236 
204 228 
208 44 
228 208 
236 212 
236 216 
224 208 
208 52 
212 208 
208 208 
216 228 
204 232 
232 44 
232 212 
212 212 
236 212 
216 228 
204 40 
216 232 
212 212 
212 232 
208 228 
224 52 
216 236 
236 220 
228 216 
232 208 
232 44 
228 212 
248 216 
228 208 
228 236 
232 64 
236 236 
232 208 
228 228 
212 236 
228 48 
232 220 
228 228 
228 236 
228 208 
228 44 
236 208 
232 220 
232 212 
204 228 
212 44 
232 204 
232 224 
232 208 
208 228 
216 48 
212 212 
212 208 
204 232 
248 232 
212 48 
208 244 
208 232 
228 208 
228 212 
352 48 
236 208 
236 196 
236 232 
232 192 
232 44 
228 192 
188 208 
196 212 
188 660 
192 48 
196 216 
232 208 
240 240 
232 232 
232 44 
236 212 
236 208 
232 464 
228 232 
228 48 
232 212 
228 212 
240 216 
228 232 
228 48 
232 244 
232 676 
228 232 
232 228 
232 48 
236 212 
232 216 
228 208 
232 232 
236 44 
236 208 
236 240 
236 240 
228 232 
228 44 
236 216 
236 220 
232 240 
228 232 
228 44 
228 216 
228 212 
228 212 
228 232 
232 52 
228 44 
232 224 
232 240 
232 236 
232 232 
228 40 
232 204 
228 212 
232 240 
232 228 
228 48 
224 212 
232 208 
236 236 
228 196 
188 44 
196 256 
188 576 
192 232 
236 200 
0 0 
0 0 
192 312 
188 292 
236 48 
224 48 
604 212 
204 196 
228 192 
40 232 
228 44 
236 232 
192 196 
228 192 
228 192 
188 48 
232 236 
296 212 
240 240 
228 232 
228 44 
232 216 
320 204 
236 232 
516 464 
44 44 
232 212 
232 212 
232 212 
232 232 
232 52 
228 216 
228 212 
608 232 
224 236 
228 40 
236 212 
232 212 
232 212 
228 232 
228 44 
232 204 
228 456 
236 224 
228 228 
232 48 
232 212 
232 216 
232 216 
228 232 
228 44 
232 712 
228 208 
236 228 
228 236 
176 44 
228 240 
232 212 
232 236 
232 232 
228 232 
228 44 
232 212 
228 208 
232 212 
232 232 
228 40 
232 236 
228 228 
236 228 
228 236 
232 228 
228 48 
236 236 
236 240 
232 228 
228 232 
228 44 
228 212 
232 208 
228 212 
228 192 
184 44 
192 196 
188 192 
192 204 
188 236 
44 44 
184 208 
188 196 
228 232 
228 236 
236 48 
212 212 
208 212 
232 232 
228 208 
236 48 
236 212 
216 240 
204 208 
208 232 
204 44 
212 208 
208 212 
208 212 
228 48 
48 44 
228 228 
232 228 
240 236 
228 208 
232 40 
236 212 
236 216 
240 236 
232 232 
228 48 
232 212 
400 212 
228 228 
232 232 
228 232 
228 48 
236 216 
236 212 
236 236 
232 228 
640 40 
236 236 
232 248 
232 256 
228 232 
228 44 
232 220 
232 212 
228 252 
228 512 
44 40 
236 216 
232 212 
232 216 
228 228 
232 44 
236 232 
236 240 
232 684 
228 232 
232 44 
236 212 
228 208 
232 208 
228 228 
228 44 
228 224 
236 212 
236 216 
208 208 
212 48 
212 212 
216 232 
208 232 
212 232 
232 48 
212 240 
208 208 
228 208 
228 208 
40 44 
236 216 
228 208 
260 204 
224 208 
232 44 
232 212 
208 224 
208 236 
208 228 
212 48 
204 208 
232 212 
232 232 
208 216 
220 44 
232 216 
228 212 
228 220 
228 212 
40 40 
232 208 
236 212 
228 220 
228 232 
228 40 
236 208 
228 212 
232 212 
208 208 
228 48 
236 216 
236 252 
232 228 
232 232 
228 232 
236 48 
220 216 
236 244 
228 232 
228 48 
228 212 
236 236 
232 212 
228 212 
232 228 
448 48 
228 208 
236 220 
228 232 
228 232 
44 52 
228 232 
236 240 
236 208 
656 232 
228 44 
228 208 
228 208 
232 240 
228 236 
228 40 
232 208 
228 212 
232 504 
228 232 
228 48 
236 44 
224 212 
228 232 
232 256 
228 232 
228 48 
208 216 
248 212 
208 212 
216 232 
40 44 
236 236 
236 240 
212 232 
208 232 
236 44 
232 212 
232 212 
232 212 
228 208 
232 48 
232 232 
228 216 
228 232 
204 208 
216 44 
212 212 
212 216 
188 192 
232 192 
188 48 
188 224 
196 208 
236 208 
228 228 
40 48 
228 216 
228 208 
216 232 
228 236 
232 48 
232 208 
256 212 
280 228 
232 232 
236 44 
240 212 
232 216 
204 204 
228 232 
228 48 
228 232 
236 240 
228 232 
228 228 
236 48 
228 220 
212 212 
232 232 
224 228 
44 44 
228 212 
236 208 
228 232 
228 48 
212 208 
232 232 
232 216 
232 232 
228 228 
232 48 
236 224 
236 208 
236 240 
440 232 
232 48 
228 212 
228 240 
236 240 
232 236 
228 44 
232 212 
228 192 
192 452 
188 232 
44 44 
232 196 
228 240 
228 216 
228 188 
232 48 
232 192 
196 236 
188 208 
188 232 
188 232 
192 44 
228 212 
212 236 
188 228 
188 232 
228 44 
232 196 
228 192 
232 188 
232 192 
240 48 
228 208 
236 240 
200 196 
228 192 
192 44 
224 204 
260 196 
304 240 
192 192 
40 48 
228 216 
228 212 
228 220 
228 232 
228 44 
236 216 
232 232 
236 240 
232 228 
228 40 
232 208 
228 212 
236 236 
228 232 
228 44 
232 228 
236 212 
332 212 
232 228 
228 44 
236 212 
228 212 
232 232 
228 232 
228 232 
236 52 
216 228 
228 212 
232 232 
232 232 
40 44 
236 216 
232 216 
232 208 
228 228 
208 40 
236 212 
228 212 
232 208 
224 228 
228 40 
232 212 
236 216 
212 216 
208 228 
208 232 
208 232 
208 232 
208 508 
188 236 
192 188 
340 192 
228 232 
232 212 
232 196 
228 188 
232 228 
228 232 
236 220 
196 192 
196 192 
188 344 
188 196 
192 196 
232 232 
188 192 
188 192 
188 192 
228 232 
228 232 
228 232 
232 228 
228 236 
232 228 
228 216 
228 232 
228 208 
208 232 
220 228 
216 212 
208 220 
328 216 
208 44 
236 212 
228 228 
296 212 
232 212 
236 224 
228 232 
232 232 
228 232 
232 236 
232 232 
228 232 
228 232 
228 232 
224 232 
232 232 
232 232 
228 236 
228 232 
232 216 
236 216 
236 220 
252 212 
228 232 
232 236 
228 192 
228 228 
228 232 
232 216 
228 232 
216 228 
228 228 
232 228 
232 232 
228 236 
228 228 
228 224 
224 228 
188 232 
208 196 
188 232 
208 232 
228 232 
232 232 
232 232 
208 236 
232 232 
228 212 
232 196 
228 212 
232 208 
228 208 
232 204 
228 208 
228 208 
220 188 
252 232 
236 212 
204 232 
188 208 
248 232 
216 228 
208 232 
208 228 
208 212 
232 232 
228 212 
232 212 
228 208 
204 228 
232 232 
228 228 
228 232 
204 236 
716 212 
212 232 
208 212 
208 228 
208 204 
228 228 
232 228 
228 236 
232 232 
212 592 
204 232 
228 232 
196 192 
232 232 
228 236 
224 232 
232 236 
228 228 
192 232 
212 208 
232 232 
232 232 
228 232 
228 232 
232 228 
228 228 
228 232 
188 232 
228 232 
228 232 
232 192 
228 232 
232 228 
232 232 
224 236 
232 232 
232 232 
228 228 
232 228 
232 228 
228 236 
232 228 
232 232 
228 228 
228 232 
228 236 
232 232 
224 228 
228 232 
228 232 
232 232 
208 232 
232 228 
228 232 
192 232 
236 232 
228 212 
208 204 
204 192 
228 232 
212 232 
208 232 
292 212 
212 196 
228 232 
192 368 
228 192 
232 192 
204 204 
228 208 
196 208 
228 232 
208 204 
208 188 
228 228 
232 232 
208 208 
244 216 
228 228 
232 228 
188 232 
192 228 
232 192 
216 192 
232 196 
232 232 
212 188 
236 216 
228 212 
204 232 
204 208 
192 228 
228 196 
228 232 
236 192 
732 232 
220 232 
228 232 
228 232 
232 208 
196 232 
228 196 
232 240 
232 212 
228 232 
232 192 
228 196 
232 216 
228 188 
228 188 
216 196 
232 232 
188 224 
188 228 
192 220 
208 208 
188 196 
188 232 
188 236 
208 188 
228 192 
232 220 
232 224 
228 232 
228 228 
228 192 
228 188 
348 232 
188 236 
192 228 
192 224 
188 228 
192 244 
236 316 
232 236 
224 332 
192 208 
208 232 
232 188 
228 228 
232 232 
236 232 
204 228 
208 188 
224 232 
232 192 
208 192 
188 220 
204 208 
192 232 
228 188 
208 228 
228 236 
228 248 
228 232 
228 228 
236 232 
232 232 
228 228 
232 232 
228 208 
228 232 
240 292 
228 396 
212 208 
228 208 
192 236 
228 236 
228 236 
236 232 
204 196 
196 192 
188 192 
232 188 
192 208 
228 228 
228 228 
220 196 
232 232 
192 216 
192 200 
188 192 
208 260 
232 192 
192 216 
208 212 
208 300 
232 192 
228 232 
228 232 
228 396 
228 232 
228 228 
232 228 
228 208 
228 232 
208 212 
228 228 
228 216 
188 232 
192 372 
188 192 
196 232 
188 236 
228 232 
188 236 
188 236 
188 192 
228 252 
228 192 
228 192 
192 196 
232 232 
212 208 
232 228 
228 232 
228 232 
192 188 
188 196 
188 188 
200 196 
188 188 
228 192 
188 192 
204 196 
192 232 
188 204 
232 228 
208 196 
232 228 
228 228 
232 236 
408 232 
208 236 
232 232 
236 1224 
232 232 
196 196 
232 228 
188 236 
232 232 
208 232 
228 228 
232 228 
228 192 
200 188 
232 188 
208 188 
228 204 
228 192 
188 192 
216 188 
228 232 
228 228 
228 228 
228 236 
1108 228 
232 232 
228 236 
204 208 
192 232 
188 188 
232 188 
192 192 
228 192 
228 212 
232 228 
288 212 
232 216 
232 228 
208 232 
212 228 
208 236 
204 228 
208 236 
208 212 
192 232 
228 228 
208 228 
232 236 
232 232 
228 228 
232 236 
228 232 
204 232 
232 388 
228 232 
208 212 
228 236 
192 344 
232 232 
188 212 
208 212 
228 236 
228 628 
228 212 
232 212 
220 232 
208 228 
212 208 
204 204 
208 228 
208 216 
208 232 
208 216 
208 232 
228 232 
228 208 
228 228 
232 232 
228 232 
228 212 
228 212 
228 204 
208 236 
188 232 
192 192 
208 232 
204 232 
232 196 
208 232 
204 228 
228 232 
232 228 
232 228 
228 228 
228 228 
232 236 
208 236 
208 228 
228 236 
232 232 
224 232 
208 232 
228 228 
232 232 
228 228 
228 236 
224 228 
192 232 
204 228 
232 232 
228 228 
228 240 
228 232 
228 236 
232 232 
228 228 
236 196 
228 196 
188 232 
228 236 
228 232 
228 228 
228 212 
228 228 
232 232 
232 232 
228 236 
232 232 
232 228 
232 232 
328 232 
228 212 
228 236 
228 228 
208 196 
196 192 
228 232 
208 228 
228 232 
528 192 
208 232 
204 224 
188 232 
212 192 
228 192 
252 208 
232 232 
200 232 
212 188 
232 208 
232 208 
208 232 
212 228 
208 232 
208 232 
228 228 
208 208 
212 700 
236 212 
232 228 
232 228 
228 232 
232 228 
228 212 
232 232 
232 240 
228 232 
228 236 
252 328 
236 312 
232 336 
216 268 
228 416 
220 276 
228 236 
232 232 
228 232 
228 232 
228 236 
228 232 
232 232 
208 220 
232 232 
228 232 
228 228 
228 228 
232 232 
228 228 
228 228 
228 236 
228 204 
228 188 
232 188 
188 196 
192 192 
