# ./FR-trace starting at Thu Mar 19 01:24:37 2020
################# CONFIG #################
# slot=5000
# samples=10000
# threshold=100
# idle=500
# minlen=500
# runs=10000
# pdathreads=2
# nmonitored=2
#   monitor0=../apps/openssl ecp_smpl.c:927 0x1e3e58
#   monitor1=../apps/openssl ecp_smpl.c:934 0x1e3af3
# nevicted=0
# npdatargets=2
#   target0=../apps/openssl bn_lib.c:514 0x102fb9
#   target1=../apps/openssl bn_lib.c:543 0x103025
# affinity=all
############## SYSTEM INFO ###############
# mastik_version=
# sysname=Linux
# nodename=lovelace
# release=5.3.7-arch1-1-ARCH
# version=#1 SMP PREEMPT Fri Oct 18 00:17:03 UTC 2019
# machine=x86_64
################## DATA ##################
# run=3841
# datapoints=952
244 40 
212 216 
296 244 
408 444 
440 416 
220 212 
36 36 
32 36 
240 212 
216 196 
396 36 
216 216 
200 40 
228 220 
240 232 
448 44 
252 228 
216 44 
232 236 
240 200 
352 44 
192 220 
400 44 
200 192 
196 52 
236 460 
196 196 
188 40 
200 196 
688 48 
196 224 
232 40 
240 192 
240 236 
232 44 
208 220 
408 44 
204 228 
232 40 
240 192 
196 40 
192 200 
232 192 
200 32 
200 196 
436 40 
204 196 
196 40 
196 288 
240 196 
440 44 
204 192 
236 40 
216 236 
232 44 
228 212 
232 676 
292 44 
204 192 
420 244 
212 196 
208 36 
192 208 
236 212 
216 36 
228 232 
224 36 
244 216 
232 44 
224 240 
200 196 
444 40 
232 236 
240 40 
208 220 
220 248 
220 36 
244 232 
236 40 
628 224 
204 40 
204 204 
216 188 
200 36 
192 236 
332 240 
236 236 
200 40 
464 232 
224 212 
236 48 
192 196 
436 244 
200 236 
200 44 
192 196 
240 40 
236 236 
216 232 
212 40 
240 240 
444 36 
240 244 
240 40 
200 200 
196 44 
200 188 
240 240 
412 44 
196 240 
200 40 
240 232 
204 132 
236 36 
216 208 
236 44 
200 212 
220 44 
208 204 
240 44 
216 200 
196 220 
220 36 
224 216 
216 40 
196 208 
232 44 
204 208 
244 40 
220 212 
216 236 
196 44 
220 192 
444 36 
208 240 
196 40 
232 236 
220 196 
232 40 
236 224 
196 36 
200 232 
216 48 
192 196 
240 244 
192 44 
240 196 
196 32 
244 208 
196 44 
236 236 
200 196 
404 40 
204 236 
240 32 
232 196 
192 40 
212 200 
192 200 
240 44 
204 236 
248 32 
232 204 
240 44 
228 216 
324 232 
232 44 
240 232 
204 560 
240 228 
224 36 
240 200 
192 196 
192 48 
236 216 
440 48 
216 216 
240 44 
192 236 
236 212 
212 40 
224 208 
212 44 
216 192 
436 36 
296 212 
216 40 
212 192 
240 244 
204 40 
196 232 
404 44 
244 236 
220 36 
236 196 
236 48 
236 40 
208 200 
436 40 
240 212 
212 40 
216 236 
336 44 
236 208 
200 192 
444 40 
248 212 
212 36 
196 196 
236 264 
204 40 
200 196 
436 36 
236 192 
192 40 
200 200 
200 224 
192 40 
300 232 
192 48 
232 468 
396 36 
240 192 
192 40 
236 232 
220 196 
224 44 
292 220 
448 40 
604 288 
236 40 
244 240 
220 40 
252 232 
216 212 
444 52 
220 240 
228 36 
220 212 
228 44 
216 192 
208 232 
208 40 
216 232 
424 40 
232 236 
216 44 
224 196 
216 212 
232 44 
204 212 
236 36 
232 232 
228 236 
236 40 
232 216 
404 40 
244 232 
208 36 
200 236 
240 220 
232 44 
220 232 
404 36 
220 212 
204 36 
232 232 
184 208 
240 36 
204 216 
196 40 
208 196 
236 36 
200 200 
200 40 
196 196 
232 196 
208 44 
236 240 
408 40 
232 244 
204 36 
232 200 
192 196 
192 48 
196 200 
400 36 
224 216 
232 40 
224 236 
192 196 
236 44 
204 196 
236 36 
200 200 
200 40 
204 584 
240 240 
212 40 
240 232 
424 48 
232 204 
236 40 
200 212 
244 48 
556 696 
240 208 
196 44 
196 232 
428 36 
240 236 
220 40 
236 244 
216 44 
384 40 
232 220 
440 36 
224 216 
216 40 
200 236 
224 44 
236 40 
224 216 
676 36 
232 240 
220 40 
200 208 
212 216 
216 44 
212 212 
416 40 
236 216 
224 40 
212 240 
220 212 
232 44 
212 216 
440 36 
224 216 
240 40 
192 224 
240 720 
212 44 
240 220 
416 36 
212 220 
216 40 
220 212 
236 216 
212 48 
240 240 
420 44 
236 236 
216 40 
240 236 
236 244 
492 40 
292 236 
248 36 
240 240 
232 44 
240 296 
244 196 
200 44 
196 192 
404 40 
204 192 
204 36 
196 196 
236 648 
336 44 
240 232 
400 36 
216 232 
200 36 
232 228 
196 196 
240 40 
200 200 
564 40 
232 232 
188 48 
196 232 
196 52 
196 36 
208 212 
212 40 
216 212 
240 248 
224 224 
236 40 
212 216 
240 216 
216 36 
228 232 
232 36 
212 212 
208 40 
212 220 
236 232 
248 40 
216 232 
216 44 
236 236 
212 216 
232 44 
216 196 
420 36 
236 224 
392 44 
212 216 
232 236 
216 44 
200 196 
216 40 
200 196 
192 40 
240 236 
192 192 
204 40 
200 224 
404 44 
204 196 
200 40 
236 236 
196 184 
236 36 
228 196 
596 36 
196 192 
240 44 
192 228 
236 240 
196 44 
236 240 
404 36 
240 732 
192 44 
252 212 
196 48 
212 40 
196 224 
204 44 
212 192 
192 36 
216 232 
228 200 
224 36 
212 212 
424 36 
212 212 
244 44 
220 212 
200 216 
208 208 
232 216 
240 248 
192 192 
192 204 
220 184 
240 188 
212 204 
264 308 
212 212 
216 204 
212 208 
420 216 
212 208 
212 212 
220 216 
232 212 
212 252 
236 236 
208 220 
220 240 
212 204 
232 228 
196 192 
232 216 
192 196 
208 200 
240 196 
204 196 
200 148 
308 504 
472 236 
196 188 
240 216 
296 232 
244 236 
196 196 
608 236 
224 200 
232 196 
240 184 
236 196 
208 192 
240 192 
200 216 
404 404 
188 412 
232 204 
188 196 
192 200 
204 588 
192 204 
236 284 
212 200 
240 232 
432 216 
240 228 
240 212 
212 212 
232 228 
192 212 
192 232 
216 220 
232 236 
216 216 
228 208 
212 216 
244 232 
208 512 
252 240 
212 216 
244 236 
216 212 
232 208 
240 192 
224 216 
216 232 
196 228 
236 236 
192 232 
232 232 
196 200 
200 196 
192 232 
184 192 
200 192 
224 200 
192 184 
272 196 
196 232 
268 200 
200 692 
192 192 
232 232 
200 196 
212 220 
192 220 
280 216 
212 196 
232 208 
192 232 
236 228 
244 192 
228 196 
200 192 
204 264 
236 196 
188 228 
200 236 
188 196 
540 192 
200 192 
236 232 
204 200 
192 196 
196 240 
236 240 
204 220 
228 196 
212 224 
228 232 
192 212 
188 208 
212 216 
200 208 
208 196 
324 228 
228 196 
192 188 
288 212 
236 224 
212 208 
224 196 
232 192 
216 232 
200 212 
236 240 
192 212 
208 216 
208 220 
216 196 
212 196 
212 200 
232 224 
204 192 
184 228 
228 212 
196 220 
196 192 
232 200 
240 224 
240 236 
208 196 
212 236 
232 188 
268 240 
196 232 
236 248 
216 236 
236 240 
236 236 
232 208 
236 232 
244 240 
252 208 
208 200 
240 240 
208 196 
280 236 
192 192 
240 196 
200 196 
232 236 
240 220 
232 224 
212 232 
216 236 
216 332 
232 248 
220 216 
232 204 
288 208 
212 228 
188 216 
240 236 
244 204 
212 232 
192 212 
196 236 
196 216 
204 328 
208 208 
212 244 
204 208 
196 204 
204 216 
220 220 
212 212 
208 236 
200 232 
224 216 
220 232 
212 196 
200 232 
232 228 
200 216 
196 196 
232 204 
200 192 
216 232 
212 196 
236 192 
228 192 
360 620 
224 196 
232 200 
196 232 
216 216 
216 192 
232 208 
196 196 
236 232 
196 204 
212 212 
188 192 
196 208 
204 188 
192 240 
260 232 
208 188 
196 220 
212 588 
192 208 
196 240 
196 192 
216 216 
216 236 
212 236 
228 200 
216 332 
596 224 
220 220 
212 208 
240 212 
212 196 
196 200 
192 204 
220 208 
188 200 
196 232 
256 208 
212 196 
236 260 
192 212 
212 388 
240 212 
228 212 
236 232 
212 556 
200 196 
208 212 
212 192 
216 228 
216 216 
232 216 
192 232 
216 212 
200 204 
200 192 
212 196 
196 228 
232 240 
184 192 
216 232 
200 192 
192 212 
232 200 
220 188 
208 192 
236 192 
192 208 
196 208 
188 280 
200 196 
192 188 
192 228 
196 196 
236 316 
200 204 
196 192 
232 344 
232 220 
276 204 
192 192 
216 292 
232 188 
228 200 
324 208 
268 216 
196 224 
228 204 
208 220 
212 212 
296 228 
212 232 
192 192 
188 212 
192 192 
192 196 
196 284 
224 292 
212 196 
212 216 
216 252 
324 212 
208 208 
184 188 
224 192 
728 220 
208 188 
212 244 
212 216 
220 188 
208 232 
212 216 
216 212 
264 264 
192 196 
192 232 
208 192 
204 196 
196 228 
196 196 
204 224 
232 192 
240 188 
200 192 
208 212 
196 208 
232 232 
204 256 
196 196 
192 208 
220 272 
360 236 
236 292 
232 192 
256 232 
212 280 
196 224 
192 192 
280 200 
284 192 
200 280 
236 196 
720 244 
196 216 
332 228 
196 192 
216 192 
200 200 
212 204 
340 232 
204 188 
264 388 
236 204 
192 192 
196 196 
232 192 
212 196 
236 232 
208 236 
204 192 
240 232 
200 192 
188 232 
196 196 
200 232 
196 212 
212 212 
192 196 
192 228 
192 192 
216 236 
212 188 
324 196 
188 188 
320 228 
324 196 
232 272 
204 196 
576 276 
232 192 
212 188 
212 324 
224 192 
212 212 
228 212 
240 224 
208 220 
212 224 
224 192 
452 236 
200 204 
224 212 
200 212 
216 212 
196 236 
196 208 
228 232 
212 212 
216 224 
188 232 
192 216 
200 196 
200 204 
204 212 
228 228 
216 196 
228 188 
212 276 
232 236 
236 196 
256 192 
208 208 
236 232 
236 256 
228 236 
232 228 
216 284 
732 372 
224 236 
232 228 
212 192 
228 228 
196 192 
192 224 
336 188 
228 228 
196 192 
232 188 
184 188 
232 188 
184 188 
192 232 
192 188 
228 232 
196 232 
228 656 
188 188 
208 236 
196 268 
232 232 
188 192 
192 196 
232 232 
212 228 
196 228 
212 216 
228 208 
208 240 
228 232 
380 192 
232 208 
212 204 
228 232 
208 208 
232 232 
208 188 
228 228 
208 212 
224 212 
208 204 
216 208 
208 204 
212 208 
232 228 
212 208 
212 232 
204 208 
208 232 
204 208 
232 232 
208 188 
228 204 
228 212 
196 188 
188 188 
192 232 
188 228 
212 188 
188 196 
192 192 
192 232 
196 188 
208 192 
192 188 
192 192 
