# ./FR-trace starting at Thu Mar 19 01:42:22 2020
################# CONFIG #################
# slot=5000
# samples=10000
# threshold=100
# idle=500
# minlen=500
# runs=10000
# pdathreads=2
# nmonitored=2
#   monitor0=../apps/openssl ecp_smpl.c:927 0x1e3e58
#   monitor1=../apps/openssl ecp_smpl.c:934 0x1e3af3
# nevicted=0
# npdatargets=2
#   target0=../apps/openssl bn_lib.c:514 0x102fb9
#   target1=../apps/openssl bn_lib.c:543 0x103025
# affinity=all
############## SYSTEM INFO ###############
# mastik_version=
# sysname=Linux
# nodename=lovelace
# release=5.3.7-arch1-1-ARCH
# version=#1 SMP PREEMPT Fri Oct 18 00:17:03 UTC 2019
# machine=x86_64
################## DATA ##################
# run=4824
# datapoints=1355
44 48 
212 216 
44 212 
40 48 
44 48 
232 212 
236 212 
232 208 
228 232 
184 232 
232 232 
232 236 
436 212 
236 212 
232 212 
212 208 
232 224 
236 208 
232 216 
228 236 
236 232 
228 228 
228 232 
44 44 
48 44 
44 44 
40 44 
252 204 
228 216 
228 228 
232 232 
232 232 
44 44 
236 216 
236 208 
236 236 
232 232 
228 44 
236 244 
236 232 
236 232 
444 232 
228 44 
236 216 
232 216 
232 216 
228 228 
228 44 
228 216 
232 212 
684 232 
232 232 
228 48 
232 216 
236 216 
232 232 
228 232 
232 48 
236 208 
232 552 
228 212 
236 228 
232 48 
236 216 
228 208 
228 216 
224 232 
228 44 
228 228 
232 208 
224 208 
232 228 
236 232 
232 228 
236 44 
228 236 
228 216 
232 232 
232 232 
224 48 
240 212 
228 212 
236 216 
228 236 
228 44 
236 216 
228 216 
228 232 
228 236 
228 48 
232 236 
232 212 
228 212 
232 232 
232 44 
232 216 
232 236 
224 232 
228 232 
232 48 
228 208 
232 236 
236 220 
228 232 
228 44 
232 208 
228 216 
236 212 
228 232 
228 44 
216 212 
228 208 
232 216 
232 232 
228 44 
232 228 
232 216 
232 216 
228 228 
212 48 
232 212 
236 224 
236 236 
232 240 
228 44 
224 228 
236 236 
224 232 
232 208 
236 44 
228 208 
236 212 
232 208 
232 228 
228 48 
236 208 
424 212 
236 212 
228 228 
228 48 
236 212 
232 212 
256 216 
232 228 
228 48 
712 204 
236 236 
236 236 
232 232 
228 44 
232 216 
236 228 
232 204 
228 228 
228 44 
232 216 
228 212 
232 216 
228 228 
232 44 
236 212 
232 248 
232 224 
228 232 
232 40 
232 236 
228 236 
244 216 
232 232 
228 48 
240 212 
236 236 
232 228 
228 228 
240 44 
240 216 
232 220 
224 232 
228 236 
228 44 
228 208 
236 212 
236 212 
232 232 
228 44 
228 216 
232 212 
240 240 
232 232 
236 44 
232 220 
232 228 
228 212 
228 208 
228 232 
236 100 
232 232 
228 232 
228 228 
232 236 
228 48 
236 216 
232 224 
228 232 
224 236 
208 44 
240 216 
228 208 
236 208 
228 232 
232 48 
236 216 
236 228 
232 212 
208 212 
232 232 
228 40 
232 236 
232 212 
236 212 
232 224 
228 40 
236 216 
232 232 
236 212 
232 232 
228 48 
232 208 
232 240 
236 236 
228 232 
484 44 
236 204 
236 212 
228 232 
228 228 
236 48 
236 240 
232 228 
228 232 
732 48 
228 240 
236 216 
232 232 
236 212 
232 228 
228 48 
236 216 
232 240 
228 560 
228 228 
232 48 
232 228 
232 240 
228 232 
232 232 
232 48 
240 232 
228 216 
232 236 
228 232 
232 44 
236 216 
236 212 
228 208 
232 232 
232 48 
228 228 
232 204 
232 208 
228 232 
232 48 
236 212 
232 236 
236 208 
232 228 
232 52 
236 212 
232 224 
228 208 
232 228 
228 52 
236 212 
232 216 
236 216 
228 228 
236 44 
236 212 
248 212 
228 232 
232 232 
228 40 
236 208 
236 212 
228 216 
232 228 
232 44 
236 216 
240 240 
236 236 
208 232 
228 48 
236 212 
224 212 
232 224 
228 232 
236 44 
232 216 
232 212 
208 232 
232 232 
228 44 
244 208 
232 208 
232 212 
232 224 
224 48 
252 276 
232 212 
228 212 
228 236 
232 40 
236 220 
236 240 
228 232 
232 232 
500 44 
232 216 
236 212 
232 212 
228 232 
232 48 
232 232 
236 240 
232 232 
720 236 
232 48 
228 216 
244 228 
236 236 
232 232 
228 44 
232 212 
232 228 
232 604 
232 228 
228 48 
240 212 
224 212 
248 216 
228 232 
232 236 
228 48 
240 220 
232 216 
236 240 
228 232 
228 48 
236 212 
228 208 
228 212 
228 240 
228 40 
236 204 
228 212 
232 208 
228 232 
236 48 
236 216 
236 212 
232 212 
228 228 
228 48 
232 212 
232 228 
236 236 
228 232 
228 44 
236 208 
228 212 
228 216 
228 232 
228 44 
236 216 
236 208 
232 212 
204 232 
232 48 
236 216 
228 216 
228 212 
228 232 
232 44 
236 252 
232 212 
212 212 
232 232 
228 44 
232 216 
236 236 
240 212 
228 236 
228 44 
228 212 
208 212 
236 212 
228 228 
228 44 
236 232 
232 212 
232 212 
228 232 
256 44 
232 216 
232 240 
228 216 
228 232 
232 232 
232 44 
228 212 
232 212 
500 232 
228 228 
228 44 
236 208 
236 224 
228 232 
228 232 
228 44 
228 204 
736 212 
236 228 
228 232 
240 48 
228 220 
228 232 
232 232 
228 236 
236 40 
232 592 
236 212 
232 228 
228 228 
228 44 
236 216 
232 212 
232 212 
228 232 
228 40 
232 212 
232 212 
232 208 
228 232 
228 236 
232 48 
236 216 
228 208 
228 232 
228 232 
232 40 
228 216 
236 212 
256 212 
228 228 
236 44 
232 212 
228 212 
232 216 
228 232 
224 48 
232 212 
236 208 
236 236 
232 232 
228 40 
236 216 
228 212 
268 208 
228 232 
224 48 
236 216 
208 208 
228 208 
228 232 
232 48 
236 240 
236 208 
232 232 
232 232 
224 48 
208 212 
268 212 
228 232 
232 236 
232 48 
236 232 
232 240 
240 236 
228 232 
208 44 
232 212 
228 236 
228 212 
228 228 
232 44 
228 212 
228 232 
300 212 
228 208 
228 44 
228 216 
228 232 
240 212 
236 236 
228 232 
228 44 
552 224 
232 216 
232 208 
228 236 
228 44 
232 216 
232 216 
228 204 
232 228 
228 448 
224 48 
228 216 
228 212 
232 236 
228 228 
228 44 
232 216 
240 212 
236 608 
228 232 
236 48 
240 208 
232 224 
232 236 
228 232 
228 48 
232 212 
232 232 
228 212 
232 228 
40 44 
232 212 
232 208 
264 232 
228 232 
228 44 
232 216 
232 208 
236 212 
228 228 
232 48 
236 224 
228 220 
252 212 
232 228 
232 48 
236 220 
228 216 
232 212 
232 228 
228 40 
232 216 
228 212 
228 208 
232 232 
232 40 
232 188 
228 232 
232 228 
232 52 
216 232 
208 196 
232 44 
40 232 
236 48 
232 232 
236 232 
188 48 
188 192 
224 44 
228 188 
236 44 
188 208 
228 40 
188 192 
192 40 
208 216 
204 236 
232 44 
208 196 
232 44 
232 232 
208 48 
188 228 
228 48 
236 192 
188 188 
228 44 
192 188 
220 48 
220 196 
208 44 
188 232 
228 44 
232 232 
536 192 
232 48 
208 228 
188 40 
192 192 
184 100 
188 44 
188 232 
192 48 
188 192 
212 40 
232 192 
212 48 
228 232 
192 44 
188 192 
192 44 
228 212 
200 48 
188 340 
208 44 
192 188 
196 208 
696 44 
192 188 
232 44 
204 228 
228 48 
188 192 
204 48 
232 232 
244 44 
980 212 
188 44 
192 212 
208 104 
236 44 
204 232 
216 44 
224 212 
232 44 
208 552 
204 188 
208 40 
232 224 
232 44 
208 232 
208 40 
236 212 
0 0 
0 0 
188 208 
232 192 
208 236 
40 44 
188 192 
228 52 
228 192 
188 228 
224 44 
232 232 
188 48 
216 232 
208 92 
228 44 
228 232 
228 44 
232 236 
252 44 
204 232 
208 196 
228 48 
228 208 
228 48 
204 196 
228 44 
228 192 
188 560 
224 40 
232 208 
228 44 
196 228 
228 44 
228 192 
196 272 
228 44 
232 232 
228 44 
228 232 
204 44 
188 192 
232 192 
44 40 
208 224 
220 44 
212 208 
204 48 
204 188 
212 192 
188 48 
188 224 
232 48 
228 224 
232 44 
188 208 
228 192 
208 48 
188 200 
192 44 
224 236 
192 44 
252 196 
232 40 
188 44 
228 736 
228 44 
212 228 
444 44 
236 240 
224 48 
192 192 
204 188 
192 44 
216 208 
188 44 
228 232 
208 212 
208 48 
228 212 
212 204 
144 40 
240 200 
188 204 
196 208 
236 212 
208 216 
192 44 
196 196 
200 200 
224 212 
232 240 
276 48 
300 232 
212 224 
236 236 
232 596 
236 44 
236 200 
188 196 
188 236 
188 232 
188 44 
212 212 
208 212 
232 216 
228 232 
208 228 
48 44 
216 196 
320 236 
188 232 
228 228 
232 44 
396 296 
208 300 
224 296 
228 228 
228 48 
196 204 
192 212 
228 212 
228 232 
228 44 
200 192 
212 196 
236 220 
192 192 
228 44 
232 208 
232 204 
196 208 
208 192 
228 44 
192 192 
188 196 
204 252 
216 212 
40 44 
224 208 
236 236 
220 188 
212 48 
224 204 
232 248 
236 212 
576 200 
188 48 
196 216 
208 192 
212 196 
212 196 
196 240 
228 228 
228 232 
212 228 
216 212 
196 220 
196 216 
204 192 
204 208 
216 208 
196 220 
212 292 
232 240 
204 208 
228 212 
236 212 
232 228 
232 208 
232 196 
196 196 
232 208 
228 672 
196 228 
228 228 
188 232 
228 320 
232 308 
228 216 
228 232 
320 260 
228 232 
232 192 
228 232 
196 196 
200 220 
200 196 
216 216 
228 236 
232 220 
304 192 
208 232 
228 244 
232 48 
236 208 
192 232 
232 212 
232 196 
232 224 
212 248 
236 280 
208 192 
208 236 
232 228 
228 232 
188 196 
232 232 
224 212 
432 256 
204 224 
240 252 
200 200 
208 216 
220 196 
224 196 
212 236 
188 232 
208 208 
212 224 
232 232 
232 232 
296 312 
196 196 
216 260 
216 208 
196 204 
212 192 
228 224 
212 240 
216 212 
232 228 
208 232 
192 360 
228 232 
192 208 
612 228 
228 208 
196 204 
232 228 
224 232 
192 232 
192 204 
228 212 
204 232 
228 456 
228 196 
204 232 
232 236 
228 232 
216 220 
224 272 
216 196 
228 208 
228 204 
232 316 
188 232 
228 192 
336 196 
196 232 
208 232 
352 268 
232 228 
196 224 
228 328 
192 200 
232 240 
212 236 
228 396 
312 248 
228 204 
228 192 
204 192 
232 428 
224 208 
228 232 
228 220 
208 232 
236 220 
232 208 
244 232 
244 236 
232 196 
196 216 
200 208 
228 232 
204 204 
224 228 
224 192 
228 232 
188 236 
228 216 
224 196 
228 192 
192 212 
228 208 
212 188 
192 192 
192 224 
188 232 
640 260 
216 212 
208 220 
228 220 
416 192 
212 204 
204 196 
228 236 
192 220 
228 224 
188 228 
236 224 
228 232 
208 192 
196 192 
208 228 
228 228 
192 232 
228 216 
192 204 
208 192 
188 228 
192 196 
188 212 
228 220 
232 196 
224 192 
228 228 
232 192 
188 224 
228 232 
204 224 
184 224 
188 196 
204 324 
188 220 
204 220 
228 232 
192 224 
232 232 
188 232 
212 1128 
500 196 
192 200 
228 228 
232 192 
196 212 
188 296 
204 204 
228 208 
408 312 
232 192 
228 200 
228 204 
188 192 
240 192 
200 212 
208 228 
188 304 
188 204 
284 192 
228 216 
188 200 
224 192 
192 276 
232 228 
208 444 
188 360 
336 356 
188 220 
216 204 
196 212 
204 204 
192 188 
192 216 
228 200 
208 212 
232 188 
204 192 
208 228 
196 312 
204 224 
232 660 
196 208 
204 348 
308 276 
232 232 
228 232 
208 216 
188 216 
188 236 
232 620 
232 192 
196 192 
192 196 
196 208 
192 196 
192 236 
188 232 
188 212 
208 220 
256 192 
228 232 
228 216 
192 216 
196 200 
196 192 
236 232 
188 232 
228 212 
192 228 
228 196 
228 324 
212 408 
192 192 
192 244 
188 192 
508 220 
212 196 
196 236 
228 232 
212 216 
196 216 
228 212 
188 220 
228 228 
204 196 
220 228 
192 308 
192 200 
228 236 
464 192 
192 212 
204 236 
232 244 
236 488 
228 232 
208 192 
208 212 
224 212 
212 212 
228 232 
208 200 
232 204 
188 196 
188 232 
228 232 
228 224 
228 228 
228 200 
208 208 
196 212 
232 232 
188 208 
592 276 
216 212 
264 328 
228 204 
192 228 
192 228 
196 216 
200 216 
204 228 
432 208 
228 196 
216 192 
232 208 
196 216 
188 212 
232 192 
232 220 
212 196 
212 228 
224 220 
208 228 
228 228 
196 204 
196 192 
204 204 
204 196 
188 236 
208 232 
228 212 
264 216 
224 212 
192 208 
236 200 
208 240 
192 204 
216 228 
276 248 
192 192 
196 200 
196 196 
232 192 
204 220 
224 196 
184 236 
192 224 
260 196 
192 188 
192 188 
212 208 
208 228 
192 212 
192 196 
192 196 
228 252 
324 232 
188 192 
216 196 
188 236 
192 196 
232 228 
224 240 
204 196 
192 208 
192 196 
236 216 
224 228 
188 232 
228 296 
208 208 
196 204 
208 216 
424 208 
200 192 
192 280 
228 192 
188 192 
228 192 
208 192 
188 196 
1072 232 
228 228 
188 232 
252 292 
220 196 
188 236 
200 308 
272 264 
512 208 
208 624 
188 188 
204 212 
216 196 
188 236 
224 192 
188 200 
192 192 
188 188 
192 208 
196 212 
332 224 
232 232 
212 224 
276 212 
196 192 
208 216 
224 196 
188 232 
192 196 
232 208 
188 212 
192 216 
188 228 
188 196 
188 200 
188 200 
204 196 
192 196 
220 192 
188 200 
212 212 
252 252 
188 192 
216 208 
200 200 
192 192 
188 196 
188 196 
212 192 
208 192 
196 196 
188 236 
236 232 
304 236 
192 288 
276 228 
196 232 
328 260 
192 200 
208 192 
188 208 
188 204 
200 192 
188 208 
208 224 
192 192 
196 328 
188 208 
200 192 
200 208 
204 192 
188 200 
196 208 
188 208 
200 196 
292 200 
512 204 
188 192 
212 224 
192 232 
208 212 
196 196 
228 208 
208 220 
192 192 
204 196 
204 200 
192 232 
188 200 
188 212 
208 232 
196 204 
236 284 
256 212 
232 192 
320 352 
208 232 
236 240 
244 252 
272 228 
264 232 
232 240 
196 232 
228 232 
228 200 
352 340 
192 236 
196 208 
192 224 
192 192 
220 188 
632 204 
216 208 
192 212 
188 192 
184 192 
216 208 
204 192 
188 200 
200 188 
228 196 
192 192 
188 192 
192 188 
208 208 
208 192 
228 196 
212 192 
192 188 
192 204 
196 196 
188 196 
248 192 
188 192 
192 220 
188 192 
212 200 
200 196 
192 208 
192 208 
196 200 
208 244 
508 200 
240 280 
200 232 
192 192 
208 208 
188 212 
208 192 
208 216 
188 192 
188 204 
232 204 
224 212 
188 196 
208 188 
192 212 
200 188 
188 196 
196 192 
232 196 
232 248 
