# ./FR-trace starting at Thu Mar 19 00:59:39 2020
################# CONFIG #################
# slot=5000
# samples=10000
# threshold=100
# idle=500
# minlen=500
# runs=10000
# pdathreads=2
# nmonitored=2
#   monitor0=../apps/openssl ecp_smpl.c:927 0x1e3e58
#   monitor1=../apps/openssl ecp_smpl.c:934 0x1e3af3
# nevicted=0
# npdatargets=2
#   target0=../apps/openssl bn_lib.c:514 0x102fb9
#   target1=../apps/openssl bn_lib.c:543 0x103025
# affinity=all
############## SYSTEM INFO ###############
# mastik_version=
# sysname=Linux
# nodename=lovelace
# release=5.3.7-arch1-1-ARCH
# version=#1 SMP PREEMPT Fri Oct 18 00:17:03 UTC 2019
# machine=x86_64
################## DATA ##################
# run=2445
# datapoints=1230
40 212 
36 36 
36 508 
36 36 
424 428 
456 424 
548 216 
240 580 
460 420 
456 432 
264 248 
432 432 
448 416 
224 212 
36 36 
36 40 
424 412 
244 440 
224 212 
480 60 
36 36 
492 456 
236 236 
236 40 
36 276 
452 436 
232 228 
224 116 
420 36 
436 416 
212 228 
240 248 
244 36 
416 420 
268 468 
216 36 
428 36 
264 236 
324 248 
444 44 
436 436 
228 248 
224 244 
436 36 
236 220 
264 236 
560 36 
236 208 
208 212 
576 32 
248 432 
348 328 
216 216 
436 36 
344 280 
256 228 
468 36 
456 516 
256 236 
228 220 
440 36 
416 428 
236 220 
220 44 
384 424 
424 224 
232 216 
256 48 
436 444 
232 252 
284 232 
420 36 
212 236 
244 272 
604 48 
436 432 
420 444 
216 236 
224 44 
424 444 
236 216 
216 212 
420 36 
456 244 
216 224 
212 224 
416 36 
548 472 
216 208 
216 228 
452 36 
440 424 
240 244 
236 44 
416 36 
220 252 
212 216 
448 36 
420 440 
224 216 
212 216 
416 36 
428 428 
260 228 
216 216 
424 36 
652 436 
248 212 
212 40 
436 36 
484 436 
260 260 
256 44 
436 524 
252 232 
348 252 
456 36 
440 460 
220 208 
212 208 
420 36 
424 416 
240 216 
256 44 
424 36 
428 432 
216 212 
260 228 
440 36 
436 412 
216 236 
256 172 
424 40 
232 212 
228 248 
456 36 
416 416 
216 220 
220 232 
340 36 
244 416 
228 212 
212 40 
428 36 
420 428 
240 204 
240 48 
448 420 
224 208 
256 216 
432 36 
508 468 
224 212 
220 288 
416 44 
220 236 
296 216 
504 36 
436 864 
212 212 
212 36 
224 412 
212 224 
236 208 
464 36 
436 872 
464 252 
256 232 
248 36 
460 440 
440 228 
240 248 
236 36 
440 428 
236 228 
256 232 
456 36 
452 436 
232 232 
236 252 
440 36 
436 432 
232 228 
264 252 
436 464 
228 236 
232 252 
252 40 
460 428 
256 252 
264 256 
252 36 
456 428 
260 232 
264 184 
468 40 
440 452 
228 248 
236 44 
440 436 
224 256 
240 248 
460 36 
440 432 
248 236 
260 40 
456 432 
460 252 
384 252 
252 44 
444 432 
232 248 
232 252 
256 44 
460 432 
260 256 
252 256 
860 36 
252 228 
256 232 
460 36 
460 436 
256 260 
252 248 
464 36 
464 436 
260 460 
228 40 
436 36 
228 228 
232 248 
432 36 
440 436 
256 252 
252 256 
452 36 
444 436 
256 232 
252 224 
460 36 
456 432 
220 252 
252 252 
416 36 
424 656 
228 248 
264 32 
460 432 
456 248 
256 216 
976 36 
432 436 
252 256 
256 40 
456 428 
252 208 
256 208 
460 36 
256 420 
252 248 
216 40 
420 420 
212 248 
256 40 
424 36 
416 420 
244 252 
232 40 
452 428 
256 252 
256 252 
416 36 
460 436 
252 212 
264 188 
464 36 
256 212 
240 212 
420 36 
464 436 
228 256 
228 44 
460 36 
216 252 
212 252 
456 328 
436 412 
252 216 
216 44 
416 36 
420 436 
252 248 
256 36 
424 36 
220 252 
260 228 
256 32 
456 428 
256 208 
204 40 
460 432 
456 440 
252 256 
220 44 
456 436 
212 212 
256 256 
460 36 
420 416 
260 252 
252 252 
460 36 
760 432 
236 248 
224 44 
456 432 
256 232 
256 252 
460 36 
456 436 
236 252 
252 40 
432 436 
252 232 
252 236 
248 968 
456 436 
256 232 
256 100 
452 36 
456 644 
252 248 
252 44 
456 440 
460 252 
252 256 
252 40 
456 440 
252 248 
252 252 
252 36 
460 436 
452 428 
260 252 
248 48 
252 44 
248 244 
260 248 
264 968 
460 432 
264 252 
248 256 
456 36 
248 444 
248 248 
256 40 
452 432 
256 252 
260 248 
460 36 
460 432 
252 244 
252 252 
556 36 
460 436 
256 248 
256 204 
456 36 
252 228 
252 248 
456 36 
452 436 
232 252 
256 260 
260 312 
460 444 
260 248 
260 40 
248 236 
252 256 
256 252 
468 36 
456 432 
248 256 
252 252 
456 36 
452 432 
252 252 
256 252 
240 40 
436 428 
256 228 
256 252 
456 36 
256 436 
256 260 
244 36 
456 440 
548 432 
256 228 
260 252 
460 36 
460 436 
256 260 
248 44 
460 452 
456 432 
660 252 
248 40 
460 440 
456 428 
260 252 
252 44 
456 436 
460 432 
260 252 
252 44 
464 456 
456 432 
256 260 
252 40 
464 36 
452 432 
256 256 
256 44 
460 612 
256 248 
252 252 
256 32 
456 436 
252 256 
260 192 
456 36 
460 248 
260 260 
256 40 
456 436 
252 252 
260 256 
460 36 
464 436 
256 252 
256 40 
344 432 
252 260 
256 252 
460 36 
456 428 
256 252 
248 44 
456 244 
248 260 
256 252 
464 36 
464 432 
256 256 
252 256 
464 36 
452 432 
260 248 
256 248 
456 36 
452 432 
256 252 
256 256 
456 36 
456 440 
232 244 
252 44 
456 436 
252 256 
256 252 
456 36 
456 436 
256 256 
260 260 
460 36 
464 428 
252 252 
260 180 
456 36 
460 436 
260 252 
248 252 
460 36 
432 432 
256 252 
252 44 
464 36 
464 440 
248 256 
260 44 
452 436 
476 252 
252 228 
456 36 
248 432 
252 260 
252 260 
456 36 
252 260 
252 248 
944 36 
456 432 
264 252 
244 40 
464 440 
456 432 
252 256 
260 44 
456 36 
920 436 
252 252 
256 256 
456 36 
456 432 
248 256 
256 260 
464 36 
256 428 
252 752 
256 52 
456 432 
248 256 
256 256 
252 44 
456 432 
460 248 
252 256 
256 40 
460 440 
260 252 
260 252 
464 36 
456 432 
260 248 
252 260 
452 36 
452 436 
256 252 
248 36 
456 436 
456 436 
256 252 
264 44 
456 436 
252 252 
252 252 
256 964 
456 436 
256 252 
252 48 
456 436 
256 252 
256 256 
460 36 
460 436 
260 256 
248 40 
460 436 
464 252 
256 252 
232 40 
456 436 
256 252 
260 256 
452 36 
456 432 
260 248 
260 40 
452 436 
436 432 
248 256 
260 40 
464 440 
452 432 
260 256 
260 48 
456 436 
460 436 
256 228 
248 248 
460 36 
460 428 
260 248 
248 44 
456 436 
244 256 
452 252 
248 236 
888 436 
464 252 
260 252 
252 32 
456 432 
252 252 
256 252 
576 36 
456 436 
256 248 
252 260 
456 36 
460 428 
260 252 
252 248 
460 36 
972 436 
256 256 
256 264 
460 36 
252 256 
256 252 
260 32 
460 432 
256 256 
260 740 
460 36 
456 432 
252 252 
248 252 
536 36 
460 436 
252 252 
252 40 
460 432 
460 436 
256 256 
256 40 
456 436 
456 436 
252 244 
252 40 
460 436 
252 252 
256 252 
460 36 
252 436 
260 252 
248 252 
344 36 
460 432 
256 256 
256 40 
460 432 
252 256 
260 248 
456 36 
252 252 
260 252 
456 36 
460 432 
256 248 
260 168 
432 36 
436 432 
256 252 
252 256 
436 36 
460 436 
256 256 
256 44 
456 432 
468 248 
232 252 
232 44 
456 436 
436 436 
232 252 
252 48 
440 436 
436 436 
232 248 
248 36 
440 444 
456 436 
252 260 
252 36 
452 36 
460 440 
256 260 
236 228 
456 36 
440 436 
496 236 
228 44 
432 436 
244 240 
256 248 
464 36 
452 436 
232 232 
248 252 
664 36 
452 432 
256 248 
252 248 
456 36 
460 436 
256 256 
256 252 
460 36 
436 540 
228 232 
232 40 
420 36 
252 212 
264 212 
460 36 
420 436 
208 256 
212 44 
420 436 
216 252 
260 248 
424 36 
420 420 
256 220 
252 40 
348 432 
456 432 
248 252 
252 40 
460 428 
252 252 
260 252 
456 36 
460 472 
252 256 
256 252 
460 36 
456 432 
228 244 
216 260 
248 252 
364 244 
208 208 
268 252 
252 248 
416 248 
232 404 
256 220 
236 212 
204 208 
252 664 
240 416 
440 412 
420 420 
452 436 
260 432 
252 256 
208 252 
216 408 
208 248 
256 212 
252 432 
260 252 
252 216 
252 212 
252 248 
256 256 
260 248 
236 232 
256 256 
248 252 
456 448 
456 432 
464 436 
460 436 
460 436 
260 252 
232 252 
252 256 
252 272 
272 296 
248 352 
252 248 
256 248 
260 252 
504 248 
260 228 
268 252 
264 252 
268 256 
256 260 
256 252 
252 252 
456 436 
764 428 
248 248 
252 252 
252 248 
216 224 
256 476 
248 252 
248 256 
208 248 
220 256 
224 232 
212 208 
256 208 
252 216 
248 212 
252 208 
232 212 
248 224 
232 376 
216 252 
208 240 
256 212 
248 224 
256 320 
228 244 
204 252 
232 252 
260 232 
256 228 
264 220 
252 244 
256 256 
252 260 
228 236 
256 256 
260 228 
236 252 
236 248 
248 204 
236 236 
232 328 
264 260 
256 228 
244 252 
244 228 
256 240 
232 252 
232 256 
228 248 
224 248 
228 248 
216 236 
252 252 
236 256 
232 248 
256 232 
260 224 
252 240 
256 244 
252 240 
232 244 
260 228 
260 248 
256 228 
228 252 
232 252 
232 228 
236 236 
236 256 
224 232 
212 248 
228 252 
252 212 
248 240 
228 236 
252 260 
212 240 
284 220 
228 260 
256 220 
252 264 
252 240 
252 260 
256 260 
252 228 
256 264 
528 256 
252 244 
256 256 
260 260 
256 256 
208 252 
232 248 
252 260 
256 248 
740 252 
268 260 
252 248 
256 256 
256 256 
248 252 
256 248 
264 256 
252 256 
260 540 
256 260 
260 248 
260 256 
252 244 
252 248 
256 256 
252 260 
256 248 
232 252 
236 252 
248 232 
252 228 
252 232 
244 228 
236 232 
232 252 
260 260 
252 252 
240 240 
252 232 
256 228 
224 212 
244 216 
228 332 
220 216 
212 252 
208 208 
232 244 
232 256 
236 208 
236 252 
732 220 
248 252 
252 252 
244 252 
252 252 
212 252 
216 248 
212 212 
212 212 
208 208 
232 216 
260 212 
260 248 
252 232 
208 248 
232 212 
252 248 
252 208 
212 248 
252 228 
224 228 
252 220 
252 204 
252 208 
216 212 
232 248 
212 248 
212 740 
212 224 
252 212 
252 212 
256 216 
216 212 
212 228 
256 208 
200 248 
216 228 
256 204 
212 228 
216 232 
216 232 
216 220 
216 216 
252 252 
248 256 
268 244 
260 232 
220 248 
224 256 
248 228 
252 252 
224 248 
232 260 
236 228 
232 400 
208 332 
256 232 
252 248 
244 216 
220 228 
248 208 
228 236 
232 216 
252 608 
228 248 
252 224 
224 252 
256 248 
248 256 
224 248 
248 248 
256 252 
232 252 
264 232 
260 252 
252 252 
252 248 
228 248 
252 252 
236 260 
220 264 
252 252 
256 228 
208 208 
208 204 
212 224 
228 256 
212 252 
244 204 
204 216 
212 456 
256 248 
232 204 
252 248 
252 220 
252 208 
256 240 
224 236 
252 224 
240 232 
220 216 
208 212 
344 236 
228 248 
208 484 
232 236 
236 208 
212 248 
252 364 
224 228 
248 252 
208 224 
228 228 
232 232 
228 244 
232 248 
252 240 
232 208 
252 232 
212 232 
248 232 
248 228 
256 220 
232 236 
260 248 
256 248 
236 228 
236 228 
232 248 
228 228 
232 232 
340 256 
208 208 
248 244 
212 224 
252 248 
248 216 
512 252 
208 224 
212 252 
212 252 
248 252 
248 248 
268 228 
224 244 
540 228 
232 224 
232 232 
224 236 
224 224 
232 236 
244 224 
236 252 
208 212 
304 248 
224 212 
216 236 
228 252 
224 248 
248 224 
220 252 
252 228 
252 248 
248 224 
256 244 
228 208 
248 236 
268 212 
240 208 
224 208 
212 232 
208 252 
212 252 
212 252 
224 208 
248 208 
264 232 
248 224 
208 244 
232 252 
220 224 
240 248 
216 252 
252 232 
252 256 
248 212 
256 208 
216 248 
240 252 
224 244 
244 244 
252 244 
252 252 
264 252 
264 248 
364 320 
276 248 
252 248 
252 248 
256 252 
224 224 
244 248 
252 248 
248 248 
212 224 
228 240 
244 236 
256 228 
248 224 
228 252 
228 228 
232 252 
232 256 
236 248 
232 236 
236 212 
224 248 
252 260 
228 232 
232 248 
224 248 
228 248 
236 248 
228 248 
228 248 
248 248 
344 244 
252 224 
252 224 
268 248 
252 252 
256 252 
228 252 
260 224 
232 212 
600 268 
224 208 
212 252 
252 204 
220 208 
224 244 
220 244 
256 228 
256 208 
256 716 
208 248 
256 248 
256 248 
232 440 
228 256 
220 224 
216 248 
256 260 
208 216 
208 264 
252 432 
244 244 
232 252 
324 236 
252 208 
224 208 
252 20044 
0 0 
0 0 
0 0 
0 0 
232 388 
252 220 
208 376 
208 208 
256 244 
244 248 
252 256 
228 232 
256 256 
256 252 
264 264 
260 252 
220 252 
236 252 
216 244 
232 256 
228 232 
232 248 
256 260 
256 264 
224 216 
232 252 
252 248 
212 248 
244 248 
252 212 
212 228 
248 216 
232 204 
228 240 
252 256 
248 256 
256 244 
252 252 
260 256 
248 248 
248 252 
248 252 
256 248 
248 260 
264 252 
