# ./FR-trace starting at Thu Mar 19 02:20:55 2020
################# CONFIG #################
# slot=5000
# samples=10000
# threshold=100
# idle=500
# minlen=500
# runs=10000
# pdathreads=2
# nmonitored=2
#   monitor0=../apps/openssl ecp_smpl.c:927 0x1e3e58
#   monitor1=../apps/openssl ecp_smpl.c:934 0x1e3af3
# nevicted=0
# npdatargets=2
#   target0=../apps/openssl bn_lib.c:514 0x102fb9
#   target1=../apps/openssl bn_lib.c:543 0x103025
# affinity=all
############## SYSTEM INFO ###############
# mastik_version=
# sysname=Linux
# nodename=lovelace
# release=5.3.7-arch1-1-ARCH
# version=#1 SMP PREEMPT Fri Oct 18 00:17:03 UTC 2019
# machine=x86_64
################## DATA ##################
# run=6954
# datapoints=956
36 232 
44 164 
40 40 
240 232 
440 420 
644 236 
236 208 
48 36 
232 240 
236 240 
44 44 
228 196 
108 212 
40 32 
228 208 
208 40 
196 220 
220 208 
236 40 
264 200 
444 44 
240 228 
240 40 
236 484 
236 224 
232 36 
224 328 
412 48 
244 188 
232 40 
244 212 
212 40 
236 232 
232 216 
252 44 
232 232 
200 36 
236 236 
236 52 
236 236 
216 240 
280 44 
248 220 
412 36 
200 220 
232 40 
204 228 
208 192 
240 44 
232 236 
248 36 
200 192 
236 44 
228 240 
204 44 
192 36 
188 244 
240 36 
192 244 
240 44 
240 244 
408 240 
224 40 
212 220 
848 36 
240 232 
236 40 
208 236 
216 212 
448 40 
244 236 
232 40 
200 232 
244 224 
236 36 
200 232 
196 556 
292 232 
232 48 
232 232 
204 212 
232 48 
200 240 
240 32 
208 212 
200 44 
240 232 
236 72 
240 36 
204 228 
444 36 
200 232 
236 48 
212 248 
248 208 
212 40 
224 232 
240 36 
212 240 
232 40 
236 40 
240 216 
420 36 
240 208 
208 44 
212 236 
192 248 
240 48 
244 236 
548 40 
220 232 
228 40 
236 208 
232 36 
236 196 
208 192 
232 44 
240 232 
228 36 
240 212 
208 200 
196 40 
188 216 
304 36 
232 232 
240 52 
200 236 
192 164 
232 36 
204 224 
244 48 
204 216 
232 40 
208 212 
200 92 
236 44 
220 212 
420 40 
236 200 
212 40 
236 240 
244 236 
240 40 
232 236 
240 564 
244 208 
232 36 
212 240 
200 244 
408 40 
244 212 
216 44 
240 236 
192 232 
240 40 
220 240 
424 44 
236 216 
240 40 
424 220 
208 228 
204 44 
220 236 
228 40 
244 212 
236 44 
244 196 
240 236 
236 36 
216 220 
212 44 
240 192 
240 40 
240 188 
208 236 
236 40 
236 212 
456 32 
216 208 
200 136 
244 48 
236 240 
236 40 
232 236 
208 40 
200 196 
204 40 
196 216 
196 340 
236 40 
236 212 
436 36 
244 236 
212 44 
244 232 
192 208 
232 40 
216 232 
420 36 
232 200 
192 44 
212 236 
236 240 
220 40 
704 236 
556 36 
228 232 
204 36 
236 192 
240 36 
196 40 
224 216 
248 40 
208 556 
236 48 
224 192 
216 40 
256 236 
232 232 
240 40 
236 236 
220 36 
240 192 
208 44 
212 232 
240 196 
244 36 
240 200 
444 44 
216 232 
240 40 
240 232 
232 36 
200 216 
220 236 
220 44 
244 212 
232 36 
232 236 
232 40 
236 212 
248 220 
232 40 
236 212 
236 48 
236 236 
220 40 
236 36 
236 236 
416 36 
212 220 
200 40 
196 220 
204 204 
232 36 
220 232 
212 40 
196 196 
236 232 
192 40 
232 244 
416 44 
240 204 
232 48 
224 220 
240 232 
236 36 
244 236 
220 32 
236 220 
196 36 
196 220 
244 236 
220 44 
208 236 
416 36 
200 212 
240 44 
228 216 
220 236 
192 52 
248 200 
436 44 
232 236 
196 44 
232 212 
224 200 
240 44 
192 220 
404 44 
640 480 
196 40 
236 208 
200 200 
192 40 
224 208 
196 40 
236 212 
208 44 
244 220 
212 232 
420 36 
220 236 
232 40 
220 192 
196 204 
212 40 
236 232 
244 40 
216 212 
236 40 
240 212 
236 40 
244 236 
216 236 
416 36 
184 224 
232 40 
240 232 
208 40 
232 232 
200 196 
240 36 
212 244 
232 32 
240 196 
236 48 
564 216 
192 236 
244 36 
236 236 
240 40 
212 232 
236 40 
240 232 
244 40 
200 212 
192 196 
196 40 
244 236 
228 40 
240 232 
236 256 
240 36 
232 236 
572 40 
240 200 
220 40 
232 208 
324 48 
216 44 
236 264 
448 40 
240 236 
240 44 
212 192 
228 232 
192 40 
204 236 
192 36 
196 236 
200 44 
240 232 
244 244 
212 40 
196 236 
240 236 
208 240 
192 116 
236 40 
240 232 
248 36 
240 228 
232 44 
240 232 
212 44 
204 44 
236 200 
444 48 
216 208 
236 36 
216 232 
236 164 
236 36 
240 192 
952 36 
208 244 
188 40 
224 236 
192 216 
196 40 
236 232 
408 36 
216 232 
220 40 
244 236 
232 236 
196 40 
220 212 
236 556 
208 212 
236 40 
196 216 
236 196 
700 44 
192 192 
400 36 
236 224 
200 40 
192 236 
228 40 
196 208 
232 244 
232 40 
220 212 
440 240 
212 200 
216 40 
232 232 
240 236 
236 40 
228 216 
256 36 
236 236 
236 40 
240 240 
244 236 
236 44 
208 232 
444 40 
240 200 
240 44 
236 196 
240 212 
236 40 
196 236 
444 44 
240 232 
240 40 
212 192 
196 196 
196 40 
240 284 
240 36 
208 296 
216 44 
244 228 
236 96 
236 40 
208 232 
192 40 
196 236 
196 40 
212 232 
232 196 
244 36 
208 192 
196 240 
196 200 
208 232 
200 192 
196 224 
232 208 
264 232 
188 228 
232 264 
196 212 
224 208 
200 196 
208 228 
196 236 
212 208 
204 192 
200 192 
220 204 
216 228 
236 204 
232 200 
232 196 
236 236 
700 204 
192 236 
236 232 
232 420 
196 240 
232 236 
236 216 
192 232 
188 240 
232 228 
240 248 
240 236 
228 224 
240 396 
592 408 
232 404 
240 336 
212 236 
200 236 
236 232 
240 236 
240 244 
236 196 
252 236 
244 220 
192 236 
240 236 
236 236 
216 236 
228 196 
196 224 
224 200 
216 236 
232 188 
232 188 
192 236 
236 232 
228 188 
196 212 
204 192 
228 232 
216 228 
204 236 
192 188 
236 220 
212 232 
236 236 
240 220 
236 276 
380 196 
236 372 
196 228 
200 212 
220 196 
196 236 
200 196 
248 236 
232 244 
240 240 
268 232 
220 240 
196 232 
196 236 
240 200 
236 200 
236 204 
232 224 
216 212 
236 248 
232 216 
244 192 
188 212 
232 236 
236 208 
192 184 
188 220 
196 232 
232 192 
212 192 
208 192 
240 236 
240 232 
484 196 
232 236 
240 236 
204 216 
720 232 
212 240 
192 188 
196 232 
196 228 
204 200 
236 236 
208 208 
204 196 
192 216 
236 188 
244 192 
244 192 
228 220 
228 232 
240 248 
192 192 
192 236 
196 232 
196 216 
196 236 
200 224 
232 208 
244 240 
200 236 
188 232 
188 228 
236 212 
192 236 
236 216 
236 212 
236 216 
232 196 
208 216 
196 196 
212 188 
232 200 
236 236 
224 236 
196 240 
240 240 
236 232 
244 240 
240 228 
240 200 
220 232 
216 240 
232 240 
236 236 
244 204 
248 188 
244 220 
240 212 
244 224 
232 216 
204 192 
208 240 
240 204 
220 204 
240 516 
220 208 
236 212 
208 240 
232 232 
236 240 
236 192 
240 208 
192 236 
712 188 
208 224 
216 244 
220 196 
212 232 
192 216 
204 228 
212 192 
200 208 
228 192 
188 212 
188 212 
204 208 
216 228 
336 192 
212 196 
228 200 
192 220 
492 232 
228 216 
204 208 
228 292 
200 236 
240 276 
204 200 
648 212 
248 200 
196 236 
204 220 
196 196 
308 216 
236 236 
208 196 
216 212 
196 196 
228 328 
220 352 
196 232 
228 232 
240 232 
200 236 
236 192 
196 212 
232 208 
212 196 
216 404 
240 212 
192 236 
216 228 
192 208 
228 216 
212 208 
208 236 
196 204 
200 200 
188 192 
220 192 
196 196 
232 196 
204 232 
236 220 
216 196 
200 196 
236 188 
196 196 
200 200 
196 212 
192 212 
188 240 
216 220 
220 196 
196 212 
204 232 
192 204 
240 232 
212 196 
212 244 
216 192 
240 328 
212 268 
212 196 
220 256 
204 224 
232 236 
244 236 
236 232 
236 192 
732 232 
240 228 
244 228 
208 232 
232 236 
220 196 
240 192 
192 232 
212 232 
212 212 
196 212 
216 216 
220 208 
236 232 
212 216 
264 264 
192 188 
224 212 
236 224 
232 212 
192 196 
192 212 
208 196 
244 192 
208 188 
228 228 
212 192 
244 208 
212 220 
232 332 
216 188 
212 208 
208 232 
192 280 
212 336 
192 220 
232 192 
212 212 
196 216 
188 192 
196 240 
204 188 
236 188 
200 236 
228 464 
240 188 
208 208 
312 248 
212 192 
192 204 
208 200 
232 232 
196 228 
192 212 
192 196 
220 216 
188 212 
220 188 
212 192 
212 208 
200 188 
184 192 
256 200 
232 204 
192 196 
216 228 
252 248 
204 192 
212 204 
232 208 
236 224 
208 192 
188 188 
212 192 
192 192 
188 208 
192 192 
192 208 
192 232 
200 228 
220 212 
232 200 
208 192 
212 188 
200 196 
200 220 
220 244 
200 192 
208 196 
200 216 
424 200 
232 200 
196 200 
196 196 
212 208 
200 232 
196 192 
488 208 
220 232 
236 192 
216 208 
240 192 
208 188 
200 224 
192 196 
240 208 
232 228 
196 192 
228 200 
212 224 
224 192 
196 220 
196 188 
204 188 
236 228 
236 232 
188 232 
212 208 
208 268 
236 228 
192 200 
480 196 
200 220 
192 188 
208 208 
200 192 
192 244 
228 192 
188 304 
212 392 
248 228 
224 264 
228 204 
192 196 
204 192 
196 236 
188 208 
244 220 
196 192 
244 208 
232 212 
196 208 
196 212 
236 260 
396 200 
232 232 
204 220 
232 208 
192 236 
204 188 
196 408 
228 204 
192 204 
188 192 
236 240 
232 196 
224 212 
304 220 
188 200 
212 300 
196 192 
196 188 
232 232 
192 228 
208 208 
240 272 
212 232 
240 216 
232 200 
192 188 
232 220 
192 252 
232 360 
188 208 
196 200 
244 204 
188 200 
192 248 
220 196 
192 504 
320 196 
228 188 
188 216 
240 196 
220 200 
192 188 
208 192 
208 188 
208 240 
248 216 
296 212 
460 208 
216 232 
196 196 
204 208 
228 264 
216 244 
212 252 
192 208 
188 188 
212 192 
188 232 
220 308 
196 196 
192 660 
192 192 
216 236 
192 192 
192 248 
200 200 
200 192 
236 200 
208 192 
216 212 
232 192 
208 228 
344 192 
204 216 
216 416 
236 192 
224 208 
192 248 
304 328 
312 196 
224 208 
204 204 
188 208 
216 240 
200 200 
212 228 
248 200 
288 244 
216 200 
196 212 
220 200 
