# ./FR-trace starting at Thu Mar 19 02:42:06 2020
################# CONFIG #################
# slot=5000
# samples=10000
# threshold=100
# idle=500
# minlen=500
# runs=10000
# pdathreads=2
# nmonitored=2
#   monitor0=../apps/openssl ecp_smpl.c:927 0x1e3e58
#   monitor1=../apps/openssl ecp_smpl.c:934 0x1e3af3
# nevicted=0
# npdatargets=2
#   target0=../apps/openssl bn_lib.c:514 0x102fb9
#   target1=../apps/openssl bn_lib.c:543 0x103025
# affinity=all
############## SYSTEM INFO ###############
# mastik_version=
# sysname=Linux
# nodename=lovelace
# release=5.3.7-arch1-1-ARCH
# version=#1 SMP PREEMPT Fri Oct 18 00:17:03 UTC 2019
# machine=x86_64
################## DATA ##################
# run=8116
# datapoints=1122
48 52 
212 344 
0 0 
0 0 
0 0 
0 0 
0 0 
0 0 
0 0 
0 0 
0 0 
0 0 
0 0 
0 0 
0 0 
0 0 
0 0 
0 0 
0 0 
0 0 
0 0 
0 0 
0 0 
0 0 
0 0 
0 0 
0 0 
0 0 
0 0 
0 0 
0 0 
0 0 
0 0 
0 0 
0 0 
0 0 
0 0 
0 0 
208 236 
232 220 
228 44 
192 196 
220 192 
236 224 
228 200 
44 40 
396 196 
204 236 
244 248 
284 316 
300 332 
200 48 
232 212 
196 216 
228 232 
224 208 
228 44 
224 236 
192 200 
200 204 
220 232 
196 40 
208 208 
236 240 
220 200 
188 216 
228 252 
208 52 
228 208 
228 192 
188 208 
232 212 
40 44 
196 200 
232 188 
188 216 
208 200 
224 232 
232 40 
216 192 
188 208 
228 232 
188 196 
208 44 
232 216 
200 228 
192 196 
232 196 
248 44 
236 196 
472 208 
220 200 
192 228 
228 44 
232 208 
296 192 
208 212 
208 232 
44 44 
228 220 
216 252 
212 252 
228 228 
232 44 
232 236 
236 228 
224 192 
228 208 
208 48 
232 208 
212 212 
228 212 
228 232 
228 232 
192 44 
216 216 
192 204 
272 200 
192 232 
232 44 
228 260 
212 208 
232 212 
232 212 
200 44 
212 212 
208 200 
188 208 
240 216 
0 0 
0 0 
0 0 
0 0 
0 0 
0 0 
204 232 
188 44 
376 248 
224 204 
44 192 
188 48 
204 216 
232 204 
232 248 
40 44 
208 208 
228 220 
224 192 
228 212 
208 232 
216 48 
208 212 
208 212 
216 208 
228 232 
212 40 
196 220 
220 196 
716 196 
228 228 
228 208 
228 44 
236 212 
192 200 
232 212 
232 232 
44 40 
236 208 
212 284 
236 208 
196 220 
196 48 
236 244 
212 192 
196 232 
204 192 
228 196 
228 44 
232 212 
192 228 
264 224 
336 208 
192 204 
236 44 
232 216 
220 208 
208 208 
192 232 
216 48 
248 216 
236 216 
192 196 
224 208 
228 48 
296 256 
236 212 
228 292 
212 228 
44 52 
196 192 
200 200 
232 232 
224 188 
208 44 
232 236 
312 316 
336 212 
212 200 
196 40 
232 208 
188 204 
236 212 
356 220 
204 192 
196 44 
332 232 
304 196 
228 712 
192 188 
252 44 
192 236 
192 216 
188 232 
204 204 
224 44 
192 212 
312 272 
228 228 
196 240 
220 192 
232 648 
40 48 
236 204 
228 192 
220 196 
224 196 
216 44 
228 204 
228 232 
220 232 
196 224 
204 192 
212 48 
232 224 
188 236 
236 192 
228 208 
212 44 
228 236 
232 208 
216 216 
228 228 
228 44 
196 188 
188 208 
224 212 
224 228 
228 44 
212 200 
316 192 
236 216 
200 224 
212 224 
44 44 
228 192 
228 220 
240 236 
204 216 
212 48 
208 252 
228 208 
188 208 
228 228 
208 48 
228 192 
212 288 
228 284 
320 288 
208 44 
208 212 
236 204 
236 212 
208 200 
192 200 
192 44 
188 192 
216 200 
232 232 
192 228 
236 44 
192 212 
220 224 
228 220 
268 240 
44 48 
244 240 
200 196 
220 216 
196 188 
212 44 
196 200 
232 208 
232 216 
236 228 
212 216 
228 40 
236 228 
544 224 
196 240 
228 208 
224 48 
236 256 
196 232 
196 252 
280 232 
232 44 
228 200 
208 224 
220 240 
232 232 
212 40 
232 212 
236 212 
232 236 
220 200 
48 44 
228 192 
228 212 
232 244 
228 196 
228 48 
192 232 
220 196 
196 196 
188 232 
228 52 
260 236 
228 196 
208 228 
340 264 
188 232 
208 44 
192 208 
236 220 
232 252 
228 228 
228 40 
208 236 
208 256 
216 328 
252 236 
40 40 
192 192 
216 228 
216 216 
192 212 
188 232 
220 44 
216 220 
224 196 
228 204 
192 196 
192 48 
228 204 
220 228 
212 200 
228 224 
320 44 
204 236 
236 324 
232 196 
188 232 
196 44 
192 216 
236 196 
228 236 
188 192 
44 48 
188 196 
240 196 
232 208 
228 232 
228 44 
188 212 
196 216 
236 236 
192 232 
200 44 
196 216 
212 212 
212 208 
212 212 
208 48 
208 684 
208 212 
232 212 
300 232 
204 44 
192 188 
192 216 
284 192 
192 196 
212 44 
196 272 
240 208 
192 216 
196 192 
496 188 
188 236 
40 44 
208 328 
232 196 
192 324 
196 192 
232 48 
188 200 
240 200 
280 212 
220 264 
200 48 
208 196 
232 196 
232 260 
200 200 
212 192 
204 44 
192 196 
236 196 
232 312 
192 236 
220 44 
192 196 
204 208 
196 192 
192 200 
208 200 
188 44 
208 220 
196 200 
220 212 
232 352 
44 48 
288 284 
232 236 
208 492 
236 208 
204 48 
416 272 
252 228 
456 224 
352 232 
196 44 
284 248 
188 192 
204 208 
188 208 
188 44 
192 208 
196 192 
196 200 
188 196 
44 44 
188 204 
192 224 
216 196 
192 192 
188 196 
192 48 
408 236 
212 236 
244 248 
200 192 
208 44 
192 200 
192 224 
200 200 
224 204 
212 192 
192 48 
224 200 
196 196 
200 192 
192 192 
236 52 
268 228 
244 200 
308 424 
292 236 
252 44 
220 216 
212 224 
216 208 
208 256 
40 40 
212 212 
196 220 
216 200 
188 212 
212 48 
196 204 
208 296 
232 192 
192 196 
208 228 
200 56 
200 204 
244 200 
208 192 
224 184 
228 48 
200 188 
188 204 
204 220 
196 196 
224 44 
192 192 
196 208 
200 196 
188 200 
232 428 
200 216 
44 44 
200 212 
188 212 
224 196 
196 220 
204 44 
200 196 
196 204 
220 220 
212 212 
200 44 
192 48 
196 240 
188 200 
200 212 
188 192 
188 44 
288 272 
320 236 
344 232 
236 192 
304 44 
264 232 
304 300 
264 328 
212 232 
44 48 
312 212 
300 232 
192 192 
324 348 
244 48 
188 236 
196 296 
192 204 
192 212 
208 188 
240 44 
192 200 
236 572 
192 196 
196 204 
192 44 
196 232 
232 196 
208 228 
208 332 
188 48 
212 228 
200 196 
188 196 
196 192 
192 44 
212 192 
296 240 
188 212 
212 196 
188 212 
48 52 
208 220 
228 192 
196 204 
192 196 
192 48 
196 228 
192 192 
264 200 
236 264 
520 44 
232 260 
200 196 
216 356 
188 340 
232 212 
228 204 
212 196 
200 192 
228 328 
216 204 
192 196 
224 240 
296 308 
196 196 
196 224 
192 200 
204 196 
188 200 
320 232 
232 296 
204 320 
256 196 
196 256 
228 264 
184 192 
196 228 
224 212 
216 200 
196 220 
192 204 
216 216 
188 44 
192 200 
232 332 
288 192 
288 208 
192 212 
196 196 
208 216 
220 204 
228 212 
192 204 
200 192 
228 192 
292 248 
236 236 
208 236 
196 236 
244 272 
392 204 
208 188 
192 192 
204 188 
188 192 
192 208 
236 192 
220 216 
236 300 
216 216 
220 200 
208 196 
196 204 
204 220 
196 208 
200 196 
232 204 
204 276 
264 244 
200 224 
192 224 
188 188 
192 192 
188 208 
192 196 
252 212 
208 224 
192 188 
188 204 
196 196 
204 204 
196 196 
280 208 
208 232 
384 236 
260 268 
232 220 
188 248 
208 660 
332 236 
188 196 
204 248 
212 192 
188 196 
352 204 
196 188 
188 188 
228 188 
188 244 
200 192 
660 252 
316 336 
196 264 
380 312 
192 196 
200 228 
212 192 
196 216 
212 224 
192 256 
532 228 
340 228 
216 216 
228 224 
304 240 
228 212 
232 236 
188 196 
188 220 
284 196 
192 200 
212 216 
188 216 
204 400 
192 192 
196 208 
224 256 
232 248 
252 232 
212 204 
204 196 
216 200 
188 200 
204 284 
188 192 
192 196 
192 196 
188 192 
204 240 
196 228 
192 220 
188 208 
200 200 
208 188 
192 232 
188 188 
196 220 
204 216 
192 212 
200 192 
196 196 
196 196 
248 260 
208 256 
232 188 
364 228 
188 260 
208 224 
208 196 
196 244 
256 236 
228 196 
196 208 
208 192 
228 220 
196 224 
252 232 
188 236 
228 224 
300 224 
204 192 
204 236 
280 240 
188 308 
196 376 
304 232 
212 192 
264 328 
236 264 
248 240 
208 256 
204 192 
248 276 
192 204 
192 192 
252 208 
268 212 
188 192 
192 196 
192 188 
240 220 
256 200 
216 208 
200 204 
188 192 
196 304 
192 196 
200 192 
264 220 
228 244 
228 188 
188 236 
192 272 
312 232 
288 644 
196 196 
212 232 
192 208 
188 224 
196 224 
296 232 
228 196 
188 208 
188 196 
192 192 
188 188 
208 204 
192 204 
192 192 
228 640 
560 496 
188 208 
204 212 
196 204 
196 192 
228 260 
188 232 
284 196 
220 228 
208 212 
208 272 
216 308 
256 280 
224 588 
260 216 
208 208 
208 212 
228 232 
200 192 
208 192 
192 232 
248 236 
192 192 
192 192 
188 192 
188 192 
188 300 
192 204 
224 224 
188 208 
220 232 
196 204 
196 296 
228 232 
192 196 
292 232 
192 212 
232 188 
188 328 
236 196 
204 492 
204 204 
192 228 
204 196 
316 292 
292 220 
212 228 
204 232 
284 204 
192 228 
220 200 
188 232 
272 348 
228 284 
244 232 
188 196 
232 188 
220 200 
188 192 
504 244 
188 316 
188 196 
208 192 
192 212 
204 192 
188 196 
196 216 
200 196 
528 192 
196 196 
188 224 
192 204 
228 188 
224 192 
192 204 
196 308 
196 248 
196 380 
196 204 
252 204 
192 216 
196 204 
192 212 
204 200 
192 252 
188 212 
220 616 
204 248 
244 232 
208 320 
232 232 
256 232 
248 248 
312 292 
528 252 
320 204 
192 212 
188 212 
216 232 
196 200 
260 224 
260 248 
216 232 
192 192 
192 192 
188 204 
192 200 
276 268 
244 404 
232 260 
204 328 
216 200 
248 232 
300 232 
228 244 
268 192 
308 256 
252 200 
224 208 
232 192 
212 188 
188 208 
192 196 
188 208 
204 208 
224 200 
212 192 
692 356 
236 416 
196 192 
204 292 
356 196 
320 244 
220 228 
308 320 
252 260 
208 208 
192 268 
192 256 
196 196 
204 208 
192 192 
228 204 
220 196 
204 196 
192 244 
228 228 
196 196 
208 196 
232 196 
200 192 
192 188 
188 260 
192 192 
188 192 
232 236 
188 224 
224 208 
280 288 
288 208 
188 308 
196 232 
208 224 
212 664 
216 232 
208 212 
220 200 
188 216 
196 196 
236 196 
200 196 
196 188 
204 208 
204 200 
192 212 
228 196 
196 204 
192 204 
192 216 
196 228 
192 192 
184 192 
192 196 
192 188 
192 208 
224 196 
196 236 
192 216 
188 212 
228 308 
228 192 
192 268 
196 212 
200 192 
192 196 
188 208 
208 196 
188 224 
208 196 
192 192 
244 248 
300 236 
236 240 
188 192 
200 200 
188 212 
212 256 
208 204 
204 196 
236 248 
196 192 
192 204 
232 228 
236 232 
196 208 
192 204 
208 196 
188 196 
208 216 
204 192 
188 264 
188 188 
212 188 
228 192 
200 192 
188 192 
272 240 
240 308 
236 240 
284 228 
188 204 
284 196 
336 328 
236 188 
208 188 
288 220 
300 320 
216 196 
232 196 
188 196 
188 232 
232 232 
232 192 
200 204 
220 188 
340 368 
216 200 
212 192 
192 192 
364 244 
200 196 
192 188 
304 236 
224 192 
192 192 
196 192 
188 288 
192 232 
556 220 
208 228 
232 272 
216 236 
260 304 
272 272 
228 416 
312 232 
228 232 
188 196 
200 196 
196 212 
268 272 
212 216 
192 212 
188 208 
208 192 
208 480 
196 200 
204 208 
200 192 
192 196 
188 192 
208 196 
208 200 
204 200 
316 252 
220 208 
188 188 
240 336 
316 260 
208 188 
268 224 
204 192 
204 204 
212 192 
192 204 
220 296 
232 252 
280 188 
300 188 
204 228 
320 252 
188 248 
228 196 
204 268 
252 232 
192 192 
200 192 
204 196 
192 192 
196 196 
204 192 
216 188 
184 188 
