# ./FR-trace starting at Thu Mar 19 02:14:18 2020
################# CONFIG #################
# slot=5000
# samples=10000
# threshold=100
# idle=500
# minlen=500
# runs=10000
# pdathreads=2
# nmonitored=2
#   monitor0=../apps/openssl ecp_smpl.c:927 0x1e3e58
#   monitor1=../apps/openssl ecp_smpl.c:934 0x1e3af3
# nevicted=0
# npdatargets=2
#   target0=../apps/openssl bn_lib.c:514 0x102fb9
#   target1=../apps/openssl bn_lib.c:543 0x103025
# affinity=all
############## SYSTEM INFO ###############
# mastik_version=
# sysname=Linux
# nodename=lovelace
# release=5.3.7-arch1-1-ARCH
# version=#1 SMP PREEMPT Fri Oct 18 00:17:03 UTC 2019
# machine=x86_64
################## DATA ##################
# run=6573
# datapoints=1258
36 32 
580 512 
0 0 
36 44 
432 428 
428 436 
236 240 
232 172 
436 228 
440 352 
456 440 
424 428 
420 432 
456 460 
252 212 
920 36 
36 36 
36 32 
452 428 
240 236 
220 228 
36 44 
444 436 
240 220 
252 248 
40 40 
300 444 
216 232 
216 216 
420 36 
432 432 
220 240 
528 228 
440 36 
432 436 
228 236 
216 236 
440 44 
432 420 
220 216 
256 216 
412 36 
484 516 
216 216 
232 296 
540 36 
512 440 
224 588 
668 240 
412 36 
424 420 
216 216 
212 212 
988 36 
456 420 
296 252 
212 40 
416 40 
228 220 
232 256 
352 44 
468 440 
236 240 
264 256 
588 36 
412 420 
260 228 
228 48 
412 424 
236 236 
256 244 
324 32 
464 440 
280 296 
228 252 
552 40 
416 440 
216 260 
224 264 
412 36 
416 420 
216 224 
208 36 
456 444 
444 416 
320 236 
236 44 
452 36 
220 216 
228 252 
212 48 
420 420 
416 244 
220 220 
652 36 
416 420 
224 216 
228 216 
416 36 
416 428 
216 216 
212 44 
916 420 
420 428 
248 224 
220 40 
436 436 
452 420 
276 228 
240 36 
420 420 
216 216 
224 260 
424 36 
552 536 
212 228 
212 224 
432 36 
208 208 
256 236 
240 280 
496 36 
432 424 
212 252 
216 232 
432 36 
416 428 
232 260 
244 344 
520 36 
448 432 
256 344 
268 44 
432 536 
432 252 
220 232 
212 40 
428 416 
232 220 
216 268 
452 36 
256 292 
252 300 
512 36 
412 440 
248 272 
212 72 
464 36 
412 420 
216 280 
288 44 
432 420 
268 504 
216 228 
232 36 
440 240 
468 224 
296 252 
220 36 
560 524 
336 320 
240 212 
240 48 
420 536 
256 220 
212 100 
400 36 
252 428 
708 236 
224 44 
320 420 
452 448 
232 276 
248 40 
264 456 
232 236 
244 236 
420 252 
408 428 
256 216 
216 228 
460 36 
452 420 
292 240 
252 216 
452 36 
296 256 
232 232 
240 280 
416 36 
256 416 
212 224 
236 44 
408 440 
244 224 
240 344 
216 40 
260 460 
332 240 
228 332 
484 36 
432 436 
228 240 
228 252 
540 36 
456 444 
212 332 
252 236 
420 36 
420 424 
228 220 
208 40 
420 424 
260 224 
212 216 
224 36 
416 424 
220 220 
216 220 
212 36 
428 516 
260 216 
208 44 
424 448 
416 416 
208 220 
212 40 
424 440 
416 428 
216 220 
216 48 
416 416 
248 216 
216 228 
420 36 
432 432 
700 244 
236 224 
552 36 
436 440 
240 308 
220 36 
416 224 
224 224 
232 236 
564 36 
224 212 
216 228 
232 220 
420 36 
420 460 
220 232 
228 40 
424 588 
432 432 
232 216 
236 108 
416 36 
440 424 
256 244 
252 184 
420 36 
412 440 
228 216 
244 44 
428 440 
236 444 
216 216 
416 36 
428 436 
244 216 
212 220 
420 36 
228 220 
228 216 
412 36 
420 420 
240 408 
236 40 
440 36 
420 420 
208 228 
220 40 
424 428 
452 416 
248 224 
212 44 
444 424 
232 284 
252 216 
304 32 
416 436 
212 220 
224 216 
220 44 
432 428 
248 212 
224 224 
420 36 
424 424 
212 224 
216 224 
412 36 
448 800 
224 220 
216 260 
416 44 
480 440 
212 216 
252 216 
212 40 
428 772 
456 456 
256 352 
208 40 
448 424 
240 432 
208 236 
208 44 
440 416 
208 216 
216 216 
280 992 
416 428 
240 248 
216 216 
464 36 
236 436 
400 248 
216 216 
412 36 
416 440 
212 220 
252 284 
416 36 
516 464 
212 220 
280 48 
676 444 
416 440 
236 244 
224 260 
444 36 
304 272 
260 376 
464 36 
252 456 
356 356 
680 112 
584 36 
252 416 
224 216 
216 40 
452 36 
240 432 
220 236 
212 44 
412 448 
236 460 
252 260 
212 36 
448 424 
208 216 
224 224 
428 36 
248 224 
224 220 
220 44 
428 456 
420 436 
220 216 
216 44 
432 420 
416 436 
252 344 
272 36 
448 420 
248 212 
296 260 
460 36 
560 460 
276 276 
256 48 
528 36 
212 280 
212 236 
452 36 
240 444 
224 220 
232 44 
412 424 
212 248 
212 256 
424 36 
412 220 
220 240 
232 40 
424 444 
228 220 
216 224 
424 36 
428 436 
208 220 
212 232 
420 36 
432 448 
228 224 
216 244 
420 36 
416 424 
220 232 
240 40 
424 428 
236 224 
216 216 
216 604 
416 544 
236 212 
260 216 
416 36 
464 484 
348 240 
256 220 
456 36 
428 424 
216 212 
216 220 
208 32 
252 240 
240 420 
236 256 
456 36 
416 420 
212 224 
232 40 
380 440 
216 260 
248 332 
408 36 
444 464 
236 216 
212 216 
416 36 
452 492 
256 224 
692 40 
444 36 
420 424 
240 236 
240 40 
412 456 
432 420 
248 256 
216 40 
408 424 
412 824 
224 216 
228 44 
440 424 
420 440 
232 220 
224 40 
428 440 
220 280 
216 44 
408 448 
240 444 
252 256 
252 40 
416 472 
212 340 
208 44 
416 36 
416 420 
220 216 
260 212 
568 36 
432 508 
236 224 
248 44 
416 440 
644 228 
220 216 
428 36 
308 432 
236 260 
212 228 
416 36 
452 556 
208 216 
236 220 
416 36 
420 424 
260 212 
240 40 
436 420 
252 224 
236 244 
224 40 
468 440 
224 244 
236 240 
436 36 
428 536 
532 540 
252 228 
240 36 
424 420 
212 224 
220 248 
232 40 
456 532 
212 216 
732 44 
416 444 
420 424 
244 224 
220 44 
416 424 
236 228 
216 216 
216 32 
484 420 
308 260 
248 344 
452 36 
316 216 
212 448 
524 36 
436 444 
228 240 
232 40 
436 444 
476 440 
212 216 
216 224 
436 36 
216 232 
212 216 
456 36 
448 420 
236 236 
232 44 
428 436 
232 224 
216 228 
244 36 
244 428 
212 216 
244 216 
416 36 
412 416 
216 220 
216 48 
412 420 
212 240 
220 236 
420 36 
416 436 
216 220 
212 40 
432 416 
436 736 
228 236 
244 44 
452 440 
456 444 
304 260 
252 44 
472 556 
236 216 
312 240 
416 36 
224 228 
204 224 
216 32 
416 420 
240 440 
240 220 
604 44 
420 440 
256 216 
244 228 
420 36 
416 432 
260 236 
768 44 
408 476 
420 420 
216 220 
232 40 
424 436 
436 444 
240 236 
268 48 
224 432 
448 424 
232 224 
208 40 
432 424 
228 220 
220 40 
416 428 
216 220 
216 244 
448 36 
460 460 
232 276 
208 224 
452 36 
444 232 
216 236 
228 32 
300 428 
216 216 
260 236 
412 36 
416 436 
256 244 
236 256 
456 36 
452 436 
252 260 
252 164 
456 36 
452 432 
244 240 
252 256 
452 920 
456 440 
252 260 
252 260 
456 36 
456 444 
524 260 
256 224 
456 36 
452 440 
256 256 
252 260 
252 36 
452 440 
256 256 
760 44 
452 448 
452 436 
252 256 
252 256 
344 36 
456 444 
252 256 
256 260 
696 36 
448 436 
252 260 
256 40 
456 36 
460 440 
256 256 
252 40 
460 436 
248 256 
252 264 
456 36 
452 436 
256 256 
260 148 
316 36 
452 436 
252 256 
248 260 
456 36 
452 436 
248 256 
244 40 
452 436 
452 432 
252 260 
248 40 
456 952 
452 432 
256 260 
256 40 
456 444 
452 436 
256 260 
256 240 
456 36 
452 440 
252 256 
256 260 
472 36 
452 436 
256 256 
236 40 
456 36 
456 436 
260 256 
248 40 
456 440 
456 436 
256 260 
248 40 
252 440 
456 440 
252 264 
260 44 
456 444 
456 432 
256 264 
248 40 
456 444 
432 440 
252 256 
244 44 
456 444 
528 256 
256 256 
252 40 
456 436 
304 260 
252 236 
924 36 
452 440 
460 444 
260 260 
252 36 
456 440 
256 256 
540 252 
456 36 
456 444 
256 256 
256 252 
456 36 
452 440 
252 236 
252 256 
944 36 
456 436 
248 240 
252 252 
452 36 
448 440 
252 232 
248 216 
252 240 
248 668 
224 232 
256 228 
212 208 
216 228 
244 348 
228 220 
248 256 
252 256 
248 220 
248 36 
452 436 
452 440 
452 440 
460 432 
808 436 
456 444 
248 440 
252 256 
248 260 
256 252 
252 260 
248 256 
248 256 
256 260 
256 256 
256 260 
252 260 
252 256 
252 252 
252 264 
252 256 
248 260 
248 436 
460 436 
248 252 
256 240 
456 436 
256 256 
252 252 
252 252 
224 236 
232 252 
260 244 
248 260 
256 260 
256 264 
256 256 
256 256 
260 260 
252 260 
236 256 
260 256 
252 256 
256 256 
452 432 
452 432 
464 444 
256 256 
236 256 
232 236 
248 256 
228 228 
256 252 
252 256 
252 252 
236 256 
248 276 
312 252 
260 228 
208 216 
252 252 
212 256 
236 256 
252 260 
304 216 
248 256 
568 212 
212 260 
252 248 
208 260 
208 212 
252 252 
252 256 
252 256 
256 264 
256 392 
252 272 
256 260 
256 260 
252 252 
260 264 
252 256 
252 268 
240 252 
264 644 
268 256 
232 256 
232 252 
240 260 
260 236 
248 256 
212 228 
260 256 
260 256 
232 260 
260 252 
256 256 
268 252 
236 256 
260 248 
264 252 
260 256 
256 264 
248 228 
252 252 
252 248 
260 260 
248 256 
232 236 
268 256 
244 232 
236 256 
256 256 
256 256 
252 212 
248 252 
260 264 
216 236 
252 1092 
252 264 
248 216 
252 256 
252 256 
244 256 
232 260 
252 256 
228 256 
256 256 
252 260 
252 252 
248 264 
232 260 
264 260 
256 252 
260 256 
240 252 
256 252 
248 256 
248 264 
256 268 
256 260 
256 256 
260 260 
284 268 
260 240 
252 252 
252 260 
260 260 
252 260 
264 256 
252 264 
252 256 
336 260 
252 244 
260 260 
252 256 
252 252 
256 264 
248 256 
260 256 
256 252 
560 260 
252 260 
256 256 
256 256 
256 256 
252 252 
252 256 
256 252 
252 220 
208 232 
272 232 
248 256 
256 252 
220 256 
248 256 
252 268 
236 268 
252 236 
256 640 
252 256 
252 260 
264 252 
252 260 
216 256 
256 252 
248 236 
256 252 
212 260 
252 248 
248 244 
244 236 
248 256 
208 260 
248 236 
248 236 
248 252 
264 256 
248 236 
248 260 
252 252 
252 256 
252 240 
220 260 
248 256 
252 252 
232 252 
248 256 
228 252 
244 256 
252 212 
256 252 
256 252 
236 236 
208 252 
252 232 
212 256 
236 212 
252 236 
248 252 
632 236 
224 232 
256 216 
252 276 
228 256 
252 232 
252 248 
256 248 
264 232 
256 252 
284 240 
252 268 
216 236 
204 244 
228 216 
228 252 
252 228 
292 220 
212 260 
312 240 
232 212 
252 240 
216 232 
248 228 
252 260 
248 256 
252 252 
368 276 
252 220 
256 228 
232 256 
212 240 
344 256 
248 252 
252 252 
256 256 
620 564 
256 256 
248 260 
248 256 
256 260 
256 260 
264 252 
208 220 
256 228 
228 256 
252 256 
296 256 
264 252 
248 212 
268 240 
232 208 
228 212 
248 252 
244 704 
248 264 
224 256 
216 248 
248 260 
224 256 
252 252 
252 224 
244 232 
232 216 
260 252 
248 208 
248 212 
244 216 
216 260 
252 228 
208 228 
212 248 
208 232 
260 256 
228 236 
208 212 
204 212 
260 248 
232 256 
252 264 
236 248 
264 224 
248 248 
244 244 
228 248 
248 252 
252 224 
232 256 
252 256 
248 260 
256 256 
208 236 
228 232 
232 224 
248 252 
248 248 
248 340 
360 220 
252 228 
232 236 
352 216 
252 256 
220 220 
256 256 
224 260 
232 232 
208 252 
248 268 
252 268 
252 256 
232 220 
248 256 
248 268 
240 768 
240 260 
208 256 
252 256 
336 216 
216 228 
208 248 
212 256 
248 264 
376 220 
252 228 
252 256 
216 256 
200 252 
248 240 
216 256 
216 212 
352 240 
656 252 
252 260 
248 236 
216 220 
248 256 
232 256 
260 252 
248 256 
252 260 
228 224 
252 252 
252 260 
248 256 
232 260 
268 252 
248 240 
240 252 
252 256 
252 700 
220 208 
248 252 
252 256 
256 252 
252 256 
248 264 
248 256 
244 260 
228 252 
248 252 
248 264 
248 260 
248 252 
224 256 
228 244 
244 252 
248 256 
264 252 
236 252 
248 468 
248 256 
252 256 
260 256 
248 216 
248 252 
256 256 
248 256 
248 252 
248 252 
248 260 
256 248 
252 256 
256 252 
252 228 
248 252 
248 252 
252 256 
248 252 
220 256 
248 256 
252 252 
240 252 
240 252 
252 260 
248 252 
260 252 
248 236 
248 256 
252 252 
452 240 
208 248 
248 260 
248 256 
256 260 
204 252 
248 260 
252 252 
264 256 
260 468 
236 260 
256 252 
220 228 
252 252 
244 240 
236 212 
252 272 
252 260 
420 256 
248 328 
252 256 
208 244 
252 252 
244 256 
248 248 
308 232 
208 236 
660 268 
248 264 
240 260 
224 260 
248 264 
224 252 
248 212 
256 252 
248 252 
228 472 
252 236 
252 256 
248 232 
252 208 
228 256 
228 256 
208 216 
232 220 
256 728 
248 224 
228 256 
260 256 
228 256 
252 264 
260 260 
252 256 
248 260 
268 248 
240 256 
228 260 
248 268 
248 256 
244 260 
260 256 
256 264 
256 260 
252 252 
236 728 
0 0 
0 0 
0 0 
248 252 
232 216 
252 256 
216 212 
212 232 
216 244 
248 304 
256 252 
200 212 
392 220 
252 212 
248 264 
252 252 
