# ./FR-trace starting at Thu Mar 19 03:09:09 2020
################# CONFIG #################
# slot=5000
# samples=10000
# threshold=100
# idle=500
# minlen=500
# runs=10000
# pdathreads=2
# nmonitored=2
#   monitor0=../apps/openssl ecp_smpl.c:927 0x1e3e58
#   monitor1=../apps/openssl ecp_smpl.c:934 0x1e3af3
# nevicted=0
# npdatargets=2
#   target0=../apps/openssl bn_lib.c:514 0x102fb9
#   target1=../apps/openssl bn_lib.c:543 0x103025
# affinity=all
############## SYSTEM INFO ###############
# mastik_version=
# sysname=Linux
# nodename=lovelace
# release=5.3.7-arch1-1-ARCH
# version=#1 SMP PREEMPT Fri Oct 18 00:17:03 UTC 2019
# machine=x86_64
################## DATA ##################
# run=9631
# datapoints=1232
88 288 
36 36 
36 492 
36 36 
40 40 
592 432 
236 228 
248 1000 
452 444 
412 444 
456 436 
460 256 
332 416 
468 240 
32 36 
36 36 
36 36 
412 420 
212 212 
256 324 
228 40 
416 36 
432 436 
640 672 
212 48 
456 444 
452 440 
256 208 
224 40 
416 436 
484 468 
348 212 
264 492 
448 36 
228 256 
232 256 
452 36 
436 416 
240 212 
260 224 
452 36 
448 432 
260 248 
248 216 
416 36 
216 236 
212 256 
232 32 
428 432 
460 252 
256 248 
212 36 
456 428 
260 256 
240 252 
456 36 
456 412 
216 240 
260 40 
460 44 
256 432 
256 232 
232 256 
460 36 
448 420 
260 252 
256 40 
448 436 
232 240 
248 200 
484 36 
444 432 
248 256 
244 40 
436 452 
432 436 
248 236 
248 52 
456 444 
248 232 
260 284 
440 36 
452 436 
260 252 
252 256 
420 40 
216 252 
256 484 
436 36 
228 252 
252 44 
556 436 
220 336 
264 236 
452 40 
460 420 
236 228 
212 236 
412 36 
448 432 
240 232 
208 40 
432 416 
452 436 
256 216 
240 40 
460 440 
216 264 
248 256 
460 36 
456 432 
232 224 
256 40 
692 36 
252 252 
240 232 
456 44 
440 248 
700 216 
232 48 
440 436 
456 220 
232 252 
236 48 
412 452 
248 220 
256 216 
448 36 
240 436 
260 256 
252 256 
456 36 
456 436 
244 236 
252 220 
456 36 
252 412 
252 248 
220 232 
432 36 
412 436 
252 252 
248 32 
452 36 
444 444 
256 248 
256 248 
456 40 
260 436 
252 252 
236 40 
204 436 
420 260 
268 212 
448 36 
252 420 
228 252 
216 44 
440 36 
432 436 
216 252 
220 188 
420 36 
432 436 
252 240 
248 44 
432 432 
252 436 
236 220 
260 36 
452 432 
256 212 
256 220 
420 36 
456 436 
224 256 
236 40 
440 448 
236 228 
244 252 
260 32 
432 436 
212 220 
252 248 
460 36 
436 432 
228 256 
236 244 
976 36 
244 428 
236 256 
216 256 
428 36 
456 436 
252 248 
208 40 
456 36 
252 212 
236 212 
252 36 
452 432 
248 252 
232 40 
456 444 
336 212 
264 212 
456 36 
432 432 
216 228 
220 40 
436 440 
216 248 
252 260 
452 36 
452 440 
236 256 
252 44 
432 412 
252 248 
212 212 
960 36 
452 436 
248 524 
212 268 
456 40 
432 428 
260 248 
252 156 
340 580 
452 436 
252 212 
260 232 
420 36 
456 428 
248 252 
248 200 
444 36 
236 228 
236 236 
452 236 
432 436 
252 248 
224 40 
544 36 
460 432 
252 216 
256 212 
412 36 
416 420 
256 224 
212 44 
460 432 
444 428 
252 248 
260 44 
432 432 
260 232 
260 252 
428 36 
252 420 
264 228 
252 40 
416 416 
252 260 
264 204 
948 36 
252 436 
212 208 
212 40 
240 336 
460 408 
256 256 
208 44 
296 432 
440 436 
252 236 
252 40 
436 452 
212 216 
216 252 
416 36 
836 436 
236 252 
212 252 
456 36 
452 428 
236 252 
248 48 
416 428 
236 232 
272 260 
444 36 
532 436 
264 248 
256 252 
468 36 
420 432 
456 304 
248 248 
512 236 
416 416 
212 252 
248 304 
456 40 
228 216 
216 252 
456 40 
456 436 
720 256 
252 252 
456 36 
460 432 
264 252 
264 44 
244 436 
264 256 
256 252 
436 36 
456 412 
220 252 
212 44 
416 520 
416 432 
268 208 
220 40 
432 432 
256 260 
232 232 
608 36 
436 436 
252 256 
212 224 
420 36 
460 212 
236 248 
212 40 
456 432 
252 564 
256 252 
212 36 
460 344 
260 212 
232 228 
452 308 
456 416 
216 252 
264 64 
456 36 
456 412 
260 208 
256 248 
248 240 
436 436 
236 228 
248 44 
208 420 
416 416 
256 232 
220 44 
512 36 
456 412 
252 232 
248 196 
456 36 
460 420 
252 256 
244 32 
460 432 
232 232 
248 212 
432 44 
452 436 
264 256 
252 40 
440 432 
216 212 
252 580 
604 36 
236 416 
256 256 
216 44 
420 436 
460 224 
208 252 
252 40 
436 436 
252 232 
216 212 
420 36 
444 428 
228 252 
256 36 
452 36 
456 436 
256 252 
232 48 
432 416 
256 256 
232 252 
456 36 
452 428 
232 252 
248 40 
812 36 
440 416 
232 228 
228 40 
456 444 
252 540 
236 256 
456 36 
436 440 
256 604 
260 40 
440 436 
456 436 
248 236 
208 48 
464 432 
252 252 
252 264 
312 36 
256 724 
228 248 
432 36 
460 436 
220 252 
256 44 
416 436 
248 248 
252 256 
460 36 
452 432 
260 232 
252 40 
452 412 
224 260 
228 256 
416 36 
452 520 
216 260 
228 256 
420 576 
252 248 
220 212 
436 36 
252 240 
260 228 
260 248 
452 36 
456 432 
264 232 
240 96 
448 36 
448 444 
252 252 
216 40 
416 444 
220 252 
216 216 
984 36 
416 412 
248 268 
228 228 
432 36 
436 440 
240 208 
256 44 
456 440 
252 244 
236 248 
248 36 
436 436 
256 256 
260 252 
492 36 
244 232 
244 232 
484 36 
464 428 
236 236 
260 236 
464 36 
452 436 
248 256 
212 228 
460 40 
452 432 
252 252 
732 40 
416 36 
252 240 
220 232 
216 40 
460 432 
256 216 
220 212 
456 36 
864 412 
220 256 
248 40 
416 432 
456 432 
428 252 
256 40 
452 420 
224 248 
260 624 
428 36 
460 440 
232 252 
236 40 
432 416 
276 252 
256 216 
436 336 
428 772 
260 216 
256 252 
432 36 
452 460 
216 252 
248 40 
456 436 
252 248 
228 256 
416 36 
452 432 
252 212 
240 260 
416 36 
432 428 
256 252 
248 44 
452 448 
256 252 
208 236 
544 36 
420 420 
256 256 
260 40 
460 436 
456 436 
256 248 
264 44 
436 436 
252 252 
216 248 
448 36 
308 228 
216 236 
256 40 
456 432 
216 236 
252 40 
428 444 
212 256 
240 232 
460 36 
456 436 
260 248 
252 232 
424 36 
236 208 
212 240 
468 36 
748 436 
256 216 
252 252 
428 936 
436 436 
236 240 
256 212 
456 36 
452 432 
300 244 
224 36 
432 412 
248 228 
248 252 
544 36 
456 436 
216 248 
220 248 
472 36 
432 440 
264 248 
208 36 
460 420 
216 256 
212 228 
460 36 
432 432 
228 416 
252 40 
436 436 
236 252 
236 112 
436 36 
432 444 
252 252 
220 36 
444 432 
224 256 
228 36 
436 432 
216 256 
232 256 
432 36 
440 252 
248 248 
260 44 
908 432 
256 224 
228 256 
456 36 
416 448 
256 256 
256 232 
432 36 
240 440 
256 260 
240 88 
240 576 
252 420 
248 212 
236 40 
436 436 
256 232 
256 260 
452 36 
416 432 
264 228 
236 40 
456 432 
452 436 
260 236 
212 40 
456 440 
216 256 
248 212 
248 240 
236 256 
256 252 
252 36 
420 432 
252 248 
288 40 
436 432 
260 252 
256 260 
452 36 
460 252 
236 252 
232 36 
452 456 
232 248 
252 224 
308 36 
456 436 
252 260 
272 252 
428 36 
452 428 
252 256 
216 44 
416 36 
308 428 
320 312 
252 40 
208 228 
220 228 
252 192 
468 36 
456 432 
232 240 
220 48 
440 416 
220 252 
240 204 
452 36 
224 216 
212 220 
468 36 
240 436 
252 216 
220 40 
212 228 
260 248 
452 36 
456 432 
220 252 
252 252 
456 36 
436 244 
260 252 
212 164 
460 36 
436 472 
240 276 
220 252 
460 36 
416 432 
260 220 
256 36 
456 432 
252 256 
252 252 
456 36 
432 440 
256 256 
220 40 
416 432 
340 308 
252 256 
432 36 
464 436 
216 212 
212 432 
208 224 
232 224 
228 252 
212 240 
272 236 
216 228 
216 252 
216 208 
248 296 
232 248 
212 208 
212 208 
452 44 
248 432 
208 216 
456 436 
412 416 
412 432 
228 248 
252 228 
232 228 
256 256 
228 252 
280 264 
252 252 
260 256 
232 208 
212 252 
556 216 
212 228 
216 252 
212 252 
248 208 
208 332 
436 456 
244 428 
220 248 
416 412 
436 436 
232 252 
284 248 
328 336 
260 264 
264 252 
236 252 
216 252 
212 216 
256 212 
220 212 
212 248 
220 252 
260 216 
236 256 
276 1140 
460 432 
248 252 
208 248 
208 208 
216 212 
480 212 
208 284 
248 228 
208 232 
236 260 
228 208 
256 252 
468 488 
252 248 
228 268 
248 212 
220 252 
252 216 
220 208 
256 256 
248 240 
220 204 
216 240 
252 212 
252 252 
232 256 
256 348 
260 252 
248 220 
232 300 
264 224 
224 216 
256 256 
252 252 
268 252 
264 252 
252 356 
316 204 
228 232 
244 248 
248 208 
200 348 
216 212 
232 212 
288 252 
260 224 
212 236 
208 208 
244 316 
272 228 
352 212 
216 268 
228 248 
208 204 
212 232 
252 216 
248 228 
232 252 
244 224 
220 232 
524 248 
220 228 
252 252 
248 256 
284 236 
232 252 
256 240 
248 248 
236 248 
244 256 
260 252 
260 216 
228 228 
236 220 
212 248 
272 256 
252 248 
220 256 
232 216 
220 252 
228 232 
272 212 
368 212 
220 300 
520 256 
244 240 
248 248 
220 232 
268 248 
260 228 
264 228 
328 232 
256 344 
228 216 
224 220 
244 252 
224 224 
260 252 
248 248 
232 216 
256 236 
252 208 
236 252 
236 252 
240 252 
220 252 
256 244 
256 232 
212 232 
212 212 
268 256 
244 260 
252 252 
228 240 
252 680 
256 252 
248 212 
252 228 
252 212 
212 256 
216 252 
232 228 
252 248 
260 252 
256 216 
252 248 
252 212 
208 256 
220 252 
208 256 
256 212 
256 248 
232 264 
240 232 
240 244 
216 220 
212 260 
216 252 
208 236 
228 256 
220 228 
244 228 
256 284 
232 248 
276 228 
232 216 
220 216 
232 248 
224 232 
240 252 
252 216 
624 232 
224 212 
232 252 
248 212 
224 252 
232 212 
260 216 
228 208 
216 252 
260 264 
332 252 
212 212 
268 236 
248 212 
316 252 
216 236 
216 276 
248 228 
216 520 
208 220 
276 212 
236 248 
212 224 
256 228 
260 216 
228 212 
220 220 
236 240 
212 220 
228 232 
208 228 
244 252 
232 216 
220 344 
212 224 
208 244 
252 396 
256 228 
216 208 
212 220 
220 284 
228 216 
216 212 
216 216 
248 208 
244 224 
332 220 
232 252 
228 212 
220 216 
216 228 
272 204 
216 228 
232 212 
232 668 
248 252 
272 236 
248 216 
256 244 
248 208 
212 276 
204 216 
216 220 
264 208 
260 236 
228 228 
228 236 
248 248 
232 208 
248 252 
252 212 
212 244 
260 256 
252 248 
244 252 
224 224 
236 208 
228 208 
228 260 
212 224 
248 208 
252 252 
240 220 
244 248 
252 244 
228 252 
252 252 
208 216 
240 216 
208 212 
248 216 
216 208 
252 276 
232 220 
252 248 
220 204 
224 236 
224 204 
216 208 
680 224 
224 252 
208 252 
232 264 
244 248 
344 220 
228 236 
216 232 
236 232 
212 308 
212 340 
208 212 
248 212 
208 216 
212 244 
208 692 
208 212 
236 212 
244 208 
232 208 
248 216 
268 208 
212 224 
224 228 
248 228 
256 224 
240 208 
240 208 
228 228 
224 248 
208 208 
240 252 
304 232 
228 208 
216 304 
208 224 
236 332 
244 216 
212 272 
212 212 
204 216 
240 232 
212 248 
256 244 
336 216 
208 216 
248 244 
232 252 
212 256 
212 204 
208 236 
240 208 
252 220 
224 336 
208 240 
208 216 
280 332 
236 260 
212 228 
232 224 
256 228 
212 252 
240 260 
224 216 
256 304 
716 244 
380 264 
216 252 
400 252 
256 208 
252 348 
216 216 
252 252 
252 248 
252 208 
224 224 
248 228 
232 260 
216 240 
228 232 
232 212 
212 208 
208 236 
204 216 
236 212 
228 248 
232 252 
244 240 
260 216 
220 248 
224 212 
208 232 
252 216 
220 256 
240 256 
228 224 
212 228 
212 224 
228 220 
212 324 
260 256 
212 224 
220 252 
224 208 
212 284 
244 244 
216 236 
212 208 
260 240 
248 232 
252 252 
256 224 
212 232 
232 248 
252 244 
236 224 
208 232 
240 228 
232 248 
208 252 
252 228 
252 232 
444 220 
212 208 
224 260 
248 260 
248 248 
232 228 
216 240 
232 328 
208 244 
660 208 
212 396 
224 264 
276 212 
216 248 
248 248 
248 248 
216 220 
248 208 
252 252 
232 248 
248 220 
204 344 
252 292 
248 244 
224 248 
228 252 
204 236 
244 212 
256 248 
208 208 
324 248 
224 224 
240 248 
244 252 
248 252 
244 248 
236 224 
252 248 
244 224 
224 252 
204 208 
248 244 
232 248 
252 212 
248 228 
208 228 
232 248 
248 244 
248 232 
224 212 
252 248 
208 248 
224 248 
252 248 
228 248 
228 228 
248 224 
244 248 
248 228 
224 248 
252 252 
248 248 
252 248 
248 252 
252 252 
228 248 
224 232 
252 208 
216 248 
208 208 
248 248 
248 248 
248 248 
224 208 
248 248 
248 252 
228 208 
716 256 
248 232 
228 228 
256 204 
252 208 
224 248 
212 208 
252 224 
248 252 
228 248 
