# ./FR-trace starting at Thu Mar 19 02:56:27 2020
################# CONFIG #################
# slot=5000
# samples=10000
# threshold=100
# idle=500
# minlen=500
# runs=10000
# pdathreads=2
# nmonitored=2
#   monitor0=../apps/openssl ecp_smpl.c:927 0x1e3e58
#   monitor1=../apps/openssl ecp_smpl.c:934 0x1e3af3
# nevicted=0
# npdatargets=2
#   target0=../apps/openssl bn_lib.c:514 0x102fb9
#   target1=../apps/openssl bn_lib.c:543 0x103025
# affinity=all
############## SYSTEM INFO ###############
# mastik_version=
# sysname=Linux
# nodename=lovelace
# release=5.3.7-arch1-1-ARCH
# version=#1 SMP PREEMPT Fri Oct 18 00:17:03 UTC 2019
# machine=x86_64
################## DATA ##################
# run=8938
# datapoints=1529
48 44 
220 240 
44 48 
48 204 
44 48 
44 40 
236 212 
240 240 
236 236 
232 232 
236 204 
236 216 
220 212 
232 208 
236 204 
256 208 
228 236 
228 208 
236 208 
236 232 
232 228 
212 212 
236 228 
48 44 
240 216 
228 208 
232 224 
232 236 
232 224 
44 44 
240 216 
236 212 
228 208 
228 232 
232 36 
236 212 
228 204 
232 236 
512 228 
232 232 
244 44 
232 212 
236 208 
236 228 
228 232 
236 40 
228 212 
756 236 
236 232 
232 228 
232 48 
236 212 
236 244 
232 212 
228 228 
236 44 
236 596 
232 232 
228 212 
232 228 
232 40 
232 212 
232 232 
236 208 
232 228 
232 44 
236 236 
228 228 
232 212 
236 232 
228 40 
236 208 
228 212 
232 212 
228 236 
232 116 
228 40 
236 208 
236 216 
236 228 
228 232 
228 48 
240 240 
232 212 
236 232 
232 228 
236 44 
236 212 
236 216 
240 208 
232 228 
240 40 
228 212 
236 224 
232 212 
236 236 
232 44 
236 212 
212 204 
232 212 
232 232 
228 40 
232 212 
236 208 
236 220 
228 232 
232 44 
212 216 
236 208 
232 212 
236 236 
232 232 
232 44 
224 212 
228 232 
236 208 
208 212 
236 40 
236 204 
236 204 
240 240 
228 228 
232 44 
232 212 
272 228 
232 212 
232 228 
240 232 
232 44 
236 236 
236 216 
228 208 
232 232 
532 44 
232 212 
236 208 
232 232 
232 232 
240 44 
228 212 
232 208 
232 204 
744 228 
232 44 
236 212 
240 212 
232 228 
232 228 
232 44 
228 212 
236 252 
232 648 
232 228 
240 48 
232 216 
236 208 
232 232 
232 224 
228 44 
236 248 
232 208 
232 212 
232 228 
228 40 
232 212 
236 236 
240 224 
228 228 
228 40 
236 232 
228 252 
228 224 
228 228 
232 44 
228 48 
240 208 
236 208 
232 228 
232 228 
228 48 
236 236 
228 212 
228 232 
232 232 
240 44 
228 212 
232 212 
232 232 
228 232 
232 48 
236 212 
236 212 
232 232 
212 232 
224 48 
236 216 
232 208 
236 232 
228 228 
228 40 
232 216 
232 212 
216 236 
232 236 
232 44 
232 208 
232 232 
232 212 
228 208 
228 228 
228 40 
216 212 
232 212 
236 232 
228 228 
228 40 
236 212 
236 232 
232 208 
320 232 
228 44 
236 208 
236 228 
232 208 
236 236 
228 40 
240 208 
236 240 
560 208 
236 232 
232 40 
232 212 
240 212 
228 208 
228 228 
232 48 
236 236 
232 404 
240 232 
232 228 
232 40 
236 236 
232 208 
232 216 
232 228 
236 44 
232 624 
232 232 
232 208 
228 232 
228 40 
232 212 
236 212 
240 236 
228 228 
228 44 
232 208 
236 212 
236 212 
232 228 
228 228 
228 44 
232 208 
232 216 
236 232 
232 228 
232 44 
240 240 
224 208 
256 208 
232 232 
228 44 
232 216 
252 212 
232 212 
228 228 
228 40 
240 212 
236 236 
236 216 
228 228 
228 44 
236 208 
240 228 
236 212 
236 228 
228 44 
236 212 
212 236 
240 212 
236 240 
236 232 
232 40 
236 212 
232 208 
232 208 
228 232 
208 40 
240 208 
228 212 
236 204 
232 216 
232 232 
232 40 
232 212 
232 212 
212 208 
232 228 
228 48 
232 212 
236 236 
236 216 
228 224 
232 228 
328 40 
240 208 
240 208 
232 228 
232 232 
236 44 
236 208 
240 240 
232 228 
576 232 
236 44 
232 224 
232 236 
236 208 
240 232 
236 44 
236 208 
240 240 
228 416 
232 232 
236 44 
228 212 
236 212 
232 232 
236 232 
232 44 
236 216 
232 16044 
0 0 
0 0 
0 0 
244 228 
228 232 
232 232 
228 232 
228 44 
228 212 
232 236 
232 208 
228 232 
232 40 
228 212 
232 260 
236 212 
228 232 
232 40 
236 244 
228 208 
236 212 
232 232 
44 40 
228 216 
240 224 
228 208 
232 232 
232 44 
232 216 
236 228 
232 212 
228 232 
232 44 
232 208 
228 236 
232 212 
228 232 
232 40 
236 236 
232 208 
236 232 
208 232 
232 40 
236 208 
228 208 
232 236 
232 228 
232 40 
240 220 
232 208 
212 220 
228 208 
228 232 
48 40 
228 204 
232 208 
228 232 
232 228 
244 44 
236 220 
232 212 
228 208 
236 148 
228 44 
240 208 
232 232 
228 228 
364 232 
232 44 
240 236 
240 240 
232 232 
232 232 
240 44 
236 240 
236 212 
584 228 
236 232 
48 40 
236 220 
236 204 
236 228 
232 240 
228 40 
232 208 
232 400 
236 236 
236 232 
232 44 
232 216 
228 208 
228 228 
228 232 
232 40 
232 672 
236 240 
236 208 
228 236 
236 36 
236 236 
240 232 
232 212 
228 232 
236 228 
44 44 
240 204 
236 208 
236 208 
232 232 
232 44 
240 212 
228 208 
236 208 
228 232 
240 48 
232 212 
232 224 
232 228 
236 232 
236 48 
236 248 
236 216 
232 232 
232 232 
236 44 
236 208 
240 236 
232 212 
228 232 
228 40 
232 208 
236 208 
232 212 
232 232 
44 36 
228 208 
216 232 
236 212 
232 236 
232 40 
236 228 
232 216 
236 232 
232 232 
232 40 
212 212 
232 208 
228 208 
232 228 
228 40 
252 204 
240 236 
236 232 
236 228 
228 44 
240 228 
228 216 
232 240 
232 232 
232 228 
48 44 
236 220 
348 208 
236 232 
232 228 
232 40 
228 208 
232 236 
236 208 
232 232 
228 40 
608 208 
236 232 
232 208 
232 236 
236 40 
236 240 
236 208 
228 212 
236 228 
232 44 
228 212 
232 228 
232 208 
224 232 
232 44 
228 216 
236 236 
232 208 
236 696 
44 40 
240 232 
240 236 
244 236 
236 232 
232 40 
240 212 
240 224 
228 208 
228 228 
232 236 
228 44 
236 208 
240 216 
240 240 
228 228 
228 44 
236 208 
232 208 
228 208 
232 228 
236 44 
236 232 
232 240 
228 216 
232 236 
232 44 
228 204 
232 208 
232 208 
232 232 
44 40 
236 204 
236 232 
236 236 
228 228 
228 196 
240 44 
236 216 
228 208 
240 236 
212 232 
228 40 
232 212 
236 232 
228 212 
232 228 
232 44 
228 208 
236 208 
208 212 
232 232 
236 40 
232 236 
232 240 
228 208 
228 224 
40 40 
228 212 
236 212 
236 240 
228 232 
232 44 
232 212 
232 232 
232 208 
228 228 
392 40 
236 236 
240 228 
236 212 
228 232 
232 40 
228 212 
228 236 
236 208 
624 228 
228 44 
228 208 
240 216 
228 208 
236 228 
232 228 
236 40 
240 212 
232 492 
228 228 
232 232 
44 44 
240 208 
236 240 
236 212 
236 228 
232 40 
232 720 
228 208 
240 240 
228 232 
232 40 
236 244 
236 204 
236 212 
232 232 
228 40 
232 212 
232 208 
228 212 
228 228 
228 40 
236 220 
228 232 
232 212 
228 228 
44 40 
232 216 
228 236 
228 228 
232 232 
236 232 
240 44 
236 236 
236 228 
228 228 
232 228 
236 44 
228 212 
236 208 
236 212 
232 232 
232 44 
236 212 
232 212 
244 236 
228 228 
232 44 
228 208 
208 208 
240 240 
232 232 
44 40 
236 228 
228 208 
236 236 
228 232 
236 40 
208 212 
232 236 
236 204 
228 232 
228 40 
232 208 
228 240 
236 216 
216 232 
232 44 
236 236 
240 232 
232 224 
236 232 
232 40 
232 220 
260 228 
372 212 
236 208 
228 40 
236 216 
236 228 
232 208 
240 228 
44 40 
228 216 
640 240 
232 212 
232 232 
236 40 
232 216 
228 240 
236 208 
228 232 
232 40 
232 516 
236 232 
240 208 
228 232 
228 40 
232 220 
236 236 
232 212 
232 232 
228 48 
228 208 
232 212 
240 208 
236 228 
228 44 
236 208 
240 212 
236 240 
228 228 
228 176 
48 44 
244 204 
236 216 
232 228 
232 228 
228 44 
236 212 
232 212 
236 208 
228 232 
232 40 
236 208 
228 212 
236 236 
232 232 
232 228 
236 40 
240 212 
232 224 
236 216 
232 232 
44 40 
244 236 
232 212 
236 236 
228 228 
232 40 
236 212 
232 212 
228 216 
240 232 
212 44 
232 204 
240 236 
236 208 
228 228 
232 44 
236 236 
232 208 
236 212 
208 208 
232 40 
232 204 
232 236 
236 236 
228 228 
228 40 
232 212 
220 208 
236 232 
236 232 
40 36 
228 212 
232 204 
228 212 
232 228 
236 44 
412 212 
228 236 
232 204 
228 232 
232 232 
236 44 
236 216 
232 208 
232 208 
684 232 
228 44 
236 208 
240 240 
236 208 
236 236 
232 44 
232 216 
240 216 
240 504 
228 232 
236 44 
228 208 
208 204 
212 208 
232 228 
44 40 
236 208 
236 204 
228 224 
232 208 
228 228 
232 44 
212 204 
212 220 
240 212 
232 228 
232 44 
236 208 
208 208 
220 208 
212 208 
212 44 
236 212 
236 236 
232 212 
232 208 
236 208 
232 40 
228 204 
236 232 
232 232 
216 208 
44 40 
208 212 
220 208 
228 212 
232 236 
232 44 
228 208 
208 212 
308 236 
232 228 
236 44 
232 208 
208 208 
212 208 
216 208 
232 40 
240 212 
216 208 
212 216 
208 208 
212 40 
232 208 
212 208 
236 208 
228 228 
44 44 
232 212 
208 236 
216 212 
232 216 
228 44 
236 224 
232 220 
240 200 
228 232 
188 40 
216 44 
204 208 
232 192 
228 192 
232 192 
240 44 
232 192 
468 232 
200 196 
196 224 
192 40 
232 204 
212 208 
236 236 
228 228 
44 36 
684 360 
232 208 
232 208 
232 188 
228 44 
196 224 
192 196 
200 240 
232 232 
228 224 
232 44 
240 200 
196 212 
196 204 
228 228 
240 40 
212 212 
236 188 
232 188 
188 188 
232 44 
236 216 
236 204 
240 236 
232 228 
284 36 
236 236 
228 208 
236 212 
192 224 
44 40 
232 216 
236 212 
236 212 
232 232 
232 40 
236 212 
236 232 
236 208 
236 236 
232 232 
232 44 
236 204 
240 212 
236 208 
232 232 
228 232 
232 44 
228 208 
232 236 
232 204 
216 232 
232 40 
232 212 
232 212 
232 208 
228 228 
44 40 
240 204 
240 212 
216 212 
232 232 
228 40 
228 212 
232 216 
236 240 
228 228 
232 44 
228 212 
212 212 
240 236 
236 232 
232 44 
236 232 
240 208 
260 220 
228 232 
236 48 
232 212 
240 236 
236 216 
228 208 
236 232 
236 44 
236 212 
240 212 
460 296 
192 228 
44 44 
236 196 
232 204 
232 224 
232 236 
232 44 
240 228 
240 236 
228 192 
188 232 
188 40 
188 208 
192 212 
208 236 
232 44 
216 44 
208 592 
212 248 
224 212 
228 220 
228 44 
232 212 
232 212 
240 216 
232 228 
48 44 
228 212 
212 232 
216 216 
232 232 
232 36 
244 236 
240 228 
228 208 
232 236 
208 232 
228 232 
228 228 
212 208 
232 224 
212 208 
208 228 
232 232 
224 220 
212 232 
240 208 
228 204 
240 44 
232 220 
228 236 
232 216 
236 208 
228 208 
236 204 
260 212 
236 228 
216 220 
236 248 
208 232 
228 232 
232 208 
228 216 
232 216 
212 228 
208 228 
228 224 
208 228 
208 204 
232 240 
208 212 
216 220 
208 212 
232 216 
236 212 
232 208 
700 236 
204 208 
232 212 
236 236 
232 204 
228 228 
236 232 
232 232 
232 232 
236 228 
232 212 
232 228 
236 232 
232 228 
232 228 
232 232 
232 228 
236 228 
496 300 
228 212 
220 240 
232 212 
232 204 
232 216 
228 208 
236 212 
236 212 
688 228 
232 208 
212 232 
228 212 
228 232 
200 212 
212 228 
228 188 
232 228 
232 232 
188 228 
188 188 
192 192 
192 192 
188 188 
192 188 
232 232 
232 192 
228 192 
228 192 
196 208 
192 192 
232 232 
232 228 
232 228 
232 232 
228 232 
228 232 
200 192 
228 232 
228 232 
228 208 
212 656 
192 236 
192 192 
228 228 
196 232 
192 388 
192 232 
228 192 
228 192 
228 196 
212 188 
236 192 
192 232 
292 232 
192 232 
236 232 
228 188 
236 232 
228 188 
232 224 
236 228 
232 232 
232 232 
212 228 
232 208 
232 188 
232 232 
296 320 
236 208 
232 236 
232 232 
232 232 
232 228 
232 228 
236 236 
228 192 
236 232 
232 208 
196 208 
236 232 
232 232 
212 204 
232 208 
236 228 
228 228 
712 276 
188 208 
232 236 
232 200 
236 208 
232 192 
200 228 
196 228 
192 232 
196 424 
192 240 
228 228 
188 228 
200 220 
232 200 
232 228 
236 228 
228 228 
232 228 
212 208 
228 204 
212 224 
208 216 
208 236 
232 228 
208 204 
212 236 
232 204 
212 228 
232 208 
232 208 
232 232 
204 220 
220 220 
228 228 
232 228 
208 192 
212 228 
232 312 
232 208 
232 188 
384 228 
240 228 
208 208 
232 232 
232 188 
196 260 
208 208 
212 232 
232 228 
232 236 
212 208 
196 228 
232 232 
232 228 
232 188 
196 224 
232 228 
232 228 
232 208 
232 232 
228 208 
228 232 
232 244 
200 228 
188 228 
240 232 
236 232 
232 228 
212 228 
220 212 
192 188 
220 216 
208 232 
236 228 
212 232 
236 232 
236 232 
216 232 
220 196 
232 188 
244 208 
212 192 
188 188 
212 192 
212 200 
228 688 
212 188 
228 228 
216 232 
212 232 
208 192 
232 208 
228 208 
232 212 
188 192 
232 212 
232 204 
232 212 
228 220 
208 232 
208 208 
212 232 
208 232 
504 192 
232 228 
232 232 
192 208 
220 220 
356 236 
192 208 
208 228 
212 232 
684 228 
232 212 
208 208 
188 196 
212 228 
232 192 
232 208 
232 232 
192 192 
236 612 
224 192 
228 228 
232 212 
208 204 
228 228 
228 192 
192 192 
232 232 
232 192 
216 232 
208 208 
232 208 
212 208 
220 232 
212 232 
200 232 
212 228 
208 188 
192 228 
228 232 
232 232 
236 216 
216 208 
208 216 
232 212 
232 196 
228 232 
188 188 
192 184 
224 192 
228 228 
252 232 
212 228 
192 220 
224 220 
192 196 
208 228 
192 228 
192 188 
200 272 
196 208 
232 192 
240 232 
232 192 
228 232 
236 232 
208 232 
208 228 
208 232 
232 208 
208 216 
212 192 
192 188 
232 192 
600 232 
232 192 
224 192 
188 216 
596 356 
192 208 
196 232 
196 236 
232 208 
196 224 
192 208 
196 232 
228 192 
192 196 
236 184 
232 188 
228 192 
232 232 
536 232 
232 192 
240 192 
212 212 
212 188 
196 228 
200 236 
204 228 
236 192 
236 208 
220 188 
228 232 
232 228 
228 232 
196 192 
228 232 
236 228 
196 204 
232 232 
212 192 
208 228 
232 220 
228 648 
232 224 
232 232 
236 232 
204 228 
208 204 
208 232 
236 228 
188 192 
196 232 
240 504 
236 228 
204 192 
228 192 
232 232 
188 192 
232 192 
228 192 
232 188 
228 188 
232 228 
232 188 
232 192 
196 192 
240 232 
224 236 
232 228 
208 232 
220 232 
212 208 
212 236 
212 232 
588 232 
212 212 
232 212 
232 208 
192 212 
228 228 
232 232 
232 232 
228 232 
232 224 
212 208 
232 228 
232 232 
228 232 
216 208 
228 232 
192 232 
232 200 
232 236 
216 228 
228 232 
220 228 
232 188 
232 304 
236 228 
236 188 
232 228 
228 228 
212 212 
212 228 
232 228 
232 228 
196 228 
216 232 
228 228 
232 232 
336 228 
232 212 
236 192 
236 228 
232 228 
232 232 
212 232 
252 224 
232 232 
580 232 
236 236 
232 228 
232 228 
188 232 
220 208 
232 232 
240 232 
232 188 
212 232 
208 232 
212 228 
252 232 
228 232 
228 232 
232 228 
212 212 
208 212 
192 188 
248 192 
212 208 
232 232 
208 220 
196 212 
212 208 
232 228 
236 228 
232 228 
192 228 
236 188 
208 212 
192 228 
376 212 
228 208 
228 208 
188 212 
232 208 
232 212 
192 232 
228 228 
228 232 
228 228 
208 208 
208 204 
232 232 
208 232 
228 200 
228 232 
236 276 
204 216 
232 232 
232 228 
236 192 
232 208 
232 208 
228 228 
232 232 
220 204 
228 208 
208 208 
212 228 
228 228 
220 232 
224 232 
208 228 
212 232 
224 236 
208 228 
236 216 
212 188 
232 208 
232 208 
232 236 
232 228 
192 192 
