# ./FR-trace starting at Thu Mar 19 00:43:27 2020
################# CONFIG #################
# slot=5000
# samples=10000
# threshold=100
# idle=500
# minlen=500
# runs=10000
# pdathreads=2
# nmonitored=2
#   monitor0=../apps/openssl ecp_smpl.c:927 0x1e3e58
#   monitor1=../apps/openssl ecp_smpl.c:934 0x1e3af3
# nevicted=0
# npdatargets=2
#   target0=../apps/openssl bn_lib.c:514 0x102fb9
#   target1=../apps/openssl bn_lib.c:543 0x103025
# affinity=all
############## SYSTEM INFO ###############
# mastik_version=
# sysname=Linux
# nodename=lovelace
# release=5.3.7-arch1-1-ARCH
# version=#1 SMP PREEMPT Fri Oct 18 00:17:03 UTC 2019
# machine=x86_64
################## DATA ##################
# run=1499
# datapoints=1510
48 44 
148 208 
44 44 
48 236 
44 40 
228 212 
236 208 
236 236 
228 232 
228 232 
228 208 
236 212 
232 208 
236 212 
240 244 
236 232 
232 232 
232 236 
240 220 
236 208 
232 232 
48 48 
240 236 
212 208 
244 204 
236 236 
228 228 
236 44 
236 216 
232 228 
240 236 
236 240 
212 232 
232 40 
236 236 
232 208 
236 236 
236 236 
232 40 
232 216 
228 212 
236 208 
232 232 
236 232 
236 40 
232 228 
244 236 
228 232 
228 232 
336 44 
240 236 
232 232 
228 236 
232 240 
232 44 
228 204 
236 208 
236 228 
560 228 
232 44 
228 216 
232 220 
236 232 
232 232 
240 40 
236 228 
236 212 
236 432 
236 232 
228 44 
232 208 
232 212 
240 208 
236 232 
228 40 
236 212 
236 672 
232 224 
236 232 
236 40 
232 216 
232 208 
236 208 
232 232 
232 40 
240 208 
236 208 
252 212 
236 232 
232 48 
240 204 
248 228 
236 212 
236 208 
232 228 
232 44 
228 208 
228 208 
228 208 
232 228 
228 44 
232 212 
244 212 
228 232 
232 232 
228 44 
232 208 
228 212 
232 232 
228 236 
232 40 
236 208 
232 212 
240 208 
232 228 
228 40 
232 220 
232 228 
208 216 
236 212 
228 232 
228 40 
236 216 
236 236 
228 232 
232 228 
232 44 
208 212 
236 260 
236 232 
232 232 
232 44 
236 208 
236 236 
240 236 
232 232 
236 48 
236 204 
228 232 
228 216 
232 228 
232 44 
236 208 
232 236 
348 208 
228 208 
236 232 
232 40 
240 248 
232 236 
236 228 
232 232 
232 44 
600 212 
228 208 
232 232 
232 236 
236 44 
228 208 
236 208 
232 228 
232 228 
236 44 
236 216 
256 212 
232 208 
232 228 
232 44 
236 208 
228 204 
232 208 
232 720 
228 44 
236 208 
236 236 
232 236 
228 228 
232 228 
236 44 
232 220 
232 212 
232 228 
232 228 
228 40 
232 220 
228 208 
232 212 
232 228 
232 40 
232 212 
232 208 
232 208 
232 228 
232 40 
236 208 
232 228 
236 212 
236 232 
240 228 
232 44 
236 216 
232 208 
236 216 
228 232 
232 40 
236 216 
232 212 
236 232 
232 232 
244 44 
240 212 
232 208 
232 208 
208 232 
232 40 
240 212 
236 236 
236 212 
232 228 
232 40 
232 216 
236 208 
208 208 
232 232 
232 40 
240 216 
232 232 
236 232 
232 232 
236 44 
236 212 
232 236 
240 224 
232 232 
232 40 
240 208 
232 288 
240 216 
232 228 
368 232 
236 44 
236 208 
240 236 
228 232 
228 232 
232 48 
236 212 
236 236 
608 232 
228 228 
232 44 
236 208 
232 216 
228 232 
228 232 
236 40 
232 232 
232 468 
232 232 
232 232 
236 44 
232 232 
236 232 
236 232 
236 228 
240 44 
240 704 
232 212 
228 212 
232 236 
232 44 
228 212 
232 228 
236 208 
232 236 
228 44 
236 232 
252 212 
236 208 
232 236 
240 44 
240 204 
232 240 
260 212 
232 232 
232 44 
236 208 
228 204 
240 236 
228 228 
228 44 
244 216 
228 212 
236 236 
232 232 
232 44 
232 216 
232 232 
236 232 
236 232 
236 48 
236 208 
228 208 
232 208 
236 232 
232 44 
232 220 
240 208 
216 244 
232 232 
232 44 
232 212 
228 208 
240 208 
236 232 
236 40 
236 208 
216 212 
240 204 
232 232 
232 44 
232 212 
244 212 
232 212 
232 228 
232 40 
248 208 
236 232 
236 240 
228 232 
232 228 
244 40 
236 236 
232 208 
388 232 
236 40 
260 212 
240 232 
228 212 
228 228 
236 236 
232 40 
240 208 
660 208 
232 232 
232 232 
232 44 
232 208 
236 220 
232 232 
228 212 
232 44 
240 492 
236 212 
232 236 
228 232 
236 44 
236 216 
236 224 
228 228 
232 168 
232 44 
232 212 
236 236 
236 232 
232 232 
232 44 
232 212 
236 236 
232 232 
236 228 
236 44 
232 216 
232 216 
232 248 
236 232 
232 40 
228 212 
232 208 
248 228 
228 228 
228 44 
244 228 
240 236 
240 228 
228 228 
236 48 
236 204 
232 236 
232 232 
228 232 
236 40 
232 208 
232 208 
232 208 
236 232 
232 40 
236 208 
228 212 
232 244 
232 232 
232 40 
228 208 
212 208 
232 208 
236 236 
232 40 
232 208 
228 208 
232 208 
236 232 
232 44 
216 236 
228 216 
228 204 
232 232 
232 40 
236 208 
236 208 
240 236 
232 232 
232 40 
236 212 
236 212 
236 208 
232 232 
236 40 
240 216 
236 236 
412 232 
232 208 
228 40 
228 220 
244 208 
240 212 
232 232 
236 40 
236 236 
660 236 
240 216 
232 228 
232 40 
236 212 
236 208 
232 212 
228 208 
228 232 
236 44 
236 232 
240 216 
236 208 
228 228 
232 44 
232 232 
240 240 
232 232 
236 232 
232 48 
240 204 
236 212 
232 232 
232 232 
232 44 
236 208 
240 224 
228 228 
232 232 
232 44 
240 232 
236 236 
228 228 
228 232 
236 44 
236 212 
232 236 
232 236 
236 228 
228 44 
236 228 
236 224 
240 216 
236 232 
236 44 
240 212 
232 212 
232 208 
228 232 
236 44 
232 216 
236 208 
236 224 
232 228 
236 44 
240 212 
236 232 
232 208 
232 208 
232 232 
208 40 
228 216 
228 208 
232 232 
232 232 
228 44 
232 208 
232 236 
232 236 
208 208 
232 40 
228 212 
236 236 
228 232 
232 228 
232 44 
228 232 
208 212 
232 208 
236 132 
232 44 
236 232 
236 204 
236 208 
228 232 
236 44 
464 208 
228 204 
228 212 
236 232 
228 48 
232 232 
240 212 
228 232 
232 212 
664 44 
248 232 
240 236 
228 232 
240 232 
232 44 
236 208 
232 208 
232 228 
232 48 
240 224 
240 212 
232 188 
196 228 
236 232 
236 44 
196 196 
192 192 
188 200 
196 192 
196 44 
240 196 
236 228 
192 220 
236 232 
232 40 
240 208 
236 232 
228 208 
224 232 
236 40 
228 208 
236 188 
240 196 
232 192 
232 40 
228 196 
236 224 
232 220 
188 232 
232 40 
192 208 
200 236 
204 232 
204 232 
200 40 
232 212 
232 208 
236 236 
232 232 
236 40 
236 224 
236 232 
232 208 
236 228 
228 232 
236 40 
232 212 
232 204 
232 232 
208 44 
240 224 
232 228 
236 232 
232 232 
232 232 
236 44 
228 212 
236 240 
208 208 
228 228 
228 44 
232 204 
232 212 
236 236 
232 232 
228 40 
236 208 
232 212 
232 208 
232 228 
228 232 
240 44 
240 208 
236 232 
236 232 
456 44 
236 212 
228 208 
236 208 
232 228 
232 80 
236 44 
232 208 
232 212 
704 232 
232 44 
248 208 
236 208 
232 212 
232 232 
240 132 
240 44 
232 208 
236 576 
236 236 
232 232 
232 40 
236 216 
232 208 
240 240 
232 232 
236 84 
236 236 
232 208 
232 208 
236 232 
228 44 
232 216 
228 212 
232 232 
244 232 
232 44 
232 212 
236 232 
232 228 
236 228 
232 44 
240 212 
236 208 
236 208 
236 232 
240 40 
240 216 
228 236 
236 236 
228 232 
232 40 
240 216 
232 212 
232 228 
232 232 
236 40 
240 236 
236 232 
236 208 
216 232 
240 40 
236 208 
236 236 
236 208 
232 232 
236 40 
232 208 
228 208 
208 208 
236 232 
236 44 
236 208 
228 228 
232 208 
236 236 
236 232 
228 40 
200 204 
232 208 
232 196 
232 188 
232 40 
232 192 
232 188 
240 200 
676 232 
188 48 
196 192 
196 212 
200 188 
188 196 
196 40 
192 192 
196 192 
500 232 
228 228 
232 44 
232 208 
232 212 
232 232 
232 232 
236 44 
240 220 
188 388 
236 232 
196 120 
192 44 
200 208 
208 212 
212 208 
232 232 
236 40 
236 572 
228 208 
236 228 
232 40 
236 216 
232 236 
252 208 
232 212 
232 228 
240 44 
236 216 
232 216 
228 208 
228 232 
228 44 
240 208 
228 236 
232 208 
232 232 
232 44 
232 236 
232 212 
236 240 
228 228 
232 40 
232 208 
232 236 
236 212 
232 232 
232 44 
232 216 
232 240 
232 208 
236 232 
240 232 
236 44 
232 232 
236 236 
232 216 
236 228 
232 44 
240 248 
212 212 
228 232 
228 232 
240 40 
240 208 
232 208 
232 212 
232 232 
244 44 
208 208 
236 212 
232 232 
232 228 
236 44 
232 208 
232 208 
228 204 
232 228 
208 40 
236 208 
232 228 
228 208 
236 232 
232 232 
236 52 
232 236 
264 212 
232 212 
236 236 
236 44 
236 224 
232 208 
236 232 
232 232 
228 40 
496 208 
232 236 
244 248 
228 232 
232 44 
232 212 
236 236 
232 248 
232 232 
736 232 
236 44 
240 208 
236 208 
236 208 
232 232 
232 40 
228 44 
236 228 
236 564 
232 232 
228 232 
232 44 
240 208 
228 208 
236 216 
232 232 
236 44 
232 232 
240 208 
232 212 
236 232 
240 40 
232 232 
236 232 
236 232 
232 228 
236 44 
240 208 
232 208 
236 212 
236 228 
228 44 
208 240 
236 208 
232 208 
236 208 
208 44 
220 208 
212 216 
212 216 
208 212 
212 40 
232 236 
236 212 
232 228 
232 40 
228 208 
236 236 
244 236 
232 232 
228 44 
232 208 
208 208 
208 208 
208 212 
208 212 
208 40 
216 212 
208 212 
208 236 
232 232 
212 44 
208 232 
220 236 
208 232 
216 40 
236 236 
236 212 
212 212 
232 212 
232 232 
232 44 
236 232 
240 208 
236 232 
232 232 
300 44 
236 232 
264 212 
228 208 
236 240 
232 40 
236 212 
236 208 
236 208 
512 232 
232 44 
236 208 
228 212 
228 232 
232 232 
228 40 
236 224 
236 236 
748 208 
236 228 
232 40 
228 212 
232 208 
236 228 
232 232 
232 40 
236 212 
232 596 
232 204 
232 228 
232 40 
236 208 
236 212 
240 232 
232 228 
232 44 
236 228 
236 204 
232 208 
232 232 
236 40 
232 216 
232 224 
236 228 
228 232 
240 44 
248 236 
240 208 
236 232 
236 232 
228 44 
236 232 
232 208 
232 212 
236 236 
244 40 
240 208 
236 212 
228 232 
228 176 
232 48 
232 232 
228 208 
236 236 
232 228 
236 44 
236 204 
236 208 
232 232 
208 232 
232 44 
236 232 
236 224 
232 232 
232 232 
228 44 
232 216 
240 208 
208 216 
236 232 
240 44 
236 212 
240 212 
232 212 
236 232 
236 40 
240 216 
212 236 
236 212 
324 232 
228 40 
236 248 
236 236 
232 236 
228 232 
304 40 
232 212 
240 208 
236 232 
232 232 
232 232 
228 44 
228 236 
220 204 
564 228 
228 192 
228 232 
220 220 
208 196 
200 216 
196 208 
196 200 
236 236 
212 576 
228 40 
236 204 
240 256 
236 240 
228 216 
232 212 
236 216 
212 212 
232 236 
208 208 
212 228 
208 232 
212 228 
212 232 
232 232 
208 228 
232 232 
232 232 
232 208 
240 228 
228 220 
192 232 
196 232 
232 232 
232 232 
236 228 
240 208 
236 232 
236 236 
216 192 
228 232 
236 232 
232 212 
236 208 
232 232 
232 232 
236 208 
264 236 
232 228 
232 232 
236 232 
228 228 
228 232 
232 232 
232 232 
236 228 
232 232 
232 192 
236 224 
236 236 
208 212 
236 228 
240 232 
236 212 
192 236 
228 192 
236 236 
232 232 
236 232 
232 208 
240 236 
232 232 
236 232 
232 232 
208 192 
236 208 
232 232 
596 188 
208 212 
228 228 
236 232 
232 232 
232 208 
232 232 
236 232 
232 232 
304 232 
232 208 
228 232 
232 232 
232 232 
232 228 
232 232 
228 208 
320 232 
236 232 
232 236 
236 208 
296 216 
232 236 
232 232 
240 232 
228 232 
336 232 
236 428 
232 232 
228 232 
212 196 
236 232 
232 232 
232 232 
228 228 
228 232 
232 660 
216 228 
236 228 
232 232 
212 232 
232 232 
232 208 
324 232 
228 232 
192 192 
236 232 
236 232 
236 236 
228 236 
228 232 
228 228 
232 232 
232 208 
232 232 
232 228 
236 228 
228 232 
240 228 
236 232 
232 232 
228 232 
236 208 
228 232 
232 228 
236 232 
236 232 
236 232 
232 228 
232 228 
232 228 
228 232 
228 232 
232 228 
232 232 
232 228 
196 228 
232 228 
212 208 
232 232 
200 232 
224 232 
208 236 
208 232 
196 228 
220 236 
232 192 
212 232 
200 192 
228 192 
188 188 
208 200 
228 196 
232 192 
232 192 
204 232 
192 192 
188 192 
224 232 
188 220 
196 208 
192 232 
192 200 
212 208 
236 228 
228 208 
232 232 
232 208 
236 208 
232 232 
236 208 
232 232 
228 196 
568 228 
232 228 
216 232 
236 232 
236 208 
240 236 
212 212 
232 212 
236 232 
228 232 
232 232 
232 232 
236 212 
220 232 
208 228 
236 232 
232 232 
212 232 
232 688 
232 204 
192 232 
232 228 
232 228 
228 232 
224 232 
212 228 
212 208 
232 228 
232 232 
208 236 
212 220 
216 196 
332 232 
200 220 
232 232 
196 280 
192 232 
204 208 
212 232 
192 232 
232 192 
236 232 
232 232 
192 232 
216 192 
236 232 
232 232 
236 232 
236 232 
228 208 
232 188 
232 228 
232 236 
232 228 
232 228 
228 208 
236 192 
208 212 
236 228 
232 192 
216 236 
232 228 
236 228 
216 232 
208 192 
208 228 
232 232 
216 196 
360 216 
212 232 
200 236 
212 232 
228 208 
232 212 
236 232 
236 232 
232 256 
232 232 
236 212 
232 232 
192 212 
232 232 
228 232 
192 228 
236 232 
232 228 
352 588 
232 208 
232 232 
236 192 
236 232 
252 240 
236 232 
232 228 
232 236 
604 232 
228 232 
228 232 
228 192 
208 232 
232 228 
232 192 
196 232 
232 208 
192 192 
232 232 
188 192 
232 208 
196 192 
380 232 
220 188 
200 228 
232 228 
228 192 
232 192 
228 192 
232 188 
236 188 
232 192 
232 192 
192 232 
232 232 
196 204 
192 192 
208 192 
248 228 
236 228 
244 228 
236 232 
236 192 
236 228 
232 228 
228 232 
228 232 
236 228 
232 228 
740 316 
236 232 
232 232 
292 228 
296 248 
288 232 
212 212 
212 212 
232 232 
228 228 
196 212 
224 228 
236 232 
232 228 
188 1176 
236 232 
236 232 
232 232 
228 228 
208 228 
228 236 
232 232 
200 228 
212 232 
232 228 
236 232 
232 232 
232 232 
208 212 
232 212 
220 232 
232 188 
232 212 
232 232 
232 232 
236 232 
220 228 
232 212 
212 232 
232 232 
228 232 
232 232 
232 232 
232 232 
232 212 
396 232 
232 212 
232 232 
232 232 
240 232 
232 228 
232 232 
228 232 
236 224 
616 232 
228 232 
236 232 
232 228 
236 228 
232 232 
228 232 
236 196 
232 228 
240 472 
232 232 
240 236 
232 228 
236 228 
232 232 
208 236 
240 236 
232 228 
212 204 
232 232 
216 188 
232 232 
232 228 
188 228 
228 232 
232 232 
228 228 
232 232 
232 232 
228 232 
192 232 
232 208 
232 228 
228 232 
232 232 
228 236 
236 236 
232 188 
232 236 
236 224 
232 232 
232 228 
232 232 
228 228 
236 228 
188 232 
232 228 
212 232 
236 236 
208 228 
232 232 
232 192 
212 232 
236 232 
228 232 
228 232 
228 232 
236 236 
232 228 
232 232 
208 232 
236 216 
236 228 
228 232 
228 232 
236 232 
236 232 
232 232 
464 228 
220 208 
232 228 
228 232 
232 232 
208 212 
216 212 
232 228 
232 228 
212 212 
232 208 
236 208 
200 228 
204 212 
216 208 
208 228 
232 228 
208 228 
404 228 
212 216 
212 232 
208 232 
208 208 
224 232 
236 212 
232 228 
228 232 
196 284 
232 232 
236 232 
232 228 
236 228 
232 232 
212 208 
232 212 
208 208 
208 508 
208 208 
208 208 
208 208 
236 228 
232 232 
228 228 
228 232 
232 232 
240 196 
212 232 
232 232 
236 236 
232 236 
236 560 
236 232 
208 228 
208 232 
232 232 
236 232 
236 232 
236 248 
0 0 
0 0 
212 196 
236 192 
236 232 
