# ./FR-trace starting at Thu Mar 19 03:10:53 2020
################# CONFIG #################
# slot=5000
# samples=10000
# threshold=100
# idle=500
# minlen=500
# runs=10000
# pdathreads=2
# nmonitored=2
#   monitor0=../apps/openssl ecp_smpl.c:927 0x1e3e58
#   monitor1=../apps/openssl ecp_smpl.c:934 0x1e3af3
# nevicted=0
# npdatargets=2
#   target0=../apps/openssl bn_lib.c:514 0x102fb9
#   target1=../apps/openssl bn_lib.c:543 0x103025
# affinity=all
############## SYSTEM INFO ###############
# mastik_version=
# sysname=Linux
# nodename=lovelace
# release=5.3.7-arch1-1-ARCH
# version=#1 SMP PREEMPT Fri Oct 18 00:17:03 UTC 2019
# machine=x86_64
################## DATA ##################
# run=9724
# datapoints=1573
48 36 
212 204 
44 188 
48 272 
48 48 
48 44 
232 204 
220 208 
236 224 
188 192 
236 188 
192 200 
196 256 
236 236 
196 196 
160 212 
216 196 
216 220 
408 196 
220 196 
260 236 
224 200 
192 124 
52 40 
44 48 
44 48 
44 40 
2328 196 
200 188 
204 192 
188 192 
1128 212 
224 44 
196 252 
192 192 
196 196 
192 212 
196 44 
220 192 
216 208 
216 240 
304 220 
204 260 
204 44 
192 192 
208 204 
236 252 
316 1152 
196 40 
236 216 
188 212 
340 332 
324 56 
240 44 
332 300 
228 200 
204 200 
192 196 
192 44 
276 348 
240 228 
232 212 
188 188 
268 192 
252 44 
636 196 
208 196 
196 228 
216 204 
228 44 
192 196 
216 216 
232 216 
316 256 
232 44 
240 316 
208 248 
316 192 
220 220 
236 248 
268 44 
272 352 
236 204 
196 280 
192 220 
256 200 
208 44 
244 276 
212 316 
340 268 
192 260 
216 52 
240 232 
192 212 
232 204 
232 240 
192 212 
188 40 
300 196 
216 204 
224 220 
232 232 
232 36 
228 212 
232 208 
232 204 
232 228 
232 44 
232 188 
212 196 
196 196 
232 192 
192 44 
192 212 
232 236 
236 240 
232 228 
228 44 
188 192 
196 232 
236 208 
212 228 
192 40 
236 196 
208 212 
192 188 
232 192 
236 40 
240 216 
228 212 
236 208 
212 212 
228 232 
212 44 
212 212 
196 232 
236 236 
228 212 
204 40 
208 212 
228 216 
232 212 
232 228 
232 44 
236 212 
236 236 
232 208 
228 228 
212 44 
200 208 
280 212 
232 212 
232 232 
236 36 
232 212 
236 212 
240 212 
648 208 
232 44 
340 216 
232 236 
232 216 
236 192 
236 228 
240 40 
232 224 
220 532 
208 228 
232 232 
232 44 
236 232 
232 224 
232 220 
228 208 
232 48 
236 208 
236 212 
212 228 
200 232 
236 44 
236 212 
232 212 
240 208 
212 232 
232 44 
236 212 
236 216 
240 216 
208 228 
204 36 
208 236 
232 240 
236 240 
232 228 
236 44 
232 216 
232 208 
208 204 
236 232 
208 40 
236 200 
236 232 
232 208 
208 292 
196 228 
224 48 
212 216 
212 208 
220 232 
228 232 
232 44 
212 216 
232 204 
216 216 
212 212 
196 44 
288 204 
216 196 
268 216 
232 232 
204 44 
236 208 
232 208 
232 204 
228 228 
228 44 
208 212 
236 212 
216 248 
244 228 
220 192 
232 44 
236 216 
236 220 
240 224 
224 212 
232 44 
216 212 
240 212 
212 216 
232 208 
232 48 
236 212 
456 228 
236 212 
208 240 
212 40 
232 212 
236 208 
212 212 
228 232 
212 40 
680 204 
236 212 
196 208 
232 232 
232 232 
232 40 
236 212 
236 236 
216 192 
212 580 
232 40 
196 216 
236 208 
212 224 
264 228 
232 40 
232 244 
232 228 
232 212 
228 228 
232 44 
228 228 
220 232 
232 236 
208 192 
232 44 
236 216 
228 236 
236 236 
236 228 
228 44 
232 212 
232 208 
236 236 
212 232 
208 48 
208 228 
216 232 
212 208 
228 236 
228 44 
396 220 
216 212 
232 212 
228 208 
228 208 
236 44 
232 192 
204 208 
236 244 
208 228 
212 68 
232 44 
192 208 
212 216 
228 216 
220 228 
236 44 
232 192 
700 212 
208 204 
228 232 
228 40 
248 220 
232 212 
240 228 
232 228 
208 40 
236 208 
216 212 
236 236 
212 228 
240 40 
228 208 
236 208 
236 208 
232 212 
236 224 
232 44 
236 208 
232 208 
236 228 
232 232 
232 48 
244 236 
240 212 
500 188 
232 236 
232 48 
232 212 
260 208 
232 228 
208 232 
232 44 
232 188 
724 244 
228 232 
236 232 
196 44 
236 212 
220 212 
240 232 
228 236 
236 44 
228 588 
236 192 
236 212 
228 228 
224 44 
196 212 
240 208 
196 208 
228 192 
220 44 
236 220 
236 212 
236 208 
232 228 
240 44 
232 212 
216 212 
192 212 
228 228 
228 44 
192 212 
244 208 
232 212 
232 228 
224 44 
232 244 
220 212 
236 336 
208 192 
232 44 
236 192 
228 208 
192 196 
232 228 
228 208 
232 44 
232 212 
192 204 
236 192 
232 232 
228 44 
228 548 
212 212 
236 188 
236 192 
232 40 
232 212 
196 216 
236 212 
236 228 
228 44 
224 196 
240 216 
228 200 
196 248 
236 224 
208 40 
236 224 
236 208 
232 212 
208 228 
232 40 
232 212 
236 224 
232 228 
228 192 
232 44 
196 212 
240 204 
244 208 
232 232 
228 44 
236 236 
232 220 
236 212 
232 232 
232 40 
496 208 
236 212 
232 212 
236 204 
228 40 
216 208 
232 236 
216 212 
228 228 
736 36 
236 208 
212 240 
236 208 
324 236 
0 0 
0 0 
0 0 
0 0 
0 0 
0 0 
0 0 
236 232 
232 36 
228 212 
212 232 
240 200 
228 308 
232 40 
44 212 
232 244 
232 236 
192 228 
232 228 
220 44 
236 208 
232 236 
232 228 
236 228 
228 44 
236 196 
236 192 
236 192 
220 208 
236 44 
232 212 
228 212 
228 232 
228 228 
232 44 
196 212 
236 240 
228 232 
232 232 
208 44 
208 236 
232 212 
236 212 
236 232 
44 44 
232 212 
212 208 
240 236 
232 232 
232 44 
228 228 
236 240 
232 236 
232 228 
236 40 
208 220 
232 208 
232 212 
232 232 
232 96 
232 48 
236 208 
236 212 
232 208 
232 208 
196 44 
232 216 
232 224 
456 232 
192 296 
48 40 
308 212 
192 188 
232 212 
232 208 
192 44 
192 196 
232 188 
200 204 
192 192 
188 44 
188 368 
208 212 
212 212 
212 204 
212 40 
216 216 
196 200 
212 208 
232 228 
688 44 
196 240 
236 200 
220 208 
216 208 
192 40 
232 204 
248 232 
200 192 
232 188 
44 40 
192 188 
236 212 
192 252 
208 216 
212 36 
228 212 
236 208 
216 208 
220 212 
228 44 
240 208 
212 216 
212 208 
232 232 
212 44 
228 208 
232 192 
208 228 
232 200 
204 40 
192 216 
228 192 
188 192 
192 236 
188 40 
196 208 
232 212 
240 216 
232 208 
208 216 
48 40 
212 212 
220 212 
212 212 
240 208 
232 44 
196 320 
236 212 
216 236 
232 228 
212 40 
232 236 
232 228 
200 192 
228 224 
228 40 
228 208 
216 192 
236 208 
208 232 
228 228 
216 44 
196 212 
228 244 
228 204 
228 236 
48 44 
196 208 
196 236 
232 208 
192 232 
208 44 
228 228 
208 208 
228 212 
236 232 
312 44 
236 212 
240 208 
216 192 
232 232 
232 44 
240 208 
232 212 
236 228 
548 232 
224 44 
232 216 
228 212 
228 228 
236 236 
204 44 
236 212 
232 212 
312 228 
208 232 
48 40 
244 212 
232 232 
232 208 
228 212 
228 40 
232 244 
212 664 
216 192 
228 228 
232 44 
232 212 
236 236 
240 208 
236 208 
228 232 
228 40 
232 232 
236 232 
232 212 
232 232 
232 36 
228 212 
236 228 
232 208 
228 228 
196 224 
236 48 
236 236 
236 212 
236 224 
228 232 
44 44 
240 216 
236 204 
228 208 
232 228 
232 40 
228 216 
240 236 
188 208 
232 232 
232 48 
236 208 
236 236 
236 212 
228 232 
228 44 
536 212 
216 200 
236 212 
232 236 
236 40 
232 236 
232 204 
232 232 
228 232 
236 232 
216 44 
236 216 
236 232 
236 236 
232 228 
48 44 
228 220 
228 208 
236 212 
232 208 
228 40 
232 208 
232 240 
232 236 
232 228 
232 44 
240 212 
332 240 
232 208 
232 228 
232 40 
232 224 
236 212 
240 208 
232 232 
232 40 
560 212 
232 240 
236 212 
232 232 
228 228 
236 44 
236 228 
232 212 
224 232 
232 408 
44 44 
232 212 
232 212 
232 208 
228 232 
236 44 
232 204 
232 236 
232 660 
232 232 
232 40 
232 208 
232 236 
232 208 
232 228 
232 44 
236 216 
240 220 
236 236 
228 232 
228 44 
236 212 
232 228 
228 212 
232 232 
236 232 
228 40 
232 208 
232 204 
240 252 
232 228 
52 40 
228 212 
236 244 
236 212 
228 228 
232 44 
232 244 
232 228 
236 212 
232 228 
232 232 
236 48 
240 208 
232 240 
228 228 
232 232 
236 44 
236 208 
252 216 
212 236 
232 232 
236 40 
232 212 
232 240 
228 208 
232 232 
44 40 
228 216 
208 236 
236 228 
232 232 
232 44 
228 248 
228 232 
240 208 
236 228 
228 44 
232 208 
232 236 
232 204 
240 232 
232 44 
228 212 
232 232 
236 208 
360 224 
228 40 
232 228 
228 232 
236 208 
228 232 
232 44 
232 212 
228 232 
604 228 
228 228 
236 236 
48 40 
240 208 
232 216 
232 228 
228 228 
232 44 
268 376 
228 208 
232 232 
232 232 
228 44 
236 212 
236 212 
232 208 
232 232 
228 40 
232 220 
236 228 
232 204 
232 232 
232 36 
232 244 
236 232 
240 216 
228 228 
232 40 
236 208 
228 228 
232 212 
228 232 
232 236 
44 44 
228 212 
236 236 
240 208 
236 236 
236 48 
236 216 
240 256 
232 212 
228 232 
232 36 
232 228 
236 216 
228 212 
236 232 
240 40 
236 236 
232 204 
228 204 
232 232 
232 40 
228 44 
232 216 
236 208 
240 232 
232 228 
48 160 
232 204 
236 236 
236 232 
232 228 
236 44 
236 208 
236 224 
236 212 
212 208 
236 44 
232 228 
232 228 
232 220 
232 228 
232 44 
232 208 
232 212 
236 204 
232 232 
232 44 
232 204 
232 212 
232 212 
228 232 
236 232 
380 44 
232 216 
236 212 
232 228 
232 228 
44 40 
236 212 
240 208 
236 212 
616 228 
228 40 
236 208 
232 216 
232 208 
232 228 
228 36 
240 212 
232 224 
228 452 
232 232 
232 48 
240 232 
236 212 
228 204 
228 232 
236 232 
228 44 
228 700 
232 208 
232 232 
236 228 
240 40 
228 204 
236 212 
232 204 
224 232 
52 48 
236 208 
236 204 
228 212 
236 228 
232 48 
232 212 
240 236 
236 208 
236 228 
228 44 
232 232 
232 228 
232 208 
232 236 
232 44 
240 204 
228 232 
236 212 
228 236 
224 232 
228 44 
232 212 
232 204 
232 236 
232 228 
236 44 
236 236 
228 208 
332 208 
228 228 
228 56 
236 44 
216 208 
240 236 
228 228 
236 224 
236 44 
236 228 
236 212 
232 216 
232 232 
220 48 
236 216 
240 216 
232 236 
228 232 
228 40 
232 244 
240 232 
236 212 
236 208 
232 44 
228 232 
236 248 
236 236 
232 232 
44 48 
236 212 
388 240 
228 212 
236 232 
232 232 
236 40 
236 216 
232 232 
236 216 
232 232 
604 44 
232 208 
228 208 
236 240 
224 228 
228 40 
236 212 
236 212 
232 212 
232 488 
232 236 
232 40 
232 212 
236 232 
260 208 
232 228 
44 40 
236 216 
236 708 
232 224 
228 228 
232 40 
236 208 
236 236 
244 248 
208 188 
200 192 
232 192 
232 328 
232 208 
208 232 
192 196 
192 200 
192 220 
240 220 
188 208 
280 228 
232 208 
232 232 
232 232 
196 232 
232 236 
232 236 
236 212 
216 236 
236 208 
232 212 
236 220 
236 240 
236 240 
236 208 
212 228 
236 228 
232 228 
232 232 
232 232 
228 232 
232 232 
232 228 
232 232 
216 232 
228 228 
228 228 
232 232 
232 232 
232 232 
232 204 
240 228 
236 204 
212 44 
232 232 
228 228 
236 208 
236 212 
236 220 
232 212 
232 232 
252 212 
220 236 
232 228 
232 232 
232 228 
232 228 
228 232 
228 236 
228 232 
404 232 
236 208 
236 232 
236 216 
236 208 
228 212 
228 216 
232 192 
192 208 
748 236 
220 300 
192 232 
192 228 
208 232 
240 228 
228 232 
224 232 
196 228 
200 240 
220 228 
228 216 
232 232 
232 192 
188 200 
212 228 
276 212 
224 236 
228 232 
228 232 
228 232 
232 232 
232 228 
196 232 
208 228 
228 228 
236 232 
232 232 
228 232 
232 232 
232 228 
212 232 
232 228 
192 232 
188 208 
232 192 
232 200 
192 228 
232 340 
196 192 
236 192 
232 232 
192 196 
236 192 
192 228 
208 232 
232 232 
236 228 
232 232 
232 232 
192 192 
208 228 
228 228 
208 232 
232 228 
228 232 
232 232 
328 228 
228 232 
236 228 
228 228 
240 232 
232 232 
228 228 
240 232 
196 228 
324 192 
188 208 
312 192 
212 260 
208 212 
192 208 
196 188 
208 208 
196 188 
192 216 
232 208 
208 548 
212 204 
192 212 
212 208 
208 192 
260 192 
212 228 
212 192 
232 192 
400 220 
192 188 
236 196 
192 212 
196 228 
184 200 
236 228 
208 232 
228 212 
684 296 
212 232 
236 212 
228 188 
228 228 
212 228 
232 188 
228 232 
192 192 
232 532 
232 228 
192 228 
232 232 
232 228 
204 204 
216 232 
232 192 
236 188 
232 232 
232 232 
236 232 
232 232 
236 208 
232 228 
228 228 
228 228 
208 228 
228 228 
212 232 
236 232 
232 232 
232 228 
232 232 
232 228 
232 232 
208 192 
192 308 
188 184 
228 192 
192 264 
228 232 
532 196 
192 204 
204 232 
192 224 
192 196 
188 228 
208 236 
232 232 
240 208 
236 224 
196 208 
192 192 
212 192 
228 204 
228 228 
236 228 
232 208 
232 192 
604 312 
216 228 
232 228 
236 236 
232 232 
232 212 
188 228 
232 352 
208 204 
196 192 
204 192 
228 232 
196 192 
232 208 
236 208 
236 196 
212 212 
212 224 
196 188 
192 212 
232 228 
212 228 
228 208 
228 208 
212 212 
212 212 
232 192 
192 224 
196 304 
228 212 
232 252 
228 212 
228 232 
208 228 
264 208 
232 236 
208 188 
204 388 
188 192 
204 244 
216 248 
208 196 
232 228 
212 196 
216 188 
216 224 
192 208 
320 232 
212 208 
228 268 
232 648 
232 460 
192 228 
196 184 
192 264 
224 188 
344 192 
208 188 
192 200 
188 252 
220 256 
232 228 
240 232 
236 228 
228 232 
232 228 
192 188 
232 228 
208 196 
192 208 
188 228 
232 228 
232 232 
232 232 
228 220 
236 224 
228 228 
220 192 
208 192 
232 236 
232 232 
228 228 
208 212 
192 228 
216 188 
192 188 
188 228 
240 188 
208 204 
224 188 
216 196 
208 228 
288 232 
1180 188 
216 192 
208 244 
196 224 
192 212 
212 228 
192 192 
192 204 
208 224 
260 192 
192 228 
232 236 
204 188 
188 188 
208 208 
236 288 
188 220 
232 232 
208 224 
212 208 
192 188 
212 232 
236 232 
192 232 
236 216 
224 188 
208 212 
192 196 
200 192 
196 228 
232 192 
204 192 
232 212 
188 228 
192 212 
212 208 
232 192 
208 232 
192 192 
312 192 
228 192 
212 208 
332 192 
216 216 
192 208 
212 192 
232 228 
196 312 
212 188 
192 208 
216 204 
232 232 
228 232 
232 228 
208 208 
192 200 
228 228 
232 236 
232 232 
212 184 
192 228 
192 232 
192 228 
212 316 
188 196 
204 228 
240 228 
232 200 
188 212 
228 328 
192 196 
272 212 
296 280 
228 188 
192 212 
196 208 
208 228 
204 232 
220 208 
228 228 
208 216 
228 232 
196 188 
216 188 
216 196 
192 188 
196 200 
208 232 
224 212 
192 208 
332 228 
196 216 
208 228 
204 232 
228 312 
224 208 
196 260 
236 216 
208 232 
208 212 
220 188 
232 192 
232 232 
212 208 
212 208 
208 208 
232 232 
204 192 
212 208 
204 264 
312 192 
192 204 
236 192 
228 352 
208 216 
296 192 
228 232 
196 192 
208 228 
228 232 
520 212 
236 192 
220 232 
196 220 
240 1228 
228 228 
232 232 
228 216 
232 228 
192 192 
220 224 
236 196 
196 212 
732 228 
208 228 
232 300 
228 232 
232 232 
228 232 
220 228 
216 228 
204 188 
232 588 
240 268 
208 228 
232 208 
232 232 
232 188 
232 244 
196 192 
196 192 
196 240 
232 196 
192 212 
212 212 
192 260 
192 232 
192 228 
208 224 
240 196 
212 192 
236 204 
228 228 
192 224 
232 232 
228 196 
188 220 
228 228 
232 192 
208 208 
192 524 
232 232 
288 196 
232 228 
208 216 
232 228 
232 188 
228 228 
232 228 
216 220 
232 228 
232 204 
236 208 
228 228 
208 208 
232 228 
232 228 
192 200 
232 224 
232 232 
228 232 
232 232 
216 188 
192 192 
228 232 
228 228 
228 228 
220 232 
208 232 
232 232 
232 232 
192 228 
212 208 
232 192 
208 212 
208 228 
200 188 
212 232 
232 228 
212 228 
288 192 
208 208 
216 232 
208 232 
216 192 
232 212 
192 220 
232 232 
232 228 
216 220 
192 228 
196 228 
232 236 
208 208 
208 192 
208 232 
196 216 
208 192 
