# ./FR-trace starting at Thu Mar 19 00:34:43 2020
################# CONFIG #################
# slot=5000
# samples=10000
# threshold=100
# idle=500
# minlen=500
# runs=10000
# pdathreads=2
# nmonitored=2
#   monitor0=../apps/openssl ecp_smpl.c:927 0x1e3e58
#   monitor1=../apps/openssl ecp_smpl.c:934 0x1e3af3
# nevicted=0
# npdatargets=2
#   target0=../apps/openssl bn_lib.c:514 0x102fb9
#   target1=../apps/openssl bn_lib.c:543 0x103025
# affinity=all
############## SYSTEM INFO ###############
# mastik_version=
# sysname=Linux
# nodename=lovelace
# release=5.3.7-arch1-1-ARCH
# version=#1 SMP PREEMPT Fri Oct 18 00:17:03 UTC 2019
# machine=x86_64
################## DATA ##################
# run=1010
# datapoints=1143
52 44 
196 208 
56 144 
44 52 
208 196 
240 212 
196 208 
236 408 
200 220 
196 192 
196 196 
232 248 
192 192 
44 48 
60 48 
48 52 
244 240 
244 240 
192 240 
44 44 
236 192 
232 236 
52 44 
204 196 
196 196 
208 44 
192 200 
212 196 
248 44 
236 204 
408 240 
196 48 
196 212 
228 232 
204 44 
236 192 
240 48 
196 192 
232 236 
244 52 
204 196 
208 208 
196 232 
232 48 
188 752 
200 220 
196 44 
864 228 
188 200 
200 44 
248 236 
228 220 
216 48 
244 212 
216 212 
204 44 
232 212 
216 216 
220 88 
216 44 
236 236 
232 200 
220 44 
224 216 
228 228 
224 44 
412 236 
220 192 
236 44 
236 216 
236 220 
204 44 
220 212 
236 196 
236 44 
232 192 
224 228 
212 48 
204 228 
192 216 
352 48 
212 212 
212 236 
236 48 
212 224 
224 188 
236 56 
192 220 
220 212 
232 52 
212 224 
232 236 
248 48 
220 212 
232 240 
192 48 
336 200 
244 244 
196 236 
204 44 
236 208 
196 200 
196 236 
236 48 
200 196 
196 188 
232 48 
204 236 
764 204 
196 48 
200 200 
232 264 
216 48 
200 200 
324 200 
236 48 
208 216 
220 208 
196 48 
244 204 
228 236 
236 52 
228 232 
232 220 
280 40 
236 492 
252 192 
208 236 
216 48 
220 212 
244 44 
216 232 
232 236 
236 48 
232 280 
224 212 
228 44 
240 240 
236 248 
212 52 
216 216 
236 240 
212 48 
232 52 
216 240 
216 216 
220 52 
232 268 
204 48 
196 192 
232 220 
220 44 
236 220 
216 188 
208 220 
232 48 
192 192 
232 228 
216 236 
192 48 
204 204 
208 236 
200 48 
220 268 
244 232 
204 48 
200 204 
236 252 
240 56 
188 200 
220 232 
256 48 
232 240 
244 288 
216 48 
240 236 
244 236 
240 48 
240 236 
452 240 
248 52 
240 212 
200 224 
212 44 
240 188 
236 192 
240 196 
236 48 
200 192 
236 44 
208 196 
196 220 
244 44 
220 228 
216 220 
200 44 
216 216 
244 412 
356 52 
236 212 
240 212 
200 124 
216 44 
216 232 
196 44 
248 220 
240 212 
232 212 
216 48 
244 236 
212 240 
240 44 
196 204 
220 212 
232 44 
228 224 
232 216 
240 44 
220 192 
212 224 
240 44 
212 240 
236 232 
196 192 
236 44 
248 236 
216 228 
216 48 
236 232 
216 44 
232 228 
244 240 
224 192 
236 52 
216 192 
212 212 
196 44 
236 192 
188 204 
240 48 
204 196 
200 272 
216 48 
244 228 
228 232 
240 52 
296 228 
340 240 
232 48 
236 232 
196 240 
204 44 
200 196 
548 224 
240 52 
232 236 
232 236 
200 56 
192 204 
236 248 
192 48 
200 192 
236 232 
204 44 
192 192 
196 236 
220 52 
216 212 
220 48 
208 216 
228 236 
344 48 
196 212 
232 44 
396 212 
324 216 
248 48 
220 216 
236 220 
236 48 
212 216 
240 232 
564 48 
592 212 
232 232 
192 196 
232 40 
240 236 
216 44 
216 240 
240 192 
208 52 
232 428 
216 192 
232 48 
224 212 
220 200 
216 44 
236 208 
208 220 
216 220 
236 44 
200 192 
204 200 
240 40 
212 220 
216 360 
216 236 
216 44 
200 220 
192 240 
240 44 
204 220 
240 236 
200 48 
196 196 
240 52 
200 196 
228 208 
236 44 
196 192 
236 232 
240 236 
196 52 
592 236 
200 196 
208 48 
240 212 
212 236 
212 44 
236 212 
200 200 
200 52 
200 240 
200 312 
204 44 
236 236 
236 60 
236 280 
192 188 
200 48 
232 220 
196 236 
196 44 
240 232 
196 204 
196 196 
192 44 
204 192 
196 236 
204 48 
236 204 
196 196 
236 44 
200 196 
240 236 
212 48 
220 200 
232 236 
212 44 
396 192 
236 216 
216 48 
240 208 
236 216 
212 300 
328 52 
240 236 
228 324 
536 52 
228 196 
216 216 
216 52 
236 212 
212 212 
216 220 
232 52 
216 232 
208 216 
240 44 
236 200 
224 204 
204 48 
236 196 
220 192 
240 232 
216 52 
236 488 
220 208 
220 52 
232 232 
216 200 
192 48 
236 196 
216 208 
236 208 
228 52 
252 212 
216 212 
224 44 
200 224 
236 236 
216 44 
212 216 
208 40 
220 200 
200 200 
224 48 
220 224 
240 228 
232 56 
212 224 
228 228 
196 56 
240 212 
232 232 
200 44 
204 200 
240 236 
244 44 
200 220 
192 232 
204 48 
236 192 
236 236 
208 48 
232 236 
196 56 
292 192 
236 232 
228 44 
200 192 
244 236 
200 220 
216 44 
232 232 
204 200 
196 52 
220 236 
192 52 
240 216 
196 204 
196 200 
228 48 
196 196 
224 232 
196 48 
204 196 
192 196 
236 56 
208 192 
196 208 
240 48 
232 212 
192 216 
196 52 
196 224 
236 236 
196 52 
212 240 
232 236 
216 52 
240 232 
208 52 
232 208 
240 220 
200 44 
240 192 
240 236 
200 204 
212 48 
236 236 
212 196 
624 48 
240 208 
200 216 
216 56 
220 196 
196 204 
236 60 
216 228 
240 208 
236 44 
220 440 
200 236 
240 52 
220 212 
236 216 
216 236 
232 48 
212 248 
280 44 
220 212 
216 208 
216 228 
212 48 
376 232 
216 56 
216 216 
232 240 
208 240 
212 44 
236 216 
216 228 
216 44 
220 192 
240 212 
192 48 
236 212 
208 212 
208 232 
236 44 
236 208 
200 204 
236 48 
212 216 
204 216 
200 56 
224 216 
220 236 
192 52 
236 188 
236 232 
216 48 
196 208 
252 252 
204 192 
236 44 
232 224 
232 200 
232 52 
196 200 
204 200 
216 44 
188 212 
188 188 
188 260 
204 52 
216 196 
232 40 
192 196 
236 236 
208 48 
208 220 
236 236 
220 56 
296 196 
212 208 
208 232 
188 48 
220 404 
196 52 
232 240 
208 200 
196 192 
200 48 
224 232 
200 200 
236 40 
196 192 
532 236 
240 52 
200 204 
240 232 
236 232 
224 44 
196 196 
1104 212 
664 40 
212 236 
236 240 
216 48 
220 240 
244 44 
312 208 
236 228 
212 44 
236 556 
236 48 
224 244 
224 212 
240 48 
208 208 
188 216 
248 44 
216 220 
228 748 
232 236 
216 48 
232 216 
240 232 
220 48 
228 216 
212 208 
212 216 
236 52 
228 212 
232 216 
208 44 
212 212 
216 244 
236 48 
228 220 
220 232 
240 48 
212 192 
252 300 
200 196 
212 216 
360 204 
208 200 
248 192 
236 236 
236 400 
196 204 
308 232 
196 200 
200 204 
204 196 
196 212 
232 192 
240 240 
236 272 
512 264 
336 236 
240 212 
236 236 
232 232 
240 244 
260 192 
224 196 
220 216 
240 240 
192 192 
240 236 
204 196 
196 236 
216 212 
196 196 
212 232 
204 212 
228 196 
204 52 
236 240 
200 212 
216 244 
236 212 
212 232 
192 232 
308 188 
204 192 
240 620 
244 236 
236 236 
696 232 
196 196 
196 188 
240 240 
196 228 
224 220 
240 216 
192 192 
212 204 
408 200 
196 196 
240 236 
204 188 
216 220 
196 212 
216 324 
244 196 
244 212 
204 196 
196 196 
408 236 
208 220 
232 188 
232 212 
212 200 
208 240 
236 208 
212 216 
232 240 
196 212 
560 196 
236 236 
196 212 
240 196 
236 236 
220 196 
244 188 
244 236 
192 216 
212 224 
216 236 
212 212 
228 208 
212 244 
192 200 
260 216 
240 220 
212 200 
244 236 
220 212 
216 192 
216 232 
240 216 
212 220 
240 212 
232 196 
216 216 
236 192 
212 216 
232 240 
212 212 
236 240 
192 236 
192 240 
760 196 
212 200 
212 224 
232 240 
192 196 
220 192 
232 224 
216 216 
236 220 
232 192 
192 220 
236 228 
200 196 
208 200 
240 224 
240 236 
236 244 
240 1040 
232 236 
216 236 
336 232 
248 252 
232 232 
240 232 
236 232 
236 200 
192 196 
216 216 
224 236 
188 232 
204 236 
496 192 
216 208 
236 192 
196 200 
204 208 
232 192 
228 196 
188 204 
236 232 
192 372 
196 196 
216 240 
208 220 
240 240 
196 196 
204 204 
216 240 
216 224 
224 552 
236 232 
216 212 
228 208 
208 208 
220 208 
204 212 
236 200 
212 208 
220 248 
224 208 
204 204 
328 260 
236 216 
212 212 
216 212 
216 196 
212 216 
240 208 
196 208 
204 212 
216 236 
220 216 
196 220 
232 208 
192 208 
216 196 
244 216 
200 216 
216 216 
216 240 
228 188 
200 204 
220 192 
196 192 
772 208 
216 232 
220 216 
220 216 
240 204 
248 200 
204 236 
440 240 
200 192 
196 220 
240 212 
196 212 
244 196 
224 192 
192 200 
188 212 
212 200 
220 212 
204 212 
196 196 
480 220 
216 212 
208 196 
312 188 
216 220 
196 200 
192 196 
232 196 
364 236 
236 208 
244 200 
200 208 
208 200 
248 212 
200 196 
216 208 
196 220 
208 204 
192 212 
236 236 
204 212 
216 192 
288 192 
236 272 
204 200 
220 232 
228 220 
212 244 
212 212 
216 196 
192 196 
740 184 
192 228 
220 236 
236 208 
200 208 
244 208 
196 216 
240 232 
236 240 
236 588 
212 236 
196 192 
224 204 
212 220 
228 192 
240 220 
212 200 
236 196 
240 208 
192 196 
220 220 
208 192 
232 556 
200 268 
208 196 
220 212 
216 200 
444 220 
324 240 
232 204 
220 228 
216 232 
212 196 
1300 324 
240 212 
204 196 
192 200 
244 232 
204 220 
200 204 
212 212 
244 236 
228 208 
216 228 
196 236 
236 204 
204 204 
204 244 
220 212 
208 188 
284 328 
192 220 
196 196 
212 196 
264 252 
208 192 
188 188 
200 196 
236 236 
196 216 
216 192 
208 200 
200 196 
216 200 
196 196 
196 208 
212 196 
196 320 
212 200 
196 188 
196 192 
192 192 
192 196 
212 192 
196 196 
232 320 
204 192 
288 196 
196 236 
412 196 
232 216 
196 252 
236 588 
192 196 
196 204 
236 240 
196 208 
228 216 
192 252 
216 304 
192 216 
236 208 
236 204 
192 196 
240 196 
244 200 
192 192 
212 208 
196 232 
192 196 
272 220 
204 192 
212 196 
208 196 
192 220 
228 200 
236 200 
200 232 
240 236 
212 232 
196 192 
220 200 
208 204 
200 208 
232 212 
192 224 
232 212 
868 200 
216 208 
244 232 
212 216 
228 212 
212 212 
232 220 
212 192 
208 192 
232 232 
196 232 
424 304 
216 412 
248 208 
220 208 
216 200 
196 224 
192 196 
196 192 
232 308 
196 192 
236 220 
200 228 
240 196 
200 200 
200 312 
188 192 
204 192 
308 236 
192 196 
232 312 
196 216 
192 192 
604 224 
224 208 
192 192 
264 284 
192 192 
244 196 
212 196 
228 192 
324 192 
196 200 
236 216 
216 244 
228 208 
416 208 
216 236 
212 192 
232 232 
192 208 
216 236 
216 208 
220 240 
208 212 
260 224 
236 212 
212 220 
228 244 
208 232 
212 236 
208 208 
212 220 
232 228 
536 208 
244 208 
208 208 
920 236 
228 212 
216 208 
208 192 
200 192 
236 188 
196 236 
196 196 
212 232 
216 216 
216 236 
236 232 
212 196 
232 232 
216 220 
216 208 
240 236 
224 208 
216 208 
232 212 
240 208 
212 216 
228 216 
236 232 
212 212 
240 228 
212 236 
216 212 
232 232 
216 200 
236 216 
204 228 
200 224 
236 232 
224 192 
260 192 
216 212 
196 196 
232 240 
192 232 
236 232 
200 196 
196 208 
216 232 
204 240 
236 232 
204 232 
408 236 
244 232 
244 240 
200 236 
232 200 
236 240 
240 240 
208 192 
236 236 
216 240 
228 300 
236 208 
196 188 
228 204 
232 232 
196 204 
188 228 
208 216 
216 244 
232 212 
208 220 
236 232 
216 212 
232 236 
212 212 
236 228 
224 232 
208 368 
240 208 
216 212 
236 212 
236 236 
208 208 
240 212 
228 216 
204 228 
304 208 
300 212 
232 236 
216 224 
240 236 
212 220 
196 200 
232 236 
200 192 
548 200 
196 232 
184 208 
232 204 
192 200 
192 192 
228 232 
208 208 
200 228 
216 716 
216 212 
208 212 
216 208 
236 216 
