# ./FR-trace starting at Thu Mar 19 02:04:14 2020
################# CONFIG #################
# slot=5000
# samples=10000
# threshold=100
# idle=500
# minlen=500
# runs=10000
# pdathreads=2
# nmonitored=2
#   monitor0=../apps/openssl ecp_smpl.c:927 0x1e3e58
#   monitor1=../apps/openssl ecp_smpl.c:934 0x1e3af3
# nevicted=0
# npdatargets=2
#   target0=../apps/openssl bn_lib.c:514 0x102fb9
#   target1=../apps/openssl bn_lib.c:543 0x103025
# affinity=all
############## SYSTEM INFO ###############
# mastik_version=
# sysname=Linux
# nodename=lovelace
# release=5.3.7-arch1-1-ARCH
# version=#1 SMP PREEMPT Fri Oct 18 00:17:03 UTC 2019
# machine=x86_64
################## DATA ##################
# run=5995
# datapoints=1559
236 40 
44 228 
44 40 
44 228 
44 44 
48 44 
232 232 
228 212 
236 212 
216 212 
232 232 
232 212 
232 208 
236 208 
236 212 
232 212 
232 212 
304 208 
228 208 
236 232 
224 208 
236 208 
236 236 
232 232 
44 40 
236 208 
532 204 
236 208 
232 232 
228 232 
240 44 
236 208 
232 212 
232 208 
240 232 
232 412 
232 44 
236 212 
236 208 
236 232 
228 228 
224 44 
240 212 
240 240 
232 628 
240 232 
228 40 
228 208 
236 208 
240 224 
228 232 
232 40 
240 224 
232 208 
236 220 
228 232 
228 44 
236 204 
228 212 
236 236 
232 216 
232 232 
232 44 
228 208 
232 208 
232 204 
232 228 
236 40 
236 220 
240 208 
244 212 
228 232 
232 40 
228 212 
232 208 
236 224 
236 236 
232 232 
232 44 
236 212 
228 208 
232 208 
232 228 
232 40 
232 212 
240 240 
204 212 
236 232 
228 44 
244 236 
228 208 
240 252 
232 232 
228 44 
236 212 
212 212 
232 208 
232 232 
232 48 
232 240 
228 232 
232 212 
236 236 
236 40 
212 236 
232 228 
232 204 
232 228 
232 48 
240 208 
232 216 
232 212 
316 228 
232 40 
236 208 
240 236 
240 212 
232 228 
236 104 
236 44 
228 212 
548 228 
232 232 
232 232 
228 52 
236 236 
240 236 
232 212 
228 232 
228 40 
232 428 
228 236 
240 208 
228 232 
232 44 
232 212 
228 236 
228 208 
232 228 
240 44 
232 236 
224 232 
228 208 
236 232 
232 44 
232 212 
232 208 
236 208 
232 236 
236 36 
232 212 
232 208 
232 216 
228 232 
228 48 
236 44 
236 208 
240 220 
236 208 
232 228 
232 44 
236 208 
228 232 
232 212 
236 236 
232 40 
228 212 
236 208 
232 212 
228 228 
236 204 
236 48 
240 204 
236 216 
236 212 
232 236 
232 40 
228 216 
232 232 
236 208 
232 228 
208 44 
232 216 
240 216 
236 212 
232 232 
232 40 
236 236 
236 236 
240 220 
212 236 
232 40 
236 44 
236 212 
236 236 
236 208 
228 232 
232 44 
268 216 
244 212 
236 216 
232 232 
232 44 
236 244 
240 236 
228 220 
232 232 
352 40 
232 232 
232 228 
232 212 
232 232 
232 44 
236 208 
232 248 
240 240 
564 232 
232 228 
232 40 
236 208 
240 232 
228 208 
228 228 
232 44 
236 212 
236 412 
236 204 
228 228 
228 40 
236 212 
256 208 
228 208 
232 228 
228 232 
240 48 
236 236 
236 228 
236 228 
232 232 
240 44 
232 208 
236 208 
232 232 
228 232 
240 44 
228 208 
232 208 
232 232 
232 228 
236 44 
236 204 
236 236 
232 232 
236 228 
228 44 
240 212 
224 212 
232 236 
228 232 
232 44 
232 204 
236 208 
236 204 
228 228 
232 44 
240 212 
236 208 
240 244 
232 228 
228 44 
232 228 
232 208 
236 236 
236 240 
236 228 
228 44 
208 208 
232 208 
232 220 
236 228 
228 228 
232 44 
236 212 
236 252 
240 208 
212 232 
232 44 
232 216 
232 212 
236 236 
240 228 
232 44 
232 240 
232 232 
212 240 
228 228 
228 48 
232 212 
228 228 
240 208 
228 224 
236 44 
352 236 
228 208 
236 236 
232 208 
232 228 
232 44 
240 212 
232 232 
236 248 
580 228 
232 40 
228 228 
232 232 
232 208 
232 228 
232 44 
244 208 
240 220 
232 448 
232 232 
236 40 
236 212 
240 232 
240 220 
228 228 
228 236 
232 44 
232 676 
240 216 
232 228 
228 228 
232 44 
232 212 
228 212 
244 212 
228 232 
232 40 
228 208 
228 228 
236 208 
232 236 
228 44 
236 240 
236 228 
232 204 
228 228 
232 40 
228 212 
232 236 
236 240 
228 236 
236 40 
236 228 
232 208 
232 240 
228 228 
228 44 
228 232 
232 240 
236 208 
232 228 
232 44 
236 216 
228 208 
240 208 
232 228 
232 40 
232 228 
236 216 
220 208 
236 228 
232 44 
228 208 
240 240 
240 208 
236 232 
236 40 
232 212 
212 228 
232 216 
236 232 
232 44 
232 252 
232 232 
236 208 
236 228 
232 44 
232 256 
236 232 
236 204 
232 228 
232 40 
228 204 
236 208 
228 240 
392 228 
232 212 
236 44 
228 232 
232 204 
236 232 
232 232 
232 44 
236 216 
628 240 
232 232 
232 236 
240 40 
228 212 
240 236 
240 212 
228 228 
232 44 
236 476 
240 212 
228 208 
232 228 
224 44 
236 208 
232 228 
232 212 
228 236 
236 40 
232 212 
232 232 
240 208 
228 232 
232 48 
232 244 
244 228 
240 252 
232 232 
228 40 
244 208 
236 240 
240 208 
228 228 
228 228 
240 44 
244 232 
232 236 
236 208 
232 232 
228 40 
232 208 
236 204 
236 212 
228 228 
240 40 
236 240 
236 212 
240 212 
236 232 
232 228 
224 44 
240 204 
240 208 
232 232 
228 228 
236 44 
228 208 
236 240 
236 232 
228 228 
216 40 
236 212 
240 220 
232 232 
232 228 
228 44 
236 212 
236 232 
232 208 
208 208 
228 44 
232 216 
236 216 
244 216 
236 236 
228 232 
228 40 
220 212 
236 212 
232 224 
232 236 
228 40 
236 236 
240 232 
232 212 
232 232 
388 48 
236 236 
236 232 
232 212 
228 232 
228 40 
232 216 
232 228 
232 208 
648 228 
228 44 
240 248 
232 208 
236 236 
232 232 
232 40 
236 240 
228 228 
236 488 
232 228 
228 40 
232 236 
232 232 
236 212 
240 232 
236 40 
236 216 
232 732 
236 212 
228 228 
228 40 
228 236 
232 236 
228 220 
228 228 
228 40 
236 240 
240 232 
236 216 
228 204 
232 228 
236 40 
232 212 
236 220 
228 208 
228 236 
236 40 
240 240 
236 248 
232 228 
232 228 
232 44 
236 208 
236 236 
232 208 
232 236 
232 40 
236 224 
232 208 
236 232 
228 228 
232 44 
232 208 
232 212 
236 216 
232 232 
240 44 
236 212 
232 236 
212 204 
232 232 
232 44 
232 248 
232 212 
232 208 
232 228 
228 40 
236 216 
216 212 
236 212 
228 232 
232 232 
236 40 
240 212 
236 212 
232 232 
212 232 
236 44 
232 228 
228 212 
228 228 
232 232 
236 44 
232 216 
236 236 
408 232 
228 208 
228 44 
236 236 
232 204 
236 208 
232 232 
240 44 
232 216 
672 208 
232 228 
228 232 
232 48 
236 212 
236 208 
236 208 
228 228 
232 44 
236 484 
236 232 
228 212 
236 232 
236 228 
232 44 
232 208 
228 204 
236 232 
228 740 
228 40 
240 228 
236 232 
240 236 
228 228 
228 44 
232 208 
232 236 
232 212 
236 228 
228 44 
232 204 
232 228 
232 204 
232 232 
232 228 
232 40 
240 208 
236 212 
252 208 
232 228 
228 44 
232 208 
236 232 
240 236 
236 228 
232 44 
232 44 
268 212 
240 240 
232 232 
232 228 
232 48 
236 216 
232 236 
236 212 
232 232 
228 40 
228 216 
248 208 
236 216 
212 232 
232 44 
236 208 
236 212 
240 212 
228 232 
228 44 
228 212 
236 208 
212 208 
232 228 
232 44 
232 212 
240 216 
236 212 
228 224 
232 48 
220 224 
236 212 
236 212 
232 236 
232 244 
232 44 
240 212 
232 208 
228 228 
444 228 
228 44 
240 212 
240 228 
236 212 
232 232 
236 44 
232 212 
232 236 
704 212 
232 228 
228 40 
232 208 
232 212 
236 228 
228 232 
236 172 
232 48 
232 520 
236 244 
236 212 
236 228 
232 40 
240 212 
232 228 
236 216 
232 228 
228 44 
232 228 
236 236 
232 208 
236 212 
236 228 
236 40 
232 216 
236 232 
232 208 
228 232 
232 40 
228 212 
232 236 
232 204 
236 232 
240 44 
232 248 
232 204 
232 252 
232 232 
232 40 
236 208 
232 208 
240 236 
232 232 
228 48 
240 216 
232 204 
228 216 
232 228 
232 232 
236 44 
232 212 
236 224 
236 212 
236 232 
228 44 
236 204 
236 236 
244 236 
232 228 
212 44 
236 240 
232 232 
240 212 
240 236 
236 40 
236 204 
228 216 
240 236 
204 204 
232 36 
236 44 
228 212 
240 236 
236 208 
232 232 
232 44 
208 208 
236 208 
228 212 
228 228 
232 36 
232 208 
236 232 
264 208 
232 228 
444 44 
240 212 
232 212 
236 244 
232 228 
232 48 
232 216 
236 232 
236 228 
704 232 
232 44 
240 232 
240 236 
232 208 
232 228 
232 44 
228 216 
240 208 
236 548 
228 228 
228 40 
236 208 
224 212 
232 212 
232 212 
228 228 
232 48 
232 212 
244 216 
236 212 
232 228 
232 44 
236 212 
232 212 
232 232 
232 232 
232 40 
236 212 
236 212 
236 212 
228 232 
228 36 
240 204 
232 212 
240 244 
228 204 
232 228 
228 44 
236 212 
240 240 
232 208 
228 232 
232 40 
236 204 
228 216 
236 212 
240 232 
232 40 
232 224 
232 216 
216 208 
228 232 
228 44 
228 204 
232 212 
236 236 
228 224 
232 44 
232 236 
204 212 
232 208 
232 232 
228 40 
236 44 
232 216 
236 208 
232 228 
232 232 
212 40 
244 228 
228 220 
232 236 
232 228 
232 44 
232 212 
236 212 
228 208 
232 212 
236 44 
232 212 
228 236 
232 208 
232 232 
228 44 
232 220 
488 236 
236 240 
232 232 
236 44 
236 236 
236 232 
264 212 
236 232 
232 44 
704 208 
236 216 
232 208 
236 228 
232 44 
232 212 
232 240 
240 236 
228 232 
232 44 
236 204 
232 232 
240 212 
232 228 
232 228 
236 40 
236 204 
236 208 
232 232 
232 228 
228 44 
232 212 
236 208 
232 208 
232 228 
228 40 
232 232 
232 248 
236 236 
228 232 
240 44 
232 220 
232 208 
236 208 
228 232 
228 160 
236 44 
232 212 
232 208 
232 212 
228 232 
232 44 
228 212 
228 228 
232 204 
232 228 
232 44 
228 212 
236 232 
232 240 
232 232 
208 44 
232 208 
228 212 
236 212 
228 232 
232 236 
232 48 
240 212 
236 240 
212 204 
232 228 
232 40 
236 212 
232 224 
240 212 
228 228 
228 44 
232 216 
216 232 
224 208 
232 228 
228 44 
236 204 
240 212 
252 208 
232 208 
240 228 
236 40 
240 228 
228 204 
236 208 
236 236 
228 44 
232 232 
232 212 
484 224 
228 232 
236 44 
236 204 
240 236 
232 208 
232 228 
232 40 
240 44 
744 212 
232 212 
228 208 
232 232 
228 44 
228 208 
232 204 
232 232 
232 228 
236 44 
236 216 
244 216 
232 208 
228 228 
236 44 
240 212 
232 236 
240 232 
228 232 
232 40 
236 208 
236 236 
236 220 
232 232 
236 44 
232 220 
236 212 
240 216 
236 224 
232 236 
240 44 
236 240 
232 216 
228 228 
228 232 
240 40 
228 208 
232 208 
228 224 
232 232 
232 48 
236 216 
232 208 
236 236 
192 228 
228 232 
208 204 
228 192 
228 232 
208 384 
204 212 
216 228 
228 228 
228 232 
232 232 
232 208 
236 208 
236 216 
236 204 
240 212 
212 208 
236 212 
236 236 
240 236 
228 228 
232 232 
232 232 
232 232 
232 228 
216 208 
236 232 
232 232 
232 232 
232 232 
232 232 
232 228 
232 228 
292 224 
224 208 
232 212 
236 240 
236 236 
232 44 
232 232 
232 232 
236 208 
532 212 
236 208 
232 232 
232 232 
232 236 
232 236 
232 236 
228 228 
232 232 
232 392 
232 232 
236 228 
232 232 
228 232 
232 228 
232 232 
236 208 
228 212 
236 592 
232 228 
232 228 
204 188 
188 208 
228 232 
228 236 
232 228 
232 192 
236 232 
232 232 
236 208 
232 232 
196 228 
224 228 
212 208 
204 232 
232 204 
228 232 
236 232 
228 232 
232 228 
232 208 
236 228 
236 208 
232 232 
232 232 
228 228 
236 228 
232 232 
232 228 
228 228 
232 232 
232 188 
232 232 
228 228 
228 232 
236 232 
236 232 
232 236 
228 232 
228 232 
212 228 
228 232 
232 232 
232 232 
236 232 
232 228 
228 208 
236 232 
232 228 
228 228 
228 232 
232 240 
228 228 
232 232 
232 204 
228 192 
232 228 
232 232 
208 208 
232 236 
228 228 
232 228 
228 228 
232 228 
236 232 
236 236 
304 236 
228 208 
208 228 
232 192 
208 232 
228 232 
228 232 
232 228 
236 232 
536 232 
232 232 
228 232 
236 232 
232 192 
232 228 
232 232 
240 232 
232 232 
228 396 
232 228 
232 228 
232 232 
228 228 
232 232 
228 232 
232 232 
232 232 
228 664 
232 232 
228 228 
228 236 
232 228 
232 232 
232 232 
232 232 
228 232 
232 232 
200 192 
268 248 
232 208 
228 228 
232 232 
232 208 
228 228 
228 212 
196 232 
228 228 
188 232 
228 232 
228 236 
220 232 
232 232 
228 228 
232 188 
228 232 
232 208 
228 228 
232 204 
196 232 
212 620 
232 232 
232 192 
232 232 
228 224 
228 228 
228 232 
212 228 
236 228 
232 232 
236 232 
232 212 
192 228 
236 188 
228 228 
232 188 
220 236 
236 228 
364 224 
208 208 
232 228 
220 236 
192 192 
228 228 
228 232 
212 208 
232 232 
224 196 
0 0 
0 0 
0 0 
232 228 
232 228 
212 196 
228 232 
232 200 
236 232 
228 212 
188 240 
212 188 
236 232 
232 188 
216 232 
256 208 
212 188 
196 208 
280 188 
208 268 
204 212 
224 188 
212 216 
236 208 
228 232 
232 228 
224 416 
228 192 
228 228 
232 228 
224 208 
208 228 
240 232 
232 228 
196 188 
212 696 
228 232 
228 228 
228 236 
232 228 
232 228 
208 208 
204 192 
228 228 
232 208 
232 232 
232 232 
204 192 
232 236 
212 300 
228 212 
192 224 
208 232 
232 236 
232 232 
204 228 
196 224 
188 232 
224 208 
212 212 
212 188 
208 212 
232 228 
232 192 
192 188 
272 228 
188 232 
208 228 
228 228 
232 232 
232 232 
228 212 
228 232 
228 228 
208 232 
192 232 
212 208 
196 232 
212 192 
232 208 
228 232 
228 232 
228 232 
216 232 
236 200 
192 196 
208 228 
228 228 
232 232 
232 188 
192 208 
320 200 
208 216 
228 232 
232 232 
196 232 
192 232 
212 188 
224 204 
232 208 
196 188 
236 228 
208 212 
332 232 
232 188 
188 192 
232 228 
204 232 
204 236 
232 188 
192 228 
232 228 
560 232 
228 216 
212 232 
204 192 
208 232 
192 228 
216 188 
232 216 
196 232 
228 232 
208 228 
192 224 
228 232 
196 212 
228 228 
208 212 
192 188 
232 232 
232 692 
232 228 
192 232 
240 204 
228 228 
192 260 
232 232 
228 240 
208 208 
232 232 
228 232 
236 228 
228 232 
232 232 
228 232 
236 256 
232 228 
228 232 
292 236 
232 228 
232 232 
208 232 
216 228 
192 188 
188 208 
232 232 
228 232 
232 232 
228 228 
228 228 
232 228 
192 232 
236 200 
232 192 
212 228 
228 228 
232 232 
192 228 
216 200 
232 188 
228 232 
232 228 
208 228 
232 228 
236 228 
228 232 
232 232 
240 236 
236 212 
236 232 
380 232 
208 208 
224 232 
232 232 
236 232 
232 232 
232 228 
232 232 
232 232 
232 228 
232 208 
232 232 
232 232 
232 232 
236 232 
232 232 
212 232 
192 188 
352 188 
228 208 
228 232 
232 204 
192 228 
232 232 
236 212 
232 232 
212 192 
608 228 
188 228 
224 280 
228 232 
232 232 
232 232 
236 228 
228 228 
196 236 
232 228 
228 232 
204 232 
236 188 
212 232 
232 232 
232 232 
232 228 
228 232 
208 192 
232 232 
204 208 
208 228 
232 212 
232 228 
232 192 
208 232 
228 192 
228 228 
232 208 
228 192 
216 204 
208 232 
228 284 
232 236 
232 228 
188 228 
232 232 
236 232 
236 232 
232 232 
208 236 
232 212 
216 228 
228 232 
232 232 
228 228 
196 212 
232 224 
228 228 
232 232 
232 232 
232 228 
232 228 
228 228 
232 228 
232 192 
212 208 
208 232 
228 232 
304 192 
212 208 
236 188 
232 228 
232 228 
232 232 
232 232 
240 232 
236 232 
232 232 
232 228 
224 228 
228 228 
212 232 
232 232 
232 228 
232 228 
232 208 
240 228 
232 208 
240 228 
232 188 
224 196 
232 224 
188 228 
236 228 
232 232 
368 196 
232 188 
192 232 
192 192 
232 228 
232 228 
232 232 
236 236 
236 232 
600 228 
232 192 
232 228 
232 232 
228 228 
232 228 
192 232 
228 232 
232 232 
232 664 
232 232 
232 228 
232 228 
232 228 
232 208 
232 228 
236 188 
232 228 
232 208 
236 232 
232 228 
228 208 
