# ./FR-trace starting at Thu Mar 19 00:54:52 2020
################# CONFIG #################
# slot=5000
# samples=10000
# threshold=100
# idle=500
# minlen=500
# runs=10000
# pdathreads=2
# nmonitored=2
#   monitor0=../apps/openssl ecp_smpl.c:927 0x1e3e58
#   monitor1=../apps/openssl ecp_smpl.c:934 0x1e3af3
# nevicted=0
# npdatargets=2
#   target0=../apps/openssl bn_lib.c:514 0x102fb9
#   target1=../apps/openssl bn_lib.c:543 0x103025
# affinity=all
############## SYSTEM INFO ###############
# mastik_version=
# sysname=Linux
# nodename=lovelace
# release=5.3.7-arch1-1-ARCH
# version=#1 SMP PREEMPT Fri Oct 18 00:17:03 UTC 2019
# machine=x86_64
################## DATA ##################
# run=2172
# datapoints=1313
356 36 
340 36 
240 36 
36 36 
416 424 
460 548 
548 172 
460 436 
536 464 
420 436 
416 436 
220 220 
420 460 
420 436 
232 216 
36 44 
444 456 
592 440 
216 244 
212 240 
428 36 
432 432 
244 220 
228 224 
432 36 
416 456 
220 244 
208 164 
420 36 
424 468 
232 216 
240 44 
448 420 
468 452 
232 220 
212 128 
452 36 
444 440 
216 224 
272 216 
308 36 
232 220 
232 224 
460 36 
416 460 
208 216 
220 40 
436 448 
252 420 
240 268 
224 48 
420 424 
240 244 
220 216 
220 40 
412 436 
208 212 
228 228 
312 36 
436 472 
340 260 
216 36 
412 428 
420 248 
212 224 
228 32 
432 332 
436 440 
224 232 
232 236 
444 328 
448 420 
236 240 
212 244 
436 36 
432 420 
224 236 
252 196 
464 36 
252 252 
304 376 
448 36 
532 428 
232 240 
228 228 
440 40 
244 428 
632 236 
228 40 
424 36 
416 420 
208 208 
228 40 
432 416 
240 424 
236 216 
256 40 
816 460 
232 240 
256 240 
436 36 
472 420 
216 224 
212 252 
592 36 
416 428 
212 216 
220 40 
412 436 
228 224 
240 240 
436 36 
416 432 
232 240 
224 40 
432 452 
224 220 
232 252 
488 36 
528 440 
344 344 
228 44 
356 36 
412 416 
212 224 
224 164 
416 36 
420 420 
212 232 
216 216 
432 36 
412 424 
252 276 
256 44 
468 500 
412 420 
220 236 
212 44 
416 424 
416 248 
264 276 
296 44 
240 240 
240 416 
704 216 
216 40 
436 492 
244 528 
248 252 
224 40 
440 484 
456 464 
264 328 
248 40 
420 584 
252 344 
260 176 
456 36 
416 420 
236 256 
252 132 
508 36 
436 420 
220 228 
236 48 
908 436 
416 720 
236 216 
208 40 
420 36 
224 220 
216 216 
212 36 
416 420 
452 256 
256 260 
224 40 
412 444 
256 440 
224 260 
220 36 
432 432 
216 264 
252 44 
452 440 
456 436 
252 216 
252 40 
460 452 
460 244 
260 216 
212 40 
224 460 
256 260 
252 232 
416 36 
228 256 
236 252 
232 244 
344 440 
232 236 
232 228 
248 36 
444 436 
456 440 
256 232 
248 36 
592 448 
248 240 
252 252 
436 36 
252 248 
260 236 
252 252 
344 36 
456 440 
256 232 
228 36 
452 444 
244 440 
236 252 
248 40 
428 436 
436 448 
232 252 
228 44 
452 444 
888 416 
228 220 
244 252 
224 248 
212 208 
248 220 
252 332 
248 208 
228 252 
252 228 
420 252 
240 256 
252 252 
272 256 
228 216 
212 236 
240 240 
252 256 
248 944 
452 252 
260 256 
256 256 
456 36 
468 436 
452 440 
256 256 
260 44 
456 700 
452 432 
252 260 
256 40 
456 444 
456 436 
256 260 
256 40 
456 436 
456 440 
256 260 
252 252 
456 36 
316 436 
252 252 
252 252 
680 36 
456 440 
460 440 
264 256 
252 36 
456 440 
456 436 
256 260 
252 40 
456 432 
256 252 
252 260 
252 32 
456 436 
252 256 
252 260 
452 36 
432 440 
252 260 
252 44 
452 444 
460 444 
260 252 
252 40 
456 440 
452 440 
236 240 
256 256 
456 36 
452 436 
260 260 
252 44 
456 36 
456 440 
260 256 
248 52 
456 440 
456 432 
252 256 
252 224 
460 36 
460 436 
248 256 
400 260 
436 36 
452 432 
456 440 
260 256 
252 40 
244 436 
456 436 
252 256 
684 44 
224 36 
456 436 
256 260 
260 260 
452 36 
456 432 
252 260 
256 256 
1144 36 
456 436 
252 260 
256 256 
456 36 
456 436 
252 240 
252 256 
452 36 
664 440 
252 252 
256 252 
452 240 
464 444 
252 256 
256 256 
256 32 
452 436 
252 256 
252 252 
252 32 
456 436 
256 248 
252 268 
452 36 
452 440 
252 264 
256 256 
392 36 
0 0 
0 0 
0 0 
0 0 
248 444 
452 436 
248 272 
260 260 
456 36 
456 440 
252 260 
252 248 
456 36 
456 440 
256 256 
248 208 
456 36 
452 436 
264 252 
252 44 
452 448 
456 436 
232 256 
252 256 
572 36 
452 440 
248 256 
252 256 
452 36 
460 436 
260 256 
236 232 
456 36 
452 440 
248 260 
256 56 
452 36 
460 440 
256 256 
224 40 
428 444 
456 440 
256 256 
252 264 
340 36 
460 436 
256 256 
256 36 
440 36 
452 440 
248 256 
260 256 
892 36 
456 440 
252 256 
252 252 
452 36 
696 436 
256 260 
264 252 
452 36 
460 440 
256 260 
256 256 
820 36 
456 436 
260 524 
252 260 
252 240 
260 440 
256 256 
252 264 
248 32 
456 440 
260 256 
248 220 
456 36 
460 436 
260 256 
256 80 
456 36 
452 432 
252 256 
256 260 
528 36 
252 436 
260 260 
252 264 
456 36 
456 436 
248 256 
256 256 
460 36 
456 436 
252 256 
256 260 
924 36 
456 436 
256 264 
256 256 
452 36 
460 436 
256 248 
252 264 
456 36 
452 436 
256 256 
252 264 
932 36 
452 436 
256 248 
252 260 
456 36 
456 436 
252 256 
252 40 
452 36 
436 436 
248 256 
256 256 
456 1144 
460 440 
464 252 
252 256 
252 40 
248 436 
440 252 
256 252 
248 36 
532 436 
456 440 
248 260 
252 36 
448 448 
460 436 
256 236 
256 248 
480 36 
456 440 
252 256 
256 272 
460 36 
452 432 
464 264 
248 244 
452 36 
456 440 
252 260 
248 44 
456 440 
252 236 
256 252 
640 36 
452 436 
256 232 
256 256 
448 36 
448 436 
460 256 
256 268 
260 36 
452 460 
456 440 
252 256 
256 140 
460 36 
448 436 
252 236 
252 256 
456 36 
456 636 
260 256 
256 40 
456 444 
452 440 
260 256 
256 268 
448 36 
452 432 
248 256 
256 256 
248 360 
452 436 
260 256 
248 260 
252 40 
460 440 
252 252 
264 256 
252 32 
252 436 
456 444 
264 252 
248 40 
460 440 
456 440 
252 260 
252 40 
452 880 
452 436 
244 260 
252 44 
456 440 
456 436 
252 256 
256 264 
452 36 
456 432 
256 256 
256 264 
460 36 
460 436 
228 268 
252 120 
452 36 
452 440 
248 264 
256 40 
460 440 
456 436 
260 256 
236 44 
452 432 
456 432 
260 256 
256 48 
488 460 
256 256 
252 260 
452 36 
452 432 
252 256 
252 256 
460 36 
452 440 
260 256 
252 256 
452 36 
684 436 
256 244 
256 40 
452 36 
460 444 
260 252 
252 256 
452 36 
256 440 
720 264 
252 260 
456 36 
456 440 
260 256 
256 264 
244 36 
452 440 
252 256 
252 40 
432 36 
456 440 
248 260 
248 40 
456 444 
460 444 
260 256 
256 40 
944 436 
456 444 
256 256 
260 48 
456 436 
456 436 
252 256 
248 232 
460 36 
452 436 
256 252 
252 256 
448 36 
456 432 
252 256 
252 108 
448 36 
460 436 
248 256 
256 248 
508 36 
456 436 
248 256 
256 40 
520 36 
456 440 
252 260 
260 40 
452 436 
456 436 
252 252 
244 264 
328 36 
432 432 
252 264 
260 256 
456 36 
452 440 
256 256 
256 260 
460 36 
452 436 
232 264 
260 256 
460 36 
456 444 
252 260 
256 252 
452 36 
448 432 
252 260 
224 236 
472 36 
452 436 
452 436 
248 264 
256 64 
452 36 
456 440 
260 264 
248 40 
456 36 
452 436 
252 256 
252 44 
456 36 
456 436 
252 252 
504 260 
252 308 
452 440 
252 260 
260 256 
456 36 
256 232 
260 260 
456 36 
760 440 
256 256 
252 252 
528 36 
260 444 
248 260 
268 264 
456 36 
452 444 
256 584 
256 264 
460 36 
460 440 
256 264 
256 252 
460 36 
456 436 
260 252 
256 40 
452 36 
460 436 
248 260 
252 260 
456 36 
456 436 
260 256 
248 108 
452 36 
456 436 
244 256 
248 260 
452 36 
452 436 
256 256 
256 40 
456 440 
452 444 
260 260 
252 40 
452 440 
456 444 
256 256 
252 40 
456 440 
452 436 
256 260 
252 252 
460 36 
456 436 
264 256 
248 44 
448 444 
456 440 
252 260 
260 256 
460 36 
448 440 
260 256 
248 212 
452 36 
440 436 
256 256 
252 260 
452 36 
456 436 
256 256 
256 252 
448 36 
452 436 
232 228 
252 84 
460 36 
456 436 
256 252 
252 44 
452 436 
464 440 
264 260 
252 232 
452 36 
464 436 
252 252 
260 260 
452 36 
456 436 
256 256 
532 44 
448 444 
452 440 
260 256 
252 40 
448 440 
476 444 
256 256 
248 40 
680 436 
452 436 
212 260 
252 256 
248 260 
224 212 
248 212 
204 228 
252 224 
236 232 
248 240 
204 212 
248 248 
228 252 
168 176 
248 36 
456 432 
240 260 
460 872 
456 448 
452 436 
460 264 
248 264 
252 252 
260 256 
248 260 
248 252 
252 256 
256 244 
248 256 
252 256 
248 256 
248 256 
252 256 
248 264 
252 256 
252 252 
456 436 
452 436 
248 236 
256 260 
460 448 
456 440 
248 252 
212 260 
252 256 
460 252 
252 256 
256 252 
248 264 
256 256 
240 252 
244 264 
252 260 
256 256 
248 260 
256 256 
256 264 
252 256 
252 260 
436 456 
456 440 
248 256 
256 240 
204 236 
248 260 
248 252 
252 252 
756 248 
232 232 
248 256 
228 252 
208 248 
260 240 
232 256 
212 236 
252 252 
248 252 
216 232 
252 252 
248 256 
252 252 
248 260 
252 252 
236 256 
252 232 
540 236 
248 256 
248 232 
248 256 
252 252 
248 256 
260 252 
244 260 
256 260 
252 380 
256 252 
248 256 
248 252 
248 256 
252 260 
240 252 
252 252 
248 264 
260 256 
208 232 
252 264 
252 256 
252 256 
248 256 
256 256 
252 260 
252 264 
248 264 
212 256 
252 260 
248 260 
256 256 
248 252 
252 252 
252 212 
252 252 
248 260 
248 256 
248 248 
256 256 
248 252 
228 212 
248 256 
236 252 
260 252 
248 256 
308 260 
256 260 
252 236 
212 252 
252 260 
252 256 
248 252 
248 232 
248 260 
252 256 
252 216 
208 264 
252 256 
416 256 
224 256 
256 260 
252 252 
248 252 
256 260 
248 248 
244 260 
248 252 
248 260 
224 236 
228 244 
252 256 
252 256 
264 256 
256 264 
264 256 
260 260 
252 260 
248 236 
252 252 
252 252 
252 256 
248 264 
256 260 
252 264 
256 256 
340 252 
256 240 
264 264 
252 260 
248 252 
256 256 
260 256 
252 256 
256 260 
560 256 
256 256 
260 260 
252 260 
264 260 
252 264 
256 256 
252 256 
252 252 
224 568 
228 256 
248 260 
228 256 
208 212 
220 252 
252 248 
252 232 
208 248 
252 644 
252 256 
256 236 
252 216 
252 260 
224 252 
252 240 
216 248 
208 216 
252 216 
260 260 
248 256 
208 232 
256 232 
248 220 
252 252 
248 260 
252 212 
252 260 
256 260 
252 256 
228 256 
252 256 
248 256 
228 256 
248 216 
232 256 
244 260 
248 260 
252 256 
228 216 
252 232 
208 260 
224 388 
236 256 
248 272 
256 212 
212 260 
212 212 
232 236 
236 252 
552 260 
228 232 
228 248 
224 236 
248 236 
224 256 
216 216 
232 220 
260 256 
252 268 
228 256 
212 268 
228 236 
216 212 
212 396 
256 252 
228 260 
220 252 
208 220 
224 260 
224 208 
220 236 
244 260 
240 212 
252 252 
228 212 
256 256 
344 260 
248 232 
248 256 
252 256 
252 232 
248 232 
248 236 
252 256 
244 264 
252 256 
252 252 
248 260 
260 260 
252 268 
260 256 
260 252 
244 208 
248 236 
240 232 
260 216 
208 252 
252 212 
208 212 
252 260 
308 256 
248 240 
248 216 
244 252 
224 260 
248 232 
248 256 
228 256 
216 256 
228 228 
232 256 
248 252 
232 212 
224 260 
228 228 
208 228 
220 208 
252 252 
240 252 
208 212 
232 256 
240 212 
268 224 
248 260 
252 264 
248 252 
248 628 
252 256 
224 232 
244 252 
228 260 
252 260 
216 252 
232 244 
248 236 
472 484 
212 252 
248 256 
252 256 
248 256 
244 248 
224 208 
248 256 
248 216 
212 256 
232 344 
264 248 
220 256 
232 224 
248 252 
248 232 
292 228 
228 308 
244 216 
256 252 
252 472 
248 260 
252 252 
252 232 
256 252 
224 232 
248 224 
560 256 
228 228 
248 228 
252 256 
252 220 
208 252 
248 232 
212 256 
248 260 
248 256 
212 232 
256 260 
252 256 
220 256 
208 260 
236 240 
252 252 
224 228 
248 268 
228 256 
332 216 
256 252 
260 464 
252 256 
244 232 
256 260 
248 252 
252 720 
244 252 
256 228 
244 256 
252 256 
256 256 
248 256 
244 264 
252 256 
256 696 
252 252 
248 252 
248 244 
248 256 
248 256 
252 244 
248 256 
224 216 
212 232 
240 288 
248 256 
248 252 
248 232 
232 468 
208 216 
236 240 
240 248 
296 256 
248 248 
248 480 
260 228 
248 244 
272 256 
224 260 
248 252 
252 252 
228 232 
248 256 
244 476 
244 252 
340 252 
264 248 
228 260 
256 260 
256 252 
252 252 
248 212 
244 240 
252 252 
252 256 
252 276 
228 248 
252 212 
236 268 
248 252 
260 216 
248 252 
232 256 
244 256 
244 208 
232 228 
248 252 
216 252 
252 256 
248 252 
256 264 
220 252 
252 232 
236 256 
212 256 
248 232 
216 260 
256 248 
256 256 
232 252 
248 260 
228 228 
256 468 
252 448 
248 252 
248 252 
244 252 
248 256 
236 212 
252 260 
248 212 
652 256 
268 256 
244 252 
252 256 
248 236 
260 248 
216 256 
248 260 
212 248 
252 248 
252 256 
256 260 
248 260 
208 256 
260 256 
228 260 
252 312 
240 212 
252 712 
220 224 
252 212 
232 228 
212 256 
260 260 
252 260 
252 256 
260 260 
252 260 
252 248 
260 256 
252 256 
248 256 
260 232 
208 212 
252 240 
248 252 
256 216 
252 256 
248 256 
248 256 
256 252 
248 252 
248 268 
208 252 
252 252 
244 228 
224 264 
248 252 
248 220 
208 232 
