# ./FR-trace starting at Thu Mar 19 01:23:27 2020
################# CONFIG #################
# slot=5000
# samples=10000
# threshold=100
# idle=500
# minlen=500
# runs=10000
# pdathreads=2
# nmonitored=2
#   monitor0=../apps/openssl ecp_smpl.c:927 0x1e3e58
#   monitor1=../apps/openssl ecp_smpl.c:934 0x1e3af3
# nevicted=0
# npdatargets=2
#   target0=../apps/openssl bn_lib.c:514 0x102fb9
#   target1=../apps/openssl bn_lib.c:543 0x103025
# affinity=all
############## SYSTEM INFO ###############
# mastik_version=
# sysname=Linux
# nodename=lovelace
# release=5.3.7-arch1-1-ARCH
# version=#1 SMP PREEMPT Fri Oct 18 00:17:03 UTC 2019
# machine=x86_64
################## DATA ##################
# run=3774
# datapoints=501
40 192 
220 200 
192 196 
192 192 
232 296 
232 228 
200 200 
204 188 
208 216 
232 724 
232 192 
212 208 
224 196 
192 192 
228 192 
188 204 
192 216 
204 208 
208 220 
208 240 
212 212 
212 216 
220 224 
212 232 
212 212 
260 212 
196 216 
232 196 
212 196 
200 196 
236 196 
240 184 
204 200 
200 200 
192 188 
192 212 
196 204 
208 212 
200 208 
216 316 
216 232 
244 232 
208 208 
196 192 
196 220 
204 196 
192 204 
196 192 
188 192 
192 192 
196 204 
200 192 
288 208 
220 212 
240 208 
196 212 
212 224 
236 236 
248 244 
252 236 
204 236 
232 244 
232 216 
228 216 
232 216 
208 224 
188 196 
196 196 
192 188 
304 236 
284 240 
216 224 
208 212 
212 228 
232 252 
232 208 
188 192 
200 192 
188 220 
200 208 
192 196 
188 232 
196 188 
192 188 
196 204 
196 200 
188 228 
212 228 
212 232 
208 216 
212 208 
228 212 
192 220 
224 212 
264 196 
188 240 
188 192 
216 232 
184 192 
188 196 
200 192 
192 236 
192 200 
188 196 
208 204 
188 188 
200 228 
208 216 
212 280 
208 212 
208 208 
212 212 
212 232 
220 220 
208 224 
212 208 
216 216 
236 212 
204 212 
208 208 
224 228 
208 208 
204 196 
208 232 
208 212 
212 200 
212 212 
212 188 
208 208 
208 212 
212 204 
212 212 
228 232 
284 232 
232 232 
188 208 
200 296 
204 192 
208 196 
188 248 
196 192 
192 216 
208 192 
208 196 
216 228 
212 224 
208 216 
200 224 
204 208 
212 200 
232 212 
196 204 
188 192 
188 200 
212 200 
232 212 
196 188 
188 220 
216 212 
208 192 
188 188 
228 236 
232 240 
228 244 
188 188 
224 212 
216 216 
196 240 
200 212 
216 204 
204 232 
228 232 
372 212 
208 212 
212 244 
212 240 
192 196 
192 204 
212 196 
192 200 
192 204 
620 200 
228 192 
192 200 
228 236 
232 228 
208 232 
204 212 
240 240 
236 236 
232 212 
188 196 
192 232 
192 192 
224 196 
228 188 
208 232 
228 228 
228 208 
204 688 
232 204 
208 200 
204 236 
212 236 
228 720 
212 212 
212 232 
212 236 
216 184 
212 212 
212 212 
228 228 
236 232 
392 224 
192 188 
228 188 
200 192 
188 204 
192 196 
224 200 
232 196 
236 232 
220 192 
212 216 
216 216 
252 208 
208 204 
216 224 
216 204 
208 232 
196 216 
192 212 
208 216 
208 228 
248 200 
192 192 
192 188 
196 192 
200 208 
268 232 
228 220 
196 192 
204 240 
188 204 
224 288 
204 200 
232 232 
232 236 
212 188 
328 196 
204 208 
228 200 
208 212 
232 200 
208 216 
232 232 
228 232 
212 228 
200 184 
208 216 
212 232 
220 208 
220 228 
236 204 
192 208 
192 192 
212 212 
232 196 
196 192 
208 240 
228 236 
208 232 
228 212 
188 192 
228 240 
188 192 
608 212 
228 192 
232 212 
192 232 
212 232 
236 188 
196 232 
232 220 
220 208 
212 216 
216 228 
236 220 
232 184 
196 188 
220 664 
188 228 
236 232 
192 192 
192 192 
204 192 
196 200 
188 192 
188 196 
244 240 
228 616 
208 196 
196 212 
232 208 
204 208 
220 216 
212 228 
212 192 
208 220 
208 212 
252 244 
188 196 
188 304 
188 192 
204 196 
188 196 
188 196 
296 212 
192 188 
236 236 
228 228 
276 324 
196 200 
188 192 
188 232 
192 196 
228 232 
192 220 
276 244 
280 208 
208 212 
192 264 
208 212 
208 212 
188 196 
188 196 
192 192 
188 324 
192 208 
228 196 
276 192 
192 192 
192 208 
236 208 
204 212 
208 216 
200 208 
204 268 
196 200 
188 192 
236 208 
196 196 
192 188 
224 212 
212 260 
196 236 
284 208 
192 212 
236 208 
620 276 
0 0 
0 0 
0 0 
0 0 
0 0 
0 0 
0 0 
192 228 
328 284 
300 316 
216 216 
304 244 
188 228 
212 248 
208 212 
192 192 
204 196 
528 232 
272 216 
208 236 
212 192 
192 188 
200 196 
192 208 
204 228 
688 468 
208 216 
196 204 
200 192 
192 192 
196 216 
188 200 
216 208 
224 192 
216 212 
188 192 
188 196 
192 192 
196 196 
232 260 
304 204 
212 216 
244 284 
188 196 
204 224 
220 192 
212 200 
192 188 
212 192 
192 196 
188 256 
192 208 
188 196 
208 212 
712 188 
184 224 
192 196 
196 192 
188 188 
188 196 
312 236 
232 236 
592 204 
308 288 
232 268 
280 220 
196 244 
192 192 
188 196 
208 192 
200 188 
188 188 
192 204 
188 320 
192 192 
312 304 
192 208 
236 212 
232 192 
188 196 
252 200 
216 236 
188 188 
184 208 
208 232 
188 372 
212 208 
292 200 
224 208 
244 240 
208 216 
188 232 
244 192 
192 240 
192 204 
192 192 
200 192 
260 644 
324 220 
188 196 
204 192 
208 200 
232 212 
216 192 
200 192 
232 188 
208 192 
204 224 
232 200 
240 208 
228 192 
208 212 
204 464 
232 196 
204 236 
220 548 
208 192 
204 248 
248 192 
236 192 
192 188 
184 196 
192 332 
228 204 
200 228 
192 228 
192 188 
196 204 
200 196 
192 196 
192 220 
200 212 
196 304 
196 196 
200 200 
216 264 
208 312 
208 192 
208 268 
328 200 
204 184 
