# ./FR-trace starting at Thu Mar 19 01:23:50 2020
################# CONFIG #################
# slot=5000
# samples=10000
# threshold=100
# idle=500
# minlen=500
# runs=10000
# pdathreads=2
# nmonitored=2
#   monitor0=../apps/openssl ecp_smpl.c:927 0x1e3e58
#   monitor1=../apps/openssl ecp_smpl.c:934 0x1e3af3
# nevicted=0
# npdatargets=2
#   target0=../apps/openssl bn_lib.c:514 0x102fb9
#   target1=../apps/openssl bn_lib.c:543 0x103025
# affinity=all
############## SYSTEM INFO ###############
# mastik_version=
# sysname=Linux
# nodename=lovelace
# release=5.3.7-arch1-1-ARCH
# version=#1 SMP PREEMPT Fri Oct 18 00:17:03 UTC 2019
# machine=x86_64
################## DATA ##################
# run=3794
# datapoints=962
36 36 
36 40 
232 232 
244 236 
0 0 
0 0 
0 0 
0 0 
164 32 
400 232 
240 220 
40 40 
236 236 
240 232 
40 44 
236 240 
240 240 
264 40 
240 240 
220 40 
232 244 
240 48 
236 240 
232 236 
236 40 
232 244 
236 240 
236 232 
212 40 
232 232 
236 236 
232 44 
240 232 
232 40 
232 232 
232 236 
232 44 
212 216 
436 36 
236 236 
236 44 
240 232 
232 40 
240 232 
232 240 
212 36 
232 220 
436 40 
236 240 
232 44 
236 244 
228 44 
232 36 
236 244 
584 40 
232 240 
232 40 
232 236 
240 232 
228 36 
236 236 
228 36 
232 240 
732 36 
236 232 
236 44 
228 236 
240 240 
232 36 
236 240 
436 36 
232 232 
252 36 
236 240 
228 40 
232 236 
228 236 
232 40 
240 240 
244 40 
236 236 
232 40 
240 232 
228 40 
240 236 
236 236 
232 48 
228 232 
240 40 
236 228 
240 48 
244 240 
236 48 
232 236 
236 260 
228 40 
236 232 
440 40 
236 240 
236 40 
232 240 
232 52 
232 240 
240 236 
228 40 
228 236 
232 36 
232 232 
232 44 
232 236 
232 244 
232 40 
232 240 
232 40 
232 236 
236 40 
236 240 
232 40 
236 236 
240 236 
236 40 
236 236 
228 44 
216 236 
440 36 
232 228 
240 44 
232 240 
232 40 
232 44 
228 236 
440 44 
212 216 
232 48 
236 240 
236 236 
232 40 
232 232 
436 36 
232 236 
268 40 
232 212 
232 240 
236 44 
236 236 
232 36 
240 240 
228 44 
240 232 
480 236 
228 44 
232 232 
436 44 
240 248 
232 40 
236 236 
236 40 
228 40 
752 236 
232 40 
232 240 
440 36 
240 240 
232 44 
228 248 
232 36 
228 236 
236 580 
232 44 
236 232 
440 52 
232 244 
236 40 
236 232 
240 88 
232 40 
236 236 
444 44 
236 236 
236 40 
232 244 
232 40 
236 232 
228 240 
232 44 
236 244 
228 36 
232 236 
232 44 
236 240 
232 240 
236 44 
232 232 
232 36 
236 240 
232 40 
240 236 
240 232 
232 40 
240 240 
232 36 
236 236 
232 40 
236 232 
232 196 
228 52 
228 236 
236 40 
228 240 
220 40 
232 236 
232 44 
232 236 
240 236 
236 40 
236 240 
444 44 
240 236 
212 40 
236 244 
232 40 
228 236 
240 232 
232 40 
236 240 
440 40 
232 236 
212 36 
240 236 
232 40 
236 232 
232 236 
232 40 
232 240 
432 36 
284 236 
232 48 
236 236 
236 244 
240 44 
236 240 
232 40 
236 236 
236 88 
500 40 
232 244 
436 36 
232 236 
232 44 
232 240 
232 40 
236 40 
232 240 
744 40 
232 232 
244 44 
232 236 
232 44 
232 236 
240 52 
244 236 
232 248 
232 48 
240 232 
232 48 
232 240 
236 44 
240 236 
240 44 
240 44 
228 236 
236 44 
232 236 
232 36 
232 240 
232 36 
236 236 
236 236 
448 44 
236 236 
240 40 
236 236 
232 248 
240 44 
240 232 
236 40 
232 236 
236 44 
232 236 
236 236 
228 36 
236 244 
440 40 
236 236 
240 52 
240 236 
232 232 
232 40 
228 244 
236 32 
232 236 
232 44 
240 236 
232 44 
220 236 
248 236 
236 40 
236 236 
232 40 
236 232 
440 36 
232 232 
228 40 
216 236 
240 236 
228 44 
232 236 
444 44 
228 244 
232 36 
236 244 
228 56 
212 40 
240 244 
232 44 
228 236 
440 40 
236 232 
236 40 
236 240 
280 36 
236 220 
240 240 
444 44 
232 240 
236 40 
244 236 
236 44 
232 236 
540 236 
228 36 
236 232 
232 560 
236 236 
228 44 
232 244 
232 236 
232 40 
228 392 
440 36 
236 228 
240 40 
232 240 
228 44 
240 240 
236 236 
232 44 
232 668 
456 36 
232 248 
240 44 
232 236 
236 232 
228 44 
240 236 
440 40 
240 236 
232 44 
236 244 
240 236 
236 40 
232 240 
436 36 
240 236 
232 48 
236 236 
236 232 
236 40 
232 240 
236 40 
236 244 
232 40 
232 240 
228 44 
232 232 
228 40 
236 236 
232 244 
236 40 
232 232 
232 36 
232 232 
240 44 
240 236 
228 236 
240 40 
236 236 
444 40 
240 236 
212 40 
232 232 
236 200 
244 40 
244 240 
444 48 
232 236 
232 40 
232 236 
224 236 
236 40 
232 236 
440 40 
240 236 
436 36 
232 236 
228 40 
236 240 
208 216 
232 40 
236 236 
228 40 
228 236 
440 36 
236 236 
232 48 
324 240 
240 216 
228 40 
236 236 
236 36 
240 232 
240 84 
236 36 
232 236 
468 44 
236 240 
232 36 
236 236 
232 44 
232 236 
232 236 
236 40 
244 236 
508 44 
232 232 
236 44 
236 232 
228 48 
236 240 
232 240 
232 40 
244 200 
224 744 
204 192 
232 200 
208 188 
244 232 
212 216 
236 240 
192 236 
164 156 
560 36 
236 244 
236 232 
232 240 
232 236 
236 236 
232 236 
232 236 
232 420 
248 240 
236 232 
228 236 
228 232 
236 240 
228 232 
236 240 
232 240 
232 212 
436 928 
444 236 
236 240 
232 236 
236 236 
236 240 
232 244 
236 244 
240 244 
232 236 
228 236 
232 240 
228 248 
240 236 
232 236 
208 240 
240 236 
236 232 
236 192 
228 212 
244 236 
244 232 
232 232 
228 196 
228 220 
232 236 
228 240 
236 192 
196 204 
228 232 
236 188 
232 240 
228 232 
212 200 
236 196 
232 204 
236 216 
216 228 
236 228 
240 236 
232 240 
320 192 
232 204 
236 236 
240 240 
232 240 
240 244 
228 240 
236 248 
232 240 
228 236 
240 192 
212 200 
216 212 
212 188 
236 232 
216 232 
232 236 
236 236 
232 612 
232 240 
232 240 
196 236 
228 232 
228 244 
232 232 
244 236 
232 240 
232 672 
240 216 
232 236 
228 240 
236 244 
228 236 
228 208 
232 240 
260 236 
232 236 
232 248 
228 240 
224 204 
236 236 
232 232 
240 236 
232 236 
228 212 
244 236 
236 232 
228 252 
236 232 
232 240 
236 248 
228 240 
232 232 
236 232 
232 236 
232 232 
232 212 
232 232 
232 236 
228 244 
236 220 
232 240 
224 236 
236 236 
236 240 
232 236 
232 236 
240 244 
232 236 
208 232 
232 236 
244 236 
240 236 
232 244 
236 232 
236 244 
232 212 
240 248 
212 236 
240 236 
240 236 
236 240 
232 240 
240 240 
236 196 
248 236 
196 232 
236 208 
236 240 
252 252 
232 236 
244 240 
232 232 
228 256 
196 192 
200 200 
208 220 
236 196 
188 228 
212 228 
232 236 
188 236 
236 236 
236 232 
236 244 
196 244 
196 196 
236 236 
228 228 
220 232 
228 244 
212 236 
232 216 
236 452 
232 236 
232 240 
232 212 
244 248 
228 216 
196 240 
236 236 
192 208 
208 724 
192 232 
216 232 
224 220 
236 216 
236 236 
208 232 
236 236 
232 196 
236 188 
232 236 
212 224 
236 232 
252 196 
192 232 
192 236 
220 228 
228 244 
228 232 
236 220 
236 232 
236 232 
240 232 
244 240 
196 240 
232 244 
228 236 
244 232 
228 508 
232 240 
192 212 
196 212 
444 196 
228 236 
188 216 
224 1004 
232 208 
208 236 
216 216 
208 208 
196 216 
228 192 
216 232 
240 236 
232 236 
232 232 
228 240 
236 236 
228 236 
192 240 
236 236 
208 236 
232 232 
228 236 
236 240 
220 228 
228 236 
232 236 
236 232 
212 212 
208 204 
220 220 
232 232 
244 236 
232 232 
204 228 
232 232 
236 252 
232 244 
248 216 
196 212 
244 232 
232 188 
232 308 
204 228 
228 212 
192 228 
232 612 
244 232 
312 212 
216 232 
444 232 
208 212 
228 236 
228 208 
192 220 
228 708 
232 204 
200 248 
232 236 
232 248 
228 236 
232 232 
232 232 
232 236 
240 684 
232 236 
232 236 
224 232 
232 236 
196 212 
208 236 
232 204 
224 232 
208 192 
192 192 
236 232 
196 196 
228 200 
192 232 
236 232 
228 232 
188 236 
232 204 
232 244 
216 212 
232 192 
232 220 
232 196 
192 236 
240 232 
236 244 
220 244 
300 244 
228 192 
212 236 
220 456 
232 220 
228 240 
228 236 
228 240 
188 196 
188 224 
196 196 
236 188 
232 232 
212 200 
208 236 
236 448 
232 244 
232 232 
232 228 
264 240 
228 240 
232 232 
232 232 
232 224 
240 244 
200 220 
228 232 
236 232 
204 324 
236 240 
228 236 
212 240 
228 228 
232 224 
232 236 
232 232 
228 236 
232 228 
212 236 
248 196 
392 228 
236 212 
228 240 
228 216 
184 452 
212 232 
236 236 
232 236 
188 228 
620 236 
236 236 
232 232 
232 232 
232 232 
232 236 
224 236 
228 236 
240 236 
228 508 
232 220 
236 236 
232 232 
228 232 
228 224 
192 240 
232 236 
232 232 
232 716 
232 236 
236 236 
232 236 
232 228 
236 240 
228 236 
196 248 
228 232 
228 232 
220 232 
236 240 
232 236 
232 236 
232 228 
204 232 
232 248 
232 240 
192 236 
208 232 
228 240 
232 256 
220 220 
232 236 
196 220 
228 236 
236 232 
240 240 
228 240 
232 228 
304 224 
236 328 
240 232 
204 240 
232 240 
236 236 
232 232 
240 212 
236 236 
228 232 
236 240 
240 216 
216 236 
232 236 
232 232 
228 236 
236 228 
212 208 
232 336 
228 200 
244 292 
212 208 
200 244 
236 232 
236 236 
228 236 
236 232 
236 232 
244 236 
196 236 
232 224 
236 236 
236 212 
236 240 
236 240 
232 256 
236 192 
192 232 
400 228 
232 216 
236 244 
228 240 
228 200 
232 232 
232 208 
196 208 
236 236 
644 196 
236 196 
236 236 
188 188 
232 228 
240 236 
228 220 
232 236 
248 232 
212 240 
232 232 
232 228 
224 244 
236 232 
232 240 
236 228 
232 240 
236 232 
232 752 
232 236 
228 236 
236 240 
232 236 
228 212 
208 236 
228 244 
236 232 
240 232 
240 212 
232 236 
204 248 
232 236 
232 244 
232 228 
240 248 
232 232 
232 232 
232 244 
232 240 
228 236 
236 240 
232 196 
232 232 
232 452 
292 232 
228 240 
196 232 
236 324 
232 236 
220 196 
228 240 
216 236 
232 228 
