# ./FR-trace starting at Thu Mar 19 02:07:29 2020
################# CONFIG #################
# slot=5000
# samples=10000
# threshold=100
# idle=500
# minlen=500
# runs=10000
# pdathreads=2
# nmonitored=2
#   monitor0=../apps/openssl ecp_smpl.c:927 0x1e3e58
#   monitor1=../apps/openssl ecp_smpl.c:934 0x1e3af3
# nevicted=0
# npdatargets=2
#   target0=../apps/openssl bn_lib.c:514 0x102fb9
#   target1=../apps/openssl bn_lib.c:543 0x103025
# affinity=all
############## SYSTEM INFO ###############
# mastik_version=
# sysname=Linux
# nodename=lovelace
# release=5.3.7-arch1-1-ARCH
# version=#1 SMP PREEMPT Fri Oct 18 00:17:03 UTC 2019
# machine=x86_64
################## DATA ##################
# run=6180
# datapoints=1551
44 40 
192 228 
56 208 
44 124 
48 44 
48 44 
244 236 
208 208 
228 304 
232 232 
232 208 
228 228 
236 236 
240 212 
228 228 
232 212 
156 240 
152 232 
232 220 
232 240 
232 212 
192 232 
44 44 
48 44 
44 44 
48 48 
240 212 
224 212 
236 236 
244 240 
236 236 
44 40 
228 44 
484 212 
240 208 
232 228 
236 228 
44 44 
232 216 
236 208 
232 216 
236 228 
696 40 
232 240 
236 236 
228 216 
232 228 
232 36 
236 204 
232 228 
236 208 
232 568 
228 228 
236 40 
240 212 
232 240 
240 228 
232 228 
232 44 
236 216 
232 224 
236 292 
232 228 
232 40 
236 216 
240 212 
232 212 
232 228 
228 40 
236 208 
228 204 
232 208 
236 232 
232 48 
232 204 
236 208 
236 212 
232 232 
228 232 
232 44 
232 232 
232 212 
232 212 
228 228 
236 44 
232 212 
236 232 
236 212 
232 232 
236 228 
228 44 
228 236 
268 212 
360 208 
232 232 
232 44 
232 212 
236 232 
240 236 
232 232 
232 40 
236 212 
216 236 
232 208 
232 208 
228 228 
236 44 
236 208 
232 208 
228 208 
232 228 
208 48 
240 212 
232 228 
236 232 
228 232 
236 44 
236 204 
236 212 
240 232 
232 208 
232 44 
232 216 
244 212 
232 232 
232 232 
232 44 
232 228 
500 232 
232 228 
228 232 
236 40 
236 220 
240 236 
240 232 
232 232 
232 40 
720 208 
236 240 
228 212 
232 236 
228 40 
240 216 
228 216 
236 204 
232 228 
232 592 
240 52 
228 216 
236 212 
236 224 
232 228 
232 44 
240 212 
236 212 
232 228 
232 228 
236 40 
232 212 
240 212 
236 204 
228 228 
232 44 
236 212 
232 208 
228 208 
232 228 
228 40 
232 212 
236 232 
236 224 
236 208 
232 228 
236 44 
228 212 
240 236 
232 232 
232 232 
232 44 
232 212 
236 208 
228 216 
236 232 
240 40 
232 212 
236 224 
232 228 
232 232 
320 44 
236 204 
236 208 
232 228 
228 232 
236 44 
228 212 
236 212 
236 208 
208 232 
240 40 
240 216 
236 208 
236 248 
232 228 
236 40 
240 212 
236 216 
216 236 
236 232 
232 40 
232 56 
228 208 
228 212 
236 232 
232 228 
288 48 
236 236 
232 208 
232 208 
232 240 
236 44 
232 208 
232 208 
228 208 
504 232 
232 48 
240 212 
236 216 
228 212 
232 232 
232 40 
236 216 
228 208 
236 368 
228 232 
232 44 
236 244 
244 232 
232 232 
232 232 
228 232 
276 44 
240 568 
236 208 
232 208 
228 228 
236 40 
236 204 
232 204 
228 232 
232 228 
232 48 
244 236 
240 212 
236 216 
232 232 
236 40 
228 208 
232 208 
228 208 
236 232 
236 40 
232 208 
236 208 
240 208 
236 236 
232 44 
232 208 
240 208 
228 212 
236 232 
232 40 
244 208 
232 208 
232 208 
228 228 
232 40 
232 208 
240 208 
236 236 
232 228 
232 44 
236 208 
232 208 
212 208 
232 232 
232 40 
232 212 
240 284 
236 236 
236 232 
232 44 
240 212 
216 208 
236 232 
232 232 
240 44 
240 212 
236 212 
232 232 
236 80 
236 48 
208 208 
236 220 
240 228 
232 228 
232 44 
236 208 
232 204 
228 228 
292 228 
236 40 
232 208 
240 216 
232 228 
236 232 
236 44 
236 204 
232 204 
516 228 
232 232 
236 92 
232 236 
232 212 
232 232 
232 228 
232 44 
240 204 
232 348 
240 212 
232 228 
236 44 
236 204 
228 208 
232 232 
232 232 
232 40 
232 632 
232 208 
232 240 
228 228 
228 44 
240 212 
236 208 
228 212 
232 228 
240 44 
240 204 
240 216 
228 208 
228 228 
232 40 
236 236 
236 244 
236 212 
232 232 
232 232 
232 48 
232 208 
232 212 
248 228 
232 228 
232 44 
240 204 
240 212 
228 232 
236 232 
236 44 
240 228 
236 204 
232 232 
240 152 
240 44 
240 212 
232 236 
236 236 
236 232 
236 48 
236 216 
216 212 
232 232 
232 232 
240 40 
232 232 
232 216 
232 232 
236 232 
236 44 
216 216 
232 208 
232 232 
232 228 
228 44 
232 220 
236 236 
228 212 
232 232 
212 44 
264 204 
236 212 
232 232 
232 228 
236 44 
232 216 
236 236 
300 228 
228 208 
228 44 
232 216 
236 236 
232 236 
232 228 
228 44 
228 232 
544 216 
228 228 
232 228 
228 44 
232 212 
228 212 
228 228 
236 232 
236 44 
240 372 
240 232 
236 232 
228 232 
232 44 
232 216 
232 212 
236 212 
228 228 
232 44 
232 204 
228 232 
232 212 
232 232 
228 228 
232 44 
240 212 
232 204 
240 236 
236 228 
232 44 
236 204 
256 212 
232 208 
228 232 
236 40 
240 208 
232 236 
240 228 
232 232 
236 40 
232 208 
236 212 
232 216 
232 232 
228 44 
232 232 
236 240 
240 236 
232 228 
228 40 
240 212 
228 236 
232 212 
232 228 
228 44 
232 216 
236 232 
236 208 
228 232 
236 44 
212 204 
240 232 
232 208 
232 228 
232 44 
236 232 
232 208 
236 232 
232 228 
212 48 
236 212 
236 208 
244 212 
228 228 
236 40 
236 216 
232 248 
236 232 
236 208 
228 228 
236 44 
232 236 
236 228 
228 208 
232 232 
236 44 
324 212 
236 208 
228 232 
228 44 
240 44 
240 228 
232 216 
228 228 
228 232 
556 44 
236 208 
228 208 
228 232 
232 232 
236 40 
236 212 
232 208 
232 232 
232 484 
228 40 
228 220 
240 208 
240 216 
232 228 
232 44 
228 220 
232 204 
232 648 
228 228 
228 44 
232 204 
232 212 
236 256 
232 228 
236 40 
236 204 
240 216 
240 212 
232 224 
232 40 
232 212 
236 236 
244 236 
240 228 
228 40 
232 204 
228 212 
236 228 
232 228 
232 228 
236 40 
232 232 
228 212 
232 228 
232 228 
232 40 
232 212 
236 208 
236 240 
232 232 
232 40 
232 216 
244 216 
232 208 
236 212 
228 232 
232 40 
236 236 
240 240 
212 212 
232 232 
232 40 
236 204 
232 208 
240 248 
228 232 
232 40 
240 212 
208 212 
232 212 
228 232 
232 228 
236 48 
232 232 
240 212 
236 208 
232 232 
244 48 
232 236 
236 212 
236 208 
228 232 
236 48 
232 236 
236 204 
356 232 
228 208 
232 40 
240 208 
240 220 
228 208 
232 236 
232 44 
232 216 
596 212 
236 236 
232 232 
228 48 
236 224 
232 248 
236 212 
228 228 
236 44 
232 452 
232 212 
236 236 
232 228 
228 44 
236 208 
232 208 
240 216 
236 228 
228 44 
236 208 
228 212 
232 232 
236 232 
228 228 
240 44 
236 228 
228 208 
232 228 
228 232 
232 44 
236 248 
240 240 
240 228 
232 228 
228 44 
232 204 
236 252 
236 232 
232 228 
240 40 
232 208 
240 236 
236 212 
236 224 
232 44 
244 212 
236 216 
240 224 
228 232 
232 44 
236 208 
236 232 
240 240 
232 228 
232 232 
232 44 
236 208 
236 228 
228 228 
228 232 
212 40 
232 236 
232 208 
228 208 
232 228 
232 48 
228 212 
236 248 
232 212 
208 216 
232 40 
232 208 
236 236 
236 232 
236 228 
236 40 
236 208 
244 212 
264 212 
228 232 
236 40 
236 212 
240 212 
236 208 
232 228 
232 40 
384 236 
236 208 
236 236 
228 232 
236 40 
228 204 
236 240 
244 212 
228 232 
592 40 
236 216 
240 212 
232 212 
232 228 
232 40 
240 208 
228 216 
232 204 
228 468 
228 44 
236 220 
232 208 
228 208 
232 232 
228 40 
240 252 
232 208 
240 620 
232 232 
232 44 
236 212 
228 212 
240 236 
232 232 
228 40 
228 212 
228 212 
240 212 
232 228 
236 44 
240 220 
236 228 
232 208 
240 232 
232 232 
232 40 
232 236 
236 228 
232 232 
232 232 
240 44 
232 212 
228 212 
232 232 
232 232 
240 48 
340 220 
236 212 
232 228 
232 228 
232 44 
260 232 
232 208 
232 220 
228 228 
232 40 
228 208 
236 212 
236 212 
216 232 
236 44 
228 212 
236 216 
236 236 
232 228 
228 44 
236 212 
236 236 
212 232 
232 228 
228 196 
232 44 
244 236 
232 208 
236 236 
228 228 
228 40 
236 212 
232 252 
240 232 
228 228 
232 44 
232 228 
240 248 
232 208 
368 228 
232 44 
232 208 
244 208 
232 236 
232 40 
232 216 
236 232 
232 208 
624 228 
228 232 
236 44 
236 248 
232 232 
228 232 
232 232 
236 44 
240 216 
232 496 
232 232 
232 228 
228 44 
228 208 
236 236 
232 208 
228 228 
228 48 
232 724 
236 212 
224 208 
232 228 
232 44 
240 220 
228 208 
228 232 
232 232 
228 44 
232 216 
232 212 
232 208 
228 228 
240 44 
232 236 
244 228 
232 228 
232 236 
236 40 
228 208 
236 208 
236 208 
232 236 
228 44 
236 216 
232 204 
236 232 
232 232 
232 44 
236 204 
240 236 
236 232 
228 232 
236 48 
240 236 
236 212 
236 232 
232 60 
228 44 
228 216 
236 212 
216 228 
236 228 
240 48 
232 212 
236 212 
236 212 
228 232 
232 44 
236 204 
212 208 
236 256 
240 228 
232 44 
236 252 
236 252 
228 232 
232 232 
220 44 
236 228 
240 240 
264 212 
232 232 
232 40 
236 212 
240 224 
240 232 
396 228 
232 44 
236 212 
232 212 
232 212 
228 228 
232 40 
236 212 
232 212 
660 232 
228 232 
232 44 
228 212 
232 208 
232 208 
232 228 
232 44 
236 208 
240 480 
240 220 
228 232 
228 44 
200 240 
0 0 
0 0 
0 0 
236 216 
228 716 
240 232 
232 228 
228 256 
228 48 
228 236 
236 208 
240 216 
228 228 
44 40 
236 236 
236 212 
252 208 
232 228 
232 40 
232 208 
224 212 
228 212 
232 228 
228 44 
240 212 
228 204 
232 208 
232 232 
236 44 
236 208 
228 236 
240 232 
232 232 
232 36 
236 224 
232 212 
232 212 
232 232 
44 40 
228 212 
228 208 
236 220 
232 232 
232 44 
228 208 
232 208 
212 212 
232 228 
232 40 
236 212 
236 240 
236 216 
232 232 
232 44 
236 208 
228 236 
272 208 
232 228 
232 40 
240 208 
228 208 
236 212 
232 232 
216 40 
236 216 
232 240 
232 224 
236 232 
232 232 
44 40 
236 228 
240 212 
428 228 
232 208 
236 48 
228 216 
236 232 
228 208 
228 232 
232 44 
228 216 
672 224 
236 212 
232 228 
232 40 
236 212 
236 232 
240 236 
232 208 
232 232 
236 44 
240 212 
252 208 
236 228 
228 232 
44 48 
228 212 
240 236 
236 216 
232 740 
232 44 
232 216 
240 208 
236 228 
232 232 
236 44 
236 216 
228 212 
236 232 
212 300 
196 220 
208 228 
264 196 
216 232 
196 208 
220 232 
208 188 
232 212 
232 236 
228 232 
228 232 
232 216 
228 212 
232 208 
232 204 
228 224 
232 212 
236 216 
232 232 
236 216 
228 232 
236 232 
232 228 
232 232 
236 232 
232 232 
228 228 
232 232 
232 228 
228 232 
232 228 
216 236 
228 228 
232 228 
232 228 
228 220 
240 228 
236 208 
216 48 
236 232 
212 212 
240 228 
232 204 
228 236 
236 268 
232 192 
236 208 
228 228 
212 228 
232 212 
236 232 
236 232 
232 232 
232 232 
228 228 
232 232 
268 212 
452 212 
232 208 
224 208 
232 232 
192 228 
228 232 
232 232 
232 232 
228 232 
224 228 
232 232 
212 232 
236 212 
228 232 
224 232 
232 232 
232 228 
208 208 
236 532 
232 212 
188 232 
232 212 
228 192 
236 224 
228 232 
236 228 
188 232 
232 228 
228 232 
228 228 
236 228 
228 228 
232 228 
232 232 
232 232 
232 236 
208 208 
228 228 
228 232 
232 204 
236 236 
220 232 
236 228 
236 232 
232 232 
236 228 
232 232 
208 228 
228 280 
232 228 
196 324 
232 228 
232 228 
224 228 
228 232 
232 228 
232 232 
224 196 
232 232 
232 208 
236 228 
232 228 
208 228 
236 232 
232 208 
236 192 
236 232 
188 216 
232 204 
204 228 
212 232 
232 228 
232 232 
228 228 
232 228 
232 232 
232 228 
232 228 
208 212 
228 232 
228 228 
216 232 
232 228 
232 228 
212 236 
228 232 
240 228 
236 208 
228 232 
228 232 
232 232 
228 228 
232 228 
232 224 
232 228 
472 228 
236 236 
232 228 
228 232 
236 228 
236 232 
232 228 
232 208 
228 228 
704 228 
232 232 
232 232 
236 232 
232 228 
232 232 
232 232 
188 220 
216 232 
192 608 
228 228 
232 232 
208 208 
192 232 
228 228 
232 212 
192 208 
232 232 
196 192 
232 188 
212 228 
232 232 
196 228 
228 208 
208 208 
228 208 
220 228 
232 212 
232 192 
232 232 
240 212 
232 232 
212 192 
188 228 
208 188 
196 188 
232 228 
256 228 
220 208 
192 228 
236 228 
208 220 
212 220 
244 224 
188 228 
232 212 
244 232 
204 232 
232 232 
228 236 
192 232 
232 232 
188 232 
192 232 
280 228 
236 228 
232 192 
236 240 
232 212 
188 192 
208 188 
232 204 
232 228 
220 228 
192 192 
196 192 
232 228 
208 236 
236 372 
212 212 
208 212 
228 228 
192 232 
232 228 
232 228 
232 228 
232 196 
240 208 
192 192 
232 228 
232 224 
228 228 
232 228 
232 232 
232 236 
236 228 
500 228 
232 232 
232 228 
228 208 
192 236 
192 208 
208 232 
188 228 
232 236 
744 228 
232 204 
232 232 
228 312 
232 228 
208 236 
232 228 
208 192 
232 192 
232 608 
192 232 
212 228 
232 228 
208 200 
236 228 
192 232 
232 232 
232 296 
232 228 
212 208 
184 196 
192 228 
224 280 
236 232 
192 192 
228 192 
228 232 
232 188 
232 228 
232 228 
232 232 
236 228 
232 232 
232 228 
232 228 
232 228 
208 192 
232 232 
192 212 
192 192 
228 232 
196 232 
196 188 
212 192 
232 228 
192 196 
232 192 
232 212 
224 232 
356 188 
232 228 
216 208 
232 192 
232 228 
228 228 
212 236 
228 232 
236 204 
232 224 
192 228 
232 212 
220 204 
244 232 
188 228 
236 236 
232 232 
228 192 
200 232 
236 192 
228 192 
228 232 
192 188 
232 228 
228 232 
232 228 
208 208 
232 228 
300 200 
232 204 
236 228 
216 204 
228 244 
228 232 
232 236 
228 228 
232 240 
200 192 
228 232 
236 192 
232 232 
232 232 
232 232 
232 232 
232 228 
232 232 
740 232 
192 232 
228 236 
232 228 
236 228 
232 228 
232 212 
232 232 
208 188 
232 588 
232 228 
232 232 
232 228 
236 232 
236 232 
232 232 
236 232 
188 228 
236 228 
232 232 
228 228 
232 232 
232 228 
232 232 
208 192 
228 232 
228 228 
236 232 
236 236 
228 228 
228 232 
232 232 
232 236 
228 232 
228 200 
228 228 
232 232 
232 228 
232 232 
228 232 
232 228 
236 228 
232 232 
232 232 
228 228 
232 228 
240 232 
220 232 
232 232 
228 232 
232 232 
204 232 
212 228 
184 212 
212 200 
232 228 
188 228 
228 188 
228 232 
232 228 
232 188 
232 228 
232 228 
192 228 
232 228 
232 228 
228 240 
236 224 
228 228 
212 204 
232 232 
232 232 
232 216 
228 228 
228 228 
232 228 
232 216 
256 232 
232 232 
228 208 
232 232 
236 216 
212 228 
236 232 
232 232 
232 228 
512 228 
228 228 
232 236 
228 208 
232 232 
232 224 
208 320 
216 232 
232 228 
756 232 
228 236 
236 232 
228 228 
232 232 
232 228 
232 256 
252 232 
232 232 
212 208 
232 232 
248 192 
232 232 
228 212 
232 268 
228 228 
228 228 
240 228 
232 232 
232 212 
228 228 
236 232 
232 232 
224 212 
232 216 
228 228 
228 232 
232 232 
228 232 
236 228 
228 232 
192 232 
232 228 
228 228 
232 232 
216 212 
216 228 
212 212 
220 216 
232 232 
192 228 
232 232 
256 232 
232 228 
228 232 
228 232 
232 232 
232 228 
240 232 
228 232 
236 228 
212 232 
240 232 
220 192 
232 224 
236 228 
232 228 
228 228 
232 228 
228 228 
208 236 
228 232 
232 228 
228 228 
228 232 
228 228 
232 236 
232 228 
232 228 
188 212 
232 232 
228 228 
232 232 
232 228 
228 228 
228 228 
192 228 
312 228 
212 228 
232 228 
232 232 
228 224 
232 228 
232 232 
232 228 
212 228 
540 232 
232 232 
232 232 
236 232 
232 208 
232 216 
208 188 
