# ./FR-trace starting at Thu Mar 19 00:46:25 2020
################# CONFIG #################
# slot=5000
# samples=10000
# threshold=100
# idle=500
# minlen=500
# runs=10000
# pdathreads=2
# nmonitored=2
#   monitor0=../apps/openssl ecp_smpl.c:927 0x1e3e58
#   monitor1=../apps/openssl ecp_smpl.c:934 0x1e3af3
# nevicted=0
# npdatargets=2
#   target0=../apps/openssl bn_lib.c:514 0x102fb9
#   target1=../apps/openssl bn_lib.c:543 0x103025
# affinity=all
############## SYSTEM INFO ###############
# mastik_version=
# sysname=Linux
# nodename=lovelace
# release=5.3.7-arch1-1-ARCH
# version=#1 SMP PREEMPT Fri Oct 18 00:17:03 UTC 2019
# machine=x86_64
################## DATA ##################
# run=1667
# datapoints=1122
48 52 
48 420 
212 196 
208 224 
216 164 
212 220 
252 232 
212 216 
212 220 
188 232 
208 212 
48 52 
44 48 
44 48 
216 220 
220 236 
212 196 
48 48 
244 208 
216 216 
200 48 
216 240 
236 48 
232 216 
212 212 
208 56 
232 240 
208 200 
240 48 
196 208 
232 232 
216 52 
236 212 
244 232 
220 48 
236 240 
244 240 
236 52 
188 240 
216 232 
236 56 
192 196 
196 204 
192 440 
232 56 
196 196 
232 56 
196 228 
196 220 
232 48 
228 216 
196 240 
204 212 
212 44 
192 192 
228 216 
204 304 
216 48 
200 192 
212 232 
212 48 
204 212 
200 196 
220 48 
188 200 
232 192 
192 48 
192 212 
196 428 
216 48 
192 204 
196 192 
228 48 
196 212 
232 200 
240 200 
232 48 
200 224 
196 192 
204 48 
196 216 
204 232 
196 40 
456 212 
232 196 
240 212 
236 44 
220 728 
228 232 
208 52 
212 212 
232 228 
188 212 
212 60 
200 192 
216 68 
196 44 
228 236 
232 48 
192 212 
216 196 
196 44 
216 204 
196 192 
212 48 
216 216 
212 212 
188 44 
216 48 
216 232 
196 48 
216 48 
216 200 
288 192 
236 48 
336 200 
236 196 
232 44 
232 240 
236 60 
208 200 
196 216 
228 196 
240 48 
236 236 
200 196 
196 52 
196 212 
224 196 
232 212 
208 52 
216 196 
208 204 
232 48 
220 44 
216 236 
192 204 
212 60 
192 200 
236 236 
192 196 
220 44 
188 196 
196 232 
212 48 
196 216 
200 192 
236 232 
236 52 
232 240 
228 240 
192 48 
204 240 
200 40 
224 240 
232 724 
200 52 
232 188 
200 220 
192 44 
216 220 
200 240 
188 196 
208 52 
236 232 
208 236 
240 48 
196 244 
200 308 
680 52 
192 196 
240 236 
208 48 
232 448 
200 200 
196 48 
236 192 
192 232 
192 48 
232 212 
252 196 
236 48 
236 200 
192 340 
232 48 
208 48 
192 200 
220 216 
200 52 
192 220 
216 192 
196 52 
192 212 
232 236 
236 56 
212 216 
204 192 
232 232 
212 56 
224 196 
200 196 
196 216 
216 48 
236 232 
196 212 
192 204 
204 52 
200 200 
236 304 
232 196 
236 56 
212 248 
232 232 
212 56 
196 196 
224 196 
240 48 
192 196 
240 212 
232 44 
236 244 
232 44 
264 216 
468 240 
212 48 
232 204 
236 200 
204 44 
236 212 
232 196 
200 52 
192 216 
216 236 
216 52 
232 204 
192 236 
224 40 
196 204 
220 208 
208 220 
232 52 
208 192 
220 660 
224 196 
232 48 
196 196 
232 240 
216 56 
232 240 
192 212 
192 48 
200 216 
200 240 
208 212 
232 48 
200 204 
212 196 
240 52 
204 212 
208 240 
236 44 
232 48 
232 216 
192 228 
216 44 
208 212 
244 236 
236 48 
244 224 
212 212 
240 48 
192 228 
240 196 
248 48 
228 240 
236 320 
232 236 
240 52 
232 220 
236 244 
232 52 
220 204 
232 216 
192 52 
240 216 
236 236 
216 240 
220 52 
216 268 
200 240 
240 232 
240 48 
232 240 
196 48 
196 200 
196 192 
240 216 
200 44 
196 196 
196 192 
232 48 
232 224 
232 468 
196 192 
208 44 
188 196 
236 272 
188 48 
320 192 
192 196 
192 240 
212 52 
232 212 
216 192 
200 52 
192 228 
236 52 
244 196 
236 228 
208 244 
200 48 
232 224 
192 236 
216 48 
196 232 
240 200 
232 52 
228 400 
220 220 
216 48 
192 236 
240 200 
192 48 
212 192 
216 48 
232 220 
192 232 
232 52 
200 220 
212 244 
200 48 
240 244 
240 216 
204 212 
236 240 
392 48 
228 220 
196 44 
224 220 
212 240 
232 60 
232 220 
212 212 
208 52 
640 196 
196 52 
192 204 
236 212 
212 240 
236 44 
200 212 
236 216 
208 48 
216 584 
216 48 
216 216 
212 212 
220 40 
212 232 
192 236 
240 52 
212 216 
312 196 
208 52 
236 196 
232 212 
212 236 
216 52 
220 220 
188 48 
208 208 
200 196 
236 48 
236 204 
196 236 
216 48 
208 232 
244 232 
240 240 
208 52 
244 216 
212 312 
236 236 
212 52 
244 216 
212 208 
232 236 
244 52 
224 220 
228 48 
192 216 
200 220 
216 208 
192 44 
196 196 
228 224 
212 48 
232 212 
196 192 
192 232 
216 60 
232 196 
228 204 
240 52 
236 236 
236 192 
228 52 
232 324 
232 232 
260 48 
292 244 
224 204 
196 48 
232 220 
228 216 
260 60 
232 292 
248 204 
228 236 
212 48 
348 224 
200 196 
192 48 
240 324 
236 216 
236 100 
208 48 
236 236 
212 212 
220 52 
432 216 
212 56 
240 236 
216 224 
228 52 
212 232 
196 196 
232 48 
212 220 
236 276 
224 224 
212 52 
320 200 
232 236 
284 48 
192 236 
240 200 
216 48 
220 536 
216 200 
216 212 
236 48 
228 216 
192 236 
232 56 
236 200 
232 236 
212 48 
208 196 
216 216 
236 48 
232 240 
212 52 
200 216 
208 212 
232 200 
196 52 
188 228 
188 52 
204 196 
204 236 
208 48 
192 208 
200 216 
228 52 
204 196 
196 212 
192 204 
200 44 
296 208 
200 196 
200 200 
244 48 
240 236 
204 204 
552 44 
192 196 
228 224 
200 52 
236 232 
196 196 
236 56 
248 240 
240 56 
232 196 
332 236 
216 56 
204 204 
704 240 
212 60 
196 200 
204 196 
232 56 
236 204 
192 216 
708 240 
192 48 
196 196 
220 216 
224 48 
232 216 
200 196 
208 44 
312 196 
212 196 
228 48 
216 204 
232 44 
236 240 
236 248 
208 56 
204 224 
192 188 
208 52 
232 216 
240 236 
256 52 
212 196 
196 192 
196 220 
232 48 
192 208 
240 204 
212 48 
664 232 
220 212 
212 48 
196 208 
200 196 
188 420 
212 48 
192 200 
200 196 
196 52 
196 228 
200 192 
196 72 
196 48 
208 192 
252 196 
196 60 
236 296 
260 232 
236 56 
244 224 
288 236 
236 228 
192 56 
236 220 
232 236 
232 52 
236 208 
232 212 
192 48 
236 196 
236 224 
188 48 
208 196 
192 204 
240 48 
200 200 
192 244 
224 212 
196 60 
188 212 
196 204 
192 52 
196 200 
192 196 
204 200 
232 52 
200 192 
192 304 
240 256 
236 48 
208 216 
212 208 
232 48 
212 232 
232 52 
208 208 
220 216 
212 196 
200 52 
220 216 
228 232 
188 236 
216 52 
236 216 
212 200 
212 48 
228 216 
216 56 
208 220 
208 200 
244 48 
192 192 
240 212 
232 48 
192 200 
240 232 
232 48 
236 196 
240 240 
212 240 
196 272 
240 212 
212 196 
236 236 
216 204 
208 196 
192 304 
288 220 
232 296 
288 212 
204 200 
188 196 
208 240 
192 232 
188 196 
248 216 
276 240 
200 288 
228 236 
192 220 
200 196 
272 232 
236 196 
236 648 
232 208 
232 228 
220 200 
224 236 
236 204 
216 236 
232 256 
232 196 
212 204 
236 240 
196 200 
236 212 
228 236 
232 196 
220 216 
196 200 
192 360 
188 216 
196 204 
236 240 
508 252 
232 212 
192 212 
228 196 
204 308 
240 216 
196 196 
192 212 
236 192 
216 212 
228 232 
408 244 
236 192 
264 200 
212 220 
196 208 
212 220 
232 212 
232 196 
216 224 
212 192 
192 244 
200 216 
220 232 
188 236 
220 216 
192 244 
216 200 
196 244 
212 208 
236 212 
188 216 
224 196 
212 220 
216 240 
200 212 
212 232 
212 212 
212 188 
196 196 
236 200 
212 200 
228 232 
228 200 
228 236 
196 200 
212 216 
192 416 
248 236 
196 192 
216 192 
232 248 
216 660 
196 248 
188 192 
232 448 
188 236 
196 236 
236 236 
236 232 
232 236 
232 228 
236 236 
304 240 
216 208 
196 196 
212 360 
196 212 
200 232 
208 200 
196 196 
236 232 
224 196 
196 196 
192 240 
248 204 
192 216 
236 248 
192 224 
640 200 
204 204 
216 212 
220 216 
192 228 
196 200 
192 212 
192 200 
256 232 
208 196 
216 216 
300 196 
332 200 
236 208 
220 216 
240 332 
196 200 
212 204 
212 224 
196 200 
232 228 
236 216 
228 220 
208 212 
328 216 
212 196 
196 208 
212 212 
196 196 
236 212 
216 216 
192 232 
212 212 
212 452 
224 232 
232 236 
232 212 
236 236 
212 200 
236 212 
216 220 
216 220 
232 240 
216 216 
236 196 
444 216 
220 208 
212 196 
220 192 
192 196 
232 196 
220 200 
232 232 
268 288 
428 252 
284 352 
244 240 
220 216 
232 504 
204 348 
236 208 
236 196 
220 332 
228 460 
240 200 
212 220 
192 196 
200 328 
208 208 
272 188 
240 240 
196 204 
520 200 
232 228 
192 200 
220 648 
220 212 
200 224 
228 224 
196 236 
188 196 
196 312 
192 216 
244 224 
212 236 
192 196 
236 200 
196 236 
196 196 
188 196 
236 620 
196 220 
232 200 
192 188 
224 188 
204 200 
204 196 
220 192 
260 232 
228 196 
220 216 
212 196 
200 344 
236 204 
216 228 
188 196 
236 196 
196 196 
212 240 
192 196 
200 196 
188 232 
192 252 
188 212 
212 484 
208 196 
196 216 
304 296 
484 236 
208 208 
312 280 
236 208 
212 200 
196 220 
308 216 
276 232 
204 200 
196 240 
212 192 
212 192 
196 200 
280 332 
196 276 
216 244 
236 236 
188 196 
200 204 
228 236 
200 280 
192 232 
196 208 
228 204 
240 196 
212 200 
220 192 
212 192 
196 196 
204 212 
196 196 
192 200 
352 312 
200 196 
296 232 
228 308 
248 200 
192 376 
196 204 
220 192 
236 220 
236 212 
192 196 
192 196 
204 344 
200 208 
324 208 
268 248 
232 208 
268 236 
192 196 
328 252 
200 196 
192 196 
272 196 
196 220 
228 212 
236 244 
220 236 
292 220 
240 236 
232 208 
216 220 
708 236 
244 344 
232 284 
236 200 
200 204 
236 236 
208 192 
212 236 
236 196 
236 196 
216 196 
216 212 
216 236 
192 208 
220 216 
316 240 
228 208 
244 212 
208 192 
196 208 
212 216 
224 208 
196 216 
192 216 
192 200 
236 236 
232 236 
216 232 
192 208 
244 220 
236 240 
196 232 
208 216 
236 240 
208 220 
228 220 
240 236 
228 216 
220 236 
196 240 
224 212 
228 284 
192 200 
232 192 
192 196 
240 304 
196 232 
208 196 
196 196 
216 224 
236 340 
232 240 
232 232 
232 232 
240 256 
196 192 
232 240 
212 200 
196 196 
224 200 
192 200 
236 252 
232 240 
232 240 
212 216 
196 236 
236 252 
212 240 
240 220 
196 200 
196 200 
236 236 
216 236 
236 212 
196 220 
196 220 
220 240 
232 232 
232 236 
224 192 
232 236 
204 200 
216 220 
216 264 
232 224 
224 224 
204 236 
220 236 
216 240 
192 236 
240 196 
232 200 
196 200 
232 240 
216 272 
428 236 
256 228 
240 240 
192 252 
224 196 
228 212 
236 240 
236 232 
228 216 
212 200 
236 232 
220 236 
228 228 
232 240 
228 276 
188 240 
212 232 
236 196 
204 240 
212 240 
196 212 
232 216 
236 216 
212 216 
228 216 
196 236 
232 232 
236 208 
244 236 
244 236 
324 200 
236 212 
320 212 
232 216 
236 196 
192 212 
192 196 
204 196 
212 196 
192 196 
236 232 
200 284 
212 252 
232 236 
232 200 
196 216 
212 232 
236 228 
232 232 
232 236 
220 200 
240 244 
236 240 
220 216 
232 216 
212 236 
236 240 
192 196 
240 192 
240 200 
232 224 
212 240 
200 212 
296 576 
248 220 
244 240 
212 244 
236 240 
200 240 
236 192 
240 220 
228 240 
192 232 
232 232 
240 232 
196 192 
220 212 
204 212 
232 196 
204 236 
196 192 
192 220 
220 236 
244 236 
212 200 
232 212 
188 216 
228 236 
248 196 
232 208 
212 196 
232 228 
200 196 
228 236 
212 196 
212 200 
212 208 
236 236 
