# ./FR-trace starting at Thu Mar 19 01:23:57 2020
################# CONFIG #################
# slot=5000
# samples=10000
# threshold=100
# idle=500
# minlen=500
# runs=10000
# pdathreads=2
# nmonitored=2
#   monitor0=../apps/openssl ecp_smpl.c:927 0x1e3e58
#   monitor1=../apps/openssl ecp_smpl.c:934 0x1e3af3
# nevicted=0
# npdatargets=2
#   target0=../apps/openssl bn_lib.c:514 0x102fb9
#   target1=../apps/openssl bn_lib.c:543 0x103025
# affinity=all
############## SYSTEM INFO ###############
# mastik_version=
# sysname=Linux
# nodename=lovelace
# release=5.3.7-arch1-1-ARCH
# version=#1 SMP PREEMPT Fri Oct 18 00:17:03 UTC 2019
# machine=x86_64
################## DATA ##################
# run=3801
# datapoints=1288
40 36 
36 440 
244 436 
36 36 
44 36 
456 448 
236 432 
224 240 
688 436 
452 448 
480 448 
420 440 
252 176 
432 440 
256 256 
248 356 
36 36 
36 36 
36 36 
452 432 
256 236 
248 240 
40 36 
456 432 
448 440 
248 244 
536 40 
316 444 
428 444 
232 240 
228 228 
432 44 
444 440 
232 236 
232 244 
860 36 
328 440 
252 240 
248 256 
452 36 
460 440 
252 440 
260 256 
248 44 
924 440 
452 436 
236 260 
232 40 
316 440 
432 436 
236 236 
236 232 
432 36 
456 740 
244 260 
236 40 
432 436 
240 260 
228 256 
452 40 
436 440 
252 232 
264 252 
456 36 
452 432 
248 260 
260 260 
456 36 
456 436 
256 260 
248 48 
880 440 
456 440 
252 252 
252 256 
36 36 
460 440 
252 252 
252 256 
456 36 
260 436 
232 256 
240 256 
436 36 
448 436 
232 252 
232 36 
452 436 
248 244 
228 236 
236 40 
448 36 
460 436 
256 232 
256 44 
452 448 
456 436 
256 260 
248 260 
460 36 
456 440 
252 260 
252 40 
348 436 
440 444 
248 264 
248 48 
440 444 
452 440 
260 256 
256 232 
488 36 
524 436 
236 232 
228 248 
428 36 
244 440 
232 236 
232 236 
440 36 
456 436 
772 444 
248 260 
248 44 
224 440 
452 436 
256 256 
256 264 
260 320 
460 440 
252 260 
252 256 
536 36 
256 460 
248 280 
252 256 
448 36 
456 440 
256 256 
252 256 
252 32 
452 436 
248 256 
212 256 
420 36 
412 436 
220 256 
248 220 
452 36 
412 440 
248 264 
260 252 
312 36 
456 440 
216 228 
256 272 
456 36 
460 440 
416 420 
220 216 
216 40 
452 432 
412 416 
216 216 
212 44 
456 36 
452 440 
256 252 
248 264 
416 36 
452 440 
348 256 
256 256 
448 36 
456 440 
252 220 
252 240 
456 36 
456 440 
256 216 
260 240 
456 36 
456 440 
208 208 
224 260 
452 36 
460 440 
260 256 
256 260 
452 240 
432 436 
256 252 
256 40 
452 452 
456 440 
260 256 
248 40 
452 436 
452 432 
244 232 
252 40 
452 36 
460 420 
256 256 
252 272 
452 36 
420 420 
476 256 
216 44 
456 36 
456 440 
256 224 
256 232 
456 36 
460 440 
252 248 
560 40 
436 440 
244 236 
252 256 
452 36 
460 436 
236 240 
232 120 
316 36 
716 440 
228 252 
248 256 
432 36 
256 444 
252 252 
224 40 
436 440 
456 440 
272 608 
236 44 
328 440 
240 444 
232 240 
232 36 
428 436 
228 232 
252 252 
720 36 
436 440 
240 252 
248 40 
432 444 
432 440 
228 260 
236 44 
456 456 
456 932 
256 232 
248 40 
452 444 
452 436 
252 232 
232 240 
248 36 
460 436 
256 240 
244 100 
432 40 
456 440 
256 236 
236 184 
432 36 
248 440 
252 260 
264 252 
456 36 
452 432 
260 252 
252 40 
460 452 
228 244 
248 264 
460 36 
456 440 
256 256 
256 252 
332 36 
456 440 
252 256 
224 256 
684 36 
456 432 
456 440 
256 252 
252 40 
256 244 
456 260 
248 256 
252 36 
452 448 
456 256 
248 260 
264 40 
456 440 
252 256 
256 256 
516 36 
452 440 
260 260 
256 256 
452 36 
252 436 
256 260 
260 40 
456 36 
704 440 
252 256 
248 260 
452 36 
256 436 
248 264 
260 44 
452 440 
452 436 
252 384 
252 40 
452 440 
452 440 
260 264 
260 44 
464 436 
252 260 
252 256 
456 36 
456 440 
256 260 
248 252 
256 36 
876 944 
0 0 
0 0 
0 0 
0 0 
0 0 
0 0 
0 0 
0 0 
0 0 
0 0 
0 0 
0 0 
0 0 
0 0 
0 0 
0 0 
0 0 
0 0 
0 0 
0 0 
0 0 
0 0 
0 0 
0 0 
0 0 
0 0 
0 0 
0 0 
0 0 
0 0 
0 0 
0 0 
0 0 
0 0 
0 0 
0 0 
0 0 
0 0 
0 0 
0 0 
0 0 
0 0 
0 0 
0 0 
0 0 
0 0 
0 0 
0 0 
0 0 
0 0 
0 0 
0 0 
0 0 
0 0 
0 0 
0 0 
0 0 
0 0 
0 0 
0 0 
0 0 
0 0 
0 0 
0 0 
0 0 
0 0 
0 0 
0 0 
0 0 
0 0 
0 0 
0 0 
0 0 
0 0 
0 0 
0 0 
0 0 
0 0 
0 0 
0 0 
0 0 
0 0 
0 0 
0 0 
0 0 
0 0 
0 0 
0 0 
0 0 
0 0 
0 0 
0 0 
0 0 
0 0 
0 0 
0 0 
0 0 
0 0 
0 0 
0 0 
0 0 
0 0 
0 0 
0 0 
0 0 
0 0 
0 0 
0 0 
0 0 
0 0 
0 0 
0 0 
0 0 
0 0 
0 0 
0 0 
0 0 
0 0 
0 0 
0 0 
0 0 
0 0 
0 0 
0 0 
0 0 
0 0 
0 0 
0 0 
0 0 
0 0 
0 0 
0 0 
0 0 
0 0 
0 0 
0 0 
0 0 
0 0 
0 0 
0 0 
0 0 
0 0 
0 0 
0 0 
0 0 
0 0 
0 0 
0 0 
0 0 
0 0 
0 0 
0 0 
0 0 
0 0 
0 0 
0 0 
0 0 
0 0 
0 0 
0 0 
0 0 
0 0 
0 0 
0 0 
0 0 
0 0 
0 0 
0 0 
0 0 
0 0 
0 0 
0 0 
0 0 
0 0 
0 0 
0 0 
0 0 
0 0 
0 0 
0 0 
0 0 
0 0 
0 0 
0 0 
0 0 
0 0 
0 0 
0 0 
0 0 
0 0 
0 0 
0 0 
0 0 
0 0 
0 0 
0 0 
0 0 
0 0 
0 0 
0 0 
0 0 
0 0 
0 0 
0 0 
0 0 
0 0 
0 0 
0 0 
0 0 
0 0 
0 0 
0 0 
0 0 
0 0 
0 0 
0 0 
0 0 
0 0 
0 0 
0 0 
0 0 
0 0 
0 0 
0 0 
0 0 
0 0 
0 0 
0 0 
0 0 
0 0 
0 0 
0 0 
0 0 
0 0 
0 0 
0 0 
0 0 
0 0 
0 0 
0 0 
0 0 
0 0 
0 0 
0 0 
0 0 
0 0 
0 0 
0 0 
0 0 
0 0 
0 0 
0 0 
0 0 
0 0 
0 0 
0 0 
0 0 
0 0 
0 0 
0 0 
0 0 
0 0 
0 0 
0 0 
0 0 
0 0 
0 0 
0 0 
0 0 
0 0 
0 0 
0 0 
0 0 
0 0 
0 0 
0 0 
0 0 
0 0 
0 0 
0 0 
0 0 
0 0 
0 0 
0 0 
0 0 
0 0 
0 0 
0 0 
0 0 
0 0 
0 0 
0 0 
0 0 
0 0 
0 0 
0 0 
0 0 
0 0 
0 0 
0 0 
0 0 
0 0 
0 0 
0 0 
0 0 
0 0 
0 0 
0 0 
0 0 
0 0 
0 0 
0 0 
0 0 
0 0 
0 0 
0 0 
0 0 
0 0 
0 0 
0 0 
0 0 
0 0 
0 0 
0 0 
0 0 
0 0 
0 0 
0 0 
0 0 
0 0 
0 0 
0 0 
0 0 
252 40 
252 260 
36 336 
416 440 
248 256 
252 36 
460 440 
452 436 
212 248 
212 40 
452 36 
420 420 
236 220 
212 40 
420 432 
456 436 
224 260 
220 44 
648 424 
212 252 
220 256 
36 36 
456 436 
760 256 
252 256 
412 36 
456 440 
252 252 
248 256 
452 36 
448 440 
252 260 
252 512 
220 36 
452 432 
252 256 
256 252 
252 36 
632 444 
452 432 
248 260 
252 76 
36 32 
456 436 
248 260 
252 252 
456 36 
456 440 
260 256 
252 260 
460 36 
460 444 
252 256 
244 40 
456 452 
456 440 
248 252 
252 256 
324 36 
452 436 
248 256 
252 256 
456 36 
452 436 
216 260 
36 40 
420 424 
212 256 
212 256 
608 36 
452 436 
216 256 
248 256 
416 36 
456 444 
252 232 
248 44 
460 436 
228 440 
272 256 
252 44 
432 432 
436 448 
228 264 
228 40 
432 448 
240 256 
256 236 
36 36 
460 440 
228 232 
256 232 
248 36 
456 432 
240 236 
252 40 
340 448 
448 440 
248 256 
252 188 
452 36 
432 260 
248 256 
252 40 
452 444 
240 232 
228 256 
40 44 
432 436 
400 232 
252 240 
476 36 
444 436 
224 252 
236 256 
436 36 
432 440 
232 260 
672 256 
436 36 
452 440 
232 212 
260 232 
304 212 
220 228 
236 252 
216 236 
208 212 
224 228 
208 248 
280 288 
212 212 
248 520 
212 232 
232 208 
232 252 
460 736 
456 440 
260 236 
456 436 
456 440 
464 436 
444 260 
252 260 
252 256 
260 260 
256 260 
248 260 
252 252 
248 252 
256 256 
256 252 
256 264 
252 256 
248 260 
244 272 
252 260 
456 440 
460 440 
236 232 
236 220 
256 436 
460 256 
224 488 
252 252 
248 256 
252 256 
256 256 
260 260 
260 256 
252 252 
252 260 
248 256 
260 260 
252 252 
256 240 
252 240 
460 448 
256 240 
256 232 
248 232 
228 236 
564 208 
260 216 
232 232 
220 216 
220 376 
224 220 
212 212 
244 224 
248 252 
248 256 
252 256 
256 252 
208 236 
256 256 
248 232 
256 260 
208 224 
248 252 
208 460 
244 224 
216 220 
248 260 
248 256 
256 252 
260 252 
256 260 
332 264 
248 248 
260 256 
256 264 
256 256 
684 256 
252 260 
252 260 
344 256 
344 264 
328 252 
276 256 
320 228 
212 256 
248 256 
260 280 
252 256 
256 224 
280 216 
212 212 
256 212 
232 240 
232 252 
208 220 
216 256 
248 220 
252 216 
244 212 
252 216 
252 244 
216 252 
248 268 
252 248 
216 244 
260 252 
256 244 
256 256 
548 216 
224 216 
228 232 
252 216 
256 264 
244 216 
220 264 
252 256 
256 256 
252 260 
248 256 
228 256 
228 236 
252 260 
216 260 
256 260 
248 252 
248 252 
256 256 
248 256 
244 284 
248 256 
248 256 
244 212 
260 272 
252 260 
252 256 
256 252 
232 260 
256 264 
248 260 
252 256 
260 256 
268 268 
268 252 
248 256 
256 260 
224 248 
260 260 
252 260 
252 260 
228 260 
252 256 
220 260 
236 256 
224 268 
256 228 
248 220 
256 224 
264 220 
256 228 
252 244 
256 240 
248 236 
468 268 
252 240 
236 236 
252 244 
232 268 
228 236 
220 260 
224 248 
224 232 
216 256 
220 252 
248 244 
212 252 
256 256 
252 212 
240 260 
264 256 
252 236 
212 208 
228 232 
228 224 
256 256 
248 220 
252 240 
248 220 
224 256 
368 256 
216 244 
232 260 
212 232 
248 236 
252 236 
252 240 
252 260 
212 216 
244 256 
252 248 
248 256 
264 232 
248 256 
248 244 
232 252 
224 256 
248 232 
228 256 
228 240 
236 256 
212 216 
212 220 
252 232 
248 244 
248 476 
204 220 
252 220 
244 216 
212 220 
216 236 
232 212 
256 248 
236 236 
240 216 
240 236 
228 236 
252 232 
248 224 
228 236 
232 256 
228 232 
252 216 
224 216 
224 220 
456 256 
320 208 
224 356 
248 240 
224 216 
224 220 
212 228 
268 232 
232 252 
228 228 
252 260 
256 256 
228 232 
256 256 
252 252 
220 260 
252 240 
228 268 
228 248 
244 232 
260 260 
248 256 
232 236 
248 260 
528 256 
256 248 
252 256 
264 252 
252 256 
248 232 
248 236 
228 212 
212 236 
252 408 
404 252 
252 252 
216 252 
228 272 
212 228 
208 216 
256 208 
252 260 
216 212 
244 256 
216 256 
252 232 
248 248 
212 256 
228 212 
288 264 
372 232 
208 704 
224 216 
224 232 
260 252 
204 212 
208 224 
304 216 
204 212 
228 248 
248 228 
324 224 
444 232 
252 240 
264 212 
224 216 
208 236 
208 212 
220 208 
240 228 
248 220 
220 228 
208 252 
216 248 
232 208 
520 232 
300 244 
212 252 
244 212 
460 208 
256 212 
252 216 
244 216 
468 468 
252 216 
252 240 
212 204 
248 256 
252 208 
308 256 
228 248 
256 232 
232 220 
232 216 
228 232 
248 240 
212 216 
260 212 
248 220 
228 236 
212 224 
248 260 
260 228 
256 220 
248 216 
260 236 
204 212 
248 216 
208 248 
228 216 
292 212 
256 236 
232 232 
204 240 
256 256 
212 212 
228 252 
252 228 
212 296 
212 356 
232 232 
316 260 
256 256 
240 252 
248 320 
308 216 
204 208 
212 212 
208 212 
248 216 
204 212 
216 212 
248 264 
248 216 
244 768 
224 212 
212 228 
208 256 
216 404 
252 216 
252 256 
244 256 
300 224 
224 256 
244 256 
216 216 
252 256 
204 212 
284 224 
208 216 
216 212 
228 464 
212 232 
216 216 
228 228 
248 212 
876 212 
216 228 
256 252 
216 264 
220 248 
228 252 
248 256 
232 236 
252 252 
220 264 
216 256 
248 216 
208 228 
232 216 
260 240 
236 212 
252 232 
260 248 
228 224 
244 256 
240 252 
252 256 
248 248 
228 260 
252 264 
248 252 
248 256 
248 264 
248 260 
220 216 
252 256 
236 216 
228 252 
248 252 
256 260 
248 248 
252 240 
212 244 
244 216 
248 216 
252 212 
228 208 
252 220 
248 216 
212 252 
216 212 
212 216 
212 212 
232 232 
276 240 
204 216 
448 236 
248 256 
232 256 
224 228 
212 260 
220 224 
228 260 
540 252 
232 232 
220 256 
208 244 
256 264 
220 220 
252 232 
212 260 
228 228 
232 248 
212 244 
220 236 
240 252 
232 256 
216 256 
240 260 
244 256 
256 252 
244 588 
252 252 
244 268 
268 232 
260 256 
252 252 
252 264 
244 256 
228 332 
248 256 
252 264 
208 252 
212 256 
264 260 
228 264 
248 264 
212 260 
232 256 
