# ./FR-trace starting at Thu Mar 19 00:23:50 2020
################# CONFIG #################
# slot=5000
# samples=10000
# threshold=100
# idle=500
# minlen=500
# runs=10000
# pdathreads=2
# nmonitored=2
#   monitor0=../apps/openssl ecp_smpl.c:927 0x1e3e58
#   monitor1=../apps/openssl ecp_smpl.c:934 0x1e3af3
# nevicted=0
# npdatargets=2
#   target0=../apps/openssl bn_lib.c:514 0x102fb9
#   target1=../apps/openssl bn_lib.c:543 0x103025
# affinity=all
############## SYSTEM INFO ###############
# mastik_version=
# sysname=Linux
# nodename=lovelace
# release=5.3.7-arch1-1-ARCH
# version=#1 SMP PREEMPT Fri Oct 18 00:17:03 UTC 2019
# machine=x86_64
################## DATA ##################
# run=402
# datapoints=1149
52 172 
216 252 
44 56 
48 52 
264 260 
216 256 
172 176 
212 220 
228 260 
216 244 
232 236 
208 240 
212 220 
60 52 
48 44 
248 232 
256 216 
216 216 
232 52 
224 48 
252 216 
208 232 
212 48 
228 224 
380 236 
300 52 
252 340 
212 252 
232 232 
252 52 
252 232 
208 240 
212 224 
248 44 
228 240 
216 224 
232 52 
252 232 
212 220 
252 52 
240 232 
212 220 
252 48 
256 344 
256 252 
248 256 
256 56 
216 216 
252 236 
220 48 
228 228 
208 60 
232 260 
252 224 
216 216 
252 52 
240 220 
252 220 
240 52 
212 264 
256 228 
240 220 
252 48 
232 236 
256 256 
212 52 
256 216 
228 220 
236 216 
244 60 
248 264 
300 252 
208 236 
248 44 
288 256 
256 148 
252 44 
248 352 
248 92 
248 48 
252 232 
252 44 
292 256 
208 236 
252 212 
264 44 
280 212 
212 220 
212 48 
212 232 
256 252 
212 44 
252 236 
212 220 
232 52 
240 240 
236 48 
248 220 
208 252 
216 220 
228 48 
240 236 
240 236 
232 64 
232 236 
232 256 
212 216 
216 48 
236 216 
256 344 
232 44 
248 228 
232 224 
224 52 
248 216 
252 232 
256 44 
252 236 
248 232 
228 44 
232 216 
252 256 
252 48 
248 236 
252 256 
212 48 
252 256 
228 212 
336 44 
272 216 
244 216 
252 244 
212 56 
624 236 
248 244 
316 48 
248 256 
288 236 
248 52 
216 212 
212 48 
236 216 
236 220 
212 44 
252 228 
260 216 
208 212 
212 56 
252 236 
212 84 
252 56 
212 252 
252 256 
292 48 
208 216 
252 232 
212 236 
228 48 
216 212 
248 252 
220 56 
212 236 
248 180 
228 52 
248 268 
216 236 
228 48 
208 232 
248 48 
212 244 
252 264 
232 240 
228 48 
324 228 
216 244 
232 48 
256 268 
256 224 
232 52 
256 232 
232 220 
212 52 
212 236 
232 240 
232 44 
236 240 
216 240 
216 48 
232 256 
256 240 
232 44 
216 240 
224 228 
500 48 
256 224 
224 236 
232 44 
228 236 
252 52 
252 240 
212 212 
216 40 
232 260 
208 236 
256 52 
216 220 
204 56 
212 220 
232 220 
228 224 
228 44 
212 220 
228 260 
264 48 
216 236 
248 52 
252 276 
212 260 
340 232 
260 52 
720 228 
220 224 
248 48 
244 264 
212 248 
356 44 
248 252 
436 212 
256 60 
252 268 
256 256 
212 52 
208 240 
228 236 
252 52 
240 216 
232 216 
704 52 
228 236 
216 232 
216 300 
252 52 
252 240 
212 256 
204 44 
256 316 
260 112 
216 44 
208 240 
224 48 
212 216 
252 232 
248 252 
252 52 
228 224 
228 232 
252 44 
240 220 
204 260 
244 48 
252 252 
228 256 
248 48 
216 212 
216 280 
232 48 
232 260 
212 48 
248 472 
232 232 
232 232 
320 48 
216 216 
216 216 
252 52 
220 244 
692 248 
300 56 
248 256 
248 48 
208 216 
212 224 
228 52 
228 260 
232 256 
248 52 
232 212 
252 212 
228 52 
240 220 
216 236 
252 52 
256 220 
256 232 
212 48 
232 260 
240 256 
256 48 
256 252 
232 212 
236 52 
228 232 
212 212 
212 52 
236 240 
252 216 
248 52 
244 236 
204 240 
220 216 
212 48 
560 216 
252 260 
224 52 
212 212 
256 256 
212 48 
216 232 
212 232 
456 48 
312 216 
212 216 
212 48 
212 216 
208 216 
224 56 
248 260 
212 216 
272 52 
208 212 
208 236 
264 56 
232 236 
224 260 
208 48 
208 228 
216 212 
212 52 
208 232 
260 424 
220 44 
232 240 
232 48 
232 216 
252 212 
220 48 
248 344 
208 264 
232 216 
228 48 
232 264 
228 212 
208 48 
232 232 
252 248 
212 56 
232 236 
252 236 
232 52 
252 232 
232 212 
260 48 
216 228 
208 236 
248 48 
232 284 
252 256 
668 48 
252 240 
208 244 
216 52 
212 244 
224 236 
212 44 
256 216 
252 292 
256 252 
252 52 
232 232 
232 256 
256 236 
248 56 
248 264 
256 252 
212 52 
224 280 
248 256 
212 260 
236 48 
208 664 
208 260 
248 260 
212 52 
216 244 
256 956 
260 44 
228 252 
236 256 
212 52 
232 236 
244 240 
216 52 
252 232 
232 240 
252 236 
232 52 
216 256 
216 228 
212 52 
236 252 
248 52 
256 232 
220 236 
232 236 
256 52 
216 216 
248 276 
216 216 
208 44 
228 232 
252 48 
228 212 
252 252 
248 44 
352 220 
600 248 
212 52 
256 244 
216 180 
248 44 
232 232 
252 236 
236 48 
248 220 
276 456 
612 48 
256 240 
232 232 
224 260 
208 52 
212 236 
260 216 
212 52 
252 668 
212 232 
252 220 
228 48 
240 212 
252 264 
208 40 
220 256 
228 244 
236 232 
216 52 
240 216 
216 256 
228 52 
260 220 
248 252 
216 48 
216 220 
208 216 
216 48 
212 236 
232 252 
260 48 
252 240 
216 252 
260 48 
244 216 
216 260 
308 48 
212 236 
212 228 
212 256 
764 48 
236 216 
212 216 
216 1096 
224 52 
216 256 
228 232 
220 44 
228 212 
256 252 
204 56 
248 268 
216 48 
252 296 
264 224 
232 240 
248 48 
256 244 
252 260 
232 48 
256 260 
208 264 
232 52 
236 220 
228 256 
248 52 
232 236 
252 48 
232 228 
248 228 
236 44 
364 228 
284 232 
232 240 
232 48 
336 236 
252 212 
268 64 
248 52 
232 292 
232 48 
228 304 
228 260 
252 256 
232 48 
636 284 
232 236 
236 56 
252 256 
264 260 
212 52 
208 212 
252 216 
212 48 
244 732 
240 252 
236 52 
252 220 
252 276 
212 256 
212 44 
244 272 
232 256 
248 52 
764 256 
256 52 
256 232 
216 252 
220 48 
224 332 
248 216 
228 52 
252 212 
252 216 
212 48 
440 216 
216 48 
208 212 
208 220 
232 124 
228 56 
352 256 
252 48 
248 216 
252 216 
244 48 
212 264 
228 940 
216 48 
212 260 
220 56 
212 236 
212 236 
248 48 
212 212 
220 236 
224 44 
240 244 
212 260 
216 248 
256 48 
248 252 
244 280 
252 48 
228 256 
212 236 
228 52 
228 240 
212 240 
252 44 
232 228 
252 232 
220 240 
216 48 
220 228 
212 256 
248 52 
232 216 
252 260 
208 216 
244 48 
236 1264 
256 396 
224 48 
344 224 
236 228 
248 44 
252 252 
296 232 
252 44 
248 252 
244 212 
248 44 
244 256 
256 216 
248 48 
248 244 
268 220 
228 220 
364 224 
320 236 
212 220 
260 288 
208 252 
216 224 
236 216 
220 412 
208 256 
220 380 
216 248 
256 232 
280 212 
212 260 
228 260 
668 216 
248 232 
224 244 
252 260 
252 240 
312 252 
252 228 
236 260 
204 236 
212 232 
212 240 
216 232 
208 252 
236 244 
216 240 
248 232 
236 216 
256 228 
252 216 
248 48 
232 216 
252 256 
220 260 
208 216 
248 480 
248 260 
240 260 
240 280 
512 236 
236 232 
212 236 
248 220 
212 236 
212 240 
220 228 
248 244 
220 236 
244 236 
216 232 
276 232 
256 216 
232 248 
236 216 
280 212 
208 212 
440 228 
208 212 
212 216 
252 216 
256 236 
220 216 
232 1140 
216 256 
216 216 
380 216 
236 228 
252 272 
252 304 
244 268 
252 264 
452 236 
260 252 
252 244 
256 288 
252 472 
252 260 
224 216 
212 236 
760 236 
212 212 
244 216 
212 220 
212 216 
212 220 
216 248 
256 244 
276 216 
232 220 
216 216 
268 216 
252 240 
552 260 
232 216 
312 216 
1056 256 
256 220 
232 244 
236 228 
252 256 
224 216 
208 216 
252 216 
248 212 
248 252 
256 216 
204 220 
216 212 
212 216 
312 472 
232 256 
212 236 
232 216 
248 236 
252 212 
308 256 
248 232 
228 236 
252 232 
232 248 
228 236 
208 252 
248 212 
460 216 
248 256 
264 212 
348 220 
252 252 
212 220 
208 252 
228 260 
220 232 
248 244 
252 256 
232 216 
248 436 
212 320 
236 220 
216 252 
212 260 
208 224 
240 256 
256 216 
248 212 
252 236 
248 224 
264 220 
216 216 
252 216 
220 216 
244 256 
340 224 
252 476 
276 248 
204 212 
232 256 
216 220 
216 256 
224 220 
252 256 
232 244 
256 252 
468 260 
344 296 
224 236 
220 216 
216 348 
232 264 
232 236 
264 236 
232 240 
240 272 
224 216 
256 240 
260 212 
212 264 
208 224 
228 228 
252 328 
1060 284 
252 236 
220 232 
248 232 
216 228 
232 460 
216 252 
212 216 
744 300 
260 220 
284 240 
232 220 
232 232 
252 232 
252 212 
228 256 
232 212 
232 216 
228 216 
248 260 
216 220 
216 256 
248 260 
208 216 
228 220 
236 260 
244 236 
252 216 
288 224 
552 224 
212 216 
216 220 
236 512 
212 232 
640 224 
212 236 
240 256 
244 288 
212 452 
268 228 
248 252 
220 232 
204 216 
208 256 
216 216 
208 216 
232 244 
300 256 
344 284 
360 288 
292 260 
424 264 
252 216 
252 248 
252 300 
324 220 
248 260 
252 264 
504 252 
392 236 
360 256 
216 220 
212 224 
232 316 
228 212 
212 220 
212 252 
216 236 
236 216 
212 212 
228 216 
240 216 
248 264 
252 216 
212 232 
216 220 
228 216 
224 220 
212 220 
236 296 
284 256 
216 240 
208 212 
212 272 
908 300 
212 228 
212 212 
240 244 
208 240 
212 224 
224 216 
224 224 
208 212 
212 340 
248 220 
376 204 
212 256 
248 436 
304 220 
248 440 
216 220 
236 216 
232 220 
252 220 
296 216 
208 240 
212 232 
216 216 
224 372 
220 212 
216 232 
216 236 
216 228 
216 220 
224 228 
232 220 
212 328 
232 232 
760 240 
440 220 
236 244 
252 240 
228 216 
220 276 
244 220 
232 224 
228 212 
208 252 
272 280 
252 220 
212 216 
256 220 
220 220 
212 208 
216 232 
236 216 
212 220 
244 220 
248 216 
248 256 
260 256 
212 256 
256 220 
220 248 
240 252 
220 248 
208 220 
216 216 
220 212 
220 216 
220 292 
236 292 
260 224 
256 208 
212 220 
524 216 
228 216 
256 224 
252 352 
216 352 
228 220 
212 212 
248 256 
216 368 
208 320 
304 256 
212 236 
232 260 
216 268 
252 772 
244 216 
296 560 
220 236 
212 220 
208 216 
212 320 
432 216 
212 320 
244 220 
212 220 
244 220 
208 216 
216 232 
212 216 
240 228 
252 216 
236 232 
232 224 
216 264 
228 220 
212 288 
212 236 
248 256 
236 216 
232 248 
204 216 
216 236 
220 384 
260 256 
208 216 
232 252 
232 216 
256 264 
256 220 
208 232 
216 220 
280 260 
220 216 
328 216 
224 228 
212 256 
232 220 
212 556 
216 240 
212 340 
208 260 
212 236 
232 244 
212 268 
232 236 
252 256 
380 228 
436 256 
260 276 
256 268 
432 220 
228 212 
208 216 
228 216 
228 216 
212 216 
244 256 
288 212 
260 252 
240 260 
564 256 
260 216 
256 260 
252 224 
212 260 
252 256 
212 212 
252 256 
236 232 
228 236 
228 240 
252 260 
320 284 
232 620 
224 460 
252 232 
248 252 
212 220 
240 228 
232 220 
236 256 
224 256 
452 292 
228 236 
232 260 
208 232 
240 240 
212 220 
240 216 
212 240 
252 224 
216 228 
252 240 
208 464 
228 252 
216 220 
236 216 
252 236 
232 496 
212 224 
444 256 
232 264 
228 260 
256 240 
232 236 
216 216 
252 236 
224 224 
252 256 
216 224 
228 256 
208 236 
236 236 
228 252 
208 212 
256 220 
228 216 
252 220 
212 256 
248 256 
212 232 
212 212 
240 212 
216 228 
216 216 
572 272 
236 252 
272 220 
252 256 
212 232 
216 216 
256 252 
248 356 
216 220 
216 216 
216 260 
232 248 
224 220 
252 224 
228 220 
248 248 
216 216 
216 220 
232 220 
384 216 
252 256 
240 240 
252 216 
232 224 
248 216 
212 300 
276 308 
212 248 
232 260 
212 212 
208 252 
252 212 
232 256 
232 260 
220 220 
252 236 
216 216 
224 236 
248 260 
256 228 
252 248 
236 296 
252 256 
540 216 
236 216 
212 256 
232 212 
228 256 
228 252 
228 236 
212 220 
232 232 
