# ./FR-trace starting at Thu Mar 19 03:02:05 2020
################# CONFIG #################
# slot=5000
# samples=10000
# threshold=100
# idle=500
# minlen=500
# runs=10000
# pdathreads=2
# nmonitored=2
#   monitor0=../apps/openssl ecp_smpl.c:927 0x1e3e58
#   monitor1=../apps/openssl ecp_smpl.c:934 0x1e3af3
# nevicted=0
# npdatargets=2
#   target0=../apps/openssl bn_lib.c:514 0x102fb9
#   target1=../apps/openssl bn_lib.c:543 0x103025
# affinity=all
############## SYSTEM INFO ###############
# mastik_version=
# sysname=Linux
# nodename=lovelace
# release=5.3.7-arch1-1-ARCH
# version=#1 SMP PREEMPT Fri Oct 18 00:17:03 UTC 2019
# machine=x86_64
################## DATA ##################
# run=9240
# datapoints=1513
48 44 
204 216 
52 220 
48 44 
48 44 
48 44 
228 204 
232 220 
236 208 
236 208 
232 236 
236 212 
212 212 
240 208 
240 232 
232 240 
232 208 
232 232 
240 236 
236 204 
244 212 
232 208 
44 44 
48 48 
52 44 
44 44 
240 212 
240 216 
232 232 
480 228 
240 220 
44 44 
232 216 
232 240 
236 212 
228 232 
232 232 
44 40 
728 236 
236 212 
232 224 
232 232 
236 36 
228 208 
236 208 
236 216 
236 228 
232 44 
232 208 
236 212 
232 236 
240 228 
232 228 
244 44 
236 208 
236 204 
232 208 
228 228 
228 44 
232 236 
236 212 
240 208 
232 232 
228 44 
236 208 
248 208 
240 236 
232 232 
232 44 
236 204 
232 216 
240 216 
236 232 
236 40 
240 208 
240 228 
236 232 
228 236 
232 40 
232 216 
240 232 
232 212 
228 228 
228 228 
232 40 
228 212 
244 216 
232 232 
232 232 
208 40 
240 216 
232 236 
232 212 
236 232 
232 44 
236 212 
236 236 
232 236 
212 232 
232 44 
240 248 
240 212 
236 232 
232 228 
232 36 
236 220 
232 212 
220 232 
232 232 
232 44 
236 208 
232 204 
228 208 
228 228 
240 40 
276 236 
228 228 
236 244 
232 228 
232 40 
232 204 
236 236 
228 208 
232 232 
480 44 
236 212 
236 216 
232 212 
232 232 
240 232 
228 40 
236 212 
236 216 
744 228 
228 232 
232 44 
236 216 
236 208 
236 212 
232 228 
228 40 
272 204 
228 592 
236 216 
228 228 
236 44 
228 44 
236 208 
236 236 
232 204 
240 228 
232 40 
232 212 
236 252 
236 236 
228 232 
232 44 
228 204 
240 224 
232 208 
232 232 
232 44 
228 212 
236 240 
228 208 
228 232 
232 44 
236 244 
240 232 
244 212 
228 208 
232 228 
236 44 
232 212 
236 220 
240 208 
232 228 
228 40 
232 204 
232 204 
232 228 
228 228 
228 224 
236 44 
232 212 
232 212 
236 228 
232 228 
236 44 
240 244 
236 212 
232 212 
232 232 
208 48 
232 208 
240 252 
228 228 
232 232 
236 44 
236 208 
236 228 
232 232 
208 44 
228 204 
232 216 
232 216 
232 232 
232 100 
232 44 
232 208 
252 236 
232 208 
228 232 
228 44 
236 236 
232 220 
232 208 
236 232 
232 44 
532 212 
228 212 
236 212 
232 228 
228 48 
236 48 
240 208 
232 208 
240 208 
236 376 
228 40 
240 212 
240 208 
240 232 
232 232 
232 40 
232 236 
236 212 
232 608 
228 232 
236 124 
244 44 
236 232 
232 208 
236 208 
236 232 
236 40 
244 252 
232 232 
232 232 
232 236 
236 44 
232 236 
244 224 
232 228 
228 232 
236 44 
236 236 
236 212 
228 228 
232 40 
228 48 
232 212 
232 208 
236 208 
232 228 
232 40 
236 212 
232 212 
260 212 
232 232 
232 44 
228 212 
228 208 
240 236 
228 228 
228 44 
240 208 
232 232 
228 204 
208 208 
232 228 
236 40 
260 228 
232 212 
228 208 
232 232 
240 44 
240 232 
212 204 
240 236 
232 232 
236 40 
232 212 
232 208 
236 208 
232 232 
232 40 
220 212 
232 212 
232 208 
232 232 
232 40 
232 216 
228 212 
236 232 
300 232 
236 212 
228 48 
240 208 
240 236 
228 228 
236 228 
236 48 
232 208 
520 212 
228 228 
232 228 
236 44 
236 204 
236 240 
232 232 
232 228 
228 40 
232 396 
240 212 
228 212 
232 228 
228 228 
232 44 
232 212 
236 236 
236 208 
232 628 
228 40 
236 216 
228 212 
228 212 
228 228 
232 40 
232 208 
232 208 
236 216 
232 232 
232 40 
232 208 
232 236 
236 216 
236 228 
232 228 
236 48 
236 212 
236 212 
232 208 
232 232 
236 40 
236 208 
232 208 
236 236 
228 232 
228 84 
232 40 
240 208 
232 236 
228 208 
232 232 
244 40 
232 216 
236 212 
236 228 
232 232 
232 44 
236 232 
236 220 
228 228 
208 232 
236 40 
236 228 
276 212 
224 232 
232 232 
240 44 
232 232 
232 216 
212 232 
232 44 
240 220 
236 232 
228 220 
228 228 
236 228 
236 44 
236 208 
232 216 
232 228 
236 44 
240 216 
236 208 
236 212 
232 212 
236 232 
296 44 
236 204 
228 208 
232 208 
232 232 
236 48 
240 216 
232 220 
232 228 
556 232 
232 232 
232 40 
236 208 
232 208 
232 232 
232 36 
236 48 
236 204 
236 384 
228 228 
236 228 
228 44 
240 228 
236 236 
236 232 
232 232 
232 40 
236 668 
232 232 
236 208 
232 232 
236 40 
240 212 
228 204 
236 236 
236 228 
232 44 
232 224 
232 212 
236 212 
236 228 
228 228 
232 44 
244 208 
236 212 
240 232 
236 228 
228 44 
236 208 
228 232 
240 212 
228 232 
232 232 
232 44 
236 204 
232 212 
232 232 
232 232 
228 40 
240 244 
232 212 
232 208 
228 232 
232 40 
232 204 
236 208 
228 208 
236 228 
232 232 
208 44 
240 216 
244 212 
232 228 
232 228 
232 44 
236 212 
240 208 
236 212 
208 228 
236 40 
236 212 
236 208 
236 216 
236 228 
228 44 
236 208 
232 216 
216 232 
236 228 
232 44 
232 204 
236 212 
236 228 
228 228 
228 44 
320 236 
240 204 
228 216 
232 232 
224 44 
236 212 
240 236 
232 208 
236 232 
588 48 
232 236 
236 212 
228 208 
232 228 
240 40 
232 216 
236 232 
228 228 
232 44 
232 212 
236 208 
232 208 
240 228 
228 228 
240 48 
236 212 
240 212 
228 648 
224 228 
232 44 
236 212 
232 208 
232 228 
232 232 
232 44 
228 208 
236 216 
236 228 
232 232 
228 44 
240 208 
236 212 
232 208 
232 228 
232 40 
232 236 
232 212 
228 212 
232 228 
228 44 
228 208 
236 212 
236 212 
228 228 
236 44 
236 212 
232 232 
236 208 
232 228 
228 40 
236 208 
236 216 
236 236 
232 228 
232 44 
232 44 
232 208 
228 212 
240 220 
216 228 
228 44 
232 208 
240 232 
240 208 
232 228 
232 44 
240 212 
228 208 
212 208 
236 232 
236 44 
236 256 
236 212 
248 208 
232 232 
228 232 
228 40 
236 208 
232 244 
228 204 
232 228 
232 44 
232 44 
228 212 
236 252 
340 236 
236 212 
232 40 
260 204 
232 232 
248 228 
232 232 
228 40 
236 212 
596 208 
232 216 
232 232 
228 112 
236 44 
228 216 
228 212 
232 232 
232 116 
236 40 
240 204 
240 236 
232 208 
228 232 
236 44 
232 204 
236 208 
228 208 
232 704 
232 40 
236 208 
232 208 
236 208 
228 228 
236 40 
236 204 
244 236 
236 204 
228 232 
236 44 
236 212 
236 236 
232 208 
232 232 
228 204 
228 44 
224 208 
236 212 
232 212 
232 236 
232 40 
240 208 
236 212 
240 220 
228 232 
232 44 
232 212 
236 236 
240 212 
232 232 
228 44 
232 212 
240 208 
228 208 
232 232 
232 36 
240 208 
232 232 
236 212 
228 228 
208 232 
236 44 
236 232 
232 208 
228 228 
228 228 
236 40 
232 212 
232 212 
208 208 
236 228 
240 48 
236 232 
236 208 
228 228 
228 232 
236 40 
236 228 
236 208 
232 232 
228 228 
232 44 
236 204 
248 216 
236 216 
232 232 
384 44 
232 212 
232 208 
236 212 
228 228 
228 36 
240 208 
236 208 
232 208 
588 208 
240 232 
232 40 
232 208 
236 208 
236 220 
232 232 
236 40 
236 212 
232 468 
236 232 
232 228 
228 40 
236 212 
236 232 
232 212 
228 232 
228 44 
232 676 
236 204 
236 232 
232 232 
240 44 
240 252 
240 212 
228 232 
232 228 
240 44 
232 228 
232 220 
240 212 
228 228 
232 40 
228 208 
228 304 
236 236 
232 224 
228 172 
240 40 
236 204 
236 224 
228 228 
232 228 
236 40 
236 208 
240 208 
228 232 
228 232 
228 44 
240 212 
232 208 
236 204 
236 232 
236 44 
236 224 
228 232 
236 232 
232 228 
228 228 
232 44 
216 228 
236 220 
228 208 
232 228 
228 52 
236 212 
228 208 
228 232 
232 232 
208 44 
232 212 
236 232 
232 228 
228 228 
236 44 
228 220 
236 236 
232 232 
232 208 
232 232 
232 44 
228 236 
228 224 
232 228 
232 232 
236 44 
404 232 
232 204 
232 228 
228 156 
232 44 
236 204 
232 232 
232 232 
232 232 
640 228 
228 48 
228 228 
240 232 
236 228 
236 228 
240 44 
228 208 
236 236 
232 488 
232 232 
236 48 
236 212 
236 236 
236 232 
232 232 
236 44 
240 236 
232 724 
228 228 
232 232 
244 40 
236 228 
232 204 
236 236 
228 232 
228 40 
240 216 
232 212 
232 208 
232 232 
232 44 
240 208 
236 204 
232 216 
228 228 
228 44 
236 208 
236 212 
232 212 
232 228 
232 40 
236 212 
240 212 
236 236 
232 228 
228 44 
232 212 
236 208 
232 208 
232 232 
232 44 
240 212 
232 232 
232 208 
236 208 
232 232 
232 40 
240 252 
236 208 
216 228 
236 228 
232 44 
232 236 
232 208 
228 208 
232 232 
236 44 
232 208 
212 208 
236 208 
232 236 
232 44 
232 208 
228 208 
240 216 
232 228 
228 44 
236 212 
240 208 
232 208 
236 232 
232 116 
236 40 
232 208 
240 236 
428 228 
236 208 
232 44 
236 236 
240 248 
232 228 
228 40 
236 204 
232 232 
656 236 
232 228 
236 232 
228 44 
232 204 
236 208 
232 208 
236 228 
232 40 
236 456 
236 224 
236 236 
232 232 
232 36 
232 208 
236 212 
232 204 
228 228 
232 44 
236 208 
232 208 
236 224 
232 232 
232 48 
228 44 
232 212 
236 208 
240 232 
228 228 
236 40 
236 236 
232 212 
232 208 
232 232 
232 44 
236 216 
232 212 
232 212 
232 208 
232 232 
228 44 
236 204 
228 208 
236 240 
232 232 
232 40 
236 204 
236 232 
232 216 
228 228 
232 40 
236 216 
232 236 
236 228 
228 208 
232 228 
232 40 
240 208 
232 224 
236 236 
212 232 
232 40 
240 212 
232 208 
236 208 
228 240 
232 44 
228 212 
232 212 
212 208 
232 236 
232 44 
236 216 
236 232 
232 232 
228 228 
228 40 
200 208 
236 228 
232 236 
236 232 
228 232 
232 44 
232 208 
236 256 
232 228 
436 44 
236 212 
232 228 
240 236 
232 232 
228 228 
232 44 
232 236 
236 208 
656 228 
232 232 
236 44 
232 236 
232 224 
232 232 
232 228 
208 48 
0 0 
0 0 
232 228 
220 192 
228 232 
236 48 
240 196 
192 192 
228 232 
44 44 
240 728 
232 212 
236 228 
228 232 
232 40 
240 216 
232 204 
236 228 
212 228 
240 40 
188 204 
228 44 
208 44 
44 240 
200 44 
48 404 
200 208 
196 192 
204 212 
196 188 
204 212 
196 232 
228 208 
192 188 
192 220 
208 252 
196 208 
192 192 
192 204 
268 192 
228 232 
212 192 
212 188 
228 252 
224 204 
192 212 
232 232 
192 192 
448 208 
228 232 
196 232 
192 208 
236 232 
228 232 
228 228 
232 228 
232 228 
232 236 
228 228 
232 228 
228 228 
212 208 
228 228 
232 228 
232 232 
236 212 
256 212 
240 212 
228 216 
232 196 
232 208 
228 212 
232 212 
232 228 
240 348 
240 232 
232 228 
268 232 
452 232 
232 208 
232 236 
232 228 
236 236 
232 228 
232 232 
228 228 
232 232 
692 228 
232 208 
228 208 
232 208 
208 228 
232 228 
232 208 
236 228 
232 232 
228 568 
232 232 
232 232 
236 232 
232 192 
192 228 
232 228 
232 228 
232 228 
188 232 
204 212 
228 228 
236 224 
204 232 
232 204 
196 232 
228 228 
232 232 
236 232 
232 228 
232 232 
232 232 
232 232 
232 236 
236 232 
232 232 
208 232 
232 228 
192 232 
208 232 
232 228 
232 188 
436 232 
236 208 
228 228 
236 228 
232 208 
188 232 
228 228 
228 232 
232 232 
208 232 
232 208 
232 232 
232 224 
208 228 
232 232 
232 232 
208 228 
240 232 
232 236 
212 192 
232 268 
232 232 
232 232 
192 192 
244 228 
228 228 
236 228 
192 232 
212 208 
232 228 
228 228 
232 228 
236 228 
232 232 
232 232 
228 228 
224 228 
228 208 
232 228 
232 232 
232 236 
240 232 
236 232 
212 232 
232 232 
464 228 
232 240 
232 228 
232 232 
240 232 
232 236 
236 232 
228 232 
236 228 
716 228 
232 228 
236 232 
232 228 
232 232 
232 228 
236 232 
228 228 
232 228 
232 576 
232 232 
232 232 
232 228 
192 212 
232 228 
228 228 
232 232 
232 232 
236 232 
236 232 
228 228 
212 232 
228 188 
228 288 
228 192 
232 232 
232 216 
216 228 
232 236 
236 212 
228 236 
232 228 
232 232 
232 232 
228 204 
340 232 
236 192 
188 232 
232 232 
204 228 
192 228 
236 188 
236 236 
232 228 
188 244 
232 232 
232 208 
232 232 
188 228 
228 208 
404 232 
308 208 
228 188 
228 192 
236 192 
232 228 
228 192 
236 228 
236 208 
228 232 
216 232 
228 228 
188 228 
796 456 
0 0 
0 0 
0 0 
0 0 
0 0 
0 0 
0 0 
0 0 
0 0 
0 0 
0 0 
0 0 
0 0 
0 0 
0 0 
0 0 
0 0 
0 0 
0 0 
0 0 
0 0 
0 0 
0 0 
0 0 
0 0 
0 0 
0 0 
0 0 
0 0 
0 0 
0 0 
0 0 
0 0 
0 0 
0 0 
0 0 
0 0 
0 0 
0 0 
0 0 
0 0 
0 0 
0 0 
0 0 
0 0 
0 0 
0 0 
0 0 
0 0 
0 0 
0 0 
0 0 
0 0 
0 0 
0 0 
0 0 
0 0 
0 0 
0 0 
0 0 
0 0 
0 0 
0 0 
0 0 
0 0 
0 0 
0 0 
0 0 
0 0 
0 0 
0 0 
0 0 
0 0 
0 0 
0 0 
0 0 
0 0 
0 0 
0 0 
0 0 
0 0 
0 0 
0 0 
0 0 
0 0 
0 0 
0 0 
0 0 
0 0 
0 0 
0 0 
0 0 
0 0 
0 0 
0 0 
0 0 
0 0 
0 0 
0 0 
0 0 
0 0 
0 0 
0 0 
0 0 
0 0 
0 0 
0 0 
0 0 
0 0 
0 0 
0 0 
0 0 
0 0 
0 0 
0 0 
0 0 
0 0 
0 0 
0 0 
0 0 
0 0 
0 0 
0 0 
0 0 
0 0 
0 0 
0 0 
0 0 
0 0 
0 0 
0 0 
0 0 
0 0 
0 0 
0 0 
0 0 
0 0 
0 0 
0 0 
0 0 
0 0 
0 0 
0 0 
0 0 
0 0 
0 0 
0 0 
0 0 
0 0 
0 0 
0 0 
0 0 
0 0 
0 0 
0 0 
0 0 
0 0 
0 0 
0 0 
0 0 
0 0 
0 0 
196 232 
240 212 
216 216 
188 212 
192 196 
224 224 
228 188 
228 228 
236 228 
264 296 
268 232 
228 188 
204 192 
204 192 
228 220 
204 200 
236 208 
196 192 
220 192 
188 232 
228 232 
208 264 
232 296 
412 228 
188 228 
196 200 
228 240 
312 288 
280 228 
256 228 
240 264 
192 196 
356 232 
192 192 
232 232 
224 192 
192 228 
196 200 
232 204 
208 188 
228 228 
208 420 
232 224 
196 204 
228 220 
228 224 
204 236 
228 200 
196 228 
192 232 
196 196 
192 228 
204 192 
208 208 
192 232 
192 232 
228 228 
208 232 
228 232 
200 228 
232 228 
236 232 
228 224 
232 228 
232 504 
188 232 
196 208 
228 224 
196 208 
232 232 
196 196 
232 192 
228 236 
228 224 
220 216 
232 220 
216 196 
232 220 
208 192 
204 332 
328 296 
232 220 
232 228 
228 232 
232 232 
208 192 
228 228 
192 192 
232 228 
188 228 
192 192 
192 228 
192 228 
236 232 
280 228 
236 232 
208 228 
208 236 
228 228 
212 216 
304 188 
196 220 
192 188 
204 196 
192 212 
228 228 
228 188 
196 220 
212 292 
260 224 
200 192 
200 192 
228 204 
228 244 
232 228 
232 192 
228 200 
232 228 
