# ./FR-trace starting at Thu Mar 19 01:34:35 2020
################# CONFIG #################
# slot=5000
# samples=10000
# threshold=100
# idle=500
# minlen=500
# runs=10000
# pdathreads=2
# nmonitored=2
#   monitor0=../apps/openssl ecp_smpl.c:927 0x1e3e58
#   monitor1=../apps/openssl ecp_smpl.c:934 0x1e3af3
# nevicted=0
# npdatargets=2
#   target0=../apps/openssl bn_lib.c:514 0x102fb9
#   target1=../apps/openssl bn_lib.c:543 0x103025
# affinity=all
############## SYSTEM INFO ###############
# mastik_version=
# sysname=Linux
# nodename=lovelace
# release=5.3.7-arch1-1-ARCH
# version=#1 SMP PREEMPT Fri Oct 18 00:17:03 UTC 2019
# machine=x86_64
################## DATA ##################
# run=4393
# datapoints=1547
44 152 
44 228 
48 48 
44 208 
48 208 
44 40 
240 212 
236 208 
236 208 
232 228 
236 216 
236 728 
232 216 
232 236 
232 232 
232 252 
240 208 
232 232 
228 208 
244 216 
232 212 
232 232 
44 44 
44 44 
48 44 
40 40 
232 220 
232 208 
228 208 
228 236 
236 232 
44 44 
236 244 
228 208 
236 208 
232 232 
228 44 
236 208 
240 212 
232 232 
236 232 
236 48 
228 212 
232 216 
232 228 
232 132 
236 44 
232 228 
232 228 
228 208 
232 232 
228 44 
228 232 
216 236 
228 228 
232 228 
236 44 
236 212 
240 212 
232 228 
228 44 
236 212 
220 228 
236 208 
232 212 
232 232 
236 44 
236 216 
236 236 
232 204 
216 228 
232 40 
232 216 
236 212 
236 240 
236 228 
236 40 
228 212 
228 212 
416 212 
232 212 
232 228 
236 44 
228 208 
240 208 
228 208 
236 232 
232 48 
644 208 
232 212 
240 212 
228 232 
228 40 
244 212 
240 212 
240 220 
236 232 
240 44 
236 48 
248 232 
240 216 
240 228 
232 228 
240 44 
228 212 
232 212 
232 212 
232 232 
232 40 
236 208 
232 204 
232 212 
232 232 
48 44 
232 216 
232 204 
240 236 
236 228 
236 44 
240 212 
232 212 
232 232 
236 228 
232 44 
232 216 
236 228 
236 208 
228 228 
232 44 
236 208 
236 212 
236 220 
228 232 
232 44 
232 208 
232 208 
232 228 
232 236 
232 44 
236 208 
232 212 
236 208 
232 232 
236 40 
232 208 
236 208 
236 228 
232 228 
208 40 
232 216 
236 232 
240 212 
236 232 
232 228 
236 44 
232 212 
232 208 
216 204 
228 232 
232 40 
236 232 
228 208 
228 212 
232 228 
228 44 
204 240 
236 232 
232 228 
232 228 
244 64 
228 236 
240 212 
236 208 
228 232 
436 48 
232 216 
232 212 
236 236 
232 228 
228 44 
236 208 
244 216 
236 216 
672 228 
232 184 
236 44 
236 216 
232 212 
240 236 
228 232 
236 48 
272 228 
228 568 
228 232 
228 232 
236 48 
240 208 
232 208 
236 204 
232 228 
228 44 
232 212 
240 208 
236 216 
228 228 
228 40 
236 212 
228 208 
236 212 
236 232 
232 40 
244 208 
232 212 
236 208 
232 228 
232 40 
232 212 
232 204 
236 216 
232 228 
236 44 
232 208 
232 208 
232 212 
236 232 
228 44 
236 212 
236 212 
236 220 
228 228 
228 40 
240 212 
228 236 
236 232 
232 232 
232 40 
244 216 
236 208 
240 236 
232 232 
228 40 
240 220 
236 236 
208 208 
232 228 
232 40 
228 40 
256 232 
228 208 
236 208 
228 228 
228 44 
220 208 
240 232 
236 228 
232 232 
228 44 
228 212 
228 232 
232 204 
220 224 
228 208 
240 44 
232 236 
232 240 
228 232 
232 44 
236 216 
232 240 
468 216 
236 232 
236 232 
240 40 
236 212 
236 208 
232 208 
228 232 
232 40 
724 208 
232 208 
232 240 
236 228 
236 44 
240 208 
232 212 
232 212 
232 228 
240 40 
228 212 
232 208 
232 208 
224 228 
228 48 
236 236 
232 228 
228 220 
236 232 
228 40 
228 228 
236 212 
236 212 
228 228 
232 44 
224 220 
236 208 
232 236 
236 224 
244 44 
236 212 
240 212 
228 212 
236 232 
228 40 
228 208 
232 208 
236 236 
236 232 
236 228 
240 40 
228 220 
236 232 
236 208 
228 228 
232 44 
232 216 
236 216 
236 208 
232 228 
232 44 
236 216 
228 212 
236 216 
236 228 
232 44 
236 212 
228 208 
228 216 
228 232 
208 44 
228 208 
228 232 
232 208 
236 228 
228 40 
240 224 
232 240 
228 204 
212 208 
232 44 
240 204 
232 212 
232 236 
228 228 
236 240 
240 40 
268 204 
228 204 
232 208 
232 232 
228 44 
232 216 
232 208 
236 240 
228 228 
460 40 
240 204 
228 224 
236 228 
228 228 
228 44 
232 208 
240 236 
232 228 
736 228 
236 44 
232 208 
240 240 
228 232 
228 232 
232 48 
232 224 
228 212 
240 560 
232 232 
232 40 
236 212 
236 216 
236 216 
228 232 
232 44 
240 216 
240 232 
236 216 
232 232 
236 44 
236 216 
232 212 
236 248 
240 224 
228 44 
236 212 
232 212 
236 212 
228 228 
228 44 
232 204 
232 208 
228 208 
232 232 
236 40 
236 220 
232 208 
228 208 
232 228 
236 44 
240 224 
236 212 
236 236 
232 228 
232 40 
232 212 
236 236 
240 228 
232 228 
320 40 
236 212 
240 212 
232 208 
228 228 
232 44 
236 248 
240 236 
228 232 
204 232 
236 44 
228 228 
236 208 
232 228 
232 228 
240 44 
232 228 
236 212 
212 208 
232 36 
236 212 
228 232 
236 232 
232 228 
232 232 
236 40 
248 236 
236 236 
232 228 
232 44 
236 216 
236 216 
236 232 
240 232 
236 44 
508 240 
232 208 
268 212 
232 228 
228 40 
232 212 
248 236 
232 216 
228 228 
728 44 
240 236 
236 208 
232 208 
232 208 
236 232 
236 44 
236 232 
232 208 
232 588 
228 232 
232 44 
240 228 
232 212 
232 232 
236 232 
228 44 
236 212 
264 208 
240 216 
228 228 
228 40 
236 212 
228 208 
236 252 
236 232 
232 44 
240 220 
232 208 
228 208 
232 232 
228 44 
232 212 
232 212 
228 212 
236 232 
236 44 
236 228 
232 224 
236 208 
232 232 
232 44 
236 212 
236 208 
236 208 
232 228 
232 40 
232 216 
232 208 
236 236 
236 236 
212 228 
232 44 
228 208 
240 232 
232 208 
232 228 
232 48 
240 228 
236 232 
212 236 
228 228 
224 40 
232 244 
232 204 
240 208 
228 232 
232 40 
240 256 
216 232 
244 240 
0 0 
0 0 
232 232 
228 236 
232 236 
236 236 
276 44 
240 204 
236 208 
236 240 
232 232 
236 44 
240 208 
232 212 
236 204 
512 228 
232 44 
228 212 
236 236 
236 236 
228 232 
232 52 
232 48 
236 236 
236 372 
236 212 
232 228 
232 40 
244 208 
236 228 
240 240 
228 232 
236 44 
236 608 
232 236 
236 236 
232 228 
228 228 
240 40 
232 232 
232 212 
228 232 
232 228 
240 40 
236 208 
228 212 
236 212 
236 232 
44 40 
232 224 
232 216 
232 228 
228 228 
236 40 
232 208 
236 236 
228 232 
228 232 
240 40 
232 208 
240 216 
232 228 
232 228 
236 48 
240 236 
240 208 
232 228 
232 44 
236 44 
236 208 
232 208 
232 232 
228 232 
44 40 
236 224 
220 208 
232 228 
232 232 
228 44 
232 232 
244 240 
228 208 
232 228 
236 40 
208 208 
236 240 
228 228 
236 232 
228 44 
260 228 
232 212 
232 212 
232 228 
208 44 
232 212 
232 236 
236 236 
236 228 
232 48 
236 228 
236 236 
324 208 
228 208 
52 40 
256 208 
236 232 
232 228 
228 228 
228 44 
240 220 
544 228 
232 228 
232 228 
232 44 
236 220 
240 212 
232 208 
228 228 
252 44 
236 380 
240 236 
232 228 
232 228 
44 44 
236 204 
232 240 
236 236 
236 228 
228 44 
240 236 
232 208 
232 208 
240 232 
236 48 
236 212 
240 236 
232 208 
232 236 
232 44 
232 212 
232 204 
236 216 
236 232 
232 40 
228 208 
236 228 
236 208 
236 212 
232 232 
236 48 
232 204 
232 236 
232 236 
232 232 
48 44 
248 208 
252 220 
232 232 
232 232 
232 44 
236 236 
236 216 
236 212 
236 232 
236 36 
240 232 
232 208 
232 204 
236 228 
240 44 
216 244 
232 208 
236 232 
228 228 
232 44 
244 208 
232 216 
232 212 
232 228 
212 40 
236 208 
240 212 
236 208 
232 228 
44 40 
240 208 
228 220 
236 208 
232 208 
236 44 
236 212 
236 212 
228 232 
228 232 
232 44 
228 208 
340 208 
236 212 
228 40 
236 216 
232 208 
228 208 
236 236 
228 40 
236 204 
564 208 
232 216 
232 232 
232 228 
44 44 
236 208 
228 208 
232 208 
232 228 
228 44 
236 208 
236 240 
232 224 
228 232 
232 44 
236 212 
232 232 
240 232 
228 668 
228 228 
232 40 
240 228 
236 236 
236 232 
228 232 
228 44 
236 208 
240 236 
228 228 
228 232 
44 40 
252 232 
236 212 
232 236 
232 232 
228 44 
232 228 
236 236 
236 212 
240 228 
232 40 
236 204 
236 252 
232 236 
232 232 
236 40 
244 208 
240 208 
236 236 
228 228 
232 40 
232 44 
236 208 
228 208 
232 228 
232 160 
44 40 
228 212 
236 216 
232 236 
208 232 
240 40 
236 208 
236 212 
236 212 
232 232 
232 44 
236 204 
232 212 
212 236 
232 228 
228 44 
236 212 
240 208 
236 236 
232 232 
232 44 
236 208 
244 232 
236 216 
228 232 
44 44 
236 208 
240 208 
232 236 
232 232 
352 44 
240 216 
236 248 
236 228 
232 232 
232 44 
232 208 
240 216 
228 208 
576 40 
240 48 
236 216 
228 208 
236 232 
228 232 
232 44 
236 212 
232 208 
232 416 
228 232 
44 40 
236 208 
232 212 
232 208 
236 228 
240 44 
232 212 
236 672 
236 208 
236 228 
232 40 
240 212 
236 216 
236 232 
236 232 
236 48 
240 216 
232 208 
236 236 
232 232 
232 40 
236 216 
236 208 
236 232 
236 228 
236 44 
244 216 
236 232 
228 228 
232 228 
48 48 
228 208 
236 232 
228 232 
232 44 
232 212 
236 236 
236 252 
232 208 
228 232 
232 44 
232 208 
240 236 
228 232 
236 228 
228 44 
232 228 
232 208 
228 208 
208 228 
228 44 
236 224 
236 224 
228 232 
232 228 
48 44 
228 208 
228 208 
212 208 
232 228 
236 44 
228 232 
236 204 
232 204 
232 232 
232 44 
232 204 
244 212 
232 232 
224 44 
244 208 
228 208 
236 232 
228 232 
228 228 
344 44 
232 204 
236 212 
232 208 
228 228 
232 40 
236 208 
232 208 
240 212 
588 228 
44 44 
232 224 
236 208 
240 252 
232 236 
228 40 
244 204 
232 208 
240 444 
228 232 
236 40 
232 212 
232 216 
236 232 
236 232 
228 232 
236 44 
236 668 
232 216 
236 244 
236 232 
236 44 
240 212 
240 220 
236 212 
228 232 
48 40 
228 212 
236 228 
232 204 
232 228 
228 44 
240 208 
232 232 
232 212 
232 228 
228 232 
236 48 
236 212 
236 224 
236 236 
232 228 
232 44 
236 212 
236 212 
232 236 
232 228 
232 40 
236 208 
240 232 
232 208 
232 232 
44 40 
236 236 
236 236 
236 236 
228 228 
232 44 
232 208 
212 212 
232 208 
232 232 
228 40 
248 208 
236 240 
236 208 
232 232 
228 48 
216 212 
232 204 
228 208 
192 228 
204 192 
232 232 
208 216 
236 228 
188 192 
208 192 
216 212 
208 228 
192 272 
288 232 
192 208 
156 236 
232 216 
372 228 
236 204 
240 208 
236 216 
244 208 
236 216 
236 232 
240 208 
232 212 
612 224 
228 232 
224 228 
236 232 
232 232 
228 228 
232 232 
228 232 
232 228 
228 484 
228 232 
232 232 
232 236 
232 236 
236 212 
232 236 
236 212 
192 44 
228 720 
236 232 
232 208 
236 232 
232 236 
236 216 
236 232 
228 232 
380 240 
228 228 
240 224 
228 228 
232 228 
232 232 
232 228 
232 232 
232 228 
236 232 
232 228 
232 236 
232 232 
236 208 
228 232 
228 232 
192 192 
232 232 
232 232 
232 212 
228 228 
228 232 
228 228 
220 192 
232 232 
208 228 
236 228 
236 232 
236 212 
232 236 
236 232 
196 204 
232 232 
232 232 
208 232 
232 232 
232 240 
228 232 
224 232 
232 228 
228 228 
232 240 
228 228 
208 212 
232 228 
228 232 
228 228 
232 232 
232 232 
232 216 
232 232 
708 232 
204 208 
228 228 
232 188 
232 228 
240 212 
204 228 
240 228 
232 232 
228 500 
228 208 
232 232 
212 232 
232 228 
228 232 
232 232 
232 232 
232 228 
640 232 
236 228 
236 228 
228 228 
232 228 
232 236 
232 228 
228 228 
200 228 
232 508 
232 232 
228 216 
228 232 
232 232 
228 232 
232 232 
232 228 
232 224 
228 740 
232 208 
228 228 
236 232 
232 232 
232 228 
232 236 
232 232 
196 232 
232 204 
236 228 
232 232 
228 228 
232 228 
232 232 
232 228 
228 232 
232 228 
232 228 
232 224 
232 232 
232 232 
232 228 
232 232 
228 236 
232 228 
228 228 
228 228 
232 228 
228 236 
232 228 
228 232 
236 236 
232 232 
216 192 
232 188 
232 232 
232 208 
232 192 
212 236 
232 232 
232 232 
232 212 
232 228 
208 236 
228 228 
232 228 
228 228 
228 300 
228 232 
216 192 
228 192 
232 208 
208 232 
188 236 
208 224 
208 212 
192 192 
228 228 
192 220 
232 232 
192 228 
208 232 
208 208 
212 228 
232 188 
232 232 
228 228 
432 284 
240 228 
192 192 
228 228 
240 232 
232 232 
232 212 
228 220 
228 232 
232 236 
216 232 
232 232 
228 232 
232 228 
192 212 
228 212 
232 232 
232 188 
196 524 
228 232 
192 232 
228 228 
224 188 
196 212 
236 232 
264 208 
188 196 
192 228 
228 228 
228 192 
228 228 
232 232 
228 228 
188 212 
236 232 
212 232 
236 228 
232 232 
236 232 
228 228 
236 236 
232 232 
208 228 
232 232 
212 232 
228 232 
232 208 
236 228 
228 204 
192 192 
228 232 
208 232 
208 228 
232 216 
232 232 
232 228 
232 232 
240 232 
232 228 
240 228 
204 232 
196 188 
232 216 
236 240 
188 216 
212 232 
212 224 
228 188 
252 228 
232 232 
220 208 
236 256 
232 232 
232 232 
232 192 
196 192 
232 228 
192 208 
204 204 
204 236 
196 208 
232 232 
216 200 
192 208 
228 188 
236 204 
208 192 
228 208 
236 232 
236 228 
232 232 
232 228 
212 208 
240 192 
232 224 
196 188 
192 284 
192 208 
192 228 
216 220 
276 232 
192 232 
196 236 
208 232 
660 192 
228 232 
228 188 
192 208 
192 208 
188 196 
228 232 
208 196 
212 228 
232 232 
232 228 
232 192 
236 228 
236 232 
268 232 
208 232 
188 232 
232 228 
228 208 
344 232 
232 188 
232 208 
240 224 
228 212 
216 204 
232 232 
228 228 
232 212 
228 228 
228 228 
192 228 
232 228 
232 228 
232 228 
232 232 
192 208 
216 208 
232 232 
228 232 
232 228 
212 208 
228 232 
196 228 
232 228 
228 228 
232 200 
228 232 
228 228 
228 232 
232 232 
228 228 
232 228 
212 208 
240 232 
232 232 
228 228 
212 228 
276 188 
236 232 
232 232 
212 188 
232 228 
200 232 
192 232 
228 232 
228 236 
232 228 
192 228 
208 228 
216 248 
232 212 
236 228 
232 228 
232 228 
236 232 
240 236 
232 236 
248 232 
228 208 
236 228 
232 232 
236 232 
232 228 
228 228 
208 232 
232 232 
448 228 
232 212 
236 228 
232 232 
228 204 
232 196 
232 228 
232 232 
232 232 
192 228 
232 228 
228 232 
188 232 
228 228 
192 228 
192 228 
236 228 
212 196 
212 232 
232 232 
188 188 
244 228 
232 232 
232 232 
232 228 
228 232 
232 232 
232 232 
288 232 
236 192 
272 232 
228 232 
216 212 
212 232 
228 232 
248 228 
232 232 
212 228 
232 232 
232 208 
232 232 
228 228 
228 232 
236 232 
232 208 
228 232 
208 236 
228 228 
232 192 
232 232 
232 192 
236 200 
216 216 
212 208 
228 228 
228 236 
228 228 
216 236 
228 228 
232 232 
232 212 
228 228 
232 228 
232 232 
232 232 
232 232 
236 232 
232 236 
228 232 
208 228 
232 228 
232 188 
232 228 
228 232 
216 192 
232 232 
228 232 
228 228 
216 204 
228 232 
232 236 
228 228 
208 228 
228 228 
232 228 
232 220 
236 240 
208 192 
228 228 
212 232 
228 232 
232 228 
232 228 
232 228 
228 228 
468 232 
232 236 
232 228 
236 232 
236 232 
232 208 
228 232 
232 228 
212 264 
732 236 
196 192 
228 192 
192 228 
208 232 
204 232 
228 228 
232 228 
232 352 
224 604 
232 228 
232 228 
236 232 
228 232 
232 228 
232 188 
232 228 
236 232 
232 232 
236 232 
232 228 
216 232 
204 232 
228 232 
232 228 
232 232 
240 224 
208 232 
232 188 
228 232 
232 252 
228 228 
236 232 
232 232 
232 236 
228 232 
236 232 
232 228 
228 228 
232 232 
208 216 
228 232 
232 316 
