# ./FR-trace starting at Thu Mar 19 01:08:43 2020
################# CONFIG #################
# slot=5000
# samples=10000
# threshold=100
# idle=500
# minlen=500
# runs=10000
# pdathreads=2
# nmonitored=2
#   monitor0=../apps/openssl ecp_smpl.c:927 0x1e3e58
#   monitor1=../apps/openssl ecp_smpl.c:934 0x1e3af3
# nevicted=0
# npdatargets=2
#   target0=../apps/openssl bn_lib.c:514 0x102fb9
#   target1=../apps/openssl bn_lib.c:543 0x103025
# affinity=all
############## SYSTEM INFO ###############
# mastik_version=
# sysname=Linux
# nodename=lovelace
# release=5.3.7-arch1-1-ARCH
# version=#1 SMP PREEMPT Fri Oct 18 00:17:03 UTC 2019
# machine=x86_64
################## DATA ##################
# run=2947
# datapoints=1519
44 140 
220 176 
48 236 
44 44 
44 44 
52 44 
228 232 
236 208 
236 208 
212 240 
232 236 
236 212 
232 208 
232 220 
236 240 
240 240 
240 236 
224 228 
232 216 
236 240 
236 248 
232 232 
236 40 
228 44 
240 212 
232 212 
484 228 
228 232 
232 36 
236 220 
232 228 
236 236 
232 232 
228 232 
252 44 
716 208 
236 212 
232 228 
232 228 
228 44 
236 212 
236 232 
236 220 
236 224 
232 44 
232 220 
232 216 
236 228 
228 232 
236 44 
236 208 
240 212 
240 212 
232 236 
232 40 
240 212 
232 212 
228 208 
232 228 
228 44 
236 212 
236 236 
228 232 
232 232 
232 40 
236 220 
232 204 
232 232 
232 232 
236 48 
236 212 
232 240 
232 216 
228 232 
228 44 
240 216 
236 212 
232 208 
232 232 
232 44 
252 208 
236 236 
236 236 
232 232 
232 40 
232 212 
208 232 
232 208 
232 236 
232 240 
240 44 
228 224 
236 236 
228 232 
228 232 
212 48 
232 228 
236 220 
228 232 
232 232 
232 48 
232 208 
240 240 
232 232 
216 208 
236 40 
236 236 
236 236 
232 228 
228 228 
228 40 
228 208 
260 208 
236 212 
228 232 
232 40 
236 216 
236 220 
236 208 
228 228 
228 228 
516 44 
240 204 
228 208 
232 220 
240 228 
240 36 
236 204 
240 248 
228 220 
740 228 
232 44 
228 216 
236 236 
236 236 
228 228 
232 44 
240 212 
232 212 
232 588 
240 204 
0 0 
0 0 
232 228 
232 228 
232 44 
236 228 
240 236 
236 232 
232 232 
48 40 
216 212 
236 208 
236 208 
236 208 
236 48 
232 204 
236 212 
228 212 
236 40 
236 44 
208 204 
208 204 
208 208 
212 240 
48 44 
232 232 
200 212 
196 232 
196 212 
240 48 
228 192 
232 220 
232 232 
232 232 
240 40 
232 196 
236 192 
192 208 
192 228 
192 40 
300 196 
196 212 
232 232 
236 192 
48 44 
228 208 
236 248 
232 232 
232 232 
216 48 
236 212 
236 240 
236 228 
232 232 
236 44 
236 204 
236 208 
232 232 
212 208 
228 40 
236 212 
228 212 
232 212 
236 232 
232 40 
228 204 
284 212 
240 232 
232 228 
48 40 
236 212 
232 240 
236 232 
228 232 
228 44 
512 212 
236 236 
240 236 
228 232 
232 44 
228 216 
240 228 
232 212 
232 208 
744 232 
240 44 
232 208 
240 236 
228 232 
228 232 
244 48 
232 208 
240 236 
232 616 
232 232 
44 40 
232 208 
236 236 
228 232 
232 228 
232 44 
224 224 
236 212 
232 212 
236 228 
236 40 
232 212 
236 232 
236 236 
232 244 
236 228 
232 44 
232 220 
228 212 
228 204 
228 208 
236 228 
236 44 
228 212 
244 236 
228 232 
236 232 
228 44 
236 212 
240 208 
236 232 
232 228 
44 40 
232 216 
240 208 
236 212 
232 232 
228 44 
240 220 
236 216 
212 208 
232 228 
240 228 
228 48 
236 240 
236 220 
232 228 
232 228 
240 40 
216 232 
232 204 
232 208 
236 228 
232 48 
228 212 
228 232 
240 236 
228 232 
208 40 
236 228 
240 232 
236 240 
232 232 
52 44 
236 216 
232 236 
300 208 
228 208 
232 40 
228 216 
228 208 
236 236 
236 204 
232 228 
260 44 
520 228 
236 208 
232 228 
232 232 
236 44 
236 232 
240 236 
228 228 
232 232 
232 40 
240 244 
232 208 
236 232 
232 232 
44 44 
236 204 
236 212 
232 212 
232 652 
228 40 
232 212 
232 208 
232 232 
232 232 
228 40 
232 204 
240 212 
232 212 
232 232 
232 44 
244 212 
236 256 
236 236 
228 228 
224 44 
228 216 
240 212 
232 236 
232 236 
232 44 
232 204 
232 232 
240 228 
228 236 
228 232 
48 40 
240 212 
244 236 
240 204 
224 232 
236 40 
232 208 
244 212 
236 212 
232 228 
228 40 
236 208 
228 208 
232 208 
236 240 
208 44 
240 236 
236 216 
224 228 
232 232 
232 44 
236 232 
236 216 
232 232 
212 232 
52 40 
240 228 
232 212 
228 232 
232 232 
240 44 
256 232 
232 236 
236 228 
236 236 
236 44 
232 216 
232 208 
236 212 
232 232 
232 40 
320 208 
228 208 
236 204 
236 232 
232 40 
236 212 
232 208 
232 224 
236 228 
572 44 
236 212 
232 232 
240 208 
240 232 
44 44 
228 228 
228 208 
240 236 
228 412 
236 44 
236 212 
240 208 
236 208 
232 228 
228 44 
232 212 
236 208 
232 628 
228 228 
232 44 
236 248 
232 216 
236 228 
232 228 
232 44 
236 40 
236 212 
228 204 
232 204 
232 228 
44 40 
232 212 
232 212 
232 228 
232 232 
232 40 
228 208 
240 240 
228 208 
236 232 
228 44 
240 208 
232 212 
232 232 
232 232 
232 40 
248 236 
232 212 
236 212 
228 232 
228 40 
236 212 
240 208 
232 208 
232 228 
232 44 
232 212 
232 216 
236 212 
208 232 
44 44 
236 216 
236 232 
236 228 
232 232 
232 44 
240 216 
236 208 
212 284 
236 232 
232 44 
236 208 
232 212 
236 240 
232 232 
232 40 
236 212 
240 204 
232 204 
232 228 
228 44 
232 216 
232 228 
240 212 
232 228 
324 228 
240 48 
240 204 
236 212 
228 228 
228 232 
44 40 
232 216 
232 212 
592 232 
232 236 
232 40 
232 216 
232 216 
236 236 
232 228 
228 44 
236 216 
236 420 
236 192 
232 188 
192 236 
188 44 
192 724 
200 240 
192 224 
192 192 
196 44 
192 224 
236 220 
228 232 
232 232 
48 44 
228 208 
232 312 
232 212 
232 228 
228 40 
192 196 
188 200 
196 192 
196 192 
192 44 
236 216 
232 196 
196 200 
192 200 
236 40 
232 208 
236 212 
240 228 
232 228 
192 44 
196 216 
200 212 
240 196 
228 192 
232 40 
236 212 
228 196 
232 228 
232 232 
44 40 
236 204 
192 192 
192 192 
192 192 
200 44 
240 208 
212 216 
212 208 
208 208 
220 44 
240 212 
236 212 
232 232 
232 228 
236 76 
212 236 
232 208 
228 232 
208 208 
44 48 
216 208 
212 216 
216 216 
240 364 
232 40 
236 216 
232 208 
216 232 
204 232 
216 44 
244 232 
208 220 
344 208 
208 212 
212 44 
240 208 
236 224 
236 232 
232 232 
232 44 
240 228 
616 236 
232 228 
236 232 
208 40 
212 208 
208 212 
212 208 
204 208 
44 40 
212 496 
212 212 
212 212 
236 232 
228 40 
232 216 
216 212 
240 212 
212 232 
208 40 
212 208 
236 216 
232 212 
232 212 
240 44 
240 208 
240 236 
228 224 
228 228 
232 44 
212 208 
216 216 
216 216 
212 208 
192 40 
236 192 
192 192 
192 192 
188 228 
44 40 
236 244 
232 232 
700 192 
236 224 
232 232 
232 44 
236 216 
200 196 
196 200 
188 188 
220 44 
240 192 
232 232 
228 196 
232 228 
236 228 
236 40 
232 212 
232 228 
236 208 
236 228 
212 44 
228 208 
236 208 
240 216 
232 228 
228 40 
236 212 
228 208 
236 212 
208 208 
44 40 
236 204 
240 228 
236 212 
228 232 
236 44 
236 204 
192 208 
232 224 
236 232 
232 48 
236 244 
232 204 
240 192 
228 192 
232 40 
200 208 
200 212 
192 212 
188 228 
188 40 
244 204 
236 196 
232 188 
232 192 
200 40 
200 208 
196 224 
192 212 
188 228 
44 40 
192 208 
200 216 
232 204 
228 228 
232 40 
240 232 
240 220 
228 216 
236 232 
228 44 
236 236 
232 204 
240 716 
260 232 
232 40 
240 212 
236 232 
232 212 
324 232 
316 44 
236 236 
240 232 
240 236 
236 228 
236 44 
228 204 
244 232 
244 240 
228 228 
44 44 
232 236 
236 236 
232 232 
228 228 
232 44 
236 228 
236 248 
240 208 
228 228 
236 40 
236 208 
192 208 
240 220 
188 228 
188 40 
196 224 
236 196 
236 188 
232 224 
228 44 
228 208 
236 196 
236 200 
440 232 
192 44 
192 204 
200 212 
196 232 
200 320 
232 228 
44 44 
228 212 
188 240 
200 216 
188 232 
192 48 
192 216 
200 216 
192 228 
192 232 
192 40 
424 208 
228 188 
228 192 
232 192 
232 44 
240 300 
232 192 
236 240 
228 232 
408 48 
240 208 
232 208 
240 220 
236 228 
236 44 
228 216 
228 208 
232 208 
628 232 
68 44 
232 208 
240 228 
236 224 
228 228 
228 44 
240 208 
236 204 
232 488 
232 232 
232 48 
236 224 
240 232 
196 192 
236 228 
228 40 
220 212 
208 692 
228 232 
232 228 
228 48 
232 216 
192 208 
196 192 
236 188 
228 44 
232 196 
228 204 
232 220 
228 232 
48 44 
236 212 
216 236 
216 236 
212 232 
208 44 
216 204 
232 212 
248 208 
232 208 
236 44 
236 232 
216 208 
224 208 
212 232 
232 40 
236 44 
232 220 
228 212 
236 208 
208 212 
228 44 
236 212 
232 208 
236 232 
208 208 
44 48 
220 204 
240 212 
212 228 
232 232 
208 44 
232 216 
212 212 
220 216 
212 208 
232 44 
236 224 
208 216 
232 208 
232 208 
232 232 
232 44 
236 212 
228 204 
204 208 
224 208 
220 44 
212 204 
232 216 
232 212 
216 216 
208 40 
212 212 
240 208 
400 232 
232 224 
48 44 
236 204 
232 212 
232 228 
228 232 
212 44 
212 212 
644 236 
212 212 
192 192 
232 40 
240 192 
228 192 
236 204 
192 232 
192 40 
200 540 
196 212 
192 212 
188 188 
196 40 
196 200 
236 236 
236 208 
236 232 
44 44 
236 216 
228 228 
232 204 
228 232 
232 48 
236 220 
236 228 
236 228 
236 228 
232 44 
236 204 
232 208 
236 208 
232 232 
232 48 
264 208 
240 220 
236 228 
232 228 
228 40 
236 208 
240 232 
232 212 
232 232 
232 40 
228 208 
232 208 
232 208 
188 232 
148 40 
232 196 
240 196 
228 192 
232 228 
232 244 
236 40 
232 188 
236 192 
188 228 
188 228 
340 44 
192 252 
188 212 
228 228 
196 36 
196 48 
196 204 
240 240 
236 208 
236 228 
44 40 
236 236 
240 196 
232 192 
232 192 
236 44 
192 208 
196 204 
192 232 
196 208 
236 40 
228 212 
232 192 
232 188 
192 228 
192 40 
192 228 
440 580 
188 232 
196 236 
200 44 
196 212 
240 200 
232 188 
236 188 
48 44 
232 288 
236 220 
240 216 
228 208 
232 44 
208 208 
220 244 
216 212 
216 232 
208 40 
236 212 
212 212 
208 208 
208 232 
232 152 
236 44 
236 208 
236 248 
232 236 
208 40 
240 208 
240 224 
232 208 
232 228 
228 232 
44 40 
236 212 
240 236 
232 236 
228 236 
232 232 
204 212 
208 232 
208 232 
228 188 
236 228 
232 232 
236 228 
232 188 
232 216 
232 208 
232 208 
236 48 
240 208 
240 216 
228 216 
236 244 
232 212 
232 232 
232 228 
232 232 
232 228 
240 232 
232 228 
232 228 
228 232 
232 240 
236 232 
236 232 
228 228 
208 232 
232 232 
232 232 
236 208 
232 240 
236 208 
232 200 
232 228 
228 232 
208 208 
232 232 
232 212 
228 232 
232 228 
232 232 
196 228 
192 232 
568 232 
236 204 
228 232 
236 228 
228 232 
228 232 
232 236 
232 208 
204 232 
468 228 
228 232 
240 212 
224 232 
232 228 
236 208 
236 228 
216 212 
208 228 
220 328 
220 212 
208 208 
208 212 
228 228 
232 188 
228 212 
236 224 
212 232 
208 592 
204 236 
208 232 
212 232 
192 208 
208 232 
208 192 
208 232 
236 232 
232 228 
228 232 
232 228 
232 252 
228 212 
232 228 
232 232 
232 232 
232 232 
228 232 
228 228 
208 208 
232 232 
228 204 
232 192 
232 208 
208 236 
196 208 
236 232 
232 236 
232 232 
216 228 
228 228 
204 232 
216 228 
232 232 
228 228 
236 232 
228 232 
236 232 
228 232 
236 208 
232 232 
224 212 
228 232 
232 228 
228 256 
208 192 
212 216 
204 208 
212 212 
204 208 
208 228 
208 208 
208 212 
216 208 
228 232 
232 232 
228 232 
232 228 
188 192 
216 188 
228 188 
232 188 
192 236 
184 232 
184 232 
192 232 
192 232 
248 232 
192 192 
192 188 
192 192 
232 232 
232 232 
232 228 
232 228 
232 228 
464 228 
232 232 
228 228 
232 268 
232 228 
312 232 
252 232 
276 228 
236 236 
228 340 
232 220 
228 200 
232 216 
228 228 
232 232 
232 228 
212 192 
228 208 
196 628 
188 228 
192 232 
232 188 
196 188 
232 188 
228 192 
232 192 
192 228 
232 228 
232 228 
192 188 
188 188 
200 192 
188 188 
196 232 
212 228 
192 200 
236 232 
208 208 
296 224 
208 208 
228 228 
236 228 
228 188 
232 232 
212 228 
236 228 
212 228 
232 232 
232 228 
228 192 
232 192 
236 192 
232 204 
232 208 
232 228 
236 228 
228 228 
216 232 
196 228 
232 544 
220 208 
232 236 
208 212 
232 236 
232 192 
188 232 
212 232 
212 228 
204 432 
208 208 
228 188 
228 208 
192 192 
188 212 
232 208 
232 232 
216 208 
208 188 
236 232 
228 216 
232 208 
232 208 
232 208 
208 208 
228 228 
236 228 
412 208 
208 208 
212 232 
212 232 
208 232 
204 228 
216 216 
212 228 
236 232 
512 228 
216 208 
192 216 
232 316 
208 212 
232 208 
216 208 
236 208 
208 228 
240 228 
208 228 
212 204 
212 232 
208 232 
212 232 
212 228 
212 228 
232 196 
208 664 
208 228 
212 236 
208 232 
288 188 
188 204 
208 228 
208 200 
236 228 
192 228 
208 228 
208 232 
204 228 
212 232 
204 236 
204 212 
196 188 
192 228 
232 212 
232 228 
232 228 
232 236 
208 228 
232 232 
232 232 
228 228 
232 228 
228 228 
196 192 
228 212 
232 232 
228 228 
192 192 
188 232 
208 228 
192 192 
212 228 
212 192 
188 228 
232 208 
232 232 
228 232 
232 192 
232 232 
232 204 
232 232 
232 208 
208 232 
236 228 
232 232 
228 196 
192 188 
196 232 
188 188 
196 196 
196 188 
192 192 
196 192 
196 192 
196 188 
200 228 
232 228 
196 228 
192 228 
196 228 
188 228 
196 232 
196 232 
196 272 
228 192 
232 232 
212 200 
232 232 
232 228 
192 232 
232 232 
188 232 
188 192 
228 228 
188 188 
192 192 
192 196 
196 196 
192 192 
192 192 
228 188 
232 232 
228 236 
232 228 
232 196 
236 228 
288 232 
228 228 
216 232 
236 232 
196 192 
232 192 
232 204 
232 228 
236 192 
732 236 
204 220 
232 188 
192 228 
228 232 
228 192 
196 188 
192 192 
192 192 
188 196 
228 196 
236 188 
220 228 
228 228 
228 232 
228 236 
232 232 
232 228 
228 232 
232 236 
232 232 
232 216 
236 228 
232 232 
232 232 
232 232 
1156 192 
228 236 
232 232 
236 204 
236 232 
232 228 
228 232 
236 236 
204 224 
240 232 
236 232 
208 192 
228 216 
232 232 
228 228 
228 236 
232 208 
232 208 
236 208 
228 216 
232 208 
216 228 
220 188 
192 216 
212 188 
220 208 
208 220 
208 204 
212 204 
212 204 
228 228 
236 232 
232 228 
228 232 
228 188 
228 232 
228 232 
296 232 
236 208 
200 228 
216 216 
212 196 
208 208 
204 196 
216 192 
192 212 
528 212 
228 188 
228 236 
212 232 
208 228 
212 232 
216 232 
208 228 
212 204 
208 436 
228 212 
232 208 
228 208 
232 232 
232 204 
232 208 
208 208 
228 232 
208 648 
208 312 
212 232 
192 208 
212 232 
208 224 
208 216 
212 232 
216 228 
228 196 
188 232 
208 208 
212 204 
232 208 
232 212 
208 208 
236 208 
232 208 
208 228 
228 212 
232 228 
228 232 
232 232 
236 208 
228 216 
232 228 
232 228 
232 236 
236 236 
232 232 
232 228 
232 236 
232 232 
232 232 
252 208 
232 232 
228 232 
232 228 
228 232 
232 232 
232 232 
232 232 
212 232 
228 228 
228 232 
236 228 
236 228 
228 228 
204 208 
196 212 
192 228 
188 208 
192 204 
232 228 
232 228 
304 224 
232 232 
232 232 
232 192 
