# ./FR-trace starting at Thu Mar 19 02:41:54 2020
################# CONFIG #################
# slot=5000
# samples=10000
# threshold=100
# idle=500
# minlen=500
# runs=10000
# pdathreads=2
# nmonitored=2
#   monitor0=../apps/openssl ecp_smpl.c:927 0x1e3e58
#   monitor1=../apps/openssl ecp_smpl.c:934 0x1e3af3
# nevicted=0
# npdatargets=2
#   target0=../apps/openssl bn_lib.c:514 0x102fb9
#   target1=../apps/openssl bn_lib.c:543 0x103025
# affinity=all
############## SYSTEM INFO ###############
# mastik_version=
# sysname=Linux
# nodename=lovelace
# release=5.3.7-arch1-1-ARCH
# version=#1 SMP PREEMPT Fri Oct 18 00:17:03 UTC 2019
# machine=x86_64
################## DATA ##################
# run=8104
# datapoints=1218
44 44 
192 236 
228 212 
228 212 
228 212 
232 300 
232 236 
228 44 
236 220 
232 236 
228 212 
228 228 
232 48 
228 208 
232 236 
236 212 
232 228 
44 44 
224 216 
232 212 
232 208 
232 228 
232 44 
236 216 
236 208 
236 236 
228 208 
424 232 
228 48 
236 240 
232 208 
236 236 
228 228 
228 44 
236 224 
232 220 
664 220 
228 232 
228 48 
232 216 
232 240 
228 228 
228 232 
228 48 
232 228 
236 548 
228 212 
232 228 
44 44 
232 236 
236 252 
228 212 
228 232 
224 48 
232 208 
236 212 
228 224 
232 232 
232 52 
232 236 
228 216 
232 208 
228 228 
228 44 
228 212 
236 216 
232 232 
228 236 
228 44 
236 212 
232 220 
228 228 
228 228 
232 48 
236 212 
232 212 
228 232 
232 232 
40 48 
236 228 
232 208 
232 228 
228 232 
228 48 
236 212 
232 216 
232 240 
232 232 
228 40 
232 212 
228 212 
232 208 
224 232 
228 40 
232 212 
236 236 
212 240 
228 228 
228 40 
232 212 
240 236 
232 232 
228 228 
228 40 
232 212 
208 212 
232 212 
232 232 
40 44 
228 216 
236 216 
232 220 
228 236 
220 44 
236 236 
236 220 
236 216 
228 232 
232 44 
236 212 
228 208 
232 208 
452 228 
232 48 
232 212 
228 216 
236 212 
228 232 
228 44 
236 208 
232 208 
668 216 
228 232 
228 40 
236 212 
228 208 
236 236 
228 208 
232 236 
40 48 
228 564 
228 228 
236 208 
232 236 
228 40 
236 228 
228 240 
232 240 
228 232 
228 44 
232 220 
232 212 
228 216 
228 236 
228 48 
228 228 
228 212 
232 224 
232 232 
236 228 
228 48 
228 208 
236 232 
236 240 
228 232 
228 48 
236 212 
232 244 
232 240 
232 232 
40 44 
232 216 
236 216 
236 220 
228 232 
228 44 
228 208 
232 208 
232 220 
232 232 
232 44 
236 212 
236 228 
240 236 
228 228 
232 44 
236 232 
236 220 
228 212 
228 232 
236 48 
216 216 
236 212 
240 216 
228 228 
224 52 
236 208 
236 212 
232 212 
228 232 
44 44 
232 216 
236 216 
236 212 
228 232 
232 44 
228 216 
236 216 
212 232 
228 212 
228 244 
224 44 
236 220 
232 212 
232 232 
228 232 
232 52 
448 216 
236 216 
236 220 
228 232 
236 48 
224 208 
232 212 
232 208 
232 232 
40 44 
232 212 
228 208 
232 212 
228 232 
228 40 
232 212 
236 244 
232 240 
228 584 
228 44 
232 252 
236 220 
236 212 
232 232 
228 48 
240 220 
236 248 
236 236 
228 232 
232 48 
228 220 
224 212 
236 216 
228 228 
232 40 
232 216 
236 220 
232 220 
228 232 
44 44 
240 216 
232 212 
236 212 
228 228 
228 44 
236 236 
228 212 
228 212 
232 212 
228 232 
232 48 
232 208 
232 208 
232 212 
232 232 
232 48 
228 212 
232 240 
232 212 
232 232 
228 44 
236 212 
244 208 
232 232 
228 236 
232 40 
232 208 
232 212 
232 236 
208 228 
44 44 
232 236 
232 236 
236 212 
232 232 
232 44 
236 208 
232 236 
212 236 
232 212 
228 228 
224 44 
232 204 
228 208 
232 212 
228 232 
260 44 
232 236 
232 212 
228 204 
228 232 
236 44 
236 208 
232 208 
228 212 
492 404 
232 40 
236 208 
232 212 
232 240 
228 232 
40 40 
236 208 
228 212 
748 212 
232 236 
228 48 
232 216 
232 224 
228 232 
228 232 
232 232 
228 48 
240 560 
284 212 
228 208 
228 228 
232 44 
228 212 
228 208 
228 236 
228 228 
228 48 
240 240 
236 204 
228 232 
228 236 
40 44 
236 212 
228 208 
236 240 
232 228 
232 44 
228 236 
228 208 
236 216 
212 200 
0 0 
0 0 
0 0 
0 0 
228 40 
236 240 
232 232 
228 208 
228 232 
232 228 
40 48 
228 208 
228 224 
232 216 
228 232 
228 48 
224 208 
232 232 
208 208 
228 232 
232 44 
236 232 
232 212 
232 208 
228 228 
232 40 
236 216 
212 216 
236 220 
228 232 
232 44 
236 216 
232 240 
232 244 
232 232 
40 40 
212 216 
236 212 
236 212 
232 232 
232 44 
232 208 
232 208 
232 240 
244 232 
228 44 
228 212 
232 208 
236 252 
228 232 
228 40 
236 212 
236 232 
528 208 
232 232 
228 48 
236 216 
228 212 
236 208 
228 232 
232 44 
236 216 
736 224 
232 236 
228 232 
40 44 
236 232 
228 212 
232 236 
224 232 
228 44 
232 48 
236 212 
228 208 
228 212 
232 232 
232 44 
236 212 
236 236 
232 212 
236 232 
228 44 
228 216 
240 232 
228 212 
232 232 
228 40 
232 216 
232 236 
236 216 
228 236 
44 40 
224 216 
228 216 
232 228 
228 232 
228 44 
236 220 
232 216 
240 236 
232 228 
232 228 
236 44 
236 204 
236 212 
232 212 
228 232 
228 44 
232 212 
228 244 
228 216 
232 232 
228 48 
216 208 
228 204 
232 212 
228 232 
228 44 
236 220 
236 216 
232 232 
228 232 
208 228 
44 40 
232 240 
228 212 
232 236 
232 228 
236 52 
236 208 
232 212 
208 208 
232 232 
232 48 
232 208 
236 232 
228 208 
228 228 
228 48 
292 212 
232 212 
232 208 
228 232 
224 44 
240 212 
232 256 
240 244 
232 232 
524 44 
232 212 
224 208 
228 216 
228 232 
40 48 
228 220 
232 228 
236 236 
232 396 
228 44 
232 212 
228 236 
240 248 
232 232 
228 40 
228 212 
232 208 
236 644 
228 228 
228 48 
236 232 
236 224 
224 208 
228 232 
228 44 
236 228 
228 232 
232 208 
232 228 
228 44 
236 220 
236 244 
240 240 
228 228 
40 48 
228 208 
232 204 
268 216 
228 232 
228 44 
236 208 
240 220 
228 212 
228 232 
228 48 
236 216 
232 212 
232 236 
228 232 
228 44 
236 212 
236 208 
228 208 
232 228 
232 48 
236 216 
236 216 
236 208 
232 232 
216 48 
228 212 
228 232 
236 212 
228 236 
40 48 
236 212 
236 228 
228 212 
216 232 
232 48 
232 208 
228 212 
232 204 
228 232 
228 140 
232 40 
232 216 
220 220 
228 208 
224 232 
228 44 
232 212 
228 224 
232 212 
232 228 
312 48 
236 220 
232 232 
236 236 
228 232 
40 48 
244 252 
236 236 
236 232 
548 232 
236 44 
232 212 
236 208 
228 232 
232 228 
240 44 
236 236 
236 240 
228 412 
228 232 
236 44 
236 216 
228 208 
232 232 
228 224 
232 44 
232 204 
228 652 
236 236 
228 236 
44 48 
232 212 
232 236 
240 208 
232 232 
232 48 
228 216 
236 236 
236 216 
240 236 
228 44 
232 216 
236 212 
232 204 
228 232 
232 44 
232 212 
232 220 
232 216 
228 232 
228 48 
236 208 
228 208 
232 208 
232 232 
228 44 
232 212 
232 236 
236 236 
228 228 
44 48 
240 212 
232 216 
232 232 
228 228 
228 44 
228 212 
232 208 
228 232 
208 232 
232 48 
236 208 
236 212 
228 232 
228 232 
232 48 
228 208 
236 212 
208 232 
204 208 
204 196 
192 188 
216 212 
196 220 
192 216 
228 192 
192 192 
232 232 
208 224 
232 240 
188 188 
192 192 
188 192 
188 268 
312 304 
328 196 
192 192 
220 232 
192 192 
208 192 
236 208 
240 240 
236 228 
192 188 
588 208 
240 224 
232 220 
236 216 
236 216 
236 236 
236 216 
232 232 
228 232 
228 424 
228 232 
228 232 
228 236 
228 236 
232 232 
228 232 
228 232 
228 232 
228 688 
228 228 
232 232 
228 228 
232 216 
232 240 
236 228 
232 44 
220 216 
232 232 
252 220 
236 212 
232 240 
220 208 
224 240 
228 200 
192 200 
220 208 
236 188 
228 232 
232 228 
320 232 
232 232 
224 232 
228 232 
228 232 
228 236 
228 232 
228 232 
232 228 
228 228 
224 212 
232 216 
236 240 
232 248 
208 232 
196 212 
192 192 
212 212 
188 192 
188 192 
216 232 
192 232 
208 268 
228 192 
228 228 
188 236 
188 196 
200 188 
204 212 
196 192 
220 224 
232 228 
216 196 
336 252 
220 272 
192 200 
228 304 
264 212 
216 444 
192 232 
204 208 
208 208 
200 212 
208 196 
216 212 
208 208 
188 216 
324 192 
224 228 
232 232 
232 224 
232 232 
236 232 
232 228 
232 232 
228 232 
576 212 
228 232 
212 232 
208 232 
228 232 
188 224 
228 608 
228 212 
220 212 
204 192 
236 224 
208 216 
188 200 
224 228 
232 232 
192 232 
192 212 
208 208 
232 692 
208 188 
192 228 
208 232 
232 232 
212 192 
228 200 
232 232 
212 232 
232 232 
224 232 
208 220 
232 232 
224 236 
232 228 
228 236 
232 236 
228 228 
228 232 
228 308 
188 232 
1152 232 
192 192 
672 200 
252 196 
220 232 
288 192 
280 232 
192 244 
232 212 
228 212 
212 228 
300 232 
212 308 
260 184 
204 228 
232 252 
208 232 
208 228 
188 228 
188 208 
236 192 
208 232 
212 196 
188 216 
188 292 
228 232 
232 196 
196 232 
208 192 
224 196 
228 192 
232 208 
312 192 
188 208 
228 232 
188 248 
228 228 
204 208 
276 288 
228 212 
200 232 
232 212 
228 228 
232 232 
232 236 
228 232 
232 232 
364 232 
232 208 
232 232 
228 232 
228 236 
232 232 
228 236 
232 240 
232 232 
604 232 
228 236 
232 228 
228 232 
232 232 
224 232 
232 232 
224 212 
192 196 
220 196 
228 196 
204 352 
228 232 
260 220 
192 200 
188 200 
220 212 
232 192 
232 208 
740 220 
196 208 
220 328 
188 216 
228 232 
208 236 
188 188 
196 200 
212 192 
248 208 
192 188 
228 232 
228 188 
228 236 
212 216 
192 232 
228 188 
188 232 
188 260 
232 192 
208 228 
188 192 
192 212 
232 216 
228 192 
188 236 
228 188 
208 232 
188 228 
228 192 
232 232 
208 228 
188 188 
228 212 
188 232 
208 228 
208 192 
328 196 
188 192 
192 240 
220 236 
232 208 
204 204 
188 196 
232 200 
232 604 
212 196 
192 196 
280 216 
212 232 
208 192 
188 188 
232 232 
228 192 
188 192 
192 196 
228 192 
192 208 
188 200 
192 204 
208 232 
236 260 
208 208 
292 208 
232 364 
236 232 
228 236 
384 232 
236 208 
228 228 
232 196 
200 196 
196 192 
232 232 
228 236 
228 232 
624 228 
228 228 
236 232 
228 208 
228 232 
188 232 
228 232 
232 228 
204 192 
220 200 
248 204 
208 192 
188 192 
224 240 
200 208 
232 236 
188 188 
228 232 
288 196 
232 232 
188 208 
208 236 
208 192 
232 212 
228 228 
228 228 
192 216 
228 208 
464 216 
228 664 
188 220 
188 204 
188 192 
188 188 
292 324 
232 200 
212 192 
212 188 
204 196 
192 192 
212 208 
228 188 
268 308 
188 188 
220 204 
216 196 
224 236 
212 284 
260 192 
188 232 
188 228 
228 208 
228 232 
200 192 
192 232 
228 192 
324 244 
192 196 
336 204 
216 196 
228 212 
192 192 
232 228 
192 192 
264 188 
228 248 
204 192 
220 192 
192 264 
208 212 
208 196 
216 196 
232 232 
232 232 
232 240 
236 188 
228 192 
212 208 
248 188 
192 288 
188 224 
232 236 
208 304 
232 232 
192 192 
192 196 
192 228 
220 196 
232 188 
228 268 
328 268 
200 208 
196 240 
228 236 
204 208 
192 212 
200 188 
204 192 
208 212 
204 212 
188 232 
216 192 
196 204 
256 192 
192 212 
192 212 
232 232 
200 188 
188 232 
192 192 
532 212 
196 188 
228 228 
204 228 
216 228 
236 228 
212 228 
228 236 
208 232 
204 228 
232 208 
188 232 
232 228 
316 212 
232 192 
228 228 
188 228 
192 192 
204 188 
264 228 
232 236 
228 228 
188 192 
208 308 
188 232 
228 228 
228 232 
188 212 
192 192 
324 196 
208 236 
192 232 
208 224 
228 236 
232 232 
232 232 
212 228 
228 232 
212 232 
244 228 
232 228 
228 228 
228 212 
228 232 
228 232 
208 232 
228 232 
232 212 
228 224 
208 212 
212 188 
204 232 
188 192 
188 300 
188 192 
192 192 
228 232 
192 232 
208 192 
200 192 
224 232 
188 208 
232 220 
228 228 
228 232 
232 208 
228 212 
296 240 
228 228 
292 240 
212 196 
244 244 
228 216 
228 208 
200 192 
188 192 
228 232 
208 220 
196 228 
216 292 
696 232 
232 196 
188 240 
192 328 
228 192 
208 232 
204 260 
188 188 
232 196 
232 232 
192 192 
192 228 
208 208 
188 204 
336 228 
208 212 
216 216 
204 228 
188 200 
232 220 
208 212 
204 204 
212 208 
232 216 
204 216 
228 208 
204 208 
232 232 
328 292 
212 232 
208 228 
212 196 
212 220 
188 220 
228 216 
232 192 
192 232 
212 228 
208 228 
204 204 
232 204 
208 232 
212 236 
192 192 
192 224 
208 208 
232 232 
208 192 
228 208 
196 216 
208 212 
