# ./FR-trace starting at Thu Mar 19 01:58:17 2020
################# CONFIG #################
# slot=5000
# samples=10000
# threshold=100
# idle=500
# minlen=500
# runs=10000
# pdathreads=2
# nmonitored=2
#   monitor0=../apps/openssl ecp_smpl.c:927 0x1e3e58
#   monitor1=../apps/openssl ecp_smpl.c:934 0x1e3af3
# nevicted=0
# npdatargets=2
#   target0=../apps/openssl bn_lib.c:514 0x102fb9
#   target1=../apps/openssl bn_lib.c:543 0x103025
# affinity=all
############## SYSTEM INFO ###############
# mastik_version=
# sysname=Linux
# nodename=lovelace
# release=5.3.7-arch1-1-ARCH
# version=#1 SMP PREEMPT Fri Oct 18 00:17:03 UTC 2019
# machine=x86_64
################## DATA ##################
# run=5681
# datapoints=1529
44 48 
228 212 
44 44 
48 44 
48 44 
40 40 
208 232 
236 208 
216 220 
236 228 
208 232 
240 236 
216 212 
580 208 
228 208 
236 212 
236 212 
236 212 
212 216 
208 216 
208 216 
236 232 
232 444 
232 232 
232 88 
44 44 
236 212 
240 236 
228 212 
228 236 
232 236 
44 44 
236 232 
192 232 
232 224 
204 232 
228 228 
228 40 
232 236 
228 240 
232 240 
228 232 
228 52 
236 196 
232 196 
236 192 
192 232 
196 48 
188 208 
236 212 
232 216 
228 228 
232 232 
228 44 
232 240 
236 212 
236 240 
228 236 
232 40 
236 236 
232 220 
232 220 
232 232 
232 40 
232 212 
240 236 
232 236 
228 232 
232 224 
236 44 
232 212 
232 200 
236 232 
208 232 
232 44 
232 216 
236 212 
196 240 
188 228 
188 44 
196 204 
188 208 
216 212 
232 216 
232 228 
236 44 
192 212 
192 208 
192 204 
188 232 
240 44 
208 208 
192 236 
192 220 
228 228 
228 40 
236 240 
228 196 
228 212 
232 232 
232 188 
224 48 
228 196 
196 216 
192 208 
192 228 
196 44 
196 208 
628 240 
196 212 
192 228 
188 44 
232 196 
228 192 
232 200 
232 236 
232 44 
216 500 
208 212 
212 216 
228 212 
232 44 
228 224 
212 204 
232 216 
224 220 
228 744 
228 44 
228 216 
208 216 
212 216 
204 236 
208 44 
212 216 
228 240 
216 212 
208 232 
204 232 
232 48 
236 208 
236 240 
228 208 
232 232 
232 44 
228 212 
232 236 
240 208 
228 236 
228 48 
228 216 
232 216 
236 216 
228 232 
228 44 
228 212 
244 232 
232 236 
228 208 
232 228 
240 44 
240 236 
236 256 
232 236 
208 232 
204 44 
236 216 
212 216 
212 252 
220 236 
232 48 
236 212 
228 236 
228 208 
228 212 
204 44 
212 212 
208 240 
232 212 
228 228 
228 220 
228 44 
232 212 
232 236 
236 216 
228 232 
228 48 
228 216 
212 236 
208 212 
204 232 
204 48 
232 212 
204 236 
212 212 
416 208 
232 44 
236 252 
236 216 
236 208 
240 212 
228 212 
228 44 
232 212 
604 208 
216 236 
208 212 
212 232 
236 44 
224 252 
196 208 
188 204 
188 232 
232 44 
240 192 
232 192 
240 208 
228 216 
228 40 
228 192 
228 192 
196 212 
188 228 
192 48 
196 228 
192 236 
240 240 
192 232 
188 40 
196 212 
236 192 
236 200 
228 228 
232 44 
228 212 
236 208 
228 220 
224 232 
228 236 
232 52 
232 240 
272 216 
232 232 
232 232 
232 48 
240 216 
240 212 
232 208 
228 232 
232 44 
232 212 
236 236 
232 208 
232 236 
232 44 
236 216 
256 220 
228 228 
228 228 
232 44 
196 200 
192 200 
192 188 
192 412 
188 44 
236 216 
196 196 
188 192 
192 192 
232 44 
228 216 
240 204 
368 212 
208 228 
188 232 
188 44 
192 216 
236 196 
252 192 
228 196 
232 44 
744 208 
216 240 
228 212 
228 236 
228 40 
188 204 
196 192 
188 192 
188 196 
192 44 
232 188 
196 200 
188 212 
228 232 
232 228 
232 44 
236 236 
228 208 
660 228 
232 236 
228 48 
232 212 
204 212 
208 216 
208 208 
204 48 
228 212 
232 528 
188 248 
196 232 
208 48 
204 224 
216 224 
196 40 
232 216 
228 232 
228 44 
228 212 
236 256 
0 0 
0 0 
0 0 
228 192 
192 236 
240 216 
192 232 
232 744 
208 48 
236 212 
40 232 
228 192 
228 48 
232 216 
236 232 
228 212 
228 228 
40 48 
208 212 
216 216 
204 216 
228 232 
228 44 
228 44 
236 236 
228 212 
228 208 
232 208 
224 48 
228 216 
216 232 
232 208 
232 232 
40 48 
236 208 
236 212 
228 212 
232 208 
228 228 
208 44 
236 208 
236 236 
232 212 
224 228 
232 160 
232 44 
232 236 
232 216 
212 212 
232 232 
228 40 
236 208 
232 228 
240 240 
228 232 
228 44 
208 220 
228 212 
240 228 
236 240 
228 232 
44 44 
232 244 
232 208 
232 208 
440 232 
232 208 
236 52 
212 240 
208 228 
228 232 
208 236 
208 48 
212 216 
680 208 
236 220 
232 212 
228 44 
236 220 
232 236 
232 216 
228 216 
228 44 
208 544 
208 208 
208 212 
208 232 
208 40 
216 212 
208 260 
208 208 
232 208 
228 236 
40 44 
240 216 
232 232 
236 216 
208 228 
208 48 
208 208 
232 216 
236 216 
228 236 
228 48 
236 216 
236 208 
236 224 
228 212 
212 228 
208 48 
208 212 
228 216 
188 212 
228 228 
192 44 
188 216 
196 212 
232 188 
232 232 
44 44 
228 208 
236 212 
236 212 
224 200 
672 232 
232 44 
192 212 
208 232 
192 204 
188 196 
232 220 
232 48 
228 212 
236 240 
232 232 
232 232 
228 44 
232 216 
232 212 
232 236 
232 228 
232 44 
228 240 
212 224 
232 248 
228 232 
232 44 
236 216 
228 212 
232 212 
228 232 
232 228 
40 44 
232 240 
232 232 
236 228 
228 376 
232 44 
232 212 
232 208 
188 340 
232 196 
228 52 
236 188 
204 232 
200 240 
188 232 
188 40 
192 212 
300 256 
196 208 
188 232 
188 236 
228 44 
236 188 
228 192 
228 200 
228 192 
44 44 
236 200 
192 200 
220 196 
220 236 
188 40 
232 208 
236 236 
232 240 
232 228 
228 44 
236 216 
236 212 
228 212 
228 228 
232 48 
224 212 
236 212 
232 220 
232 252 
228 228 
228 44 
232 208 
236 236 
232 208 
232 232 
228 40 
228 208 
228 212 
232 208 
232 228 
44 44 
192 192 
192 236 
192 252 
228 212 
188 232 
188 44 
196 216 
228 188 
228 216 
232 228 
216 44 
240 240 
224 216 
232 216 
228 212 
208 44 
208 208 
212 216 
212 208 
208 232 
228 44 
228 204 
228 212 
232 216 
208 232 
208 44 
208 212 
208 216 
212 208 
212 232 
196 48 
208 216 
236 208 
232 216 
228 208 
232 232 
252 44 
232 220 
232 212 
228 236 
228 228 
232 40 
232 212 
236 220 
232 232 
492 232 
236 48 
232 212 
232 236 
232 212 
232 232 
228 48 
228 240 
232 252 
712 208 
232 228 
228 48 
236 224 
228 232 
232 208 
232 232 
44 40 
208 216 
212 612 
216 244 
212 228 
208 236 
236 44 
228 212 
232 216 
228 208 
228 212 
232 48 
216 216 
216 208 
208 212 
232 212 
228 44 
232 208 
236 216 
232 224 
228 208 
232 48 
232 216 
208 216 
212 212 
208 236 
208 228 
208 40 
232 240 
232 208 
240 256 
208 232 
40 44 
228 216 
228 212 
240 240 
232 232 
232 40 
232 216 
236 260 
228 220 
228 232 
228 48 
236 216 
204 236 
232 212 
228 208 
228 232 
232 44 
232 216 
232 212 
228 232 
228 232 
204 44 
232 212 
232 240 
232 232 
232 228 
228 48 
236 236 
228 212 
236 212 
208 208 
44 44 
212 236 
212 208 
212 232 
228 212 
232 44 
232 216 
244 208 
232 208 
296 228 
228 44 
240 192 
232 196 
192 220 
196 232 
192 228 
508 44 
196 212 
232 216 
224 232 
188 228 
204 44 
252 192 
232 200 
236 196 
232 188 
228 44 
228 212 
228 200 
232 192 
216 232 
44 44 
236 216 
236 212 
232 616 
228 228 
232 228 
232 44 
232 236 
228 212 
236 212 
228 232 
228 44 
228 216 
236 212 
236 240 
228 232 
232 40 
228 224 
232 216 
228 212 
228 232 
228 48 
228 220 
228 232 
236 240 
232 232 
228 44 
236 236 
232 208 
232 232 
236 228 
228 232 
40 44 
236 216 
196 208 
188 196 
188 200 
188 52 
196 200 
228 212 
196 200 
188 200 
188 40 
232 224 
448 216 
208 240 
232 232 
232 40 
188 236 
188 212 
192 208 
228 192 
228 44 
708 204 
208 196 
236 188 
228 236 
44 48 
228 216 
232 236 
192 192 
188 192 
228 44 
208 240 
236 212 
224 212 
228 232 
228 48 
228 220 
236 212 
232 212 
288 228 
228 208 
236 44 
232 240 
236 240 
240 232 
228 232 
236 48 
236 212 
540 216 
228 232 
228 228 
232 48 
232 220 
236 236 
228 212 
232 236 
44 44 
192 436 
192 220 
236 212 
228 236 
236 44 
228 204 
196 212 
188 204 
192 228 
184 48 
240 216 
216 232 
212 236 
212 212 
232 216 
228 44 
228 240 
232 240 
236 236 
228 232 
228 44 
236 216 
236 204 
216 208 
208 232 
208 44 
40 48 
212 224 
236 216 
208 232 
204 232 
208 44 
232 216 
208 212 
236 216 
232 232 
224 232 
208 48 
212 216 
212 236 
232 208 
232 212 
232 44 
236 212 
228 212 
228 232 
228 212 
228 48 
228 208 
216 216 
204 236 
208 212 
208 48 
216 216 
236 236 
216 236 
208 232 
44 40 
232 212 
228 208 
228 212 
228 208 
224 48 
232 204 
228 208 
228 212 
204 236 
208 44 
212 208 
212 216 
208 212 
228 236 
228 44 
232 44 
236 208 
216 212 
204 208 
296 228 
208 52 
196 212 
196 208 
192 212 
188 232 
40 44 
232 196 
236 196 
228 200 
228 224 
228 44 
224 200 
196 192 
236 196 
192 232 
188 40 
188 236 
192 676 
192 212 
232 232 
232 40 
216 216 
196 216 
236 196 
228 196 
228 196 
240 44 
232 200 
200 208 
216 236 
216 232 
228 44 
228 196 
228 236 
232 196 
232 232 
40 48 
220 232 
228 228 
216 232 
436 224 
280 40 
292 212 
276 236 
260 216 
228 228 
320 228 
316 44 
324 240 
236 240 
228 236 
228 232 
232 40 
232 196 
232 200 
228 192 
232 192 
188 48 
196 240 
192 216 
192 232 
188 232 
232 48 
228 188 
236 196 
232 200 
188 236 
44 44 
196 220 
188 232 
208 236 
208 208 
208 236 
208 48 
236 224 
232 208 
232 212 
228 208 
228 44 
228 208 
236 228 
240 212 
228 208 
208 44 
208 208 
208 212 
208 212 
204 232 
228 44 
216 216 
208 208 
212 244 
232 208 
228 44 
332 208 
236 244 
232 212 
212 216 
208 232 
40 40 
232 224 
332 216 
232 212 
568 208 
228 232 
236 44 
232 212 
228 208 
228 212 
204 228 
208 44 
220 216 
216 448 
212 208 
232 232 
208 44 
208 212 
212 220 
228 216 
232 212 
232 44 
228 660 
228 228 
228 208 
228 212 
228 40 
208 232 
212 212 
212 232 
224 232 
212 236 
44 48 
240 208 
236 212 
212 212 
236 232 
212 48 
212 212 
208 208 
232 192 
232 192 
228 48 
228 200 
192 232 
420 204 
188 228 
188 44 
188 216 
232 212 
232 212 
200 232 
204 44 
232 196 
232 192 
236 196 
228 188 
40 44 
236 208 
232 200 
236 192 
232 196 
188 232 
216 44 
212 212 
232 212 
228 232 
228 192 
196 44 
228 200 
200 216 
204 216 
448 228 
188 44 
192 236 
252 208 
240 216 
200 228 
196 48 
232 204 
236 192 
240 196 
236 192 
232 188 
188 232 
196 196 
216 192 
192 196 
200 240 
212 208 
188 192 
188 208 
192 232 
196 192 
212 220 
196 212 
228 196 
236 196 
232 188 
560 216 
232 196 
232 208 
192 236 
208 240 
188 232 
228 196 
228 192 
228 192 
228 188 
232 212 
232 212 
228 208 
232 212 
216 232 
208 236 
208 228 
220 236 
212 696 
236 208 
232 216 
232 244 
228 228 
228 216 
232 208 
208 216 
240 212 
220 224 
228 232 
236 212 
236 208 
216 232 
212 192 
208 212 
204 236 
208 228 
204 228 
216 208 
212 208 
232 208 
228 228 
232 228 
212 212 
208 216 
220 240 
272 224 
236 232 
220 200 
208 232 
192 220 
208 212 
232 212 
204 204 
228 212 
228 192 
208 212 
192 212 
208 212 
204 232 
208 192 
208 212 
228 232 
268 192 
188 228 
208 232 
224 196 
232 224 
232 208 
232 188 
212 192 
228 208 
228 232 
232 224 
228 232 
228 232 
204 208 
212 212 
212 212 
236 240 
188 192 
208 192 
192 192 
188 192 
192 236 
232 232 
236 232 
684 276 
188 208 
204 232 
228 236 
196 236 
200 228 
192 224 
192 188 
192 196 
228 228 
232 196 
232 232 
232 192 
228 192 
208 208 
232 232 
188 232 
208 232 
232 460 
192 236 
188 204 
228 192 
228 196 
232 236 
228 232 
236 232 
232 228 
228 728 
268 236 
228 240 
232 228 
228 196 
216 192 
232 188 
232 192 
228 192 
228 192 
228 236 
216 192 
228 196 
232 192 
232 232 
228 232 
232 232 
228 236 
232 232 
228 228 
224 232 
236 228 
236 240 
228 228 
228 232 
232 228 
228 228 
228 236 
228 240 
228 232 
240 232 
228 228 
248 232 
228 236 
228 232 
208 208 
232 212 
188 188 
208 212 
208 232 
228 208 
232 192 
228 236 
232 232 
232 232 
232 228 
228 236 
228 228 
208 216 
208 188 
208 220 
188 208 
208 208 
192 232 
196 208 
208 212 
232 192 
204 196 
208 192 
472 228 
228 212 
184 208 
188 192 
208 188 
600 212 
188 192 
208 228 
192 224 
368 192 
188 208 
228 208 
192 212 
188 208 
208 196 
232 192 
204 192 
208 228 
600 216 
220 212 
192 204 
208 232 
220 212 
220 192 
220 212 
208 204 
232 212 
208 488 
232 212 
208 208 
232 212 
188 188 
184 192 
228 236 
184 192 
208 204 
196 348 
192 288 
208 212 
188 232 
188 196 
228 204 
208 216 
232 228 
228 236 
228 236 
228 232 
228 232 
228 232 
228 208 
184 232 
208 232 
212 208 
212 212 
208 204 
204 208 
208 196 
188 192 
232 204 
228 208 
204 208 
192 196 
212 216 
188 232 
208 192 
232 232 
184 212 
208 236 
204 208 
212 212 
228 232 
220 228 
208 232 
208 196 
188 192 
216 232 
212 232 
228 232 
228 228 
212 312 
228 232 
232 232 
228 232 
208 228 
232 232 
228 228 
228 228 
188 192 
228 236 
228 192 
212 232 
188 232 
232 232 
204 232 
208 228 
212 232 
208 212 
188 232 
204 232 
228 212 
204 196 
228 212 
232 324 
236 192 
400 248 
208 204 
188 200 
228 208 
208 212 
228 216 
208 192 
208 236 
208 192 
644 232 
208 228 
208 228 
208 228 
228 212 
188 212 
208 208 
208 216 
228 212 
208 548 
352 204 
212 236 
228 200 
232 192 
232 228 
228 228 
208 204 
240 228 
232 204 
228 208 
228 188 
208 232 
224 192 
204 228 
208 236 
192 228 
228 232 
204 232 
188 224 
192 232 
188 192 
232 192 
232 188 
228 188 
232 192 
228 296 
228 192 
228 196 
188 232 
188 192 
188 228 
188 228 
188 220 
232 232 
228 192 
232 192 
228 192 
196 232 
192 232 
236 188 
192 228 
188 228 
188 232 
192 228 
188 228 
228 192 
228 188 
228 192 
232 192 
224 188 
208 292 
232 192 
232 192 
224 196 
200 188 
188 232 
188 240 
192 232 
192 712 
208 212 
224 232 
232 228 
228 236 
228 192 
232 188 
232 192 
228 196 
444 232 
192 208 
208 236 
200 232 
232 192 
212 196 
188 192 
228 196 
232 188 
404 232 
228 192 
232 196 
232 192 
192 228 
192 232 
196 232 
192 228 
192 228 
232 232 
208 232 
208 228 
212 228 
236 208 
232 188 
232 212 
232 208 
188 216 
232 212 
236 208 
228 212 
204 192 
212 232 
208 232 
208 232 
204 228 
228 232 
232 192 
232 208 
232 212 
208 228 
208 228 
228 228 
236 232 
232 228 
208 232 
228 232 
232 232 
228 232 
228 228 
228 208 
208 220 
188 208 
188 228 
212 232 
232 200 
204 232 
228 208 
228 220 
208 212 
208 236 
208 208 
228 212 
228 204 
232 208 
188 208 
212 208 
228 240 
228 232 
232 232 
204 208 
224 212 
212 212 
212 216 
212 212 
228 232 
208 212 
248 208 
188 236 
228 212 
200 192 
232 228 
232 232 
232 232 
192 228 
216 228 
228 236 
232 232 
208 212 
208 208 
228 232 
228 232 
228 228 
236 228 
228 216 
228 232 
212 232 
228 212 
228 216 
228 232 
228 232 
232 232 
228 228 
228 192 
208 228 
424 232 
228 208 
224 232 
236 232 
228 236 
228 228 
232 188 
228 232 
228 232 
672 232 
188 212 
232 232 
228 228 
228 228 
