# ./FR-trace starting at Thu Mar 19 00:38:41 2020
################# CONFIG #################
# slot=5000
# samples=10000
# threshold=100
# idle=500
# minlen=500
# runs=10000
# pdathreads=2
# nmonitored=2
#   monitor0=../apps/openssl ecp_smpl.c:927 0x1e3e58
#   monitor1=../apps/openssl ecp_smpl.c:934 0x1e3af3
# nevicted=0
# npdatargets=2
#   target0=../apps/openssl bn_lib.c:514 0x102fb9
#   target1=../apps/openssl bn_lib.c:543 0x103025
# affinity=all
############## SYSTEM INFO ###############
# mastik_version=
# sysname=Linux
# nodename=lovelace
# release=5.3.7-arch1-1-ARCH
# version=#1 SMP PREEMPT Fri Oct 18 00:17:03 UTC 2019
# machine=x86_64
################## DATA ##################
# run=1242
# datapoints=992
44 36 
200 224 
404 252 
220 420 
248 200 
204 196 
44 44 
200 240 
256 236 
204 44 
240 196 
236 228 
400 40 
212 196 
284 40 
208 204 
196 208 
212 40 
212 200 
228 36 
200 236 
244 40 
276 232 
260 256 
244 40 
204 208 
212 36 
196 196 
212 36 
200 196 
200 196 
196 40 
220 200 
564 40 
236 224 
196 44 
380 248 
236 40 
236 216 
236 232 
444 40 
240 236 
236 44 
240 236 
240 228 
232 44 
236 244 
444 36 
240 244 
384 44 
240 236 
240 236 
232 40 
240 232 
236 36 
236 232 
244 44 
216 236 
220 236 
216 44 
240 236 
244 36 
240 240 
228 40 
244 204 
240 236 
232 36 
224 236 
212 36 
232 244 
240 48 
240 228 
240 236 
236 44 
236 232 
236 36 
240 204 
212 44 
236 236 
220 192 
240 36 
240 232 
244 316 
220 212 
232 36 
400 236 
240 216 
212 48 
228 204 
440 36 
236 236 
248 40 
216 208 
240 244 
212 40 
236 204 
200 248 
236 240 
232 44 
212 212 
248 236 
240 40 
240 232 
412 36 
200 192 
216 40 
240 232 
240 236 
212 44 
204 208 
436 44 
256 236 
196 36 
240 232 
244 232 
236 40 
236 244 
404 36 
208 328 
232 44 
244 236 
240 200 
216 40 
240 196 
212 240 
216 200 
216 48 
196 204 
268 216 
200 44 
224 212 
236 32 
216 228 
208 172 
220 40 
232 236 
428 44 
212 216 
200 40 
216 220 
240 124 
216 44 
244 192 
436 36 
204 232 
236 48 
204 224 
204 192 
40 40 
196 224 
404 48 
212 220 
232 44 
244 412 
204 188 
220 36 
204 220 
212 244 
400 204 
208 48 
272 204 
200 200 
336 36 
188 292 
416 40 
240 228 
192 40 
200 196 
232 44 
200 40 
208 236 
456 40 
204 208 
244 40 
240 292 
188 212 
196 44 
212 216 
232 36 
196 192 
212 36 
216 204 
200 436 
244 44 
236 232 
452 36 
212 228 
244 40 
196 192 
204 188 
192 36 
220 236 
212 36 
200 208 
212 44 
248 232 
220 208 
236 40 
196 632 
244 40 
212 192 
216 44 
208 228 
296 200 
200 44 
216 196 
212 44 
248 196 
444 200 
196 40 
240 236 
244 44 
240 156 
204 204 
188 44 
196 232 
232 40 
336 228 
208 44 
196 324 
232 192 
200 40 
192 204 
512 44 
224 340 
220 48 
236 216 
216 216 
196 44 
228 216 
248 40 
200 236 
240 36 
204 208 
216 212 
484 40 
196 240 
404 36 
216 200 
232 40 
216 204 
200 188 
204 40 
260 204 
408 48 
220 196 
440 36 
236 240 
204 36 
216 236 
200 232 
232 44 
232 240 
440 36 
192 240 
240 44 
236 232 
236 240 
196 36 
240 236 
440 244 
236 236 
236 44 
244 236 
240 44 
244 232 
228 608 
236 40 
216 236 
236 36 
216 244 
248 44 
236 44 
236 236 
232 44 
468 232 
440 40 
240 240 
216 44 
228 212 
244 236 
232 44 
232 216 
416 36 
692 236 
196 40 
200 240 
224 212 
236 36 
196 196 
244 44 
244 236 
236 196 
444 40 
196 192 
440 44 
200 224 
232 40 
236 240 
212 240 
236 40 
236 244 
216 36 
220 220 
232 40 
220 224 
240 240 
420 40 
200 196 
244 40 
244 236 
240 228 
244 40 
232 200 
424 36 
236 212 
204 44 
240 200 
228 92 
192 40 
236 240 
208 40 
244 232 
220 100 
236 44 
232 232 
420 44 
220 236 
244 40 
268 236 
244 40 
276 40 
236 196 
444 36 
212 192 
204 40 
240 236 
240 264 
236 40 
200 240 
420 44 
220 216 
200 36 
232 212 
216 400 
236 44 
236 212 
244 36 
244 196 
240 188 
244 36 
240 232 
448 40 
220 208 
208 36 
240 200 
240 240 
248 44 
236 236 
444 44 
236 232 
232 40 
236 216 
240 44 
196 236 
244 240 
444 40 
240 240 
236 40 
240 236 
220 40 
240 216 
200 216 
220 40 
232 436 
244 40 
208 244 
236 228 
204 40 
204 236 
440 36 
232 220 
236 40 
244 232 
236 196 
440 40 
240 240 
244 48 
196 628 
236 36 
236 236 
196 236 
232 36 
240 240 
440 40 
204 192 
208 40 
196 200 
192 204 
416 44 
208 240 
200 48 
232 192 
204 196 
444 44 
244 232 
240 40 
248 232 
236 48 
240 244 
244 232 
440 36 
236 240 
232 40 
244 232 
236 232 
192 48 
220 236 
236 36 
200 196 
236 44 
240 40 
208 232 
240 40 
204 220 
232 40 
196 200 
236 40 
232 236 
240 236 
240 40 
232 192 
248 44 
236 232 
236 244 
236 40 
240 240 
440 36 
208 216 
212 40 
220 204 
232 208 
436 44 
236 200 
236 40 
236 236 
236 236 
236 36 
220 208 
444 36 
244 236 
236 48 
232 244 
236 236 
236 44 
240 248 
220 36 
196 448 
212 212 
216 228 
232 228 
312 216 
212 212 
240 188 
204 208 
208 716 
228 228 
212 228 
196 204 
228 188 
232 232 
232 444 
232 240 
236 296 
444 416 
232 236 
236 232 
244 232 
232 204 
244 252 
204 308 
200 208 
288 192 
200 208 
212 232 
216 216 
192 216 
224 228 
208 208 
216 320 
236 232 
448 44 
220 196 
300 336 
244 272 
236 232 
220 196 
220 212 
224 200 
196 212 
204 192 
216 232 
196 196 
200 232 
240 232 
220 196 
204 232 
280 300 
236 232 
204 200 
208 196 
208 216 
304 236 
192 192 
196 216 
188 236 
192 208 
212 196 
276 188 
232 224 
236 232 
196 192 
200 228 
208 232 
212 236 
192 228 
232 208 
212 196 
200 196 
212 216 
220 220 
200 196 
204 236 
192 204 
208 216 
244 204 
340 196 
208 284 
240 304 
196 248 
200 212 
200 196 
256 240 
220 292 
200 208 
224 228 
196 240 
256 236 
244 232 
404 232 
312 252 
636 212 
216 196 
204 324 
244 196 
252 292 
276 236 
224 196 
248 264 
272 200 
220 236 
620 192 
204 232 
212 244 
240 220 
264 236 
228 212 
232 192 
232 240 
236 648 
236 232 
200 244 
200 208 
236 208 
236 236 
220 192 
216 212 
196 216 
236 192 
232 236 
236 232 
236 232 
196 224 
212 192 
188 212 
200 228 
220 192 
224 192 
204 236 
240 232 
216 236 
240 192 
192 188 
584 188 
288 236 
232 188 
300 196 
192 332 
208 236 
208 244 
216 236 
192 236 
236 232 
192 212 
196 236 
236 236 
216 212 
208 212 
244 236 
196 228 
192 208 
272 232 
232 216 
232 240 
212 216 
224 188 
192 192 
196 232 
188 224 
236 232 
196 236 
236 212 
192 236 
244 204 
240 184 
232 232 
220 224 
240 192 
212 412 
220 208 
236 192 
212 208 
236 196 
240 200 
240 240 
204 232 
240 244 
436 232 
256 212 
232 236 
244 192 
240 236 
240 240 
240 236 
236 236 
240 236 
280 240 
248 220 
240 236 
236 236 
236 232 
196 344 
212 236 
204 224 
208 208 
192 192 
208 208 
224 208 
212 312 
236 204 
232 216 
192 192 
196 196 
192 240 
192 264 
208 276 
216 212 
236 208 
216 232 
192 212 
220 244 
244 232 
240 212 
212 236 
236 200 
240 208 
236 236 
200 240 
220 236 
236 272 
220 196 
240 248 
212 232 
196 216 
200 232 
192 212 
236 216 
192 208 
204 212 
196 228 
204 196 
240 192 
208 236 
192 196 
200 232 
196 196 
200 236 
192 196 
240 192 
228 212 
200 236 
212 240 
220 192 
196 228 
196 200 
196 196 
192 192 
196 212 
188 208 
208 220 
216 232 
268 212 
208 232 
496 196 
220 220 
228 212 
216 224 
200 200 
196 192 
212 200 
200 216 
196 192 
192 192 
216 236 
272 220 
204 236 
240 200 
224 192 
252 192 
192 188 
224 252 
452 320 
692 192 
232 188 
236 916 
208 224 
244 212 
248 232 
208 228 
236 232 
244 200 
216 240 
204 368 
236 236 
196 212 
196 196 
252 216 
232 232 
232 196 
196 208 
232 208 
228 196 
232 236 
200 188 
192 296 
236 324 
340 308 
196 192 
268 192 
192 724 
216 232 
200 212 
196 196 
196 220 
232 192 
200 200 
192 232 
208 196 
200 308 
216 232 
192 192 
288 212 
328 188 
208 192 
420 192 
224 252 
536 220 
188 188 
284 192 
208 188 
592 208 
192 200 
640 192 
192 204 
232 672 
240 212 
188 200 
228 192 
204 204 
188 192 
212 332 
188 212 
244 228 
596 240 
188 216 
212 192 
232 196 
192 192 
188 196 
200 228 
192 232 
208 192 
208 196 
240 220 
192 208 
204 192 
212 232 
232 192 
192 212 
224 192 
188 596 
200 188 
192 212 
220 192 
196 208 
212 208 
192 208 
232 240 
236 232 
212 192 
192 216 
228 248 
196 192 
284 208 
256 192 
232 192 
232 196 
236 300 
196 236 
312 192 
196 204 
228 220 
212 328 
228 196 
192 192 
192 292 
192 232 
252 232 
568 204 
196 188 
220 196 
220 240 
232 232 
188 440 
232 232 
212 204 
216 196 
208 236 
204 192 
232 228 
196 232 
320 240 
204 192 
196 232 
216 244 
228 196 
224 236 
208 244 
200 232 
200 196 
196 268 
196 192 
192 208 
256 256 
224 212 
204 232 
204 188 
196 232 
208 192 
320 232 
196 212 
256 236 
208 248 
208 196 
192 236 
508 228 
196 200 
232 208 
240 292 
204 244 
240 212 
192 208 
232 196 
212 192 
196 232 
196 188 
232 192 
192 212 
212 192 
196 252 
192 188 
228 196 
192 196 
196 192 
212 232 
192 192 
192 184 
216 216 
324 216 
248 208 
232 196 
188 236 
200 192 
236 192 
188 228 
192 276 
200 188 
280 184 
200 228 
208 228 
232 228 
540 200 
220 212 
272 192 
228 200 
204 196 
188 188 
188 208 
196 192 
200 212 
232 232 
240 200 
232 240 
192 192 
188 208 
192 184 
220 192 
236 204 
192 196 
216 232 
192 224 
188 344 
200 192 
224 180 
304 228 
336 192 
260 188 
196 528 
240 200 
336 220 
252 196 
196 228 
196 216 
196 192 
224 192 
188 224 
188 188 
192 188 
200 184 
212 232 
220 192 
228 232 
208 228 
236 236 
200 212 
192 232 
268 212 
220 272 
236 212 
200 240 
188 208 
216 212 
192 192 
208 196 
192 188 
212 212 
192 192 
228 228 
192 192 
208 268 
200 216 
212 320 
240 224 
228 188 
300 236 
196 216 
232 204 
192 188 
208 236 
216 228 
232 188 
192 200 
200 200 
188 192 
192 188 
192 192 
188 204 
224 188 
208 204 
200 192 
208 188 
324 224 
