# ./FR-trace starting at Thu Mar 19 00:31:31 2020
################# CONFIG #################
# slot=5000
# samples=10000
# threshold=100
# idle=500
# minlen=500
# runs=10000
# pdathreads=2
# nmonitored=2
#   monitor0=../apps/openssl ecp_smpl.c:927 0x1e3e58
#   monitor1=../apps/openssl ecp_smpl.c:934 0x1e3af3
# nevicted=0
# npdatargets=2
#   target0=../apps/openssl bn_lib.c:514 0x102fb9
#   target1=../apps/openssl bn_lib.c:543 0x103025
# affinity=all
############## SYSTEM INFO ###############
# mastik_version=
# sysname=Linux
# nodename=lovelace
# release=5.3.7-arch1-1-ARCH
# version=#1 SMP PREEMPT Fri Oct 18 00:17:03 UTC 2019
# machine=x86_64
################## DATA ##################
# run=815
# datapoints=818
44 48 
184 212 
40 212 
48 40 
44 48 
236 220 
232 212 
236 208 
228 212 
156 148 
232 216 
232 216 
232 244 
232 212 
232 240 
228 216 
236 240 
228 228 
232 216 
232 208 
228 212 
228 232 
44 44 
44 44 
44 48 
40 40 
232 232 
236 216 
228 212 
236 236 
228 232 
228 232 
44 48 
232 220 
236 212 
232 212 
228 232 
208 232 
48 44 
236 216 
232 240 
232 216 
232 232 
228 40 
232 216 
236 232 
212 236 
228 228 
228 48 
236 216 
228 208 
232 212 
256 232 
228 48 
236 208 
232 236 
236 236 
232 232 
232 232 
236 48 
236 216 
236 212 
236 216 
368 232 
228 44 
232 236 
232 232 
232 216 
228 228 
232 44 
228 216 
252 212 
604 212 
228 236 
228 52 
236 216 
232 228 
236 212 
228 212 
232 232 
236 40 
232 436 
232 240 
232 212 
228 236 
232 44 
236 216 
228 212 
236 228 
232 236 
228 44 
232 220 
228 208 
236 232 
228 232 
228 44 
236 236 
224 212 
236 208 
228 228 
232 232 
240 48 
228 208 
232 236 
236 256 
224 228 
228 40 
236 224 
228 240 
232 212 
232 232 
228 44 
240 232 
236 240 
232 212 
228 232 
228 228 
236 40 
232 216 
232 208 
232 212 
228 232 
228 44 
232 240 
236 236 
236 212 
228 232 
228 48 
228 212 
232 216 
228 208 
228 232 
216 232 
232 44 
228 240 
232 236 
616 212 
232 232 
228 48 
228 208 
232 204 
244 212 
228 232 
232 232 
232 44 
232 216 
228 220 
228 212 
232 232 
228 52 
228 236 
236 236 
232 236 
232 228 
236 44 
236 204 
236 232 
236 240 
392 212 
228 212 
228 48 
232 216 
236 220 
240 236 
232 228 
228 44 
236 220 
644 236 
232 212 
228 232 
232 44 
228 44 
232 236 
232 216 
240 240 
228 232 
228 48 
228 212 
236 224 
232 212 
232 228 
232 48 
228 216 
232 240 
232 208 
228 712 
228 48 
240 236 
236 240 
232 208 
228 232 
228 44 
232 236 
228 208 
232 212 
228 232 
228 232 
232 48 
236 240 
228 216 
236 212 
228 232 
228 48 
236 212 
236 232 
236 212 
232 228 
228 44 
228 208 
240 216 
228 212 
232 228 
228 196 
232 44 
240 240 
236 240 
232 232 
228 232 
228 56 
240 236 
416 204 
232 232 
228 228 
232 44 
232 212 
236 240 
232 236 
216 228 
228 44 
228 240 
240 232 
232 212 
228 236 
228 44 
232 216 
232 228 
216 212 
232 228 
228 48 
232 44 
232 216 
232 212 
236 228 
228 232 
228 40 
228 240 
228 212 
232 212 
232 232 
228 44 
228 212 
236 216 
232 212 
400 232 
232 44 
236 208 
232 232 
232 212 
228 232 
228 232 
232 44 
232 216 
664 216 
236 228 
228 232 
228 40 
232 216 
232 208 
236 216 
232 232 
228 48 
236 476 
232 204 
228 208 
228 232 
228 48 
236 212 
232 216 
228 208 
232 232 
228 744 
232 48 
236 216 
228 244 
232 208 
228 228 
228 44 
232 224 
236 212 
236 236 
228 232 
228 44 
240 212 
240 212 
236 220 
232 228 
228 200 
232 48 
236 208 
232 212 
232 220 
228 232 
228 48 
512 216 
228 240 
228 208 
228 236 
232 44 
232 240 
236 228 
232 216 
228 236 
228 48 
232 212 
236 232 
228 208 
228 228 
232 44 
232 220 
612 220 
0 0 
0 0 
0 0 
208 204 
224 232 
208 192 
196 328 
188 224 
208 208 
236 200 
232 228 
188 212 
224 192 
192 228 
192 188 
200 232 
252 200 
184 1184 
200 224 
216 272 
228 208 
208 196 
188 188 
208 328 
228 192 
188 188 
256 192 
204 368 
212 480 
192 192 
228 192 
188 224 
324 208 
580 272 
212 232 
228 216 
192 192 
652 264 
192 192 
232 232 
212 204 
228 208 
228 192 
232 232 
232 208 
208 216 
208 232 
188 196 
192 192 
188 208 
336 236 
336 232 
188 264 
192 236 
192 228 
228 188 
188 192 
188 192 
200 192 
200 192 
232 192 
192 192 
228 232 
204 188 
224 244 
188 232 
188 196 
188 192 
212 232 
188 236 
228 192 
232 232 
228 192 
228 228 
196 196 
192 196 
196 192 
232 192 
188 228 
196 204 
572 232 
188 188 
216 228 
204 240 
200 236 
208 628 
208 196 
208 188 
224 196 
208 232 
232 232 
216 212 
188 208 
204 192 
228 264 
228 212 
228 208 
192 240 
228 228 
232 196 
228 232 
1240 228 
208 212 
208 220 
204 204 
188 248 
228 192 
228 220 
208 232 
208 196 
208 208 
208 208 
208 224 
232 232 
188 348 
232 236 
212 228 
208 216 
232 228 
228 232 
232 224 
192 228 
188 192 
232 228 
204 196 
204 208 
192 188 
188 188 
228 196 
184 192 
192 232 
232 232 
188 200 
188 516 
208 220 
192 200 
188 192 
228 204 
188 232 
200 288 
228 192 
188 232 
328 196 
208 208 
208 228 
228 228 
232 228 
228 232 
228 232 
192 212 
212 220 
208 228 
208 208 
204 228 
228 204 
188 192 
200 204 
228 232 
208 208 
208 232 
208 228 
228 228 
200 196 
208 232 
228 192 
228 228 
204 196 
208 196 
188 212 
208 208 
208 212 
220 216 
204 192 
208 192 
228 196 
212 208 
204 232 
216 216 
324 208 
208 232 
196 316 
192 240 
304 192 
208 188 
204 248 
208 980 
208 236 
224 196 
228 184 
192 192 
188 236 
200 220 
204 208 
188 220 
192 196 
200 208 
232 232 
196 204 
192 192 
216 208 
232 192 
204 208 
256 192 
188 188 
196 192 
224 232 
208 228 
240 192 
216 304 
188 192 
188 192 
304 232 
204 196 
192 188 
192 212 
212 208 
196 208 
208 212 
464 492 
228 188 
212 212 
208 232 
212 216 
204 212 
204 204 
204 192 
208 232 
192 212 
192 212 
204 212 
192 236 
232 228 
232 232 
228 208 
228 192 
228 228 
228 616 
228 212 
216 208 
188 192 
224 212 
192 264 
192 232 
192 208 
232 192 
188 188 
240 236 
192 232 
228 232 
188 196 
200 192 
232 204 
972 204 
232 232 
232 236 
216 196 
212 232 
208 192 
188 188 
200 236 
212 232 
196 188 
188 192 
196 196 
192 192 
188 196 
192 232 
184 192 
188 188 
192 1004 
192 188 
188 200 
188 188 
232 228 
192 188 
232 240 
228 192 
188 240 
204 208 
220 208 
228 208 
212 216 
192 192 
192 216 
228 232 
208 232 
208 212 
228 196 
228 192 
212 212 
232 192 
192 196 
228 216 
228 232 
196 204 
192 228 
228 208 
208 208 
264 212 
208 204 
612 196 
208 212 
288 232 
228 232 
212 200 
220 228 
232 200 
192 188 
188 232 
240 236 
232 224 
192 216 
228 192 
192 204 
208 408 
232 192 
228 212 
228 192 
228 196 
192 192 
196 236 
228 292 
192 204 
188 236 
228 192 
192 268 
232 228 
192 192 
228 192 
188 192 
192 192 
188 192 
204 216 
228 228 
232 236 
192 196 
712 192 
288 232 
192 212 
204 196 
188 192 
232 196 
188 196 
232 196 
196 228 
208 212 
228 212 
228 232 
228 192 
208 200 
228 208 
188 216 
208 232 
208 200 
208 212 
188 204 
228 208 
228 208 
224 204 
228 228 
192 192 
208 208 
212 208 
360 236 
228 188 
192 192 
228 232 
192 192 
208 188 
192 208 
228 208 
208 208 
648 208 
188 216 
204 212 
256 216 
280 208 
188 228 
204 188 
188 220 
228 196 
228 196 
220 192 
208 212 
224 208 
208 228 
608 228 
232 192 
188 236 
192 228 
200 196 
200 192 
204 192 
192 216 
228 228 
228 212 
220 232 
232 400 
228 232 
228 232 
228 232 
204 228 
212 208 
228 236 
192 192 
188 188 
188 244 
228 228 
188 232 
228 236 
192 236 
1056 212 
232 228 
396 212 
260 224 
192 204 
208 216 
684 332 
212 228 
232 212 
652 228 
232 232 
208 228 
192 204 
208 228 
220 216 
208 208 
208 216 
208 192 
216 228 
188 216 
204 208 
208 228 
212 188 
208 228 
236 196 
212 208 
220 204 
208 216 
192 188 
188 260 
232 212 
188 232 
228 204 
196 188 
228 232 
228 208 
188 212 
228 204 
232 192 
212 192 
216 232 
228 188 
212 196 
200 192 
188 192 
192 204 
192 192 
192 192 
192 192 
240 320 
236 236 
196 188 
236 228 
192 200 
192 192 
256 212 
208 228 
192 188 
188 232 
192 228 
188 208 
188 192 
228 360 
232 232 
196 192 
208 232 
208 192 
232 212 
228 232 
228 212 
204 216 
228 208 
220 208 
228 212 
188 212 
228 208 
192 208 
200 192 
192 208 
208 192 
208 228 
208 192 
232 232 
284 216 
228 232 
184 208 
188 212 
