# ./FR-trace starting at Thu Mar 19 02:42:52 2020
################# CONFIG #################
# slot=5000
# samples=10000
# threshold=100
# idle=500
# minlen=500
# runs=10000
# pdathreads=2
# nmonitored=2
#   monitor0=../apps/openssl ecp_smpl.c:927 0x1e3e58
#   monitor1=../apps/openssl ecp_smpl.c:934 0x1e3af3
# nevicted=0
# npdatargets=2
#   target0=../apps/openssl bn_lib.c:514 0x102fb9
#   target1=../apps/openssl bn_lib.c:543 0x103025
# affinity=all
############## SYSTEM INFO ###############
# mastik_version=
# sysname=Linux
# nodename=lovelace
# release=5.3.7-arch1-1-ARCH
# version=#1 SMP PREEMPT Fri Oct 18 00:17:03 UTC 2019
# machine=x86_64
################## DATA ##################
# run=8155
# datapoints=948
40 40 
228 160 
232 240 
232 416 
244 248 
232 232 
40 44 
224 236 
236 236 
40 40 
244 428 
240 232 
40 48 
236 232 
232 44 
236 236 
232 268 
232 44 
236 232 
236 36 
232 236 
240 68 
236 44 
236 232 
436 36 
236 232 
232 40 
236 236 
236 236 
440 40 
232 240 
236 36 
240 232 
232 236 
228 36 
228 244 
432 36 
244 240 
236 36 
236 240 
244 232 
440 44 
236 232 
236 40 
248 236 
232 36 
240 232 
232 240 
224 48 
232 244 
236 40 
236 236 
236 240 
236 48 
228 232 
236 32 
240 236 
228 40 
236 240 
236 236 
212 44 
232 240 
440 36 
240 236 
232 36 
236 240 
236 240 
232 44 
240 236 
428 44 
248 236 
240 40 
232 236 
236 232 
232 36 
232 240 
228 36 
244 240 
232 120 
232 40 
236 240 
232 40 
240 236 
436 244 
240 236 
236 44 
532 236 
232 44 
236 236 
232 236 
232 44 
244 232 
436 36 
232 240 
228 40 
232 376 
236 228 
240 40 
236 236 
236 36 
236 236 
236 556 
236 236 
236 40 
240 580 
232 248 
236 40 
240 236 
444 36 
232 240 
232 40 
232 236 
232 244 
236 40 
244 236 
444 36 
236 240 
236 40 
240 240 
240 236 
236 40 
248 236 
244 36 
240 236 
444 44 
240 236 
228 44 
236 232 
232 228 
232 40 
236 232 
452 36 
232 228 
232 44 
240 236 
232 244 
232 44 
244 236 
236 44 
232 244 
236 36 
240 232 
240 232 
236 40 
236 236 
440 36 
220 240 
232 48 
244 228 
236 40 
236 44 
236 240 
240 44 
240 232 
440 40 
216 240 
236 40 
236 240 
236 40 
232 40 
236 236 
236 32 
244 232 
236 40 
216 212 
232 240 
232 40 
236 244 
560 36 
232 244 
232 44 
236 236 
292 228 
236 48 
236 232 
236 40 
224 236 
240 40 
232 236 
236 236 
232 48 
512 240 
240 40 
236 236 
232 44 
248 40 
236 240 
236 44 
240 236 
232 44 
748 240 
240 40 
232 244 
240 236 
232 40 
240 240 
244 36 
228 244 
244 44 
232 640 
240 236 
232 40 
236 240 
440 40 
236 236 
232 40 
244 236 
228 236 
232 40 
236 236 
240 40 
240 232 
228 36 
236 232 
228 44 
240 236 
232 240 
436 40 
248 244 
240 560 
240 236 
232 36 
236 236 
232 240 
236 44 
232 236 
236 40 
232 244 
240 36 
236 236 
240 44 
240 232 
232 260 
240 44 
232 236 
444 40 
232 248 
236 40 
240 240 
228 40 
240 236 
212 232 
240 44 
228 244 
248 40 
236 240 
236 36 
240 240 
236 44 
236 236 
212 236 
232 44 
232 240 
244 240 
240 232 
236 40 
236 236 
228 40 
240 236 
216 212 
228 44 
240 232 
232 40 
244 236 
236 40 
240 236 
232 36 
304 236 
240 212 
232 44 
228 240 
436 40 
244 228 
236 44 
232 240 
236 44 
548 212 
236 236 
236 44 
244 236 
232 48 
240 240 
236 112 
248 36 
240 240 
664 40 
240 236 
232 32 
236 236 
232 40 
236 236 
228 236 
232 44 
228 236 
432 36 
232 232 
236 40 
232 236 
232 72 
232 48 
228 236 
232 40 
236 236 
240 40 
236 240 
232 40 
244 240 
228 40 
240 40 
240 236 
236 40 
240 236 
232 40 
236 240 
240 40 
236 240 
232 40 
232 240 
228 40 
236 40 
236 236 
440 40 
240 236 
240 44 
232 240 
236 44 
228 40 
232 236 
440 40 
240 236 
228 40 
232 232 
236 92 
236 40 
236 228 
440 36 
216 240 
236 36 
244 236 
236 36 
228 48 
236 236 
440 40 
236 236 
236 40 
216 240 
232 244 
240 40 
236 236 
444 44 
240 240 
232 32 
244 236 
228 40 
220 220 
232 240 
236 36 
240 236 
440 36 
236 232 
232 40 
240 236 
324 236 
228 52 
232 240 
432 36 
236 240 
236 44 
236 240 
236 240 
232 44 
584 236 
440 40 
240 240 
232 48 
240 232 
228 232 
240 44 
232 236 
248 44 
236 432 
232 40 
240 236 
232 44 
236 236 
236 232 
236 44 
236 236 
236 44 
244 668 
236 48 
228 232 
232 232 
232 36 
228 236 
440 36 
244 232 
236 40 
236 236 
240 96 
236 40 
244 240 
440 44 
228 240 
228 44 
240 240 
236 232 
240 40 
240 228 
236 40 
236 236 
236 44 
240 236 
228 44 
236 236 
228 244 
236 44 
236 236 
236 556 
232 236 
232 40 
236 240 
240 240 
232 44 
228 236 
436 40 
240 236 
240 36 
240 236 
228 40 
240 232 
216 236 
236 44 
232 232 
444 48 
240 236 
232 44 
240 236 
228 44 
240 236 
220 236 
228 40 
236 240 
248 44 
236 228 
228 40 
232 240 
232 40 
196 196 
232 216 
240 232 
196 236 
192 192 
192 336 
212 204 
228 192 
232 224 
348 240 
436 520 
248 248 
236 240 
236 240 
236 244 
236 236 
240 236 
236 232 
392 236 
232 240 
232 240 
240 240 
232 236 
232 240 
232 232 
232 248 
236 244 
660 236 
236 228 
440 236 
208 232 
232 236 
188 216 
236 232 
232 240 
244 232 
236 652 
240 236 
252 236 
236 240 
236 236 
232 236 
232 244 
240 240 
240 232 
232 244 
440 240 
236 236 
236 196 
228 232 
236 280 
212 232 
232 232 
228 236 
232 228 
228 192 
208 208 
208 232 
220 240 
208 232 
232 236 
204 240 
232 192 
232 192 
232 232 
236 240 
232 232 
236 240 
244 236 
232 240 
232 236 
228 244 
236 232 
236 240 
228 232 
228 236 
236 236 
236 232 
220 236 
240 244 
232 248 
232 240 
208 236 
224 220 
232 228 
212 240 
228 216 
236 212 
232 208 
232 212 
232 232 
232 240 
240 236 
232 248 
248 236 
232 240 
228 220 
240 204 
236 240 
228 236 
232 212 
228 236 
228 240 
236 236 
356 236 
232 220 
228 244 
232 204 
228 236 
216 248 
232 240 
216 240 
212 216 
596 232 
236 296 
232 236 
236 236 
208 236 
236 232 
232 232 
228 232 
232 232 
240 472 
232 236 
236 244 
232 240 
236 244 
240 232 
228 240 
232 216 
232 236 
228 744 
188 220 
192 232 
212 196 
236 240 
236 236 
232 240 
232 240 
236 240 
236 240 
232 240 
240 228 
232 232 
236 240 
244 240 
232 236 
236 232 
232 208 
236 240 
236 236 
240 244 
232 244 
232 240 
236 232 
240 244 
232 248 
236 236 
232 248 
228 240 
236 236 
236 244 
236 232 
236 232 
240 240 
236 236 
200 216 
228 272 
188 216 
232 240 
232 216 
188 236 
192 192 
212 232 
212 232 
232 196 
196 232 
192 220 
232 236 
228 192 
236 212 
200 248 
208 212 
232 208 
232 240 
188 228 
212 232 
232 212 
236 232 
228 236 
224 236 
208 220 
192 236 
232 196 
236 316 
216 200 
232 232 
236 232 
240 192 
232 196 
244 196 
236 232 
236 212 
192 232 
232 196 
240 184 
232 216 
196 236 
596 192 
192 236 
232 232 
252 212 
196 212 
236 240 
192 232 
232 240 
232 232 
236 232 
236 232 
236 232 
212 236 
216 216 
200 196 
236 240 
232 240 
232 236 
236 744 
232 196 
196 208 
228 236 
236 220 
232 236 
216 220 
236 248 
212 236 
192 336 
212 236 
196 244 
232 196 
244 240 
232 236 
232 232 
232 236 
228 232 
232 212 
192 260 
236 240 
236 232 
232 236 
232 220 
228 232 
232 240 
236 232 
232 240 
232 232 
228 240 
196 212 
192 212 
240 240 
232 236 
192 236 
188 240 
344 240 
228 232 
200 236 
204 240 
236 232 
216 244 
212 212 
240 232 
232 236 
192 196 
704 232 
232 240 
208 220 
228 236 
196 192 
228 208 
228 240 
232 240 
244 212 
232 236 
216 216 
228 232 
228 232 
196 232 
224 212 
240 240 
192 208 
248 232 
236 244 
228 256 
228 244 
208 236 
232 236 
244 216 
208 228 
208 232 
232 232 
240 236 
216 200 
208 196 
252 220 
644 196 
240 212 
212 228 
224 232 
188 196 
208 236 
220 208 
240 212 
240 212 
212 544 
232 240 
192 236 
240 228 
232 240 
204 212 
228 204 
236 232 
232 208 
232 228 
220 240 
188 196 
236 232 
244 232 
212 192 
208 188 
188 240 
236 240 
232 232 
232 236 
232 236 
208 236 
232 232 
220 232 
208 192 
232 240 
240 192 
232 236 
236 232 
236 232 
232 208 
232 232 
228 236 
232 232 
232 232 
216 236 
236 192 
232 232 
240 256 
228 236 
232 232 
228 236 
232 236 
220 216 
228 236 
228 232 
232 228 
236 236 
232 232 
232 236 
228 228 
188 188 
200 248 
228 236 
196 236 
236 240 
244 236 
228 236 
244 236 
548 192 
196 212 
236 236 
228 236 
232 236 
236 188 
188 232 
236 232 
232 216 
632 196 
208 192 
232 236 
240 240 
232 228 
228 228 
228 228 
212 192 
228 236 
424 236 
236 216 
224 228 
232 232 
232 228 
236 236 
236 240 
232 228 
228 240 
660 232 
236 232 
232 232 
212 236 
228 236 
188 220 
236 188 
224 248 
188 232 
232 528 
248 236 
236 236 
196 236 
228 452 
224 208 
208 232 
192 208 
232 212 
232 200 
212 208 
196 236 
228 228 
232 232 
240 232 
236 240 
232 236 
208 236 
232 224 
208 240 
236 240 
216 240 
244 248 
228 228 
236 212 
236 232 
232 236 
232 228 
232 232 
228 236 
188 200 
196 220 
236 244 
236 240 
188 244 
364 236 
240 212 
216 236 
232 216 
208 192 
232 220 
184 240 
216 220 
216 240 
228 232 
228 240 
236 228 
240 236 
232 236 
232 236 
228 236 
212 232 
248 236 
232 236 
232 244 
236 240 
232 232 
228 232 
232 232 
232 228 
204 224 
228 232 
352 212 
236 208 
196 232 
244 464 
232 232 
192 236 
232 220 
232 208 
236 236 
232 228 
240 232 
192 232 
232 232 
232 232 
236 232 
436 236 
192 228 
228 232 
232 232 
228 196 
240 232 
236 232 
240 240 
244 240 
720 232 
236 240 
204 208 
244 196 
224 240 
200 240 
228 228 
