# ./FR-trace starting at Thu Mar 19 02:05:29 2020
################# CONFIG #################
# slot=5000
# samples=10000
# threshold=100
# idle=500
# minlen=500
# runs=10000
# pdathreads=2
# nmonitored=2
#   monitor0=../apps/openssl ecp_smpl.c:927 0x1e3e58
#   monitor1=../apps/openssl ecp_smpl.c:934 0x1e3af3
# nevicted=0
# npdatargets=2
#   target0=../apps/openssl bn_lib.c:514 0x102fb9
#   target1=../apps/openssl bn_lib.c:543 0x103025
# affinity=all
############## SYSTEM INFO ###############
# mastik_version=
# sysname=Linux
# nodename=lovelace
# release=5.3.7-arch1-1-ARCH
# version=#1 SMP PREEMPT Fri Oct 18 00:17:03 UTC 2019
# machine=x86_64
################## DATA ##################
# run=6068
# datapoints=1335
44 40 
216 232 
48 620 
44 44 
52 44 
44 40 
232 212 
240 224 
232 212 
228 232 
228 204 
236 692 
236 216 
244 228 
236 212 
232 208 
232 232 
228 232 
228 212 
236 212 
232 208 
232 232 
48 40 
48 44 
44 48 
44 44 
44 40 
232 216 
232 204 
236 236 
232 228 
48 40 
236 204 
228 220 
236 208 
232 232 
236 232 
52 48 
240 212 
236 212 
240 240 
228 228 
228 40 
232 248 
236 224 
236 208 
236 228 
228 40 
236 212 
236 220 
236 208 
228 232 
228 228 
216 40 
228 208 
236 236 
236 216 
228 228 
232 44 
232 208 
232 236 
236 208 
208 208 
232 40 
236 232 
236 208 
232 224 
232 232 
228 48 
232 240 
220 232 
240 216 
232 232 
228 44 
232 212 
228 208 
236 212 
228 204 
228 228 
408 44 
236 232 
232 212 
228 212 
228 228 
228 44 
236 44 
232 212 
236 236 
632 228 
232 232 
228 40 
240 212 
236 236 
240 212 
232 232 
228 40 
232 212 
232 468 
240 232 
232 236 
232 44 
244 208 
232 236 
240 240 
228 212 
236 232 
236 44 
240 212 
236 232 
236 212 
236 228 
232 44 
232 212 
236 228 
232 208 
232 228 
232 40 
240 208 
240 236 
236 216 
232 232 
232 40 
232 224 
236 212 
232 208 
236 212 
240 232 
236 44 
232 236 
232 228 
236 220 
228 228 
228 44 
232 236 
232 228 
232 208 
236 232 
236 44 
228 236 
236 236 
232 204 
228 232 
232 44 
240 216 
232 228 
232 240 
232 232 
232 228 
212 44 
240 216 
240 228 
236 228 
232 228 
232 44 
228 212 
232 228 
232 208 
208 208 
236 44 
236 224 
236 236 
232 208 
228 232 
232 40 
236 208 
220 212 
236 212 
232 228 
236 44 
236 212 
236 204 
232 208 
236 204 
228 232 
432 40 
228 236 
236 228 
236 228 
232 228 
228 44 
240 208 
240 212 
240 224 
660 228 
228 236 
232 44 
232 212 
228 212 
236 208 
232 228 
228 44 
228 240 
228 508 
232 232 
228 232 
232 44 
240 212 
236 236 
232 208 
232 232 
228 188 
228 44 
236 240 
236 204 
240 232 
228 228 
228 44 
240 208 
236 208 
232 208 
232 228 
232 40 
236 216 
240 240 
236 212 
236 236 
228 228 
232 40 
236 216 
236 212 
240 236 
228 228 
232 44 
236 212 
232 236 
236 240 
232 232 
228 44 
232 212 
236 236 
228 212 
232 232 
232 40 
232 204 
228 212 
236 236 
228 232 
232 40 
228 208 
236 228 
236 232 
240 260 
232 236 
212 40 
232 236 
236 228 
232 232 
236 228 
240 44 
236 204 
244 236 
232 212 
212 208 
232 40 
236 232 
236 232 
232 208 
232 232 
236 44 
236 236 
212 208 
232 228 
232 208 
232 236 
228 44 
236 212 
232 208 
232 212 
232 232 
448 48 
236 228 
236 232 
236 208 
232 228 
232 44 
236 212 
244 208 
224 208 
704 228 
228 40 
228 212 
232 212 
232 232 
240 204 
232 228 
232 44 
236 212 
240 568 
240 220 
232 232 
232 232 
232 40 
236 212 
232 208 
236 212 
232 232 
232 40 
236 212 
228 212 
236 228 
236 216 
232 228 
236 40 
244 204 
228 212 
236 208 
232 236 
232 232 
232 40 
240 216 
236 208 
232 208 
224 232 
236 48 
232 212 
240 248 
236 236 
232 220 
232 228 
236 44 
236 236 
356 232 
252 208 
232 232 
232 236 
232 44 
228 216 
228 208 
236 208 
232 228 
236 44 
236 208 
228 216 
232 232 
228 232 
232 48 
240 204 
236 208 
212 208 
228 228 
228 44 
240 216 
240 232 
236 208 
232 236 
232 40 
232 216 
212 212 
236 212 
232 228 
228 40 
232 212 
240 232 
232 208 
232 232 
228 44 
232 212 
236 212 
228 208 
228 232 
232 44 
232 224 
236 212 
236 208 
496 208 
236 224 
232 40 
232 208 
232 208 
240 224 
232 228 
232 40 
236 212 
692 236 
236 212 
232 228 
232 88 
236 44 
232 208 
236 212 
236 236 
228 232 
236 40 
236 216 
236 228 
240 236 
228 232 
232 44 
232 216 
232 212 
236 212 
232 232 
232 232 
232 44 
240 216 
232 212 
236 224 
236 236 
232 44 
232 208 
232 212 
232 224 
232 232 
232 232 
232 44 
240 208 
228 204 
228 232 
228 228 
240 48 
236 208 
236 208 
232 220 
232 228 
232 40 
236 240 
232 208 
236 236 
228 228 
228 40 
236 208 
228 212 
248 216 
228 228 
216 40 
236 216 
232 208 
228 208 
236 228 
232 40 
228 216 
240 208 
228 204 
208 228 
232 44 
232 204 
228 208 
236 240 
232 228 
228 40 
228 212 
232 204 
212 208 
228 228 
232 48 
232 212 
236 236 
232 208 
228 208 
232 240 
272 40 
232 212 
232 212 
228 224 
228 232 
232 44 
232 208 
240 244 
236 208 
508 232 
236 44 
232 236 
232 228 
232 208 
232 228 
232 44 
232 212 
236 208 
732 212 
232 232 
228 232 
232 40 
232 236 
232 208 
232 224 
232 228 
240 40 
236 556 
232 224 
236 232 
232 232 
232 44 
228 208 
236 232 
240 236 
232 232 
236 40 
236 216 
236 212 
236 212 
228 208 
232 232 
236 40 
240 236 
236 244 
228 228 
232 228 
236 40 
236 236 
228 212 
228 228 
232 228 
236 44 
236 216 
232 212 
228 208 
228 228 
236 44 
240 212 
232 212 
232 208 
232 232 
228 228 
240 44 
240 216 
236 208 
228 232 
236 44 
236 208 
208 208 
228 208 
236 236 
232 232 
228 40 
236 228 
240 224 
240 212 
236 208 
212 232 
232 44 
232 208 
236 212 
236 208 
228 228 
232 40 
236 216 
232 236 
212 204 
228 228 
232 44 
236 244 
228 236 
232 208 
236 232 
228 44 
284 236 
236 232 
236 212 
232 232 
236 40 
228 232 
232 212 
228 224 
232 232 
500 44 
236 212 
240 204 
232 216 
228 232 
236 232 
232 48 
228 204 
232 212 
736 204 
232 232 
236 40 
232 236 
228 228 
236 208 
236 232 
232 44 
228 208 
236 588 
240 240 
236 232 
232 232 
232 40 
236 212 
232 212 
236 216 
232 232 
232 40 
232 208 
236 204 
232 204 
228 228 
228 40 
236 208 
232 232 
232 216 
228 228 
232 228 
236 44 
240 212 
236 236 
236 224 
232 232 
232 40 
228 212 
236 220 
240 208 
240 228 
232 44 
232 216 
228 208 
244 224 
236 232 
232 92 
236 40 
244 212 
232 236 
228 212 
232 232 
232 44 
220 212 
240 236 
268 208 
232 228 
232 40 
236 208 
236 236 
236 236 
228 232 
208 44 
232 212 
232 208 
236 240 
236 212 
232 228 
232 44 
240 216 
232 228 
244 208 
236 232 
228 40 
236 216 
236 212 
228 216 
232 232 
232 120 
280 44 
236 232 
236 240 
236 236 
228 232 
236 40 
236 224 
232 212 
236 212 
512 224 
228 44 
236 236 
228 240 
228 212 
232 228 
232 44 
232 240 
232 212 
744 252 
232 228 
228 232 
236 40 
236 208 
240 236 
232 228 
232 228 
232 44 
232 616 
232 208 
232 236 
240 236 
232 44 
240 212 
232 212 
244 212 
232 228 
228 40 
240 216 
236 216 
236 212 
236 228 
232 40 
232 216 
228 212 
236 208 
232 228 
228 232 
232 44 
240 208 
228 212 
236 240 
228 232 
236 40 
252 216 
236 212 
236 208 
232 232 
232 40 
232 256 
236 228 
236 212 
232 232 
228 48 
236 212 
236 208 
236 216 
232 232 
232 44 
228 212 
212 212 
232 224 
228 228 
228 228 
228 44 
232 212 
236 208 
232 228 
232 232 
212 44 
228 212 
232 212 
228 216 
240 228 
228 44 
232 204 
228 212 
236 208 
212 212 
228 40 
236 216 
240 232 
236 212 
228 228 
232 232 
232 44 
328 208 
236 204 
232 208 
228 228 
240 44 
232 236 
228 208 
236 212 
232 228 
576 48 
236 212 
236 228 
232 232 
232 208 
232 228 
228 40 
236 236 
236 220 
236 404 
232 228 
232 40 
236 228 
236 216 
236 208 
236 228 
232 40 
232 212 
236 620 
232 208 
228 236 
232 44 
232 212 
232 228 
236 216 
232 228 
240 232 
236 44 
236 208 
232 252 
232 228 
232 228 
232 40 
240 212 
232 212 
232 208 
236 228 
236 44 
228 228 
240 212 
236 236 
228 228 
232 144 
232 48 
228 208 
236 208 
232 228 
232 228 
228 44 
236 212 
236 212 
232 208 
228 232 
236 44 
236 216 
236 240 
240 236 
232 232 
228 40 
236 236 
212 216 
224 220 
236 228 
228 44 
240 236 
236 212 
232 236 
236 208 
228 228 
208 40 
232 212 
232 208 
236 212 
232 232 
236 232 
236 44 
240 208 
240 236 
232 228 
228 236 
232 40 
244 208 
236 236 
236 208 
228 228 
232 44 
320 212 
236 212 
240 224 
236 232 
236 44 
236 196 
0 0 
0 0 
208 228 
192 192 
240 244 
244 216 
212 200 
240 232 
212 232 
224 208 
192 188 
192 192 
192 196 
188 196 
192 192 
232 232 
212 208 
208 204 
192 204 
196 208 
228 192 
232 196 
212 192 
212 212 
216 208 
236 192 
200 212 
192 208 
196 208 
216 208 
204 228 
212 204 
192 192 
232 228 
224 192 
232 232 
188 192 
208 188 
192 192 
212 216 
188 208 
232 212 
192 208 
228 228 
228 232 
208 208 
260 228 
192 240 
228 212 
260 236 
1088 332 
332 236 
236 264 
228 328 
232 232 
192 208 
228 232 
208 208 
232 208 
200 192 
208 212 
232 228 
636 232 
232 236 
196 232 
252 232 
208 220 
232 208 
204 212 
212 208 
220 192 
300 212 
208 232 
208 208 
228 208 
216 204 
196 232 
216 228 
228 216 
192 208 
196 208 
232 216 
212 212 
192 240 
212 204 
212 188 
216 192 
208 208 
232 232 
192 196 
192 212 
224 192 
212 200 
212 192 
232 228 
184 200 
196 208 
208 208 
232 452 
196 212 
212 204 
208 192 
196 204 
188 208 
188 196 
188 212 
196 192 
220 188 
216 208 
232 232 
220 192 
192 208 
196 212 
192 188 
232 232 
188 192 
192 212 
192 200 
236 228 
188 188 
200 232 
188 188 
220 192 
204 188 
196 200 
232 212 
200 192 
228 208 
188 200 
196 188 
232 196 
212 208 
216 188 
196 192 
232 232 
212 208 
208 208 
196 192 
208 216 
204 192 
208 208 
192 208 
216 188 
196 204 
744 192 
192 192 
232 188 
192 192 
228 188 
276 196 
196 192 
228 216 
188 232 
192 192 
236 232 
196 232 
208 192 
212 224 
212 236 
212 208 
232 228 
208 228 
300 232 
232 244 
240 228 
232 232 
228 232 
208 212 
196 192 
232 228 
192 192 
192 232 
224 192 
212 192 
188 196 
208 288 
196 284 
212 328 
228 496 
188 208 
232 228 
296 188 
208 228 
212 216 
212 228 
212 208 
232 208 
228 228 
208 208 
260 192 
212 188 
216 228 
324 212 
624 228 
208 228 
236 192 
208 212 
232 244 
216 272 
208 208 
192 200 
228 228 
192 192 
204 208 
216 188 
256 224 
316 328 
272 228 
232 228 
228 1124 
232 208 
212 712 
232 232 
272 188 
200 208 
192 232 
232 196 
216 240 
204 212 
232 232 
236 208 
188 212 
212 212 
232 208 
208 196 
208 212 
192 208 
232 204 
208 188 
212 224 
192 188 
212 212 
192 200 
208 232 
188 192 
204 208 
208 212 
208 232 
192 208 
236 236 
240 204 
192 212 
208 220 
252 188 
212 216 
220 232 
208 196 
216 192 
212 204 
192 200 
208 208 
208 228 
232 232 
216 208 
188 232 
232 220 
228 228 
192 212 
208 188 
188 232 
208 212 
692 208 
208 224 
212 216 
228 236 
204 212 
212 204 
192 208 
216 216 
208 192 
292 196 
232 232 
236 216 
212 208 
212 208 
208 208 
212 188 
188 224 
192 200 
408 236 
224 192 
192 196 
212 208 
196 192 
196 192 
208 228 
192 188 
208 232 
212 208 
200 200 
192 224 
188 232 
240 228 
208 188 
208 212 
212 208 
212 220 
208 192 
236 220 
208 208 
192 216 
228 232 
724 220 
212 208 
236 212 
192 208 
192 228 
216 212 
216 188 
192 188 
212 212 
208 212 
208 212 
192 212 
212 192 
212 212 
208 192 
212 208 
208 228 
192 208 
208 208 
208 196 
232 208 
192 232 
192 192 
232 220 
224 192 
212 216 
196 192 
224 188 
188 200 
212 208 
208 204 
224 208 
228 208 
208 212 
196 208 
228 224 
208 232 
204 208 
192 188 
216 236 
232 208 
216 204 
212 196 
192 228 
232 204 
232 232 
208 212 
228 192 
192 208 
216 208 
284 236 
192 300 
232 240 
192 192 
208 188 
200 192 
192 216 
236 232 
192 188 
208 208 
212 232 
216 212 
232 268 
204 212 
192 208 
208 208 
192 228 
192 212 
216 216 
208 224 
208 192 
188 192 
192 212 
236 204 
192 228 
212 208 
192 192 
192 196 
212 236 
208 220 
196 200 
200 192 
192 248 
192 228 
216 200 
208 228 
228 212 
192 208 
196 208 
192 208 
212 500 
212 196 
212 208 
232 204 
208 228 
236 228 
220 208 
196 224 
188 188 
228 188 
244 188 
196 192 
232 228 
192 188 
192 192 
192 188 
196 348 
668 212 
212 208 
196 236 
272 228 
236 188 
208 236 
236 216 
196 204 
212 192 
212 212 
192 228 
192 232 
192 228 
192 192 
188 256 
228 660 
192 188 
216 208 
228 188 
232 188 
196 200 
204 192 
188 196 
188 192 
196 236 
200 332 
232 232 
208 212 
232 216 
192 184 
232 188 
192 232 
196 228 
188 432 
216 328 
208 208 
208 192 
232 192 
204 192 
200 220 
192 188 
192 196 
552 232 
192 240 
188 232 
228 188 
228 192 
196 204 
192 188 
196 192 
320 200 
192 232 
192 208 
208 228 
192 188 
196 196 
232 196 
192 188 
192 208 
196 232 
188 228 
228 192 
192 188 
208 228 
232 232 
276 232 
308 400 
232 228 
236 228 
192 208 
192 196 
188 192 
236 212 
192 228 
208 188 
228 224 
192 192 
196 196 
200 196 
232 200 
228 1136 
232 228 
220 208 
232 208 
208 212 
212 208 
192 192 
236 228 
228 192 
192 192 
