# ./FR-trace starting at Thu Mar 19 00:18:53 2020
################# CONFIG #################
# slot=5000
# samples=10000
# threshold=100
# idle=500
# minlen=500
# runs=10000
# pdathreads=2
# nmonitored=2
#   monitor0=../apps/openssl ecp_smpl.c:927 0x1e3e58
#   monitor1=../apps/openssl ecp_smpl.c:934 0x1e3af3
# nevicted=0
# npdatargets=2
#   target0=../apps/openssl bn_lib.c:514 0x102fb9
#   target1=../apps/openssl bn_lib.c:543 0x103025
# affinity=all
############## SYSTEM INFO ###############
# mastik_version=
# sysname=Linux
# nodename=lovelace
# release=5.3.7-arch1-1-ARCH
# version=#1 SMP PREEMPT Fri Oct 18 00:17:03 UTC 2019
# machine=x86_64
################## DATA ##################
# run=119
# datapoints=1503
44 44 
216 240 
48 144 
44 44 
44 44 
232 232 
240 240 
236 236 
232 240 
228 232 
532 208 
228 224 
236 216 
236 256 
232 248 
232 244 
204 232 
228 236 
236 236 
240 396 
232 216 
40 228 
40 48 
228 232 
232 212 
228 216 
228 208 
228 232 
160 40 
232 204 
236 216 
236 236 
232 228 
228 232 
236 44 
232 220 
228 208 
228 212 
228 232 
232 40 
236 212 
232 232 
236 216 
228 236 
232 44 
232 216 
232 228 
232 212 
232 208 
232 232 
208 48 
228 216 
228 204 
228 212 
228 232 
204 40 
216 236 
212 212 
236 240 
232 228 
232 44 
236 212 
212 212 
212 216 
236 204 
208 44 
236 212 
212 212 
216 216 
208 212 
204 40 
232 220 
228 208 
228 212 
232 232 
228 44 
212 208 
204 240 
208 236 
232 208 
232 224 
228 52 
236 208 
228 208 
236 204 
228 232 
228 44 
208 216 
212 212 
208 252 
228 228 
228 72 
228 48 
228 216 
228 212 
236 240 
304 236 
232 40 
232 208 
232 212 
228 208 
232 232 
228 44 
232 208 
232 212 
556 212 
228 232 
228 228 
228 48 
236 212 
236 212 
228 212 
232 228 
228 40 
236 380 
240 212 
232 208 
228 228 
228 48 
232 208 
232 216 
256 212 
228 228 
228 48 
236 220 
232 232 
236 212 
228 232 
232 44 
236 224 
232 236 
232 216 
228 232 
228 44 
232 236 
232 208 
236 236 
232 232 
228 40 
236 212 
228 236 
232 208 
228 232 
228 48 
228 232 
236 208 
232 224 
232 232 
228 228 
228 40 
236 1120 
232 212 
236 208 
232 232 
232 80 
232 216 
236 216 
232 208 
232 232 
236 44 
232 212 
232 212 
228 228 
228 228 
232 44 
216 236 
232 212 
232 236 
228 232 
232 48 
232 212 
232 212 
232 228 
232 232 
208 48 
232 208 
236 256 
240 212 
232 240 
228 48 
236 212 
228 212 
236 240 
236 208 
228 44 
232 212 
228 212 
232 224 
232 232 
228 44 
236 212 
316 212 
232 216 
228 232 
228 44 
232 208 
232 232 
228 208 
232 216 
228 232 
564 48 
260 232 
236 216 
232 188 
296 232 
232 48 
224 192 
228 192 
188 232 
188 716 
196 44 
192 216 
196 208 
228 212 
224 232 
236 44 
236 212 
928 236 
188 224 
188 228 
192 48 
216 192 
232 200 
232 204 
228 188 
232 40 
220 212 
232 208 
220 232 
220 232 
236 48 
236 200 
192 192 
188 192 
232 228 
212 44 
232 216 
236 228 
232 216 
236 232 
228 40 
232 228 
236 212 
228 208 
232 232 
228 44 
232 208 
236 244 
236 236 
228 228 
228 72 
228 44 
244 204 
228 216 
228 212 
228 232 
228 44 
232 236 
236 236 
232 220 
208 236 
228 180 
232 40 
236 208 
232 212 
232 236 
228 148 
228 44 
232 216 
212 236 
232 236 
228 232 
232 48 
236 208 
232 248 
236 212 
232 228 
228 40 
236 212 
236 236 
236 208 
232 232 
232 44 
232 224 
236 216 
236 212 
336 232 
232 212 
232 48 
232 216 
248 232 
228 228 
228 232 
228 48 
236 236 
568 212 
228 236 
232 236 
236 52 
228 228 
232 212 
1152 212 
228 232 
228 48 
232 428 
236 240 
232 236 
228 232 
232 44 
232 208 
232 240 
232 220 
232 232 
228 40 
236 216 
236 216 
228 216 
232 232 
224 48 
228 208 
228 232 
228 212 
228 232 
228 48 
228 232 
228 208 
236 232 
228 232 
224 44 
232 216 
232 232 
228 236 
232 236 
232 44 
236 220 
228 216 
236 236 
228 232 
232 48 
236 216 
236 240 
232 236 
232 232 
224 44 
232 216 
232 212 
232 208 
228 232 
232 44 
236 216 
228 236 
232 208 
228 228 
228 40 
216 212 
232 212 
232 212 
232 280 
232 40 
236 244 
236 228 
232 244 
228 232 
236 44 
208 220 
328 240 
232 284 
232 252 
324 44 
192 188 
232 208 
236 200 
188 232 
192 48 
236 216 
228 208 
232 220 
228 232 
228 52 
232 216 
236 212 
360 624 
228 208 
188 48 
216 204 
1016 228 
236 212 
228 228 
228 44 
232 216 
608 232 
236 240 
228 208 
228 232 
232 44 
236 208 
232 208 
228 212 
228 228 
228 44 
232 212 
232 220 
236 244 
232 232 
228 44 
236 244 
232 212 
232 228 
228 720 
232 232 
236 44 
236 208 
228 212 
228 236 
232 236 
228 44 
236 204 
232 212 
232 236 
976 228 
224 44 
240 224 
232 220 
236 212 
228 236 
228 40 
236 220 
240 240 
236 240 
228 228 
228 48 
236 216 
240 236 
232 212 
232 232 
228 48 
228 212 
236 232 
240 236 
232 232 
236 40 
232 212 
228 216 
236 240 
232 228 
228 40 
236 220 
232 208 
232 224 
228 236 
208 44 
232 228 
312 240 
232 208 
228 232 
232 48 
232 216 
236 232 
232 236 
208 208 
228 44 
236 248 
232 224 
232 208 
228 232 
228 232 
236 44 
232 216 
260 216 
228 232 
228 232 
240 44 
232 240 
236 220 
228 216 
232 228 
384 48 
228 216 
236 216 
228 232 
228 140 
236 44 
232 208 
232 212 
232 212 
604 48 
232 48 
232 208 
236 244 
232 208 
232 232 
236 40 
232 236 
232 220 
236 472 
228 232 
232 48 
236 208 
248 216 
244 232 
228 228 
232 44 
236 220 
1008 208 
228 212 
228 228 
228 48 
208 212 
228 208 
232 216 
228 232 
228 44 
212 208 
212 208 
208 208 
204 212 
208 208 
228 44 
216 216 
212 228 
216 224 
228 228 
236 40 
232 212 
236 244 
232 208 
208 232 
208 44 
212 216 
236 208 
236 216 
228 212 
228 44 
232 208 
216 212 
284 240 
228 772 
228 44 
216 208 
212 216 
232 236 
228 228 
228 44 
232 228 
232 208 
204 212 
228 232 
228 44 
232 212 
232 212 
228 228 
228 228 
232 44 
232 224 
212 208 
232 208 
232 228 
228 44 
236 216 
228 236 
232 232 
228 236 
228 48 
232 216 
228 208 
232 208 
228 232 
232 48 
252 236 
232 208 
228 212 
416 228 
228 40 
236 212 
236 216 
236 240 
228 232 
228 248 
236 40 
232 244 
640 212 
232 232 
228 232 
228 48 
228 212 
236 240 
236 232 
228 232 
228 44 
232 480 
232 236 
236 248 
228 232 
228 44 
240 216 
228 232 
236 220 
228 240 
232 48 
224 220 
236 212 
232 212 
228 232 
228 44 
228 204 
236 216 
248 216 
224 228 
228 44 
236 236 
236 220 
232 236 
232 228 
232 44 
236 216 
232 212 
236 208 
232 232 
228 48 
232 212 
560 240 
228 228 
228 232 
228 48 
232 212 
236 244 
236 216 
232 228 
224 44 
240 212 
232 212 
232 220 
232 232 
236 48 
236 212 
236 212 
232 216 
224 232 
232 40 
232 216 
208 220 
228 224 
232 236 
224 44 
232 216 
228 212 
232 212 
232 232 
228 44 
212 212 
232 208 
228 232 
232 236 
204 228 
616 52 
232 228 
208 224 
220 232 
228 208 
232 44 
232 212 
236 212 
228 208 
228 208 
208 236 
228 44 
412 216 
232 208 
232 212 
232 212 
232 44 
236 212 
228 208 
212 216 
228 212 
648 44 
236 224 
228 224 
224 248 
224 232 
228 48 
228 216 
236 240 
240 236 
228 496 
232 44 
232 236 
232 236 
256 212 
228 232 
228 232 
236 44 
232 232 
236 708 
224 232 
228 236 
232 44 
228 220 
236 212 
232 236 
228 236 
232 44 
232 212 
236 236 
544 208 
232 232 
232 44 
236 224 
236 240 
236 216 
228 232 
228 44 
236 212 
236 220 
232 212 
232 232 
228 44 
232 212 
232 208 
232 208 
232 212 
228 232 
228 40 
232 224 
236 232 
236 252 
228 232 
232 48 
236 216 
236 236 
236 240 
228 236 
228 44 
232 240 
236 240 
216 236 
228 232 
236 44 
504 240 
228 212 
232 232 
228 232 
228 44 
228 216 
212 204 
236 212 
228 228 
228 44 
236 212 
232 212 
236 236 
228 232 
204 44 
236 236 
228 236 
236 240 
232 208 
228 228 
232 44 
228 228 
236 228 
452 232 
232 212 
240 52 
236 212 
232 236 
228 232 
232 228 
228 48 
228 212 
680 228 
228 236 
228 236 
232 44 
232 212 
232 216 
236 212 
228 232 
232 44 
232 552 
236 236 
228 208 
232 232 
232 48 
236 232 
236 216 
232 232 
232 232 
232 44 
232 212 
236 232 
228 228 
228 236 
228 48 
228 208 
232 208 
232 212 
228 232 
228 48 
236 236 
236 216 
236 236 
232 232 
228 40 
236 212 
232 216 
236 228 
228 236 
208 44 
196 208 
236 216 
220 200 
216 192 
232 48 
236 216 
224 212 
232 212 
232 236 
208 44 
232 216 
188 204 
508 196 
228 232 
232 44 
236 196 
228 192 
240 200 
228 188 
212 48 
592 216 
212 212 
188 208 
228 192 
232 44 
232 196 
228 188 
268 212 
188 196 
188 44 
220 216 
236 232 
236 240 
232 232 
228 48 
236 216 
228 208 
236 236 
232 232 
228 44 
236 208 
236 240 
236 216 
236 228 
228 48 
232 216 
260 208 
464 252 
232 232 
232 228 
228 48 
228 216 
224 212 
228 232 
232 236 
236 48 
704 232 
228 208 
228 208 
232 228 
236 44 
232 236 
232 228 
232 232 
232 232 
232 48 
228 212 
268 212 
232 232 
228 228 
236 44 
232 240 
236 212 
228 204 
232 232 
232 48 
232 244 
232 208 
232 236 
232 232 
236 44 
236 212 
240 212 
228 232 
236 228 
236 48 
232 208 
236 212 
228 236 
232 228 
228 48 
236 216 
236 212 
236 216 
228 228 
232 44 
232 216 
228 216 
236 220 
232 232 
228 48 
236 228 
232 212 
236 236 
232 228 
232 48 
236 216 
220 240 
232 256 
224 232 
228 52 
236 216 
228 216 
228 216 
232 228 
228 224 
204 40 
232 224 
236 212 
228 228 
232 232 
228 48 
228 224 
232 240 
240 232 
204 208 
228 44 
236 204 
228 208 
232 232 
192 232 
232 44 
232 232 
264 236 
236 240 
228 232 
232 48 
236 216 
232 252 
232 212 
232 232 
232 48 
496 248 
232 232 
232 208 
228 232 
232 232 
232 44 
228 220 
196 200 
236 196 
232 340 
232 48 
228 212 
228 212 
232 212 
232 232 
228 48 
192 212 
192 208 
220 600 
232 196 
228 44 
236 200 
236 192 
236 216 
232 232 
228 40 
232 220 
220 200 
236 200 
228 192 
228 192 
232 48 
216 212 
192 192 
188 188 
192 192 
228 44 
232 212 
236 1116 
236 216 
228 228 
228 40 
232 240 
228 216 
236 212 
232 232 
232 40 
236 208 
232 232 
232 208 
228 228 
232 48 
232 216 
236 240 
232 236 
228 232 
232 216 
192 232 
188 256 
232 212 
216 220 
188 232 
188 224 
196 232 
232 232 
224 236 
228 252 
228 212 
232 232 
208 228 
232 232 
236 208 
236 1008 
236 208 
232 236 
232 232 
228 208 
228 236 
204 212 
228 232 
228 236 
228 232 
232 232 
228 228 
228 236 
228 236 
256 232 
228 208 
228 232 
232 232 
228 232 
228 208 
232 232 
236 212 
236 232 
228 232 
232 232 
232 216 
232 212 
236 236 
228 240 
228 228 
212 232 
192 232 
736 232 
232 228 
232 360 
228 228 
228 236 
228 232 
232 228 
228 232 
228 228 
232 628 
228 228 
228 224 
228 212 
236 216 
232 236 
228 240 
236 232 
228 232 
232 992 
232 232 
232 232 
228 232 
232 228 
220 232 
228 232 
212 232 
228 232 
252 192 
196 236 
228 228 
188 232 
232 228 
228 196 
232 212 
228 232 
228 188 
228 228 
192 216 
232 236 
232 228 
228 236 
232 232 
228 244 
228 232 
228 232 
228 236 
228 232 
232 236 
228 208 
192 224 
228 256 
208 212 
228 1112 
232 228 
228 208 
212 236 
204 204 
212 232 
204 232 
208 232 
188 232 
212 232 
204 236 
208 236 
228 272 
232 212 
212 216 
228 212 
228 232 
208 212 
208 232 
184 212 
232 212 
188 212 
232 212 
228 212 
228 224 
312 192 
204 208 
208 232 
208 232 
228 212 
228 212 
232 228 
228 236 
880 228 
524 232 
232 228 
228 228 
232 232 
232 232 
232 232 
228 240 
228 232 
232 228 
228 400 
228 232 
232 228 
228 232 
232 232 
228 232 
232 232 
232 232 
232 236 
236 604 
228 232 
232 232 
224 232 
228 232 
228 232 
232 232 
228 232 
232 232 
228 228 
228 232 
312 232 
232 232 
228 228 
228 232 
228 208 
228 232 
228 232 
232 228 
228 232 
228 232 
272 212 
236 196 
196 236 
216 216 
228 232 
208 264 
224 232 
228 208 
240 228 
232 188 
208 232 
192 236 
228 232 
192 232 
228 232 
196 232 
228 232 
228 228 
232 228 
228 232 
208 228 
368 232 
228 232 
216 212 
204 232 
208 228 
188 232 
228 232 
232 200 
228 232 
228 212 
228 220 
192 236 
208 208 
228 236 
208 232 
228 212 
228 188 
312 208 
192 208 
216 192 
244 192 
192 232 
228 236 
1096 228 
232 232 
232 216 
292 232 
200 212 
228 232 
188 212 
228 208 
232 192 
232 228 
228 228 
192 192 
228 580 
228 228 
228 232 
228 192 
188 208 
212 232 
208 228 
208 212 
188 232 
228 432 
228 208 
228 236 
228 232 
188 228 
188 232 
216 232 
208 232 
224 232 
228 644 
228 232 
212 228 
228 236 
220 224 
236 208 
212 216 
204 208 
204 208 
232 196 
232 200 
228 232 
228 232 
224 232 
196 220 
228 212 
208 192 
192 232 
228 232 
224 208 
228 208 
228 220 
236 212 
228 192 
232 248 
220 228 
228 228 
228 220 
228 216 
228 232 
208 220 
216 208 
324 232 
204 208 
204 208 
204 208 
208 192 
228 228 
228 236 
228 232 
228 232 
232 228 
192 232 
228 192 
228 236 
196 232 
236 228 
232 236 
228 236 
228 212 
228 232 
232 272 
224 232 
232 232 
920 232 
232 216 
196 196 
232 232 
212 232 
232 224 
228 192 
1004 228 
232 240 
232 192 
228 212 
188 236 
192 232 
228 228 
320 228 
232 236 
232 232 
212 240 
188 232 
212 228 
208 232 
188 232 
228 228 
536 228 
228 232 
228 232 
228 232 
228 228 
228 232 
232 320 
264 228 
228 232 
232 564 
232 232 
836 208 
228 216 
232 232 
228 232 
232 232 
228 232 
236 228 
232 192 
232 212 
236 228 
232 228 
232 232 
188 200 
232 220 
188 232 
228 232 
228 228 
228 232 
232 232 
224 236 
228 232 
228 236 
280 216 
228 232 
228 232 
228 232 
232 228 
228 228 
228 232 
228 240 
228 296 
232 232 
204 228 
204 208 
188 232 
224 228 
228 236 
232 232 
228 228 
228 232 
232 236 
228 228 
228 232 
228 232 
232 228 
224 192 
228 228 
228 232 
228 232 
204 232 
232 232 
228 192 
232 232 
228 228 
192 196 
228 228 
232 228 
228 232 
204 216 
232 188 
232 232 
232 232 
228 216 
228 192 
212 232 
232 212 
228 188 
228 208 
184 232 
188 192 
192 232 
228 232 
232 192 
196 188 
188 184 
200 196 
228 192 
232 196 
232 188 
224 232 
184 312 
188 232 
188 236 
188 192 
760 232 
228 208 
232 224 
228 232 
188 228 
184 232 
188 228 
196 228 
192 232 
188 216 
184 232 
196 224 
228 192 
228 236 
200 188 
228 228 
188 236 
204 228 
192 192 
224 192 
228 192 
232 232 
228 232 
228 236 
228 232 
228 228 
232 232 
228 236 
232 232 
240 228 
228 232 
232 236 
228 228 
564 232 
228 228 
228 228 
232 232 
232 232 
228 204 
204 232 
252 280 
232 232 
184 192 
208 236 
228 232 
228 228 
232 232 
224 236 
192 200 
232 232 
232 192 
208 228 
228 232 
228 228 
232 196 
228 232 
228 228 
228 228 
228 232 
232 212 
208 232 
228 232 
228 232 
232 228 
228 232 
232 228 
232 232 
228 220 
228 500 
212 192 
228 228 
232 228 
228 236 
188 236 
228 232 
228 232 
228 236 
