# ./FR-trace starting at Thu Mar 19 00:36:37 2020
################# CONFIG #################
# slot=5000
# samples=10000
# threshold=100
# idle=500
# minlen=500
# runs=10000
# pdathreads=2
# nmonitored=2
#   monitor0=../apps/openssl ecp_smpl.c:927 0x1e3e58
#   monitor1=../apps/openssl ecp_smpl.c:934 0x1e3af3
# nevicted=0
# npdatargets=2
#   target0=../apps/openssl bn_lib.c:514 0x102fb9
#   target1=../apps/openssl bn_lib.c:543 0x103025
# affinity=all
############## SYSTEM INFO ###############
# mastik_version=
# sysname=Linux
# nodename=lovelace
# release=5.3.7-arch1-1-ARCH
# version=#1 SMP PREEMPT Fri Oct 18 00:17:03 UTC 2019
# machine=x86_64
################## DATA ##################
# run=1124
# datapoints=1588
44 44 
204 208 
48 208 
44 228 
40 48 
44 44 
192 200 
204 232 
196 192 
188 204 
192 148 
192 200 
192 192 
608 224 
272 240 
192 220 
192 192 
192 192 
196 208 
200 196 
204 192 
192 220 
196 192 
240 704 
192 200 
232 192 
208 192 
52 48 
188 232 
188 188 
196 196 
192 216 
200 192 
680 48 
44 48 
212 240 
196 216 
412 244 
188 196 
188 208 
188 52 
296 200 
192 216 
196 200 
208 212 
208 40 
192 252 
188 224 
196 192 
224 196 
208 216 
224 48 
188 200 
220 196 
188 192 
188 192 
188 48 
196 196 
228 216 
264 240 
228 236 
200 44 
212 192 
212 212 
212 216 
228 208 
252 48 
208 240 
236 236 
272 260 
208 192 
192 48 
228 236 
328 312 
228 236 
212 188 
188 220 
192 44 
224 196 
236 196 
404 196 
188 192 
188 48 
188 192 
200 192 
196 196 
224 212 
208 256 
204 44 
212 480 
640 224 
220 192 
200 192 
188 48 
200 204 
192 192 
188 1352 
208 192 
192 192 
700 44 
296 208 
284 260 
296 204 
188 344 
232 40 
292 292 
200 196 
196 344 
288 216 
200 200 
196 48 
220 632 
192 228 
200 196 
208 240 
208 44 
216 204 
212 192 
232 196 
204 216 
208 44 
192 188 
192 192 
192 208 
468 192 
208 44 
220 216 
192 216 
204 284 
208 212 
216 40 
212 204 
200 192 
188 208 
212 208 
228 220 
192 44 
192 252 
196 212 
192 196 
228 244 
192 44 
192 288 
296 232 
388 328 
196 196 
196 44 
192 204 
196 192 
208 188 
196 212 
192 48 
236 260 
648 220 
188 292 
204 192 
204 188 
200 56 
196 192 
220 212 
196 228 
188 208 
188 44 
192 196 
344 228 
240 220 
272 192 
272 196 
192 44 
196 192 
208 196 
192 192 
208 220 
208 44 
196 212 
196 212 
192 192 
192 192 
192 44 
192 224 
216 228 
196 196 
200 200 
200 200 
192 48 
208 192 
196 208 
188 196 
208 196 
192 44 
196 192 
624 196 
192 212 
200 484 
196 44 
212 208 
232 204 
236 204 
192 188 
240 44 
196 332 
204 216 
236 192 
268 196 
208 48 
216 208 
184 192 
192 200 
492 220 
208 48 
208 216 
208 232 
252 236 
228 216 
200 44 
196 200 
192 208 
204 200 
192 192 
212 48 
196 196 
212 228 
216 224 
220 220 
220 208 
208 44 
216 216 
208 212 
188 240 
192 228 
208 48 
228 196 
192 196 
192 204 
328 240 
236 44 
232 196 
264 296 
212 224 
200 208 
192 228 
188 44 
196 196 
200 212 
188 192 
208 192 
208 656 
196 44 
292 320 
260 232 
316 256 
228 192 
208 44 
260 196 
216 212 
212 216 
212 212 
616 52 
196 196 
220 212 
200 196 
208 188 
536 44 
200 208 
196 216 
228 208 
208 496 
252 44 
196 220 
212 188 
224 208 
208 224 
204 44 
224 44 
200 200 
232 204 
224 224 
208 192 
200 44 
232 236 
196 200 
196 256 
192 192 
196 44 
208 200 
196 200 
216 212 
232 196 
208 232 
288 44 
236 288 
216 196 
212 232 
256 236 
248 44 
200 192 
252 320 
196 188 
192 196 
212 48 
192 48 
196 256 
216 324 
232 200 
212 224 
212 52 
192 212 
196 192 
204 208 
232 192 
200 40 
268 44 
236 188 
192 196 
224 196 
212 192 
220 48 
208 248 
208 204 
192 216 
192 212 
192 44 
196 232 
188 192 
192 200 
188 192 
192 192 
188 44 
196 192 
244 236 
228 240 
1008 44 
192 44 
196 252 
208 204 
212 192 
192 212 
204 48 
236 208 
216 232 
192 192 
192 208 
228 44 
232 588 
228 232 
228 228 
228 228 
228 44 
232 212 
236 224 
208 228 
228 228 
652 48 
216 204 
228 196 
228 228 
208 212 
40 44 
232 196 
192 232 
228 200 
260 44 
104 208 
192 192 
236 40 
928 216 
228 228 
208 212 
232 48 
232 252 
208 216 
40 208 
232 44 
236 216 
236 224 
228 208 
228 232 
228 232 
236 52 
236 236 
236 212 
228 232 
232 832 
236 48 
232 216 
232 208 
236 212 
228 232 
228 40 
228 208 
236 232 
232 236 
232 232 
232 40 
228 244 
236 236 
232 204 
228 232 
48 48 
236 212 
232 236 
236 212 
228 232 
232 232 
228 48 
232 216 
232 240 
236 220 
228 228 
228 48 
228 240 
236 232 
208 228 
228 232 
228 48 
236 212 
232 240 
232 208 
228 232 
228 44 
232 236 
212 232 
236 244 
228 232 
232 44 
236 208 
228 216 
236 240 
228 232 
212 232 
44 44 
228 208 
228 204 
236 236 
228 232 
232 48 
236 232 
232 212 
420 216 
228 208 
232 44 
236 212 
232 232 
232 220 
228 236 
232 44 
228 240 
640 212 
236 236 
940 216 
228 44 
228 240 
232 216 
236 236 
228 232 
228 40 
232 496 
232 236 
232 212 
220 232 
44 44 
232 216 
236 232 
228 212 
232 232 
232 44 
236 208 
220 224 
212 216 
288 228 
228 44 
232 208 
228 208 
236 216 
228 208 
228 48 
236 212 
208 212 
232 212 
228 232 
228 232 
232 44 
232 212 
220 248 
236 212 
232 232 
228 44 
236 236 
232 208 
236 240 
228 236 
48 48 
232 212 
236 212 
236 240 
232 232 
232 44 
236 208 
236 216 
228 212 
232 212 
228 232 
232 44 
236 208 
236 252 
228 212 
228 228 
208 44 
228 196 
192 216 
208 228 
228 228 
228 228 
232 188 
228 232 
184 232 
204 228 
188 232 
224 204 
208 220 
228 208 
208 208 
236 196 
184 192 
228 228 
228 212 
232 228 
232 216 
236 212 
212 228 
228 232 
236 44 
236 212 
1380 240 
228 212 
232 236 
232 48 
232 208 
236 240 
232 212 
232 232 
228 40 
664 208 
228 208 
236 232 
228 228 
228 48 
228 228 
228 208 
232 228 
232 228 
228 44 
232 216 
240 232 
228 216 
228 232 
232 44 
236 212 
232 208 
240 212 
228 228 
228 48 
232 212 
236 244 
236 212 
228 232 
228 44 
236 216 
236 232 
232 216 
228 232 
228 232 
236 44 
236 240 
232 232 
232 232 
224 232 
228 40 
232 212 
232 232 
232 236 
236 232 
232 40 
236 236 
232 240 
240 236 
232 232 
228 44 
240 216 
232 232 
236 212 
232 236 
232 236 
228 44 
236 204 
228 240 
228 208 
228 232 
228 44 
228 256 
720 208 
232 208 
208 236 
212 44 
236 232 
236 220 
236 212 
228 212 
228 212 
236 52 
232 208 
232 208 
232 212 
208 228 
232 44 
212 212 
212 224 
1176 232 
208 44 
236 208 
212 204 
216 212 
228 208 
228 208 
232 44 
204 216 
236 212 
232 212 
476 232 
228 48 
212 252 
232 212 
232 212 
228 208 
228 44 
236 212 
232 208 
716 212 
232 228 
232 40 
232 208 
228 252 
236 212 
232 212 
232 232 
228 40 
228 560 
240 220 
232 216 
228 232 
836 40 
236 216 
236 212 
236 236 
232 232 
228 48 
236 216 
240 232 
232 212 
228 232 
228 48 
232 224 
236 236 
236 216 
228 232 
232 228 
232 44 
228 208 
236 236 
236 212 
228 232 
228 44 
232 212 
232 232 
240 208 
228 228 
228 44 
232 236 
232 232 
236 240 
228 228 
228 44 
228 224 
240 232 
688 212 
228 228 
228 40 
236 204 
232 212 
236 236 
232 208 
228 232 
232 44 
236 208 
236 212 
232 212 
228 228 
204 48 
232 212 
232 224 
232 212 
232 232 
232 44 
228 216 
232 236 
232 208 
208 228 
228 236 
236 44 
232 208 
228 212 
232 232 
228 232 
228 48 
252 208 
236 212 
232 208 
228 236 
232 44 
236 212 
232 232 
232 216 
232 228 
472 40 
232 236 
232 212 
236 240 
232 232 
228 44 
232 244 
232 236 
232 208 
712 236 
228 48 
232 216 
232 224 
236 208 
228 228 
232 48 
232 212 
236 212 
232 568 
232 212 
228 228 
228 48 
232 228 
236 212 
236 208 
228 232 
232 44 
232 236 
236 240 
212 212 
232 236 
232 40 
232 264 
212 236 
232 212 
232 228 
228 228 
228 48 
228 212 
212 224 
236 236 
228 208 
208 44 
228 208 
232 196 
552 188 
228 192 
232 48 
196 240 
196 196 
188 196 
188 192 
188 188 
188 48 
196 192 
196 192 
228 232 
232 232 
228 44 
232 212 
228 216 
232 212 
232 232 
232 52 
236 212 
232 208 
236 212 
228 232 
228 44 
208 236 
236 212 
232 216 
228 228 
232 44 
228 208 
236 240 
228 208 
228 236 
204 72 
236 48 
232 216 
228 216 
236 232 
232 228 
232 40 
232 212 
244 240 
232 204 
228 232 
228 48 
236 212 
236 208 
236 240 
232 232 
232 44 
516 212 
232 228 
232 248 
228 232 
224 44 
240 208 
232 240 
228 216 
228 232 
736 228 
228 48 
232 212 
232 208 
228 212 
228 228 
228 48 
232 212 
228 204 
228 616 
228 232 
232 44 
232 232 
236 232 
228 228 
232 228 
228 44 
236 212 
236 212 
232 208 
228 232 
232 44 
232 236 
228 216 
228 216 
508 236 
228 44 
232 208 
228 240 
228 212 
228 228 
228 44 
228 240 
228 232 
236 216 
232 236 
228 232 
232 44 
232 208 
232 228 
236 216 
232 228 
228 40 
228 212 
228 228 
232 216 
228 228 
232 44 
224 208 
232 212 
232 212 
208 232 
232 44 
240 208 
236 216 
232 240 
232 208 
228 232 
228 44 
236 216 
208 208 
232 212 
228 236 
232 48 
240 232 
232 208 
228 208 
228 232 
228 44 
216 252 
232 236 
232 212 
184 232 
192 40 
228 192 
236 192 
228 192 
492 688 
232 192 
228 44 
236 188 
228 196 
196 220 
228 232 
232 44 
232 204 
232 192 
252 192 
228 192 
228 192 
232 48 
196 220 
292 216 
200 236 
208 204 
200 228 
184 44 
200 208 
188 208 
232 232 
228 228 
228 44 
228 192 
232 196 
228 192 
228 192 
228 44 
236 216 
228 208 
672 208 
232 232 
228 44 
236 212 
240 244 
236 212 
232 216 
232 232 
232 44 
232 216 
236 216 
228 232 
228 232 
232 40 
232 244 
236 232 
232 212 
228 236 
232 48 
232 248 
232 228 
232 240 
228 232 
228 40 
236 208 
232 212 
236 240 
228 232 
228 236 
236 44 
228 216 
228 212 
228 232 
232 308 
236 48 
232 236 
232 236 
208 208 
224 232 
228 44 
236 216 
228 212 
236 232 
228 232 
232 48 
236 212 
212 232 
232 212 
228 232 
228 44 
232 236 
228 212 
232 212 
232 232 
232 48 
216 236 
232 216 
228 216 
224 236 
228 232 
228 44 
232 212 
236 236 
324 208 
228 208 
232 44 
228 236 
216 212 
236 212 
232 232 
228 44 
240 208 
528 240 
232 212 
232 212 
232 236 
236 48 
228 212 
236 216 
232 220 
228 232 
232 48 
236 208 
232 1024 
236 240 
232 228 
228 44 
232 212 
232 208 
240 236 
228 656 
228 40 
236 204 
236 232 
232 236 
236 220 
228 232 
228 40 
236 240 
224 224 
236 212 
228 232 
224 44 
228 232 
228 224 
228 212 
228 232 
228 44 
228 236 
236 236 
232 216 
232 228 
228 228 
212 228 
208 212 
232 212 
208 364 
208 1164 
232 736 
264 196 
228 236 
232 208 
232 196 
236 212 
228 212 
228 212 
228 228 
228 208 
236 208 
192 196 
232 212 
632 236 
212 192 
236 192 
232 216 
228 204 
228 208 
236 216 
228 228 
228 208 
232 212 
228 208 
224 212 
228 212 
232 204 
228 208 
228 232 
264 232 
236 208 
228 208 
232 220 
212 48 
228 232 
228 228 
236 212 
232 212 
232 212 
228 256 
216 228 
260 232 
228 228 
232 212 
232 232 
228 232 
228 228 
228 232 
228 232 
572 232 
228 228 
232 232 
228 228 
228 232 
228 232 
240 216 
232 236 
236 212 
228 224 
228 232 
228 208 
228 232 
232 220 
232 216 
204 240 
188 212 
232 232 
240 636 
228 208 
236 244 
232 232 
228 232 
232 236 
232 232 
232 236 
316 232 
232 196 
212 224 
228 232 
232 232 
232 232 
228 236 
232 232 
228 960 
228 232 
228 228 
228 232 
232 232 
228 236 
228 228 
228 228 
232 228 
228 236 
228 204 
208 212 
232 232 
228 232 
232 236 
228 232 
228 208 
228 208 
228 228 
232 228 
232 228 
228 232 
228 232 
232 236 
232 232 
228 232 
212 232 
228 208 
228 232 
232 228 
228 236 
228 232 
228 228 
188 196 
476 228 
204 232 
208 232 
228 232 
232 212 
192 212 
228 232 
204 236 
232 236 
228 212 
228 232 
228 236 
224 228 
192 232 
208 232 
228 232 
232 192 
228 228 
320 232 
232 212 
192 232 
228 236 
228 236 
232 196 
232 188 
252 208 
228 240 
624 232 
228 236 
228 232 
228 232 
232 228 
228 232 
208 232 
228 232 
208 212 
208 468 
208 208 
212 208 
204 212 
208 208 
208 212 
228 232 
204 236 
204 236 
204 708 
208 232 
204 232 
212 232 
208 232 
256 1296 
196 212 
208 232 
232 228 
228 232 
208 240 
232 232 
228 228 
192 208 
188 196 
228 208 
208 212 
208 208 
208 188 
208 212 
204 208 
228 232 
236 232 
484 228 
228 208 
232 236 
232 232 
228 232 
248 236 
228 216 
228 192 
188 228 
232 232 
204 228 
260 232 
192 220 
232 232 
228 228 
804 228 
192 228 
228 232 
232 232 
208 212 
216 196 
232 228 
232 232 
204 260 
192 212 
192 220 
204 232 
228 460 
208 228 
216 232 
228 224 
232 200 
188 220 
192 236 
192 240 
192 196 
280 228 
212 208 
220 208 
244 192 
228 212 
320 240 
208 228 
228 192 
196 208 
188 228 
188 256 
192 352 
208 192 
892 232 
208 228 
208 232 
228 192 
228 232 
608 228 
232 232 
228 232 
208 208 
232 236 
216 232 
192 228 
228 232 
232 232 
228 480 
228 232 
228 232 
228 984 
208 192 
232 232 
220 192 
188 212 
228 212 
228 192 
232 188 
228 192 
228 192 
228 236 
228 232 
188 192 
232 208 
236 228 
232 232 
232 232 
224 232 
232 232 
208 244 
488 232 
208 240 
228 212 
204 208 
228 228 
236 200 
216 232 
208 252 
228 232 
228 240 
232 232 
192 224 
192 232 
228 232 
232 232 
228 228 
228 236 
204 192 
228 236 
212 188 
232 232 
228 236 
232 232 
228 236 
212 236 
208 236 
232 232 
228 212 
208 208 
208 232 
208 232 
192 232 
208 232 
192 236 
208 228 
196 216 
228 224 
232 192 
192 192 
188 192 
228 224 
228 232 
188 204 
232 344 
212 192 
360 208 
228 208 
844 204 
212 236 
208 212 
188 232 
188 208 
208 208 
212 232 
232 452 
212 192 
192 228 
1152 192 
204 208 
208 208 
188 212 
232 260 
228 236 
232 224 
228 192 
228 240 
216 236 
232 232 
228 232 
232 208 
236 296 
0 0 
0 0 
236 288 
200 192 
228 232 
232 236 
232 212 
228 232 
228 232 
232 236 
228 704 
228 232 
228 236 
232 232 
228 236 
232 232 
232 232 
232 232 
228 228 
224 236 
232 192 
232 232 
200 248 
232 232 
232 232 
224 208 
228 232 
228 236 
204 200 
232 228 
216 208 
232 192 
228 232 
228 228 
188 232 
228 236 
228 232 
224 228 
228 232 
208 212 
228 232 
228 232 
224 212 
208 232 
232 240 
204 196 
188 232 
228 224 
228 236 
228 232 
228 232 
232 228 
208 232 
216 232 
228 232 
232 232 
228 232 
236 232 
228 228 
228 232 
1012 232 
208 212 
228 232 
232 232 
232 232 
232 232 
228 240 
228 232 
232 228 
228 232 
228 208 
228 232 
232 232 
232 232 
228 228 
232 228 
228 232 
224 220 
392 232 
228 188 
228 232 
192 232 
228 236 
192 232 
212 232 
188 228 
228 236 
640 232 
228 232 
212 232 
228 236 
208 228 
188 228 
232 228 
224 236 
228 212 
188 544 
232 228 
232 232 
232 228 
224 236 
232 232 
192 232 
232 192 
204 228 
208 256 
232 236 
236 232 
192 232 
208 228 
208 196 
212 212 
284 228 
208 216 
208 212 
208 220 
224 212 
208 212 
232 212 
208 216 
208 232 
232 232 
228 212 
208 212 
228 228 
228 228 
232 228 
456 232 
232 236 
208 212 
232 208 
232 220 
232 212 
228 208 
228 208 
232 212 
232 208 
208 196 
228 232 
204 204 
192 212 
208 212 
208 208 
208 208 
844 232 
236 228 
232 236 
208 204 
228 228 
212 232 
232 232 
228 212 
228 232 
228 232 
228 232 
232 228 
204 208 
228 200 
188 232 
232 228 
228 232 
212 232 
228 236 
228 232 
212 232 
232 208 
232 228 
232 232 
232 228 
228 232 
232 232 
228 232 
224 240 
228 532 
232 208 
228 228 
208 196 
392 232 
228 236 
208 232 
228 232 
224 232 
668 236 
228 232 
228 232 
216 192 
228 232 
232 228 
224 232 
228 232 
228 232 
240 500 
