# ./FR-trace starting at Thu Mar 19 01:16:03 2020
################# CONFIG #################
# slot=5000
# samples=10000
# threshold=100
# idle=500
# minlen=500
# runs=10000
# pdathreads=2
# nmonitored=2
#   monitor0=../apps/openssl ecp_smpl.c:927 0x1e3e58
#   monitor1=../apps/openssl ecp_smpl.c:934 0x1e3af3
# nevicted=0
# npdatargets=2
#   target0=../apps/openssl bn_lib.c:514 0x102fb9
#   target1=../apps/openssl bn_lib.c:543 0x103025
# affinity=all
############## SYSTEM INFO ###############
# mastik_version=
# sysname=Linux
# nodename=lovelace
# release=5.3.7-arch1-1-ARCH
# version=#1 SMP PREEMPT Fri Oct 18 00:17:03 UTC 2019
# machine=x86_64
################## DATA ##################
# run=3365
# datapoints=1539
44 44 
216 208 
48 236 
48 232 
48 40 
40 44 
232 208 
240 236 
228 208 
232 232 
236 204 
236 212 
236 224 
232 236 
232 232 
236 252 
236 208 
232 228 
240 216 
236 236 
232 236 
228 208 
228 232 
48 40 
44 44 
48 44 
44 44 
240 208 
236 208 
228 204 
212 232 
232 228 
44 40 
236 236 
232 208 
228 212 
228 228 
228 228 
236 40 
216 208 
244 236 
236 224 
228 232 
228 40 
232 208 
236 216 
236 212 
228 232 
240 44 
236 208 
236 228 
236 212 
232 228 
232 228 
228 44 
232 216 
328 208 
232 208 
232 232 
232 44 
236 208 
236 212 
244 236 
232 228 
236 44 
592 208 
236 236 
232 212 
236 228 
228 44 
228 212 
232 216 
232 216 
228 228 
236 44 
228 232 
236 232 
228 212 
228 228 
236 44 
236 212 
232 236 
236 236 
232 692 
232 44 
240 236 
240 216 
232 208 
236 216 
236 232 
232 40 
228 212 
232 216 
240 208 
232 228 
232 44 
228 208 
232 216 
236 236 
232 232 
228 40 
236 232 
240 232 
240 208 
232 228 
228 40 
236 212 
244 212 
232 212 
228 232 
236 228 
240 48 
232 228 
232 204 
236 228 
236 232 
236 48 
240 208 
236 212 
228 240 
232 228 
236 40 
240 212 
236 212 
240 208 
212 236 
224 44 
244 212 
232 208 
236 212 
232 228 
232 176 
232 40 
232 232 
216 212 
232 208 
236 228 
224 44 
236 236 
232 204 
240 228 
236 232 
228 44 
240 212 
240 236 
232 232 
232 228 
236 228 
228 48 
228 212 
236 236 
368 228 
232 208 
232 40 
236 220 
228 212 
236 232 
228 236 
228 48 
236 208 
624 208 
236 236 
232 232 
224 44 
236 236 
236 216 
232 208 
228 204 
228 232 
232 44 
232 208 
236 212 
228 208 
228 228 
240 44 
236 212 
228 208 
228 228 
228 712 
240 44 
236 208 
236 236 
236 208 
228 232 
232 48 
240 208 
228 208 
240 232 
228 232 
232 48 
236 212 
232 236 
236 212 
232 232 
232 36 
236 224 
232 232 
240 208 
232 232 
232 44 
244 212 
240 208 
232 232 
236 208 
232 232 
232 44 
240 208 
236 236 
236 212 
232 232 
232 40 
240 204 
236 232 
236 212 
232 228 
232 228 
232 44 
240 216 
232 208 
244 228 
216 228 
236 44 
232 212 
236 240 
232 208 
228 228 
236 44 
236 244 
236 212 
212 208 
232 232 
232 44 
236 212 
236 208 
236 212 
236 232 
232 228 
232 40 
244 212 
232 208 
232 208 
224 228 
232 44 
236 212 
232 204 
240 232 
372 228 
236 212 
228 44 
236 212 
232 252 
232 228 
236 232 
232 44 
236 232 
612 212 
232 228 
228 236 
236 40 
228 212 
228 204 
232 240 
228 232 
228 44 
244 472 
228 208 
236 236 
228 228 
236 40 
228 204 
232 240 
232 208 
228 236 
232 40 
232 216 
240 228 
236 208 
232 228 
232 40 
244 212 
240 208 
232 212 
228 232 
228 108 
232 44 
240 212 
236 208 
232 232 
232 232 
240 44 
236 204 
232 212 
232 208 
232 232 
232 44 
232 216 
236 224 
232 208 
232 232 
232 40 
236 216 
232 240 
236 212 
236 228 
228 40 
232 208 
232 224 
240 236 
232 232 
232 44 
228 212 
232 232 
232 208 
228 232 
236 44 
212 216 
232 232 
236 212 
232 228 
236 40 
228 208 
232 216 
228 232 
232 236 
212 208 
236 44 
224 212 
232 212 
228 212 
232 228 
232 44 
236 216 
236 208 
240 204 
236 228 
228 40 
236 212 
228 212 
236 212 
232 232 
228 40 
396 212 
232 208 
232 212 
228 228 
232 144 
236 48 
236 212 
236 212 
228 232 
664 232 
228 40 
236 212 
232 236 
232 212 
228 228 
232 48 
232 208 
236 236 
232 484 
232 228 
232 44 
240 212 
236 228 
232 212 
228 232 
236 44 
232 232 
236 748 
236 208 
232 228 
232 44 
232 216 
232 232 
240 212 
232 232 
240 232 
232 44 
236 212 
236 204 
236 244 
232 232 
232 44 
228 204 
232 236 
236 208 
224 232 
228 44 
232 216 
232 208 
232 212 
232 232 
236 44 
232 208 
236 212 
236 212 
232 232 
228 40 
232 212 
236 212 
236 204 
232 232 
240 248 
236 44 
236 216 
232 204 
228 232 
232 228 
228 40 
232 208 
220 208 
236 236 
232 232 
236 44 
232 236 
236 232 
232 212 
232 236 
228 40 
216 208 
236 228 
228 236 
232 228 
232 228 
236 44 
232 216 
228 224 
240 236 
232 212 
232 40 
232 208 
232 232 
236 212 
236 232 
232 40 
232 216 
424 212 
232 212 
232 232 
228 40 
236 220 
240 212 
236 208 
232 232 
232 40 
668 208 
240 236 
240 208 
232 232 
228 40 
236 224 
228 212 
232 212 
228 232 
228 44 
240 220 
240 236 
236 248 
236 232 
232 36 
236 204 
228 208 
232 212 
232 228 
228 232 
240 44 
236 216 
236 236 
228 208 
228 232 
232 40 
232 212 
236 212 
236 220 
228 232 
232 44 
232 212 
228 204 
228 224 
232 228 
232 44 
236 216 
228 236 
232 216 
232 228 
228 40 
240 216 
240 228 
240 212 
232 236 
232 228 
232 40 
228 212 
228 240 
228 208 
232 228 
232 40 
236 208 
236 232 
228 208 
232 228 
236 40 
232 216 
228 208 
240 232 
208 208 
228 232 
236 44 
236 208 
240 232 
232 232 
232 232 
236 44 
240 236 
216 236 
232 232 
228 232 
232 44 
236 208 
240 252 
236 236 
232 228 
200 44 
228 212 
232 208 
236 208 
228 228 
232 44 
236 204 
228 220 
232 236 
436 232 
232 208 
232 40 
236 224 
236 212 
232 228 
228 228 
236 44 
240 228 
684 216 
232 232 
232 232 
232 40 
232 212 
232 212 
236 236 
228 228 
228 48 
228 520 
240 240 
240 236 
232 232 
232 44 
232 216 
228 236 
240 220 
232 232 
232 44 
232 212 
232 236 
236 208 
228 236 
236 40 
244 236 
228 224 
232 208 
232 228 
232 40 
228 212 
228 212 
232 204 
240 212 
228 236 
232 40 
232 216 
240 232 
232 236 
232 228 
232 40 
236 212 
228 208 
240 240 
232 232 
232 44 
232 216 
236 248 
240 208 
236 236 
232 44 
236 212 
232 212 
232 208 
232 228 
232 44 
228 232 
236 232 
236 212 
228 228 
228 44 
216 220 
232 232 
232 208 
228 228 
228 44 
228 212 
236 208 
236 232 
228 228 
208 40 
232 212 
236 232 
228 212 
232 228 
232 44 
236 212 
240 204 
248 212 
232 208 
232 232 
236 44 
240 212 
236 236 
232 224 
232 232 
232 40 
460 204 
232 208 
236 212 
228 228 
224 40 
236 212 
292 220 
236 236 
232 232 
712 196 
240 44 
240 224 
236 204 
240 228 
228 232 
236 44 
232 216 
236 208 
232 576 
236 232 
240 48 
240 212 
240 236 
232 208 
228 232 
232 44 
240 216 
236 212 
236 236 
236 228 
228 160 
236 40 
232 212 
232 208 
236 216 
232 232 
240 40 
236 232 
240 208 
232 228 
228 228 
240 44 
232 224 
232 208 
232 216 
228 228 
232 44 
236 212 
244 228 
232 204 
232 228 
232 40 
232 244 
236 228 
232 204 
228 232 
236 44 
240 232 
236 208 
232 212 
220 228 
232 44 
232 204 
240 204 
232 212 
232 228 
236 228 
228 48 
236 216 
216 232 
232 212 
228 232 
236 44 
240 212 
232 208 
232 204 
228 232 
228 44 
212 212 
232 208 
232 232 
236 228 
232 68 
236 44 
236 232 
236 236 
248 208 
232 208 
228 40 
232 236 
232 232 
236 208 
232 228 
232 44 
240 204 
480 208 
236 208 
232 232 
232 40 
232 220 
232 236 
240 216 
228 232 
236 44 
724 208 
252 208 
232 208 
228 232 
228 44 
236 212 
232 216 
228 208 
232 228 
232 580 
228 40 
236 216 
236 216 
236 208 
228 232 
236 40 
236 212 
236 208 
232 208 
232 232 
236 44 
232 248 
240 252 
232 212 
228 232 
232 48 
236 236 
236 208 
228 208 
228 228 
236 232 
236 48 
240 228 
232 212 
232 232 
232 232 
240 44 
232 220 
232 212 
232 228 
232 232 
236 44 
232 212 
240 232 
236 212 
236 232 
232 44 
228 208 
236 240 
232 208 
232 232 
220 44 
236 212 
232 212 
236 212 
228 228 
228 44 
236 236 
236 216 
232 212 
208 228 
232 228 
236 40 
240 236 
240 236 
232 212 
232 228 
240 40 
236 216 
212 216 
232 236 
228 228 
228 44 
228 212 
228 236 
232 236 
236 232 
276 40 
236 216 
236 212 
240 212 
232 208 
228 232 
232 44 
236 240 
228 204 
508 228 
228 236 
228 44 
240 208 
228 236 
236 212 
228 228 
228 40 
240 216 
740 232 
232 236 
232 228 
232 40 
228 236 
228 208 
248 208 
232 232 
232 44 
236 40 
236 208 
232 236 
228 208 
232 228 
232 44 
236 208 
236 212 
236 248 
232 232 
228 44 
236 220 
228 220 
232 240 
228 232 
228 228 
232 52 
228 208 
236 204 
232 228 
228 232 
232 40 
232 212 
236 212 
228 208 
236 232 
232 44 
232 228 
236 232 
232 208 
236 228 
232 44 
232 228 
232 240 
240 232 
236 208 
232 232 
228 40 
228 208 
240 208 
240 216 
236 232 
208 232 
236 44 
232 232 
236 236 
236 212 
232 232 
232 40 
232 216 
232 236 
208 208 
240 232 
236 44 
236 208 
232 236 
236 212 
236 232 
232 40 
232 212 
212 236 
236 224 
232 232 
228 44 
236 208 
228 212 
228 248 
232 228 
284 40 
236 216 
240 232 
236 236 
232 228 
240 232 
232 36 
232 208 
236 208 
540 228 
228 236 
232 40 
228 240 
236 236 
232 228 
232 232 
228 44 
236 212 
236 384 
232 232 
232 232 
232 44 
236 216 
236 204 
232 232 
228 232 
232 44 
232 628 
232 236 
232 208 
228 228 
228 40 
228 212 
232 232 
240 208 
236 228 
232 48 
232 228 
236 228 
228 208 
232 232 
228 40 
228 212 
248 208 
236 216 
236 228 
236 124 
236 44 
236 212 
232 212 
228 212 
232 228 
228 44 
236 212 
236 208 
236 208 
232 232 
232 40 
232 212 
240 232 
232 208 
232 228 
232 44 
240 212 
228 216 
228 212 
232 232 
236 44 
228 212 
208 236 
236 212 
232 228 
232 44 
240 240 
236 236 
236 204 
232 228 
232 40 
212 212 
232 216 
232 212 
232 228 
236 228 
240 48 
232 252 
228 208 
232 208 
220 208 
236 44 
240 236 
236 240 
232 208 
228 232 
228 44 
236 220 
304 236 
232 208 
232 228 
232 44 
232 212 
232 212 
232 232 
228 232 
228 228 
548 48 
232 236 
228 204 
240 228 
228 228 
228 44 
236 208 
228 204 
232 216 
236 376 
236 44 
232 228 
236 212 
240 240 
232 232 
236 40 
240 208 
232 236 
232 656 
216 192 
204 192 
228 232 
228 236 
424 260 
228 204 
216 188 
264 192 
208 188 
228 232 
208 208 
232 220 
232 232 
232 40 
232 212 
236 208 
236 204 
232 216 
236 212 
236 252 
232 216 
236 212 
236 208 
236 224 
232 228 
228 236 
228 228 
232 232 
236 232 
232 228 
232 228 
228 228 
232 232 
232 232 
232 232 
236 228 
232 228 
228 228 
236 228 
224 212 
236 212 
212 212 
232 212 
228 232 
236 212 
240 240 
232 208 
236 212 
236 220 
208 208 
232 228 
344 228 
232 232 
232 228 
232 228 
228 232 
232 232 
232 232 
228 232 
240 208 
228 228 
232 232 
232 232 
232 228 
236 216 
228 208 
236 236 
332 232 
236 196 
192 188 
224 232 
208 308 
232 232 
232 232 
192 192 
196 232 
564 232 
228 228 
208 216 
192 188 
228 212 
228 232 
228 232 
232 232 
208 208 
192 228 
228 228 
228 232 
228 232 
232 232 
228 232 
236 232 
232 232 
232 228 
232 188 
232 228 
228 232 
228 228 
228 232 
232 228 
232 232 
216 232 
188 188 
228 232 
192 236 
232 228 
228 232 
232 232 
236 232 
204 192 
228 228 
228 232 
232 236 
232 232 
232 232 
228 208 
228 232 
232 236 
232 220 
228 228 
232 228 
232 228 
232 232 
236 228 
232 236 
232 228 
232 228 
228 208 
208 220 
228 228 
212 228 
196 204 
196 232 
208 208 
232 228 
232 192 
208 232 
232 208 
228 232 
208 232 
236 208 
232 228 
228 228 
232 228 
220 232 
224 232 
232 228 
232 232 
232 232 
232 220 
228 232 
236 228 
232 208 
196 192 
228 204 
232 232 
232 232 
232 232 
232 232 
232 232 
236 232 
236 228 
348 228 
228 208 
232 232 
232 232 
236 232 
232 236 
232 232 
232 232 
212 228 
584 232 
228 232 
212 228 
228 232 
228 232 
232 228 
236 232 
228 228 
228 232 
212 744 
208 192 
212 188 
232 228 
232 232 
232 192 
204 228 
236 228 
228 228 
236 660 
228 232 
212 228 
228 232 
232 192 
212 240 
212 232 
232 192 
240 232 
232 208 
208 228 
212 208 
228 208 
232 208 
232 236 
212 208 
192 232 
236 212 
188 208 
224 232 
228 228 
196 192 
216 232 
544 232 
212 228 
232 192 
228 232 
212 232 
232 228 
228 216 
236 228 
208 228 
228 192 
228 208 
196 232 
216 228 
196 228 
232 232 
204 208 
228 212 
212 212 
352 208 
208 192 
228 232 
228 232 
236 188 
204 208 
212 224 
208 236 
216 192 
232 212 
232 236 
216 208 
236 188 
228 192 
212 208 
196 232 
192 228 
204 196 
208 232 
232 208 
236 252 
216 276 
236 228 
232 232 
228 228 
232 228 
236 232 
232 232 
208 192 
228 232 
232 232 
236 232 
232 232 
232 232 
232 232 
204 208 
584 232 
228 204 
188 192 
228 208 
192 188 
228 232 
192 188 
236 228 
212 188 
192 192 
208 192 
228 188 
204 232 
328 232 
232 204 
228 232 
232 232 
208 228 
208 688 
196 188 
212 212 
232 232 
208 192 
640 200 
188 208 
232 188 
192 232 
208 276 
228 232 
232 232 
208 236 
232 208 
236 232 
232 228 
228 224 
188 208 
192 228 
228 352 
220 212 
208 228 
232 232 
232 228 
232 228 
188 192 
192 236 
232 232 
232 232 
228 232 
232 232 
228 228 
228 236 
232 232 
232 188 
236 188 
196 232 
188 232 
232 212 
232 208 
236 192 
232 188 
196 220 
236 236 
200 332 
192 208 
212 232 
188 228 
232 232 
208 188 
248 228 
212 232 
232 228 
212 192 
232 232 
372 212 
208 232 
224 232 
232 244 
232 244 
236 208 
192 224 
228 228 
188 228 
228 208 
208 228 
232 228 
216 192 
196 692 
196 232 
228 228 
232 228 
228 212 
192 228 
272 212 
192 192 
248 212 
212 232 
192 232 
236 232 
232 228 
232 228 
212 192 
196 208 
232 228 
232 232 
232 192 
232 228 
232 224 
208 228 
208 232 
236 224 
208 192 
188 212 
228 228 
192 228 
232 224 
228 208 
228 232 
308 220 
232 232 
208 228 
232 228 
228 232 
204 232 
232 232 
232 228 
188 228 
236 232 
228 232 
232 228 
228 232 
208 192 
232 260 
196 196 
192 232 
228 232 
228 228 
232 232 
232 232 
192 188 
192 228 
236 232 
232 208 
232 228 
232 236 
232 228 
232 232 
232 192 
232 228 
228 232 
228 228 
196 228 
228 232 
232 188 
232 232 
232 232 
204 232 
232 228 
236 228 
232 232 
228 236 
232 232 
208 188 
236 228 
188 232 
232 220 
228 228 
208 228 
236 236 
232 228 
196 188 
232 228 
204 192 
228 192 
192 208 
200 212 
228 232 
188 208 
228 192 
232 232 
232 228 
232 232 
212 188 
192 208 
232 232 
228 228 
188 192 
228 204 
232 232 
292 232 
232 232 
188 440 
236 228 
228 232 
192 228 
228 232 
228 204 
212 232 
228 232 
192 232 
236 492 
232 232 
228 228 
232 212 
228 228 
232 192 
232 208 
236 228 
252 212 
232 232 
216 192 
228 188 
228 208 
240 192 
192 228 
212 212 
232 228 
228 232 
232 232 
232 228 
228 228 
232 228 
188 196 
296 192 
232 188 
232 232 
192 204 
216 232 
232 228 
232 228 
232 232 
232 228 
208 412 
192 232 
232 208 
204 212 
232 192 
232 232 
228 232 
232 232 
232 232 
232 232 
228 196 
228 232 
236 232 
192 208 
216 236 
232 228 
232 188 
