# ./FR-trace starting at Thu Mar 19 01:58:57 2020
################# CONFIG #################
# slot=5000
# samples=10000
# threshold=100
# idle=500
# minlen=500
# runs=10000
# pdathreads=2
# nmonitored=2
#   monitor0=../apps/openssl ecp_smpl.c:927 0x1e3e58
#   monitor1=../apps/openssl ecp_smpl.c:934 0x1e3af3
# nevicted=0
# npdatargets=2
#   target0=../apps/openssl bn_lib.c:514 0x102fb9
#   target1=../apps/openssl bn_lib.c:543 0x103025
# affinity=all
############## SYSTEM INFO ###############
# mastik_version=
# sysname=Linux
# nodename=lovelace
# release=5.3.7-arch1-1-ARCH
# version=#1 SMP PREEMPT Fri Oct 18 00:17:03 UTC 2019
# machine=x86_64
################## DATA ##################
# run=5715
# datapoints=1573
40 48 
188 240 
44 216 
44 44 
44 48 
228 236 
228 212 
228 208 
236 212 
232 232 
232 216 
232 212 
236 240 
232 236 
228 236 
228 220 
232 212 
232 208 
228 232 
228 232 
228 232 
232 208 
228 228 
44 44 
48 40 
48 44 
44 48 
232 212 
228 208 
228 212 
228 212 
232 236 
48 176 
232 248 
232 236 
236 240 
228 236 
228 48 
236 216 
232 208 
228 212 
208 208 
228 232 
232 48 
236 208 
232 228 
232 212 
228 236 
228 48 
220 216 
232 208 
240 220 
232 232 
232 44 
232 212 
232 228 
236 212 
232 232 
420 44 
232 212 
236 236 
228 208 
232 228 
228 232 
232 44 
236 240 
232 232 
664 212 
232 232 
228 40 
228 240 
228 208 
236 240 
228 228 
228 48 
232 236 
232 544 
232 208 
228 228 
232 44 
228 216 
236 212 
228 212 
228 232 
228 232 
228 48 
232 212 
232 208 
236 208 
232 232 
232 48 
232 220 
232 236 
228 216 
228 236 
228 48 
236 212 
232 232 
228 212 
228 228 
232 44 
232 236 
228 216 
232 208 
228 228 
232 48 
236 216 
232 248 
232 236 
228 228 
228 236 
228 52 
232 240 
236 232 
232 232 
224 232 
228 52 
228 208 
232 232 
232 224 
228 236 
228 44 
232 216 
232 208 
232 208 
232 228 
228 232 
212 40 
232 216 
232 240 
232 208 
236 232 
228 48 
236 216 
232 212 
224 236 
208 208 
228 228 
232 44 
236 216 
240 240 
232 240 
228 228 
232 44 
216 212 
236 216 
232 212 
232 232 
228 232 
232 44 
232 208 
228 208 
228 232 
456 232 
228 40 
232 212 
236 236 
236 236 
232 232 
228 44 
228 236 
236 240 
688 212 
228 236 
228 48 
232 216 
236 232 
232 212 
240 228 
228 232 
228 44 
232 532 
240 232 
232 212 
228 232 
232 44 
232 216 
228 216 
228 212 
228 236 
228 44 
236 204 
236 236 
228 236 
228 232 
228 232 
236 44 
232 212 
236 224 
232 212 
232 228 
228 48 
232 216 
240 228 
236 208 
228 232 
228 44 
232 236 
232 232 
228 208 
232 228 
228 44 
228 208 
236 232 
228 212 
232 236 
232 52 
232 212 
232 208 
232 208 
232 212 
232 232 
232 48 
228 216 
232 212 
228 232 
232 232 
232 48 
236 208 
236 208 
228 236 
228 228 
248 48 
232 212 
228 216 
236 236 
232 232 
232 44 
236 240 
228 208 
232 212 
208 208 
228 232 
240 40 
228 212 
232 212 
232 232 
228 228 
232 44 
216 236 
232 208 
236 240 
228 232 
232 196 
236 44 
228 212 
228 216 
236 212 
452 228 
232 44 
232 248 
236 232 
236 216 
232 232 
228 48 
232 252 
236 236 
680 252 
232 228 
232 44 
236 216 
232 208 
228 220 
228 228 
228 40 
228 236 
232 556 
232 216 
232 208 
228 232 
232 52 
232 220 
232 208 
236 244 
228 228 
232 44 
232 244 
232 228 
236 212 
228 232 
228 44 
236 208 
232 236 
236 212 
228 232 
224 44 
228 228 
236 216 
228 212 
232 212 
232 228 
228 40 
228 216 
236 224 
236 208 
228 232 
228 232 
236 48 
232 208 
228 216 
228 208 
228 232 
232 52 
232 236 
236 228 
232 232 
228 240 
232 44 
208 236 
228 224 
232 212 
228 232 
232 144 
228 44 
228 240 
236 212 
228 212 
208 232 
228 48 
232 216 
232 236 
232 220 
232 228 
232 48 
236 216 
232 232 
212 208 
232 212 
228 232 
232 40 
240 216 
232 236 
232 208 
232 232 
228 44 
236 208 
232 216 
232 252 
228 232 
232 48 
232 212 
228 224 
232 236 
464 236 
232 236 
232 48 
236 224 
236 212 
228 232 
228 228 
232 48 
236 212 
712 212 
236 244 
224 232 
228 48 
236 212 
232 244 
232 208 
228 232 
232 44 
236 560 
236 236 
228 232 
228 232 
236 48 
232 212 
228 212 
236 212 
228 232 
228 44 
236 212 
232 212 
232 208 
228 232 
228 48 
228 212 
236 212 
236 240 
232 232 
232 228 
228 44 
240 236 
236 212 
236 212 
228 232 
232 48 
232 216 
232 252 
228 212 
228 232 
228 44 
228 240 
232 248 
240 216 
228 232 
228 40 
236 216 
228 212 
236 240 
228 228 
228 228 
232 48 
212 240 
236 220 
232 212 
228 236 
232 48 
232 224 
236 232 
228 208 
232 232 
208 48 
232 236 
232 232 
232 216 
228 232 
228 44 
232 212 
224 228 
232 224 
208 208 
228 44 
228 212 
224 236 
228 212 
228 228 
232 48 
232 216 
260 236 
236 236 
228 232 
224 44 
232 240 
236 228 
232 232 
228 232 
228 44 
488 216 
236 236 
236 212 
228 228 
228 232 
232 48 
228 212 
228 208 
228 232 
740 236 
232 44 
228 208 
232 220 
232 208 
228 228 
228 44 
240 216 
232 212 
236 592 
232 228 
228 192 
224 44 
240 244 
232 212 
236 236 
228 232 
228 44 
232 212 
232 236 
232 208 
228 236 
228 48 
236 204 
236 240 
228 232 
228 232 
228 232 
228 44 
236 220 
236 240 
236 220 
228 232 
232 44 
228 212 
228 212 
232 212 
224 232 
228 40 
228 236 
232 236 
228 224 
228 228 
228 44 
224 208 
244 212 
232 236 
228 232 
224 44 
232 52 
232 236 
208 212 
236 240 
228 228 
232 44 
236 216 
236 212 
236 212 
232 232 
236 44 
216 236 
228 212 
236 216 
228 212 
228 232 
236 44 
228 248 
268 212 
232 232 
208 212 
228 44 
232 244 
228 228 
236 212 
228 228 
228 48 
236 212 
264 236 
232 212 
228 236 
224 232 
236 48 
232 212 
232 236 
232 208 
236 232 
548 40 
232 252 
228 216 
228 228 
232 236 
228 48 
232 216 
228 208 
236 240 
228 384 
228 40 
228 208 
232 236 
228 228 
228 232 
228 48 
236 212 
236 212 
232 612 
228 232 
228 44 
232 208 
228 212 
232 236 
228 208 
224 232 
232 44 
236 212 
232 240 
232 208 
228 232 
228 48 
232 236 
248 208 
232 240 
232 232 
228 196 
228 40 
228 216 
232 244 
228 212 
228 232 
232 48 
252 212 
228 212 
236 212 
232 232 
232 48 
228 48 
236 212 
236 256 
228 212 
240 232 
236 48 
228 212 
228 208 
228 232 
228 228 
232 48 
236 212 
232 216 
236 216 
228 232 
228 44 
228 236 
236 216 
236 240 
232 236 
228 44 
212 232 
236 212 
232 204 
232 212 
232 228 
240 48 
236 208 
228 212 
228 232 
208 212 
228 48 
228 216 
228 212 
224 216 
232 232 
228 44 
232 236 
304 236 
236 212 
232 228 
228 44 
228 216 
236 212 
228 208 
228 236 
228 88 
548 44 
228 236 
240 228 
236 236 
228 232 
236 48 
236 228 
240 240 
232 208 
228 404 
228 44 
232 240 
224 212 
236 236 
228 228 
228 44 
240 216 
240 216 
228 616 
232 212 
224 228 
228 40 
236 212 
228 216 
232 212 
228 228 
228 48 
232 244 
232 240 
232 212 
232 232 
228 44 
240 212 
228 216 
236 236 
228 232 
232 44 
236 216 
236 232 
228 208 
228 232 
228 44 
232 212 
232 232 
228 212 
228 236 
228 232 
236 48 
236 212 
232 212 
228 208 
232 232 
236 44 
232 216 
228 212 
228 208 
232 232 
228 44 
224 212 
236 212 
208 216 
228 232 
232 44 
244 216 
232 232 
236 212 
228 232 
228 44 
232 204 
208 232 
232 212 
228 232 
228 52 
228 212 
228 208 
228 220 
228 232 
228 236 
228 136 
228 228 
240 212 
228 208 
232 232 
224 44 
228 208 
232 212 
320 212 
232 208 
228 40 
228 240 
236 212 
236 212 
228 232 
232 48 
236 212 
564 208 
232 208 
232 232 
232 44 
228 216 
228 232 
232 216 
224 208 
228 232 
236 44 
232 236 
232 236 
236 212 
228 228 
228 48 
232 216 
236 212 
224 212 
232 680 
228 48 
232 208 
236 208 
232 204 
228 232 
228 108 
228 44 
224 216 
232 240 
232 212 
236 232 
228 44 
228 228 
232 232 
228 212 
228 232 
228 44 
232 220 
236 216 
260 212 
228 232 
228 44 
236 244 
232 216 
232 208 
228 232 
232 228 
232 44 
236 216 
232 236 
232 240 
236 228 
228 44 
236 212 
232 212 
232 208 
232 232 
228 44 
228 240 
236 208 
236 212 
208 228 
228 44 
232 244 
228 236 
228 216 
228 236 
232 40 
236 220 
236 232 
208 208 
228 232 
228 228 
232 44 
236 232 
232 240 
236 208 
232 228 
228 44 
232 212 
228 236 
236 236 
232 232 
228 44 
236 216 
236 236 
236 208 
332 232 
232 92 
232 44 
236 216 
236 232 
228 232 
228 228 
232 44 
232 228 
584 232 
232 232 
232 232 
232 44 
232 224 
240 212 
228 228 
228 184 
228 44 
232 452 
236 240 
232 208 
228 232 
236 44 
224 216 
228 212 
236 232 
228 228 
228 48 
228 216 
232 240 
228 208 
232 232 
228 40 
224 236 
236 212 
232 232 
228 232 
228 40 
232 208 
232 216 
228 212 
228 232 
224 48 
240 216 
228 232 
236 228 
232 232 
232 44 
228 224 
240 212 
232 204 
228 212 
228 236 
236 44 
228 216 
232 208 
236 232 
228 228 
228 44 
228 216 
232 208 
228 212 
228 232 
228 48 
232 236 
236 236 
228 212 
232 228 
228 44 
212 244 
236 236 
236 216 
228 232 
232 40 
236 252 
232 240 
236 212 
236 232 
208 232 
236 48 
232 208 
236 236 
236 212 
228 228 
228 48 
236 216 
232 216 
236 208 
236 228 
228 48 
228 240 
236 232 
232 208 
232 232 
232 44 
352 216 
232 204 
236 236 
228 232 
228 48 
232 208 
236 252 
224 212 
228 232 
588 232 
240 44 
236 212 
232 212 
228 232 
228 236 
232 48 
232 228 
236 208 
224 452 
228 232 
232 44 
232 208 
232 216 
232 232 
228 208 
228 228 
228 48 
236 676 
236 216 
236 240 
228 228 
228 44 
224 236 
236 232 
232 240 
228 232 
228 48 
228 236 
236 208 
236 216 
228 228 
228 44 
236 236 
232 212 
228 208 
232 232 
228 172 
228 52 
232 212 
228 212 
232 240 
228 232 
232 44 
236 212 
228 208 
236 216 
232 236 
228 44 
232 220 
228 232 
232 212 
228 236 
228 52 
232 216 
232 232 
236 240 
232 232 
228 48 
232 212 
208 216 
236 216 
232 240 
228 44 
232 236 
236 232 
232 248 
232 228 
232 44 
212 224 
232 232 
236 208 
228 236 
228 48 
224 216 
236 212 
228 212 
232 228 
224 44 
236 216 
232 212 
228 212 
232 232 
228 44 
236 216 
232 212 
404 212 
228 208 
228 48 
232 224 
236 212 
236 216 
232 212 
228 228 
236 44 
564 208 
236 212 
236 220 
228 232 
228 44 
236 216 
232 236 
232 212 
228 228 
228 44 
228 236 
232 236 
236 236 
232 232 
232 40 
232 236 
236 212 
240 216 
228 740 
224 48 
236 216 
232 236 
232 212 
228 232 
228 212 
228 228 
208 224 
228 212 
216 232 
192 212 
192 208 
232 232 
208 232 
188 192 
228 232 
232 212 
228 212 
232 208 
228 232 
236 212 
236 220 
232 240 
228 232 
236 216 
232 212 
236 236 
228 232 
228 232 
232 228 
228 228 
232 232 
236 240 
232 228 
228 228 
228 236 
228 232 
232 232 
232 232 
228 232 
228 228 
208 228 
232 212 
232 232 
232 204 
228 48 
232 232 
228 228 
232 216 
236 212 
216 216 
232 216 
240 232 
232 208 
228 232 
228 236 
232 232 
228 228 
228 232 
228 212 
232 232 
228 228 
228 232 
228 228 
236 208 
232 232 
232 212 
404 208 
232 204 
228 232 
232 228 
212 220 
208 236 
228 220 
228 228 
228 232 
640 232 
228 236 
228 240 
268 212 
228 208 
232 232 
228 232 
232 232 
228 228 
192 540 
228 232 
228 232 
228 240 
228 228 
228 228 
232 236 
232 232 
228 232 
232 736 
232 228 
232 232 
1188 236 
228 228 
228 232 
228 232 
232 204 
228 228 
228 208 
228 232 
232 232 
204 212 
232 228 
232 228 
208 228 
228 232 
228 232 
232 228 
228 232 
228 232 
228 232 
228 232 
232 212 
228 232 
228 228 
228 232 
228 232 
228 228 
228 232 
188 204 
232 232 
232 232 
228 232 
192 232 
228 232 
228 220 
228 212 
232 228 
232 232 
228 232 
228 228 
212 236 
232 240 
232 232 
232 232 
228 232 
232 232 
208 232 
228 228 
184 232 
212 212 
228 236 
228 208 
232 232 
228 232 
232 236 
228 232 
228 232 
212 232 
228 216 
232 232 
228 232 
232 232 
228 232 
232 228 
228 232 
228 232 
412 232 
228 212 
232 232 
224 232 
228 232 
228 232 
228 232 
228 232 
228 236 
672 232 
228 228 
228 232 
188 236 
208 216 
228 188 
232 192 
228 236 
208 208 
232 544 
228 236 
208 228 
192 232 
208 232 
192 236 
232 228 
232 220 
228 188 
232 188 
208 232 
232 236 
208 248 
228 228 
232 232 
208 232 
232 228 
208 204 
208 232 
232 192 
228 232 
208 232 
232 192 
232 196 
208 212 
212 188 
228 196 
228 232 
216 212 
232 228 
196 232 
232 220 
232 212 
232 212 
228 236 
196 212 
228 228 
276 216 
228 232 
232 204 
188 196 
228 192 
232 236 
208 228 
208 232 
228 196 
228 212 
212 232 
232 232 
228 216 
212 396 
228 236 
208 224 
196 212 
192 192 
228 196 
208 236 
232 208 
232 244 
208 240 
216 212 
228 228 
228 232 
232 232 
228 232 
228 188 
228 228 
208 232 
208 228 
228 204 
228 236 
228 228 
228 204 
228 232 
232 196 
228 228 
232 228 
432 308 
228 212 
224 192 
240 248 
232 192 
228 192 
216 212 
228 208 
212 208 
192 332 
228 240 
232 240 
232 232 
212 232 
232 232 
192 200 
232 228 
216 208 
228 556 
232 236 
232 192 
228 232 
220 300 
228 232 
236 216 
228 188 
212 196 
232 236 
228 232 
228 228 
232 216 
212 252 
328 232 
232 232 
228 228 
228 228 
212 208 
224 232 
232 212 
208 232 
232 232 
232 232 
228 232 
204 228 
232 196 
204 232 
244 208 
228 284 
228 232 
248 228 
228 192 
232 192 
188 208 
228 336 
232 232 
208 496 
228 232 
228 232 
188 236 
340 232 
216 232 
224 216 
228 196 
204 232 
232 232 
232 212 
228 228 
228 232 
544 192 
208 232 
232 200 
192 212 
224 228 
204 232 
188 208 
232 212 
228 232 
232 208 
188 188 
208 212 
220 192 
236 216 
0 0 
0 0 
0 0 
252 192 
228 228 
192 220 
228 232 
232 232 
228 232 
236 240 
228 232 
228 212 
232 232 
220 208 
228 212 
228 236 
212 232 
228 228 
228 228 
232 232 
228 236 
232 228 
188 224 
228 340 
228 228 
228 204 
228 208 
276 228 
228 232 
228 232 
208 232 
228 556 
228 236 
228 228 
228 232 
228 228 
228 236 
228 232 
228 232 
228 208 
232 232 
200 208 
232 228 
228 240 
244 228 
232 232 
228 232 
232 232 
232 236 
208 280 
228 236 
224 228 
232 236 
232 232 
228 228 
208 236 
228 232 
228 228 
228 232 
232 232 
228 228 
224 232 
232 232 
232 228 
232 216 
224 232 
232 232 
228 216 
228 232 
224 236 
228 232 
192 232 
228 236 
228 228 
228 228 
228 232 
232 232 
228 228 
188 236 
228 232 
188 232 
228 232 
208 188 
228 196 
228 256 
212 232 
232 232 
228 228 
208 232 
212 232 
208 188 
228 232 
228 232 
228 184 
228 236 
232 212 
232 232 
228 228 
232 228 
248 232 
232 236 
228 232 
220 192 
232 212 
232 232 
232 236 
236 232 
224 236 
468 232 
232 236 
232 232 
232 228 
204 204 
232 228 
228 196 
232 208 
232 232 
724 228 
232 232 
208 216 
236 228 
228 236 
236 232 
228 232 
228 196 
228 236 
232 584 
192 228 
232 232 
232 232 
232 232 
228 228 
232 232 
228 232 
208 232 
192 232 
228 232 
236 232 
228 228 
220 196 
240 232 
228 232 
236 228 
236 188 
192 192 
228 232 
232 212 
224 236 
192 228 
228 228 
228 232 
184 232 
228 232 
236 228 
228 232 
232 228 
228 232 
232 236 
232 236 
228 232 
228 228 
228 232 
228 232 
232 236 
208 236 
188 232 
228 232 
272 232 
252 188 
232 192 
228 232 
208 232 
228 232 
228 232 
228 228 
232 232 
232 188 
204 232 
228 232 
232 236 
204 204 
232 228 
232 232 
228 232 
236 232 
228 228 
208 212 
228 236 
232 232 
188 216 
232 192 
232 188 
232 228 
192 240 
260 236 
232 208 
228 232 
212 232 
232 228 
228 232 
232 196 
228 228 
228 232 
512 236 
232 236 
208 232 
232 232 
