# ./FR-trace starting at Thu Mar 19 00:46:05 2020
################# CONFIG #################
# slot=5000
# samples=10000
# threshold=100
# idle=500
# minlen=500
# runs=10000
# pdathreads=2
# nmonitored=2
#   monitor0=../apps/openssl ecp_smpl.c:927 0x1e3e58
#   monitor1=../apps/openssl ecp_smpl.c:934 0x1e3af3
# nevicted=0
# npdatargets=2
#   target0=../apps/openssl bn_lib.c:514 0x102fb9
#   target1=../apps/openssl bn_lib.c:543 0x103025
# affinity=all
############## SYSTEM INFO ###############
# mastik_version=
# sysname=Linux
# nodename=lovelace
# release=5.3.7-arch1-1-ARCH
# version=#1 SMP PREEMPT Fri Oct 18 00:17:03 UTC 2019
# machine=x86_64
################## DATA ##################
# run=1645
# datapoints=1288
36 36 
36 436 
36 436 
40 40 
460 428 
468 248 
252 172 
456 444 
464 432 
460 436 
456 444 
456 432 
256 252 
36 36 
244 36 
36 36 
456 428 
260 252 
256 252 
684 36 
244 440 
248 252 
252 252 
36 36 
456 432 
460 436 
252 256 
252 44 
460 428 
248 248 
256 248 
228 40 
436 432 
256 264 
252 260 
460 36 
456 436 
260 248 
260 44 
452 436 
464 444 
240 232 
256 44 
460 444 
256 248 
256 260 
688 36 
456 432 
256 252 
296 252 
340 36 
256 248 
260 252 
464 36 
464 432 
268 252 
256 256 
452 36 
592 436 
256 248 
260 256 
460 36 
452 432 
252 256 
256 44 
456 36 
460 432 
260 376 
268 244 
524 36 
552 252 
252 252 
248 40 
456 436 
252 252 
252 248 
428 36 
416 436 
252 228 
252 248 
452 36 
424 432 
252 232 
256 248 
256 36 
460 572 
456 436 
252 252 
252 40 
464 432 
456 432 
256 256 
252 248 
456 36 
468 696 
248 256 
252 44 
460 432 
248 260 
252 260 
460 36 
460 440 
256 256 
248 252 
464 36 
468 440 
248 440 
260 252 
252 40 
460 440 
260 232 
252 252 
460 36 
460 432 
260 248 
252 44 
456 432 
256 244 
236 248 
256 36 
460 436 
252 244 
236 256 
448 36 
236 224 
252 260 
260 36 
436 432 
252 248 
256 252 
252 48 
440 436 
228 252 
232 252 
468 36 
872 440 
444 248 
264 252 
252 44 
300 432 
252 252 
252 256 
248 36 
456 436 
336 260 
260 224 
464 36 
248 436 
264 256 
252 36 
456 436 
456 436 
256 252 
640 40 
464 444 
260 432 
260 252 
256 40 
460 432 
252 248 
256 244 
692 36 
844 432 
252 248 
260 256 
460 36 
456 432 
256 256 
256 36 
460 444 
256 240 
256 664 
432 36 
464 436 
260 252 
256 260 
456 36 
456 440 
252 252 
248 36 
456 600 
460 432 
256 248 
256 40 
456 448 
264 256 
260 256 
460 36 
460 436 
260 248 
252 36 
452 428 
248 252 
256 252 
460 36 
452 436 
260 252 
264 260 
452 36 
456 436 
256 248 
248 44 
456 428 
252 252 
248 252 
452 36 
456 440 
252 252 
256 44 
460 436 
464 248 
252 256 
260 36 
460 428 
252 248 
252 40 
460 36 
248 432 
252 252 
256 148 
464 36 
248 436 
236 252 
260 44 
460 432 
456 428 
256 256 
252 40 
460 432 
456 428 
252 260 
252 48 
460 428 
252 256 
256 252 
452 244 
460 432 
252 248 
252 256 
468 36 
460 432 
252 252 
260 252 
460 36 
456 432 
252 252 
224 36 
440 448 
756 436 
248 256 
252 40 
464 36 
460 432 
252 260 
256 252 
460 36 
456 428 
256 452 
256 40 
460 36 
460 432 
256 252 
248 44 
244 232 
260 252 
260 248 
460 36 
456 440 
256 252 
256 40 
968 440 
464 432 
264 256 
252 252 
460 36 
464 936 
244 252 
252 40 
464 432 
264 436 
260 252 
248 40 
456 436 
256 260 
248 44 
460 428 
248 232 
256 256 
256 36 
456 436 
248 224 
256 248 
460 36 
252 436 
260 252 
264 40 
460 436 
464 256 
260 252 
256 40 
460 432 
252 248 
260 256 
248 244 
456 436 
264 248 
256 252 
456 36 
432 432 
256 252 
260 252 
464 36 
456 436 
260 256 
256 48 
456 36 
456 432 
236 248 
256 40 
460 36 
456 436 
256 256 
212 44 
420 416 
244 436 
256 432 
252 40 
456 448 
460 252 
256 248 
260 40 
460 428 
264 248 
256 44 
460 440 
248 224 
264 248 
452 36 
456 432 
264 252 
248 40 
456 36 
456 432 
620 260 
252 44 
460 432 
460 436 
260 248 
248 52 
460 432 
252 252 
264 248 
964 36 
460 436 
260 252 
252 264 
460 36 
468 436 
248 264 
256 44 
460 428 
464 496 
256 252 
252 36 
456 428 
252 252 
260 256 
456 36 
456 428 
264 252 
252 256 
464 36 
456 432 
260 248 
248 252 
328 36 
252 228 
252 248 
252 48 
456 432 
256 252 
260 248 
456 36 
456 436 
256 248 
256 36 
456 36 
456 432 
256 252 
252 40 
456 428 
460 440 
260 256 
252 36 
244 432 
464 436 
264 252 
256 40 
460 436 
256 256 
252 44 
460 432 
256 256 
232 252 
944 36 
456 432 
260 260 
256 252 
452 36 
460 440 
256 256 
256 264 
224 36 
456 432 
256 256 
260 40 
456 448 
248 436 
252 244 
256 48 
460 428 
256 228 
256 252 
416 36 
456 432 
264 208 
248 52 
420 432 
456 432 
232 252 
252 484 
416 36 
460 436 
240 252 
308 44 
460 436 
516 468 
252 216 
208 40 
220 216 
228 236 
208 252 
208 208 
212 208 
220 228 
232 216 
236 220 
564 444 
252 240 
212 248 
204 204 
216 228 
216 308 
420 432 
216 208 
252 212 
428 36 
452 428 
256 248 
248 40 
440 36 
256 252 
236 248 
464 36 
436 432 
252 256 
252 236 
456 36 
456 432 
260 220 
260 40 
456 412 
460 432 
256 252 
260 44 
452 436 
240 252 
252 36 
464 436 
456 252 
260 244 
252 44 
456 412 
256 252 
256 252 
460 36 
544 444 
260 252 
396 44 
580 432 
460 228 
220 212 
248 40 
460 444 
456 416 
256 208 
256 180 
460 36 
440 416 
260 256 
256 40 
308 436 
256 232 
252 248 
460 36 
460 432 
232 216 
228 128 
456 36 
452 432 
212 256 
260 36 
456 456 
252 256 
248 208 
260 916 
456 436 
232 256 
256 40 
460 36 
244 432 
264 252 
344 64 
460 36 
656 436 
240 232 
232 40 
460 432 
456 432 
260 252 
220 108 
524 36 
456 436 
256 232 
248 252 
456 36 
464 432 
264 252 
252 252 
468 36 
452 432 
252 256 
256 420 
456 36 
464 432 
256 252 
260 36 
464 436 
464 252 
256 252 
256 44 
828 428 
252 252 
256 252 
460 36 
460 428 
256 252 
256 152 
456 36 
456 440 
260 256 
256 44 
464 440 
252 252 
256 248 
460 36 
460 432 
252 248 
252 256 
456 36 
460 428 
264 252 
252 48 
460 36 
456 436 
256 248 
252 40 
476 432 
456 432 
252 248 
248 40 
456 432 
456 252 
252 252 
252 32 
460 436 
256 252 
264 256 
452 36 
452 432 
252 256 
252 260 
460 36 
464 436 
256 252 
248 40 
460 448 
456 436 
252 260 
252 36 
460 420 
256 420 
232 212 
252 44 
452 440 
460 436 
248 256 
256 40 
460 436 
456 436 
252 248 
248 40 
460 440 
256 252 
260 252 
252 36 
452 428 
256 248 
252 252 
460 36 
456 428 
252 256 
248 200 
456 36 
464 436 
256 256 
248 44 
456 432 
652 252 
252 248 
456 36 
456 436 
252 248 
256 252 
460 36 
460 436 
252 260 
260 40 
452 436 
456 432 
264 252 
248 44 
460 444 
456 436 
260 252 
248 48 
456 688 
252 252 
260 40 
456 432 
460 248 
256 252 
252 40 
456 432 
256 252 
252 264 
460 36 
460 436 
252 252 
260 260 
548 36 
456 436 
248 260 
256 48 
456 432 
252 256 
252 252 
456 36 
464 436 
256 252 
260 36 
248 316 
264 244 
256 248 
252 40 
432 440 
260 252 
252 252 
464 36 
456 432 
248 252 
256 80 
464 36 
460 428 
260 256 
252 44 
460 432 
256 248 
244 244 
464 36 
464 432 
252 256 
260 264 
460 36 
252 428 
256 252 
256 48 
436 36 
464 436 
260 252 
248 44 
456 452 
464 248 
260 252 
256 32 
456 436 
260 228 
256 256 
460 36 
460 432 
256 256 
248 36 
452 436 
248 436 
432 520 
260 44 
464 440 
260 252 
252 248 
252 44 
456 436 
256 252 
248 248 
960 36 
460 428 
260 248 
256 248 
456 36 
456 436 
260 256 
260 44 
456 440 
720 252 
252 260 
256 36 
460 432 
256 244 
252 44 
456 440 
252 436 
260 248 
256 156 
456 36 
460 436 
260 248 
248 40 
464 440 
464 436 
248 252 
256 44 
456 684 
260 216 
252 264 
244 248 
344 304 
516 212 
0 0 
0 0 
0 0 
232 220 
228 252 
216 220 
232 228 
252 256 
248 252 
252 432 
252 436 
460 436 
464 420 
456 432 
436 248 
252 328 
256 248 
256 252 
252 252 
252 252 
252 256 
252 256 
260 256 
252 252 
252 252 
252 252 
256 252 
232 252 
252 256 
456 432 
248 444 
248 36 
460 440 
456 436 
252 440 
256 312 
232 232 
252 252 
252 260 
256 252 
252 256 
252 252 
252 256 
252 256 
260 248 
256 232 
256 260 
264 252 
460 436 
460 440 
464 256 
272 212 
252 240 
472 212 
228 228 
260 252 
256 264 
260 248 
252 248 
248 252 
252 252 
244 244 
704 248 
256 256 
260 252 
248 248 
248 252 
252 252 
256 256 
260 256 
252 252 
260 580 
256 260 
252 256 
256 252 
252 244 
240 228 
232 248 
228 252 
236 244 
256 772 
256 256 
252 256 
256 252 
264 248 
268 248 
252 248 
264 248 
260 256 
256 248 
268 252 
260 252 
256 252 
260 248 
256 252 
264 248 
260 252 
260 252 
260 248 
268 244 
260 256 
216 248 
264 252 
256 252 
264 252 
264 248 
268 252 
264 248 
256 252 
260 212 
260 260 
264 248 
260 244 
268 232 
260 248 
272 248 
260 272 
248 256 
252 252 
252 260 
248 256 
252 252 
232 264 
208 248 
256 252 
248 256 
252 248 
256 252 
256 256 
252 252 
248 248 
232 240 
252 248 
256 252 
252 252 
232 252 
240 256 
252 260 
268 248 
232 252 
264 228 
260 256 
260 248 
256 256 
264 252 
264 248 
256 256 
260 248 
500 252 
260 228 
256 252 
256 256 
260 252 
264 256 
260 252 
268 256 
268 252 
696 256 
256 256 
276 256 
260 252 
260 252 
264 216 
260 212 
256 212 
260 256 
256 540 
260 260 
264 256 
228 208 
256 232 
252 260 
244 252 
216 224 
248 244 
252 248 
252 252 
252 252 
236 252 
216 256 
260 300 
248 248 
252 252 
248 252 
248 252 
248 244 
248 252 
260 252 
256 252 
252 228 
248 252 
232 252 
252 252 
252 252 
252 248 
252 248 
232 244 
248 252 
248 252 
252 248 
248 212 
256 252 
260 260 
248 252 
232 264 
228 244 
248 244 
256 232 
252 224 
248 252 
256 256 
240 208 
244 232 
236 252 
212 212 
248 252 
252 244 
232 228 
260 248 
252 204 
252 256 
212 212 
256 252 
248 236 
260 256 
252 256 
216 228 
260 260 
256 260 
252 252 
248 256 
256 256 
256 252 
252 228 
260 256 
252 264 
260 252 
252 256 
252 248 
252 248 
248 248 
252 244 
252 252 
536 252 
228 244 
252 248 
256 248 
260 212 
240 212 
248 204 
236 228 
208 236 
252 348 
252 248 
252 228 
248 204 
252 248 
260 252 
232 248 
252 260 
256 224 
472 252 
212 220 
212 252 
252 224 
232 228 
232 244 
208 208 
260 240 
252 260 
232 268 
228 216 
228 228 
232 256 
212 252 
256 256 
228 224 
248 468 
256 228 
236 248 
248 208 
256 248 
252 244 
244 256 
204 212 
252 224 
252 212 
260 228 
248 252 
252 268 
252 252 
256 260 
252 212 
264 616 
252 204 
264 224 
252 216 
216 208 
216 252 
268 260 
248 208 
248 228 
252 248 
236 236 
248 252 
232 224 
228 228 
248 208 
224 244 
264 252 
252 248 
208 252 
252 244 
252 252 
212 260 
252 240 
248 216 
252 248 
248 256 
216 216 
212 248 
232 228 
252 252 
244 208 
212 228 
248 248 
256 260 
208 212 
252 256 
252 248 
224 248 
248 264 
256 252 
252 256 
252 252 
252 232 
260 252 
260 252 
536 244 
248 248 
248 248 
252 252 
248 244 
252 228 
248 244 
252 260 
256 236 
764 248 
248 252 
252 248 
256 244 
284 216 
248 248 
264 248 
252 252 
248 244 
252 628 
252 252 
260 220 
252 248 
260 244 
232 444 
228 224 
228 228 
228 248 
248 248 
252 248 
256 248 
260 252 
264 244 
212 252 
464 260 
208 248 
228 248 
212 248 
252 252 
252 256 
248 248 
260 268 
252 248 
260 248 
248 252 
256 248 
256 248 
248 252 
256 244 
252 256 
232 252 
208 252 
252 232 
256 252 
256 252 
248 248 
248 252 
248 240 
248 248 
224 224 
208 248 
232 248 
252 248 
240 252 
472 256 
256 248 
256 252 
264 256 
216 216 
248 244 
236 260 
248 212 
248 252 
232 232 
204 252 
256 248 
260 248 
232 252 
252 252 
236 232 
252 252 
256 256 
252 252 
256 252 
252 248 
260 236 
252 256 
320 256 
256 228 
256 244 
248 248 
256 252 
252 252 
248 248 
248 252 
232 200 
556 248 
244 248 
244 248 
252 252 
252 248 
228 232 
232 228 
232 232 
252 256 
256 360 
252 208 
256 248 
252 256 
232 252 
256 252 
264 252 
252 252 
248 260 
252 620 
304 228 
256 244 
256 248 
252 248 
256 256 
256 208 
252 264 
248 240 
264 248 
212 228 
248 244 
252 256 
220 216 
244 248 
252 252 
256 252 
252 252 
248 220 
252 252 
264 244 
248 248 
252 252 
256 248 
248 248 
252 252 
256 208 
244 208 
252 248 
252 244 
248 252 
256 248 
244 228 
248 468 
260 248 
256 240 
252 248 
256 248 
256 212 
248 248 
252 252 
248 248 
224 256 
248 244 
256 252 
256 260 
216 248 
244 252 
252 252 
248 256 
248 248 
236 252 
256 248 
260 256 
256 252 
248 248 
256 252 
204 248 
248 248 
252 264 
248 252 
256 248 
260 244 
216 252 
248 252 
264 248 
212 248 
260 248 
736 712 
252 224 
376 260 
252 244 
256 252 
252 248 
248 256 
224 240 
252 248 
608 264 
256 252 
252 252 
252 248 
