# ./FR-trace starting at Thu Mar 19 02:41:27 2020
################# CONFIG #################
# slot=5000
# samples=10000
# threshold=100
# idle=500
# minlen=500
# runs=10000
# pdathreads=2
# nmonitored=2
#   monitor0=../apps/openssl ecp_smpl.c:927 0x1e3e58
#   monitor1=../apps/openssl ecp_smpl.c:934 0x1e3af3
# nevicted=0
# npdatargets=2
#   target0=../apps/openssl bn_lib.c:514 0x102fb9
#   target1=../apps/openssl bn_lib.c:543 0x103025
# affinity=all
############## SYSTEM INFO ###############
# mastik_version=
# sysname=Linux
# nodename=lovelace
# release=5.3.7-arch1-1-ARCH
# version=#1 SMP PREEMPT Fri Oct 18 00:17:03 UTC 2019
# machine=x86_64
################## DATA ##################
# run=8077
# datapoints=1529
44 52 
228 208 
44 48 
44 44 
40 44 
40 44 
228 208 
232 208 
236 216 
232 228 
232 212 
228 204 
236 256 
232 212 
216 208 
228 236 
232 216 
228 212 
228 228 
228 216 
228 244 
228 216 
228 232 
44 52 
232 212 
232 216 
244 228 
240 232 
228 232 
40 44 
236 220 
224 212 
216 212 
228 228 
228 44 
228 236 
236 232 
236 240 
228 232 
228 44 
280 220 
232 208 
232 216 
228 232 
232 44 
232 208 
228 248 
236 224 
228 208 
532 232 
228 48 
240 212 
228 212 
240 232 
228 232 
236 40 
232 212 
228 232 
740 208 
228 228 
228 48 
228 232 
232 208 
232 208 
236 240 
232 232 
228 40 
232 604 
236 240 
228 212 
232 228 
228 232 
236 52 
232 204 
228 208 
228 232 
232 232 
228 44 
232 228 
236 236 
232 208 
228 232 
224 48 
232 212 
228 212 
236 212 
236 212 
228 228 
228 44 
236 212 
240 208 
228 212 
228 232 
228 252 
228 44 
196 212 
228 196 
232 188 
232 228 
224 44 
232 216 
232 208 
216 216 
244 204 
212 228 
208 44 
212 212 
212 208 
204 232 
208 212 
212 44 
232 216 
224 212 
236 212 
228 208 
224 48 
232 212 
232 216 
236 212 
232 224 
208 48 
212 208 
212 212 
380 208 
208 232 
220 48 
216 48 
212 208 
232 212 
232 232 
208 228 
208 48 
208 216 
212 216 
212 232 
324 232 
212 44 
228 216 
232 208 
236 220 
228 220 
236 44 
228 216 
224 212 
524 216 
204 228 
232 44 
212 212 
208 208 
212 208 
208 208 
212 228 
208 44 
212 392 
236 208 
232 208 
228 232 
236 44 
232 212 
228 212 
232 212 
240 228 
232 44 
216 208 
232 208 
232 204 
228 216 
232 44 
228 240 
228 196 
232 212 
188 240 
244 44 
192 208 
192 240 
200 240 
188 232 
188 44 
192 216 
192 212 
228 200 
228 228 
228 48 
232 196 
228 192 
232 196 
228 236 
232 48 
232 44 
196 208 
192 208 
192 232 
188 236 
192 44 
188 212 
228 216 
200 232 
228 232 
228 44 
192 216 
228 232 
228 212 
228 228 
232 44 
204 244 
236 232 
228 228 
228 228 
232 44 
228 240 
236 240 
236 244 
228 232 
204 44 
192 200 
228 292 
232 296 
212 312 
228 44 
228 212 
232 220 
232 216 
236 216 
228 44 
228 208 
228 208 
228 236 
228 228 
232 232 
232 44 
232 308 
232 324 
232 304 
188 236 
188 44 
192 192 
188 216 
232 228 
204 228 
192 508 
208 44 
192 216 
192 220 
188 228 
188 212 
228 192 
228 44 
232 220 
236 428 
236 212 
232 232 
232 40 
228 216 
232 212 
208 212 
228 232 
208 48 
212 668 
208 212 
212 220 
212 212 
216 44 
236 216 
228 212 
236 216 
208 208 
208 172 
216 52 
212 208 
208 212 
208 232 
204 232 
232 40 
236 208 
240 240 
232 212 
228 232 
228 44 
232 244 
236 208 
220 212 
320 228 
208 40 
228 216 
236 232 
232 208 
228 232 
232 44 
232 216 
228 212 
236 236 
228 232 
232 52 
224 208 
236 216 
232 216 
232 232 
228 48 
232 212 
216 212 
236 216 
232 232 
228 236 
204 48 
224 208 
216 216 
212 228 
208 220 
208 44 
232 212 
228 208 
236 208 
228 208 
228 44 
236 216 
232 228 
232 216 
208 212 
232 232 
212 44 
216 212 
212 208 
228 236 
208 232 
208 44 
316 216 
236 224 
216 212 
208 232 
208 44 
212 216 
208 208 
204 208 
212 236 
548 44 
216 232 
232 208 
232 212 
232 232 
236 44 
232 216 
236 232 
232 212 
228 468 
228 228 
232 48 
236 216 
236 212 
228 232 
228 232 
232 48 
216 216 
232 188 
272 212 
188 200 
188 44 
192 196 
188 188 
216 212 
216 192 
212 44 
228 236 
228 208 
232 208 
232 232 
232 44 
232 236 
228 212 
232 212 
228 232 
224 44 
232 204 
236 200 
232 196 
232 192 
228 48 
232 192 
232 192 
196 212 
232 228 
228 44 
232 216 
240 216 
228 212 
228 232 
228 44 
232 220 
236 236 
236 228 
232 232 
232 44 
232 232 
232 224 
232 244 
208 232 
228 72 
228 44 
228 212 
232 208 
232 216 
228 236 
236 44 
232 216 
212 232 
232 236 
232 228 
228 44 
232 204 
236 212 
236 208 
232 232 
228 40 
236 212 
196 204 
232 192 
236 196 
228 192 
228 44 
236 200 
192 236 
344 212 
200 212 
200 44 
192 48 
192 240 
192 208 
192 240 
228 196 
232 40 
232 220 
232 192 
236 196 
232 192 
236 44 
232 196 
228 192 
192 208 
232 236 
236 44 
208 216 
212 208 
192 228 
188 232 
192 472 
188 48 
232 196 
192 212 
236 212 
232 188 
228 48 
232 212 
232 208 
236 208 
228 232 
212 44 
232 220 
216 236 
212 240 
208 228 
208 44 
204 216 
220 232 
204 208 
224 228 
204 40 
216 208 
208 208 
224 224 
208 232 
208 48 
216 212 
228 212 
236 204 
228 208 
228 40 
228 204 
232 216 
232 212 
232 232 
228 208 
208 44 
228 212 
212 212 
208 212 
208 208 
208 48 
244 212 
236 212 
236 228 
228 228 
224 236 
236 44 
228 240 
228 208 
220 228 
212 232 
220 48 
232 220 
236 244 
208 208 
208 232 
232 44 
212 224 
228 216 
208 212 
204 212 
208 48 
236 216 
232 208 
232 212 
228 228 
232 44 
236 240 
212 216 
208 212 
372 212 
232 232 
224 44 
228 244 
236 228 
228 216 
232 228 
228 44 
228 208 
616 212 
232 240 
228 208 
232 232 
232 48 
228 212 
236 212 
232 208 
228 232 
232 44 
232 240 
240 232 
236 244 
228 232 
228 40 
232 212 
236 232 
232 216 
228 744 
228 48 
232 252 
228 208 
228 220 
228 232 
232 228 
228 48 
236 208 
228 200 
228 192 
228 192 
228 188 
212 44 
228 196 
228 192 
228 196 
236 192 
228 48 
228 216 
232 192 
196 212 
320 228 
228 44 
228 208 
228 232 
228 216 
212 236 
204 232 
204 48 
232 200 
236 232 
232 192 
232 188 
228 40 
236 200 
232 200 
232 232 
232 188 
188 44 
192 236 
228 212 
212 196 
228 196 
232 48 
232 200 
228 192 
228 208 
228 232 
232 44 
232 220 
212 216 
232 212 
232 228 
228 48 
212 228 
192 228 
228 208 
232 204 
628 40 
232 196 
236 236 
236 240 
236 232 
228 48 
232 244 
236 204 
228 228 
236 328 
232 44 
236 236 
232 236 
240 240 
232 228 
284 44 
228 240 
232 216 
228 224 
228 232 
232 48 
236 216 
236 208 
220 212 
232 212 
216 232 
208 44 
208 508 
208 208 
208 216 
204 212 
208 44 
232 220 
232 240 
232 220 
228 236 
232 44 
236 212 
208 216 
228 208 
228 232 
208 212 
236 44 
236 208 
232 216 
228 208 
228 204 
228 44 
236 224 
212 208 
192 216 
212 212 
228 40 
232 208 
232 232 
236 244 
228 232 
228 240 
232 44 
232 228 
232 208 
228 232 
228 232 
228 44 
232 212 
232 232 
232 212 
228 232 
228 44 
228 232 
236 212 
232 204 
228 232 
232 44 
236 236 
228 212 
236 212 
228 232 
212 236 
232 44 
228 208 
232 208 
224 216 
228 232 
228 44 
208 212 
208 208 
212 208 
216 208 
220 40 
224 236 
224 240 
208 212 
208 208 
208 44 
220 216 
220 236 
208 212 
228 208 
228 212 
208 48 
212 208 
204 212 
212 208 
396 212 
208 48 
216 208 
236 240 
228 232 
228 228 
236 60 
224 216 
232 208 
652 220 
228 236 
212 48 
228 212 
236 208 
228 228 
232 232 
232 44 
232 236 
236 488 
232 232 
232 232 
216 44 
208 212 
208 244 
208 208 
232 212 
228 40 
208 224 
224 236 
236 216 
228 212 
228 44 
228 204 
232 212 
232 216 
228 204 
208 44 
232 220 
208 236 
208 216 
212 232 
204 48 
212 224 
212 208 
208 208 
232 236 
228 212 
228 44 
236 216 
236 212 
232 208 
204 208 
228 48 
204 224 
228 236 
240 216 
228 232 
228 40 
236 212 
228 208 
240 232 
228 212 
228 232 
232 44 
232 212 
236 236 
228 232 
232 228 
228 52 
212 212 
228 208 
236 228 
228 228 
232 44 
236 220 
236 240 
228 212 
228 232 
216 48 
232 244 
228 212 
236 236 
228 232 
232 40 
228 212 
228 212 
196 232 
228 212 
228 228 
228 44 
236 220 
232 220 
228 236 
232 232 
228 40 
452 216 
236 212 
232 212 
228 236 
228 44 
232 216 
228 208 
232 212 
228 236 
700 48 
236 212 
208 212 
232 236 
212 208 
204 44 
212 212 
212 208 
212 208 
204 556 
208 40 
236 208 
220 212 
208 220 
208 232 
204 232 
228 44 
212 232 
204 212 
240 208 
228 232 
228 40 
228 204 
232 208 
228 216 
228 232 
232 44 
240 208 
232 216 
236 208 
208 208 
228 44 
232 48 
232 212 
232 252 
228 212 
228 228 
232 44 
236 240 
228 232 
228 224 
236 240 
228 228 
232 48 
224 216 
224 192 
232 200 
232 188 
232 48 
188 216 
232 216 
236 228 
228 228 
228 48 
240 240 
228 208 
228 232 
236 196 
188 232 
212 44 
192 196 
188 204 
192 192 
192 192 
188 48 
192 192 
236 208 
232 204 
204 456 
192 208 
188 44 
196 236 
188 212 
188 208 
192 232 
232 48 
228 216 
232 212 
232 204 
228 232 
228 48 
228 220 
232 208 
236 216 
232 232 
232 44 
468 212 
232 224 
236 240 
232 228 
228 48 
228 216 
232 240 
232 236 
232 208 
708 232 
228 48 
236 236 
236 240 
228 220 
228 232 
224 48 
240 212 
236 216 
228 572 
228 232 
232 232 
228 44 
232 212 
232 236 
228 212 
228 232 
228 48 
236 212 
232 232 
232 208 
232 232 
232 44 
228 216 
240 208 
232 212 
228 212 
228 232 
228 48 
196 212 
228 200 
232 200 
228 188 
228 144 
200 48 
236 192 
188 208 
188 232 
200 232 
188 44 
192 208 
320 192 
196 212 
232 232 
228 44 
228 192 
232 188 
236 212 
232 216 
232 48 
236 216 
232 236 
188 236 
228 232 
200 232 
192 44 
192 212 
188 208 
196 216 
188 232 
188 44 
240 208 
188 248 
232 232 
228 232 
228 236 
232 48 
228 212 
236 212 
208 232 
228 228 
236 44 
228 212 
228 208 
236 244 
232 232 
228 44 
196 188 
208 204 
216 208 
208 212 
208 208 
236 44 
236 208 
236 240 
236 240 
488 232 
232 52 
236 216 
232 208 
232 208 
204 212 
232 40 
232 212 
236 228 
748 232 
232 208 
236 40 
228 212 
228 220 
232 220 
208 224 
208 44 
208 208 
208 596 
208 216 
204 208 
204 212 
232 44 
236 216 
236 216 
228 208 
228 232 
228 44 
232 212 
232 212 
236 232 
228 232 
232 44 
240 216 
232 232 
232 212 
232 232 
228 232 
236 44 
228 232 
236 208 
228 232 
212 192 
216 232 
192 188 
204 224 
188 228 
208 236 
224 236 
228 260 
192 236 
228 232 
228 220 
236 220 
236 236 
236 208 
236 216 
236 252 
232 208 
228 228 
208 212 
228 228 
228 216 
228 236 
228 236 
232 232 
232 232 
228 232 
228 232 
204 228 
232 232 
228 228 
228 228 
232 236 
228 232 
228 228 
228 228 
228 232 
208 212 
208 212 
212 236 
212 208 
212 228 
212 152 
208 208 
208 212 
264 220 
212 208 
208 256 
208 216 
212 212 
732 236 
232 232 
228 228 
228 232 
508 232 
228 232 
232 232 
228 228 
232 236 
208 208 
240 204 
212 212 
212 236 
680 192 
204 208 
188 188 
208 212 
208 208 
228 208 
208 228 
228 236 
228 236 
228 600 
232 212 
228 1116 
228 228 
232 228 
228 232 
208 232 
220 232 
212 236 
228 228 
212 224 
204 232 
228 212 
228 208 
228 228 
220 236 
208 232 
232 232 
200 236 
228 228 
208 248 
228 232 
232 232 
232 208 
228 328 
232 232 
208 232 
320 208 
232 232 
228 268 
256 232 
228 228 
192 236 
228 232 
196 224 
228 192 
188 236 
224 208 
232 232 
228 232 
232 232 
500 228 
204 232 
196 232 
228 192 
228 192 
188 232 
228 228 
232 232 
228 332 
232 232 
212 236 
208 192 
228 232 
228 232 
232 232 
228 228 
232 232 
228 228 
228 232 
208 212 
228 228 
232 236 
232 228 
232 236 
232 232 
228 228 
228 228 
304 232 
236 208 
208 216 
228 236 
228 228 
232 228 
232 228 
228 228 
228 232 
512 232 
228 232 
228 232 
236 232 
228 232 
232 228 
228 236 
228 232 
228 228 
744 228 
232 232 
228 228 
228 236 
232 232 
232 240 
0 0 
0 0 
228 232 
228 616 
228 200 
228 192 
192 220 
284 212 
232 188 
208 200 
228 196 
212 216 
232 232 
192 188 
212 192 
204 208 
232 196 
728 444 
208 232 
228 236 
292 232 
228 236 
228 196 
192 232 
188 192 
188 192 
184 192 
188 192 
192 192 
192 312 
188 192 
208 232 
188 196 
184 236 
192 212 
212 344 
192 208 
192 232 
188 192 
188 228 
208 192 
232 232 
232 192 
228 188 
336 240 
208 232 
208 228 
228 204 
228 236 
228 232 
228 208 
196 232 
188 236 
228 232 
188 196 
204 192 
236 212 
228 232 
228 228 
228 232 
208 212 
208 232 
232 212 
204 204 
204 236 
204 228 
204 236 
232 192 
208 212 
192 196 
224 236 
208 208 
228 208 
324 192 
188 212 
232 232 
332 192 
228 208 
208 212 
212 232 
192 232 
232 228 
228 208 
192 228 
212 212 
212 208 
232 232 
228 232 
232 232 
188 412 
228 236 
228 232 
208 232 
228 212 
228 236 
232 192 
232 232 
196 204 
200 644 
200 196 
208 192 
216 232 
212 216 
224 212 
228 188 
216 196 
232 212 
188 208 
228 208 
240 208 
216 212 
228 192 
208 232 
204 236 
188 236 
216 228 
212 232 
212 212 
328 220 
208 228 
232 232 
188 240 
228 236 
192 204 
232 232 
232 232 
228 192 
232 192 
228 228 
208 232 
228 232 
208 188 
192 232 
232 232 
232 232 
192 232 
228 232 
208 212 
228 232 
228 232 
208 228 
228 232 
228 304 
200 196 
228 208 
228 232 
208 208 
188 228 
188 192 
192 192 
456 268 
228 228 
212 188 
228 348 
208 216 
196 216 
228 232 
424 496 
208 212 
228 208 
208 232 
208 224 
228 236 
228 216 
232 228 
208 232 
324 232 
228 208 
232 200 
208 204 
228 188 
192 188 
232 228 
208 232 
232 216 
552 232 
232 208 
228 216 
228 212 
212 208 
212 484 
208 212 
212 212 
208 208 
232 408 
232 232 
208 228 
208 220 
212 228 
208 232 
208 208 
192 192 
228 232 
212 224 
228 196 
208 232 
232 232 
228 236 
184 196 
228 232 
228 232 
228 228 
212 208 
228 212 
208 212 
212 212 
208 208 
204 208 
208 212 
212 192 
188 232 
188 212 
228 228 
232 228 
224 216 
228 228 
228 232 
228 228 
228 232 
232 232 
228 192 
228 232 
232 228 
232 232 
232 232 
228 232 
232 232 
192 232 
228 232 
212 232 
228 236 
208 228 
232 232 
228 232 
228 232 
228 236 
228 228 
232 192 
228 232 
232 232 
192 228 
232 236 
232 228 
228 228 
208 236 
232 196 
228 232 
228 236 
228 232 
228 216 
228 232 
228 228 
232 192 
216 220 
228 232 
228 204 
196 192 
228 208 
228 236 
228 232 
228 212 
356 196 
228 208 
212 228 
232 232 
228 228 
380 232 
300 232 
192 204 
216 208 
232 748 
192 232 
224 232 
208 236 
188 232 
192 232 
192 220 
228 192 
228 232 
208 208 
228 192 
232 192 
192 188 
212 192 
228 196 
212 196 
188 236 
216 208 
192 236 
288 204 
232 228 
248 232 
228 232 
200 232 
232 188 
228 236 
228 232 
228 236 
228 236 
212 232 
228 240 
228 232 
228 232 
228 228 
228 228 
228 232 
232 236 
232 232 
232 232 
204 232 
232 232 
236 196 
188 216 
188 212 
228 232 
288 228 
228 232 
232 236 
228 232 
228 208 
232 232 
228 232 
228 220 
228 212 
228 232 
188 240 
228 228 
232 232 
228 200 
232 208 
208 232 
232 232 
208 232 
228 228 
