# ./FR-trace starting at Thu Mar 19 02:31:50 2020
################# CONFIG #################
# slot=5000
# samples=10000
# threshold=100
# idle=500
# minlen=500
# runs=10000
# pdathreads=2
# nmonitored=2
#   monitor0=../apps/openssl ecp_smpl.c:927 0x1e3e58
#   monitor1=../apps/openssl ecp_smpl.c:934 0x1e3af3
# nevicted=0
# npdatargets=2
#   target0=../apps/openssl bn_lib.c:514 0x102fb9
#   target1=../apps/openssl bn_lib.c:543 0x103025
# affinity=all
############## SYSTEM INFO ###############
# mastik_version=
# sysname=Linux
# nodename=lovelace
# release=5.3.7-arch1-1-ARCH
# version=#1 SMP PREEMPT Fri Oct 18 00:17:03 UTC 2019
# machine=x86_64
################## DATA ##################
# run=7561
# datapoints=1525
48 52 
224 204 
44 232 
48 216 
44 40 
228 208 
268 208 
228 208 
232 216 
152 148 
240 232 
232 232 
236 212 
236 220 
232 232 
540 208 
236 236 
228 232 
236 208 
236 236 
228 212 
232 228 
52 48 
44 44 
44 48 
44 40 
236 204 
240 232 
232 208 
232 232 
228 232 
44 36 
236 44 
228 624 
232 208 
232 236 
232 40 
236 232 
236 208 
232 212 
244 244 
240 228 
236 40 
240 212 
236 212 
228 212 
232 228 
228 40 
228 204 
232 208 
232 212 
232 236 
228 44 
232 204 
236 216 
236 208 
232 228 
232 40 
240 212 
224 212 
232 208 
228 228 
224 44 
232 228 
240 216 
232 232 
228 228 
236 44 
240 232 
232 208 
232 228 
228 232 
232 36 
240 236 
232 228 
216 216 
228 232 
228 44 
240 212 
236 208 
236 208 
236 228 
232 232 
228 40 
216 212 
232 208 
236 208 
232 228 
228 40 
228 208 
236 216 
240 236 
232 232 
208 44 
232 216 
236 232 
232 208 
232 228 
236 228 
240 44 
240 208 
288 212 
232 228 
236 228 
232 44 
232 204 
232 236 
236 212 
236 232 
228 44 
524 212 
232 232 
232 208 
232 232 
236 40 
236 212 
240 208 
228 212 
228 228 
228 48 
236 252 
228 208 
232 208 
228 232 
232 40 
232 216 
232 216 
236 212 
232 656 
232 40 
240 220 
232 236 
232 232 
228 228 
232 44 
236 212 
232 212 
232 212 
228 228 
228 40 
240 216 
236 204 
244 216 
232 232 
236 44 
240 252 
232 204 
232 228 
232 228 
228 232 
232 40 
236 204 
236 208 
232 228 
236 228 
228 44 
236 216 
228 212 
228 228 
228 232 
232 40 
228 224 
264 212 
236 232 
228 232 
232 44 
236 212 
232 212 
240 240 
228 228 
208 44 
228 208 
236 232 
236 208 
228 232 
240 44 
232 216 
232 232 
236 232 
220 228 
232 232 
236 40 
236 220 
240 236 
240 240 
232 228 
232 36 
236 212 
244 220 
228 212 
228 232 
232 48 
244 216 
240 212 
232 208 
236 208 
312 224 
228 44 
240 216 
232 212 
232 208 
228 228 
228 40 
240 204 
228 208 
544 216 
228 228 
228 44 
240 212 
232 204 
236 208 
232 232 
232 44 
236 236 
236 384 
244 208 
228 228 
236 40 
236 220 
232 228 
240 236 
228 228 
228 44 
244 648 
236 232 
232 212 
228 228 
228 232 
236 44 
236 212 
232 216 
232 228 
228 188 
236 44 
236 208 
232 212 
252 232 
232 228 
232 48 
232 204 
232 208 
232 232 
228 232 
232 44 
228 216 
236 240 
228 232 
232 228 
236 40 
240 216 
232 212 
232 232 
228 228 
232 44 
236 224 
236 224 
240 232 
232 232 
232 48 
240 212 
232 236 
228 228 
228 232 
268 44 
232 212 
212 236 
236 236 
232 228 
228 40 
236 216 
236 216 
240 236 
232 232 
228 48 
216 208 
232 236 
232 208 
232 232 
232 44 
232 208 
236 212 
232 232 
236 208 
220 208 
228 44 
236 208 
228 208 
236 208 
232 228 
232 44 
236 208 
348 208 
232 208 
232 228 
232 44 
240 216 
236 240 
236 228 
236 232 
232 44 
572 212 
232 212 
236 236 
236 228 
228 44 
232 212 
228 208 
228 228 
232 232 
236 44 
228 208 
232 208 
228 208 
232 232 
236 44 
236 208 
232 212 
228 208 
232 684 
228 44 
232 216 
236 240 
232 208 
228 228 
232 36 
244 212 
232 232 
244 236 
236 232 
228 236 
228 44 
240 220 
236 240 
232 232 
232 232 
232 44 
236 236 
232 204 
236 228 
232 232 
232 44 
236 212 
240 236 
232 212 
236 232 
228 44 
236 216 
236 236 
232 204 
232 228 
232 40 
232 216 
232 208 
236 236 
232 228 
232 40 
228 216 
232 208 
236 212 
228 232 
220 40 
248 236 
232 208 
232 208 
228 228 
232 40 
236 212 
232 204 
232 204 
212 208 
232 44 
232 212 
228 236 
236 236 
236 228 
232 44 
228 220 
232 212 
236 216 
232 232 
232 44 
232 204 
232 208 
236 212 
228 232 
228 40 
352 212 
232 236 
240 232 
232 228 
232 44 
240 224 
232 208 
236 220 
232 228 
588 40 
240 216 
236 224 
236 236 
228 232 
224 44 
228 212 
232 208 
232 212 
232 444 
240 40 
236 204 
240 236 
236 248 
228 228 
232 44 
244 212 
236 212 
240 664 
232 232 
228 44 
232 232 
232 232 
244 244 
232 232 
228 44 
236 212 
232 208 
236 252 
232 232 
232 44 
240 204 
228 212 
232 208 
232 232 
228 44 
236 212 
232 248 
232 232 
232 232 
240 44 
240 208 
240 220 
240 208 
232 228 
232 44 
232 212 
236 208 
232 232 
228 232 
228 44 
232 216 
236 224 
236 212 
232 228 
236 44 
244 236 
232 208 
236 212 
232 228 
208 40 
228 216 
236 228 
244 216 
232 232 
228 48 
232 208 
236 208 
232 228 
208 212 
228 44 
232 224 
240 236 
0 0 
0 0 
0 0 
236 232 
280 228 
232 208 
212 192 
228 232 
232 232 
240 224 
236 224 
236 232 
236 48 
392 208 
236 236 
228 212 
252 212 
232 228 
228 44 
236 208 
228 208 
236 212 
612 228 
236 44 
236 212 
232 216 
228 212 
232 232 
228 44 
236 212 
232 248 
240 460 
232 232 
236 40 
232 212 
236 216 
232 232 
228 224 
228 48 
236 212 
232 672 
232 228 
224 40 
236 204 
232 232 
232 212 
232 228 
232 220 
240 40 
240 212 
236 212 
236 240 
232 228 
232 40 
232 208 
236 212 
236 232 
228 232 
236 48 
236 208 
232 204 
232 212 
232 232 
236 44 
228 212 
240 236 
228 232 
236 228 
232 44 
236 216 
232 212 
236 236 
232 232 
232 44 
236 216 
232 232 
232 232 
236 236 
240 48 
236 208 
236 208 
232 232 
208 232 
240 44 
232 208 
236 216 
236 232 
232 228 
228 44 
236 248 
236 240 
212 236 
232 232 
228 44 
236 208 
240 240 
236 236 
232 228 
232 40 
240 236 
236 220 
232 212 
232 228 
232 208 
240 44 
236 232 
232 208 
228 212 
396 232 
228 40 
232 232 
236 216 
228 232 
232 232 
236 44 
232 236 
232 208 
632 224 
232 228 
232 48 
232 232 
232 212 
228 232 
232 104 
232 44 
236 208 
232 488 
228 208 
236 232 
236 40 
236 208 
236 228 
228 208 
228 232 
232 40 
240 708 
228 216 
244 212 
232 232 
228 40 
240 208 
276 212 
228 228 
228 232 
228 44 
232 220 
236 248 
244 232 
232 232 
236 44 
228 212 
236 208 
236 208 
232 232 
228 40 
236 220 
228 208 
232 232 
236 236 
228 44 
228 208 
232 208 
240 236 
236 232 
228 44 
236 212 
232 208 
236 212 
232 232 
232 44 
236 208 
232 216 
236 232 
236 228 
236 40 
232 212 
232 232 
208 232 
232 232 
240 84 
228 236 
232 204 
232 208 
228 232 
240 44 
232 208 
212 224 
232 208 
236 232 
236 44 
240 236 
228 240 
236 236 
232 232 
232 44 
232 208 
228 244 
236 208 
228 228 
228 44 
240 208 
248 228 
236 236 
440 228 
236 44 
232 216 
232 204 
236 220 
224 228 
228 44 
228 208 
240 212 
660 208 
228 228 
228 40 
236 224 
240 236 
236 208 
228 232 
228 44 
236 212 
232 524 
236 208 
232 232 
228 40 
236 208 
236 208 
232 204 
236 232 
232 40 
240 744 
236 240 
232 232 
228 228 
240 44 
232 204 
236 240 
232 232 
232 228 
232 40 
236 204 
232 212 
232 236 
232 236 
228 44 
232 216 
232 212 
232 228 
228 228 
236 40 
232 240 
232 216 
236 232 
232 232 
232 44 
232 212 
236 248 
264 232 
232 232 
232 40 
236 236 
232 208 
236 208 
232 228 
232 40 
232 224 
240 236 
236 252 
228 228 
232 44 
236 208 
236 208 
216 236 
232 232 
232 40 
236 204 
224 212 
228 204 
232 228 
228 44 
236 212 
212 232 
236 236 
240 232 
228 232 
240 48 
232 212 
232 236 
228 224 
208 228 
228 44 
240 208 
240 232 
236 208 
228 232 
236 40 
236 216 
272 212 
440 236 
228 208 
228 44 
236 232 
232 236 
260 212 
228 228 
228 44 
236 212 
680 208 
232 208 
232 232 
228 44 
236 212 
228 208 
236 232 
232 232 
228 44 
236 504 
240 240 
232 212 
232 232 
232 40 
236 208 
228 208 
240 236 
232 232 
236 44 
232 212 
236 208 
236 208 
236 228 
228 44 
236 208 
236 208 
240 224 
232 228 
228 40 
232 216 
232 216 
232 208 
240 232 
228 44 
228 212 
232 212 
228 228 
232 228 
236 44 
232 212 
232 232 
236 232 
228 256 
232 48 
236 212 
236 236 
232 232 
228 232 
232 44 
228 212 
232 208 
236 208 
236 232 
240 44 
232 216 
232 228 
236 208 
232 232 
232 40 
232 212 
216 212 
236 208 
224 232 
232 44 
236 248 
224 208 
232 204 
236 228 
232 44 
208 308 
240 228 
236 204 
232 232 
228 188 
228 40 
240 244 
240 208 
240 232 
236 208 
228 40 
240 240 
236 208 
228 232 
228 228 
236 48 
232 240 
476 236 
236 212 
236 228 
232 40 
236 236 
240 236 
228 232 
228 224 
228 44 
704 212 
232 232 
232 216 
232 228 
232 44 
232 212 
232 212 
232 248 
232 232 
232 568 
232 40 
236 208 
232 208 
236 212 
232 232 
232 40 
240 216 
232 212 
236 212 
232 232 
232 44 
236 212 
240 212 
236 232 
232 232 
232 40 
232 204 
256 208 
232 228 
228 228 
232 44 
232 212 
232 208 
240 208 
236 228 
228 40 
236 212 
240 208 
236 208 
232 228 
232 44 
236 244 
236 220 
236 228 
232 232 
232 228 
236 44 
240 208 
236 220 
232 212 
228 228 
216 44 
236 212 
232 240 
224 232 
232 232 
232 48 
240 208 
232 212 
228 236 
208 232 
240 40 
240 204 
228 208 
232 236 
232 232 
236 48 
236 212 
232 212 
212 220 
232 232 
232 40 
240 212 
240 216 
236 244 
228 228 
232 44 
248 212 
236 204 
236 208 
232 228 
228 44 
236 212 
232 208 
232 212 
232 236 
492 44 
236 212 
232 208 
240 208 
232 228 
228 40 
232 212 
228 256 
236 216 
720 236 
228 40 
236 208 
240 212 
236 220 
232 232 
236 44 
236 208 
236 212 
232 592 
236 228 
228 44 
236 208 
236 236 
236 232 
228 232 
228 44 
232 220 
232 272 
232 208 
236 232 
232 48 
236 212 
236 212 
236 228 
236 236 
236 44 
232 208 
236 236 
232 212 
236 228 
232 48 
236 212 
236 208 
232 228 
232 228 
240 44 
232 232 
228 208 
232 208 
228 228 
236 44 
236 208 
236 208 
240 220 
240 192 
232 208 
232 228 
240 232 
232 228 
208 216 
196 216 
192 192 
204 260 
212 232 
192 192 
232 228 
212 220 
228 232 
476 44 
212 216 
244 212 
228 232 
240 208 
236 212 
236 212 
236 212 
236 204 
240 248 
212 280 
236 228 
232 232 
232 236 
232 228 
228 232 
228 228 
232 212 
256 228 
232 208 
232 232 
232 228 
232 228 
228 232 
228 236 
240 204 
232 228 
512 212 
200 232 
232 208 
232 232 
232 236 
236 212 
236 216 
236 232 
232 232 
736 204 
232 228 
228 240 
232 240 
232 240 
232 232 
228 232 
228 232 
232 232 
228 588 
232 228 
236 212 
232 208 
260 212 
228 232 
236 232 
236 232 
192 192 
236 228 
1200 232 
228 232 
232 232 
232 232 
192 220 
232 228 
236 232 
232 232 
228 232 
204 192 
232 232 
236 232 
208 228 
228 232 
228 232 
232 232 
232 228 
228 228 
212 228 
232 228 
228 232 
232 228 
228 232 
228 228 
236 228 
228 232 
228 228 
232 228 
216 192 
232 228 
188 192 
188 468 
232 236 
228 208 
228 232 
228 188 
232 232 
228 228 
228 232 
232 232 
232 232 
232 208 
216 228 
232 232 
228 228 
232 228 
212 232 
232 228 
228 228 
208 232 
204 208 
228 208 
232 232 
232 232 
208 232 
196 208 
208 232 
228 232 
264 232 
228 204 
232 228 
228 228 
232 228 
232 228 
212 216 
232 228 
232 228 
536 232 
192 228 
228 228 
228 228 
228 232 
232 228 
232 228 
232 232 
208 208 
232 384 
228 228 
232 232 
236 232 
232 232 
232 228 
232 228 
228 228 
232 232 
232 624 
228 236 
232 228 
232 232 
232 228 
232 228 
232 232 
228 228 
228 228 
232 232 
228 228 
232 232 
232 228 
228 228 
236 196 
208 232 
192 228 
228 228 
228 220 
204 212 
212 228 
208 232 
212 192 
236 228 
228 216 
232 216 
188 184 
208 224 
236 228 
192 228 
216 208 
220 208 
232 204 
208 228 
228 228 
208 228 
212 220 
228 228 
216 228 
232 216 
208 232 
220 320 
208 228 
228 208 
228 232 
236 216 
208 432 
188 228 
232 220 
192 232 
232 232 
236 232 
232 208 
236 208 
212 232 
228 208 
232 228 
232 228 
228 188 
216 408 
208 228 
228 208 
232 208 
196 228 
208 232 
236 232 
240 232 
232 200 
336 232 
224 228 
232 232 
232 236 
196 220 
212 188 
204 208 
236 204 
192 232 
528 228 
192 236 
196 192 
200 208 
228 240 
204 192 
232 208 
196 208 
228 228 
208 228 
268 208 
228 208 
236 232 
196 232 
208 232 
208 208 
212 232 
236 236 
228 624 
232 228 
192 188 
232 228 
228 228 
232 312 
208 232 
224 228 
236 232 
212 240 
228 188 
192 208 
236 212 
188 228 
228 200 
212 192 
220 228 
208 188 
212 232 
208 212 
192 232 
192 232 
192 236 
236 220 
192 212 
212 204 
228 192 
232 196 
280 232 
208 208 
228 196 
192 188 
184 248 
244 328 
192 208 
208 228 
208 268 
192 236 
232 232 
192 228 
236 188 
232 192 
188 228 
192 276 
192 188 
236 196 
236 208 
224 232 
232 192 
244 208 
228 200 
212 212 
236 228 
232 228 
232 212 
236 236 
232 232 
232 224 
236 232 
208 204 
216 188 
240 188 
188 232 
228 192 
192 212 
196 192 
192 244 
228 220 
192 208 
212 188 
192 188 
192 232 
232 232 
212 228 
236 188 
232 200 
212 228 
188 252 
212 236 
188 232 
216 192 
232 232 
208 208 
208 208 
212 232 
232 216 
192 476 
188 192 
240 232 
228 232 
208 228 
192 228 
232 192 
228 232 
232 232 
208 212 
232 204 
192 188 
188 220 
208 228 
416 192 
232 268 
232 232 
208 232 
232 188 
220 208 
232 232 
244 268 
228 236 
228 232 
192 232 
204 212 
228 232 
232 232 
232 232 
208 192 
188 232 
196 212 
228 232 
196 204 
232 232 
232 232 
348 204 
228 228 
232 232 
200 300 
232 232 
196 200 
228 192 
232 228 
232 228 
228 232 
332 212 
228 228 
228 232 
196 232 
228 244 
192 212 
212 204 
192 232 
232 228 
196 212 
232 232 
236 200 
236 232 
232 228 
208 232 
216 232 
228 228 
232 232 
228 232 
232 232 
228 228 
232 232 
228 228 
192 212 
236 232 
232 228 
232 232 
228 228 
232 228 
228 228 
228 228 
356 232 
232 208 
228 216 
236 232 
232 228 
236 232 
228 232 
228 228 
228 232 
560 232 
232 232 
232 232 
232 208 
228 228 
216 204 
188 232 
192 236 
236 228 
196 192 
236 192 
212 316 
228 232 
192 232 
228 188 
212 212 
228 192 
232 232 
232 692 
188 196 
228 232 
232 192 
232 228 
236 228 
216 232 
236 228 
232 228 
208 232 
232 208 
232 208 
236 228 
208 232 
232 228 
192 236 
232 232 
228 232 
240 224 
208 212 
208 200 
232 232 
228 196 
208 244 
228 244 
196 232 
232 208 
212 208 
228 228 
212 228 
228 232 
232 232 
232 232 
232 232 
236 232 
236 232 
192 232 
192 232 
188 232 
232 232 
204 236 
208 228 
208 208 
228 228 
232 232 
232 228 
236 228 
328 192 
228 232 
236 232 
216 200 
208 208 
232 228 
192 228 
232 232 
232 236 
192 200 
232 232 
320 208 
236 208 
188 188 
232 232 
232 232 
228 192 
228 192 
232 232 
236 228 
192 204 
336 228 
232 208 
232 232 
232 212 
228 232 
236 232 
212 228 
236 208 
