# ./FR-trace starting at Wed Mar 18 23:58:58 2020
################# CONFIG #################
# slot=5000
# samples=10000
# threshold=100
# idle=500
# minlen=500
# runs=10000
# pdathreads=2
# nmonitored=2
#   monitor0=../apps/openssl ecp_smpl.c:927 0x1e3e58
#   monitor1=../apps/openssl ecp_smpl.c:934 0x1e3af3
# nevicted=0
# npdatargets=2
#   target0=../apps/openssl bn_lib.c:514 0x102fb9
#   target1=../apps/openssl bn_lib.c:543 0x103025
# affinity=all
############## SYSTEM INFO ###############
# mastik_version=
# sysname=Linux
# nodename=lovelace
# release=5.3.7-arch1-1-ARCH
# version=#1 SMP PREEMPT Fri Oct 18 00:17:03 UTC 2019
# machine=x86_64
################## DATA ##################
# run=358
# datapoints=949
36 36 
532 236 
192 228 
156 268 
240 228 
196 188 
32 48 
196 236 
236 200 
440 40 
240 1032 
244 36 
240 232 
196 248 
616 40 
236 244 
236 40 
232 256 
196 40 
640 244 
240 236 
236 40 
196 224 
220 32 
196 236 
228 44 
240 236 
196 200 
196 44 
240 232 
196 40 
240 232 
196 228 
232 40 
236 192 
408 40 
240 192 
204 44 
196 192 
200 240 
200 40 
240 216 
212 36 
216 804 
240 228 
192 40 
200 236 
220 332 
220 192 
236 40 
216 40 
216 240 
240 44 
224 216 
200 40 
196 200 
236 40 
236 216 
236 240 
224 36 
244 236 
236 32 
212 204 
232 36 
204 216 
240 212 
192 40 
236 196 
236 36 
236 220 
208 40 
232 232 
224 188 
660 40 
216 196 
232 428 
208 236 
212 44 
200 216 
216 232 
220 40 
212 240 
420 44 
244 192 
204 40 
200 204 
196 240 
240 40 
192 196 
236 36 
196 204 
196 44 
196 212 
200 200 
200 44 
196 208 
868 36 
208 200 
192 48 
236 232 
220 196 
192 40 
212 200 
400 40 
240 232 
196 36 
244 240 
200 196 
196 40 
240 216 
448 40 
240 244 
204 40 
216 216 
204 64 
196 44 
236 236 
428 36 
204 208 
228 40 
232 196 
240 204 
196 40 
196 188 
400 44 
240 208 
232 44 
972 240 
236 44 
240 212 
228 232 
244 40 
240 216 
212 36 
204 192 
224 564 
240 236 
200 40 
192 196 
224 232 
212 40 
244 236 
420 40 
212 212 
236 44 
220 216 
232 40 
208 40 
248 240 
232 40 
216 236 
212 36 
220 228 
212 48 
236 236 
244 240 
212 40 
188 208 
220 240 
212 240 
208 40 
1104 192 
236 240 
192 44 
240 236 
204 40 
232 196 
240 144 
200 40 
232 656 
412 40 
196 196 
240 40 
224 204 
196 216 
240 44 
200 236 
776 40 
220 200 
196 40 
232 208 
224 188 
592 40 
232 196 
448 244 
240 260 
240 40 
240 232 
236 216 
232 40 
248 292 
436 36 
236 240 
232 40 
244 244 
196 192 
196 40 
228 232 
436 36 
240 236 
200 44 
200 224 
216 196 
236 40 
240 660 
204 36 
220 216 
216 44 
192 240 
240 80 
196 40 
844 204 
244 44 
212 492 
260 40 
224 200 
448 52 
200 236 
208 40 
240 236 
224 36 
192 232 
196 204 
196 40 
240 232 
236 236 
240 236 
240 40 
216 196 
244 236 
212 44 
244 232 
324 44 
208 200 
240 44 
236 216 
240 44 
204 236 
224 236 
212 40 
216 232 
404 36 
240 232 
236 44 
236 236 
912 76 
192 36 
220 236 
412 36 
240 240 
248 40 
204 216 
240 196 
232 40 
292 200 
244 44 
196 196 
436 40 
212 204 
196 44 
240 208 
204 192 
232 40 
192 236 
412 40 
244 236 
224 240 
200 208 
236 44 
204 236 
232 264 
208 36 
604 192 
640 36 
200 200 
208 44 
208 204 
240 232 
416 40 
192 244 
444 40 
224 200 
228 48 
200 232 
320 40 
236 236 
220 216 
200 40 
228 212 
440 36 
444 192 
216 44 
200 248 
212 212 
200 40 
200 212 
232 36 
236 264 
204 40 
648 196 
192 188 
240 36 
216 196 
440 36 
240 232 
316 40 
236 220 
212 168 
236 44 
196 212 
452 44 
220 232 
212 44 
240 216 
200 200 
212 40 
244 232 
244 44 
236 228 
232 36 
220 240 
240 40 
236 236 
216 216 
236 40 
192 200 
240 32 
200 240 
196 40 
232 36 
204 236 
400 36 
224 196 
232 44 
236 216 
200 48 
240 40 
192 208 
192 44 
220 228 
396 36 
204 200 
204 44 
196 192 
236 232 
204 40 
236 236 
400 44 
200 232 
196 44 
244 196 
240 64 
200 40 
192 232 
448 40 
240 200 
240 40 
240 240 
240 84 
276 40 
192 236 
448 44 
628 236 
240 236 
196 232 
220 52 
196 232 
220 200 
228 44 
212 200 
400 40 
212 212 
216 40 
220 232 
208 40 
240 212 
224 212 
224 40 
216 212 
428 44 
224 240 
236 44 
216 212 
220 240 
244 44 
212 216 
240 240 
220 236 
236 44 
200 220 
224 44 
192 212 
220 244 
216 40 
216 216 
208 36 
224 240 
204 48 
236 240 
240 48 
196 40 
228 232 
440 44 
240 236 
236 40 
200 196 
236 232 
236 44 
228 240 
440 40 
216 200 
236 44 
212 224 
216 152 
240 44 
200 212 
420 36 
216 232 
220 40 
196 232 
196 216 
236 40 
224 216 
400 44 
240 232 
216 40 
500 220 
244 76 
220 40 
204 232 
220 40 
228 192 
232 236 
220 216 
236 40 
196 216 
220 220 
216 40 
212 216 
244 36 
220 212 
216 44 
224 216 
208 236 
236 40 
220 228 
660 248 
192 208 
232 52 
212 196 
196 252 
232 232 
240 232 
232 232 
188 188 
196 192 
324 200 
196 252 
192 192 
316 356 
232 188 
212 300 
196 232 
192 192 
204 192 
236 248 
244 192 
436 268 
196 196 
236 232 
232 212 
228 244 
232 212 
408 204 
240 236 
196 192 
188 196 
236 232 
200 196 
236 240 
720 204 
196 204 
240 232 
196 192 
196 240 
204 400 
236 244 
236 208 
192 220 
680 196 
240 200 
208 236 
240 236 
240 216 
224 216 
240 208 
228 196 
208 232 
216 236 
220 232 
236 236 
232 212 
240 188 
204 196 
256 200 
216 212 
232 220 
208 216 
216 192 
236 216 
240 228 
212 220 
220 192 
196 216 
200 204 
240 232 
240 196 
220 208 
236 232 
216 224 
232 240 
216 220 
196 212 
236 204 
212 244 
232 232 
216 192 
200 232 
200 232 
200 200 
244 232 
196 200 
240 200 
212 196 
204 196 
232 232 
236 196 
308 236 
312 236 
332 236 
216 228 
196 240 
212 200 
212 236 
432 236 
260 232 
236 232 
236 192 
200 212 
232 232 
216 192 
200 236 
208 236 
192 232 
196 192 
196 240 
200 232 
216 196 
212 188 
196 232 
216 240 
204 232 
240 236 
232 200 
428 192 
236 196 
200 200 
208 240 
240 192 
232 216 
236 252 
204 216 
192 228 
200 236 
208 204 
216 232 
192 192 
196 192 
232 212 
208 212 
340 216 
232 196 
208 208 
240 244 
204 212 
212 192 
232 188 
208 236 
236 280 
292 192 
212 196 
228 212 
204 244 
240 200 
212 220 
200 212 
236 220 
356 212 
224 216 
236 220 
224 236 
220 244 
192 276 
216 200 
244 244 
212 212 
236 232 
208 192 
196 228 
236 244 
208 220 
240 236 
204 196 
200 208 
236 192 
204 200 
208 240 
200 236 
192 224 
200 196 
240 196 
200 196 
216 216 
196 192 
208 208 
204 200 
196 200 
192 204 
240 236 
236 248 
208 228 
200 200 
232 188 
232 228 
216 192 
188 208 
188 236 
268 216 
232 200 
196 204 
240 212 
236 196 
196 200 
488 216 
212 200 
204 224 
248 236 
192 1064 
212 192 
232 216 
236 216 
208 228 
196 212 
216 200 
220 216 
204 208 
228 192 
216 204 
192 216 
192 212 
244 216 
620 216 
212 192 
212 212 
216 228 
216 212 
200 232 
208 212 
216 216 
196 212 
196 212 
196 228 
256 196 
196 212 
200 212 
200 212 
236 232 
316 212 
196 204 
212 204 
196 196 
212 192 
216 216 
212 192 
200 196 
220 212 
212 220 
200 216 
200 196 
200 196 
240 200 
232 236 
192 192 
228 212 
192 240 
216 212 
212 228 
192 216 
196 240 
192 196 
216 236 
188 192 
196 236 
228 232 
196 196 
232 236 
200 192 
196 204 
240 208 
196 232 
232 232 
248 236 
232 748 
236 232 
240 232 
200 220 
196 188 
192 236 
236 232 
200 188 
188 212 
208 188 
240 196 
232 200 
216 228 
188 212 
188 208 
248 196 
224 232 
684 196 
188 196 
232 192 
232 196 
232 212 
204 204 
232 208 
224 232 
188 212 
192 216 
208 244 
188 216 
232 192 
196 296 
188 208 
240 208 
216 188 
204 224 
232 324 
188 188 
216 204 
212 232 
192 200 
204 196 
200 216 
240 216 
212 192 
216 208 
232 232 
208 688 
200 212 
196 200 
472 208 
212 220 
208 232 
192 208 
248 208 
236 236 
232 212 
224 188 
232 208 
232 232 
228 212 
256 236 
248 232 
192 192 
220 192 
228 240 
196 196 
188 196 
192 212 
208 196 
228 232 
196 212 
232 260 
232 372 
236 188 
196 240 
232 208 
196 188 
192 212 
232 232 
232 232 
192 192 
228 208 
324 332 
196 192 
256 192 
192 212 
192 188 
196 228 
208 192 
232 232 
192 232 
212 208 
208 192 
196 212 
188 192 
196 192 
188 192 
188 192 
208 192 
232 228 
204 192 
272 192 
216 232 
236 1040 
212 200 
236 224 
188 212 
228 212 
192 188 
232 208 
212 212 
192 188 
216 192 
196 192 
228 212 
288 208 
192 212 
216 200 
208 196 
212 228 
228 228 
676 196 
288 216 
236 232 
212 204 
192 208 
232 232 
212 224 
212 192 
228 228 
192 192 
196 232 
192 232 
232 208 
232 192 
204 192 
192 200 
268 1060 
188 192 
196 192 
192 196 
212 208 
228 212 
236 192 
208 212 
232 212 
236 232 
192 232 
196 232 
232 232 
232 208 
232 196 
232 232 
196 192 
192 208 
232 232 
192 196 
236 196 
200 192 
196 192 
200 204 
228 232 
232 288 
188 236 
192 192 
196 368 
232 660 
212 192 
192 192 
252 204 
412 256 
232 192 
232 216 
236 232 
252 304 
200 192 
328 200 
232 228 
232 192 
216 196 
232 212 
232 196 
208 192 
200 192 
328 232 
192 196 
296 220 
232 232 
232 232 
228 228 
232 252 
228 304 
196 196 
220 300 
232 192 
228 232 
232 236 
236 208 
212 212 
192 232 
212 208 
192 228 
232 208 
192 284 
232 192 
212 228 
236 228 
220 208 
216 192 
232 192 
208 192 
232 200 
232 236 
208 208 
236 280 
232 228 
236 232 
212 188 
232 228 
228 188 
232 208 
196 1048 
228 212 
192 216 
224 232 
212 212 
236 232 
204 208 
208 212 
208 228 
192 212 
216 232 
204 208 
212 208 
400 236 
192 192 
232 208 
