# ./FR-trace starting at Thu Mar 19 00:05:19 2020
################# CONFIG #################
# slot=5000
# samples=10000
# threshold=100
# idle=500
# minlen=500
# runs=10000
# pdathreads=2
# nmonitored=2
#   monitor0=../apps/openssl ecp_smpl.c:927 0x1e3e58
#   monitor1=../apps/openssl ecp_smpl.c:934 0x1e3af3
# nevicted=0
# npdatargets=2
#   target0=../apps/openssl bn_lib.c:514 0x102fb9
#   target1=../apps/openssl bn_lib.c:543 0x103025
# affinity=all
############## SYSTEM INFO ###############
# mastik_version=
# sysname=Linux
# nodename=lovelace
# release=5.3.7-arch1-1-ARCH
# version=#1 SMP PREEMPT Fri Oct 18 00:17:03 UTC 2019
# machine=x86_64
################## DATA ##################
# run=706
# datapoints=1554
40 44 
208 232 
44 220 
48 220 
44 52 
44 40 
236 212 
228 220 
228 204 
208 208 
228 240 
232 216 
232 216 
252 236 
240 212 
232 212 
196 240 
204 208 
228 216 
232 236 
228 204 
232 240 
232 232 
44 44 
224 224 
228 204 
424 232 
228 220 
228 232 
44 48 
236 216 
232 232 
236 244 
232 236 
236 228 
700 40 
232 240 
248 232 
236 244 
228 228 
228 44 
228 208 
232 216 
228 232 
232 552 
228 228 
228 44 
228 216 
228 208 
232 208 
228 232 
228 44 
236 228 
240 240 
228 212 
228 232 
228 48 
236 216 
232 212 
236 236 
232 212 
232 232 
232 48 
236 240 
236 236 
236 216 
232 232 
228 48 
232 216 
228 216 
236 236 
228 232 
232 40 
232 212 
232 228 
236 236 
232 232 
232 232 
228 48 
232 208 
236 216 
228 212 
228 232 
232 44 
236 212 
240 220 
232 232 
228 228 
224 44 
236 216 
240 216 
236 232 
228 236 
232 48 
236 236 
212 212 
232 228 
224 232 
232 48 
236 208 
236 216 
236 212 
232 228 
228 44 
212 212 
236 212 
236 216 
228 232 
228 48 
236 208 
232 208 
236 240 
208 232 
228 44 
236 212 
232 212 
232 204 
228 228 
232 232 
228 40 
232 212 
472 240 
236 236 
228 236 
228 40 
228 216 
236 216 
232 212 
228 232 
232 48 
716 208 
232 220 
232 232 
236 228 
228 44 
232 212 
236 220 
236 212 
228 232 
228 44 
228 212 
232 208 
232 208 
232 232 
232 44 
232 212 
232 212 
232 212 
228 232 
228 44 
232 216 
228 216 
232 212 
232 232 
228 40 
232 212 
232 212 
236 212 
232 228 
232 232 
232 44 
228 216 
232 212 
228 236 
232 232 
232 48 
236 216 
236 244 
228 212 
228 232 
228 40 
236 208 
240 236 
232 212 
228 232 
228 40 
224 216 
236 236 
236 216 
228 228 
228 48 
212 208 
228 212 
232 212 
228 232 
232 44 
240 212 
228 228 
232 212 
232 240 
208 48 
228 220 
232 228 
236 232 
228 232 
228 232 
236 52 
228 224 
236 208 
208 208 
228 228 
228 48 
232 212 
236 240 
232 224 
232 228 
232 44 
252 212 
236 216 
228 308 
232 232 
228 116 
228 44 
232 220 
236 212 
232 232 
464 228 
232 40 
236 212 
232 208 
228 216 
228 228 
228 44 
232 212 
232 208 
712 232 
228 240 
228 48 
232 216 
236 212 
232 212 
228 232 
228 44 
240 216 
232 520 
232 232 
224 232 
232 44 
236 244 
236 236 
232 232 
228 232 
232 48 
236 220 
236 212 
232 212 
228 228 
228 48 
240 236 
256 232 
228 212 
228 232 
232 44 
232 216 
232 204 
240 236 
232 228 
228 44 
260 212 
232 212 
228 208 
228 232 
228 44 
236 208 
232 208 
240 216 
228 232 
232 44 
240 216 
232 236 
260 216 
228 232 
228 232 
232 52 
236 232 
240 220 
236 232 
224 228 
228 40 
232 216 
236 236 
232 232 
228 232 
232 48 
232 208 
204 208 
228 208 
232 228 
232 40 
236 208 
232 216 
232 208 
228 228 
228 40 
216 216 
236 216 
232 208 
232 232 
232 52 
240 208 
240 232 
228 208 
244 228 
228 48 
240 216 
236 216 
232 212 
236 232 
232 48 
228 212 
236 212 
452 216 
228 228 
232 48 
236 216 
236 240 
228 216 
228 232 
228 44 
224 224 
752 228 
236 208 
228 212 
232 228 
232 48 
232 208 
260 216 
228 220 
228 232 
236 44 
228 216 
236 240 
232 208 
228 232 
232 52 
232 236 
228 208 
232 232 
228 228 
228 40 
232 216 
232 236 
236 224 
228 228 
224 48 
236 216 
232 212 
228 208 
232 228 
232 44 
224 208 
228 212 
232 212 
228 232 
240 40 
232 212 
232 212 
240 212 
232 232 
232 48 
228 212 
228 208 
232 216 
232 232 
228 44 
236 208 
232 212 
232 204 
228 232 
228 44 
240 216 
208 228 
228 212 
236 228 
228 40 
232 212 
232 208 
228 236 
228 232 
232 232 
208 44 
228 224 
228 216 
232 228 
228 232 
228 48 
232 216 
236 224 
228 240 
208 208 
228 48 
232 236 
232 212 
240 212 
228 232 
232 40 
240 208 
296 208 
232 228 
228 232 
232 236 
224 48 
236 216 
236 252 
232 208 
228 228 
504 44 
232 208 
228 208 
232 212 
228 228 
232 48 
228 212 
232 240 
232 212 
744 228 
228 52 
232 212 
232 216 
236 240 
228 232 
232 236 
236 48 
236 208 
236 588 
228 232 
228 52 
232 44 
236 244 
236 212 
228 212 
228 232 
232 44 
228 216 
236 208 
228 232 
232 68 
232 48 
228 212 
232 216 
232 212 
236 228 
228 44 
236 212 
236 216 
232 220 
228 228 
228 40 
232 244 
232 216 
236 248 
228 228 
228 44 
236 240 
236 232 
236 236 
228 228 
228 48 
232 208 
232 232 
232 212 
228 232 
228 44 
236 220 
236 232 
232 216 
208 212 
232 232 
248 48 
228 220 
232 232 
228 212 
228 228 
232 44 
236 216 
216 236 
232 228 
228 236 
228 48 
228 212 
244 212 
224 232 
228 232 
228 40 
208 208 
232 216 
228 228 
228 232 
228 44 
236 216 
228 236 
228 212 
304 232 
228 40 
236 252 
232 240 
228 208 
240 232 
228 44 
236 236 
236 236 
532 232 
228 232 
224 44 
228 208 
228 232 
240 248 
232 232 
228 48 
236 212 
232 408 
232 204 
228 232 
232 48 
228 208 
232 244 
232 232 
228 232 
232 44 
232 632 
228 208 
228 208 
228 228 
228 48 
228 232 
228 216 
228 208 
228 228 
228 48 
236 212 
232 236 
240 216 
228 232 
228 48 
240 216 
236 220 
232 216 
228 232 
228 44 
236 240 
236 212 
232 212 
228 228 
232 40 
232 216 
236 236 
236 212 
228 232 
228 40 
236 212 
236 220 
236 220 
228 208 
236 44 
236 220 
232 240 
232 240 
232 236 
232 44 
236 240 
232 236 
212 208 
228 232 
232 232 
232 44 
228 208 
232 212 
232 208 
228 232 
228 48 
212 212 
236 228 
236 208 
228 232 
228 40 
228 212 
236 228 
236 240 
228 228 
212 48 
236 220 
236 244 
228 204 
228 228 
228 44 
236 216 
232 212 
332 212 
228 208 
232 40 
236 216 
232 232 
232 240 
228 232 
228 44 
236 228 
564 204 
236 212 
232 232 
228 48 
236 212 
232 216 
396 212 
228 232 
228 48 
232 392 
232 232 
236 216 
228 232 
228 236 
224 48 
228 228 
236 252 
232 228 
228 672 
228 44 
228 208 
228 212 
232 212 
228 232 
232 48 
236 208 
232 240 
228 216 
228 228 
228 44 
232 208 
236 232 
228 216 
232 232 
232 232 
228 48 
236 216 
232 228 
236 232 
228 232 
232 44 
236 212 
228 212 
228 212 
232 232 
228 40 
236 216 
236 208 
236 212 
228 208 
228 232 
228 40 
228 212 
232 212 
232 208 
228 232 
228 44 
236 228 
224 212 
236 216 
208 232 
228 48 
236 228 
228 240 
236 252 
228 232 
228 44 
228 216 
236 236 
216 236 
228 228 
232 48 
232 216 
228 208 
228 208 
232 232 
232 44 
240 212 
236 216 
232 244 
228 232 
232 44 
232 228 
228 212 
232 228 
228 232 
340 44 
228 208 
236 212 
236 220 
228 236 
232 44 
240 208 
228 236 
248 212 
568 232 
228 236 
228 52 
236 208 
232 236 
236 228 
224 236 
232 48 
232 236 
232 428 
232 236 
228 232 
228 48 
232 208 
236 216 
228 208 
232 232 
232 44 
236 680 
232 216 
228 232 
228 232 
232 48 
232 240 
236 220 
224 208 
228 232 
232 48 
240 220 
232 232 
228 232 
228 44 
232 248 
232 204 
232 224 
228 212 
228 232 
228 48 
232 212 
236 232 
232 248 
232 228 
228 228 
228 52 
228 224 
236 216 
236 216 
228 228 
236 40 
236 236 
232 220 
232 212 
232 232 
232 232 
236 44 
232 268 
232 212 
236 216 
232 232 
224 48 
216 208 
228 208 
232 204 
228 232 
228 48 
232 216 
232 208 
228 232 
228 232 
208 44 
236 212 
232 236 
228 212 
228 228 
228 44 
232 212 
228 212 
236 216 
232 208 
228 48 
228 212 
232 212 
228 228 
228 228 
232 44 
232 228 
356 208 
232 236 
228 232 
232 48 
228 208 
256 208 
232 232 
228 228 
236 44 
592 232 
232 212 
232 208 
228 232 
232 48 
236 220 
228 240 
228 232 
232 56 
244 48 
236 212 
236 232 
228 236 
232 232 
240 52 
236 208 
236 212 
232 232 
232 696 
236 48 
232 216 
232 208 
232 208 
228 228 
232 48 
232 216 
232 212 
232 228 
228 232 
232 48 
228 208 
232 216 
228 232 
228 228 
232 44 
236 220 
236 216 
236 240 
232 236 
228 48 
228 212 
228 208 
232 216 
228 228 
228 48 
232 220 
236 212 
228 232 
228 232 
232 48 
236 232 
228 212 
236 236 
228 232 
232 44 
232 216 
228 208 
228 212 
232 228 
228 48 
212 232 
236 208 
228 212 
232 212 
232 232 
228 44 
232 212 
232 236 
236 212 
208 212 
228 228 
236 48 
232 228 
232 236 
228 236 
228 232 
232 48 
232 216 
236 208 
232 208 
232 232 
228 48 
232 212 
232 216 
228 212 
228 228 
368 40 
228 236 
248 232 
228 216 
240 228 
228 44 
236 240 
232 236 
228 232 
624 228 
228 232 
228 52 
228 232 
236 212 
228 236 
228 224 
232 44 
236 212 
236 480 
236 212 
228 236 
232 44 
232 204 
232 232 
236 212 
228 208 
232 232 
228 44 
232 212 
236 236 
236 232 
224 232 
228 44 
236 228 
232 212 
228 212 
232 232 
228 44 
232 216 
232 216 
236 224 
232 228 
232 44 
236 228 
232 228 
236 248 
228 236 
228 44 
236 212 
228 212 
240 244 
228 228 
228 236 
232 52 
236 212 
240 228 
232 228 
236 232 
232 44 
240 216 
232 224 
228 212 
228 232 
232 48 
232 216 
232 236 
232 232 
232 240 
228 232 
212 48 
232 216 
232 208 
236 212 
228 232 
228 40 
232 216 
232 208 
232 212 
208 212 
228 40 
236 204 
232 212 
236 220 
232 232 
232 44 
232 216 
232 208 
232 212 
228 228 
232 44 
236 216 
232 236 
244 216 
228 236 
232 44 
416 240 
232 212 
236 232 
240 232 
224 44 
236 212 
232 204 
232 236 
240 212 
0 0 
0 0 
228 232 
228 228 
228 212 
208 232 
228 228 
228 44 
224 216 
40 44 
228 212 
268 212 
228 228 
236 44 
232 204 
228 212 
232 216 
232 232 
228 44 
236 216 
228 240 
236 240 
228 228 
228 44 
232 216 
236 220 
228 208 
232 232 
232 48 
232 256 
232 216 
236 252 
228 228 
40 48 
236 208 
232 228 
228 208 
188 212 
228 232 
232 232 
188 232 
208 232 
228 208 
212 236 
188 216 
248 208 
228 232 
232 208 
228 228 
232 228 
232 212 
236 220 
232 236 
232 216 
236 212 
228 212 
236 208 
240 232 
236 240 
232 212 
208 228 
228 232 
228 228 
232 232 
232 232 
228 240 
232 232 
224 232 
228 232 
208 212 
228 232 
228 228 
228 232 
232 232 
228 212 
232 212 
228 208 
228 44 
232 232 
224 232 
236 212 
232 240 
228 232 
228 232 
232 232 
228 232 
228 228 
232 208 
228 240 
232 232 
228 228 
228 232 
228 232 
228 232 
228 232 
656 232 
228 232 
236 236 
232 240 
232 236 
232 236 
236 232 
192 188 
228 192 
308 216 
232 236 
228 228 
228 232 
232 228 
232 236 
208 288 
308 192 
228 228 
228 688 
232 232 
228 228 
208 232 
228 192 
232 452 
228 232 
232 228 
228 232 
208 192 
232 228 
228 232 
228 232 
232 232 
232 232 
232 204 
228 232 
216 236 
212 228 
228 232 
208 204 
228 240 
228 212 
228 228 
188 208 
232 220 
192 236 
228 192 
228 228 
208 212 
216 228 
232 228 
228 232 
228 228 
232 228 
228 232 
228 232 
232 232 
208 228 
228 232 
232 232 
228 228 
212 232 
208 232 
228 232 
228 196 
228 228 
228 232 
228 232 
232 212 
232 516 
188 208 
232 228 
228 228 
228 232 
228 228 
228 228 
232 232 
224 228 
212 228 
228 208 
228 228 
236 232 
224 232 
228 232 
232 232 
228 236 
208 232 
452 228 
228 212 
228 228 
228 232 
228 232 
228 232 
228 232 
232 232 
232 228 
672 232 
228 232 
228 232 
228 232 
228 232 
228 228 
232 232 
232 228 
228 228 
228 532 
232 228 
224 232 
228 236 
228 232 
228 228 
228 228 
208 232 
232 228 
232 232 
232 232 
196 228 
228 236 
232 232 
228 232 
232 228 
188 232 
208 208 
228 232 
232 552 
232 216 
228 232 
224 212 
232 196 
232 188 
208 232 
192 304 
228 192 
204 232 
208 204 
204 236 
232 236 
228 188 
192 228 
232 212 
228 228 
224 336 
228 192 
232 232 
228 228 
232 188 
240 228 
188 232 
228 224 
228 228 
308 228 
188 192 
208 232 
232 232 
236 228 
232 696 
208 208 
212 188 
228 212 
232 232 
228 232 
204 208 
228 192 
228 232 
228 496 
196 188 
228 216 
228 232 
196 192 
192 188 
208 236 
212 228 
188 228 
692 232 
212 192 
208 228 
228 236 
228 232 
228 232 
228 208 
204 232 
192 208 
424 192 
228 232 
228 232 
232 232 
228 256 
228 232 
228 228 
228 208 
228 228 
708 232 
208 228 
192 232 
204 232 
204 236 
232 192 
224 232 
228 228 
228 244 
228 564 
228 228 
228 232 
232 232 
208 228 
204 232 
208 204 
232 208 
188 200 
232 232 
228 232 
232 232 
232 228 
228 212 
204 228 
228 228 
228 228 
276 196 
232 232 
228 208 
232 228 
232 236 
192 212 
228 232 
232 232 
228 232 
228 232 
192 208 
188 232 
228 232 
208 228 
228 232 
232 228 
228 232 
232 232 
228 232 
228 228 
204 196 
228 240 
228 232 
232 232 
208 232 
188 208 
204 208 
188 236 
192 228 
212 236 
188 232 
236 232 
232 280 
232 228 
208 228 
232 232 
228 232 
232 212 
228 232 
228 228 
228 192 
228 236 
608 232 
228 216 
220 188 
188 212 
232 232 
228 236 
212 236 
228 236 
188 228 
252 232 
188 236 
228 228 
232 216 
196 236 
220 232 
188 256 
228 228 
228 228 
464 232 
216 192 
228 236 
228 236 
228 232 
228 228 
228 228 
192 232 
232 232 
736 232 
188 232 
228 228 
228 228 
208 200 
224 232 
232 228 
232 232 
224 240 
232 560 
232 192 
200 192 
228 224 
228 232 
228 236 
232 232 
232 228 
232 228 
188 232 
228 228 
208 228 
344 236 
228 236 
228 232 
228 232 
192 236 
232 236 
228 236 
228 228 
228 232 
228 232 
224 236 
232 228 
188 336 
228 232 
228 232 
232 188 
232 232 
228 236 
228 228 
232 228 
184 192 
204 228 
228 228 
188 232 
228 232 
228 232 
228 232 
228 232 
232 232 
424 228 
212 232 
232 212 
228 232 
228 212 
228 232 
228 236 
188 208 
228 232 
232 236 
232 208 
228 248 
204 228 
228 232 
204 232 
232 212 
228 228 
228 208 
224 228 
208 216 
228 236 
228 196 
188 228 
192 204 
228 232 
208 192 
228 220 
252 232 
224 212 
228 228 
228 232 
232 236 
232 232 
228 232 
256 228 
228 232 
488 232 
228 232 
228 236 
228 236 
196 232 
228 188 
188 208 
228 236 
228 228 
748 228 
228 228 
228 232 
232 232 
228 232 
232 208 
228 232 
228 212 
232 232 
228 624 
228 232 
228 232 
228 232 
240 228 
228 232 
232 208 
228 228 
236 232 
232 228 
192 236 
232 232 
228 232 
228 228 
228 232 
208 228 
232 232 
216 192 
232 228 
220 228 
228 232 
228 232 
228 232 
232 208 
232 232 
232 192 
228 232 
228 232 
228 228 
232 188 
232 228 
228 228 
204 204 
232 228 
228 232 
232 236 
240 232 
224 228 
228 192 
232 236 
192 232 
232 232 
188 232 
228 228 
228 232 
228 228 
224 228 
228 236 
228 232 
228 232 
228 232 
208 212 
224 232 
228 232 
232 228 
228 232 
232 208 
208 196 
228 236 
260 240 
204 208 
188 236 
232 232 
236 228 
232 232 
228 228 
236 228 
228 228 
284 240 
228 204 
228 228 
192 228 
212 232 
228 228 
228 236 
228 232 
228 232 
528 212 
232 232 
228 232 
208 232 
228 232 
192 312 
228 232 
228 228 
208 188 
228 384 
228 232 
228 232 
232 232 
232 236 
188 200 
232 228 
228 236 
