# ./FR-trace starting at Thu Mar 19 00:07:01 2020
################# CONFIG #################
# slot=5000
# samples=10000
# threshold=100
# idle=500
# minlen=500
# runs=10000
# pdathreads=2
# nmonitored=2
#   monitor0=../apps/openssl ecp_smpl.c:927 0x1e3e58
#   monitor1=../apps/openssl ecp_smpl.c:934 0x1e3af3
# nevicted=0
# npdatargets=2
#   target0=../apps/openssl bn_lib.c:514 0x102fb9
#   target1=../apps/openssl bn_lib.c:543 0x103025
# affinity=all
############## SYSTEM INFO ###############
# mastik_version=
# sysname=Linux
# nodename=lovelace
# release=5.3.7-arch1-1-ARCH
# version=#1 SMP PREEMPT Fri Oct 18 00:17:03 UTC 2019
# machine=x86_64
################## DATA ##################
# run=795
# datapoints=952
252 36 
476 236 
244 264 
200 216 
300 420 
212 208 
40 324 
36 40 
220 212 
192 204 
40 44 
216 684 
228 196 
208 48 
276 244 
212 40 
220 204 
236 200 
48 44 
192 304 
880 40 
384 216 
220 40 
200 300 
196 200 
196 44 
192 204 
400 40 
240 240 
232 40 
196 204 
204 208 
404 44 
200 204 
200 40 
204 224 
200 200 
192 44 
204 200 
424 36 
212 220 
192 44 
316 228 
288 232 
232 36 
248 240 
524 36 
268 308 
200 40 
212 220 
332 200 
224 36 
296 232 
516 40 
216 216 
188 36 
224 220 
192 40 
208 40 
192 212 
200 44 
196 196 
192 40 
200 240 
220 44 
268 248 
232 316 
196 40 
192 252 
248 40 
200 204 
196 36 
204 236 
192 44 
212 200 
216 204 
436 40 
728 196 
212 40 
648 220 
212 40 
192 196 
192 196 
192 40 
220 216 
196 44 
204 196 
208 40 
240 264 
216 312 
256 44 
196 196 
276 40 
196 196 
196 80 
216 40 
204 196 
400 40 
196 196 
216 40 
256 224 
192 44 
196 36 
192 200 
196 40 
220 668 
440 36 
240 240 
232 44 
204 256 
264 192 
296 40 
224 196 
192 36 
192 208 
196 44 
216 208 
192 204 
240 40 
196 208 
196 40 
200 216 
196 40 
200 212 
192 40 
192 212 
196 204 
192 40 
208 224 
400 44 
196 204 
208 48 
196 188 
212 208 
192 36 
196 192 
460 44 
208 208 
220 44 
192 204 
212 60 
196 40 
244 320 
440 36 
236 252 
196 44 
304 220 
264 288 
212 36 
304 236 
248 40 
200 340 
192 48 
200 284 
188 40 
196 192 
200 208 
216 40 
212 212 
224 40 
212 208 
216 136 
204 40 
196 212 
400 36 
204 220 
232 36 
196 236 
228 196 
192 40 
244 324 
408 44 
204 188 
204 40 
208 196 
216 232 
212 40 
192 196 
396 40 
196 204 
200 36 
192 212 
224 40 
248 216 
192 40 
208 196 
196 204 
268 40 
196 196 
244 44 
196 200 
248 256 
248 48 
256 260 
548 40 
216 196 
236 40 
248 276 
196 216 
196 36 
208 200 
400 40 
204 256 
200 40 
232 232 
196 200 
200 40 
200 196 
240 40 
208 208 
208 40 
232 196 
224 212 
300 40 
196 188 
424 40 
204 224 
192 40 
204 208 
204 96 
216 40 
196 336 
212 44 
208 212 
300 36 
196 196 
196 44 
204 200 
196 204 
244 44 
204 200 
404 36 
196 204 
196 36 
200 204 
204 136 
208 36 
208 196 
440 40 
196 196 
328 44 
236 216 
244 204 
260 44 
236 212 
224 36 
192 212 
208 40 
204 200 
240 232 
40 44 
224 208 
416 44 
212 196 
200 44 
188 212 
204 156 
228 44 
212 212 
440 40 
200 200 
248 44 
712 208 
208 204 
196 44 
216 196 
216 36 
260 212 
196 44 
192 208 
192 200 
212 44 
228 216 
260 40 
200 232 
208 44 
236 276 
200 88 
276 40 
324 264 
440 36 
216 204 
200 44 
192 200 
204 292 
224 44 
236 240 
244 44 
204 192 
196 40 
248 196 
200 168 
232 40 
188 236 
200 40 
248 212 
232 40 
232 244 
244 220 
232 44 
192 196 
416 40 
236 212 
220 44 
220 216 
196 40 
356 312 
196 196 
240 36 
220 332 
200 40 
212 236 
196 40 
204 200 
192 192 
196 40 
228 200 
396 40 
240 208 
200 44 
212 236 
240 220 
232 40 
212 200 
240 40 
204 212 
252 40 
196 212 
212 208 
400 36 
204 200 
304 36 
204 200 
280 44 
200 236 
196 216 
196 44 
212 232 
216 36 
216 708 
196 40 
212 196 
192 200 
232 40 
208 204 
460 40 
252 352 
192 40 
192 244 
208 44 
200 192 
220 208 
192 52 
204 196 
404 36 
212 200 
212 40 
216 240 
200 196 
192 48 
188 224 
192 44 
200 196 
204 44 
208 196 
252 48 
188 224 
228 212 
196 40 
376 284 
456 36 
240 204 
216 44 
232 244 
324 220 
324 44 
216 192 
408 36 
200 220 
200 44 
196 196 
220 220 
216 44 
544 200 
212 40 
196 200 
420 36 
208 196 
196 44 
196 192 
208 212 
192 44 
204 248 
380 40 
228 236 
232 40 
256 196 
212 220 
204 40 
240 224 
244 36 
216 544 
236 36 
272 208 
216 40 
208 196 
196 208 
200 44 
236 192 
196 36 
212 224 
200 44 
196 200 
212 212 
220 40 
212 220 
416 44 
216 220 
200 44 
220 220 
228 44 
212 44 
188 200 
244 44 
192 200 
208 44 
224 196 
196 44 
228 212 
212 224 
212 36 
192 220 
412 40 
204 192 
192 40 
204 212 
196 116 
212 40 
220 212 
400 48 
212 236 
228 40 
328 304 
200 44 
188 196 
204 200 
404 44 
200 220 
300 40 
196 224 
192 208 
200 44 
196 208 
200 220 
232 192 
292 248 
236 236 
280 260 
292 200 
236 200 
192 220 
264 296 
192 324 
192 316 
192 204 
236 192 
204 292 
196 240 
220 256 
340 412 
188 196 
192 204 
192 236 
280 276 
440 248 
232 248 
216 240 
632 236 
196 200 
304 200 
220 224 
280 236 
216 216 
240 328 
276 424 
200 200 
892 416 
164 384 
256 204 
204 216 
236 212 
248 232 
312 212 
200 204 
244 196 
260 220 
208 264 
220 196 
204 244 
224 200 
232 204 
240 216 
400 236 
208 248 
336 212 
212 232 
288 304 
228 196 
332 236 
256 276 
188 200 
236 200 
244 196 
232 196 
228 192 
204 192 
244 196 
192 200 
192 200 
236 192 
204 232 
264 204 
192 224 
216 240 
196 212 
236 196 
268 252 
308 292 
216 196 
332 324 
196 212 
196 200 
200 208 
196 200 
196 196 
196 208 
228 204 
500 220 
208 196 
204 220 
196 208 
208 212 
256 328 
236 308 
232 260 
288 272 
256 288 
312 204 
344 240 
252 320 
204 192 
220 208 
272 204 
200 216 
200 196 
204 196 
200 196 
216 188 
196 196 
232 252 
208 208 
204 228 
232 288 
236 288 
204 236 
272 204 
264 188 
240 196 
208 192 
336 208 
224 284 
324 348 
740 380 
336 268 
248 284 
300 192 
204 228 
196 228 
196 192 
200 656 
192 200 
184 572 
216 236 
192 196 
212 192 
236 192 
260 204 
192 220 
204 280 
188 212 
208 212 
216 208 
192 200 
208 244 
196 196 
228 204 
232 200 
200 212 
208 220 
192 192 
212 196 
200 244 
240 236 
200 208 
196 232 
196 196 
208 196 
204 200 
192 196 
236 200 
192 212 
268 364 
232 196 
236 196 
204 200 
200 200 
200 236 
208 196 
204 232 
204 196 
208 216 
196 292 
212 220 
204 200 
216 224 
196 236 
248 252 
240 332 
220 216 
196 228 
200 188 
220 204 
224 236 
192 200 
260 192 
260 208 
200 192 
236 244 
236 240 
248 312 
188 244 
232 192 
244 232 
264 240 
196 268 
236 296 
192 300 
200 204 
212 196 
216 200 
220 196 
216 216 
192 196 
208 196 
204 196 
192 196 
196 212 
196 192 
424 204 
192 200 
196 220 
192 260 
196 196 
236 196 
196 244 
192 196 
228 240 
864 192 
196 216 
212 212 
356 200 
260 332 
236 268 
336 300 
236 196 
336 280 
284 560 
192 256 
340 236 
192 216 
208 216 
236 236 
196 200 
208 388 
196 288 
240 192 
276 200 
232 220 
196 196 
188 204 
236 192 
216 224 
200 220 
204 276 
244 252 
188 224 
220 196 
196 188 
220 220 
216 192 
192 204 
204 220 
208 196 
200 220 
204 216 
296 192 
200 232 
236 276 
232 196 
232 272 
232 236 
256 244 
232 212 
248 268 
320 256 
200 316 
308 292 
200 196 
264 284 
196 200 
196 196 
276 192 
240 192 
220 476 
236 216 
208 712 
220 200 
216 216 
208 196 
264 216 
204 204 
196 196 
208 188 
192 196 
196 212 
232 200 
428 232 
200 196 
204 200 
216 272 
236 244 
200 220 
224 232 
200 224 
232 204 
192 200 
248 200 
224 196 
192 216 
192 196 
192 260 
228 376 
192 188 
224 232 
196 196 
232 200 
192 300 
192 236 
236 228 
200 240 
312 244 
188 328 
196 192 
204 208 
208 204 
188 236 
200 192 
188 200 
236 248 
204 204 
228 200 
204 192 
188 204 
192 192 
192 216 
208 196 
252 208 
192 188 
212 208 
196 332 
308 188 
192 232 
224 236 
192 268 
332 272 
196 220 
200 192 
200 196 
208 196 
196 188 
192 192 
196 188 
204 208 
232 192 
220 220 
188 196 
192 200 
192 188 
208 192 
188 192 
208 272 
212 196 
188 192 
208 464 
204 192 
192 192 
192 188 
196 196 
188 224 
192 200 
268 268 
272 192 
316 260 
196 188 
196 196 
184 204 
228 192 
400 192 
188 212 
204 200 
208 212 
208 212 
204 212 
208 212 
208 212 
200 196 
304 228 
188 224 
192 192 
216 224 
280 228 
284 248 
232 248 
232 220 
208 260 
188 192 
212 192 
192 192 
204 208 
208 196 
184 192 
188 192 
188 208 
228 196 
208 244 
272 200 
192 208 
192 204 
692 196 
200 236 
200 200 
200 196 
204 196 
236 232 
188 256 
200 212 
196 192 
200 212 
192 192 
196 212 
316 204 
228 196 
208 192 
200 196 
188 192 
204 192 
224 236 
188 196 
232 220 
232 288 
188 256 
228 340 
228 280 
228 292 
192 212 
280 248 
188 188 
188 204 
196 196 
200 204 
220 212 
236 196 
192 192 
236 300 
208 204 
276 280 
192 204 
208 268 
192 192 
200 220 
196 196 
208 220 
196 188 
220 236 
196 208 
192 200 
232 188 
188 204 
212 204 
188 196 
204 212 
196 212 
188 192 
212 212 
192 204 
196 188 
292 204 
192 216 
200 220 
192 188 
204 192 
196 192 
192 192 
192 188 
188 200 
204 196 
196 200 
208 220 
356 208 
212 428 
228 212 
320 208 
212 200 
196 212 
188 212 
216 232 
212 212 
208 208 
232 228 
232 208 
228 232 
188 232 
196 236 
188 232 
232 212 
272 188 
228 196 
228 232 
228 208 
224 232 
216 212 
216 192 
232 208 
216 196 
232 232 
228 192 
208 208 
232 208 
208 228 
208 228 
232 232 
228 236 
