# ./FR-trace starting at Wed Mar 18 23:53:54 2020
################# CONFIG #################
# slot=5000
# samples=10000
# threshold=100
# idle=500
# minlen=500
# runs=10000
# pdathreads=2
# nmonitored=2
#   monitor0=../apps/openssl ecp_smpl.c:927 0x1e3e58
#   monitor1=../apps/openssl ecp_smpl.c:934 0x1e3af3
# nevicted=0
# npdatargets=2
#   target0=../apps/openssl bn_lib.c:514 0x102fb9
#   target1=../apps/openssl bn_lib.c:543 0x103025
# affinity=all
############## SYSTEM INFO ###############
# mastik_version=
# sysname=Linux
# nodename=lovelace
# release=5.3.7-arch1-1-ARCH
# version=#1 SMP PREEMPT Fri Oct 18 00:17:03 UTC 2019
# machine=x86_64
################## DATA ##################
# run=44
# datapoints=1559
40 44 
240 212 
48 44 
44 52 
44 44 
232 232 
228 216 
236 212 
232 228 
232 204 
228 236 
236 208 
228 232 
232 212 
236 172 
244 228 
232 236 
232 236 
228 216 
376 208 
236 232 
232 236 
232 48 
228 232 
228 236 
232 240 
236 244 
232 228 
648 44 
232 220 
232 212 
236 212 
228 208 
228 232 
228 44 
236 212 
228 212 
236 512 
228 232 
236 40 
228 212 
228 212 
232 244 
228 232 
624 44 
232 212 
236 684 
228 216 
232 232 
228 40 
232 252 
236 208 
236 208 
228 212 
228 232 
228 40 
232 212 
236 212 
232 208 
228 236 
228 44 
240 212 
228 212 
236 212 
228 228 
228 40 
228 236 
280 252 
232 212 
232 208 
228 232 
232 48 
228 220 
248 216 
236 240 
228 232 
228 40 
236 208 
228 212 
232 212 
232 216 
228 232 
236 44 
236 212 
236 232 
232 212 
228 232 
228 44 
212 212 
236 244 
240 208 
228 232 
232 44 
236 232 
236 212 
240 240 
232 232 
204 48 
224 216 
232 216 
232 224 
228 236 
228 44 
232 216 
236 212 
216 208 
228 212 
224 44 
228 216 
236 236 
228 212 
228 236 
232 44 
232 204 
448 232 
228 212 
228 232 
228 232 
236 40 
236 212 
232 216 
228 208 
228 236 
684 48 
232 232 
236 244 
236 208 
232 232 
568 44 
224 208 
232 232 
236 248 
232 552 
228 40 
232 216 
236 232 
228 212 
228 232 
228 228 
228 44 
240 216 
232 232 
232 212 
228 232 
228 44 
236 212 
236 216 
228 212 
228 232 
228 48 
232 212 
228 220 
232 212 
228 228 
232 48 
236 216 
236 236 
232 212 
228 232 
232 40 
236 224 
236 236 
668 212 
228 228 
228 252 
232 48 
232 236 
236 236 
228 232 
228 232 
228 44 
232 216 
240 228 
236 240 
232 232 
236 40 
228 212 
236 216 
240 232 
228 228 
228 48 
236 216 
228 216 
216 236 
228 236 
232 44 
228 216 
236 208 
236 228 
228 232 
236 44 
228 208 
216 212 
228 220 
228 236 
228 44 
236 232 
236 220 
228 236 
232 228 
220 232 
228 44 
236 204 
228 216 
228 212 
232 228 
224 48 
232 208 
228 216 
468 212 
232 212 
228 44 
236 212 
236 240 
236 240 
228 228 
232 40 
240 208 
704 212 
228 232 
228 236 
228 44 
228 212 
236 208 
236 208 
228 228 
228 44 
236 536 
236 212 
228 212 
228 236 
228 44 
232 68 
232 236 
228 208 
228 208 
228 232 
232 48 
260 208 
232 212 
224 232 
228 228 
228 48 
232 216 
232 236 
232 212 
416 232 
232 44 
232 212 
240 212 
232 232 
228 236 
228 48 
236 216 
232 208 
236 208 
228 232 
232 40 
236 208 
232 208 
232 212 
232 232 
228 240 
236 48 
232 240 
228 212 
232 208 
232 232 
236 44 
232 212 
236 212 
228 232 
228 232 
232 48 
232 216 
236 232 
232 216 
228 232 
212 48 
388 208 
228 228 
228 208 
232 232 
232 232 
228 44 
232 212 
228 244 
208 236 
232 232 
224 44 
232 216 
236 236 
236 240 
228 232 
232 40 
236 212 
228 208 
232 208 
228 232 
228 48 
236 236 
236 232 
236 240 
232 232 
476 44 
236 208 
228 220 
236 236 
228 232 
236 232 
228 48 
236 220 
236 208 
704 244 
228 232 
232 48 
232 212 
236 236 
236 228 
228 228 
228 44 
236 216 
228 580 
232 212 
228 232 
228 44 
232 216 
272 212 
232 212 
228 984 
224 48 
236 224 
232 220 
228 216 
228 224 
228 44 
236 244 
232 236 
236 224 
228 232 
228 176 
228 48 
236 236 
232 248 
236 240 
228 232 
228 40 
240 212 
228 204 
232 208 
232 232 
228 48 
228 212 
232 204 
236 208 
228 232 
236 44 
236 208 
228 208 
232 244 
232 228 
228 40 
236 212 
240 216 
220 240 
240 232 
228 232 
228 48 
232 212 
228 212 
232 236 
228 232 
232 40 
216 208 
236 240 
228 236 
232 236 
228 236 
228 44 
240 232 
232 232 
236 208 
212 208 
228 44 
236 224 
236 236 
232 208 
228 232 
228 44 
228 216 
256 216 
228 228 
228 232 
228 44 
232 212 
232 220 
232 208 
192 232 
232 232 
488 40 
240 212 
236 240 
236 252 
228 232 
228 44 
228 232 
236 208 
232 208 
712 212 
228 228 
228 48 
232 208 
236 208 
236 504 
228 212 
232 228 
228 48 
228 592 
228 212 
228 204 
228 228 
232 48 
232 212 
236 236 
248 232 
228 232 
232 44 
236 208 
240 208 
236 256 
240 244 
0 0 
232 240 
188 192 
192 232 
228 308 
232 208 
192 208 
192 44 
40 232 
228 44 
228 232 
40 228 
232 48 
232 208 
232 212 
232 236 
232 236 
228 44 
240 212 
236 236 
236 212 
228 236 
228 44 
232 220 
236 216 
232 244 
228 232 
236 44 
208 208 
228 232 
232 240 
228 232 
48 48 
236 212 
232 208 
232 208 
228 232 
208 44 
236 208 
232 224 
228 216 
228 228 
228 164 
228 48 
228 208 
236 208 
212 208 
228 232 
228 48 
232 236 
236 232 
232 212 
232 232 
232 44 
264 212 
236 204 
236 208 
228 232 
40 44 
232 216 
236 216 
236 208 
228 232 
524 48 
236 220 
232 236 
228 1080 
228 228 
224 228 
228 48 
236 216 
236 212 
736 228 
228 232 
236 52 
232 212 
236 212 
232 236 
228 268 
232 44 
228 212 
224 640 
228 232 
228 232 
48 48 
232 212 
228 224 
232 232 
228 228 
236 48 
236 212 
232 208 
228 216 
232 232 
228 52 
232 212 
228 220 
232 216 
228 236 
228 44 
232 1044 
232 232 
228 208 
228 232 
228 44 
236 280 
228 212 
232 208 
232 240 
232 44 
236 216 
228 212 
240 236 
224 228 
40 44 
240 208 
236 212 
228 212 
228 236 
228 44 
236 212 
236 216 
232 232 
208 232 
228 52 
228 212 
232 236 
232 228 
232 232 
224 48 
228 216 
236 216 
208 212 
732 232 
228 44 
228 220 
232 224 
232 216 
232 232 
228 48 
232 212 
208 208 
240 216 
228 228 
44 44 
232 208 
232 208 
232 228 
232 228 
304 48 
240 208 
236 212 
228 212 
232 228 
236 44 
236 204 
236 208 
264 208 
540 236 
236 48 
236 224 
236 240 
228 208 
228 228 
232 48 
236 236 
240 208 
232 384 
232 228 
228 44 
228 208 
232 232 
236 236 
240 244 
228 232 
44 40 
232 640 
232 216 
228 212 
232 228 
228 44 
232 212 
232 208 
236 208 
236 324 
224 228 
228 44 
224 212 
236 216 
236 216 
232 232 
228 44 
232 216 
232 208 
228 212 
232 232 
228 40 
232 208 
232 208 
228 240 
228 232 
232 232 
40 52 
228 216 
228 212 
232 232 
232 232 
228 44 
232 216 
232 212 
228 228 
232 228 
236 44 
236 212 
236 228 
244 212 
228 232 
628 52 
212 216 
236 216 
232 236 
232 232 
228 232 
40 48 
224 212 
232 212 
236 280 
204 232 
228 44 
236 228 
232 236 
232 228 
228 232 
232 48 
232 248 
232 208 
220 212 
232 236 
232 44 
232 208 
236 212 
228 208 
228 228 
228 48 
304 220 
232 208 
232 212 
228 228 
228 48 
40 44 
236 212 
232 212 
228 212 
540 228 
232 44 
236 236 
236 216 
232 232 
232 236 
232 52 
228 208 
236 240 
236 344 
228 232 
232 48 
236 212 
232 236 
232 212 
228 232 
236 40 
232 212 
232 676 
236 224 
228 232 
228 44 
232 208 
240 236 
232 212 
232 228 
44 48 
228 212 
232 232 
232 232 
232 236 
232 44 
232 204 
236 212 
232 232 
228 192 
228 44 
228 212 
236 208 
228 208 
232 232 
232 44 
228 232 
228 216 
232 212 
232 228 
228 48 
236 224 
240 224 
236 240 
228 232 
44 44 
236 216 
236 236 
236 212 
224 232 
228 44 
236 212 
236 208 
232 236 
204 232 
228 48 
236 228 
240 236 
232 212 
228 232 
232 44 
232 216 
232 208 
208 212 
224 232 
228 48 
224 212 
228 220 
240 236 
228 212 
228 232 
236 48 
216 252 
232 212 
228 208 
228 232 
48 48 
232 208 
228 212 
228 232 
348 232 
224 208 
232 44 
228 212 
228 212 
232 208 
228 232 
228 44 
236 216 
552 212 
236 220 
232 232 
228 44 
236 212 
228 208 
232 212 
228 232 
228 48 
236 408 
232 232 
228 212 
232 232 
232 40 
236 212 
232 208 
228 212 
232 228 
40 48 
232 232 
236 236 
236 240 
232 232 
228 44 
232 216 
236 208 
236 216 
224 228 
228 232 
232 48 
232 208 
260 216 
3248 240 
232 236 
232 232 
232 40 
236 236 
232 212 
228 208 
228 232 
232 44 
236 224 
232 212 
228 208 
228 236 
228 228 
232 44 
232 216 
228 220 
224 232 
232 48 
232 216 
232 232 
228 208 
228 232 
228 232 
232 44 
240 244 
228 212 
236 236 
204 232 
232 44 
232 224 
228 208 
236 208 
228 232 
228 44 
236 216 
228 204 
216 236 
228 232 
232 40 
228 216 
236 212 
232 224 
228 232 
228 44 
240 216 
232 208 
232 236 
228 232 
232 240 
40 40 
232 208 
228 212 
232 240 
356 236 
228 48 
228 212 
232 212 
232 212 
232 232 
232 52 
236 216 
236 212 
584 212 
232 236 
232 44 
236 212 
236 212 
228 216 
228 232 
232 48 
236 208 
236 408 
232 236 
232 232 
40 48 
236 240 
236 220 
232 212 
232 228 
228 48 
232 680 
232 236 
252 208 
232 208 
228 228 
228 44 
232 208 
236 212 
228 232 
232 232 
236 48 
232 212 
232 216 
232 232 
224 232 
232 52 
236 236 
232 208 
228 236 
232 228 
232 44 
232 212 
236 208 
232 232 
228 232 
40 44 
228 216 
264 208 
232 212 
228 236 
232 44 
256 232 
236 232 
228 208 
228 228 
228 40 
224 216 
236 204 
228 232 
232 228 
232 40 
236 220 
216 240 
268 216 
228 232 
228 44 
236 248 
228 212 
240 232 
228 232 
228 48 
212 212 
232 328 
232 208 
228 232 
228 236 
44 44 
228 212 
236 212 
232 236 
236 208 
232 52 
228 208 
228 212 
236 240 
232 232 
228 40 
232 212 
356 212 
236 212 
232 228 
228 48 
236 212 
232 240 
236 236 
228 232 
228 48 
612 216 
228 236 
236 240 
228 232 
228 44 
228 216 
240 216 
228 236 
228 228 
228 480 
48 44 
232 232 
228 208 
232 212 
228 232 
232 44 
236 216 
228 212 
236 692 
228 228 
228 48 
232 216 
232 212 
236 236 
228 232 
232 40 
232 240 
236 236 
232 212 
228 232 
236 44 
232 208 
236 232 
232 240 
228 236 
228 44 
232 212 
228 212 
232 212 
232 236 
40 40 
232 212 
232 212 
236 232 
228 228 
228 48 
240 208 
236 216 
236 208 
232 232 
220 228 
228 228 
228 236 
232 192 
228 216 
228 192 
228 232 
232 236 
248 204 
660 228 
208 216 
236 216 
236 240 
228 232 
232 204 
228 216 
236 212 
232 216 
244 216 
208 216 
236 228 
232 228 
228 232 
232 228 
228 228 
232 232 
228 236 
228 232 
232 208 
232 240 
228 228 
228 236 
232 232 
228 228 
228 232 
228 232 
396 212 
228 216 
232 220 
232 48 
232 232 
232 228 
236 220 
232 212 
236 212 
624 220 
228 232 
232 228 
228 312 
228 232 
232 232 
232 228 
232 228 
232 228 
228 480 
236 228 
228 232 
232 232 
236 240 
232 240 
232 232 
228 232 
228 228 
320 228 
228 232 
232 228 
232 232 
228 240 
228 232 
232 228 
228 236 
228 236 
228 880 
232 236 
228 228 
228 232 
228 228 
228 236 
228 232 
228 236 
228 232 
228 232 
228 232 
228 232 
228 228 
228 236 
228 228 
228 236 
232 232 
228 232 
228 228 
228 240 
228 232 
232 232 
232 228 
232 232 
232 232 
228 236 
228 232 
232 228 
232 232 
228 232 
240 232 
228 236 
232 228 
204 236 
228 232 
232 232 
216 236 
228 232 
228 232 
228 228 
232 232 
228 212 
208 208 
228 228 
228 228 
228 308 
228 232 
228 232 
232 232 
228 232 
216 232 
232 208 
228 228 
232 232 
228 228 
232 232 
204 228 
228 232 
232 228 
428 228 
228 208 
228 236 
232 232 
232 232 
228 232 
192 232 
212 232 
228 232 
228 716 
228 232 
228 232 
228 232 
232 236 
232 232 
232 232 
228 236 
232 232 
228 528 
228 232 
228 232 
232 232 
232 232 
232 232 
228 232 
1124 236 
232 232 
228 236 
232 228 
228 232 
232 228 
232 236 
228 228 
232 232 
228 232 
208 224 
184 232 
228 232 
240 236 
228 232 
232 228 
228 236 
232 228 
232 232 
228 196 
228 232 
232 228 
228 236 
228 236 
228 232 
228 228 
228 232 
236 228 
232 228 
228 228 
228 232 
228 232 
228 228 
228 232 
1100 232 
228 232 
228 228 
232 236 
228 232 
228 232 
232 232 
228 232 
232 232 
208 232 
208 232 
228 232 
208 212 
228 232 
232 228 
232 196 
228 228 
228 236 
228 228 
208 212 
188 188 
228 232 
228 228 
232 228 
232 232 
232 232 
188 232 
216 232 
228 208 
216 228 
228 236 
228 192 
228 228 
232 232 
228 240 
228 232 
420 228 
228 212 
228 232 
228 236 
228 228 
188 232 
228 228 
232 228 
224 212 
204 192 
208 232 
232 232 
228 192 
228 212 
1084 192 
228 232 
228 208 
232 228 
232 544 
228 212 
228 228 
232 228 
192 228 
208 196 
228 232 
228 228 
228 208 
228 204 
212 232 
208 336 
232 212 
196 212 
228 464 
208 232 
228 236 
232 232 
232 228 
228 232 
204 232 
228 196 
208 228 
228 232 
228 208 
228 232 
236 232 
232 228 
232 232 
228 236 
1016 232 
228 232 
228 228 
232 228 
224 192 
228 228 
212 228 
212 192 
232 236 
228 200 
200 236 
236 220 
228 232 
228 232 
228 212 
228 228 
228 228 
228 228 
228 232 
232 232 
228 232 
212 228 
232 232 
232 232 
228 228 
228 232 
212 232 
228 228 
228 228 
228 232 
208 232 
228 228 
232 232 
568 232 
228 236 
228 232 
208 232 
232 228 
200 232 
228 212 
228 232 
228 228 
228 232 
228 232 
228 232 
232 228 
228 232 
456 228 
228 216 
228 232 
232 236 
228 236 
232 232 
228 232 
228 232 
232 228 
228 556 
308 232 
228 228 
228 236 
228 232 
228 232 
232 232 
224 208 
232 232 
232 552 
228 228 
232 232 
228 232 
228 232 
228 232 
228 236 
228 240 
228 232 
232 228 
228 228 
228 228 
224 232 
228 232 
232 228 
188 232 
228 232 
228 232 
228 236 
224 228 
232 228 
228 232 
228 228 
232 232 
232 228 
228 228 
232 236 
232 232 
224 228 
228 232 
216 208 
228 232 
224 232 
188 232 
192 228 
228 232 
228 212 
224 236 
212 220 
228 232 
228 232 
228 224 
216 212 
232 216 
224 212 
236 208 
228 232 
228 188 
228 236 
232 228 
232 236 
228 200 
596 232 
232 228 
232 232 
208 220 
192 236 
232 228 
232 228 
228 232 
208 212 
228 228 
232 232 
228 232 
228 232 
228 232 
228 228 
236 232 
228 228 
232 208 
228 232 
232 228 
228 232 
228 228 
232 232 
232 232 
232 228 
480 228 
236 224 
228 232 
232 232 
228 232 
228 232 
228 232 
232 228 
232 236 
708 228 
228 232 
224 236 
228 232 
228 228 
232 232 
192 192 
228 212 
228 232 
228 596 
224 232 
228 232 
228 232 
228 228 
232 240 
232 232 
224 232 
228 228 
228 228 
232 232 
228 236 
232 236 
228 232 
228 228 
228 232 
228 236 
232 192 
236 232 
228 232 
228 236 
192 236 
232 232 
224 228 
228 232 
232 228 
228 232 
228 236 
228 232 
228 232 
228 192 
228 232 
232 232 
228 232 
232 228 
232 232 
228 236 
232 232 
224 232 
232 232 
232 232 
488 232 
216 236 
240 228 
228 232 
228 232 
232 232 
232 228 
228 236 
232 236 
228 232 
204 236 
208 228 
188 228 
204 208 
228 228 
236 232 
236 236 
232 232 
240 232 
208 216 
232 208 
228 228 
228 228 
228 228 
196 232 
228 232 
224 308 
236 240 
204 232 
204 232 
228 236 
228 228 
228 232 
232 232 
568 232 
208 232 
496 232 
228 236 
232 232 
228 232 
228 192 
224 228 
232 232 
232 232 
192 236 
724 196 
188 228 
188 232 
228 228 
228 216 
228 188 
208 192 
228 232 
228 232 
232 584 
228 232 
232 232 
224 236 
232 232 
228 228 
232 232 
228 236 
232 236 
232 228 
228 232 
