# ./FR-trace starting at Thu Mar 19 00:01:03 2020
################# CONFIG #################
# slot=5000
# samples=10000
# threshold=100
# idle=500
# minlen=500
# runs=10000
# pdathreads=2
# nmonitored=2
#   monitor0=../apps/openssl ecp_smpl.c:927 0x1e3e58
#   monitor1=../apps/openssl ecp_smpl.c:934 0x1e3af3
# nevicted=0
# npdatargets=2
#   target0=../apps/openssl bn_lib.c:514 0x102fb9
#   target1=../apps/openssl bn_lib.c:543 0x103025
# affinity=all
############## SYSTEM INFO ###############
# mastik_version=
# sysname=Linux
# nodename=lovelace
# release=5.3.7-arch1-1-ARCH
# version=#1 SMP PREEMPT Fri Oct 18 00:17:03 UTC 2019
# machine=x86_64
################## DATA ##################
# run=477
# datapoints=1559
40 156 
40 232 
44 40 
44 212 
48 216 
40 52 
44 52 
232 232 
228 212 
544 212 
212 228 
156 228 
232 220 
236 232 
232 216 
236 240 
236 216 
196 224 
228 192 
192 192 
188 196 
196 192 
192 192 
188 44 
48 44 
44 44 
44 52 
40 44 
228 212 
232 212 
232 212 
232 232 
244 232 
48 44 
232 232 
196 212 
660 236 
236 192 
228 44 
232 212 
228 208 
236 216 
208 216 
204 44 
232 220 
240 500 
236 216 
228 208 
228 44 
232 216 
232 224 
216 216 
208 228 
232 40 
236 724 
232 208 
228 228 
236 228 
40 48 
232 212 
216 220 
232 240 
208 204 
208 48 
212 208 
1048 212 
232 220 
212 216 
228 44 
216 228 
236 216 
236 256 
228 208 
212 232 
232 44 
208 208 
216 240 
216 232 
208 212 
216 48 
232 224 
240 252 
212 212 
212 232 
236 52 
236 216 
232 252 
236 212 
232 236 
232 48 
232 216 
240 236 
236 216 
228 236 
232 44 
228 216 
212 212 
232 212 
228 228 
888 44 
228 212 
232 212 
236 228 
228 228 
228 48 
212 220 
224 212 
236 232 
232 232 
228 44 
236 216 
232 228 
228 204 
216 232 
228 208 
228 48 
236 216 
236 208 
232 228 
228 228 
228 40 
224 204 
412 240 
232 236 
228 228 
228 48 
232 208 
228 212 
228 224 
228 232 
228 44 
672 212 
236 212 
232 216 
228 240 
232 48 
236 212 
236 212 
232 232 
224 232 
212 48 
224 216 
236 236 
208 208 
208 232 
228 48 
212 232 
224 232 
212 228 
920 224 
228 48 
232 208 
232 216 
228 212 
224 232 
232 44 
236 212 
232 240 
212 232 
228 332 
208 44 
208 208 
212 212 
196 232 
188 232 
188 44 
192 208 
232 192 
236 236 
228 188 
228 44 
236 196 
236 188 
260 192 
228 232 
236 48 
196 188 
232 220 
192 192 
188 188 
192 48 
196 192 
192 212 
184 832 
188 192 
232 44 
192 220 
192 216 
192 208 
200 232 
192 48 
192 256 
192 236 
228 192 
228 232 
228 44 
228 196 
232 212 
240 232 
228 232 
212 48 
228 228 
232 284 
236 236 
228 196 
236 44 
232 280 
224 308 
204 304 
228 240 
232 44 
232 216 
236 220 
232 228 
228 228 
224 48 
472 236 
452 712 
236 212 
192 196 
232 48 
236 240 
232 200 
236 208 
228 200 
228 44 
236 192 
236 200 
192 212 
188 228 
192 44 
188 196 
208 212 
208 216 
208 236 
208 40 
232 212 
232 244 
232 212 
232 220 
232 48 
232 204 
236 224 
236 236 
228 228 
228 44 
232 216 
232 244 
236 232 
228 236 
208 48 
236 216 
232 208 
232 212 
232 228 
228 44 
228 224 
236 212 
236 208 
228 236 
232 48 
236 208 
232 212 
228 232 
240 216 
228 232 
228 44 
232 240 
228 212 
236 236 
228 236 
228 48 
236 208 
236 204 
232 216 
228 208 
208 212 
228 44 
220 216 
236 236 
228 232 
232 228 
216 44 
236 208 
232 212 
220 208 
208 208 
232 48 
208 208 
212 212 
204 208 
204 212 
208 52 
208 208 
208 208 
208 232 
232 232 
212 44 
220 232 
208 208 
920 212 
208 252 
212 48 
232 208 
232 208 
232 212 
232 232 
228 44 
232 216 
232 216 
232 208 
232 216 
440 44 
208 208 
232 240 
228 228 
228 232 
232 232 
232 40 
232 212 
232 240 
720 212 
236 128 
228 44 
228 248 
232 212 
228 236 
228 228 
228 44 
228 216 
232 568 
236 224 
232 212 
232 44 
228 232 
232 188 
236 200 
228 192 
228 44 
188 212 
228 208 
236 236 
192 228 
212 48 
228 212 
204 212 
232 224 
228 236 
228 48 
228 220 
232 212 
192 196 
232 192 
228 44 
236 224 
232 196 
228 192 
228 192 
228 44 
192 228 
236 212 
188 196 
192 192 
196 44 
196 200 
192 188 
188 192 
188 192 
228 44 
228 224 
232 204 
732 228 
228 232 
232 44 
232 236 
232 212 
232 188 
196 44 
196 200 
192 192 
192 208 
192 192 
188 48 
192 192 
576 220 
236 236 
232 236 
220 236 
188 52 
200 588 
192 208 
192 236 
188 176 
192 44 
228 204 
232 212 
232 228 
232 228 
708 44 
228 212 
236 212 
228 236 
192 196 
232 44 
192 196 
188 188 
192 200 
480 224 
228 48 
236 212 
228 216 
208 216 
228 228 
208 52 
212 216 
208 212 
688 212 
212 208 
428 44 
212 216 
236 244 
212 240 
208 232 
212 232 
216 48 
212 588 
204 216 
208 212 
232 208 
228 48 
228 208 
232 212 
236 208 
228 232 
236 44 
232 216 
228 220 
208 212 
228 212 
204 44 
208 216 
212 220 
216 216 
204 216 
208 40 
208 232 
232 208 
228 236 
232 224 
216 44 
228 220 
228 212 
228 212 
228 236 
204 44 
240 208 
232 208 
228 204 
228 208 
232 44 
236 216 
236 220 
232 232 
208 232 
208 48 
212 212 
212 212 
208 228 
216 232 
208 44 
212 236 
232 212 
224 280 
228 208 
228 48 
232 212 
208 192 
228 192 
228 220 
228 52 
196 212 
228 208 
196 232 
192 232 
188 44 
212 212 
196 208 
192 212 
188 228 
228 44 
196 208 
196 212 
196 212 
192 684 
188 40 
196 212 
196 216 
236 212 
228 232 
228 44 
232 224 
240 208 
444 204 
232 188 
228 48 
232 208 
188 208 
288 200 
188 232 
192 48 
196 236 
188 672 
188 208 
188 232 
188 44 
236 208 
240 52 
0 0 
0 0 
0 0 
0 0 
0 0 
0 0 
0 0 
228 48 
228 212 
228 240 
236 244 
228 208 
228 236 
232 48 
228 212 
228 232 
236 208 
232 228 
432 48 
236 212 
236 232 
232 208 
228 232 
228 228 
228 44 
236 212 
252 212 
228 212 
228 236 
228 48 
236 236 
232 252 
232 240 
232 232 
228 44 
232 224 
228 208 
232 208 
228 232 
228 48 
232 216 
236 220 
232 232 
228 228 
228 232 
208 44 
236 212 
232 212 
232 236 
228 232 
232 44 
232 216 
232 232 
236 240 
0 0 
0 0 
228 232 
228 232 
236 240 
228 228 
228 40 
236 48 
232 228 
216 236 
232 236 
228 224 
40 44 
232 204 
232 944 
232 208 
232 228 
304 40 
236 212 
232 252 
228 212 
232 236 
228 44 
236 232 
228 212 
232 220 
544 228 
44 44 
228 224 
236 216 
236 244 
228 228 
228 44 
236 212 
228 236 
232 356 
232 232 
228 48 
236 240 
232 224 
236 212 
232 228 
228 232 
232 44 
232 616 
236 212 
228 228 
228 232 
236 44 
232 240 
228 208 
228 208 
228 228 
228 48 
236 216 
236 216 
232 232 
228 232 
40 44 
236 232 
228 212 
232 232 
228 236 
228 48 
232 228 
228 212 
232 212 
232 232 
228 44 
236 212 
232 208 
232 208 
232 236 
228 44 
232 228 
228 236 
236 220 
228 232 
228 44 
236 228 
240 256 
236 236 
228 232 
228 48 
232 212 
236 244 
208 228 
232 232 
44 44 
232 224 
236 220 
228 212 
228 232 
224 48 
232 212 
212 212 
232 212 
228 228 
228 44 
236 208 
228 216 
232 236 
228 232 
228 44 
216 208 
256 228 
228 208 
232 232 
228 40 
236 216 
224 212 
232 212 
288 232 
228 48 
260 236 
232 236 
228 228 
228 232 
228 228 
40 48 
232 212 
540 232 
228 212 
228 232 
228 44 
232 208 
232 216 
236 212 
232 232 
232 228 
236 48 
236 232 
236 232 
232 212 
228 232 
228 44 
232 212 
236 212 
236 220 
228 660 
44 48 
232 208 
232 212 
228 212 
228 232 
240 48 
228 216 
236 216 
232 232 
232 228 
228 52 
236 220 
236 236 
232 232 
228 232 
228 44 
232 216 
232 248 
236 208 
232 228 
228 48 
236 216 
236 212 
236 224 
228 232 
228 48 
228 208 
228 212 
232 212 
232 232 
44 44 
232 232 
232 212 
244 216 
228 232 
228 44 
228 212 
232 232 
228 208 
224 228 
232 48 
212 216 
232 1052 
232 244 
232 228 
228 44 
232 212 
236 216 
232 212 
228 236 
208 40 
228 212 
232 212 
236 248 
228 236 
232 48 
236 212 
232 236 
228 208 
232 216 
232 232 
44 48 
236 216 
232 212 
236 244 
232 232 
228 44 
316 212 
236 236 
232 220 
228 232 
228 44 
228 40 
236 212 
236 212 
264 212 
1480 228 
228 48 
232 216 
236 240 
236 236 
228 232 
232 48 
236 240 
232 212 
232 424 
228 228 
40 44 
236 212 
232 256 
232 232 
228 236 
232 48 
232 220 
236 688 
232 232 
232 232 
224 44 
236 216 
228 208 
236 216 
224 228 
232 48 
236 216 
228 216 
252 212 
228 228 
232 40 
232 220 
656 228 
228 212 
228 228 
228 44 
228 216 
228 208 
236 236 
236 232 
232 232 
44 44 
236 208 
228 208 
232 212 
228 232 
228 44 
232 216 
232 208 
232 212 
232 232 
232 44 
236 216 
232 208 
232 208 
228 232 
232 48 
240 208 
228 216 
212 220 
232 228 
228 48 
236 212 
236 216 
232 216 
228 232 
228 40 
228 212 
208 212 
228 212 
228 236 
44 48 
232 236 
228 240 
228 228 
228 232 
228 232 
240 44 
232 236 
232 212 
232 212 
232 228 
236 44 
232 820 
232 216 
360 232 
232 212 
232 48 
236 232 
232 212 
232 232 
228 228 
236 44 
228 232 
588 208 
232 232 
228 232 
248 44 
232 236 
232 208 
232 228 
228 232 
40 44 
236 412 
236 224 
236 236 
228 232 
228 44 
232 216 
232 240 
236 240 
228 232 
228 52 
232 216 
232 228 
236 244 
1032 228 
232 48 
236 208 
228 208 
232 208 
228 228 
228 44 
232 216 
228 212 
232 236 
228 232 
232 236 
48 44 
232 208 
228 208 
232 232 
232 236 
236 44 
236 208 
232 216 
228 216 
228 232 
228 48 
232 212 
228 240 
232 240 
232 228 
228 232 
232 44 
228 220 
232 208 
232 212 
228 232 
228 52 
232 232 
236 212 
236 208 
228 236 
40 44 
236 220 
228 216 
232 228 
228 228 
232 232 
232 48 
232 216 
240 236 
208 208 
228 208 
228 48 
228 212 
232 236 
232 220 
232 232 
236 44 
236 216 
228 240 
236 208 
232 228 
44 44 
232 208 
236 232 
236 208 
228 228 
368 48 
236 252 
236 236 
236 240 
228 232 
232 52 
236 208 
232 212 
228 208 
612 232 
228 44 
228 216 
232 216 
228 208 
228 232 
228 40 
232 216 
232 236 
236 444 
232 232 
1080 48 
232 212 
232 232 
228 232 
228 232 
232 232 
40 44 
228 696 
228 208 
228 208 
232 232 
224 48 
228 216 
232 216 
228 212 
232 236 
228 48 
232 236 
232 208 
236 252 
228 232 
232 48 
224 208 
256 212 
232 228 
232 240 
188 204 
228 232 
228 228 
204 204 
228 232 
192 212 
192 212 
204 228 
932 228 
208 228 
232 204 
228 232 
228 228 
612 232 
232 208 
268 212 
232 236 
240 236 
236 232 
232 204 
232 208 
236 212 
232 244 
204 212 
228 228 
228 228 
228 236 
228 232 
228 232 
228 228 
228 228 
232 228 
208 216 
228 232 
228 232 
232 232 
232 232 
228 232 
228 232 
232 220 
236 212 
228 212 
208 232 
228 208 
228 48 
236 204 
236 236 
236 220 
228 212 
396 232 
304 272 
228 232 
232 232 
232 232 
232 228 
232 232 
228 232 
228 236 
780 232 
224 236 
228 232 
232 212 
232 212 
236 236 
228 232 
228 228 
188 224 
232 508 
216 232 
232 232 
228 228 
232 228 
232 236 
228 228 
304 232 
232 232 
232 744 
192 228 
228 208 
228 228 
228 232 
192 228 
224 228 
228 232 
228 232 
232 232 
228 192 
228 228 
228 228 
228 236 
232 232 
232 196 
296 376 
236 232 
228 228 
232 232 
232 232 
208 236 
228 232 
248 208 
188 208 
208 212 
232 228 
228 236 
228 192 
228 232 
236 232 
228 232 
228 232 
208 232 
232 232 
228 232 
232 232 
232 228 
224 228 
232 236 
232 232 
232 232 
208 228 
232 196 
228 232 
232 240 
228 204 
228 236 
228 232 
232 232 
228 232 
208 232 
232 228 
228 228 
232 232 
232 236 
232 232 
240 228 
232 232 
228 232 
232 212 
228 232 
232 228 
228 232 
228 236 
228 232 
228 228 
232 232 
396 240 
228 208 
232 228 
224 232 
228 232 
228 232 
232 228 
232 228 
228 232 
632 232 
232 232 
236 232 
228 232 
228 236 
228 228 
208 232 
228 232 
228 232 
232 512 
228 232 
232 232 
228 232 
232 232 
232 240 
228 236 
228 228 
228 228 
188 188 
232 232 
188 208 
228 232 
232 232 
192 192 
228 208 
208 232 
240 228 
192 196 
232 260 
228 228 
232 232 
228 228 
228 232 
236 232 
232 228 
188 232 
228 196 
208 224 
244 236 
220 192 
232 232 
224 196 
188 228 
232 232 
228 232 
232 216 
228 232 
228 228 
192 356 
228 212 
228 224 
204 212 
232 228 
228 212 
228 232 
228 236 
460 232 
232 236 
208 228 
228 232 
208 208 
212 232 
228 232 
228 236 
236 228 
188 208 
188 192 
228 196 
480 232 
228 232 
232 232 
224 232 
212 208 
208 192 
208 188 
188 216 
184 216 
740 236 
232 208 
228 236 
192 204 
224 236 
188 212 
188 212 
208 232 
188 188 
188 232 
192 212 
204 232 
228 232 
236 228 
228 232 
236 232 
228 236 
232 228 
672 232 
228 228 
228 204 
228 236 
228 232 
228 212 
228 228 
204 228 
192 196 
228 516 
208 228 
232 208 
228 228 
228 196 
212 228 
228 232 
232 232 
224 228 
188 196 
208 188 
208 240 
208 232 
228 228 
208 188 
216 216 
228 232 
196 236 
208 228 
228 188 
208 204 
228 232 
204 204 
336 316 
192 208 
208 232 
228 232 
228 232 
228 232 
232 208 
228 232 
208 236 
232 232 
228 212 
212 208 
228 232 
288 352 
204 236 
240 208 
228 212 
216 204 
228 240 
188 232 
228 212 
188 232 
228 228 
232 232 
224 232 
232 232 
228 232 
224 284 
204 232 
228 232 
208 228 
228 196 
208 228 
212 228 
188 212 
220 232 
208 228 
192 232 
228 188 
232 232 
228 232 
228 228 
228 228 
192 232 
212 232 
200 192 
228 228 
324 224 
208 208 
188 236 
228 232 
220 188 
196 208 
204 228 
444 228 
208 232 
208 192 
232 188 
228 232 
232 188 
208 212 
212 216 
232 232 
232 192 
232 192 
240 232 
228 236 
228 232 
232 236 
232 232 
204 228 
228 212 
228 552 
224 232 
228 232 
228 228 
212 204 
228 208 
188 232 
228 240 
208 208 
228 236 
204 208 
228 192 
188 236 
192 212 
228 212 
232 212 
228 232 
224 236 
208 196 
228 236 
232 232 
224 232 
228 232 
228 232 
188 228 
228 232 
232 232 
232 232 
228 232 
200 216 
228 236 
224 232 
228 212 
232 228 
208 232 
196 196 
208 232 
232 228 
232 228 
228 236 
224 228 
232 192 
216 232 
228 232 
228 212 
228 232 
228 236 
228 232 
228 228 
228 240 
228 228 
216 228 
228 228 
228 236 
232 236 
208 236 
208 208 
192 232 
232 232 
212 228 
208 208 
228 228 
228 192 
188 192 
228 232 
220 232 
228 232 
232 208 
224 192 
320 192 
232 192 
228 228 
188 232 
192 232 
228 232 
236 232 
232 232 
228 232 
228 228 
208 208 
228 232 
204 236 
232 228 
228 228 
228 232 
232 232 
696 228 
232 232 
328 236 
228 192 
228 232 
228 236 
228 208 
232 188 
228 232 
228 588 
228 200 
228 232 
208 232 
212 188 
188 228 
232 228 
228 232 
232 228 
228 236 
232 232 
228 236 
236 232 
228 188 
228 232 
188 232 
232 228 
228 228 
232 228 
228 240 
228 228 
232 236 
220 232 
228 236 
228 236 
232 232 
232 232 
228 232 
196 236 
204 232 
228 232 
192 192 
268 192 
228 228 
208 228 
228 228 
188 232 
232 232 
208 232 
232 232 
228 228 
232 232 
212 228 
192 236 
232 232 
228 228 
228 232 
1172 232 
232 232 
204 220 
232 232 
212 232 
208 208 
232 232 
228 232 
228 232 
228 236 
228 236 
276 200 
228 228 
228 204 
228 316 
228 228 
232 232 
228 232 
232 228 
228 232 
232 232 
248 232 
232 188 
228 232 
228 232 
232 208 
228 228 
296 324 
228 216 
228 232 
500 204 
228 228 
232 232 
228 232 
192 240 
228 232 
232 228 
232 232 
236 232 
740 232 
232 232 
228 232 
228 228 
228 228 
228 232 
228 228 
228 236 
192 192 
348 232 
208 220 
228 232 
