# ./FR-trace starting at Thu Mar 19 00:02:27 2020
################# CONFIG #################
# slot=5000
# samples=10000
# threshold=100
# idle=500
# minlen=500
# runs=10000
# pdathreads=2
# nmonitored=2
#   monitor0=../apps/openssl ecp_smpl.c:927 0x1e3e58
#   monitor1=../apps/openssl ecp_smpl.c:934 0x1e3af3
# nevicted=0
# npdatargets=2
#   target0=../apps/openssl bn_lib.c:514 0x102fb9
#   target1=../apps/openssl bn_lib.c:543 0x103025
# affinity=all
############## SYSTEM INFO ###############
# mastik_version=
# sysname=Linux
# nodename=lovelace
# release=5.3.7-arch1-1-ARCH
# version=#1 SMP PREEMPT Fri Oct 18 00:17:03 UTC 2019
# machine=x86_64
################## DATA ##################
# run=551
# datapoints=1563
44 48 
212 248 
44 256 
44 236 
44 48 
44 44 
236 212 
228 212 
236 216 
228 232 
228 204 
232 208 
240 240 
232 240 
228 212 
224 232 
232 216 
232 208 
232 212 
228 208 
232 208 
188 236 
40 44 
44 48 
44 48 
44 44 
40 48 
228 212 
232 220 
236 236 
232 228 
232 232 
92 48 
236 208 
232 212 
232 228 
228 232 
40 48 
228 208 
236 220 
232 216 
208 228 
228 48 
236 216 
232 232 
236 208 
232 228 
228 40 
228 48 
232 212 
212 212 
232 212 
228 236 
232 40 
232 212 
236 252 
228 216 
232 236 
224 48 
228 208 
236 212 
232 208 
236 216 
228 228 
232 44 
240 216 
236 220 
464 240 
228 244 
228 232 
228 48 
232 248 
236 216 
236 232 
228 232 
240 44 
696 208 
232 208 
232 212 
232 228 
228 44 
240 232 
236 244 
228 208 
228 232 
232 48 
248 236 
232 232 
240 212 
228 228 
228 48 
236 216 
236 216 
236 228 
228 228 
232 44 
228 240 
232 232 
236 236 
224 232 
232 232 
228 48 
256 208 
236 248 
232 208 
228 228 
1116 44 
232 204 
228 208 
232 216 
228 208 
228 232 
232 44 
228 220 
236 228 
228 212 
232 232 
232 44 
232 208 
236 244 
232 232 
228 232 
232 44 
236 236 
236 212 
236 212 
228 232 
228 48 
236 216 
232 212 
232 208 
228 228 
228 44 
232 212 
232 232 
232 208 
208 208 
232 228 
232 48 
228 212 
1192 240 
240 232 
236 228 
232 40 
232 240 
212 208 
228 212 
232 232 
224 48 
236 208 
232 208 
232 208 
228 228 
260 44 
228 212 
228 212 
236 212 
224 236 
232 44 
232 216 
228 216 
232 232 
472 232 
228 232 
232 44 
236 236 
232 208 
228 236 
228 232 
232 44 
236 208 
712 212 
228 216 
232 232 
228 44 
236 216 
232 232 
232 240 
228 228 
228 52 
232 580 
228 208 
232 212 
232 228 
228 44 
236 212 
228 212 
236 232 
228 232 
232 228 
472 52 
228 212 
232 212 
240 220 
232 228 
228 48 
232 232 
268 216 
232 212 
228 228 
228 44 
236 216 
232 212 
240 244 
228 236 
228 48 
236 240 
228 208 
232 212 
228 236 
232 48 
232 212 
236 212 
232 244 
228 232 
228 44 
232 216 
232 232 
236 244 
232 228 
228 232 
236 48 
212 232 
236 216 
396 508 
228 236 
232 48 
232 240 
232 244 
224 232 
228 232 
208 44 
236 228 
236 232 
232 232 
228 228 
240 48 
232 216 
236 212 
232 232 
208 208 
232 48 
232 212 
232 240 
232 232 
228 232 
236 44 
232 212 
276 212 
232 212 
228 232 
228 48 
236 236 
228 216 
228 212 
228 228 
232 48 
740 212 
236 216 
236 236 
232 236 
228 44 
232 216 
236 224 
232 244 
232 228 
736 44 
236 208 
232 212 
236 232 
228 232 
228 44 
236 216 
228 212 
232 216 
228 628 
228 44 
236 212 
232 212 
232 212 
232 232 
228 48 
232 204 
232 208 
244 216 
228 228 
232 228 
228 48 
236 212 
236 236 
232 236 
228 232 
228 48 
236 228 
232 208 
236 208 
228 232 
236 60 
232 236 
232 212 
232 208 
232 224 
232 44 
236 212 
232 212 
228 212 
228 228 
228 48 
232 212 
236 236 
232 240 
232 232 
228 40 
232 212 
232 216 
240 240 
228 232 
208 48 
228 208 
232 208 
236 212 
232 228 
232 44 
236 204 
228 212 
228 208 
208 228 
232 44 
240 228 
228 212 
240 252 
228 236 
232 40 
232 212 
228 240 
212 212 
232 212 
228 232 
236 44 
232 212 
232 208 
680 232 
232 236 
284 44 
236 216 
232 208 
256 216 
228 232 
232 40 
240 212 
228 212 
240 216 
512 232 
228 44 
232 212 
224 208 
260 208 
228 232 
232 40 
232 236 
236 236 
236 392 
228 232 
232 40 
236 216 
236 244 
232 248 
228 232 
228 40 
236 212 
228 592 
232 208 
232 228 
228 44 
236 212 
232 212 
236 236 
228 232 
232 40 
232 212 
232 212 
236 228 
228 232 
228 44 
232 212 
236 216 
244 212 
232 232 
232 232 
228 44 
232 212 
240 216 
236 240 
228 236 
228 44 
236 212 
236 212 
232 228 
228 236 
228 44 
236 216 
228 208 
228 228 
232 232 
224 212 
228 44 
236 216 
236 216 
240 212 
228 228 
236 68 
284 224 
212 216 
228 232 
232 232 
236 48 
232 240 
228 204 
232 212 
228 232 
232 48 
212 240 
236 236 
232 236 
232 232 
684 48 
236 212 
236 236 
228 236 
228 232 
212 40 
232 212 
232 208 
236 236 
228 232 
224 44 
228 220 
232 216 
312 208 
228 212 
228 44 
236 208 
232 216 
232 212 
228 232 
232 52 
240 216 
544 220 
236 240 
224 236 
228 40 
228 208 
236 244 
232 244 
232 232 
228 40 
232 412 
236 212 
228 212 
664 232 
232 44 
236 240 
236 240 
228 220 
228 232 
228 44 
236 220 
232 208 
228 204 
228 236 
228 44 
224 44 
232 232 
236 240 
256 212 
224 232 
228 40 
232 212 
232 204 
228 216 
228 232 
224 48 
232 248 
228 208 
236 236 
228 236 
232 48 
240 240 
228 212 
228 208 
236 228 
228 44 
236 216 
232 216 
232 204 
232 208 
228 228 
228 48 
232 212 
232 216 
228 212 
232 232 
228 48 
232 48 
236 212 
240 236 
232 232 
212 236 
236 52 
232 236 
240 236 
232 232 
232 232 
232 44 
228 212 
228 212 
208 232 
232 228 
232 44 
228 236 
232 212 
228 208 
228 228 
228 44 
236 216 
220 236 
276 232 
228 232 
224 48 
236 236 
236 236 
236 240 
228 232 
332 44 
232 208 
228 204 
232 192 
232 232 
236 48 
232 216 
232 216 
228 228 
552 232 
584 44 
236 216 
228 208 
232 212 
232 228 
224 48 
232 212 
236 220 
236 408 
228 232 
232 48 
236 216 
228 256 
232 224 
228 228 
228 44 
228 212 
232 688 
228 212 
228 228 
228 44 
236 216 
228 216 
236 236 
228 232 
228 44 
232 212 
236 236 
236 228 
228 232 
232 44 
232 216 
228 212 
424 208 
232 232 
232 48 
228 256 
228 232 
236 240 
232 232 
228 44 
232 228 
232 216 
228 240 
236 232 
232 236 
232 48 
232 204 
232 232 
232 212 
228 228 
228 48 
232 216 
232 236 
236 236 
232 228 
228 44 
232 212 
232 208 
208 220 
228 228 
236 48 
232 212 
228 212 
232 216 
232 232 
228 44 
236 220 
212 212 
232 252 
228 228 
228 40 
236 220 
228 208 
232 212 
228 232 
228 44 
240 212 
228 208 
236 220 
232 232 
228 44 
232 212 
232 276 
236 224 
328 228 
228 208 
232 44 
232 208 
232 208 
228 228 
228 232 
228 44 
232 212 
564 212 
228 232 
228 232 
232 44 
232 212 
232 208 
228 228 
228 40 
236 220 
240 416 
232 220 
228 228 
228 40 
228 212 
228 220 
236 224 
228 208 
236 228 
232 44 
236 216 
228 216 
232 236 
232 236 
208 48 
236 212 
236 232 
232 236 
232 232 
232 48 
228 208 
224 216 
232 212 
228 236 
232 44 
240 208 
232 232 
232 244 
228 228 
232 44 
236 212 
232 232 
248 216 
232 240 
228 40 
240 212 
232 212 
232 232 
232 228 
232 152 
232 48 
232 204 
228 208 
236 236 
232 232 
228 44 
236 208 
236 212 
348 212 
228 232 
232 40 
208 216 
232 216 
232 208 
228 228 
228 228 
236 48 
232 212 
232 216 
228 228 
208 220 
236 48 
236 216 
236 236 
228 232 
224 232 
232 52 
228 216 
240 216 
236 216 
228 232 
236 44 
236 216 
236 212 
228 216 
232 232 
228 44 
352 204 
228 216 
232 232 
228 232 
228 40 
232 212 
236 232 
236 212 
232 228 
620 44 
228 216 
236 232 
228 208 
228 228 
228 40 
236 212 
228 212 
228 224 
228 476 
228 40 
228 212 
212 236 
228 208 
228 232 
232 44 
228 208 
232 232 
236 692 
224 232 
232 124 
236 44 
228 212 
236 216 
228 232 
228 232 
232 44 
236 216 
228 212 
232 216 
228 228 
232 48 
236 216 
228 236 
236 236 
228 232 
232 44 
232 212 
228 208 
236 240 
228 228 
228 40 
232 208 
236 220 
232 208 
232 232 
188 44 
236 212 
200 200 
0 0 
0 0 
192 212 
212 220 
208 236 
208 220 
188 216 
204 44 
40 232 
228 208 
228 48 
208 212 
256 212 
236 1140 
232 228 
44 44 
232 216 
232 216 
228 208 
228 228 
204 48 
228 48 
240 204 
228 204 
232 212 
228 236 
232 44 
236 224 
232 232 
240 236 
232 232 
228 40 
236 216 
228 216 
228 208 
232 232 
40 48 
392 216 
232 212 
232 208 
228 236 
228 40 
232 212 
228 216 
240 232 
236 208 
612 228 
228 48 
232 212 
232 256 
228 208 
228 228 
228 44 
232 232 
232 252 
240 456 
228 228 
228 48 
232 220 
232 240 
236 212 
228 232 
228 44 
236 212 
236 688 
232 240 
228 232 
232 244 
44 40 
228 212 
236 212 
232 212 
232 228 
228 44 
236 212 
236 232 
228 208 
228 232 
228 232 
228 48 
852 224 
232 212 
228 232 
228 236 
232 40 
236 208 
232 216 
236 236 
232 228 
224 44 
228 212 
232 212 
228 236 
232 232 
228 228 
44 44 
236 212 
228 208 
236 232 
232 232 
236 44 
240 216 
236 220 
236 208 
228 228 
228 44 
212 216 
240 236 
232 224 
232 232 
232 44 
236 212 
236 208 
232 212 
232 444 
208 48 
232 208 
228 208 
232 212 
228 228 
40 40 
228 216 
228 208 
232 216 
232 208 
228 40 
232 216 
228 228 
232 236 
232 232 
228 236 
236 44 
404 216 
232 208 
232 228 
232 236 
232 44 
236 228 
240 220 
228 204 
228 236 
644 44 
236 224 
232 204 
236 216 
232 232 
228 40 
232 212 
232 240 
236 220 
232 500 
40 44 
228 208 
236 212 
232 252 
232 232 
228 44 
232 212 
228 204 
236 736 
232 232 
228 40 
236 212 
236 232 
712 236 
228 204 
232 236 
232 44 
232 248 
232 208 
236 236 
228 232 
232 40 
228 216 
232 212 
232 212 
232 232 
228 44 
228 212 
232 212 
232 240 
232 216 
232 232 
40 52 
236 212 
236 212 
236 240 
228 232 
232 232 
236 44 
236 208 
240 224 
228 220 
228 232 
236 44 
232 212 
232 236 
236 228 
228 232 
232 44 
232 212 
212 232 
232 240 
228 232 
228 48 
232 216 
232 240 
232 212 
228 236 
232 44 
212 252 
236 212 
236 240 
228 232 
232 228 
40 44 
236 252 
236 240 
216 232 
228 208 
232 44 
232 212 
228 208 
236 212 
232 232 
232 44 
236 248 
416 212 
236 240 
232 232 
232 48 
236 212 
228 208 
236 212 
232 232 
228 44 
660 208 
228 216 
236 216 
204 212 
228 240 
232 232 
208 228 
188 192 
208 232 
224 192 
232 204 
228 208 
296 188 
228 236 
236 220 
232 240 
232 228 
208 216 
228 216 
240 212 
336 236 
236 208 
232 204 
280 208 
228 232 
232 232 
232 232 
232 232 
236 212 
228 228 
232 232 
228 232 
232 232 
232 228 
228 236 
232 236 
228 232 
228 232 
228 236 
228 240 
228 204 
228 212 
240 216 
236 208 
232 228 
236 44 
232 240 
232 208 
228 208 
232 212 
232 236 
360 232 
240 256 
232 228 
232 228 
228 228 
232 236 
232 228 
232 232 
228 228 
208 232 
228 232 
232 232 
236 216 
232 232 
232 212 
228 232 
232 236 
568 232 
208 228 
228 208 
232 240 
236 232 
228 232 
228 208 
204 228 
228 232 
212 232 
188 228 
228 232 
188 216 
228 188 
216 192 
212 232 
212 212 
188 204 
296 192 
228 228 
228 268 
204 212 
208 244 
3052 188 
188 216 
232 232 
232 232 
232 304 
192 220 
228 228 
232 204 
332 228 
196 220 
188 192 
216 236 
228 228 
232 548 
208 232 
208 232 
188 228 
212 208 
188 208 
228 196 
188 192 
208 212 
196 196 
208 188 
312 192 
188 192 
240 196 
228 188 
188 228 
208 188 
208 240 
188 188 
188 188 
228 196 
228 192 
284 284 
200 192 
204 204 
188 236 
212 224 
228 232 
204 232 
192 216 
188 212 
216 200 
240 232 
232 212 
196 216 
192 216 
192 208 
188 208 
220 192 
228 232 
228 232 
220 192 
188 196 
208 188 
188 228 
204 208 
188 232 
192 188 
220 232 
228 232 
228 232 
204 228 
228 236 
228 228 
228 232 
232 228 
228 232 
228 228 
232 228 
232 232 
192 188 
188 204 
236 188 
232 232 
192 232 
196 328 
232 228 
208 204 
208 212 
192 216 
232 328 
232 188 
232 228 
208 232 
192 196 
228 208 
228 228 
464 192 
188 192 
188 296 
196 232 
184 196 
208 212 
196 192 
228 228 
196 240 
188 196 
232 232 
232 236 
188 192 
228 236 
228 228 
228 232 
232 232 
224 232 
224 560 
232 228 
240 232 
228 232 
236 192 
188 228 
232 192 
212 236 
228 212 
228 212 
192 232 
232 256 
188 192 
228 232 
192 228 
224 216 
336 232 
228 196 
216 188 
244 188 
188 232 
228 232 
196 216 
368 980 
192 192 
208 196 
188 232 
208 196 
188 196 
188 208 
228 228 
188 212 
228 676 
224 196 
316 232 
228 232 
208 224 
228 232 
208 232 
228 208 
208 204 
324 328 
744 196 
188 196 
200 232 
200 192 
288 192 
208 276 
212 312 
228 212 
224 272 
192 292 
276 244 
200 224 
636 212 
196 200 
220 208 
216 212 
228 240 
360 192 
228 200 
208 204 
196 200 
192 204 
192 208 
188 188 
192 204 
228 232 
208 196 
196 212 
232 232 
212 204 
232 232 
208 208 
200 200 
204 208 
216 208 
212 208 
204 232 
212 232 
192 192 
188 232 
192 232 
188 232 
228 240 
224 192 
308 340 
228 272 
324 272 
192 192 
232 200 
192 192 
192 188 
204 200 
192 192 
228 224 
188 208 
192 192 
208 196 
228 220 
228 232 
212 212 
220 196 
188 212 
228 232 
192 192 
228 236 
196 236 
228 200 
208 236 
188 208 
188 232 
192 232 
208 212 
204 200 
192 220 
228 236 
188 212 
220 216 
204 232 
220 188 
192 196 
192 188 
204 188 
232 208 
232 232 
188 232 
228 236 
228 236 
228 208 
232 232 
228 308 
192 192 
228 232 
192 200 
196 192 
188 212 
232 228 
200 192 
204 192 
228 232 
192 192 
212 200 
196 208 
192 196 
188 192 
296 292 
252 232 
228 232 
276 224 
212 212 
208 228 
196 196 
268 200 
188 220 
224 192 
212 232 
232 224 
208 216 
192 240 
220 236 
200 192 
204 212 
208 200 
192 236 
208 212 
232 356 
252 288 
232 236 
232 192 
212 204 
232 232 
1816 200 
204 220 
212 196 
208 224 
188 192 
236 232 
208 192 
204 196 
232 200 
204 192 
196 188 
228 236 
208 292 
232 232 
228 192 
208 196 
192 192 
232 232 
228 604 
232 216 
212 196 
208 232 
232 208 
740 240 
232 192 
188 232 
228 208 
196 232 
212 232 
188 200 
228 196 
188 196 
208 208 
216 196 
224 192 
228 216 
212 208 
216 192 
232 316 
228 188 
188 204 
304 232 
224 216 
212 212 
188 232 
212 192 
228 232 
224 196 
200 204 
188 328 
232 288 
308 292 
312 308 
228 220 
188 236 
388 236 
212 204 
232 212 
208 196 
192 216 
320 252 
272 228 
192 208 
192 232 
640 196 
224 220 
220 200 
196 200 
216 208 
200 232 
244 204 
208 192 
192 228 
200 232 
228 232 
192 192 
276 344 
288 236 
196 228 
200 196 
228 192 
188 264 
188 236 
188 208 
720 840 
252 248 
332 208 
188 228 
220 220 
296 316 
188 204 
196 192 
204 220 
300 236 
192 200 
232 216 
192 204 
188 192 
200 228 
220 192 
188 220 
188 228 
192 188 
208 212 
212 220 
192 188 
232 220 
208 200 
188 192 
232 228 
188 304 
188 212 
220 208 
204 192 
476 196 
232 196 
220 232 
192 196 
228 852 
208 216 
228 228 
188 196 
200 196 
228 208 
320 212 
228 212 
192 192 
216 200 
188 228 
248 196 
232 192 
208 212 
204 212 
228 232 
284 220 
204 228 
228 232 
228 228 
192 212 
228 188 
216 204 
232 228 
228 204 
192 224 
188 228 
228 236 
212 212 
228 192 
228 236 
188 232 
600 200 
224 196 
192 228 
236 208 
204 236 
232 232 
216 212 
216 216 
188 192 
192 196 
188 232 
196 232 
192 232 
216 340 
548 224 
196 212 
188 224 
196 192 
1096 196 
196 204 
188 196 
208 208 
208 192 
192 192 
236 208 
