# ./FR-trace starting at Thu Mar 19 00:05:57 2020
################# CONFIG #################
# slot=5000
# samples=10000
# threshold=100
# idle=500
# minlen=500
# runs=10000
# pdathreads=2
# nmonitored=2
#   monitor0=../apps/openssl ecp_smpl.c:927 0x1e3e58
#   monitor1=../apps/openssl ecp_smpl.c:934 0x1e3af3
# nevicted=0
# npdatargets=2
#   target0=../apps/openssl bn_lib.c:514 0x102fb9
#   target1=../apps/openssl bn_lib.c:543 0x103025
# affinity=all
############## SYSTEM INFO ###############
# mastik_version=
# sysname=Linux
# nodename=lovelace
# release=5.3.7-arch1-1-ARCH
# version=#1 SMP PREEMPT Fri Oct 18 00:17:03 UTC 2019
# machine=x86_64
################## DATA ##################
# run=739
# datapoints=950
36 232 
36 36 
36 44 
244 244 
232 240 
444 240 
40 600 
228 236 
232 428 
232 240 
432 36 
236 244 
228 64 
232 36 
236 232 
432 36 
232 232 
240 44 
236 236 
240 244 
232 40 
236 232 
436 44 
236 424 
232 48 
244 236 
228 240 
436 40 
236 232 
236 36 
232 236 
232 48 
244 40 
228 248 
440 40 
232 236 
240 40 
236 232 
236 44 
236 240 
244 240 
232 40 
236 240 
232 320 
228 236 
232 44 
240 232 
240 232 
236 48 
224 236 
244 36 
232 232 
236 36 
232 240 
232 244 
240 48 
240 244 
216 36 
236 236 
248 52 
236 240 
236 236 
236 36 
236 232 
440 40 
240 232 
208 40 
236 232 
232 232 
232 44 
232 244 
556 36 
232 244 
236 36 
224 240 
232 208 
232 40 
232 236 
236 244 
232 236 
244 40 
236 252 
228 40 
420 236 
240 216 
236 40 
232 236 
440 40 
240 240 
232 44 
236 240 
236 232 
660 48 
244 236 
232 40 
236 240 
240 40 
232 240 
228 40 
228 240 
236 240 
228 36 
240 244 
436 240 
236 216 
232 44 
232 236 
240 236 
232 40 
240 240 
440 44 
236 236 
240 44 
240 240 
236 236 
228 36 
228 232 
552 36 
232 236 
228 44 
236 240 
228 240 
240 48 
240 236 
232 40 
232 236 
240 236 
236 44 
236 236 
232 44 
236 244 
236 36 
236 240 
236 36 
236 236 
236 236 
232 40 
232 240 
440 44 
232 244 
236 36 
236 244 
232 40 
240 236 
236 236 
228 44 
228 240 
232 240 
240 236 
240 48 
228 232 
236 244 
216 44 
232 240 
436 36 
240 236 
236 40 
228 232 
236 236 
244 36 
236 236 
212 44 
236 240 
232 44 
236 228 
232 236 
228 40 
236 232 
440 36 
228 244 
244 40 
236 240 
236 236 
236 40 
240 240 
232 36 
240 232 
240 44 
452 236 
232 216 
232 44 
232 244 
440 44 
236 232 
240 40 
232 240 
232 40 
696 240 
240 232 
232 44 
236 236 
236 44 
228 236 
240 236 
232 40 
232 240 
556 36 
236 236 
236 40 
236 244 
236 44 
240 244 
244 240 
240 44 
236 240 
236 36 
232 240 
236 44 
240 236 
240 244 
236 40 
240 236 
232 36 
236 232 
232 48 
236 228 
232 48 
228 232 
236 232 
236 36 
236 236 
244 40 
240 236 
232 36 
232 232 
232 40 
232 232 
236 240 
236 44 
240 240 
236 40 
240 240 
240 120 
232 40 
240 236 
228 40 
236 236 
440 40 
228 228 
236 32 
236 244 
232 40 
244 236 
240 236 
236 40 
240 236 
440 36 
220 236 
236 40 
236 236 
232 200 
236 44 
240 236 
440 44 
236 236 
228 36 
216 212 
236 244 
236 44 
240 236 
232 240 
232 244 
232 44 
240 236 
220 232 
232 40 
236 236 
232 52 
240 240 
240 36 
236 240 
228 40 
228 240 
460 232 
232 40 
232 236 
240 52 
240 240 
432 36 
240 236 
232 36 
232 240 
708 36 
240 40 
240 236 
436 36 
236 244 
232 44 
232 232 
236 240 
232 44 
236 568 
236 36 
232 232 
232 40 
236 240 
236 132 
232 40 
232 240 
232 36 
236 240 
436 36 
244 240 
236 48 
248 244 
232 236 
440 44 
236 236 
236 44 
240 236 
232 236 
240 44 
236 248 
440 44 
236 232 
236 40 
236 236 
228 236 
232 40 
236 236 
440 44 
240 236 
240 32 
236 240 
228 40 
232 236 
232 232 
240 40 
232 236 
240 44 
236 240 
232 40 
232 240 
204 44 
240 232 
236 232 
232 40 
240 240 
240 244 
232 236 
232 44 
248 240 
212 40 
228 40 
236 236 
244 36 
236 236 
232 44 
240 244 
232 40 
236 232 
216 216 
232 36 
240 232 
240 36 
240 232 
240 40 
232 236 
236 232 
216 36 
224 212 
432 36 
232 236 
236 44 
236 232 
224 268 
244 40 
232 240 
500 36 
240 236 
440 44 
236 232 
228 40 
240 236 
228 52 
236 236 
236 240 
744 44 
244 236 
232 40 
240 232 
236 36 
232 244 
232 244 
236 40 
232 236 
620 44 
236 232 
240 40 
244 236 
240 224 
236 44 
240 236 
236 36 
240 232 
232 44 
236 240 
244 232 
232 40 
228 240 
236 40 
244 240 
236 36 
240 236 
228 44 
240 240 
232 228 
236 44 
232 232 
436 36 
240 236 
232 40 
232 244 
240 232 
240 40 
232 240 
440 40 
232 232 
232 44 
232 240 
232 236 
236 44 
240 236 
440 40 
240 236 
240 40 
244 232 
232 236 
216 48 
236 236 
432 36 
240 236 
228 36 
232 244 
236 248 
440 44 
244 240 
216 36 
232 240 
240 240 
232 52 
240 232 
244 44 
240 232 
240 244 
232 232 
212 48 
240 240 
236 236 
236 40 
196 304 
244 236 
228 272 
188 212 
208 356 
228 236 
344 228 
208 232 
232 192 
228 240 
440 212 
436 416 
240 232 
484 236 
236 240 
232 232 
232 216 
244 236 
236 236 
232 236 
232 236 
228 244 
736 236 
232 240 
236 236 
240 240 
232 236 
228 244 
416 420 
436 240 
236 240 
232 236 
236 236 
224 236 
232 236 
232 236 
244 236 
236 232 
236 248 
240 240 
240 240 
240 232 
236 236 
244 232 
240 236 
236 232 
232 236 
236 244 
232 208 
224 228 
228 228 
224 208 
228 232 
208 240 
212 236 
212 248 
232 232 
232 228 
228 192 
236 224 
236 232 
244 232 
232 308 
192 240 
216 232 
196 232 
232 236 
236 240 
236 240 
236 228 
240 240 
240 240 
236 228 
208 240 
232 236 
240 236 
240 236 
240 240 
236 232 
232 232 
212 216 
224 240 
228 236 
188 232 
212 240 
228 248 
236 212 
232 240 
232 272 
232 232 
232 228 
212 196 
232 232 
232 236 
232 228 
232 240 
232 232 
232 228 
232 236 
584 212 
232 212 
224 236 
236 212 
236 236 
228 232 
228 212 
228 240 
216 228 
516 228 
224 236 
228 220 
288 304 
236 236 
232 244 
232 240 
216 232 
224 236 
232 404 
228 232 
228 272 
232 204 
236 236 
240 240 
232 236 
236 240 
228 232 
228 632 
240 236 
236 220 
232 192 
232 236 
228 228 
212 232 
220 192 
236 236 
232 240 
240 248 
236 240 
244 240 
236 244 
232 232 
236 244 
232 236 
232 240 
232 236 
232 256 
236 236 
236 232 
240 240 
236 236 
232 236 
236 232 
244 244 
236 240 
232 236 
240 236 
240 244 
236 240 
232 244 
240 240 
236 252 
232 232 
236 240 
252 236 
232 236 
200 220 
192 240 
236 200 
208 208 
212 232 
192 196 
228 232 
228 236 
192 240 
236 192 
192 236 
224 324 
212 236 
212 236 
232 204 
212 240 
232 232 
196 236 
232 200 
232 236 
232 216 
196 236 
232 236 
244 252 
232 244 
196 200 
232 244 
232 236 
232 232 
704 240 
196 212 
236 236 
232 220 
236 196 
216 236 
232 228 
232 232 
188 232 
208 232 
212 236 
200 212 
236 216 
236 192 
208 204 
208 224 
228 240 
228 232 
240 392 
192 232 
236 216 
232 236 
232 204 
244 224 
236 232 
236 228 
232 240 
232 668 
232 236 
236 236 
236 236 
240 236 
240 232 
200 196 
252 216 
232 236 
192 236 
188 196 
212 232 
204 220 
228 192 
228 232 
232 236 
240 232 
232 236 
260 208 
232 232 
236 244 
188 236 
236 228 
232 232 
236 232 
224 232 
232 244 
236 216 
236 232 
240 236 
236 236 
192 236 
232 232 
204 236 
192 228 
228 212 
232 232 
232 244 
232 236 
236 200 
192 228 
236 236 
212 252 
232 228 
196 192 
248 232 
232 232 
192 212 
236 200 
232 232 
212 196 
212 232 
232 232 
216 236 
240 236 
216 200 
244 240 
228 208 
244 236 
228 232 
192 196 
236 232 
244 208 
228 240 
224 452 
232 236 
236 232 
232 196 
328 232 
228 216 
232 240 
228 232 
240 232 
232 240 
220 236 
232 232 
240 236 
668 236 
236 236 
240 232 
236 244 
228 192 
240 208 
232 192 
232 212 
236 248 
228 424 
232 232 
208 232 
236 244 
232 244 
192 228 
240 244 
216 232 
244 236 
240 608 
240 232 
248 196 
244 192 
232 208 
232 532 
236 236 
244 232 
236 200 
244 248 
240 212 
340 204 
236 236 
188 232 
220 192 
212 452 
232 240 
228 232 
232 240 
228 232 
244 196 
236 232 
224 232 
240 228 
244 228 
228 240 
224 236 
236 228 
228 232 
188 232 
232 224 
232 240 
200 232 
236 232 
232 236 
232 232 
240 216 
200 188 
220 232 
228 200 
200 232 
240 232 
216 236 
228 236 
228 232 
188 228 
240 244 
232 236 
228 188 
236 196 
212 232 
216 244 
228 240 
192 236 
240 236 
236 240 
236 236 
232 232 
216 280 
232 208 
212 224 
232 232 
236 232 
228 236 
196 236 
232 232 
232 232 
232 232 
360 228 
232 216 
232 232 
236 240 
228 232 
192 212 
232 240 
228 240 
228 240 
608 236 
232 232 
204 196 
228 240 
232 236 
232 236 
192 236 
228 228 
232 228 
240 432 
228 236 
232 240 
208 216 
232 236 
196 632 
208 220 
192 236 
228 252 
236 244 
232 212 
232 240 
232 232 
232 240 
220 232 
228 208 
236 248 
244 216 
228 232 
232 228 
232 196 
240 196 
232 244 
236 236 
232 236 
240 236 
204 220 
236 236 
232 228 
236 240 
232 212 
236 232 
228 240 
228 232 
244 236 
232 200 
228 240 
232 236 
232 232 
232 232 
236 232 
236 228 
232 244 
228 228 
232 236 
244 236 
236 240 
236 232 
232 232 
236 240 
232 232 
212 240 
244 232 
236 236 
232 228 
244 216 
240 240 
232 228 
236 236 
204 196 
196 288 
232 228 
196 228 
236 236 
208 236 
192 236 
244 208 
212 188 
228 240 
236 196 
228 244 
188 228 
236 232 
244 248 
232 232 
240 240 
232 232 
372 232 
192 232 
232 236 
240 236 
240 196 
240 232 
232 228 
452 236 
212 236 
620 236 
236 232 
232 244 
236 240 
244 232 
236 236 
244 244 
228 236 
232 232 
232 460 
228 236 
240 236 
