# ./FR-trace starting at Thu Mar 19 00:10:36 2020
################# CONFIG #################
# slot=5000
# samples=10000
# threshold=100
# idle=500
# minlen=500
# runs=10000
# pdathreads=2
# nmonitored=2
#   monitor0=../apps/openssl ecp_smpl.c:927 0x1e3e58
#   monitor1=../apps/openssl ecp_smpl.c:934 0x1e3af3
# nevicted=0
# npdatargets=2
#   target0=../apps/openssl bn_lib.c:514 0x102fb9
#   target1=../apps/openssl bn_lib.c:543 0x103025
# affinity=all
############## SYSTEM INFO ###############
# mastik_version=
# sysname=Linux
# nodename=lovelace
# release=5.3.7-arch1-1-ARCH
# version=#1 SMP PREEMPT Fri Oct 18 00:17:03 UTC 2019
# machine=x86_64
################## DATA ##################
# run=990
# datapoints=1527
44 48 
52 212 
40 48 
44 48 
44 44 
212 208 
232 212 
236 236 
236 232 
232 212 
236 240 
236 212 
232 228 
248 208 
228 212 
232 212 
228 228 
236 232 
232 212 
232 212 
232 216 
228 232 
40 44 
228 212 
232 212 
232 236 
228 232 
228 236 
40 44 
232 212 
232 232 
748 216 
228 232 
228 228 
232 48 
236 236 
236 212 
228 212 
228 228 
236 48 
228 612 
236 240 
228 204 
232 236 
224 48 
236 216 
232 244 
232 212 
228 232 
232 48 
236 216 
236 212 
232 236 
228 228 
236 232 
224 52 
228 208 
228 212 
232 232 
236 48 
304 44 
228 212 
232 216 
228 232 
228 232 
236 44 
232 228 
232 208 
232 228 
228 232 
232 44 
236 212 
236 232 
228 212 
228 228 
228 40 
236 212 
232 208 
236 240 
228 232 
228 48 
240 216 
212 236 
236 216 
228 232 
228 40 
228 216 
236 208 
228 212 
228 236 
228 44 
212 216 
228 212 
232 236 
228 228 
228 44 
236 216 
228 232 
232 212 
224 232 
208 208 
236 44 
232 212 
228 208 
232 232 
228 232 
232 48 
232 212 
264 244 
232 228 
236 232 
236 48 
228 208 
232 228 
232 240 
228 236 
232 44 
500 216 
228 212 
236 232 
276 232 
232 228 
228 48 
232 216 
236 236 
224 228 
228 372 
236 52 
236 208 
232 212 
232 212 
228 240 
232 48 
236 212 
228 252 
228 612 
228 232 
232 52 
232 236 
232 208 
232 232 
228 232 
236 44 
1096 208 
232 212 
232 212 
232 232 
228 44 
232 244 
232 236 
236 236 
232 228 
232 48 
236 212 
232 232 
232 212 
228 232 
232 44 
228 208 
228 208 
240 236 
228 232 
228 48 
232 212 
228 236 
240 216 
232 228 
228 44 
232 208 
228 212 
236 240 
228 232 
232 44 
236 208 
228 212 
232 208 
228 232 
204 48 
232 208 
236 232 
236 216 
232 228 
232 232 
228 44 
236 224 
236 240 
216 236 
228 232 
232 44 
232 204 
228 208 
228 208 
228 232 
232 44 
232 216 
216 232 
236 240 
232 232 
228 48 
236 240 
232 240 
228 232 
228 232 
288 236 
228 40 
236 208 
236 212 
228 240 
232 232 
232 44 
236 216 
236 240 
556 208 
228 232 
228 48 
232 236 
232 208 
228 208 
228 232 
228 40 
232 212 
232 384 
264 216 
228 232 
228 44 
232 224 
228 216 
236 224 
228 232 
236 40 
236 604 
228 208 
236 216 
228 232 
228 48 
236 216 
236 240 
236 236 
232 228 
228 44 
236 212 
236 208 
232 208 
228 232 
232 48 
236 232 
228 232 
240 212 
228 228 
232 232 
232 48 
228 216 
228 212 
232 228 
232 232 
228 40 
228 216 
228 236 
232 240 
228 232 
228 232 
516 48 
236 236 
236 236 
232 240 
228 236 
232 48 
232 216 
228 208 
228 224 
236 228 
228 48 
212 236 
232 224 
232 216 
232 232 
228 44 
224 216 
232 252 
232 220 
228 232 
204 232 
228 44 
236 216 
232 212 
236 232 
232 232 
228 48 
236 216 
236 216 
232 252 
228 232 
232 40 
236 212 
232 220 
236 216 
232 228 
232 40 
332 208 
232 212 
232 212 
228 228 
228 48 
236 208 
232 208 
236 212 
228 228 
556 44 
228 212 
232 240 
236 208 
228 232 
228 44 
236 232 
252 240 
228 236 
228 408 
228 232 
236 44 
236 216 
236 236 
228 232 
232 44 
236 212 
232 232 
232 644 
232 232 
228 232 
228 52 
232 228 
236 240 
232 236 
228 232 
228 48 
232 212 
232 212 
232 236 
232 228 
232 44 
228 212 
236 232 
232 212 
232 236 
228 48 
236 212 
240 508 
232 212 
232 232 
228 48 
240 244 
232 224 
228 216 
228 232 
228 48 
236 212 
232 216 
232 220 
236 208 
232 236 
228 52 
236 216 
232 216 
232 216 
232 232 
228 48 
232 216 
232 212 
208 208 
232 236 
228 44 
236 216 
232 216 
228 208 
228 228 
228 40 
236 212 
212 212 
236 212 
232 236 
232 52 
232 216 
232 208 
232 212 
228 232 
232 44 
228 240 
236 236 
236 240 
228 236 
228 44 
236 212 
224 212 
232 208 
336 232 
228 40 
236 220 
236 216 
232 232 
236 212 
228 232 
232 48 
232 208 
580 224 
228 220 
228 232 
228 52 
228 216 
228 208 
232 232 
232 232 
240 52 
228 440 
740 224 
232 232 
228 228 
232 48 
236 216 
236 252 
236 232 
228 196 
236 44 
236 212 
240 236 
228 208 
228 232 
228 44 
232 232 
236 236 
232 232 
228 904 
228 44 
232 212 
236 212 
236 248 
236 228 
228 44 
228 212 
232 208 
236 220 
228 236 
228 48 
232 216 
228 212 
240 212 
224 212 
232 240 
240 40 
236 236 
236 208 
232 228 
228 228 
236 48 
232 232 
232 236 
228 212 
232 232 
228 48 
224 204 
228 212 
236 252 
232 232 
228 44 
868 216 
228 240 
228 212 
228 232 
232 40 
232 212 
228 212 
236 212 
228 232 
208 44 
232 204 
228 204 
236 208 
228 228 
236 44 
240 208 
232 212 
236 236 
232 208 
228 44 
236 220 
228 216 
232 212 
232 228 
228 48 
232 216 
368 212 
232 236 
228 236 
228 48 
232 220 
232 232 
236 212 
228 232 
648 44 
604 216 
228 240 
228 216 
228 212 
228 236 
236 48 
236 252 
232 232 
228 228 
228 468 
228 44 
224 224 
236 212 
256 212 
228 232 
232 44 
228 236 
228 232 
232 696 
232 228 
232 48 
228 220 
232 204 
232 212 
228 232 
232 44 
232 216 
228 224 
232 220 
232 232 
232 232 
228 44 
240 216 
212 216 
240 252 
232 232 
228 44 
236 220 
236 240 
232 208 
228 232 
232 48 
232 220 
228 236 
232 240 
228 232 
232 232 
228 44 
236 252 
232 208 
236 220 
232 232 
228 44 
232 212 
236 212 
232 208 
228 232 
232 48 
236 220 
228 216 
208 212 
232 232 
232 48 
236 212 
236 220 
228 212 
228 232 
228 44 
232 216 
208 212 
236 240 
228 228 
228 52 
232 212 
232 212 
248 212 
228 236 
228 44 
232 212 
236 212 
11424 248 
0 0 
0 0 
648 228 
208 228 
232 232 
384 92 
228 48 
232 220 
236 232 
228 208 
228 232 
40 40 
236 216 
232 208 
620 216 
228 228 
228 120 
232 44 
236 224 
236 208 
228 212 
228 236 
240 104 
232 452 
232 216 
228 212 
232 232 
232 44 
228 204 
236 220 
228 232 
232 232 
48 48 
240 236 
228 208 
232 240 
228 228 
228 44 
236 212 
228 236 
228 212 
232 232 
232 228 
236 48 
228 212 
236 240 
236 232 
228 228 
236 44 
232 212 
228 208 
236 208 
228 232 
232 48 
232 212 
232 212 
228 212 
232 232 
224 44 
244 224 
240 216 
228 212 
228 232 
48 44 
228 236 
232 216 
228 232 
228 144 
228 48 
232 208 
236 212 
236 208 
228 236 
232 44 
212 216 
228 212 
232 216 
228 232 
228 44 
232 212 
236 212 
236 212 
232 228 
208 48 
232 212 
236 212 
840 236 
228 228 
228 40 
232 40 
232 212 
236 216 
236 208 
228 228 
228 48 
232 212 
236 224 
224 216 
232 236 
232 48 
388 208 
236 240 
236 240 
236 228 
228 40 
228 212 
232 208 
228 232 
228 232 
652 48 
232 216 
236 240 
236 240 
228 232 
40 40 
240 240 
232 232 
236 232 
232 496 
188 44 
232 208 
232 228 
240 228 
228 228 
228 44 
236 224 
232 240 
236 664 
232 232 
228 48 
236 212 
232 240 
236 240 
228 232 
228 44 
232 216 
240 224 
236 212 
228 232 
224 44 
232 212 
236 212 
232 212 
228 232 
44 44 
236 216 
236 208 
228 232 
232 232 
236 44 
232 212 
228 208 
236 220 
240 228 
228 40 
236 212 
236 224 
232 224 
232 228 
228 44 
232 232 
232 240 
228 212 
228 232 
228 52 
232 220 
236 212 
236 236 
232 232 
208 40 
532 224 
228 236 
232 212 
232 232 
228 236 
44 48 
228 248 
236 232 
208 208 
228 228 
232 52 
232 216 
232 208 
236 232 
224 232 
236 44 
232 236 
236 248 
232 240 
228 228 
228 40 
232 212 
232 240 
236 240 
228 232 
428 44 
232 216 
232 236 
236 236 
228 232 
228 40 
232 212 
232 208 
236 212 
676 232 
44 44 
228 208 
228 212 
236 252 
228 228 
228 40 
236 216 
236 216 
228 532 
228 232 
228 48 
236 216 
232 212 
232 212 
228 232 
228 48 
232 232 
228 692 
232 236 
232 228 
228 232 
232 48 
228 212 
232 212 
232 208 
228 232 
40 44 
224 204 
232 236 
236 212 
232 228 
228 44 
352 208 
232 240 
232 232 
232 228 
228 44 
228 220 
228 236 
232 232 
236 236 
228 232 
232 48 
236 216 
232 212 
236 212 
228 232 
228 44 
236 212 
232 212 
236 212 
228 232 
228 44 
232 208 
236 212 
232 232 
228 232 
40 44 
240 212 
212 232 
232 212 
236 212 
228 228 
232 44 
232 208 
236 212 
228 216 
228 236 
204 48 
232 216 
236 212 
236 232 
228 228 
228 48 
232 212 
228 208 
208 244 
224 236 
228 228 
236 52 
228 228 
232 212 
228 248 
232 236 
232 52 
452 212 
232 228 
236 240 
228 236 
228 232 
44 48 
228 236 
236 236 
232 232 
672 232 
240 44 
232 212 
232 220 
228 212 
228 228 
232 44 
236 216 
232 240 
240 516 
228 232 
228 48 
232 216 
232 232 
236 212 
228 232 
228 48 
236 208 
232 212 
236 212 
228 228 
232 44 
312 44 
228 212 
232 216 
236 236 
228 232 
232 48 
232 208 
232 216 
228 228 
228 232 
240 44 
232 208 
232 232 
228 232 
228 232 
228 44 
236 208 
232 212 
240 236 
228 232 
228 44 
236 220 
236 220 
232 208 
228 228 
228 44 
228 216 
228 216 
232 224 
232 240 
44 44 
236 208 
236 232 
236 212 
228 236 
232 48 
236 208 
232 212 
208 240 
228 228 
228 40 
236 212 
228 208 
232 208 
232 228 
232 48 
236 212 
208 212 
236 208 
224 228 
232 44 
228 208 
236 236 
236 212 
228 228 
216 44 
236 216 
236 216 
232 236 
228 232 
40 48 
232 220 
232 212 
232 212 
464 232 
232 44 
232 216 
236 204 
232 216 
228 228 
228 44 
236 216 
228 216 
704 236 
232 232 
228 236 
240 48 
232 240 
228 232 
228 232 
228 228 
232 48 
236 532 
228 212 
336 232 
228 232 
248 52 
232 208 
228 208 
232 208 
232 232 
44 52 
236 212 
236 240 
236 212 
228 236 
240 44 
228 208 
232 236 
236 216 
232 232 
228 44 
236 244 
240 236 
228 212 
228 232 
232 40 
236 208 
228 220 
236 244 
232 240 
228 228 
232 48 
228 232 
236 240 
228 236 
228 228 
228 232 
280 312 
232 212 
228 188 
208 232 
228 208 
208 216 
212 232 
232 232 
224 232 
236 60 
236 224 
236 232 
228 232 
232 216 
232 208 
208 204 
232 212 
228 204 
236 240 
228 236 
228 232 
232 232 
228 240 
228 228 
208 208 
228 236 
228 232 
236 232 
232 228 
232 228 
232 232 
232 228 
252 232 
232 220 
232 236 
228 216 
208 192 
232 232 
232 212 
228 228 
236 216 
460 252 
228 228 
232 228 
232 312 
228 232 
228 232 
228 228 
228 228 
976 232 
700 228 
228 232 
228 232 
228 232 
236 232 
232 232 
232 232 
228 216 
236 208 
236 504 
232 232 
232 216 
228 232 
212 236 
228 236 
228 228 
228 228 
228 232 
232 232 
228 228 
228 232 
228 228 
228 228 
228 192 
232 228 
228 232 
228 228 
228 232 
228 228 
232 232 
228 240 
228 232 
232 232 
396 232 
228 236 
232 232 
232 232 
228 232 
228 232 
236 232 
232 232 
224 228 
232 232 
208 228 
228 232 
228 228 
228 232 
236 232 
228 228 
228 232 
228 228 
208 232 
232 232 
228 232 
232 228 
228 236 
232 232 
228 232 
232 236 
228 232 
204 232 
232 268 
228 236 
228 236 
228 232 
228 232 
192 232 
188 216 
188 196 
204 204 
228 232 
228 232 
224 228 
228 232 
228 232 
228 228 
228 232 
268 232 
228 212 
228 232 
232 232 
228 236 
232 236 
228 232 
228 228 
228 232 
460 228 
228 240 
228 232 
228 228 
228 228 
228 232 
228 232 
228 228 
228 232 
744 228 
232 232 
228 228 
232 228 
228 232 
228 228 
228 228 
232 228 
232 232 
228 608 
240 228 
232 232 
228 228 
228 228 
228 232 
228 228 
224 228 
228 228 
228 232 
228 232 
228 228 
192 232 
228 232 
232 236 
224 236 
352 208 
228 228 
232 232 
228 228 
232 232 
228 232 
228 232 
228 232 
228 236 
228 240 
228 232 
208 232 
228 232 
232 232 
232 228 
232 232 
228 232 
228 232 
232 228 
232 236 
228 212 
232 228 
228 236 
228 228 
232 188 
228 232 
208 232 
192 232 
228 236 
232 232 
228 236 
228 228 
228 236 
232 228 
228 232 
208 208 
232 232 
232 232 
228 232 
228 212 
228 236 
228 232 
232 232 
228 232 
204 212 
228 228 
228 228 
232 232 
228 232 
188 192 
232 228 
228 236 
288 232 
232 212 
228 232 
228 232 
228 228 
228 232 
232 232 
228 232 
204 260 
228 232 
228 228 
228 236 
240 232 
232 228 
228 228 
228 232 
232 228 
228 232 
232 232 
232 228 
228 236 
236 232 
228 192 
312 232 
232 232 
232 232 
232 228 
204 644 
232 232 
228 232 
208 228 
228 232 
224 232 
228 228 
228 192 
232 212 
228 232 
232 232 
228 236 
228 228 
240 232 
192 232 
240 232 
228 236 
228 232 
204 232 
228 232 
232 216 
208 232 
232 192 
676 228 
228 208 
232 232 
228 232 
228 232 
196 216 
228 228 
232 232 
228 224 
228 232 
232 232 
228 228 
228 196 
228 232 
232 236 
228 232 
236 216 
228 232 
228 232 
208 228 
228 232 
228 228 
232 232 
228 232 
232 232 
228 232 
240 232 
228 208 
236 208 
232 192 
236 228 
228 244 
228 232 
236 232 
232 232 
232 232 
228 232 
208 212 
232 236 
228 228 
232 232 
228 232 
232 232 
232 232 
188 196 
300 228 
228 208 
228 232 
232 232 
232 228 
232 232 
228 236 
232 232 
484 232 
532 216 
228 236 
232 232 
232 232 
228 232 
232 228 
228 236 
188 188 
228 236 
232 416 
228 236 
232 236 
228 228 
232 228 
228 228 
232 232 
232 232 
232 232 
232 640 
228 232 
236 232 
228 232 
232 228 
228 232 
228 232 
224 232 
228 228 
224 232 
228 228 
228 228 
228 232 
232 232 
228 232 
208 228 
232 232 
228 232 
228 232 
228 228 
232 232 
228 228 
228 232 
228 236 
232 232 
208 208 
232 236 
228 232 
212 232 
228 232 
204 212 
228 236 
232 228 
228 232 
232 228 
236 236 
228 228 
228 232 
232 192 
232 232 
188 228 
232 232 
208 228 
232 236 
228 232 
232 228 
228 228 
228 232 
232 232 
224 232 
232 232 
204 232 
228 232 
228 232 
228 228 
232 236 
228 196 
228 232 
228 228 
188 236 
220 208 
228 188 
208 232 
208 228 
208 216 
400 208 
228 236 
192 192 
208 296 
196 212 
192 212 
192 212 
224 212 
208 240 
208 328 
188 220 
208 196 
232 472 
208 216 
468 232 
228 232 
232 208 
204 524 
208 212 
244 232 
236 232 
184 232 
228 228 
228 212 
232 232 
228 232 
232 212 
232 228 
232 228 
228 240 
232 656 
228 232 
228 232 
208 232 
216 232 
232 228 
228 236 
232 232 
228 236 
228 232 
232 232 
228 236 
228 232 
228 236 
232 232 
228 228 
228 228 
228 228 
228 232 
232 228 
220 224 
228 232 
228 232 
232 232 
228 228 
228 196 
228 232 
228 232 
232 232 
228 236 
232 232 
292 232 
232 232 
228 232 
188 232 
228 228 
232 228 
228 236 
228 232 
232 236 
232 232 
232 228 
208 232 
228 236 
228 228 
232 228 
228 188 
228 232 
232 232 
228 232 
228 400 
208 236 
228 196 
352 428 
228 232 
228 232 
228 236 
228 200 
232 228 
228 232 
216 208 
228 232 
228 236 
232 232 
228 232 
224 232 
232 228 
228 232 
332 228 
228 208 
228 236 
