# ./FR-trace starting at Wed Mar 18 15:04:52 2020
################# CONFIG #################
# slot=5000
# samples=10000
# threshold=100
# idle=500
# minlen=500
# runs=10000
# pdathreads=2
# nmonitored=2
#   monitor0=../apps/openssl ecp_smpl.c:933 0x1e3d58
#   monitor1=../apps/openssl ecp_smpl.c:940 0x1e39f3
# nevicted=0
# npdatargets=2
#   target0=../apps/openssl bn_lib.c:514 0x102f79
#   target1=../apps/openssl bn_lib.c:543 0x102fe5
# affinity=0
############## SYSTEM INFO ###############
# mastik_version=0.02
# sysname=Linux
# nodename=lovelace
# release=5.3.7-arch1-1-ARCH
# version=#1 SMP PREEMPT Fri Oct 18 00:17:03 UTC 2019
# machine=x86_64
################## DATA ##################
# run=321
# datapoints=1088
44 244 
36 36 
48 44 
308 412 
212 264 
224 464 
216 424 
216 580 
424 428 
292 220 
36 48 
252 260 
224 436 
232 420 
40 36 
440 424 
220 428 
420 212 
40 36 
212 236 
212 224 
420 36 
248 228 
216 216 
248 32 
236 244 
216 220 
420 244 
256 216 
212 232 
416 40 
220 248 
232 220 
448 36 
208 248 
208 1736 
212 36 
252 260 
252 216 
216 40 
208 260 
224 256 
232 40 
416 420 
472 220 
244 40 
436 36 
248 256 
236 124 
416 36 
208 248 
228 220 
420 36 
252 740 
216 220 
212 40 
416 424 
216 256 
216 40 
480 36 
228 216 
212 256 
412 36 
216 220 
268 216 
256 32 
216 224 
216 220 
420 36 
416 796 
252 256 
220 40 
216 240 
224 256 
420 36 
212 236 
280 220 
420 36 
212 216 
216 220 
624 36 
220 248 
232 212 
212 392 
212 248 
236 216 
212 44 
228 216 
212 220 
220 40 
416 424 
216 212 
208 48 
456 420 
212 216 
216 252 
420 40 
228 216 
236 264 
324 40 
460 420 
536 288 
224 40 
456 428 
252 264 
228 48 
456 424 
292 408 
228 40 
456 440 
212 240 
308 104 
256 36 
236 216 
256 256 
416 36 
208 240 
232 40 
448 36 
340 980 
256 268 
448 36 
260 236 
332 256 
456 244 
240 236 
208 44 
212 228 
248 244 
256 32 
216 232 
240 236 
424 36 
260 224 
224 256 
468 36 
420 416 
252 264 
212 44 
456 420 
284 276 
372 44 
264 256 
256 256 
416 36 
256 544 
252 212 
216 36 
424 216 
212 212 
216 36 
464 216 
216 216 
208 44 
248 260 
212 220 
424 36 
220 220 
220 224 
416 36 
216 224 
212 256 
416 36 
240 312 
216 240 
416 36 
216 212 
212 260 
432 36 
240 212 
212 116 
416 36 
216 328 
260 284 
212 44 
220 316 
212 40 
504 444 
216 216 
216 292 
456 36 
260 260 
212 188 
440 36 
212 244 
708 252 
1160 36 
240 420 
252 224 
260 40 
256 252 
264 216 
248 36 
212 436 
244 324 
416 36 
216 244 
216 212 
412 36 
220 240 
208 232 
416 36 
236 216 
232 228 
216 40 
236 260 
252 260 
680 36 
248 220 
212 220 
420 36 
252 256 
244 248 
524 36 
252 424 
216 232 
252 44 
436 232 
240 260 
208 48 
452 420 
232 240 
216 44 
248 340 
244 224 
220 244 
256 644 
212 244 
452 36 
224 244 
256 40 
216 216 
260 260 
412 36 
220 236 
260 216 
452 36 
252 256 
256 252 
424 36 
224 256 
248 260 
216 32 
240 460 
276 256 
240 40 
436 424 
228 244 
224 40 
208 236 
216 224 
216 36 
220 216 
248 736 
420 36 
252 216 
252 220 
460 36 
212 264 
268 352 
248 36 
328 264 
216 216 
252 36 
420 548 
256 212 
216 200 
420 36 
236 216 
224 236 
732 36 
228 260 
224 224 
452 36 
424 468 
220 224 
212 40 
420 424 
232 256 
248 208 
416 36 
252 224 
216 40 
420 216 
244 252 
212 40 
212 216 
220 220 
220 48 
220 320 
212 212 
412 36 
220 224 
260 236 
420 36 
256 212 
216 224 
216 44 
416 432 
244 220 
224 40 
432 420 
216 264 
228 40 
432 428 
256 256 
256 708 
420 36 
316 220 
264 256 
416 36 
316 260 
256 252 
228 408 
252 260 
216 212 
412 36 
252 252 
216 236 
416 36 
256 256 
228 252 
232 40 
212 236 
240 232 
232 44 
256 232 
220 220 
212 36 
260 212 
256 256 
412 36 
212 216 
248 252 
420 36 
216 332 
264 264 
244 36 
436 424 
240 260 
220 44 
228 316 
212 220 
440 36 
220 220 
252 256 
464 40 
216 216 
236 40 
412 424 
216 220 
212 44 
240 420 
216 232 
868 36 
460 36 
252 260 
216 40 
536 424 
252 548 
216 36 
644 420 
260 300 
232 144 
436 36 
252 248 
248 172 
436 36 
248 220 
256 220 
212 44 
220 248 
224 40 
416 424 
260 256 
260 40 
456 424 
228 216 
236 256 
240 36 
232 252 
212 248 
552 36 
212 256 
260 252 
416 36 
220 244 
216 240 
684 36 
256 232 
232 224 
436 36 
216 256 
208 44 
244 424 
216 236 
216 44 
460 252 
260 220 
212 44 
436 496 
216 216 
216 44 
416 432 
216 220 
244 36 
288 36 
240 224 
212 36 
460 36 
208 232 
232 256 
412 36 
208 212 
252 252 
420 36 
240 220 
256 224 
248 44 
236 428 
216 220 
500 40 
436 236 
252 216 
252 44 
204 432 
260 264 
212 120 
456 44 
216 228 
280 48 
448 428 
252 268 
220 40 
776 256 
264 500 
208 40 
432 272 
212 264 
324 48 
236 252 
212 256 
504 36 
256 232 
636 236 
424 36 
216 256 
220 276 
648 36 
340 264 
208 260 
516 40 
236 220 
216 240 
416 36 
256 220 
344 48 
424 216 
256 512 
276 40 
256 572 
232 228 
420 36 
248 264 
212 236 
420 36 
252 236 
260 232 
416 36 
216 244 
228 216 
484 40 
836 240 
236 260 
416 36 
220 256 
212 240 
252 40 
700 236 
256 256 
212 36 
436 424 
212 216 
220 48 
416 420 
220 212 
216 40 
440 36 
228 220 
208 40 
436 216 
260 304 
228 44 
416 420 
228 264 
232 36 
416 36 
208 220 
328 40 
420 256 
260 216 
256 44 
212 260 
236 216 
256 40 
648 352 
252 260 
424 36 
232 252 
216 228 
252 44 
228 228 
256 252 
212 40 
252 256 
216 276 
256 36 
460 424 
252 228 
256 168 
220 40 
264 208 
208 40 
264 252 
224 220 
220 36 
232 256 
240 268 
460 36 
260 224 
256 156 
212 36 
240 236 
208 156 
208 44 
256 236 
224 44 
468 348 
248 264 
248 48 
252 240 
296 212 
420 36 
252 260 
220 216 
420 36 
332 228 
248 252 
412 36 
268 252 
216 256 
256 40 
260 244 
228 236 
416 36 
256 252 
232 236 
628 36 
596 256 
232 236 
672 44 
216 256 
256 256 
216 36 
456 428 
228 228 
236 48 
416 424 
216 264 
252 36 
416 36 
240 220 
284 212 
420 36 
252 216 
228 232 
232 256 
252 244 
256 256 
436 36 
232 260 
248 36 
416 424 
232 216 
248 40 
420 424 
228 236 
260 40 
416 232 
436 216 
216 224 
216 212 
212 220 
244 244 
208 256 
208 260 
252 256 
212 212 
212 216 
208 212 
204 228 
220 208 
288 212 
296 308 
316 1188 
228 216 
456 416 
416 464 
236 428 
216 252 
560 260 
460 224 
252 252 
212 220 
332 252 
244 252 
252 268 
244 216 
232 280 
252 248 
212 216 
252 216 
252 212 
408 256 
232 252 
216 232 
212 248 
236 500 
416 420 
216 284 
280 264 
304 296 
672 220 
312 260 
248 256 
220 208 
236 260 
212 260 
252 260 
356 240 
236 252 
260 492 
216 232 
416 444 
232 232 
236 248 
208 236 
220 216 
280 328 
248 256 
224 212 
260 248 
224 232 
228 256 
212 216 
236 232 
212 240 
228 336 
228 232 
228 220 
228 228 
216 240 
216 240 
208 240 
216 220 
216 232 
212 248 
256 252 
656 424 
232 236 
248 236 
212 224 
244 216 
384 256 
212 216 
240 236 
248 220 
256 540 
232 240 
236 236 
208 252 
264 216 
212 228 
240 240 
212 232 
212 216 
212 236 
216 216 
276 208 
232 224 
248 216 
212 216 
216 212 
224 220 
212 260 
220 256 
252 236 
276 240 
212 260 
252 220 
232 228 
236 256 
216 224 
244 228 
256 220 
228 228 
308 208 
404 236 
216 232 
248 232 
216 336 
236 212 
236 236 
208 264 
232 240 
248 216 
232 300 
232 248 
232 236 
216 212 
248 220 
232 220 
252 336 
252 216 
256 220 
312 240 
232 212 
228 224 
208 288 
220 292 
240 212 
256 256 
256 228 
244 248 
248 216 
244 256 
232 220 
216 220 
252 232 
248 252 
204 212 
568 216 
212 212 
224 216 
208 252 
212 220 
260 316 
208 248 
236 248 
228 212 
248 260 
216 220 
224 248 
356 224 
480 216 
240 216 
252 220 
244 236 
236 236 
212 260 
220 220 
252 248 
264 248 
256 264 
212 216 
220 208 
252 256 
256 260 
212 220 
220 216 
212 216 
256 264 
256 220 
212 220 
252 220 
216 236 
220 232 
216 256 
260 236 
348 232 
204 228 
248 236 
204 232 
248 252 
256 256 
216 252 
316 260 
256 220 
212 256 
428 212 
1088 212 
216 240 
212 228 
248 240 
348 232 
220 212 
212 224 
212 224 
232 216 
248 448 
212 252 
228 264 
216 216 
244 236 
252 404 
208 224 
228 220 
228 224 
212 220 
212 220 
212 260 
228 212 
216 224 
252 236 
240 212 
212 220 
212 244 
252 252 
212 212 
232 224 
212 316 
208 208 
212 220 
260 216 
252 256 
268 240 
208 244 
216 216 
212 208 
220 216 
212 216 
216 284 
224 232 
236 216 
216 300 
232 236 
216 376 
216 240 
212 216 
232 240 
252 280 
212 232 
236 216 
332 256 
228 264 
276 248 
252 212 
232 268 
260 356 
280 220 
576 260 
252 292 
328 240 
236 224 
284 220 
208 224 
232 240 
252 216 
276 224 
240 252 
252 260 
232 216 
228 220 
216 256 
252 232 
208 264 
216 212 
216 212 
216 224 
216 260 
364 220 
208 204 
212 212 
248 228 
328 1476 
328 256 
212 216 
208 216 
252 236 
212 232 
236 268 
216 216 
256 288 
268 228 
232 256 
212 276 
208 252 
224 212 
208 228 
216 208 
232 224 
228 304 
208 228 
248 220 
280 212 
248 224 
324 216 
236 216 
204 220 
224 212 
224 212 
256 220 
208 228 
212 248 
228 216 
248 244 
272 232 
300 280 
268 236 
248 224 
232 436 
228 212 
352 276 
240 212 
216 216 
252 340 
248 212 
244 212 
212 232 
228 240 
220 212 
208 216 
312 216 
236 212 
220 220 
216 216 
268 236 
328 288 
244 252 
252 216 
208 268 
208 220 
208 220 
208 220 
256 252 
232 236 
212 232 
352 220 
232 256 
512 244 
324 216 
216 256 
252 252 
252 208 
204 244 
216 724 
228 228 
212 288 
208 236 
232 228 
212 252 
252 228 
228 240 
224 232 
216 216 
284 216 
252 232 
340 216 
228 1240 
208 260 
308 216 
228 212 
260 292 
216 284 
208 276 
232 208 
208 248 
228 224 
260 232 
264 292 
208 224 
512 304 
208 256 
212 212 
208 256 
228 208 
240 340 
208 220 
212 256 
208 228 
228 212 
224 216 
220 232 
252 248 
224 244 
208 212 
212 212 
344 220 
212 216 
232 256 
576 212 
208 216 
248 212 
216 216 
232 236 
252 560 
232 236 
224 212 
224 212 
248 244 
212 236 
252 212 
212 252 
204 232 
232 212 
224 216 
208 212 
228 224 
252 256 
232 284 
248 236 
248 220 
232 236 
208 232 
232 228 
228 236 
208 352 
208 248 
224 252 
304 212 
208 248 
212 228 
208 212 
208 216 
240 236 
208 232 
212 228 
248 252 
232 232 
208 212 
296 224 
228 240 
228 280 
248 216 
212 228 
252 212 
208 276 
260 244 
240 232 
224 212 
252 244 
208 216 
276 220 
220 252 
260 212 
248 212 
220 220 
212 260 
212 236 
232 596 
228 216 
212 220 
364 260 
220 320 
228 256 
320 256 
248 252 
252 332 
252 252 
232 328 
232 256 
248 212 
248 256 
232 348 
204 252 
296 232 
212 216 
208 212 
216 240 
208 256 
256 260 
232 248 
224 212 
212 244 
208 216 
204 252 
208 968 
248 216 
252 224 
208 208 
248 256 
212 212 
224 252 
228 244 
248 256 
268 260 
248 220 
228 216 
