# ./FR-trace starting at Wed Mar 18 15:10:24 2020
################# CONFIG #################
# slot=5000
# samples=10000
# threshold=100
# idle=500
# minlen=500
# runs=10000
# pdathreads=2
# nmonitored=2
#   monitor0=../apps/openssl ecp_smpl.c:933 0x1e3d58
#   monitor1=../apps/openssl ecp_smpl.c:940 0x1e39f3
# nevicted=0
# npdatargets=2
#   target0=../apps/openssl bn_lib.c:514 0x102f79
#   target1=../apps/openssl bn_lib.c:543 0x102fe5
# affinity=0
############## SYSTEM INFO ###############
# mastik_version=0.02
# sysname=Linux
# nodename=lovelace
# release=5.3.7-arch1-1-ARCH
# version=#1 SMP PREEMPT Fri Oct 18 00:17:03 UTC 2019
# machine=x86_64
################## DATA ##################
# run=626
# datapoints=1011
40 40 
244 192 
232 328 
440 444 
560 404 
216 236 
44 40 
236 236 
196 204 
192 40 
40 40 
192 200 
432 224 
40 36 
204 220 
432 40 
236 216 
192 200 
232 44 
260 216 
216 44 
232 192 
240 196 
188 44 
200 208 
192 36 
200 200 
216 44 
216 212 
236 244 
196 48 
232 220 
428 40 
236 236 
212 212 
212 36 
216 216 
220 36 
196 216 
208 188 
212 44 
236 368 
208 240 
216 216 
236 220 
212 44 
216 212 
220 44 
196 224 
184 216 
196 36 
212 208 
212 40 
220 216 
212 240 
212 44 
196 216 
208 36 
236 216 
220 240 
240 44 
196 484 
428 36 
196 236 
228 40 
236 252 
240 240 
196 44 
200 196 
192 44 
228 264 
200 184 
196 40 
192 204 
192 240 
188 204 
236 44 
188 196 
236 204 
400 36 
200 204 
228 36 
196 196 
224 260 
196 44 
244 244 
188 40 
200 200 
192 220 
232 44 
188 216 
232 40 
236 208 
276 196 
196 40 
220 204 
420 44 
200 216 
236 196 
244 48 
216 216 
212 36 
212 236 
188 196 
232 40 
200 216 
188 36 
216 244 
280 40 
216 212 
196 212 
236 36 
188 228 
192 44 
528 204 
240 216 
400 36 
240 200 
196 40 
484 216 
200 212 
232 36 
188 200 
196 44 
212 36 
232 192 
404 36 
308 216 
224 316 
196 40 
312 240 
280 36 
236 304 
220 200 
232 48 
276 204 
224 432 
196 200 
196 136 
328 40 
196 248 
232 36 
200 236 
240 104 
204 40 
224 236 
196 44 
212 244 
212 36 
284 220 
212 212 
400 44 
208 208 
216 40 
208 244 
192 244 
344 48 
212 216 
512 36 
188 192 
212 44 
204 204 
220 212 
396 36 
196 200 
232 40 
196 200 
236 236 
396 244 
232 196 
212 40 
236 224 
196 204 
232 36 
216 192 
200 40 
192 224 
200 208 
192 40 
200 304 
188 36 
204 224 
344 40 
196 208 
196 192 
196 40 
288 244 
332 36 
236 220 
268 252 
264 44 
232 268 
260 32 
372 240 
196 36 
240 44 
204 208 
440 40 
196 204 
216 36 
228 216 
212 196 
232 40 
324 208 
192 40 
200 196 
208 40 
200 204 
216 244 
440 40 
236 196 
200 44 
236 236 
260 224 
228 40 
232 208 
436 48 
204 216 
204 40 
216 216 
212 200 
212 36 
204 216 
236 44 
208 208 
236 244 
212 40 
212 228 
220 36 
204 216 
204 44 
196 200 
200 224 
420 44 
240 236 
192 40 
196 212 
200 236 
212 44 
236 240 
196 36 
220 240 
188 48 
232 40 
240 200 
436 36 
220 196 
232 40 
204 200 
244 244 
192 48 
192 192 
216 36 
208 200 
440 84 
204 40 
204 232 
196 36 
252 208 
200 244 
236 36 
208 196 
232 36 
196 316 
220 124 
196 44 
220 204 
204 36 
196 200 
200 44 
196 40 
208 236 
192 32 
216 236 
196 200 
236 40 
196 204 
196 48 
220 192 
208 212 
232 44 
196 200 
396 36 
200 216 
188 40 
196 192 
236 196 
196 44 
196 208 
212 40 
192 200 
216 380 
196 40 
232 216 
196 44 
232 212 
240 200 
200 40 
192 200 
400 36 
212 200 
240 216 
236 36 
216 212 
236 36 
224 232 
208 40 
228 196 
292 212 
404 44 
240 240 
200 48 
204 192 
196 224 
400 40 
196 224 
216 40 
236 204 
192 232 
196 40 
224 232 
236 40 
200 192 
228 236 
232 44 
200 200 
228 32 
216 196 
200 200 
200 44 
232 232 
396 40 
200 196 
196 44 
196 208 
196 184 
232 40 
196 188 
232 48 
228 192 
200 48 
204 200 
208 220 
420 44 
312 240 
200 44 
240 252 
232 204 
232 44 
240 288 
300 36 
216 236 
196 40 
188 200 
196 200 
192 40 
236 200 
192 36 
212 220 
208 44 
192 44 
204 204 
452 40 
208 228 
240 36 
236 236 
192 40 
352 200 
276 224 
212 44 
196 196 
212 40 
212 220 
216 36 
196 40 
236 240 
204 44 
204 216 
192 192 
216 44 
216 196 
196 40 
196 196 
224 36 
196 208 
212 192 
212 40 
204 220 
188 36 
200 204 
652 40 
196 220 
196 240 
200 44 
196 232 
412 244 
192 212 
196 92 
196 44 
200 196 
400 44 
196 236 
200 44 
220 200 
192 212 
312 40 
240 216 
236 36 
196 188 
200 36 
192 192 
288 204 
548 36 
200 196 
232 32 
208 200 
236 140 
192 44 
208 196 
192 40 
216 200 
220 556 
224 40 
220 220 
196 32 
192 192 
208 192 
196 44 
208 192 
220 36 
240 212 
200 232 
200 44 
196 200 
228 32 
192 540 
216 236 
216 36 
200 196 
200 32 
204 196 
228 228 
196 36 
224 196 
220 32 
224 216 
200 212 
200 40 
288 208 
228 32 
200 188 
200 44 
220 40 
200 196 
416 44 
200 192 
216 48 
240 208 
196 196 
196 36 
200 196 
240 48 
200 200 
232 504 
196 40 
232 208 
208 44 
240 204 
204 196 
192 40 
240 224 
224 32 
240 232 
232 192 
228 40 
192 220 
240 276 
264 248 
196 208 
248 236 
220 232 
236 316 
268 304 
192 296 
204 204 
204 204 
236 188 
192 204 
196 224 
200 548 
412 232 
536 216 
560 216 
212 212 
228 188 
188 216 
212 200 
212 216 
216 200 
232 216 
212 216 
232 244 
236 192 
216 468 
240 208 
192 228 
192 208 
212 208 
232 196 
188 220 
220 32 
416 212 
232 216 
192 208 
188 212 
200 212 
196 200 
212 192 
208 204 
196 244 
236 196 
744 232 
232 192 
240 240 
200 200 
400 224 
236 204 
192 204 
196 212 
188 204 
192 200 
200 200 
268 244 
280 196 
216 232 
192 320 
320 236 
192 220 
232 212 
192 192 
196 336 
208 236 
212 224 
188 244 
212 216 
240 208 
208 232 
216 220 
228 224 
212 244 
216 232 
216 212 
232 204 
212 212 
212 216 
212 216 
196 220 
208 196 
212 200 
212 244 
192 212 
200 204 
212 212 
252 652 
196 196 
188 232 
212 216 
196 192 
220 220 
328 240 
200 224 
272 208 
212 228 
212 324 
288 192 
268 268 
244 196 
236 196 
192 208 
204 200 
196 204 
252 196 
296 312 
204 204 
196 196 
240 528 
324 196 
204 200 
188 200 
236 204 
216 192 
188 200 
192 204 
196 212 
192 192 
216 204 
192 204 
216 196 
192 232 
192 204 
196 192 
220 220 
196 208 
216 220 
228 440 
216 196 
192 192 
208 204 
208 212 
188 204 
188 232 
208 208 
228 616 
212 212 
192 208 
204 212 
216 228 
188 236 
212 228 
212 196 
208 212 
200 192 
240 212 
200 228 
204 196 
208 200 
200 228 
216 216 
220 192 
196 240 
232 224 
320 204 
196 228 
232 204 
192 200 
200 244 
192 232 
212 212 
236 244 
196 196 
196 244 
196 220 
244 236 
252 192 
232 280 
228 216 
208 196 
200 236 
192 204 
232 352 
220 200 
236 244 
236 196 
216 244 
192 236 
232 232 
216 196 
192 192 
204 248 
256 284 
208 292 
232 220 
196 196 
232 236 
192 200 
192 236 
192 192 
336 196 
232 240 
192 196 
196 192 
216 212 
268 236 
200 240 
216 220 
212 724 
196 196 
192 212 
192 196 
216 200 
232 200 
196 216 
212 212 
196 224 
196 196 
188 196 
244 196 
236 204 
212 220 
232 232 
208 196 
192 216 
248 332 
200 220 
240 212 
212 200 
240 200 
200 196 
236 236 
212 196 
192 196 
200 192 
188 212 
212 196 
232 296 
212 200 
240 272 
208 196 
280 240 
228 236 
216 212 
192 516 
232 232 
236 216 
196 204 
220 316 
200 196 
204 272 
192 200 
300 200 
216 196 
328 260 
232 228 
192 212 
188 204 
196 192 
364 296 
192 200 
204 196 
204 188 
320 200 
288 236 
220 216 
236 232 
232 232 
232 216 
196 236 
232 208 
212 224 
416 212 
192 236 
240 228 
196 228 
196 328 
228 312 
188 212 
188 196 
196 224 
204 216 
208 220 
228 240 
200 216 
200 216 
196 188 
208 220 
192 196 
188 232 
212 208 
188 196 
188 240 
192 208 
248 316 
228 240 
216 220 
196 188 
240 196 
260 196 
192 200 
204 216 
212 200 
216 196 
192 232 
324 272 
204 196 
192 208 
196 236 
192 216 
192 192 
188 196 
192 232 
228 188 
196 196 
192 196 
236 216 
196 188 
192 192 
188 216 
216 332 
228 212 
200 200 
240 196 
192 200 
268 200 
200 196 
188 232 
200 184 
188 196 
196 296 
240 236 
200 196 
204 232 
196 188 
200 272 
204 364 
232 232 
212 200 
236 228 
188 196 
232 284 
196 344 
184 236 
204 232 
192 200 
296 196 
232 240 
188 756 
224 204 
260 216 
252 200 
204 292 
196 244 
236 652 
196 196 
208 244 
200 208 
228 216 
192 216 
212 344 
296 208 
196 272 
496 200 
228 228 
224 264 
224 220 
192 196 
236 200 
208 200 
220 212 
216 240 
256 200 
192 208 
196 196 
220 376 
192 268 
232 212 
196 212 
288 196 
304 192 
208 196 
292 228 
236 192 
188 212 
216 232 
240 196 
212 192 
188 204 
196 196 
588 232 
192 212 
188 228 
188 188 
208 224 
204 192 
212 192 
236 196 
192 212 
188 232 
316 324 
236 256 
200 192 
196 228 
296 252 
384 356 
260 236 
712 236 
236 212 
204 236 
196 228 
196 228 
224 236 
196 192 
196 224 
232 232 
196 280 
188 216 
196 196 
232 232 
240 200 
236 208 
216 216 
212 216 
200 240 
204 196 
224 280 
212 228 
228 212 
196 232 
236 200 
208 220 
216 192 
204 192 
216 192 
212 192 
208 216 
208 216 
196 212 
188 188 
196 212 
232 196 
212 192 
396 192 
212 216 
232 212 
192 196 
200 232 
196 192 
220 232 
188 232 
232 236 
196 192 
232 232 
192 188 
228 192 
192 192 
212 196 
192 212 
236 208 
196 188 
200 216 
192 192 
208 196 
220 196 
188 192 
196 236 
228 208 
228 192 
292 316 
192 212 
200 196 
236 208 
192 192 
208 232 
188 236 
196 236 
196 192 
232 212 
208 336 
228 224 
212 216 
212 232 
208 208 
232 232 
232 212 
228 196 
216 196 
208 228 
208 212 
208 216 
216 188 
208 212 
232 192 
208 196 
228 212 
236 192 
200 236 
208 212 
228 212 
204 216 
192 200 
236 232 
204 208 
208 204 
208 212 
432 236 
204 212 
232 216 
188 232 
188 232 
188 192 
676 232 
204 208 
212 188 
192 192 
232 196 
320 204 
188 228 
200 192 
232 696 
192 228 
192 300 
232 232 
236 192 
192 196 
192 192 
192 196 
188 212 
196 196 
268 240 
188 232 
208 232 
264 320 
228 232 
228 228 
320 232 
208 228 
232 324 
304 272 
248 244 
208 212 
192 212 
208 236 
