# ./FR-trace starting at Wed Mar 18 15:07:02 2020
################# CONFIG #################
# slot=5000
# samples=10000
# threshold=100
# idle=500
# minlen=500
# runs=10000
# pdathreads=2
# nmonitored=2
#   monitor0=../apps/openssl ecp_smpl.c:933 0x1e3d58
#   monitor1=../apps/openssl ecp_smpl.c:940 0x1e39f3
# nevicted=0
# npdatargets=2
#   target0=../apps/openssl bn_lib.c:514 0x102f79
#   target1=../apps/openssl bn_lib.c:543 0x102fe5
# affinity=0
############## SYSTEM INFO ###############
# mastik_version=0.02
# sysname=Linux
# nodename=lovelace
# release=5.3.7-arch1-1-ARCH
# version=#1 SMP PREEMPT Fri Oct 18 00:17:03 UTC 2019
# machine=x86_64
################## DATA ##################
# run=440
# datapoints=975
36 40 
192 200 
428 484 
176 160 
412 196 
276 408 
280 208 
44 44 
236 248 
232 196 
264 32 
244 200 
216 204 
208 36 
524 236 
196 44 
196 272 
296 332 
196 40 
236 344 
404 36 
196 204 
204 204 
716 40 
196 204 
200 40 
204 192 
200 200 
212 40 
196 196 
220 44 
196 204 
212 64 
192 44 
192 232 
200 40 
192 200 
316 40 
208 316 
200 220 
188 36 
208 200 
192 44 
240 240 
208 220 
308 48 
316 196 
1084 36 
396 200 
232 224 
192 48 
208 196 
196 40 
332 236 
212 392 
308 40 
200 240 
200 40 
208 196 
200 172 
196 40 
204 200 
208 40 
204 192 
308 244 
220 40 
224 212 
440 36 
236 236 
236 284 
212 44 
204 256 
432 40 
200 200 
200 40 
240 248 
252 196 
212 40 
224 240 
236 48 
448 196 
328 44 
196 220 
296 236 
192 44 
224 196 
208 40 
252 200 
216 200 
228 36 
220 196 
212 36 
212 192 
204 244 
232 40 
224 212 
196 36 
240 216 
280 44 
236 224 
280 324 
200 44 
200 200 
248 36 
216 196 
212 204 
216 40 
244 200 
200 48 
244 248 
252 44 
220 44 
236 212 
196 36 
280 396 
216 224 
236 48 
212 196 
204 36 
208 200 
216 212 
192 44 
220 208 
440 36 
216 240 
200 40 
264 256 
224 44 
296 216 
324 204 
200 40 
240 300 
268 44 
236 236 
320 244 
328 40 
188 216 
288 40 
252 212 
224 204 
196 40 
196 200 
400 40 
328 300 
236 44 
196 208 
256 236 
216 44 
260 356 
212 40 
232 748 
204 36 
240 252 
204 68 
216 40 
212 236 
212 248 
280 312 
232 40 
200 236 
208 228 
192 40 
200 216 
188 48 
344 196 
200 208 
196 40 
196 236 
192 428 
192 200 
200 40 
224 40 
240 216 
204 244 
208 212 
212 40 
216 572 
220 204 
572 40 
260 248 
208 48 
204 196 
268 200 
236 40 
204 220 
204 44 
212 200 
196 200 
208 44 
200 216 
404 36 
192 200 
192 44 
212 320 
192 200 
356 40 
200 208 
188 40 
276 208 
196 232 
272 44 
264 232 
608 40 
192 208 
704 140 
220 44 
300 244 
288 36 
196 224 
196 240 
204 44 
212 204 
196 44 
196 200 
248 188 
196 36 
200 224 
396 36 
208 196 
216 36 
320 240 
196 204 
200 44 
200 200 
400 36 
196 220 
256 48 
240 212 
208 216 
220 36 
196 216 
224 244 
216 244 
200 40 
216 204 
216 224 
400 40 
252 200 
196 40 
200 192 
216 220 
192 40 
200 196 
192 40 
196 268 
220 220 
340 40 
192 196 
432 36 
240 240 
236 244 
248 40 
244 332 
272 40 
276 208 
400 168 
208 44 
200 200 
216 244 
316 336 
236 44 
308 336 
268 308 
228 40 
436 332 
284 36 
308 200 
620 192 
416 40 
404 316 
276 40 
252 200 
264 212 
284 36 
288 252 
304 44 
328 264 
320 320 
332 36 
364 252 
320 44 
488 328 
1284 152 
192 48 
220 260 
228 40 
248 248 
240 256 
312 44 
204 208 
192 40 
328 208 
192 204 
220 40 
220 224 
200 36 
204 212 
196 200 
192 44 
564 292 
192 32 
340 284 
192 216 
200 44 
196 228 
272 40 
236 308 
312 40 
192 216 
196 228 
200 40 
204 232 
196 44 
208 200 
208 196 
260 40 
392 196 
192 44 
212 208 
220 216 
216 40 
220 224 
204 40 
196 196 
200 204 
192 44 
200 204 
408 36 
228 240 
332 48 
200 248 
300 236 
212 40 
328 236 
200 44 
236 200 
192 212 
212 40 
204 204 
196 40 
196 196 
204 196 
240 40 
196 212 
252 248 
196 196 
560 32 
204 220 
216 200 
420 44 
196 220 
200 44 
200 212 
196 236 
196 44 
264 216 
420 36 
192 204 
208 80 
304 40 
240 208 
204 32 
192 200 
200 124 
208 40 
1212 216 
196 36 
200 208 
192 48 
204 40 
212 200 
244 36 
268 260 
236 40 
216 244 
196 200 
208 40 
212 200 
220 40 
204 200 
240 188 
232 40 
276 344 
292 40 
296 296 
380 268 
256 36 
200 200 
200 40 
212 232 
192 244 
196 36 
272 272 
188 40 
660 200 
200 44 
204 196 
200 204 
196 44 
192 216 
200 44 
200 204 
196 244 
400 40 
224 212 
192 44 
212 276 
200 204 
200 40 
200 196 
192 32 
256 268 
192 84 
196 40 
204 212 
212 36 
200 1132 
192 44 
196 196 
200 220 
220 44 
216 220 
204 40 
196 192 
240 272 
244 48 
248 304 
400 36 
240 204 
248 40 
196 228 
196 216 
232 48 
204 192 
224 32 
200 216 
196 204 
200 40 
244 236 
192 428 
192 188 
240 212 
196 40 
192 196 
196 44 
192 204 
196 196 
196 36 
212 204 
564 36 
240 212 
212 496 
232 44 
200 196 
244 40 
196 200 
196 208 
236 48 
212 200 
416 40 
192 196 
352 52 
220 328 
196 236 
196 44 
188 316 
336 44 
340 428 
288 252 
196 40 
352 204 
436 36 
208 308 
200 44 
236 44 
188 192 
280 228 
196 208 
240 204 
304 320 
440 196 
192 204 
200 200 
332 324 
260 220 
220 220 
192 320 
188 220 
220 208 
588 196 
212 196 
192 208 
200 208 
200 304 
260 248 
332 228 
196 408 
212 456 
908 192 
192 200 
212 240 
256 248 
204 600 
212 204 
244 228 
208 308 
328 240 
236 540 
236 224 
196 212 
264 232 
208 224 
200 332 
192 244 
220 876 
232 288 
252 264 
204 208 
308 228 
192 196 
200 236 
260 200 
376 532 
212 192 
200 212 
268 272 
224 216 
244 320 
216 208 
200 196 
200 196 
216 200 
200 284 
308 208 
208 192 
396 516 
348 320 
208 260 
204 212 
252 196 
228 192 
188 204 
196 192 
208 204 
188 232 
196 204 
208 212 
200 196 
188 240 
228 204 
232 484 
304 216 
192 236 
316 212 
252 292 
220 264 
200 276 
300 332 
276 404 
196 212 
268 212 
204 200 
204 192 
188 200 
192 212 
216 204 
224 212 
964 304 
212 196 
196 196 
240 200 
196 208 
192 196 
228 204 
200 208 
200 200 
228 224 
236 212 
200 208 
236 304 
192 200 
200 220 
232 224 
196 204 
860 204 
192 212 
256 208 
196 208 
208 196 
192 196 
228 216 
232 192 
252 280 
240 468 
244 324 
316 304 
276 188 
192 368 
244 304 
324 264 
240 196 
252 224 
196 824 
224 220 
224 240 
192 216 
216 212 
224 196 
196 204 
372 220 
216 204 
188 244 
204 204 
204 244 
192 328 
204 188 
204 464 
896 196 
228 196 
212 236 
200 200 
192 248 
196 216 
228 268 
204 216 
236 196 
220 236 
192 232 
236 46552 
0 0 
0 0 
0 0 
0 0 
0 0 
0 0 
0 0 
0 0 
0 0 
196 216 
216 200 
192 332 
240 236 
192 220 
200 200 
232 196 
340 192 
232 204 
192 188 
196 196 
188 208 
208 204 
400 588 
236 304 
208 200 
196 216 
228 216 
188 200 
216 216 
192 204 
248 208 
200 196 
240 296 
424 204 
192 240 
324 192 
208 204 
196 232 
196 196 
244 240 
212 200 
284 196 
216 228 
232 236 
196 196 
200 204 
196 200 
212 224 
196 204 
212 220 
204 204 
220 196 
220 204 
228 232 
212 224 
400 196 
228 240 
216 192 
192 200 
196 204 
196 208 
196 200 
196 200 
204 200 
212 208 
196 200 
188 252 
192 196 
228 204 
208 256 
244 208 
188 200 
212 216 
192 240 
188 236 
236 232 
188 196 
252 192 
188 200 
188 216 
228 196 
232 196 
668 204 
212 212 
192 212 
192 216 
212 236 
208 224 
288 208 
216 224 
232 212 
200 280 
228 236 
212 216 
252 196 
232 212 
196 200 
240 200 
216 192 
196 248 
200 192 
204 216 
208 360 
196 192 
204 224 
196 232 
352 216 
212 204 
232 216 
232 196 
212 236 
188 200 
196 200 
192 196 
232 388 
200 212 
212 196 
228 208 
208 188 
192 240 
204 228 
200 208 
192 212 
736 216 
196 212 
240 248 
200 196 
232 196 
196 196 
192 212 
212 200 
200 216 
200 300 
212 240 
192 196 
228 232 
576 236 
244 232 
228 280 
708 192 
232 232 
244 260 
188 240 
316 252 
196 348 
192 236 
252 216 
224 188 
248 208 
188 252 
204 192 
200 236 
212 664 
212 196 
196 204 
236 196 
236 216 
296 228 
192 196 
636 252 
232 200 
196 196 
236 196 
212 240 
192 208 
192 188 
192 192 
200 196 
232 236 
212 216 
200 212 
220 224 
300 216 
556 196 
188 192 
232 208 
232 212 
200 192 
188 192 
196 200 
240 200 
228 248 
200 196 
316 240 
228 192 
192 208 
192 188 
196 192 
196 244 
216 212 
196 192 
232 232 
192 192 
200 192 
208 208 
216 380 
232 232 
192 188 
188 212 
268 232 
208 620 
352 208 
188 204 
188 192 
300 216 
212 192 
212 192 
188 616 
228 188 
216 196 
204 216 
196 192 
204 236 
212 236 
224 220 
188 192 
196 208 
208 244 
228 212 
252 244 
200 220 
220 224 
208 312 
592 192 
196 216 
196 204 
208 196 
200 192 
224 192 
208 192 
212 232 
188 224 
196 196 
228 192 
196 212 
208 200 
196 240 
220 328 
204 236 
196 192 
236 196 
208 192 
204 196 
188 336 
244 224 
188 200 
188 228 
212 196 
192 232 
192 192 
264 240 
192 268 
212 224 
216 284 
232 332 
200 208 
192 208 
456 200 
232 192 
216 196 
200 240 
192 196 
220 212 
188 192 
192 232 
192 192 
232 220 
188 200 
232 316 
192 240 
200 200 
196 224 
232 200 
188 188 
196 228 
188 208 
200 196 
200 208 
240 204 
224 360 
236 204 
192 208 
196 192 
220 196 
192 200 
192 192 
188 192 
192 192 
736 232 
188 412 
236 200 
212 236 
208 200 
192 212 
212 192 
236 296 
208 220 
216 188 
204 196 
584 208 
196 192 
260 204 
220 208 
236 244 
620 232 
188 188 
216 236 
212 236 
220 340 
196 196 
220 220 
200 196 
196 212 
252 204 
192 196 
260 232 
188 200 
220 248 
284 196 
188 192 
404 228 
228 232 
192 196 
216 212 
320 300 
284 216 
232 220 
208 260 
192 192 
232 216 
208 232 
228 232 
188 196 
192 188 
272 192 
704 236 
208 208 
208 192 
192 224 
228 216 
272 632 
364 192 
208 192 
188 236 
264 232 
200 212 
