# ./FR-trace starting at Wed Mar 18 15:00:19 2020
################# CONFIG #################
# slot=5000
# samples=10000
# threshold=100
# idle=500
# minlen=500
# runs=10000
# pdathreads=2
# nmonitored=2
#   monitor0=../apps/openssl ecp_smpl.c:933 0x1e3d58
#   monitor1=../apps/openssl ecp_smpl.c:940 0x1e39f3
# nevicted=0
# npdatargets=2
#   target0=../apps/openssl bn_lib.c:514 0x102f79
#   target1=../apps/openssl bn_lib.c:543 0x102fe5
# affinity=0
############## SYSTEM INFO ###############
# mastik_version=0.02
# sysname=Linux
# nodename=lovelace
# release=5.3.7-arch1-1-ARCH
# version=#1 SMP PREEMPT Fri Oct 18 00:17:03 UTC 2019
# machine=x86_64
################## DATA ##################
# run=75
# datapoints=1574
40 48 
232 504 
44 236 
44 192 
36 232 
36 44 
240 232 
196 232 
232 196 
232 236 
228 232 
192 192 
232 196 
196 236 
192 240 
236 236 
240 188 
228 232 
232 232 
196 228 
196 232 
236 232 
232 232 
40 52 
232 48 
200 196 
240 200 
264 196 
232 236 
228 232 
232 52 
196 236 
236 228 
232 196 
228 232 
232 48 
192 236 
188 248 
240 196 
232 212 
232 232 
232 44 
228 232 
204 192 
244 192 
232 232 
232 236 
232 44 
228 236 
236 192 
208 196 
224 228 
228 44 
192 220 
232 196 
228 192 
236 232 
232 44 
196 236 
216 192 
232 188 
232 236 
232 48 
196 236 
232 236 
232 204 
232 240 
232 44 
1168 232 
232 240 
232 200 
228 236 
236 72 
228 44 
212 192 
236 192 
340 192 
232 212 
228 232 
232 44 
188 232 
232 220 
236 196 
228 236 
232 44 
232 200 
196 236 
232 192 
232 236 
232 232 
232 44 
212 236 
232 244 
228 192 
228 440 
232 48 
196 236 
240 240 
232 240 
232 232 
228 44 
196 224 
236 224 
232 196 
232 232 
232 44 
228 232 
228 212 
228 196 
228 232 
228 44 
192 236 
236 192 
228 196 
232 236 
228 44 
228 232 
236 232 
232 188 
232 232 
232 44 
224 236 
232 236 
228 196 
232 228 
232 48 
228 232 
232 196 
236 200 
232 232 
236 44 
196 228 
228 196 
228 196 
232 232 
228 44 
196 208 
236 188 
240 196 
232 232 
228 48 
196 236 
236 196 
232 200 
228 188 
212 232 
232 48 
232 240 
192 192 
236 228 
236 236 
232 232 
260 40 
232 240 
212 228 
232 192 
228 232 
232 44 
196 236 
232 192 
240 192 
232 232 
232 232 
232 44 
196 236 
228 188 
228 236 
232 232 
232 40 
224 204 
228 236 
368 192 
228 208 
232 52 
200 236 
236 244 
228 192 
232 232 
228 44 
236 232 
588 236 
228 188 
236 236 
236 52 
204 200 
196 228 
1016 236 
228 232 
232 240 
232 52 
188 232 
236 240 
232 232 
228 44 
192 228 
232 228 
236 236 
228 192 
228 700 
232 48 
188 240 
208 188 
228 236 
224 232 
236 236 
236 44 
196 236 
232 224 
228 200 
232 236 
236 44 
232 192 
236 196 
232 200 
228 232 
232 44 
236 236 
232 232 
228 192 
400 228 
236 44 
236 192 
236 192 
228 236 
228 228 
228 44 
188 192 
236 196 
236 248 
228 236 
232 44 
232 236 
236 192 
232 192 
228 236 
232 236 
232 48 
236 196 
228 196 
232 236 
212 232 
232 44 
196 232 
236 196 
228 256 
228 236 
232 48 
236 232 
236 236 
208 196 
232 232 
232 48 
188 216 
196 236 
276 232 
228 460 
232 240 
220 52 
236 216 
228 200 
232 232 
228 44 
196 236 
232 240 
228 240 
228 236 
380 232 
232 44 
192 232 
232 248 
992 228 
232 232 
232 240 
228 48 
188 196 
600 196 
228 232 
232 236 
232 44 
196 236 
232 240 
228 192 
232 236 
228 44 
232 228 
232 200 
228 192 
228 236 
228 236 
236 44 
196 244 
228 232 
236 236 
232 700 
228 48 
192 200 
228 232 
228 228 
232 232 
232 52 
196 240 
232 200 
228 200 
716 240 
232 48 
244 200 
236 192 
228 236 
236 236 
228 232 
192 48 
232 240 
232 232 
228 228 
232 48 
192 236 
224 196 
240 188 
232 232 
236 44 
192 196 
196 232 
228 192 
232 228 
228 228 
232 48 
196 236 
232 192 
232 216 
232 236 
228 48 
192 236 
236 224 
236 192 
232 232 
208 44 
248 200 
228 236 
228 196 
228 240 
232 44 
196 236 
236 236 
228 196 
208 212 
232 44 
216 236 
232 212 
240 232 
232 232 
232 44 
228 48 
192 220 
228 192 
232 636 
232 232 
232 44 
200 236 
232 240 
244 192 
228 232 
392 44 
196 212 
232 236 
228 192 
236 232 
232 48 
224 232 
228 220 
236 212 
652 228 
228 44 
196 236 
236 240 
232 216 
228 232 
232 44 
188 232 
228 236 
224 196 
232 236 
228 44 
228 240 
228 192 
236 192 
232 232 
236 44 
572 228 
240 240 
248 196 
236 236 
232 44 
188 232 
196 244 
240 232 
232 232 
232 232 
196 44 
188 232 
228 196 
228 228 
228 40 
236 196 
236 236 
228 192 
228 232 
228 44 
232 192 
196 240 
228 232 
228 228 
232 236 
232 44 
228 240 
232 192 
232 196 
228 236 
232 48 
192 236 
236 232 
236 236 
536 236 
228 232 
236 44 
228 196 
228 188 
240 236 
232 232 
228 48 
236 188 
208 196 
232 248 
232 232 
228 52 
228 240 
188 236 
228 208 
232 228 
228 260 
188 44 
236 236 
228 232 
236 240 
232 240 
232 44 
236 244 
236 240 
216 200 
228 208 
232 48 
196 192 
232 196 
232 196 
228 232 
228 44 
192 236 
400 252 
228 212 
228 236 
228 232 
192 48 
192 196 
232 212 
232 236 
228 236 
656 44 
192 196 
232 244 
224 196 
232 228 
232 44 
532 192 
232 200 
228 192 
236 516 
228 48 
252 188 
232 192 
228 236 
228 232 
232 232 
196 44 
228 192 
232 192 
232 232 
228 240 
192 52 
200 236 
232 192 
232 236 
232 48 
192 196 
232 236 
232 228 
228 232 
228 44 
228 228 
192 232 
236 220 
228 188 
232 232 
236 44 
196 236 
232 192 
232 196 
492 232 
228 48 
192 200 
232 248 
236 240 
232 240 
232 44 
228 240 
232 224 
228 196 
232 236 
228 44 
228 240 
228 196 
232 196 
232 232 
232 44 
236 200 
228 236 
228 236 
208 228 
228 232 
196 48 
188 240 
232 196 
228 236 
232 44 
196 220 
232 192 
208 192 
232 236 
232 40 
192 240 
228 192 
228 204 
232 228 
232 44 
236 196 
236 192 
236 240 
228 236 
232 44 
232 236 
200 240 
240 196 
228 236 
440 228 
232 44 
196 232 
228 192 
232 196 
232 232 
232 44 
196 240 
236 188 
676 232 
228 228 
228 44 
212 192 
236 240 
228 196 
224 232 
228 44 
192 236 
228 196 
232 236 
232 232 
232 48 
192 232 
228 196 
228 192 
228 232 
232 92 
228 44 
196 228 
236 192 
228 216 
232 236 
232 48 
196 236 
236 228 
228 196 
228 236 
232 44 
192 240 
232 240 
232 224 
236 236 
236 44 
196 236 
232 192 
236 248 
228 232 
232 44 
196 232 
236 188 
232 240 
232 232 
228 44 
196 236 
236 188 
232 200 
224 236 
228 44 
192 236 
236 200 
232 236 
232 232 
228 228 
188 52 
196 232 
228 200 
236 236 
232 232 
232 48 
224 192 
236 192 
208 196 
228 228 
232 44 
228 236 
236 192 
232 212 
228 232 
212 44 
248 236 
192 200 
228 204 
232 232 
228 232 
204 44 
228 196 
220 196 
232 212 
228 232 
232 48 
196 244 
228 228 
228 396 
232 228 
228 44 
192 236 
228 216 
232 192 
232 236 
228 44 
196 236 
232 236 
232 228 
236 252 
680 232 
224 44 
252 232 
236 208 
228 196 
232 232 
228 44 
236 236 
216 200 
232 232 
224 228 
228 232 
236 44 
196 240 
232 240 
232 232 
232 232 
236 44 
196 236 
236 192 
228 192 
228 232 
232 44 
196 236 
232 236 
228 204 
236 236 
228 44 
188 196 
236 236 
232 236 
236 52 
232 236 
188 224 
228 196 
228 232 
232 236 
232 48 
216 232 
232 236 
228 204 
232 232 
232 44 
228 232 
228 196 
228 232 
232 228 
228 232 
232 44 
196 236 
232 204 
192 196 
232 236 
228 48 
196 236 
236 240 
232 196 
232 236 
232 48 
196 236 
212 224 
228 192 
232 236 
232 48 
192 232 
228 216 
228 232 
236 236 
228 44 
220 212 
236 248 
236 236 
228 232 
228 48 
228 232 
236 248 
228 200 
232 232 
228 180 
228 40 
232 236 
280 196 
232 196 
232 232 
232 44 
188 240 
484 236 
228 196 
228 232 
228 44 
196 232 
232 192 
236 196 
228 232 
228 48 
196 240 
236 248 
232 224 
228 232 
232 44 
196 232 
236 1176 
228 252 
228 228 
232 44 
232 236 
188 228 
236 192 
232 232 
236 232 
232 44 
236 232 
236 192 
236 188 
232 236 
228 232 
228 44 
196 236 
228 196 
236 236 
232 232 
232 232 
232 48 
192 232 
228 196 
236 236 
236 44 
192 236 
232 216 
228 204 
228 236 
228 44 
196 196 
232 188 
232 252 
232 1100 
232 44 
192 196 
228 236 
232 236 
232 228 
236 48 
188 200 
232 192 
228 228 
232 228 
220 48 
212 196 
232 228 
228 236 
236 236 
232 44 
232 192 
232 208 
228 192 
208 232 
232 48 
200 220 
236 232 
232 216 
232 232 
232 44 
196 232 
236 188 
212 196 
232 232 
232 44 
196 236 
236 224 
236 240 
228 228 
232 44 
212 232 
228 196 
236 228 
228 228 
228 232 
232 44 
188 236 
232 228 
232 236 
476 232 
232 44 
192 236 
232 196 
236 984 
232 236 
224 44 
228 232 
232 188 
744 196 
232 232 
232 232 
232 44 
192 232 
228 196 
228 244 
232 232 
232 44 
232 236 
228 192 
232 192 
232 232 
232 44 
192 240 
232 192 
232 196 
228 232 
232 44 
188 192 
228 204 
232 236 
232 236 
236 232 
232 44 
192 232 
228 192 
228 232 
232 232 
232 44 
236 192 
228 192 
236 212 
228 232 
228 44 
228 236 
236 236 
232 200 
232 232 
236 48 
236 236 
236 192 
232 196 
228 232 
232 48 
236 196 
232 232 
236 228 
232 236 
232 44 
188 240 
192 192 
232 236 
232 196 
228 232 
228 48 
196 232 
232 192 
232 236 
236 232 
208 44 
228 240 
884 224 
228 192 
224 232 
228 44 
232 236 
188 220 
232 196 
208 600 
232 236 
232 44 
196 236 
228 196 
236 220 
228 228 
228 44 
188 232 
228 200 
232 236 
232 236 
232 180 
232 40 
196 240 
236 228 
240 196 
524 232 
228 44 
196 240 
232 192 
232 196 
232 232 
232 48 
232 240 
236 196 
732 232 
228 236 
236 44 
216 236 
232 240 
232 192 
228 232 
232 44 
196 236 
232 192 
228 228 
228 236 
228 232 
200 44 
192 236 
240 192 
232 232 
228 44 
236 232 
192 188 
228 192 
236 232 
236 232 
228 44 
196 236 
236 188 
232 228 
228 228 
232 44 
228 232 
236 236 
232 220 
232 236 
228 44 
220 240 
228 196 
236 232 
232 236 
232 44 
196 240 
232 236 
232 236 
228 232 
228 232 
232 48 
192 232 
228 224 
228 596 
232 236 
228 44 
188 236 
1144 240 
232 224 
228 232 
228 44 
236 192 
240 188 
232 236 
228 232 
196 48 
188 236 
232 236 
228 232 
232 44 
196 224 
232 236 
236 220 
232 232 
228 180 
208 40 
228 236 
232 236 
240 192 
228 232 
224 48 
240 232 
232 240 
296 236 
228 216 
228 236 
196 44 
192 232 
232 196 
196 196 
204 192 
232 400 
524 236 
208 192 
232 228 
228 208 
236 208 
236 232 
216 212 
232 240 
232 236 
236 236 
220 196 
232 200 
232 236 
192 196 
236 232 
208 196 
236 188 
224 196 
232 240 
232 236 
236 192 
228 196 
232 192 
228 236 
228 228 
192 228 
232 228 
232 236 
232 236 
232 232 
236 232 
228 232 
232 232 
232 212 
232 232 
228 232 
232 236 
232 232 
228 236 
232 192 
232 192 
188 192 
240 236 
228 228 
204 200 
228 232 
228 240 
236 48 
192 188 
1048 232 
236 240 
232 196 
192 236 
232 188 
232 208 
232 208 
228 196 
192 188 
228 236 
236 232 
208 232 
232 232 
236 232 
232 232 
228 228 
228 228 
224 232 
228 236 
204 588 
224 236 
232 200 
236 196 
224 232 
232 208 
196 232 
228 236 
208 208 
228 232 
212 220 
232 232 
228 232 
192 192 
232 232 
952 236 
232 236 
232 240 
328 232 
228 216 
232 232 
232 232 
228 232 
236 232 
232 232 
236 232 
232 232 
552 232 
232 232 
228 232 
232 236 
232 232 
232 232 
232 236 
228 228 
228 232 
228 420 
228 232 
232 232 
232 232 
232 196 
236 232 
192 236 
228 236 
228 200 
232 672 
232 236 
232 232 
344 232 
228 232 
232 232 
232 232 
232 232 
232 236 
196 248 
236 236 
228 232 
228 232 
232 232 
196 204 
192 232 
192 204 
232 232 
236 236 
228 236 
228 228 
232 236 
228 212 
232 228 
232 232 
232 240 
232 232 
228 232 
232 236 
232 232 
232 232 
232 236 
228 244 
208 228 
232 232 
236 240 
228 228 
228 232 
236 232 
236 236 
232 232 
232 232 
208 228 
228 232 
228 236 
232 236 
232 232 
232 232 
232 232 
232 236 
232 236 
212 232 
236 232 
232 232 
840 228 
232 236 
228 232 
228 236 
232 232 
232 232 
220 208 
232 232 
228 232 
236 232 
232 240 
236 212 
228 232 
228 236 
320 608 
208 192 
228 236 
228 236 
228 208 
232 236 
228 232 
232 232 
232 232 
552 232 
232 236 
232 232 
232 232 
228 232 
232 232 
232 228 
228 236 
192 240 
236 436 
632 232 
232 236 
228 240 
232 236 
232 200 
228 236 
232 232 
236 236 
232 668 
228 236 
232 232 
236 240 
232 232 
228 232 
236 236 
232 212 
228 228 
228 232 
236 236 
228 236 
228 196 
232 236 
1128 232 
208 212 
232 232 
188 228 
232 196 
228 236 
240 232 
228 236 
228 232 
228 232 
228 232 
228 232 
228 236 
232 232 
232 236 
232 236 
232 236 
236 232 
236 236 
228 212 
232 236 
208 236 
192 236 
232 232 
208 212 
232 228 
228 232 
196 236 
208 212 
232 232 
208 236 
228 240 
232 232 
236 232 
232 232 
232 236 
196 212 
192 224 
208 236 
228 212 
232 236 
212 232 
192 212 
208 232 
192 212 
228 232 
236 236 
232 208 
232 232 
232 232 
228 236 
232 232 
232 232 
232 236 
340 600 
232 228 
232 232 
228 208 
228 236 
228 224 
232 232 
232 228 
520 232 
600 236 
232 228 
272 232 
208 196 
232 228 
228 228 
232 232 
228 200 
228 228 
232 236 
236 208 
228 232 
236 236 
232 200 
228 232 
228 236 
232 212 
212 232 
228 688 
236 232 
228 240 
228 196 
188 232 
232 232 
228 236 
220 196 
228 232 
236 236 
196 232 
228 232 
228 236 
236 232 
192 196 
516 232 
196 228 
364 240 
228 232 
232 232 
228 236 
232 232 
232 232 
236 236 
224 232 
232 240 
228 200 
228 236 
232 232 
232 228 
228 236 
232 232 
228 236 
228 232 
232 232 
232 232 
232 236 
228 232 
228 204 
228 232 
228 236 
228 232 
208 232 
228 228 
232 232 
232 236 
228 232 
232 216 
196 196 
232 232 
228 232 
212 212 
236 232 
232 232 
232 228 
236 236 
236 232 
232 236 
228 232 
232 232 
228 212 
236 236 
232 196 
232 236 
228 232 
392 232 
228 232 
232 232 
372 232 
228 208 
228 236 
232 232 
232 232 
232 232 
236 236 
228 240 
228 236 
608 232 
228 228 
228 240 
232 228 
228 232 
204 236 
228 196 
228 236 
232 240 
232 464 
228 232 
232 232 
228 228 
236 236 
320 236 
232 236 
232 232 
232 236 
232 724 
232 232 
228 232 
220 196 
332 228 
228 232 
236 236 
224 232 
232 228 
232 232 
232 232 
232 232 
236 236 
232 192 
232 236 
232 232 
232 212 
196 212 
232 192 
232 240 
232 232 
232 228 
192 232 
192 232 
232 232 
232 232 
232 232 
236 232 
228 236 
228 236 
228 228 
232 232 
228 236 
228 232 
232 232 
224 232 
224 240 
228 228 
232 232 
232 232 
228 232 
232 232 
216 228 
228 208 
232 232 
236 236 
228 244 
232 236 
228 236 
228 236 
232 228 
208 208 
228 232 
232 232 
228 240 
232 232 
232 232 
232 232 
228 236 
232 232 
232 208 
232 208 
232 228 
232 236 
232 232 
232 232 
232 236 
232 232 
380 228 
228 212 
228 232 
228 232 
228 236 
248 240 
0 0 
236 236 
232 232 
616 228 
232 220 
288 320 
200 232 
228 236 
208 216 
228 188 
228 232 
232 232 
232 476 
312 824 
224 236 
232 232 
236 236 
232 232 
232 232 
232 236 
232 236 
232 744 
236 236 
228 236 
232 236 
228 236 
232 232 
228 232 
232 232 
236 236 
232 232 
232 236 
232 236 
236 236 
232 240 
236 232 
236 232 
228 208 
232 232 
236 232 
232 232 
232 236 
236 232 
228 232 
228 232 
208 224 
232 240 
208 232 
232 236 
236 232 
232 232 
228 232 
232 228 
232 232 
232 232 
228 232 
232 232 
232 232 
232 232 
192 200 
228 232 
228 236 
660 232 
208 232 
228 236 
232 236 
232 236 
232 232 
232 232 
232 196 
188 232 
236 236 
208 220 
228 196 
232 224 
188 232 
