# ./FR-trace starting at Wed Mar 18 15:11:00 2020
################# CONFIG #################
# slot=5000
# samples=10000
# threshold=100
# idle=500
# minlen=500
# runs=10000
# pdathreads=2
# nmonitored=2
#   monitor0=../apps/openssl ecp_smpl.c:933 0x1e3d58
#   monitor1=../apps/openssl ecp_smpl.c:940 0x1e39f3
# nevicted=0
# npdatargets=2
#   target0=../apps/openssl bn_lib.c:514 0x102f79
#   target1=../apps/openssl bn_lib.c:543 0x102fe5
# affinity=0
############## SYSTEM INFO ###############
# mastik_version=0.02
# sysname=Linux
# nodename=lovelace
# release=5.3.7-arch1-1-ARCH
# version=#1 SMP PREEMPT Fri Oct 18 00:17:03 UTC 2019
# machine=x86_64
################## DATA ##################
# run=661
# datapoints=1738
40 48 
188 196 
44 188 
40 40 
48 44 
232 624 
212 192 
228 196 
188 240 
228 200 
228 196 
228 236 
188 236 
236 192 
228 236 
208 212 
196 236 
196 252 
216 192 
232 464 
232 228 
196 240 
232 256 
216 388 
44 52 
44 44 
44 44 
44 44 
228 236 
192 224 
232 192 
232 192 
444 236 
232 220 
192 208 
228 44 
228 244 
252 196 
236 188 
228 236 
232 236 
228 44 
244 196 
232 196 
228 196 
232 232 
228 232 
232 44 
192 192 
228 192 
228 236 
228 232 
228 44 
196 236 
232 236 
232 232 
236 232 
232 48 
188 196 
232 208 
232 200 
236 240 
236 44 
236 240 
228 228 
228 188 
232 232 
232 44 
224 200 
232 192 
232 236 
232 196 
228 236 
232 52 
216 192 
236 292 
228 232 
228 232 
232 48 
236 196 
228 192 
236 236 
228 228 
232 44 
188 232 
232 228 
240 192 
232 232 
224 40 
192 240 
232 192 
232 236 
228 236 
232 44 
192 240 
232 196 
232 240 
228 232 
232 40 
236 232 
228 192 
208 196 
232 232 
236 44 
228 240 
232 208 
232 212 
228 236 
232 48 
188 236 
192 216 
232 236 
232 228 
224 44 
192 544 
232 192 
232 220 
232 228 
236 44 
200 196 
188 232 
236 224 
228 236 
228 44 
196 240 
232 236 
236 204 
464 236 
228 48 
196 236 
232 192 
232 216 
228 236 
232 44 
196 224 
236 192 
696 192 
236 236 
232 44 
192 240 
236 192 
236 236 
232 232 
232 44 
192 236 
228 200 
232 196 
228 232 
228 44 
196 228 
228 192 
228 212 
228 232 
228 44 
232 236 
232 232 
232 192 
272 200 
232 232 
232 44 
228 240 
232 212 
228 192 
232 236 
236 48 
224 236 
236 236 
240 204 
232 236 
236 44 
224 244 
232 252 
232 196 
228 232 
232 40 
188 236 
232 196 
228 232 
236 236 
232 236 
236 44 
188 240 
228 192 
228 196 
232 232 
232 40 
192 232 
216 200 
232 252 
228 228 
232 44 
224 240 
232 232 
228 240 
232 232 
232 44 
224 236 
232 252 
228 196 
232 232 
232 44 
232 240 
232 204 
228 196 
228 232 
208 44 
192 236 
232 192 
232 252 
228 232 
228 44 
224 240 
236 232 
256 192 
232 216 
228 44 
192 232 
268 192 
232 232 
232 232 
232 44 
228 240 
196 544 
236 244 
232 228 
228 232 
228 40 
340 288 
232 192 
228 196 
232 240 
712 44 
196 216 
232 236 
228 232 
228 232 
228 236 
196 48 
188 232 
232 192 
228 608 
228 44 
188 240 
236 188 
228 196 
228 236 
236 44 
192 232 
236 188 
228 196 
232 232 
228 44 
232 232 
232 224 
224 196 
232 228 
232 44 
188 236 
232 228 
228 200 
232 236 
232 44 
228 236 
236 236 
228 192 
232 236 
228 44 
228 244 
232 196 
232 192 
236 232 
232 44 
236 232 
252 196 
228 188 
232 236 
224 44 
188 196 
232 236 
232 232 
232 232 
232 40 
188 248 
236 196 
240 188 
228 232 
232 48 
192 232 
232 236 
236 192 
228 236 
208 40 
192 236 
236 200 
228 236 
228 236 
232 44 
228 196 
232 192 
232 232 
212 212 
228 44 
192 200 
232 208 
228 192 
232 232 
228 44 
188 196 
280 192 
228 216 
232 236 
232 44 
192 200 
236 240 
228 232 
228 232 
232 48 
192 204 
228 192 
232 288 
232 236 
228 44 
228 240 
284 196 
228 192 
228 236 
740 44 
232 212 
228 192 
240 192 
228 228 
232 48 
236 228 
232 196 
236 196 
232 608 
232 44 
192 232 
232 236 
228 196 
232 240 
228 44 
232 208 
228 188 
232 228 
232 232 
236 44 
196 232 
232 196 
228 192 
232 232 
232 44 
192 236 
236 196 
228 232 
232 236 
232 44 
192 232 
232 228 
228 192 
236 232 
236 48 
188 232 
232 192 
232 204 
232 232 
228 44 
356 272 
224 236 
236 196 
228 232 
228 236 
232 44 
228 240 
236 196 
232 240 
232 240 
208 44 
184 240 
236 196 
228 236 
228 232 
228 236 
196 52 
192 240 
236 248 
212 232 
232 44 
188 236 
236 232 
232 240 
232 228 
232 44 
192 192 
228 192 
208 216 
228 236 
232 232 
228 44 
196 232 
228 192 
228 232 
232 236 
304 44 
188 200 
232 188 
232 188 
228 228 
232 44 
232 236 
248 232 
232 188 
496 228 
232 236 
228 44 
188 236 
236 192 
232 232 
232 236 
244 44 
232 236 
232 240 
236 232 
232 228 
228 232 
244 48 
324 188 
232 196 
232 240 
232 232 
228 44 
192 236 
232 196 
236 192 
228 236 
232 48 
196 240 
232 220 
232 240 
228 232 
232 44 
188 232 
232 236 
228 192 
232 232 
232 40 
188 236 
236 236 
236 204 
228 232 
232 44 
228 236 
232 236 
232 232 
236 232 
232 44 
228 232 
232 196 
228 192 
232 232 
228 44 
192 236 
236 188 
236 236 
228 232 
232 44 
196 196 
228 192 
228 192 
228 232 
228 40 
228 240 
208 196 
228 196 
228 232 
236 40 
192 240 
232 188 
224 232 
232 232 
192 48 
188 232 
236 224 
232 232 
228 44 
188 232 
232 236 
232 192 
232 228 
228 44 
196 216 
232 232 
232 204 
236 236 
232 44 
192 196 
240 228 
236 192 
312 232 
228 44 
188 236 
232 236 
232 196 
232 232 
236 44 
312 212 
232 196 
532 236 
232 236 
264 232 
224 196 
232 200 
228 220 
208 224 
188 192 
212 192 
192 192 
240 200 
196 192 
308 332 
228 212 
228 196 
188 212 
204 232 
188 200 
204 196 
212 196 
232 196 
196 192 
232 236 
232 236 
232 232 
212 268 
220 232 
216 232 
220 212 
228 236 
196 196 
232 196 
188 232 
192 192 
236 196 
220 196 
204 192 
228 208 
280 236 
1120 196 
196 280 
188 360 
204 324 
204 216 
232 220 
188 200 
188 232 
228 200 
208 196 
204 196 
204 192 
232 192 
324 196 
200 192 
228 228 
232 240 
240 316 
204 196 
228 232 
232 232 
208 232 
228 232 
224 232 
224 232 
232 232 
228 240 
188 196 
192 236 
192 192 
188 212 
184 228 
188 196 
232 212 
188 196 
200 232 
200 232 
228 200 
188 196 
192 232 
192 224 
224 300 
228 328 
200 224 
208 236 
200 192 
192 196 
308 292 
228 192 
208 196 
188 216 
192 196 
204 224 
232 236 
188 212 
196 216 
228 464 
208 212 
192 224 
208 212 
252 212 
192 232 
204 196 
188 232 
188 196 
204 212 
236 236 
232 236 
232 232 
232 232 
236 236 
232 232 
232 232 
232 236 
232 696 
232 236 
216 196 
228 296 
192 200 
192 232 
228 232 
208 220 
192 200 
232 192 
188 236 
220 232 
232 212 
232 224 
212 224 
236 236 
188 192 
232 236 
228 212 
224 240 
232 232 
224 232 
256 208 
188 212 
232 212 
216 208 
232 188 
188 236 
228 228 
192 236 
196 236 
1136 336 
216 192 
228 236 
256 192 
192 232 
228 200 
208 236 
192 192 
232 236 
232 232 
212 192 
228 236 
208 192 
232 256 
308 228 
188 204 
188 208 
232 232 
200 196 
284 244 
224 192 
212 208 
232 232 
292 196 
216 196 
244 228 
228 208 
196 192 
336 220 
232 228 
216 192 
208 228 
248 208 
220 236 
216 196 
232 216 
232 200 
196 200 
188 236 
212 208 
192 196 
196 236 
208 196 
228 220 
232 220 
192 196 
208 200 
232 232 
204 216 
232 388 
444 232 
200 208 
192 192 
232 240 
228 232 
216 232 
192 232 
196 196 
304 196 
188 208 
208 236 
232 196 
224 216 
272 256 
268 256 
304 240 
216 192 
300 196 
204 192 
220 224 
192 208 
228 348 
232 232 
48 44 
192 232 
236 224 
192 204 
204 220 
188 44 
220 200 
192 200 
208 224 
212 44 
196 228 
232 212 
228 196 
216 212 
212 208 
44 52 
200 208 
212 196 
208 228 
208 48 
248 236 
228 196 
212 192 
388 208 
192 236 
228 48 
192 220 
212 192 
208 196 
232 224 
204 56 
192 212 
232 252 
332 220 
192 216 
48 44 
188 192 
248 224 
208 228 
260 44 
228 240 
272 264 
224 260 
288 272 
44 48 
232 192 
324 236 
192 260 
228 464 
228 44 
220 236 
228 188 
228 232 
204 248 
284 40 
192 240 
216 228 
192 228 
232 224 
368 48 
260 240 
200 196 
240 220 
192 236 
236 44 
192 200 
188 192 
192 228 
304 260 
196 44 
192 288 
236 224 
220 228 
196 44 
196 208 
332 236 
328 192 
204 208 
200 44 
188 216 
268 188 
228 200 
292 192 
188 44 
208 216 
224 240 
216 220 
228 256 
232 44 
196 236 
188 224 
216 192 
208 236 
208 44 
192 200 
204 200 
200 204 
224 44 
192 204 
196 204 
212 196 
212 216 
188 228 
196 44 
208 236 
260 196 
188 188 
188 44 
200 196 
232 188 
196 192 
220 212 
232 44 
236 220 
208 220 
236 228 
228 232 
228 48 
192 192 
200 260 
188 236 
232 44 
196 232 
196 292 
208 208 
320 220 
324 188 
220 44 
188 196 
216 204 
192 208 
192 232 
228 48 
196 196 
220 228 
228 196 
308 44 
208 196 
204 204 
228 232 
192 44 
220 216 
240 192 
188 204 
232 200 
228 48 
188 240 
192 236 
228 236 
232 236 
196 52 
192 220 
216 200 
232 192 
204 208 
188 44 
192 212 
224 232 
224 228 
264 228 
220 44 
188 204 
236 208 
212 200 
212 44 
196 204 
232 196 
232 232 
236 640 
196 236 
196 44 
188 236 
228 196 
380 204 
224 220 
232 48 
192 196 
192 196 
200 48 
228 196 
192 196 
236 224 
208 204 
340 320 
296 44 
288 236 
232 236 
232 236 
212 236 
228 40 
216 236 
236 200 
272 504 
228 192 
188 44 
196 256 
224 192 
204 196 
196 216 
196 48 
224 196 
208 196 
192 516 
212 44 
196 196 
200 228 
192 300 
192 208 
204 44 
192 244 
208 196 
192 224 
192 44 
192 200 
220 220 
500 192 
192 192 
200 52 
224 220 
232 188 
284 224 
188 192 
236 48 
192 208 
268 220 
200 244 
260 48 
196 232 
192 192 
192 200 
200 196 
192 196 
232 48 
196 196 
232 204 
224 192 
232 196 
196 44 
196 196 
192 196 
236 492 
216 44 
220 192 
188 192 
212 200 
196 196 
192 52 
264 264 
240 232 
240 236 
316 44 
228 240 
208 268 
212 204 
228 696 
316 44 
224 208 
216 192 
196 208 
208 212 
208 44 
192 208 
192 280 
236 208 
204 48 
228 204 
192 236 
192 200 
188 200 
192 196 
200 192 
220 52 
192 192 
196 224 
188 196 
188 200 
220 52 
192 228 
216 192 
192 232 
228 44 
188 232 
200 196 
224 192 
188 328 
192 44 
196 200 
236 204 
232 200 
224 196 
208 44 
204 196 
188 204 
192 196 
196 232 
228 48 
232 280 
236 296 
288 328 
320 44 
196 200 
256 228 
200 208 
220 192 
196 48 
208 204 
196 220 
192 240 
200 192 
212 44 
228 192 
192 200 
192 224 
192 48 
236 248 
216 192 
208 240 
224 244 
224 48 
188 208 
216 204 
192 192 
224 48 
192 44 
220 220 
228 212 
196 596 
224 208 
212 48 
192 240 
188 220 
212 212 
196 44 
192 196 
192 196 
208 208 
200 44 
192 236 
188 196 
208 220 
188 192 
212 44 
188 212 
352 208 
216 220 
224 48 
196 196 
188 204 
228 192 
192 216 
188 44 
192 192 
216 276 
308 192 
188 212 
232 48 
196 204 
196 268 
188 228 
240 44 
196 196 
220 208 
188 244 
212 200 
212 44 
224 216 
200 204 
676 220 
216 48 
200 192 
192 240 
212 216 
192 232 
196 44 
212 196 
236 200 
208 208 
192 44 
244 208 
208 236 
280 256 
300 256 
256 44 
316 216 
192 216 
192 192 
220 48 
200 232 
228 236 
252 292 
300 232 
208 44 
212 236 
648 196 
208 204 
232 44 
232 192 
192 240 
192 212 
192 208 
196 52 
216 228 
216 192 
208 216 
228 216 
224 44 
192 192 
220 204 
228 232 
232 48 
196 200 
220 204 
188 192 
208 232 
188 44 
192 196 
196 204 
288 212 
192 212 
188 44 
216 196 
212 260 
272 212 
232 252 
228 48 
212 204 
0 0 
0 0 
0 0 
236 228 
200 40 
188 224 
236 192 
192 236 
188 212 
192 200 
48 40 
192 192 
204 228 
196 216 
232 52 
212 236 
224 192 
196 200 
228 164 
188 48 
192 200 
204 216 
704 200 
208 44 
244 240 
220 196 
248 196 
360 192 
212 252 
220 44 
192 212 
196 196 
188 196 
260 252 
236 44 
204 220 
236 240 
264 200 
200 192 
220 48 
196 212 
196 192 
204 192 
232 200 
236 308 
192 260 
280 244 
220 208 
196 268 
196 196 
228 192 
212 208 
196 192 
200 200 
192 204 
188 188 
192 196 
188 212 
192 208 
208 212 
188 200 
212 192 
216 392 
236 224 
224 636 
224 192 
184 196 
200 244 
224 220 
188 220 
196 196 
204 196 
196 204 
196 196 
216 220 
192 192 
200 192 
192 200 
204 228 
196 208 
256 240 
208 236 
228 208 
192 256 
192 188 
196 196 
204 196 
192 44 
192 196 
328 268 
248 332 
324 248 
196 216 
216 204 
232 200 
232 556 
204 196 
212 212 
208 208 
248 236 
288 208 
228 192 
212 236 
204 192 
188 200 
188 188 
208 208 
196 252 
200 196 
192 188 
188 264 
232 240 
292 332 
228 216 
228 232 
256 212 
292 316 
220 212 
188 300 
196 276 
188 228 
252 244 
196 316 
192 232 
236 196 
192 212 
192 240 
192 196 
204 188 
212 192 
188 188 
208 228 
188 192 
196 192 
200 192 
276 208 
208 196 
204 192 
240 244 
244 236 
228 260 
192 332 
232 204 
268 336 
224 208 
232 208 
204 196 
228 208 
188 192 
228 208 
204 220 
240 196 
208 216 
220 288 
304 228 
232 204 
232 228 
236 236 
188 236 
300 192 
232 192 
192 200 
188 320 
208 192 
208 212 
212 232 
196 212 
208 220 
344 216 
192 204 
188 192 
196 200 
196 224 
188 200 
192 192 
220 200 
280 304 
236 212 
568 220 
228 188 
208 228 
188 244 
228 196 
236 284 
192 196 
252 196 
192 192 
208 208 
192 232 
208 220 
196 212 
208 224 
236 232 
236 236 
292 260 
324 208 
292 288 
192 200 
300 360 
196 196 
192 220 
184 252 
224 192 
208 192 
236 192 
228 304 
200 220 
188 268 
296 248 
228 208 
192 212 
204 216 
188 608 
188 196 
216 204 
188 196 
204 192 
252 260 
212 196 
328 244 
320 256 
216 300 
232 240 
272 324 
268 284 
228 212 
348 240 
244 196 
236 204 
196 192 
324 328 
200 196 
244 236 
240 216 
212 396 
192 216 
204 212 
220 200 
200 192 
308 228 
188 260 
212 252 
196 196 
192 196 
220 308 
204 204 
192 204 
188 224 
196 196 
200 192 
208 224 
208 204 
212 188 
204 196 
188 208 
256 216 
444 232 
212 212 
208 324 
188 216 
184 216 
196 208 
192 200 
188 192 
216 200 
192 188 
188 192 
220 196 
196 192 
228 212 
224 188 
192 188 
248 260 
196 212 
232 192 
232 348 
228 204 
256 272 
260 280 
252 260 
324 196 
188 188 
300 268 
188 196 
232 196 
216 208 
260 288 
340 212 
192 196 
256 280 
200 192 
296 236 
192 220 
188 200 
192 212 
192 192 
192 196 
188 236 
228 232 
316 228 
196 200 
192 212 
304 192 
196 236 
208 196 
368 192 
208 208 
188 208 
216 196 
212 200 
196 212 
192 208 
208 188 
196 200 
244 212 
204 192 
260 188 
196 196 
244 192 
196 192 
224 200 
204 232 
192 188 
208 192 
212 200 
208 208 
208 208 
192 212 
204 216 
220 208 
208 368 
208 196 
208 200 
208 244 
228 192 
192 212 
536 340 
188 192 
212 188 
264 256 
208 220 
196 196 
192 192 
188 196 
252 204 
268 236 
192 192 
192 212 
520 240 
208 212 
192 192 
212 200 
208 260 
200 196 
188 236 
188 192 
208 236 
192 204 
200 192 
192 224 
192 204 
196 196 
188 192 
208 196 
188 192 
192 500 
212 464 
188 208 
188 196 
196 224 
200 188 
188 192 
192 212 
192 200 
228 192 
248 304 
228 264 
188 200 
208 212 
192 200 
224 188 
192 220 
192 192 
232 208 
200 212 
188 200 
188 200 
192 196 
232 212 
188 212 
188 204 
208 232 
208 200 
460 596 
208 196 
216 208 
228 232 
192 220 
228 220 
216 220 
212 192 
200 220 
196 228 
192 220 
192 192 
188 236 
192 196 
192 192 
204 212 
216 212 
192 200 
196 192 
208 192 
240 204 
188 196 
192 188 
188 188 
192 192 
272 216 
188 196 
188 212 
192 284 
196 196 
200 236 
204 208 
192 216 
192 356 
188 200 
200 192 
204 224 
196 212 
208 196 
200 232 
192 196 
196 192 
188 200 
644 192 
208 204 
584 196 
192 212 
192 192 
200 212 
308 396 
200 192 
192 192 
248 192 
200 252 
228 212 
192 232 
232 212 
324 232 
232 232 
196 376 
552 244 
256 256 
236 212 
212 220 
192 192 
208 212 
216 196 
232 296 
188 228 
188 208 
208 352 
224 204 
684 196 
192 380 
320 208 
192 212 
236 232 
212 368 
188 200 
208 204 
208 204 
208 196 
192 196 
212 188 
192 212 
248 328 
192 196 
336 276 
228 192 
196 236 
200 224 
228 532 
232 192 
232 208 
244 212 
188 192 
208 224 
188 192 
208 192 
220 192 
220 200 
516 196 
196 192 
188 192 
200 204 
216 212 
224 220 
200 236 
192 328 
452 356 
320 192 
268 236 
192 256 
216 212 
672 288 
204 200 
244 192 
216 212 
208 192 
184 232 
192 212 
196 196 
216 236 
188 240 
208 204 
188 212 
208 208 
192 200 
192 192 
200 192 
228 236 
240 188 
204 216 
192 200 
192 192 
192 196 
200 208 
200 204 
204 244 
196 196 
232 200 
224 212 
204 224 
196 196 
192 192 
320 240 
188 312 
256 248 
196 208 
192 200 
232 196 
216 196 
192 196 
196 216 
188 196 
188 196 
216 200 
188 208 
192 232 
196 192 
192 212 
204 196 
196 196 
208 232 
192 216 
196 204 
188 192 
196 212 
188 196 
192 228 
192 192 
192 208 
200 196 
236 212 
252 236 
192 236 
192 224 
192 240 
192 196 
192 192 
200 204 
196 188 
240 200 
188 192 
192 192 
192 192 
196 224 
208 476 
196 208 
220 196 
192 192 
224 212 
188 196 
192 212 
192 200 
