# ./FR-trace starting at Wed Mar 18 15:07:52 2020
################# CONFIG #################
# slot=5000
# samples=10000
# threshold=100
# idle=500
# minlen=500
# runs=10000
# pdathreads=2
# nmonitored=2
#   monitor0=../apps/openssl ecp_smpl.c:933 0x1e3d58
#   monitor1=../apps/openssl ecp_smpl.c:940 0x1e39f3
# nevicted=0
# npdatargets=2
#   target0=../apps/openssl bn_lib.c:514 0x102f79
#   target1=../apps/openssl bn_lib.c:543 0x102fe5
# affinity=0
############## SYSTEM INFO ###############
# mastik_version=0.02
# sysname=Linux
# nodename=lovelace
# release=5.3.7-arch1-1-ARCH
# version=#1 SMP PREEMPT Fri Oct 18 00:17:03 UTC 2019
# machine=x86_64
################## DATA ##################
# run=483
# datapoints=1807
64 236 
52 52 
48 156 
48 232 
40 52 
40 48 
232 228 
220 228 
236 236 
260 232 
232 236 
196 232 
192 232 
236 192 
232 232 
212 188 
236 240 
228 232 
232 228 
232 240 
232 232 
200 216 
192 232 
232 240 
196 232 
228 232 
232 48 
232 236 
196 232 
232 200 
232 232 
232 236 
228 236 
232 52 
232 232 
252 192 
228 192 
236 232 
232 232 
228 48 
196 232 
232 236 
232 228 
236 232 
232 44 
232 232 
188 200 
240 196 
232 236 
228 236 
232 44 
192 196 
232 192 
232 200 
232 236 
228 44 
224 196 
196 240 
236 232 
228 196 
232 236 
228 44 
200 236 
236 228 
228 232 
232 236 
228 236 
232 44 
192 480 
228 196 
228 232 
208 212 
236 232 
192 48 
188 232 
232 200 
228 236 
228 48 
216 240 
208 196 
228 208 
228 232 
232 52 
232 232 
236 232 
232 196 
228 236 
228 48 
192 240 
232 192 
228 196 
232 236 
236 44 
196 216 
236 236 
232 192 
232 236 
236 52 
0 0 
0 0 
0 0 
188 220 
232 52 
216 240 
232 232 
232 192 
40 712 
232 48 
228 236 
192 208 
232 192 
228 232 
228 232 
48 52 
228 236 
240 196 
228 200 
232 232 
232 44 
196 232 
228 192 
232 192 
232 236 
232 44 
192 236 
228 236 
228 192 
228 236 
232 44 
236 236 
236 240 
228 188 
232 236 
228 44 
196 236 
228 240 
264 196 
232 232 
228 40 
192 236 
232 200 
236 188 
232 232 
228 232 
236 52 
192 228 
228 196 
228 188 
216 228 
232 44 
232 232 
236 208 
1152 232 
232 236 
228 44 
196 236 
236 288 
212 196 
232 232 
228 44 
196 240 
232 236 
260 200 
232 228 
232 52 
196 212 
212 196 
228 204 
228 232 
224 44 
220 232 
228 228 
232 192 
228 240 
256 40 
196 224 
228 196 
236 200 
228 232 
228 40 
196 240 
228 196 
232 200 
496 228 
224 44 
232 192 
1140 224 
232 236 
232 376 
228 236 
232 44 
236 188 
728 192 
232 236 
232 232 
228 44 
196 236 
232 192 
228 196 
228 232 
232 48 
232 236 
232 240 
232 192 
228 232 
228 40 
228 52 
192 232 
232 192 
228 192 
232 232 
232 44 
192 232 
232 228 
236 192 
232 232 
232 40 
216 236 
232 236 
472 236 
228 232 
232 44 
196 236 
228 192 
228 196 
228 236 
228 44 
216 228 
232 220 
228 192 
232 232 
232 44 
192 232 
236 192 
228 192 
228 236 
232 44 
236 192 
232 188 
228 196 
228 232 
232 48 
196 236 
212 192 
228 200 
232 228 
236 44 
192 236 
192 188 
232 232 
228 228 
236 232 
200 48 
192 188 
236 200 
236 232 
228 232 
228 44 
196 236 
232 196 
228 236 
212 212 
228 48 
236 200 
232 188 
236 192 
232 240 
228 44 
192 216 
232 236 
1004 232 
236 232 
236 44 
220 240 
188 232 
228 192 
228 228 
228 232 
196 44 
220 188 
232 192 
232 232 
232 236 
216 44 
232 240 
240 192 
232 232 
232 44 
192 248 
228 196 
228 200 
232 232 
232 44 
224 240 
232 224 
236 192 
228 600 
232 40 
236 240 
232 240 
236 236 
232 232 
232 44 
848 232 
232 188 
224 196 
228 240 
232 40 
240 236 
188 208 
228 192 
232 220 
232 232 
236 52 
188 240 
228 192 
228 236 
228 236 
232 44 
236 232 
236 188 
236 236 
232 232 
232 44 
188 196 
232 196 
240 236 
228 232 
228 40 
196 236 
232 236 
232 216 
228 232 
228 48 
192 236 
236 232 
260 192 
708 236 
216 44 
196 236 
236 232 
232 192 
232 232 
232 44 
196 236 
232 260 
232 240 
208 236 
228 48 
188 220 
228 240 
228 192 
232 240 
228 44 
188 224 
228 240 
208 200 
228 232 
232 44 
188 240 
232 232 
236 212 
232 232 
232 48 
192 196 
232 216 
232 196 
228 228 
228 48 
196 236 
236 192 
228 196 
232 228 
504 44 
212 240 
232 192 
236 232 
228 240 
232 232 
232 44 
192 232 
228 204 
748 236 
232 244 
236 48 
196 236 
232 188 
612 236 
232 228 
228 44 
192 240 
232 192 
228 200 
232 232 
228 44 
196 232 
232 192 
232 196 
232 228 
232 48 
192 232 
236 240 
232 236 
228 236 
228 40 
236 236 
236 232 
228 196 
228 236 
236 40 
200 192 
228 192 
232 208 
232 236 
232 48 
236 196 
232 204 
232 196 
232 228 
228 44 
184 236 
716 232 
228 216 
228 228 
228 152 
232 48 
192 204 
228 192 
236 232 
228 240 
228 44 
196 236 
232 264 
212 228 
228 232 
232 44 
220 240 
236 236 
232 196 
232 236 
232 52 
232 232 
192 192 
232 236 
228 196 
228 232 
228 44 
232 192 
192 248 
224 228 
228 440 
208 212 
196 48 
232 232 
228 192 
232 232 
228 44 
188 200 
236 192 
300 236 
232 216 
232 44 
188 252 
232 236 
236 200 
236 232 
232 44 
232 236 
192 236 
236 192 
232 232 
608 236 
228 44 
196 200 
232 228 
228 196 
232 236 
232 44 
196 196 
232 192 
228 196 
228 232 
228 40 
232 236 
232 232 
228 196 
232 632 
228 40 
188 196 
228 192 
236 240 
232 232 
228 44 
232 196 
228 196 
228 192 
232 236 
236 44 
192 236 
232 224 
232 200 
228 232 
224 44 
228 236 
192 220 
632 240 
228 192 
228 232 
232 48 
188 192 
232 192 
232 228 
232 232 
232 240 
188 48 
228 192 
228 236 
232 236 
228 232 
228 44 
232 200 
232 196 
228 232 
232 232 
232 44 
232 196 
232 192 
244 232 
208 232 
228 40 
224 192 
232 192 
232 208 
232 228 
236 44 
196 232 
240 196 
212 200 
208 232 
228 48 
232 236 
232 236 
228 192 
236 236 
228 48 
196 236 
236 216 
228 192 
228 232 
228 44 
196 232 
188 236 
228 236 
232 232 
324 236 
228 44 
236 192 
236 192 
232 236 
232 228 
228 44 
196 196 
228 196 
564 232 
236 244 
228 44 
196 236 
228 192 
232 232 
228 236 
232 44 
232 192 
228 240 
236 236 
232 228 
232 44 
236 188 
200 208 
228 236 
236 236 
232 232 
196 44 
196 232 
228 192 
232 236 
232 240 
228 44 
196 236 
232 1008 
228 196 
228 232 
232 44 
196 240 
228 192 
236 192 
232 232 
232 48 
228 236 
236 232 
236 232 
228 228 
228 100 
236 44 
196 232 
228 196 
232 232 
228 232 
232 44 
192 196 
232 248 
228 232 
236 236 
232 48 
192 196 
236 248 
232 196 
228 232 
236 48 
236 192 
228 208 
228 196 
228 232 
732 48 
188 200 
228 192 
228 240 
232 232 
236 240 
232 48 
196 216 
228 188 
232 232 
208 228 
232 48 
228 228 
236 196 
228 192 
228 232 
228 48 
192 192 
236 236 
232 224 
232 232 
232 44 
236 196 
224 196 
236 188 
228 236 
232 44 
192 188 
232 196 
236 192 
228 236 
232 44 
228 228 
228 196 
236 200 
228 232 
580 44 
236 192 
232 224 
228 204 
232 232 
232 40 
196 232 
236 236 
236 240 
228 448 
232 52 
232 240 
228 232 
228 192 
232 236 
232 44 
232 232 
236 240 
232 192 
236 228 
228 236 
228 48 
212 192 
236 192 
232 216 
232 236 
228 48 
188 232 
224 200 
228 196 
228 232 
232 44 
228 232 
192 236 
228 192 
232 232 
232 232 
232 44 
228 200 
228 192 
232 232 
232 232 
228 44 
228 200 
236 192 
232 236 
228 236 
228 44 
196 200 
228 252 
228 196 
232 236 
228 44 
196 236 
232 196 
228 196 
228 232 
228 44 
252 236 
196 204 
204 192 
232 228 
232 228 
232 44 
188 192 
232 192 
228 200 
232 228 
232 44 
204 208 
228 188 
232 192 
236 236 
232 236 
228 44 
196 228 
228 196 
228 196 
232 216 
228 44 
228 236 
232 236 
236 196 
228 232 
228 236 
236 48 
192 232 
232 216 
232 228 
228 232 
232 48 
236 188 
232 192 
232 256 
232 232 
604 48 
232 236 
228 236 
228 192 
232 232 
232 52 
192 44 
232 192 
228 192 
228 484 
232 232 
188 48 
228 196 
232 232 
236 196 
228 244 
232 44 
252 192 
232 192 
236 192 
228 236 
228 44 
196 196 
232 236 
232 232 
228 236 
236 52 
192 192 
232 216 
232 200 
232 232 
228 44 
228 216 
228 192 
236 192 
228 236 
232 44 
188 196 
232 188 
232 240 
232 232 
228 48 
192 192 
228 192 
232 196 
228 228 
228 48 
220 196 
236 236 
228 228 
228 192 
228 232 
232 44 
192 236 
236 240 
228 192 
228 232 
232 44 
192 212 
228 232 
208 196 
228 212 
232 236 
232 208 
192 192 
232 228 
196 232 
224 232 
232 232 
208 212 
228 192 
192 192 
192 236 
208 208 
204 236 
196 192 
188 232 
200 192 
216 192 
228 208 
192 228 
228 236 
4304 232 
300 208 
212 212 
216 232 
188 700 
228 208 
228 212 
208 196 
224 252 
192 236 
188 196 
236 212 
232 208 
188 196 
232 240 
204 196 
188 188 
232 240 
188 232 
196 192 
196 228 
188 204 
228 192 
208 224 
1052 236 
208 212 
232 192 
204 564 
228 216 
232 232 
188 196 
316 192 
196 232 
192 212 
232 236 
224 228 
208 212 
192 220 
184 228 
188 248 
188 208 
192 208 
212 188 
188 216 
224 192 
224 208 
316 196 
192 252 
228 232 
208 212 
232 232 
364 212 
320 212 
228 252 
280 232 
220 188 
192 212 
188 200 
272 192 
200 196 
208 192 
192 296 
208 212 
208 216 
228 236 
232 236 
236 232 
228 236 
228 236 
236 236 
228 232 
236 232 
232 236 
212 228 
232 236 
228 236 
228 240 
228 232 
232 228 
232 240 
228 236 
196 296 
264 224 
208 220 
188 192 
192 192 
192 188 
212 200 
208 192 
220 196 
376 192 
216 200 
200 192 
268 212 
208 216 
192 236 
192 256 
216 248 
208 228 
228 200 
236 196 
232 236 
228 212 
208 192 
204 192 
216 236 
188 276 
208 232 
636 188 
212 236 
232 192 
228 236 
192 232 
192 220 
244 216 
192 196 
188 228 
188 196 
216 192 
192 212 
228 236 
232 232 
228 232 
236 236 
228 240 
228 232 
236 744 
232 236 
228 232 
232 232 
232 228 
228 232 
196 208 
208 212 
228 212 
320 192 
232 212 
188 232 
204 232 
228 236 
208 232 
208 208 
232 232 
232 232 
212 232 
232 192 
188 248 
212 212 
232 196 
224 232 
232 204 
220 196 
196 212 
216 196 
208 252 
232 188 
196 276 
324 212 
192 212 
1228 200 
600 200 
228 236 
192 212 
204 204 
212 232 
228 232 
228 236 
224 232 
228 192 
232 228 
212 236 
296 232 
188 212 
208 256 
192 220 
216 228 
220 192 
212 216 
192 192 
200 196 
216 212 
192 192 
208 196 
208 224 
212 220 
228 196 
196 196 
224 192 
208 288 
208 192 
200 192 
192 208 
220 236 
320 200 
228 192 
208 200 
212 220 
208 192 
196 208 
192 228 
204 240 
232 232 
192 212 
192 236 
196 232 
252 200 
232 212 
228 272 
192 200 
324 236 
228 236 
232 216 
228 236 
216 192 
224 192 
228 200 
200 216 
216 188 
220 228 
200 204 
272 272 
192 324 
312 248 
196 192 
188 192 
316 212 
220 192 
196 296 
200 200 
228 196 
644 188 
208 236 
288 228 
232 236 
208 236 
188 224 
188 196 
216 196 
212 204 
232 232 
208 196 
212 208 
216 200 
216 212 
208 212 
212 256 
192 192 
224 232 
232 200 
44 196 
232 248 
40 44 
216 192 
236 200 
208 232 
208 212 
212 44 
204 196 
204 216 
184 192 
208 236 
228 48 
196 244 
236 208 
196 192 
236 236 
44 44 
244 232 
228 328 
192 196 
324 224 
196 44 
232 200 
204 252 
212 252 
232 232 
188 44 
188 260 
324 280 
244 328 
216 44 
196 212 
236 192 
192 232 
232 200 
192 48 
216 224 
232 252 
232 236 
224 236 
248 48 
212 192 
220 232 
196 192 
260 44 
220 260 
192 192 
216 216 
444 420 
236 48 
192 208 
196 236 
224 196 
288 236 
300 44 
196 44 
200 248 
236 204 
228 416 
212 48 
200 196 
236 260 
208 232 
212 232 
368 212 
232 52 
228 236 
212 208 
236 564 
248 320 
196 48 
228 192 
232 204 
204 212 
192 196 
236 52 
236 244 
216 228 
204 200 
196 220 
216 40 
252 228 
196 212 
260 196 
224 224 
236 44 
232 216 
192 232 
232 236 
228 236 
232 44 
220 220 
216 196 
220 228 
212 188 
188 44 
204 192 
236 248 
816 552 
232 200 
232 44 
216 200 
324 260 
280 304 
212 44 
236 200 
324 316 
276 192 
288 324 
192 48 
216 224 
196 200 
232 192 
228 44 
196 232 
196 236 
216 288 
208 228 
228 48 
212 216 
208 200 
236 196 
232 216 
188 44 
200 236 
196 204 
212 196 
232 232 
264 308 
236 44 
232 220 
192 452 
216 188 
316 200 
196 228 
228 44 
196 196 
216 200 
232 208 
232 408 
236 44 
228 196 
228 212 
692 196 
228 232 
232 212 
196 44 
200 212 
188 196 
232 384 
236 44 
212 192 
232 196 
228 224 
228 204 
228 40 
228 208 
196 216 
208 192 
192 192 
208 196 
196 44 
196 192 
228 188 
228 228 
332 52 
240 196 
196 192 
236 232 
228 228 
264 44 
232 196 
320 316 
196 196 
196 192 
208 44 
200 220 
188 216 
188 196 
200 212 
224 52 
228 228 
236 196 
208 192 
204 192 
192 192 
196 40 
228 220 
248 200 
228 320 
188 44 
196 192 
192 188 
192 212 
216 192 
212 44 
196 192 
208 200 
520 1412 
204 208 
208 44 
200 224 
192 240 
208 196 
236 244 
312 188 
192 208 
260 236 
192 188 
192 204 
212 196 
196 208 
228 192 
188 232 
228 192 
200 192 
196 192 
192 192 
196 208 
212 192 
192 192 
188 52 
248 196 
200 196 
188 200 
196 200 
192 248 
232 252 
432 336 
212 312 
236 240 
324 280 
640 1164 
236 264 
208 224 
212 620 
212 224 
212 216 
212 216 
208 224 
240 216 
216 212 
248 208 
188 212 
196 188 
188 200 
196 196 
192 264 
208 196 
216 240 
204 228 
200 192 
196 192 
216 200 
212 192 
228 228 
196 212 
196 192 
208 192 
188 192 
192 192 
188 232 
188 208 
228 188 
196 232 
188 856 
204 196 
236 196 
192 196 
192 212 
196 196 
200 196 
200 196 
192 236 
200 308 
228 284 
368 220 
228 204 
228 360 
224 280 
192 196 
236 204 
200 200 
248 196 
1172 196 
196 196 
200 200 
188 340 
192 192 
212 196 
204 212 
192 192 
204 212 
188 212 
232 192 
232 224 
208 212 
208 232 
212 220 
192 192 
208 208 
196 196 
208 212 
196 192 
192 208 
212 220 
208 212 
260 236 
212 196 
208 216 
192 196 
228 192 
192 204 
188 192 
192 196 
196 196 
216 196 
212 216 
204 188 
200 232 
216 192 
192 188 
212 188 
196 232 
192 192 
232 200 
192 196 
196 212 
348 200 
216 196 
208 208 
196 196 
288 280 
308 192 
192 196 
212 224 
192 232 
208 212 
200 200 
244 216 
200 196 
212 192 
192 216 
228 216 
208 232 
212 200 
192 328 
284 208 
188 212 
192 900 
192 196 
188 192 
192 188 
192 192 
192 212 
204 232 
192 212 
196 196 
228 264 
228 232 
232 256 
228 232 
208 364 
208 204 
188 188 
188 204 
208 504 
344 188 
232 232 
192 308 
188 196 
188 196 
196 292 
212 252 
188 208 
252 276 
216 212 
196 188 
232 216 
192 196 
204 228 
316 208 
196 220 
232 212 
216 212 
220 212 
216 200 
192 200 
228 264 
236 204 
208 224 
192 192 
196 232 
192 200 
216 192 
208 192 
232 224 
252 192 
208 192 
228 200 
216 212 
284 232 
284 236 
228 320 
232 232 
216 320 
240 196 
192 188 
196 324 
188 196 
204 196 
200 196 
188 308 
344 252 
272 236 
188 268 
192 252 
196 220 
200 232 
192 212 
196 192 
196 212 
196 208 
296 192 
196 204 
216 236 
192 192 
196 196 
192 188 
188 236 
208 196 
196 208 
196 196 
196 384 
544 216 
188 220 
196 216 
212 228 
188 220 
200 192 
232 248 
256 332 
344 232 
188 196 
248 200 
188 360 
204 192 
192 204 
192 192 
264 212 
236 328 
336 200 
220 312 
248 196 
196 204 
200 224 
188 228 
212 212 
192 204 
204 192 
204 204 
212 192 
228 208 
196 212 
196 204 
216 500 
204 200 
496 720 
208 204 
496 216 
236 192 
224 192 
216 212 
212 196 
212 196 
192 196 
208 228 
188 192 
200 196 
188 196 
192 312 
208 216 
196 204 
192 204 
188 196 
192 228 
240 232 
240 284 
228 196 
240 248 
188 192 
212 292 
200 192 
208 208 
208 444 
228 216 
212 364 
268 192 
232 196 
192 196 
632 216 
200 252 
212 208 
208 216 
192 212 
208 232 
240 308 
192 240 
192 212 
188 188 
192 200 
196 196 
200 196 
208 192 
232 192 
212 208 
216 208 
232 208 
324 380 
240 356 
248 248 
324 220 
204 252 
228 236 
236 296 
232 192 
196 192 
304 352 
276 200 
192 228 
192 192 
192 212 
228 212 
200 192 
232 228 
196 192 
212 196 
276 196 
212 212 
200 224 
204 192 
616 224 
184 228 
244 212 
236 212 
212 244 
208 236 
324 344 
196 208 
192 212 
188 216 
272 932 
192 196 
196 192 
212 188 
212 212 
212 216 
208 192 
208 212 
272 192 
240 228 
200 284 
204 208 
324 240 
280 232 
220 232 
228 232 
272 280 
244 276 
244 268 
200 248 
212 220 
212 240 
260 248 
188 196 
220 236 
212 200 
196 264 
272 248 
248 228 
192 192 
188 192 
348 236 
244 208 
972 248 
192 208 
228 220 
192 192 
212 252 
256 328 
212 216 
208 212 
188 212 
208 388 
196 212 
208 216 
192 216 
228 220 
196 240 
192 332 
324 216 
192 192 
296 228 
200 200 
280 220 
184 316 
188 196 
440 212 
192 204 
192 200 
232 216 
268 200 
188 220 
196 192 
260 228 
208 200 
196 280 
192 192 
192 212 
192 188 
196 196 
192 188 
232 196 
268 236 
196 316 
228 232 
260 284 
224 196 
228 240 
296 268 
204 276 
196 272 
232 412 
200 188 
248 268 
204 296 
192 252 
316 216 
260 212 
196 244 
208 192 
252 316 
212 232 
192 212 
188 200 
212 204 
232 220 
208 352 
208 224 
192 208 
188 236 
196 212 
220 216 
204 192 
192 208 
212 584 
396 196 
192 200 
204 192 
192 204 
232 204 
188 196 
240 196 
228 200 
212 216 
212 196 
208 196 
208 200 
772 200 
192 192 
192 228 
208 196 
208 192 
192 236 
680 224 
192 204 
204 192 
208 312 
232 200 
244 280 
296 272 
328 292 
216 752 
292 260 
248 200 
192 196 
236 212 
200 256 
184 216 
240 196 
236 200 
212 200 
192 212 
212 244 
192 212 
208 196 
228 232 
192 240 
192 260 
188 192 
232 196 
208 192 
740 220 
228 228 
268 232 
236 192 
204 292 
188 196 
196 192 
216 196 
240 208 
196 192 
224 224 
208 200 
212 228 
212 208 
1220 204 
232 196 
192 196 
212 196 
212 512 
228 192 
