# ./FR-trace starting at Wed Mar 18 15:01:49 2020
################# CONFIG #################
# slot=5000
# samples=10000
# threshold=100
# idle=500
# minlen=500
# runs=10000
# pdathreads=2
# nmonitored=2
#   monitor0=../apps/openssl ecp_smpl.c:933 0x1e3d58
#   monitor1=../apps/openssl ecp_smpl.c:940 0x1e39f3
# nevicted=0
# npdatargets=2
#   target0=../apps/openssl bn_lib.c:514 0x102f79
#   target1=../apps/openssl bn_lib.c:543 0x102fe5
# affinity=0
############## SYSTEM INFO ###############
# mastik_version=0.02
# sysname=Linux
# nodename=lovelace
# release=5.3.7-arch1-1-ARCH
# version=#1 SMP PREEMPT Fri Oct 18 00:17:03 UTC 2019
# machine=x86_64
################## DATA ##################
# run=160
# datapoints=1839
48 236 
188 212 
192 204 
232 188 
232 236 
252 240 
228 236 
228 204 
236 236 
212 232 
192 228 
236 224 
232 192 
240 236 
196 232 
232 232 
236 236 
232 232 
216 212 
232 232 
236 192 
232 232 
232 228 
232 192 
228 192 
228 240 
228 300 
188 200 
196 200 
196 236 
232 192 
232 192 
232 232 
232 232 
228 236 
428 232 
232 212 
236 240 
232 236 
228 236 
228 236 
232 236 
232 240 
228 228 
668 188 
212 212 
196 232 
232 236 
228 232 
240 236 
228 232 
204 236 
228 232 
236 552 
244 192 
228 228 
184 200 
228 188 
236 236 
188 232 
232 236 
228 200 
228 232 
228 924 
228 232 
232 236 
228 232 
700 236 
228 1104 
232 236 
232 228 
236 232 
232 236 
232 232 
232 236 
236 232 
232 236 
344 256 
232 232 
208 212 
232 212 
232 240 
188 228 
236 236 
228 200 
236 200 
720 212 
228 232 
232 236 
228 228 
212 232 
228 212 
232 236 
228 232 
228 232 
228 232 
228 236 
232 236 
232 232 
232 236 
232 232 
232 236 
232 232 
232 232 
212 216 
236 236 
228 236 
232 228 
236 232 
232 236 
232 264 
228 232 
232 236 
208 212 
228 232 
192 196 
232 232 
208 232 
228 232 
232 192 
236 236 
204 232 
232 216 
228 228 
220 236 
232 232 
208 228 
232 196 
228 232 
228 228 
452 236 
212 232 
192 232 
228 232 
232 236 
228 236 
232 196 
228 232 
232 236 
708 232 
232 232 
228 240 
232 232 
228 232 
228 236 
228 232 
224 232 
212 1028 
232 576 
232 232 
228 232 
236 232 
228 236 
228 236 
228 232 
228 192 
228 236 
228 232 
228 232 
228 232 
232 232 
236 232 
232 236 
232 236 
232 236 
232 236 
192 236 
232 236 
228 236 
228 236 
228 232 
232 240 
228 228 
232 236 
232 236 
212 236 
236 232 
236 240 
232 228 
228 236 
232 232 
228 232 
228 232 
232 236 
232 236 
1064 236 
232 200 
196 192 
232 232 
232 232 
232 240 
228 232 
232 228 
224 236 
196 232 
232 232 
228 188 
236 236 
212 192 
212 208 
224 228 
228 228 
228 236 
232 228 
192 232 
208 228 
208 208 
228 492 
208 212 
188 228 
236 232 
232 236 
232 236 
196 236 
228 232 
232 232 
256 236 
236 216 
224 232 
236 236 
232 232 
228 236 
232 232 
236 232 
236 236 
468 236 
232 240 
232 232 
232 232 
232 236 
228 228 
232 844 
224 232 
236 236 
708 232 
232 228 
232 232 
232 228 
232 228 
196 236 
232 236 
192 232 
192 240 
252 232 
228 196 
192 512 
232 188 
228 232 
192 200 
224 520 
232 240 
192 232 
232 192 
232 204 
228 200 
188 240 
232 236 
232 228 
204 192 
232 232 
188 232 
236 240 
232 232 
232 192 
232 232 
232 896 
232 232 
188 232 
228 232 
240 192 
232 196 
232 200 
236 232 
192 212 
236 248 
232 192 
192 244 
236 236 
232 232 
48 48 
44 48 
44 48 
40 44 
44 44 
228 248 
212 236 
228 196 
228 188 
228 228 
228 240 
232 236 
228 200 
228 196 
228 192 
220 196 
232 232 
232 232 
228 232 
548 232 
228 192 
228 236 
228 232 
236 236 
216 40 
192 236 
192 196 
228 196 
192 232 
228 236 
232 44 
232 192 
280 200 
232 196 
228 232 
232 56 
232 44 
192 228 
228 236 
236 244 
228 236 
224 44 
196 244 
228 192 
232 192 
236 236 
232 232 
232 48 
200 236 
232 188 
744 248 
236 236 
236 236 
192 48 
192 200 
232 192 
228 228 
228 232 
236 44 
236 192 
228 196 
232 208 
232 236 
228 48 
228 236 
236 188 
236 192 
228 188 
228 232 
232 48 
1432 236 
228 240 
248 196 
228 232 
228 44 
232 232 
196 196 
236 192 
232 220 
232 236 
232 100 
228 56 
196 232 
228 236 
236 204 
232 236 
228 44 
196 232 
228 192 
228 244 
232 232 
232 48 
228 232 
240 236 
236 192 
244 228 
232 240 
232 52 
236 192 
228 192 
232 192 
208 236 
232 52 
924 232 
232 196 
236 192 
232 232 
228 236 
232 44 
196 232 
216 192 
240 228 
232 228 
228 48 
200 232 
236 228 
228 232 
228 232 
236 44 
188 204 
236 192 
236 232 
232 232 
232 48 
220 232 
232 236 
236 236 
300 236 
232 44 
232 232 
184 236 
232 208 
228 232 
228 236 
228 44 
200 236 
544 192 
232 196 
232 236 
228 52 
248 192 
196 232 
228 196 
232 516 
232 236 
232 44 
196 192 
236 192 
236 236 
232 232 
232 44 
232 240 
236 252 
228 188 
232 620 
232 228 
200 44 
232 196 
228 196 
228 200 
228 232 
232 48 
196 236 
232 192 
232 192 
236 196 
232 236 
236 52 
188 236 
228 192 
240 188 
232 232 
232 44 
232 236 
236 200 
232 192 
228 232 
228 44 
192 48 
192 196 
236 232 
236 240 
232 228 
228 44 
228 232 
232 192 
232 196 
888 224 
228 232 
224 44 
192 236 
232 228 
232 196 
232 232 
228 44 
212 212 
228 192 
236 188 
228 212 
232 44 
244 192 
228 196 
228 228 
232 44 
216 196 
500 204 
228 224 
228 208 
196 44 
208 192 
232 220 
228 208 
236 48 
196 240 
208 200 
204 212 
208 208 
212 212 
192 40 
208 196 
212 216 
760 208 
304 44 
232 212 
228 236 
232 192 
232 236 
228 172 
192 48 
192 196 
236 240 
532 540 
232 232 
232 48 
192 236 
236 192 
236 256 
232 232 
232 44 
216 240 
232 220 
228 192 
232 232 
232 44 
196 224 
364 240 
228 192 
232 232 
228 44 
232 668 
228 236 
236 192 
232 232 
232 48 
196 232 
224 192 
236 192 
228 236 
232 44 
196 196 
232 192 
236 236 
232 236 
232 48 
192 196 
236 236 
236 188 
232 232 
232 48 
196 232 
232 188 
732 236 
228 520 
232 232 
232 44 
192 236 
232 240 
232 196 
228 232 
232 44 
228 236 
228 196 
228 192 
232 236 
228 232 
232 44 
232 192 
232 196 
232 196 
232 236 
232 44 
212 236 
232 200 
228 196 
228 232 
232 48 
192 188 
228 196 
228 192 
232 236 
212 256 
232 48 
196 232 
228 192 
232 192 
720 232 
232 44 
196 236 
232 192 
212 200 
228 232 
228 48 
228 236 
232 232 
232 236 
232 232 
236 232 
328 48 
232 192 
232 192 
236 240 
228 236 
240 48 
232 240 
228 188 
232 236 
568 44 
228 200 
232 232 
228 196 
232 240 
228 48 
228 236 
232 220 
232 192 
232 424 
232 44 
224 236 
196 196 
228 192 
232 228 
232 48 
196 236 
236 232 
236 236 
228 232 
228 44 
196 232 
232 244 
232 244 
232 232 
232 44 
220 240 
236 236 
252 236 
236 236 
228 44 
192 236 
236 220 
228 200 
232 236 
228 44 
216 240 
232 236 
236 196 
228 236 
232 48 
232 192 
232 192 
232 236 
224 232 
232 44 
188 240 
192 192 
224 228 
232 232 
232 232 
228 48 
188 196 
232 240 
228 232 
228 232 
228 44 
188 228 
236 192 
232 252 
212 232 
236 52 
196 556 
232 196 
236 236 
232 232 
236 48 
220 236 
236 240 
216 192 
228 228 
232 44 
200 232 
232 196 
232 188 
232 232 
232 44 
196 192 
216 212 
228 196 
228 232 
228 44 
232 236 
192 196 
232 236 
228 232 
356 232 
228 48 
232 192 
228 196 
244 196 
232 244 
232 44 
232 240 
232 192 
576 196 
352 232 
232 40 
200 236 
236 192 
224 192 
232 240 
236 48 
188 236 
232 192 
232 236 
232 236 
228 44 
232 236 
192 232 
228 236 
228 192 
228 232 
232 44 
188 192 
232 192 
236 196 
232 232 
228 48 
224 236 
236 236 
236 240 
232 232 
228 44 
188 200 
232 192 
232 232 
232 232 
232 232 
232 48 
196 232 
228 196 
228 192 
228 232 
232 44 
188 240 
228 188 
232 212 
228 232 
232 48 
232 204 
196 236 
228 196 
228 604 
236 232 
232 44 
220 232 
228 196 
232 236 
228 232 
228 40 
228 236 
224 196 
228 192 
228 236 
212 44 
196 232 
232 196 
232 228 
232 236 
232 44 
196 192 
236 216 
232 236 
212 236 
232 48 
236 196 
232 224 
232 192 
232 228 
228 40 
228 232 
188 236 
232 220 
232 204 
232 232 
232 48 
236 196 
236 192 
236 192 
264 236 
352 44 
192 200 
232 212 
228 188 
228 232 
232 44 
228 240 
232 200 
228 192 
620 236 
232 44 
196 236 
240 196 
228 252 
232 236 
232 44 
200 196 
232 240 
236 236 
232 236 
228 44 
196 228 
236 236 
236 192 
232 228 
228 44 
196 232 
188 232 
228 212 
228 228 
228 44 
196 228 
232 192 
264 236 
228 232 
228 200 
232 44 
188 236 
228 196 
228 192 
228 236 
232 44 
236 196 
236 248 
228 196 
228 232 
232 48 
232 196 
192 236 
232 232 
228 532 
236 232 
232 44 
220 244 
232 192 
232 228 
228 232 
236 44 
236 200 
236 200 
232 232 
228 232 
228 44 
196 236 
228 192 
232 244 
232 240 
228 40 
196 236 
208 192 
228 192 
232 228 
228 44 
188 240 
236 200 
232 232 
232 232 
232 44 
196 220 
232 232 
232 192 
228 232 
232 44 
196 240 
196 232 
240 236 
276 192 
232 216 
228 44 
196 236 
236 196 
240 200 
236 232 
228 232 
196 48 
192 228 
232 220 
228 240 
232 52 
212 192 
216 240 
236 240 
224 236 
232 228 
620 48 
192 212 
228 236 
232 220 
232 244 
232 44 
232 196 
196 232 
228 192 
232 504 
232 232 
196 48 
188 236 
192 240 
224 236 
232 48 
224 192 
196 232 
228 196 
232 556 
232 236 
192 48 
232 236 
232 232 
232 236 
232 40 
232 236 
232 236 
228 196 
236 232 
228 84 
232 44 
232 240 
260 196 
232 188 
232 228 
228 44 
196 228 
236 188 
240 232 
232 232 
232 44 
196 236 
236 268 
232 240 
228 228 
232 52 
232 192 
232 240 
232 224 
228 232 
232 44 
228 236 
232 232 
236 188 
236 236 
224 232 
228 48 
196 232 
232 196 
204 708 
228 232 
196 48 
248 200 
228 196 
232 232 
232 232 
228 44 
196 240 
208 236 
228 200 
236 240 
228 44 
236 232 
228 236 
228 236 
232 232 
216 228 
228 48 
196 228 
232 192 
236 196 
228 228 
228 44 
196 232 
232 192 
396 188 
232 212 
232 44 
228 200 
236 196 
232 240 
228 236 
232 44 
212 236 
668 256 
1120 228 
232 236 
232 44 
220 192 
196 232 
228 200 
228 524 
232 240 
232 44 
188 212 
236 192 
232 232 
232 52 
196 224 
236 236 
236 256 
232 232 
236 44 
212 196 
232 192 
248 192 
224 236 
228 44 
232 240 
224 196 
228 192 
232 232 
232 236 
232 44 
232 240 
228 196 
228 240 
236 236 
232 44 
196 236 
232 232 
236 236 
228 232 
232 44 
228 240 
232 236 
228 196 
232 232 
232 44 
196 236 
236 196 
232 196 
232 232 
232 44 
200 236 
236 196 
232 244 
228 236 
232 44 
192 212 
232 236 
232 232 
228 228 
228 228 
208 40 
256 236 
236 240 
236 196 
236 232 
232 164 
228 44 
204 240 
228 200 
228 196 
228 232 
232 44 
192 240 
236 240 
236 196 
228 232 
232 44 
192 236 
236 220 
232 216 
228 232 
228 44 
196 236 
232 192 
260 192 
232 880 
432 44 
196 188 
228 212 
236 248 
228 232 
228 44 
188 196 
260 200 
228 192 
664 232 
228 44 
196 240 
232 236 
236 240 
228 236 
232 44 
196 236 
228 232 
232 516 
232 236 
192 48 
232 232 
228 188 
232 236 
232 44 
184 232 
232 196 
236 232 
232 236 
232 44 
236 192 
196 232 
236 192 
232 228 
228 228 
228 44 
192 236 
236 240 
228 200 
232 232 
232 44 
196 240 
236 224 
228 192 
232 236 
228 48 
196 192 
232 200 
232 232 
232 232 
236 236 
228 44 
196 236 
248 240 
232 232 
232 232 
228 44 
196 236 
232 232 
236 204 
232 232 
232 48 
192 236 
236 232 
236 232 
228 236 
232 44 
188 196 
228 200 
208 236 
232 232 
228 232 
220 48 
192 236 
236 192 
228 196 
232 232 
232 44 
188 196 
236 192 
232 232 
232 240 
228 52 
1124 192 
236 236 
236 192 
192 232 
232 44 
228 236 
228 192 
236 232 
228 228 
232 44 
196 236 
236 232 
432 192 
232 208 
232 44 
196 236 
232 192 
228 200 
232 236 
236 44 
216 236 
704 196 
232 188 
232 232 
232 44 
232 236 
236 224 
228 196 
228 236 
232 44 
232 232 
232 256 
232 228 
232 232 
1132 44 
236 196 
228 204 
232 232 
232 228 
228 48 
188 192 
236 196 
236 240 
228 232 
232 44 
196 240 
236 196 
232 220 
232 228 
228 44 
204 188 
228 232 
236 192 
232 236 
228 44 
196 236 
228 196 
236 240 
228 236 
232 52 
228 240 
228 228 
228 236 
228 232 
232 44 
196 240 
228 196 
340 236 
232 236 
228 44 
192 196 
236 240 
236 196 
228 232 
228 44 
196 236 
236 196 
228 196 
232 240 
228 44 
192 192 
208 224 
228 232 
232 232 
236 44 
196 232 
236 196 
232 236 
232 236 
232 44 
204 212 
236 240 
232 192 
228 236 
228 48 
232 224 
228 192 
240 188 
228 232 
232 44 
192 236 
240 196 
232 236 
228 232 
232 44 
192 188 
236 192 
448 192 
228 224 
236 44 
192 232 
236 232 
232 232 
228 188 
232 232 
236 44 
196 232 
232 228 
1088 232 
232 232 
228 236 
188 44 
232 236 
228 232 
232 232 
232 572 
228 40 
188 236 
244 196 
228 200 
232 236 
228 44 
196 196 
232 240 
232 200 
228 236 
228 40 
232 200 
228 188 
228 236 
232 232 
224 44 
196 232 
232 240 
228 232 
228 232 
232 228 
232 192 
232 228 
232 236 
232 236 
800 216 
232 236 
212 228 
228 232 
232 236 
188 200 
228 192 
228 200 
196 236 
236 196 
232 192 
196 236 
196 236 
236 200 
232 240 
232 240 
232 232 
228 228 
228 236 
232 228 
228 240 
236 232 
236 232 
236 236 
236 236 
208 232 
228 236 
228 232 
228 232 
228 232 
232 240 
196 212 
212 188 
192 44 
232 208 
208 216 
204 216 
188 196 
208 192 
228 216 
208 216 
228 232 
460 216 
220 232 
224 232 
320 236 
212 228 
252 240 
292 232 
228 232 
228 236 
228 236 
192 228 
196 288 
236 244 
232 236 
192 236 
212 240 
240 192 
228 236 
288 288 
196 236 
232 232 
192 236 
196 200 
244 220 
232 232 
232 236 
228 236 
220 592 
232 232 
228 236 
232 232 
228 232 
228 232 
232 232 
232 232 
232 236 
228 232 
232 232 
232 236 
236 236 
232 232 
236 232 
688 236 
228 232 
232 236 
212 228 
232 192 
232 232 
232 236 
232 240 
228 236 
232 236 
236 232 
232 236 
228 236 
232 236 
232 232 
232 232 
228 232 
228 196 
228 236 
228 232 
228 236 
228 236 
232 236 
228 236 
228 228 
228 232 
228 232 
208 232 
232 236 
228 228 
232 232 
236 216 
228 232 
228 232 
796 236 
232 232 
208 236 
228 240 
228 232 
232 232 
232 236 
232 232 
228 232 
232 228 
232 232 
208 208 
232 232 
232 236 
232 232 
228 232 
192 188 
232 240 
236 232 
268 236 
228 208 
228 232 
232 232 
232 236 
232 236 
228 232 
228 232 
228 236 
516 232 
232 236 
228 232 
232 232 
232 236 
232 236 
228 236 
232 236 
232 240 
748 232 
228 228 
228 236 
236 236 
228 236 
228 236 
204 192 
236 212 
232 236 
216 616 
232 192 
232 240 
208 228 
736 236 
232 232 
232 228 
228 236 
228 232 
228 236 
232 232 
208 208 
236 236 
232 240 
228 232 
232 232 
228 232 
232 232 
228 228 
236 236 
232 236 
224 232 
232 232 
192 260 
200 236 
192 236 
204 236 
192 236 
192 232 
192 232 
188 240 
232 200 
232 236 
192 236 
196 232 
188 232 
192 232 
192 232 
640 232 
192 212 
224 196 
628 232 
208 192 
216 192 
232 188 
232 192 
232 196 
228 196 
196 232 
228 232 
188 728 
192 232 
188 228 
188 232 
192 232 
232 232 
232 236 
228 236 
232 232 
192 208 
208 208 
236 232 
232 232 
208 212 
228 236 
196 212 
212 232 
212 212 
200 196 
224 192 
212 188 
236 380 
200 204 
276 228 
232 196 
208 200 
224 232 
232 212 
632 228 
204 192 
228 216 
192 196 
188 204 
204 200 
192 236 
208 200 
204 396 
232 192 
184 188 
240 212 
224 232 
232 320 
196 192 
228 192 
232 232 
212 192 
192 556 
204 240 
188 208 
188 192 
216 296 
204 216 
196 224 
288 212 
188 192 
524 232 
208 216 
192 228 
228 228 
228 564 
208 216 
196 240 
0 0 
0 0 
236 228 
204 204 
188 192 
208 200 
196 208 
208 192 
208 224 
404 200 
232 212 
204 624 
208 192 
192 252 
208 188 
192 208 
228 200 
208 208 
208 196 
200 208 
260 208 
376 192 
228 204 
208 200 
188 232 
192 212 
704 236 
232 232 
208 192 
192 232 
212 208 
224 216 
188 192 
196 192 
276 192 
336 192 
188 192 
232 192 
196 208 
192 248 
208 212 
188 204 
212 212 
192 192 
228 212 
188 204 
188 236 
192 192 
192 192 
228 196 
204 212 
280 208 
212 192 
212 212 
208 192 
188 208 
228 196 
200 192 
188 192 
232 200 
192 232 
296 228 
228 196 
228 232 
208 196 
208 232 
192 196 
208 188 
656 216 
208 196 
188 236 
2308 3804 
0 0 
188 204 
196 192 
216 232 
196 192 
204 236 
192 192 
236 196 
208 236 
236 236 
196 232 
204 232 
208 208 
232 236 
228 208 
208 212 
228 196 
208 208 
224 208 
216 188 
232 208 
208 216 
196 240 
236 240 
228 236 
192 208 
208 208 
208 196 
236 212 
196 192 
228 236 
248 236 
188 232 
188 192 
196 196 
188 216 
192 196 
228 380 
284 200 
212 196 
232 240 
192 192 
208 192 
188 232 
188 192 
192 236 
232 236 
188 196 
208 216 
232 236 
196 232 
228 192 
232 236 
188 208 
232 216 
208 236 
232 192 
208 232 
228 232 
192 196 
228 244 
188 212 
208 196 
192 212 
192 208 
188 192 
188 196 
492 236 
196 192 
232 208 
228 236 
188 192 
196 192 
208 232 
188 192 
192 232 
228 192 
192 192 
228 216 
232 196 
192 208 
212 192 
228 196 
556 720 
212 192 
204 200 
232 200 
228 192 
236 236 
236 232 
228 232 
208 228 
228 416 
272 188 
192 192 
284 192 
212 196 
208 212 
236 328 
208 232 
232 232 
228 692 
216 192 
232 236 
232 192 
236 236 
216 236 
228 236 
208 232 
236 236 
232 232 
232 228 
216 188 
232 236 
188 196 
736 212 
228 232 
188 232 
232 196 
192 224 
232 236 
232 236 
228 236 
228 236 
232 236 
228 240 
232 232 
188 232 
204 232 
208 188 
208 220 
260 212 
188 232 
228 236 
220 232 
228 240 
192 212 
212 216 
188 352 
192 212 
232 212 
212 232 
192 192 
208 192 
208 232 
236 212 
228 232 
212 212 
212 232 
208 228 
212 236 
208 228 
208 212 
212 196 
192 212 
184 192 
216 212 
204 188 
204 208 
208 196 
188 196 
192 220 
192 228 
184 232 
192 192 
228 216 
216 212 
192 236 
216 212 
344 232 
188 228 
232 228 
232 232 
232 228 
232 232 
204 236 
228 232 
192 216 
216 424 
236 192 
192 196 
244 208 
300 192 
232 200 
228 232 
228 192 
