# ./FR-trace starting at Mon Apr 20 19:09:02 2020
################# CONFIG #################
# slot=5000
# samples=10000
# threshold=100
# idle=500
# minlen=500
# runs=10000
# pdathreads=2
# nmonitored=2
#   monitor0=../apps/openssl ec2_mult.c:153 0x1e7854
#   monitor1=../apps/openssl ec2_mult.c:161 0x1e789c
# nevicted=0
# npdatargets=2
#   target0=../apps/openssl bn_gf2m.c:412 0x20bd10
#   target1=../apps/openssl bn_gf2m.c:412+64 0x20bd50
# affinity=all
############## SYSTEM INFO ###############
# mastik_version=
# sysname=Linux
# nodename=lovelace
# release=5.3.7-arch1-1-ARCH
# version=#1 SMP PREEMPT Fri Oct 18 00:17:03 UTC 2019
# machine=x86_64
################## DATA ##################
# run=5561
# datapoints=10000
48 40 
240 208 
652 208 
212 212 
236 260 
232 208 
228 208 
288 208 
232 208 
236 208 
216 208 
232 548 
236 216 
236 208 
236 264 
236 248 
236 208 
232 212 
236 212 
216 204 
236 260 
232 204 
240 204 
232 212 
232 204 
240 232 
236 236 
44 40 
216 232 
272 208 
228 208 
228 204 
236 236 
228 216 
236 204 
236 208 
232 208 
228 208 
232 208 
236 236 
236 256 
268 212 
240 216 
232 212 
232 208 
236 208 
240 208 
232 208 
232 244 
228 208 
228 208 
232 208 
232 232 
240 212 
232 208 
236 44 
232 208 
228 204 
232 208 
232 208 
232 208 
228 212 
228 208 
232 212 
236 260 
236 236 
240 216 
240 232 
236 240 
240 236 
244 220 
236 244 
232 212 
236 216 
236 232 
236 216 
232 208 
236 204 
236 204 
256 216 
236 232 
236 208 
236 220 
240 212 
232 212 
296 216 
232 204 
232 212 
472 216 
236 208 
236 232 
232 208 
228 208 
236 232 
240 232 
236 240 
236 264 
728 208 
240 208 
236 208 
236 208 
236 232 
236 208 
232 204 
236 204 
212 212 
240 556 
228 208 
236 208 
236 212 
236 216 
232 224 
236 260 
240 244 
208 212 
236 204 
236 208 
236 220 
240 204 
236 212 
244 208 
240 204 
240 216 
236 220 
236 268 
236 212 
232 212 
240 208 
236 232 
232 208 
264 212 
240 212 
240 236 
240 236 
228 248 
236 212 
236 208 
236 232 
236 208 
232 212 
284 208 
232 208 
236 204 
232 208 
232 212 
228 216 
236 220 
236 224 
236 208 
232 248 
236 212 
236 236 
232 216 
232 216 
240 208 
232 216 
232 236 
236 224 
232 204 
240 224 
232 208 
236 232 
232 212 
236 596 
240 212 
232 240 
236 260 
236 208 
232 212 
232 212 
232 408 
236 208 
232 212 
236 212 
284 212 
228 204 
232 204 
240 224 
236 232 
240 208 
232 208 
236 216 
236 232 
504 216 
236 208 
232 208 
232 208 
236 232 
236 236 
240 260 
232 240 
236 216 
236 352 
232 208 
236 216 
236 232 
236 236 
272 224 
240 216 
248 204 
212 244 
236 576 
236 208 
236 204 
236 208 
232 212 
232 232 
236 208 
232 204 
224 208 
236 264 
236 208 
236 216 
236 232 
236 212 
244 236 
228 208 
236 208 
236 236 
240 240 
232 208 
228 208 
232 228 
236 224 
232 208 
236 220 
236 212 
236 204 
240 208 
236 240 
232 208 
236 240 
232 208 
232 208 
240 204 
232 216 
232 248 
236 252 
256 212 
236 212 
240 208 
232 212 
236 240 
236 208 
232 240 
232 216 
240 208 
236 244 
232 208 
236 212 
236 208 
232 208 
240 216 
236 204 
228 208 
232 208 
240 208 
236 212 
232 204 
236 208 
240 208 
236 208 
236 208 
236 224 
236 216 
232 232 
236 264 
228 212 
236 228 
304 224 
232 248 
236 240 
244 208 
240 208 
236 212 
240 288 
236 224 
236 208 
520 212 
236 216 
244 232 
236 212 
236 208 
232 236 
232 212 
232 212 
232 208 
232 408 
228 208 
232 216 
244 212 
320 208 
236 212 
236 208 
236 204 
48 188 
236 588 
232 208 
244 288 
236 208 
240 236 
236 252 
232 208 
236 208 
216 208 
236 244 
236 232 
240 208 
236 208 
244 212 
236 232 
236 256 
232 208 
232 208 
232 212 
236 208 
240 324 
236 212 
240 208 
232 232 
232 208 
232 240 
232 208 
44 36 
236 232 
236 212 
240 204 
236 228 
240 216 
232 216 
240 212 
232 216 
240 220 
236 208 
236 232 
240 224 
232 216 
232 208 
236 212 
232 212 
232 216 
236 208 
236 244 
232 212 
232 228 
236 236 
240 212 
236 212 
236 204 
232 212 
232 208 
232 156 
236 208 
232 212 
240 208 
240 240 
240 212 
244 212 
236 204 
240 208 
236 256 
236 232 
232 244 
236 208 
316 248 
232 212 
232 216 
232 208 
236 204 
236 232 
232 208 
240 208 
232 204 
544 208 
240 208 
240 208 
232 212 
232 208 
236 204 
236 228 
236 208 
232 212 
288 308 
256 204 
232 204 
268 208 
236 204 
240 204 
248 212 
252 204 
212 216 
232 636 
236 208 
232 232 
240 216 
236 232 
240 212 
244 208 
236 224 
216 216 
236 256 
236 204 
240 212 
236 232 
240 244 
236 228 
232 236 
232 212 
240 208 
236 212 
232 212 
232 204 
244 212 
244 212 
236 232 
236 232 
236 240 
264 212 
232 212 
236 232 
232 236 
236 232 
232 208 
240 212 
232 232 
236 216 
240 208 
264 208 
232 208 
228 204 
240 208 
240 224 
232 208 
236 228 
232 208 
232 244 
236 208 
236 208 
228 212 
320 236 
260 212 
236 208 
232 208 
236 208 
236 252 
232 252 
240 208 
236 216 
236 236 
236 232 
228 212 
236 204 
240 216 
232 208 
236 208 
236 240 
236 216 
236 236 
232 212 
320 236 
232 208 
232 208 
236 208 
284 208 
236 208 
232 224 
228 212 
236 208 
552 208 
236 204 
228 208 
240 208 
236 232 
232 208 
240 208 
232 208 
240 208 
240 396 
232 208 
236 256 
240 236 
236 232 
236 216 
240 220 
232 212 
216 208 
236 652 
380 208 
232 208 
228 204 
232 212 
244 236 
248 224 
228 208 
208 208 
440 576 
240 240 
232 208 
236 240 
232 244 
228 208 
236 204 
232 208 
236 264 
236 244 
236 208 
236 208 
232 208 
240 216 
240 208 
232 232 
232 220 
240 208 
308 232 
240 216 
232 208 
236 216 
236 236 
236 212 
228 212 
240 232 
236 236 
236 244 
232 208 
236 208 
228 212 
232 204 
232 208 
240 256 
236 212 
232 208 
236 208 
240 232 
276 208 
240 204 
236 212 
228 204 
244 212 
236 232 
232 224 
232 188 
240 208 
236 212 
236 236 
248 212 
232 264 
236 240 
232 216 
240 204 
236 212 
232 208 
232 208 
232 204 
228 208 
356 236 
240 240 
232 236 
240 228 
228 212 
344 208 
232 208 
236 240 
240 248 
596 208 
232 236 
232 216 
228 204 
232 208 
240 256 
240 216 
232 216 
224 232 
260 376 
232 204 
236 208 
240 212 
232 264 
236 212 
232 204 
232 220 
212 212 
244 632 
228 212 
232 220 
228 236 
236 204 
240 208 
236 248 
232 236 
212 236 
236 208 
232 212 
236 212 
232 220 
236 208 
48 40 
240 248 
292 208 
232 204 
240 232 
236 216 
232 204 
232 212 
232 208 
240 204 
244 216 
240 216 
236 216 
232 208 
236 216 
232 236 
232 212 
128 44 
240 224 
236 248 
228 212 
232 204 
232 208 
232 212 
236 212 
236 236 
236 232 
232 208 
232 208 
236 236 
236 204 
232 204 
236 204 
236 212 
232 220 
232 236 
240 236 
232 232 
236 208 
232 204 
240 212 
240 216 
236 228 
236 340 
236 40 
232 212 
288 220 
240 256 
232 244 
260 204 
236 208 
232 208 
232 236 
232 208 
368 212 
244 208 
236 220 
232 244 
236 212 
236 204 
240 208 
236 232 
236 208 
612 228 
228 208 
240 208 
232 208 
236 204 
240 232 
228 276 
228 212 
212 252 
240 444 
236 252 
236 204 
240 204 
236 236 
232 212 
228 204 
228 212 
308 216 
240 716 
232 212 
228 212 
232 212 
236 248 
232 212 
232 208 
228 228 
208 208 
228 224 
232 232 
228 208 
236 208 
236 232 
232 256 
228 204 
264 208 
236 228 
228 216 
232 208 
232 208 
236 204 
236 216 
240 232 
240 204 
240 208 
236 248 
232 248 
248 208 
232 204 
240 236 
236 260 
240 216 
232 212 
232 208 
232 224 
236 212 
240 216 
264 212 
236 208 
236 204 
236 220 
236 232 
236 236 
228 212 
232 204 
236 260 
232 212 
240 204 
236 232 
228 224 
236 216 
240 220 
240 216 
236 236 
236 212 
236 212 
232 212 
236 216 
232 248 
232 208 
236 236 
232 228 
240 208 
232 228 
240 216 
232 212 
240 212 
384 208 
236 252 
244 204 
232 212 
240 236 
232 208 
232 208 
236 212 
228 212 
632 204 
228 208 
236 232 
240 208 
232 252 
232 208 
232 204 
236 208 
208 208 
228 484 
232 208 
236 216 
232 256 
252 236 
240 204 
240 236 
240 240 
212 220 
232 688 
232 216 
232 212 
236 204 
232 212 
236 248 
228 212 
244 208 
208 244 
236 204 
232 212 
256 212 
232 212 
236 236 
232 212 
236 208 
232 212 
240 256 
256 212 
236 240 
232 212 
236 232 
244 208 
236 212 
236 208 
232 208 
236 208 
228 204 
240 224 
232 208 
244 236 
252 204 
240 212 
232 216 
236 240 
232 236 
232 224 
236 220 
240 212 
228 216 
228 212 
232 208 
228 204 
236 212 
232 212 
232 212 
232 212 
240 208 
236 240 
232 208 
240 232 
236 212 
236 208 
236 208 
232 240 
236 212 
232 240 
232 252 
232 208 
232 208 
228 208 
232 208 
240 212 
236 232 
228 208 
228 212 
236 216 
232 204 
380 208 
236 232 
236 212 
240 236 
232 248 
240 208 
236 212 
236 244 
232 204 
648 260 
232 212 
232 212 
232 208 
236 208 
232 244 
228 208 
236 260 
216 212 
232 484 
228 208 
236 236 
232 208 
236 208 
228 208 
236 236 
360 204 
216 216 
44 48 
236 220 
284 208 
236 212 
232 212 
232 208 
232 212 
236 244 
216 212 
240 232 
232 204 
232 212 
240 208 
228 212 
232 204 
240 212 
236 208 
236 208 
236 212 
232 208 
232 208 
48 44 
240 216 
236 216 
236 208 
232 204 
232 208 
232 212 
236 236 
232 212 
236 220 
232 232 
236 208 
244 236 
264 208 
240 208 
228 212 
232 208 
240 220 
232 208 
364 208 
232 260 
232 204 
236 212 
236 236 
236 260 
236 232 
236 44 
244 212 
240 252 
236 212 
240 232 
232 208 
240 216 
236 204 
236 204 
236 208 
240 232 
232 208 
220 208 
240 212 
236 204 
236 264 
296 208 
232 208 
236 216 
236 212 
236 216 
420 208 
240 208 
240 208 
240 216 
240 256 
268 212 
240 224 
240 204 
240 232 
664 208 
232 212 
232 208 
240 208 
236 212 
240 204 
236 212 
232 208 
216 208 
228 516 
236 204 
232 212 
232 212 
232 232 
232 212 
236 208 
232 236 
216 220 
236 236 
232 232 
236 224 
232 232 
236 208 
240 216 
236 224 
236 212 
216 208 
236 580 
240 212 
236 208 
232 204 
232 216 
240 212 
236 208 
236 236 
232 208 
244 208 
236 216 
232 208 
240 236 
236 236 
236 216 
232 208 
232 212 
228 224 
244 232 
240 220 
232 212 
240 208 
236 232 
236 212 
232 248 
232 236 
232 208 
236 212 
236 212 
236 208 
236 208 
236 216 
260 208 
232 208 
240 256 
248 212 
232 208 
232 212 
232 208 
236 208 
284 208 
240 208 
232 236 
236 216 
232 232 
232 208 
232 212 
236 212 
232 212 
232 208 
212 216 
232 212 
228 204 
228 208 
244 212 
236 212 
244 332 
232 208 
240 212 
460 212 
232 208 
232 216 
236 204 
232 208 
244 212 
236 212 
232 256 
264 208 
680 216 
240 220 
236 212 
232 208 
232 212 
236 224 
236 204 
240 220 
324 232 
236 516 
236 212 
236 240 
232 208 
248 216 
236 216 
240 204 
236 232 
216 208 
236 736 
240 252 
248 208 
232 208 
236 208 
236 232 
240 208 
240 208 
228 208 
240 236 
240 236 
236 204 
240 204 
240 208 
240 244 
244 220 
232 216 
236 232 
240 212 
228 220 
228 208 
236 220 
236 260 
232 212 
256 208 
240 232 
240 216 
236 236 
232 208 
236 220 
232 212 
236 216 
240 212 
232 216 
236 224 
232 232 
232 212 
236 260 
240 236 
232 216 
232 208 
236 212 
240 212 
236 208 
232 208 
236 236 
240 232 
256 208 
236 212 
240 220 
232 212 
232 208 
236 212 
236 208 
240 232 
240 208 
236 264 
236 252 
240 208 
244 208 
236 236 
264 220 
228 232 
240 216 
232 212 
236 248 
240 208 
236 228 
456 232 
240 208 
236 204 
244 204 
232 208 
236 208 
228 212 
236 212 
236 212 
696 208 
240 208 
236 220 
244 236 
232 244 
240 212 
232 212 
232 212 
212 208 
232 536 
44 44 
236 216 
240 236 
228 208 
236 248 
236 212 
236 204 
208 208 
232 212 
232 208 
244 212 
236 228 
232 208 
228 212 
236 224 
236 208 
240 220 
232 260 
236 232 
236 248 
240 216 
232 252 
236 216 
228 216 
232 208 
228 212 
240 208 
48 40 
232 232 
260 204 
232 268 
232 204 
232 216 
232 208 
232 216 
236 212 
236 216 
228 204 
232 208 
240 208 
244 236 
232 216 
232 208 
236 236 
232 44 
236 228 
228 212 
232 232 
232 236 
256 236 
240 208 
236 232 
236 236 
232 212 
236 216 
240 208 
232 208 
232 212 
236 208 
236 208 
236 244 
232 208 
232 208 
236 220 
236 232 
236 224 
232 212 
276 216 
236 216 
236 236 
232 212 
228 320 
228 208 
232 204 
232 216 
232 240 
480 216 
232 208 
236 204 
236 264 
236 240 
240 224 
232 208 
232 228 
256 208 
748 408 
236 216 
236 208 
228 212 
240 236 
240 236 
236 232 
236 212 
232 208 
232 580 
236 208 
240 232 
240 232 
236 208 
236 208 
236 260 
236 212 
204 212 
232 236 
232 208 
232 208 
240 232 
232 212 
240 224 
240 232 
236 252 
236 232 
232 208 
232 256 
232 204 
232 208 
232 212 
232 256 
316 212 
236 224 
240 264 
232 208 
228 216 
236 208 
352 208 
236 220 
236 216 
236 232 
236 232 
232 236 
236 232 
240 208 
236 232 
236 220 
232 212 
236 216 
232 220 
232 204 
232 220 
240 208 
228 212 
240 228 
232 228 
232 208 
232 208 
232 208 
240 244 
236 212 
244 232 
264 208 
240 236 
228 208 
228 208 
232 208 
236 220 
240 240 
244 212 
236 208 
232 220 
232 232 
232 220 
232 212 
292 232 
236 208 
240 208 
236 212 
236 204 
236 232 
508 208 
236 212 
228 228 
484 236 
232 208 
324 212 
236 216 
236 208 
236 208 
240 236 
232 208 
232 208 
752 256 
240 220 
228 208 
236 208 
240 208 
240 232 
232 220 
232 212 
208 212 
228 572 
232 232 
236 208 
232 244 
288 236 
236 204 
264 212 
236 228 
220 212 
236 232 
236 220 
236 208 
232 208 
232 208 
236 216 
240 208 
324 236 
236 212 
232 208 
236 240 
236 236 
236 236 
240 212 
236 220 
232 232 
240 236 
232 212 
236 208 
232 232 
232 216 
232 208 
228 208 
228 204 
236 228 
236 224 
284 208 
236 248 
240 208 
228 272 
612 216 
0 0 
0 0 
0 0 
0 0 
0 0 
0 0 
0 0 
0 0 
0 0 
0 0 
0 0 
0 0 
0 0 
0 0 
0 0 
0 0 
0 0 
0 0 
0 0 
0 0 
0 0 
0 0 
0 0 
0 0 
0 0 
0 0 
0 0 
0 0 
0 0 
0 0 
0 0 
0 0 
0 0 
0 0 
0 0 
0 0 
0 0 
0 0 
0 0 
0 0 
0 0 
0 0 
0 0 
0 0 
0 0 
0 0 
0 0 
0 0 
0 0 
0 0 
0 0 
0 0 
0 0 
0 0 
0 0 
0 0 
0 0 
0 0 
0 0 
0 0 
0 0 
0 0 
0 0 
0 0 
0 0 
0 0 
0 0 
200 196 
48 212 
236 216 
232 228 
232 208 
236 208 
240 220 
236 232 
236 212 
236 208 
280 212 
228 204 
232 208 
232 212 
244 232 
236 204 
236 232 
236 216 
240 204 
240 208 
236 228 
232 204 
232 208 
240 236 
240 220 
240 224 
236 204 
240 208 
44 40 
240 216 
240 240 
236 220 
232 216 
264 224 
236 236 
240 232 
240 236 
236 212 
232 240 
228 208 
240 208 
236 216 
236 236 
236 240 
240 208 
240 232 
236 212 
308 208 
236 236 
240 208 
240 228 
240 208 
236 212 
236 232 
240 256 
240 248 
312 252 
236 204 
232 48 
268 204 
240 228 
236 232 
240 232 
236 216 
236 216 
548 236 
228 236 
236 212 
236 216 
232 212 
232 212 
236 204 
236 208 
236 208 
236 388 
232 208 
232 264 
232 208 
236 236 
236 228 
236 208 
236 236 
212 236 
256 620 
240 212 
240 208 
236 208 
228 212 
280 212 
240 208 
240 212 
220 208 
228 208 
236 208 
236 236 
236 212 
240 208 
232 204 
236 204 
236 236 
232 260 
236 212 
240 208 
232 208 
232 208 
240 212 
236 212 
236 204 
232 212 
232 208 
240 208 
236 208 
232 212 
240 212 
244 212 
236 236 
240 216 
236 208 
240 232 
236 212 
240 208 
240 208 
236 204 
240 252 
240 212 
232 212 
240 216 
240 236 
236 208 
236 208 
236 208 
244 216 
228 216 
232 220 
244 216 
236 212 
236 216 
232 212 
228 208 
228 208 
232 236 
232 212 
236 232 
240 208 
236 212 
232 212 
240 240 
232 212 
232 208 
232 216 
232 212 
320 248 
240 208 
232 232 
232 212 
240 212 
240 216 
236 216 
236 232 
232 232 
596 212 
232 212 
232 212 
228 212 
240 268 
232 208 
232 208 
232 228 
232 216 
232 420 
228 216 
236 220 
232 224 
232 208 
232 228 
240 208 
240 208 
220 212 
236 660 
232 212 
240 208 
240 204 
232 208 
232 212 
232 208 
236 208 
216 212 
236 212 
228 208 
252 208 
240 212 
236 216 
236 232 
260 212 
236 232 
240 204 
240 208 
232 248 
228 212 
240 228 
240 204 
236 216 
236 232 
236 212 
236 208 
236 264 
236 232 
240 212 
232 208 
240 208 
236 224 
232 212 
232 208 
232 208 
236 208 
232 216 
232 220 
236 236 
236 232 
232 204 
272 212 
228 208 
236 208 
240 208 
260 208 
236 236 
232 232 
232 208 
236 232 
232 208 
240 212 
256 204 
236 208 
236 264 
456 208 
232 208 
236 260 
232 208 
236 252 
228 216 
232 212 
240 208 
232 204 
240 204 
236 216 
232 208 
364 224 
240 212 
240 212 
232 244 
232 236 
236 212 
236 208 
232 212 
228 208 
516 228 
228 212 
240 216 
344 212 
236 216 
232 208 
236 220 
236 204 
236 208 
232 456 
236 212 
232 212 
232 204 
236 216 
236 228 
236 232 
232 208 
208 212 
232 676 
240 236 
236 208 
232 212 
232 208 
232 208 
244 208 
240 236 
220 212 
240 220 
236 212 
232 204 
236 212 
240 212 
232 264 
264 208 
240 208 
236 208 
228 212 
236 212 
232 208 
236 212 
236 248 
236 208 
232 236 
240 212 
48 44 
236 220 
236 208 
232 204 
232 212 
232 212 
232 208 
228 208 
228 208 
232 208 
232 216 
236 264 
236 212 
236 208 
232 216 
236 208 
232 216 
228 204 
236 212 
244 216 
236 216 
236 224 
232 216 
240 216 
236 236 
240 208 
236 212 
236 220 
240 252 
44 48 
236 216 
236 232 
236 208 
236 232 
236 240 
244 232 
232 236 
248 208 
236 212 
232 212 
232 208 
240 212 
356 204 
232 212 
236 208 
240 216 
236 224 
232 40 
240 204 
236 208 
236 208 
592 232 
228 216 
228 212 
236 204 
236 208 
232 232 
236 220 
236 208 
212 252 
232 440 
236 212 
228 208 
236 228 
236 264 
236 220 
240 216 
232 216 
232 208 
232 704 
228 208 
240 268 
236 236 
236 208 
232 208 
236 236 
232 228 
212 208 
232 212 
240 224 
236 268 
240 256 
236 208 
236 212 
236 220 
236 220 
232 232 
228 248 
240 204 
240 208 
232 260 
240 216 
240 208 
240 208 
236 208 
244 216 
236 216 
232 224 
232 208 
240 204 
240 236 
240 236 
240 228 
240 240 
232 212 
236 208 
228 208 
236 208 
240 208 
240 232 
236 244 
236 204 
232 204 
244 216 
244 212 
240 208 
240 208 
228 220 
240 204 
236 232 
236 212 
236 212 
236 212 
232 276 
232 224 
236 252 
236 240 
240 216 
240 260 
232 224 
236 232 
236 236 
240 228 
232 212 
232 216 
240 212 
240 248 
400 212 
244 208 
236 236 
232 264 
236 212 
232 212 
244 208 
240 212 
232 208 
612 204 
236 228 
236 244 
236 220 
228 212 
236 204 
236 208 
236 232 
212 256 
232 456 
232 208 
240 236 
228 208 
240 216 
228 220 
232 208 
236 236 
208 208 
240 652 
240 268 
236 236 
244 216 
232 208 
244 216 
236 240 
240 212 
208 204 
232 208 
232 212 
236 232 
240 208 
236 232 
232 208 
252 212 
240 208 
236 236 
248 212 
232 228 
236 232 
236 232 
240 236 
232 236 
236 208 
240 208 
240 224 
236 236 
240 236 
240 268 
236 232 
232 224 
240 212 
240 216 
236 208 
228 208 
228 220 
228 216 
240 204 
232 204 
240 212 
328 216 
232 208 
236 208 
240 204 
236 216 
232 208 
232 216 
228 228 
236 208 
240 216 
236 204 
236 216 
236 224 
236 232 
240 212 
232 252 
240 236 
244 212 
220 208 
232 212 
240 216 
240 236 
232 248 
228 208 
236 208 
232 228 
232 208 
396 204 
236 232 
232 208 
232 256 
232 212 
232 208 
236 204 
232 204 
240 212 
672 216 
228 212 
244 208 
228 212 
236 216 
240 208 
344 212 
240 204 
208 208 
236 416 
240 236 
232 216 
236 208 
236 216 
228 208 
228 252 
240 212 
216 208 
232 612 
232 208 
232 232 
240 208 
240 212 
240 212 
232 208 
228 208 
220 256 
232 212 
236 208 
236 208 
240 208 
236 236 
228 208 
240 204 
232 240 
232 208 
236 208 
248 208 
228 208 
236 224 
232 204 
240 216 
236 232 
236 236 
236 212 
236 212 
236 244 
236 208 
236 232 
228 212 
240 204 
240 228 
236 208 
232 208 
48 40 
236 208 
240 208 
284 216 
236 252 
236 224 
232 208 
232 208 
240 204 
240 212 
236 240 
232 248 
244 212 
240 216 
244 236 
236 224 
252 208 
232 44 
236 44 
232 216 
236 224 
236 212 
236 208 
208 204 
244 220 
240 236 
236 216 
240 208 
240 212 
236 212 
232 212 
240 220 
412 208 
228 212 
228 212 
232 208 
232 208 
236 232 
236 252 
232 208 
232 208 
684 208 
240 216 
236 212 
236 44 
232 208 
240 208 
236 208 
232 208 
220 256 
236 508 
236 256 
244 208 
240 224 
240 208 
228 204 
232 208 
236 236 
216 256 
236 208 
232 204 
236 220 
240 212 
232 212 
232 208 
232 216 
228 204 
216 236 
320 216 
232 208 
236 256 
236 208 
236 208 
236 208 
236 204 
244 232 
240 212 
236 208 
236 212 
232 208 
232 216 
240 216 
236 224 
240 212 
236 264 
228 208 
228 220 
232 212 
240 208 
236 228 
236 208 
236 212 
236 232 
232 208 
240 212 
248 208 
244 208 
232 208 
244 256 
320 204 
236 236 
232 208 
232 236 
232 208 
236 212 
236 212 
232 212 
236 232 
228 208 
240 212 
316 212 
240 236 
240 232 
236 236 
228 208 
240 208 
240 236 
236 232 
208 232 
228 224 
232 208 
232 208 
232 232 
240 212 
236 208 
236 204 
240 208 
468 244 
244 208 
236 232 
236 232 
236 208 
236 208 
232 248 
236 220 
236 208 
684 208 
236 204 
244 212 
228 208 
232 232 
232 228 
232 208 
236 208 
404 208 
240 536 
232 208 
276 208 
232 212 
240 212 
236 208 
236 216 
232 212 
216 208 
232 204 
236 264 
236 212 
228 208 
236 232 
236 236 
232 232 
232 232 
240 236 
232 208 
240 208 
296 216 
232 252 
232 212 
232 204 
232 212 
236 216 
236 220 
236 208 
232 212 
236 216 
236 208 
236 204 
236 208 
236 224 
244 236 
236 244 
244 208 
240 216 
236 212 
236 208 
236 212 
228 236 
348 212 
236 212 
240 208 
232 216 
236 240 
236 232 
240 212 
236 240 
228 212 
232 212 
232 208 
232 212 
232 208 
232 208 
232 208 
232 208 
232 208 
236 232 
232 204 
232 208 
236 232 
236 220 
236 236 
236 232 
232 212 
232 208 
228 232 
228 208 
228 204 
232 208 
236 224 
240 248 
232 216 
240 224 
232 392 
496 256 
232 208 
236 216 
232 228 
236 232 
232 260 
236 212 
240 212 
260 208 
728 204 
236 204 
248 208 
236 220 
236 224 
236 236 
232 216 
236 216 
216 208 
240 548 
240 212 
232 212 
232 216 
236 216 
240 212 
256 212 
232 220 
216 240 
228 272 
232 204 
240 212 
236 208 
240 216 
236 236 
236 260 
240 212 
232 208 
232 208 
228 212 
236 216 
244 220 
228 208 
232 208 
236 208 
44 52 
236 220 
236 240 
292 220 
236 236 
232 208 
232 204 
232 212 
272 232 
304 284 
232 232 
236 280 
240 216 
236 256 
232 208 
232 212 
240 204 
232 216 
236 260 
232 208 
236 208 
240 212 
236 240 
236 208 
232 208 
236 208 
240 208 
260 208 
44 44 
236 212 
232 224 
236 236 
240 208 
236 232 
236 212 
236 208 
232 212 
236 212 
228 208 
236 252 
232 208 
236 220 
232 212 
256 216 
236 228 
232 208 
236 232 
232 48 
240 208 
236 236 
236 216 
268 220 
472 212 
228 216 
236 232 
236 216 
232 204 
240 208 
236 212 
232 212 
232 204 
724 208 
236 204 
240 208 
236 208 
232 236 
236 208 
232 232 
240 264 
260 212 
232 576 
236 204 
232 216 
232 212 
232 236 
232 208 
228 216 
232 208 
212 284 
236 212 
236 240 
236 216 
232 212 
360 256 
240 224 
236 208 
240 224 
232 228 
236 224 
232 208 
236 204 
236 208 
236 228 
236 208 
240 236 
232 212 
232 220 
236 248 
236 204 
240 208 
240 216 
240 228 
240 228 
236 232 
236 232 
232 212 
236 208 
236 244 
232 212 
240 216 
232 208 
236 232 
232 208 
240 208 
240 232 
232 204 
232 208 
236 216 
236 236 
236 208 
232 208 
308 208 
236 208 
232 208 
236 208 
228 308 
232 212 
232 216 
236 236 
236 228 
232 208 
232 216 
236 208 
244 204 
236 268 
232 220 
236 216 
232 212 
268 212 
240 212 
232 208 
236 208 
236 208 
240 216 
456 204 
232 232 
272 212 
504 204 
236 208 
236 212 
228 216 
236 236 
240 236 
236 216 
232 208 
236 208 
728 212 
228 212 
236 228 
240 236 
236 232 
236 212 
236 212 
232 208 
216 208 
240 564 
236 212 
252 212 
232 236 
236 216 
232 212 
240 216 
240 232 
216 208 
240 204 
236 208 
240 208 
236 220 
228 212 
232 208 
232 204 
232 208 
232 224 
232 204 
228 208 
228 212 
232 208 
232 208 
232 232 
236 244 
240 260 
236 208 
236 220 
232 212 
236 208 
236 228 
232 232 
236 252 
236 204 
232 208 
240 232 
236 208 
236 236 
236 224 
240 208 
236 212 
232 212 
232 208 
240 232 
232 204 
236 224 
232 212 
240 208 
240 232 
232 208 
240 216 
232 208 
236 232 
232 208 
240 208 
236 240 
236 208 
236 232 
236 212 
240 208 
236 220 
232 212 
240 236 
236 204 
240 208 
232 236 
232 208 
344 216 
284 252 
232 232 
232 212 
244 204 
252 244 
232 220 
240 216 
236 236 
236 204 
544 208 
232 208 
240 236 
236 208 
240 216 
236 232 
240 208 
232 212 
236 208 
236 372 
236 228 
236 208 
228 208 
236 208 
348 208 
240 236 
248 208 
212 208 
232 612 
236 216 
232 236 
232 212 
232 208 
236 216 
232 208 
236 212 
216 208 
236 236 
232 260 
232 212 
232 208 
232 208 
232 216 
232 208 
236 220 
236 212 
232 204 
240 208 
236 236 
236 232 
232 208 
232 208 
228 208 
228 212 
236 204 
236 212 
240 216 
236 208 
236 208 
232 212 
232 208 
236 240 
240 220 
240 240 
48 40 
232 208 
236 208 
236 212 
232 228 
232 216 
236 212 
232 216 
236 208 
236 208 
236 232 
236 232 
236 236 
228 208 
244 212 
236 232 
232 212 
232 220 
236 252 
276 212 
232 212 
228 212 
236 240 
240 236 
236 208 
44 48 
236 216 
232 240 
240 208 
236 204 
236 220 
232 208 
328 208 
232 216 
240 216 
240 236 
240 208 
236 220 
236 208 
232 208 
240 212 
540 204 
236 244 
244 308 
236 204 
236 240 
268 208 
232 204 
228 208 
236 216 
240 364 
232 44 
236 248 
240 212 
232 212 
236 212 
232 212 
236 216 
208 212 
236 580 
236 208 
236 212 
236 216 
260 208 
232 212 
232 204 
236 208 
212 208 
240 208 
232 208 
232 212 
236 232 
232 216 
232 208 
232 332 
236 216 
236 220 
228 208 
236 236 
232 208 
232 256 
236 220 
232 212 
236 208 
232 208 
236 208 
240 236 
232 212 
228 208 
240 208 
240 208 
232 240 
272 216 
240 236 
236 244 
232 208 
240 212 
236 232 
236 264 
236 212 
240 208 
236 208 
232 208 
236 228 
232 220 
232 204 
240 204 
240 208 
244 208 
232 216 
236 212 
232 212 
232 208 
236 208 
236 224 
240 236 
236 232 
236 232 
232 204 
236 208 
240 216 
244 208 
232 208 
236 248 
236 236 
236 208 
236 240 
332 208 
232 208 
240 224 
232 216 
236 208 
244 208 
236 232 
232 216 
232 240 
604 204 
228 208 
236 216 
228 208 
236 236 
236 208 
236 240 
272 212 
236 208 
236 500 
236 212 
236 236 
236 208 
228 228 
308 236 
236 208 
236 208 
216 216 
232 672 
236 208 
236 208 
232 212 
232 212 
236 212 
240 232 
232 212 
244 212 
232 208 
236 208 
232 256 
236 208 
240 236 
236 216 
232 220 
236 232 
240 260 
232 208 
232 208 
240 232 
360 212 
232 212 
236 208 
236 208 
232 224 
228 208 
236 212 
232 208 
240 236 
328 236 
236 216 
228 204 
232 208 
228 228 
232 208 
240 208 
236 220 
236 212 
236 204 
236 208 
232 236 
240 260 
232 208 
236 232 
232 212 
228 212 
236 216 
240 208 
236 220 
236 216 
232 232 
240 224 
244 204 
232 208 
236 216 
236 236 
236 240 
256 220 
232 216 
232 232 
240 208 
236 216 
232 240 
232 216 
228 244 
232 208 
236 232 
364 212 
236 236 
236 216 
228 204 
240 208 
236 216 
240 216 
324 208 
240 204 
552 224 
252 232 
232 212 
236 212 
236 220 
240 208 
232 208 
236 244 
212 232 
236 412 
236 240 
232 460 
236 208 
232 208 
240 216 
228 260 
236 212 
220 212 
236 676 
240 236 
228 208 
232 212 
236 220 
232 208 
240 216 
240 208 
212 208 
244 208 
236 216 
236 208 
288 212 
236 204 
236 220 
240 208 
236 236 
236 208 
232 252 
240 244 
228 204 
236 204 
236 208 
240 208 
240 248 
228 228 
236 216 
236 208 
236 212 
232 244 
44 48 
236 212 
236 204 
236 208 
236 208 
236 228 
228 216 
228 208 
228 204 
232 244 
232 208 
240 216 
228 208 
240 208 
236 236 
240 212 
232 208 
240 220 
236 232 
228 208 
236 216 
228 216 
240 212 
232 216 
240 208 
236 212 
240 212 
232 208 
232 208 
48 40 
232 208 
232 212 
236 208 
232 208 
236 208 
228 204 
236 208 
240 204 
356 232 
232 248 
232 208 
232 212 
232 204 
232 212 
236 216 
236 220 
244 232 
656 236 
236 228 
232 240 
236 212 
348 208 
232 232 
232 208 
232 208 
208 208 
236 368 
232 216 
232 44 
236 208 
240 224 
232 236 
232 232 
232 208 
212 208 
240 636 
236 232 
232 212 
240 212 
240 216 
232 224 
236 224 
232 232 
220 208 
240 208 
240 224 
236 208 
240 280 
232 212 
236 212 
512 208 
240 236 
232 212 
232 212 
236 212 
232 212 
232 208 
236 216 
236 208 
236 232 
228 216 
232 236 
232 208 
240 212 
236 244 
228 212 
236 208 
232 208 
240 208 
244 212 
240 212 
236 232 
240 212 
240 216 
236 216 
236 212 
240 208 
236 232 
232 204 
240 208 
236 212 
240 212 
240 228 
228 212 
236 204 
236 212 
236 212 
236 236 
236 208 
232 208 
236 260 
240 288 
236 216 
240 204 
232 260 
236 220 
252 208 
236 208 
232 216 
232 212 
232 208 
232 216 
240 236 
408 208 
232 204 
244 216 
236 236 
240 264 
236 248 
232 208 
240 220 
232 228 
596 232 
228 208 
232 216 
232 240 
240 328 
232 216 
240 208 
236 208 
212 236 
232 472 
236 216 
232 256 
236 212 
236 208 
232 232 
232 248 
240 220 
220 212 
236 728 
232 240 
232 228 
244 212 
244 212 
232 228 
236 240 
232 212 
216 208 
236 208 
232 236 
232 232 
240 244 
232 208 
240 208 
232 208 
236 228 
232 204 
236 216 
236 212 
232 216 
232 208 
228 216 
236 212 
232 204 
232 212 
236 264 
232 208 
232 220 
240 212 
236 260 
244 208 
236 208 
236 208 
236 212 
240 208 
232 208 
232 204 
236 220 
236 232 
232 220 
236 204 
228 220 
236 212 
232 216 
240 204 
236 208 
236 232 
240 236 
240 240 
232 208 
244 220 
232 216 
236 240 
240 232 
232 216 
232 208 
344 216 
236 212 
232 252 
232 212 
236 244 
232 224 
232 212 
236 212 
232 216 
236 232 
236 236 
412 204 
228 212 
236 236 
240 220 
228 204 
232 212 
240 284 
232 216 
236 232 
648 212 
236 232 
232 208 
236 228 
232 208 
240 208 
236 208 
232 208 
404 208 
240 480 
228 256 
236 236 
236 212 
236 208 
232 208 
240 232 
228 208 
212 228 
244 660 
240 212 
240 220 
240 212 
236 208 
232 208 
248 212 
240 232 
216 216 
236 228 
232 212 
232 204 
252 208 
232 212 
232 208 
236 236 
240 236 
236 220 
244 208 
232 228 
240 208 
236 240 
232 204 
236 212 
232 212 
236 208 
232 216 
236 216 
232 252 
236 216 
244 208 
252 212 
240 208 
228 212 
236 340 
232 208 
240 204 
236 216 
236 216 
240 204 
236 212 
232 236 
236 208 
232 204 
240 216 
240 232 
68 40 
240 208 
232 240 
232 208 
236 204 
240 264 
236 212 
232 212 
240 212 
240 220 
236 212 
232 208 
240 220 
220 240 
236 280 
228 240 
232 208 
232 248 
232 212 
232 208 
232 240 
232 212 
440 208 
232 228 
240 204 
232 208 
228 260 
48 208 
228 212 
240 212 
236 204 
684 212 
236 212 
236 240 
236 232 
236 208 
236 204 
236 236 
236 212 
192 196 
232 540 
232 232 
212 208 
236 188 
224 232 
236 228 
228 212 
212 192 
192 228 
236 232 
236 628 
232 228 
192 192 
188 228 
192 232 
232 232 
232 192 
192 212 
236 232 
232 232 
232 228 
236 228 
248 192 
196 192 
236 188 
192 188 
216 244 
192 232 
212 208 
188 232 
192 232 
196 232 
232 248 
232 188 
228 208 
212 192 
288 232 
196 200 
212 352 
236 236 
208 232 
276 204 
232 212 
192 208 
196 196 
192 200 
232 216 
196 232 
192 208 
236 216 
208 716 
196 236 
208 192 
236 232 
232 208 
232 228 
232 192 
232 232 
228 212 
192 188 
196 212 
232 232 
232 228 
224 212 
552 276 
232 232 
208 228 
232 232 
200 236 
232 208 
208 232 
236 228 
220 228 
232 232 
212 208 
236 220 
204 232 
436 192 
232 188 
232 208 
228 232 
208 216 
236 212 
228 192 
216 232 
232 208 
216 216 
0 0 
0 0 
0 0 
0 0 
0 0 
0 0 
192 228 
192 228 
196 228 
236 228 
228 236 
232 232 
232 208 
196 308 
196 228 
212 232 
220 232 
232 216 
192 192 
232 228 
340 192 
216 232 
232 208 
324 188 
212 188 
200 232 
192 196 
204 196 
332 288 
200 236 
228 228 
220 192 
192 232 
232 228 
276 196 
192 224 
200 188 
216 200 
196 204 
192 232 
724 232 
200 192 
248 236 
236 256 
208 232 
232 212 
208 228 
196 188 
232 228 
244 228 
236 232 
232 232 
212 200 
212 212 
192 212 
196 212 
200 212 
232 228 
196 592 
236 200 
192 192 
208 216 
256 188 
196 188 
232 188 
232 232 
212 228 
192 188 
200 192 
208 220 
264 192 
192 192 
192 188 
240 232 
312 468 
216 188 
192 236 
192 188 
196 196 
312 228 
216 208 
212 228 
196 200 
196 192 
240 208 
192 316 
212 204 
208 204 
244 188 
200 212 
248 328 
232 240 
196 192 
236 268 
196 196 
248 748 
196 312 
188 220 
196 228 
196 192 
220 280 
192 244 
288 304 
240 196 
212 204 
208 192 
228 192 
212 212 
192 300 
244 192 
192 192 
212 192 
192 216 
212 296 
192 232 
236 208 
236 240 
228 192 
232 192 
220 192 
236 200 
216 192 
232 196 
200 192 
232 232 
312 228 
212 228 
240 232 
312 228 
236 212 
192 200 
200 216 
204 212 
348 344 
260 228 
324 232 
260 188 
200 208 
232 228 
232 216 
204 196 
200 192 
192 212 
200 224 
192 224 
192 232 
232 228 
228 188 
232 208 
204 208 
232 220 
224 232 
208 192 
232 228 
212 228 
196 232 
192 188 
232 200 
224 224 
196 192 
224 192 
192 232 
196 580 
192 204 
192 228 
196 188 
232 192 
200 328 
196 192 
200 192 
196 212 
236 216 
192 192 
192 228 
232 216 
212 448 
192 208 
224 224 
212 192 
208 208 
248 232 
228 220 
232 216 
192 192 
212 188 
596 300 
232 332 
192 192 
212 212 
240 324 
264 212 
192 192 
220 192 
212 240 
236 196 
212 200 
212 208 
212 196 
232 604 
232 236 
192 204 
228 224 
256 252 
260 320 
264 284 
260 300 
192 192 
228 236 
192 188 
192 228 
192 228 
236 232 
240 188 
192 276 
236 316 
192 208 
232 232 
196 228 
240 224 
232 212 
220 192 
196 228 
208 192 
188 228 
212 192 
236 208 
520 188 
196 208 
196 192 
192 188 
228 208 
208 196 
252 256 
212 284 
192 188 
212 224 
332 232 
300 264 
236 224 
256 484 
232 524 
352 220 
212 192 
248 304 
308 248 
212 208 
192 232 
248 296 
200 188 
236 228 
232 232 
232 216 
212 188 
224 224 
216 204 
196 204 
192 204 
236 264 
212 224 
192 312 
192 228 
236 196 
1112 192 
196 192 
200 196 
192 200 
208 216 
380 232 
300 224 
212 276 
192 192 
208 208 
236 192 
196 228 
220 204 
200 192 
340 192 
280 248 
264 208 
296 248 
192 228 
224 228 
200 208 
196 228 
216 364 
208 188 
232 212 
192 216 
244 192 
252 232 
308 192 
248 212 
212 356 
212 192 
196 208 
192 192 
192 232 
220 196 
204 232 
196 200 
244 196 
224 204 
188 232 
236 208 
192 188 
540 232 
232 212 
236 204 
212 296 
200 192 
212 192 
196 196 
224 216 
200 232 
212 192 
236 216 
576 216 
232 188 
212 228 
200 204 
200 196 
236 212 
236 212 
220 208 
232 208 
236 188 
236 208 
240 212 
236 192 
232 216 
212 188 
204 212 
200 232 
192 212 
208 216 
192 40 
236 260 
200 188 
216 228 
416 216 
308 204 
212 216 
236 224 
236 700 
468 196 
240 188 
228 184 
192 204 
240 224 
228 192 
240 208 
292 264 
228 204 
240 216 
316 272 
240 220 
216 192 
204 220 
200 192 
228 192 
208 212 
336 212 
200 192 
216 216 
216 200 
224 188 
192 204 
240 204 
196 196 
224 248 
608 308 
276 212 
192 212 
236 252 
232 220 
192 208 
240 220 
244 196 
264 204 
200 212 
216 192 
216 196 
236 208 
236 220 
208 212 
232 192 
340 240 
360 216 
192 220 
236 208 
216 216 
220 208 
216 220 
204 196 
236 228 
204 228 
220 228 
216 196 
276 192 
192 204 
216 192 
188 216 
232 220 
192 208 
204 192 
232 232 
208 208 
228 212 
236 244 
212 200 
232 224 
556 212 
232 332 
212 296 
204 264 
216 204 
232 212 
196 228 
200 232 
204 216 
232 216 
216 232 
256 196 
236 200 
200 216 
212 232 
204 188 
200 228 
196 196 
240 660 
236 216 
324 228 
236 208 
324 220 
236 208 
240 208 
204 220 
196 224 
232 548 
232 204 
216 212 
208 208 
200 204 
228 192 
216 228 
196 248 
200 208 
248 396 
232 208 
212 192 
240 192 
196 220 
316 236 
232 212 
240 204 
228 216 
268 348 
236 188 
240 264 
236 212 
296 296 
296 256 
232 208 
284 232 
360 320 
236 256 
216 240 
360 196 
208 200 
200 216 
208 224 
192 204 
200 268 
196 260 
192 228 
276 204 
284 208 
252 192 
204 240 
300 296 
372 356 
204 204 
204 280 
196 188 
220 236 
204 224 
192 188 
236 192 
200 200 
328 316 
196 308 
212 220 
200 196 
200 196 
192 192 
228 264 
196 196 
212 192 
200 204 
196 196 
196 228 
208 232 
228 256 
212 684 
232 340 
664 256 
260 280 
252 252 
320 316 
336 276 
192 196 
296 236 
240 212 
220 236 
328 188 
216 680 
336 248 
256 304 
256 272 
288 268 
256 240 
232 320 
268 332 
300 216 
292 208 
240 244 
220 208 
220 204 
204 196 
204 212 
196 188 
224 224 
376 204 
208 208 
216 204 
200 188 
192 192 
192 192 
204 224 
200 208 
192 220 
220 216 
200 200 
196 212 
200 216 
200 196 
212 204 
196 236 
200 476 
200 208 
192 224 
200 200 
200 192 
208 212 
204 196 
196 196 
212 188 
200 200 
236 188 
196 224 
232 456 
208 204 
216 396 
188 216 
200 240 
192 188 
192 196 
280 212 
216 200 
208 424 
200 208 
236 212 
224 280 
200 204 
196 200 
196 192 
196 192 
296 200 
196 188 
220 192 
212 196 
204 220 
196 264 
220 36 
56 48 
212 188 
192 244 
200 192 
192 192 
192 188 
208 196 
244 192 
196 208 
216 196 
244 192 
260 196 
232 204 
220 228 
196 208 
208 232 
212 188 
296 232 
236 228 
240 192 
188 216 
224 192 
200 208 
200 200 
196 192 
192 208 
192 208 
208 204 
212 196 
228 256 
196 188 
188 200 
196 204 
200 232 
48 44 
224 192 
204 188 
200 208 
216 216 
224 196 
200 196 
236 296 
236 232 
212 200 
196 276 
212 208 
192 208 
216 212 
228 256 
216 236 
220 240 
232 208 
256 192 
680 224 
192 232 
236 192 
232 240 
240 360 
280 240 
268 272 
220 224 
204 260 
220 216 
216 192 
220 44 
284 196 
192 224 
196 216 
236 248 
240 272 
236 224 
196 188 
220 232 
200 244 
212 204 
188 192 
188 192 
200 224 
196 216 
196 188 
188 268 
536 308 
204 192 
216 236 
212 504 
212 192 
264 224 
240 228 
300 192 
196 216 
204 188 
192 192 
256 228 
212 212 
236 236 
264 332 
212 212 
216 572 
220 232 
248 316 
200 188 
212 228 
240 196 
308 296 
208 208 
224 216 
304 192 
192 188 
196 188 
212 696 
200 248 
196 292 
236 208 
240 348 
208 200 
276 236 
288 372 
212 296 
212 208 
200 204 
568 224 
236 196 
212 192 
192 196 
224 192 
196 232 
192 232 
208 188 
208 212 
208 204 
196 216 
200 192 
204 196 
200 188 
236 228 
240 196 
212 200 
192 204 
208 192 
200 228 
192 196 
212 188 
196 220 
200 204 
200 188 
192 200 
236 232 
236 232 
192 188 
200 196 
196 188 
240 256 
196 212 
232 208 
332 256 
332 324 
240 272 
212 196 
200 196 
240 188 
188 192 
200 196 
204 200 
236 264 
244 212 
196 208 
224 208 
208 228 
712 232 
212 200 
192 212 
196 192 
204 208 
200 192 
232 232 
236 232 
204 220 
232 192 
216 212 
200 192 
232 200 
200 200 
200 208 
208 212 
484 192 
212 192 
224 204 
232 192 
196 192 
228 196 
192 284 
196 200 
200 208 
192 196 
220 208 
216 528 
196 232 
196 212 
196 204 
208 244 
224 296 
252 328 
240 308 
192 200 
368 188 
208 204 
224 192 
592 212 
336 236 
196 208 
196 212 
192 196 
224 196 
212 212 
232 216 
196 212 
192 208 
200 232 
244 220 
192 196 
212 224 
196 196 
200 232 
216 292 
236 236 
256 232 
200 192 
192 688 
236 248 
240 208 
220 192 
320 240 
196 324 
196 204 
196 196 
200 204 
208 196 
200 204 
192 196 
216 236 
192 192 
220 192 
216 220 
660 196 
208 268 
208 300 
244 324 
240 208 
344 192 
196 192 
196 216 
192 196 
200 196 
240 232 
236 232 
232 228 
232 188 
212 228 
216 364 
240 212 
260 232 
284 236 
192 188 
344 336 
312 240 
212 192 
312 200 
216 264 
208 204 
240 248 
232 220 
196 208 
192 268 
196 200 
208 188 
196 216 
192 232 
220 220 
200 224 
196 208 
196 216 
204 192 
244 204 
240 228 
264 332 
312 244 
240 196 
456 264 
204 192 
236 264 
224 232 
200 216 
200 196 
192 196 
216 192 
200 296 
196 236 
196 204 
192 208 
240 212 
204 208 
196 192 
48 44 
196 188 
204 204 
196 188 
216 240 
224 212 
220 192 
196 236 
196 208 
196 216 
204 196 
196 256 
192 208 
208 212 
196 208 
192 188 
204 228 
224 196 
44 48 
192 188 
304 196 
232 308 
260 292 
340 192 
296 228 
320 264 
264 204 
204 192 
208 212 
200 372 
192 188 
216 196 
212 192 
196 204 
244 204 
280 192 
280 236 
248 212 
228 192 
192 212 
204 224 
204 248 
208 200 
216 440 
312 332 
236 300 
212 208 
236 216 
260 224 
236 196 
196 220 
192 192 
196 256 
296 200 
204 256 
324 200 
208 256 
244 196 
192 204 
200 200 
196 192 
196 192 
308 328 
200 204 
196 228 
196 188 
244 272 
236 212 
240 192 
192 192 
208 192 
264 276 
232 208 
432 248 
548 304 
208 208 
220 196 
204 188 
192 188 
196 188 
328 244 
216 360 
216 188 
200 212 
192 196 
216 200 
192 288 
196 316 
196 204 
220 248 
216 192 
212 188 
212 212 
196 188 
192 216 
256 260 
432 216 
244 216 
208 212 
244 284 
296 236 
276 328 
320 208 
208 208 
220 208 
216 188 
208 188 
212 236 
196 208 
204 204 
192 192 
208 204 
232 216 
192 188 
192 196 
208 236 
192 200 
236 192 
252 200 
212 212 
308 232 
196 188 
336 248 
200 292 
208 232 
204 192 
200 228 
324 216 
216 220 
216 212 
212 216 
208 216 
224 212 
192 332 
200 196 
200 192 
196 200 
196 196 
260 244 
192 220 
196 248 
344 192 
200 200 
200 1828 
204 208 
252 236 
236 192 
204 188 
208 228 
208 196 
196 212 
228 212 
208 248 
200 188 
200 192 
200 296 
196 196 
356 196 
196 200 
260 188 
220 224 
196 208 
216 196 
356 188 
200 216 
256 212 
252 212 
192 204 
196 220 
196 192 
192 192 
232 232 
220 212 
192 196 
268 328 
248 212 
240 212 
248 224 
356 212 
216 216 
224 220 
244 212 
208 184 
204 208 
200 216 
232 308 
200 220 
204 188 
220 192 
196 212 
216 192 
208 192 
196 212 
228 188 
196 192 
200 212 
192 196 
232 208 
236 264 
212 224 
196 216 
192 212 
216 240 
208 208 
196 192 
192 192 
192 188 
196 228 
460 248 
212 324 
232 212 
232 208 
200 196 
228 212 
224 216 
212 192 
208 196 
208 620 
200 208 
228 216 
196 212 
196 252 
188 220 
192 204 
196 200 
200 196 
216 188 
196 216 
220 248 
192 200 
220 196 
196 208 
232 240 
204 188 
308 220 
212 192 
220 216 
192 192 
296 288 
240 240 
212 236 
200 192 
200 224 
256 192 
212 196 
196 228 
196 216 
212 244 
216 212 
216 208 
212 208 
220 212 
196 188 
196 228 
204 216 
220 208 
204 188 
188 188 
196 208 
188 224 
196 224 
196 244 
212 204 
192 196 
196 192 
192 204 
192 192 
196 212 
196 184 
220 212 
208 284 
192 284 
264 204 
320 196 
240 216 
292 188 
284 228 
216 664 
272 232 
256 348 
260 296 
200 192 
232 212 
200 192 
224 200 
236 188 
244 228 
312 232 
208 196 
188 212 
508 652 
220 228 
220 212 
248 320 
216 208 
276 220 
196 384 
196 192 
212 192 
196 216 
204 228 
200 196 
196 188 
240 264 
232 232 
48 40 
236 188 
196 200 
208 212 
216 228 
236 260 
272 236 
204 328 
228 336 
232 224 
352 236 
196 320 
324 300 
432 276 
232 196 
192 204 
212 216 
236 196 
196 216 
224 196 
712 188 
200 200 
208 196 
188 208 
200 196 
212 200 
208 244 
224 44 
52 44 
216 196 
192 188 
200 196 
196 192 
344 200 
232 196 
192 212 
264 232 
228 224 
224 220 
196 200 
196 208 
196 204 
496 284 
328 448 
388 336 
208 252 
216 188 
200 192 
196 208 
220 192 
200 212 
192 356 
228 200 
200 252 
192 212 
200 44 
200 196 
188 208 
216 208 
224 304 
188 528 
416 224 
212 452 
216 212 
240 212 
200 196 
196 188 
208 192 
200 192 
188 200 
196 196 
228 188 
200 192 
236 224 
204 188 
188 220 
240 196 
208 196 
200 212 
192 192 
204 188 
236 232 
200 196 
192 212 
204 204 
200 192 
228 236 
212 204 
240 292 
192 196 
204 208 
220 188 
196 200 
200 200 
208 192 
196 188 
484 212 
216 236 
196 208 
336 312 
232 220 
232 216 
212 232 
260 232 
216 216 
240 244 
216 208 
196 200 
200 192 
204 196 
228 192 
192 192 
208 228 
208 188 
196 208 
208 256 
200 256 
212 220 
204 216 
208 216 
200 196 
208 196 
192 192 
212 192 
200 220 
212 196 
204 216 
228 232 
232 212 
752 192 
208 196 
192 192 
220 188 
224 212 
196 212 
228 208 
216 512 
464 208 
324 192 
200 220 
272 240 
188 244 
256 276 
232 192 
312 188 
232 296 
264 332 
212 264 
196 216 
192 208 
196 192 
192 188 
212 192 
192 304 
248 256 
196 200 
200 228 
192 188 
200 208 
232 272 
212 196 
196 220 
192 188 
224 208 
212 208 
192 204 
200 188 
212 188 
208 192 
220 196 
232 228 
220 208 
224 204 
240 196 
236 232 
196 236 
208 196 
208 192 
248 200 
196 232 
204 232 
248 212 
196 204 
212 208 
196 208 
216 220 
216 216 
216 212 
400 312 
220 216 
240 224 
196 192 
212 224 
312 216 
240 208 
236 220 
236 212 
280 236 
228 208 
232 240 
236 260 
236 208 
240 216 
236 208 
232 208 
236 212 
292 212 
244 216 
228 208 
232 208 
236 240 
232 212 
236 208 
236 212 
232 240 
620 208 
232 216 
232 212 
236 232 
240 236 
232 208 
236 224 
232 208 
232 208 
736 216 
236 236 
232 208 
236 208 
232 208 
232 208 
232 208 
228 208 
216 204 
240 580 
228 208 
240 208 
236 212 
236 228 
236 204 
244 216 
240 212 
216 236 
232 212 
240 240 
280 212 
236 236 
240 232 
240 220 
232 260 
236 236 
240 208 
236 208 
236 204 
228 216 
240 220 
268 208 
240 232 
232 204 
240 208 
240 208 
232 208 
240 228 
236 232 
240 208 
240 208 
236 224 
240 212 
236 204 
240 232 
228 216 
236 212 
240 236 
240 208 
236 232 
232 204 
240 240 
240 220 
240 204 
236 236 
236 232 
240 208 
236 212 
236 204 
236 260 
244 236 
236 208 
236 224 
232 228 
236 216 
240 236 
332 208 
260 216 
232 208 
240 208 
232 204 
236 208 
44 52 
240 208 
244 208 
232 212 
236 220 
304 216 
236 212 
232 204 
236 208 
236 212 
264 204 
228 216 
236 216 
236 204 
524 232 
240 208 
232 232 
236 212 
232 216 
72 48 
232 232 
236 232 
232 212 
236 384 
236 208 
240 208 
232 208 
236 264 
236 208 
240 204 
232 212 
212 212 
240 596 
236 220 
232 260 
236 212 
232 236 
244 216 
240 208 
232 208 
216 204 
240 208 
236 220 
236 260 
232 204 
236 424 
232 272 
236 40 
236 232 
228 208 
236 260 
236 220 
232 212 
236 236 
228 208 
236 328 
236 232 
232 204 
236 232 
236 260 
232 220 
240 216 
228 212 
232 212 
240 312 
232 216 
228 204 
240 236 
240 212 
232 220 
244 252 
236 204 
256 224 
228 216 
232 204 
236 208 
236 212 
236 212 
232 208 
232 212 
236 216 
232 208 
236 204 
240 216 
236 212 
240 212 
240 236 
240 212 
228 208 
228 204 
244 208 
228 212 
236 208 
232 208 
236 220 
232 216 
232 208 
232 208 
232 208 
236 216 
316 216 
236 204 
228 216 
232 244 
232 204 
240 216 
228 212 
236 232 
236 256 
528 264 
232 216 
232 204 
236 212 
244 212 
232 208 
232 208 
236 216 
240 212 
228 432 
228 216 
232 232 
236 236 
236 216 
236 228 
232 212 
232 212 
216 240 
232 628 
232 228 
232 204 
240 216 
232 208 
236 232 
236 212 
240 208 
208 208 
240 208 
236 212 
236 216 
228 208 
236 208 
232 236 
240 216 
256 212 
236 212 
232 244 
232 208 
236 208 
240 212 
236 220 
228 208 
240 212 
232 212 
240 208 
236 252 
228 208 
240 212 
236 204 
232 208 
232 208 
236 220 
240 324 
232 208 
236 216 
236 224 
232 212 
232 204 
232 208 
240 212 
236 204 
236 208 
232 212 
232 216 
236 208 
240 208 
232 208 
232 208 
232 212 
244 208 
232 260 
232 212 
240 264 
236 232 
236 208 
232 208 
232 240 
232 208 
236 212 
236 216 
236 212 
240 260 
232 208 
228 208 
236 208 
240 244 
452 212 
236 208 
240 208 
252 208 
232 224 
232 216 
236 204 
252 208 
232 268 
580 212 
236 216 
240 212 
232 208 
232 256 
228 212 
228 204 
240 212 
240 216 
236 424 
232 212 
240 216 
232 212 
236 208 
228 204 
244 208 
232 216 
216 208 
228 632 
232 208 
240 208 
240 220 
236 220 
236 208 
232 208 
236 236 
212 232 
232 208 
244 224 
228 212 
232 208 
236 216 
236 228 
240 232 
232 220 
232 208 
232 208 
236 216 
228 208 
236 212 
232 236 
248 212 
236 212 
228 216 
236 216 
232 212 
236 216 
232 208 
232 208 
236 216 
228 208 
292 228 
240 212 
228 204 
232 232 
240 208 
236 208 
232 208 
232 208 
260 204 
236 216 
240 208 
232 208 
240 212 
236 204 
240 220 
236 212 
236 204 
232 208 
236 220 
232 208 
232 212 
232 212 
232 208 
240 228 
236 248 
240 232 
232 232 
232 220 
236 220 
228 208 
52 40 
232 204 
228 212 
240 212 
232 212 
340 248 
232 212 
236 208 
236 216 
236 220 
232 216 
236 256 
236 232 
236 228 
612 240 
228 208 
228 208 
228 212 
236 212 
240 216 
240 236 
236 212 
236 208 
236 448 
232 208 
236 228 
232 228 
236 208 
48 44 
236 208 
240 208 
212 208 
256 624 
232 212 
232 208 
232 228 
232 264 
232 236 
232 244 
232 236 
220 212 
236 204 
240 232 
264 212 
240 208 
232 208 
228 204 
228 208 
232 208 
236 240 
236 240 
240 236 
232 208 
232 212 
236 208 
228 48 
232 208 
236 216 
236 204 
236 240 
236 208 
228 204 
244 216 
236 208 
240 208 
232 204 
228 208 
228 204 
240 204 
236 224 
236 252 
236 212 
240 208 
236 216 
232 216 
236 220 
236 232 
252 228 
232 208 
240 208 
376 204 
236 212 
236 240 
236 208 
236 208 
232 224 
228 208 
240 232 
240 232 
236 228 
236 212 
232 208 
236 212 
232 208 
232 216 
240 216 
236 248 
232 216 
236 204 
236 260 
372 208 
240 208 
232 252 
240 236 
236 212 
236 208 
232 208 
248 208 
236 212 
572 236 
256 212 
236 232 
232 224 
236 208 
240 208 
240 264 
236 224 
208 212 
232 444 
232 212 
236 204 
236 204 
240 216 
240 236 
240 216 
244 212 
208 220 
240 692 
232 236 
228 268 
244 208 
256 208 
240 208 
236 224 
232 204 
212 208 
232 212 
240 232 
232 208 
236 252 
236 284 
236 208 
236 216 
236 212 
236 248 
240 288 
232 212 
236 232 
240 236 
236 220 
232 204 
236 236 
240 216 
236 256 
228 212 
240 236 
1124 408 
0 0 
0 0 
0 0 
0 0 
0 0 
0 0 
0 0 
0 0 
0 0 
0 0 
0 0 
0 0 
0 0 
0 0 
0 0 
0 0 
0 0 
0 0 
0 0 
0 0 
0 0 
0 0 
0 0 
0 0 
0 0 
0 0 
0 0 
0 0 
0 0 
0 0 
0 0 
0 0 
0 0 
0 0 
0 0 
0 0 
0 0 
0 0 
0 0 
0 0 
0 0 
0 0 
0 0 
244 208 
240 208 
236 208 
236 216 
648 236 
232 208 
236 212 
232 208 
232 236 
232 216 
236 236 
236 212 
212 224 
232 416 
232 208 
232 204 
232 208 
236 232 
240 204 
236 212 
232 252 
240 220 
236 704 
236 232 
236 256 
236 252 
232 208 
236 212 
232 212 
236 212 
232 216 
236 236 
256 216 
232 208 
232 204 
228 212 
232 212 
232 208 
244 216 
232 212 
232 208 
232 216 
296 220 
236 260 
232 208 
244 212 
236 220 
240 208 
236 236 
232 212 
232 208 
240 212 
236 216 
236 232 
236 216 
236 216 
236 220 
240 232 
240 268 
232 236 
232 216 
236 212 
232 228 
236 212 
236 236 
236 204 
228 212 
232 220 
236 216 
236 236 
228 208 
232 212 
232 224 
228 208 
232 208 
236 212 
236 208 
232 208 
232 204 
236 232 
236 248 
220 208 
236 208 
232 212 
240 240 
236 216 
248 224 
236 208 
236 212 
236 212 
424 236 
232 212 
236 260 
232 240 
232 228 
48 44 
232 208 
236 204 
232 208 
588 216 
232 208 
228 208 
236 208 
236 212 
236 216 
240 212 
240 204 
212 232 
236 504 
232 212 
232 208 
240 212 
240 208 
232 212 
240 240 
240 216 
216 212 
232 684 
236 220 
232 212 
232 212 
240 208 
240 232 
156 44 
236 260 
232 208 
232 216 
236 208 
232 236 
232 208 
244 228 
240 212 
240 236 
232 208 
236 208 
236 216 
240 240 
260 208 
232 240 
232 208 
236 44 
232 212 
228 208 
236 208 
232 208 
236 232 
300 296 
232 216 
228 208 
232 208 
236 220 
244 236 
232 216 
232 208 
240 212 
236 232 
280 212 
236 256 
236 208 
232 204 
244 212 
236 208 
292 204 
240 212 
236 244 
232 212 
228 208 
232 204 
236 216 
232 212 
236 204 
232 204 
240 248 
232 220 
240 208 
236 220 
232 216 
236 212 
240 208 
236 208 
240 208 
236 208 
228 208 
240 208 
236 232 
452 208 
240 212 
236 256 
244 208 
232 212 
236 232 
240 248 
240 212 
228 208 
648 212 
232 212 
232 208 
232 208 
232 212 
240 208 
236 252 
240 268 
228 208 
228 496 
228 216 
232 220 
240 236 
232 220 
232 208 
232 212 
240 208 
232 208 
240 616 
236 208 
232 208 
236 236 
232 216 
236 208 
232 208 
236 232 
236 248 
232 208 
240 416 
232 216 
232 212 
240 208 
236 220 
244 232 
236 208 
236 212 
280 216 
236 232 
236 208 
232 208 
228 212 
236 212 
232 232 
236 236 
232 208 
236 208 
232 204 
236 220 
228 228 
260 212 
232 208 
232 236 
240 212 
232 208 
232 208 
240 208 
236 216 
232 208 
236 212 
228 208 
236 232 
240 256 
232 212 
248 208 
228 256 
232 212 
228 216 
232 208 
232 208 
240 216 
236 208 
240 220 
240 260 
232 208 
232 212 
232 208 
232 204 
212 208 
236 212 
228 208 
228 212 
240 208 
232 232 
236 216 
236 220 
232 212 
408 216 
240 216 
236 212 
260 224 
232 208 
240 208 
232 208 
232 208 
236 204 
684 204 
236 236 
232 212 
228 208 
232 208 
236 204 
232 208 
228 216 
212 256 
232 536 
236 208 
228 208 
228 212 
236 220 
236 216 
244 212 
232 212 
212 208 
232 212 
236 280 
236 212 
232 212 
232 212 
240 232 
236 224 
232 260 
232 212 
232 212 
236 208 
236 204 
232 216 
232 208 
236 216 
236 256 
232 208 
228 228 
228 208 
236 216 
236 236 
232 212 
232 208 
236 232 
232 208 
236 256 
232 232 
240 212 
240 208 
240 236 
236 236 
228 208 
252 208 
240 208 
236 232 
232 232 
228 212 
276 208 
240 252 
236 248 
240 208 
236 232 
228 228 
232 224 
228 208 
240 236 
240 260 
240 208 
240 260 
236 216 
236 216 
232 296 
228 212 
232 204 
236 232 
232 208 
232 208 
236 216 
232 220 
220 208 
232 224 
236 212 
240 228 
232 204 
240 236 
236 260 
236 244 
232 224 
456 232 
232 40 
244 204 
228 212 
232 204 
236 216 
252 220 
228 204 
232 216 
732 216 
240 260 
244 208 
232 240 
232 208 
236 212 
236 236 
228 212 
220 208 
240 564 
240 236 
236 208 
232 208 
232 208 
232 216 
236 208 
236 212 
220 212 
260 656 
48 44 
236 208 
232 212 
244 204 
236 208 
244 236 
232 208 
236 208 
236 232 
240 208 
240 260 
232 236 
236 216 
228 208 
232 208 
236 208 
236 232 
236 256 
240 232 
236 260 
232 208 
232 220 
240 216 
236 256 
240 208 
232 212 
236 44 
232 204 
236 208 
236 208 
236 212 
240 212 
232 216 
244 212 
232 208 
240 208 
236 216 
252 208 
236 260 
240 236 
240 216 
232 208 
228 208 
232 208 
232 212 
236 244 
232 220 
232 208 
232 212 
236 232 
240 232 
232 236 
236 216 
244 208 
236 216 
236 228 
232 208 
232 208 
268 216 
232 208 
228 208 
240 236 
236 232 
232 212 
236 220 
240 208 
232 232 
444 212 
236 208 
236 208 
236 232 
236 264 
260 220 
232 204 
244 216 
232 212 
744 204 
236 212 
236 220 
244 268 
240 212 
236 204 
236 228 
240 232 
212 244 
232 572 
240 208 
232 216 
248 212 
240 292 
236 212 
232 208 
232 232 
216 232 
236 212 
232 204 
236 212 
244 236 
232 220 
236 212 
232 208 
236 212 
236 204 
236 236 
236 248 
228 224 
236 204 
240 208 
232 212 
232 208 
236 204 
236 236 
228 212 
240 212 
240 208 
232 232 
240 208 
232 212 
232 208 
236 216 
236 208 
232 208 
236 232 
240 208 
236 236 
244 212 
232 232 
232 212 
300 208 
236 212 
248 216 
240 204 
236 216 
232 212 
236 208 
240 204 
232 208 
240 216 
236 212 
240 204 
236 220 
232 212 
236 208 
232 208 
236 216 
240 212 
240 232 
236 208 
236 204 
296 220 
236 232 
228 212 
240 236 
256 232 
232 212 
240 208 
232 204 
232 212 
240 236 
228 208 
244 208 
296 208 
512 240 
232 212 
236 216 
232 204 
236 216 
240 208 
328 236 
232 204 
236 216 
752 236 
232 208 
236 216 
240 236 
228 244 
232 208 
232 232 
236 256 
304 212 
232 568 
236 212 
232 208 
240 208 
240 212 
240 256 
236 244 
240 212 
208 204 
228 208 
240 208 
236 220 
228 236 
232 212 
240 240 
236 252 
232 204 
236 236 
232 204 
260 212 
232 208 
236 212 
236 232 
236 204 
236 236 
236 212 
236 208 
236 236 
232 204 
236 232 
248 212 
236 220 
232 208 
236 228 
236 208 
236 208 
236 228 
232 248 
232 208 
240 236 
240 208 
240 220 
236 224 
236 248 
236 216 
232 212 
232 248 
244 232 
232 208 
236 216 
236 236 
240 264 
228 216 
232 244 
240 208 
232 244 
232 212 
236 212 
232 208 
240 216 
236 240 
232 208 
228 208 
244 256 
236 212 
236 204 
232 208 
332 212 
256 212 
236 212 
232 212 
240 204 
236 212 
236 232 
232 208 
236 260 
232 216 
540 216 
236 232 
228 220 
236 260 
240 204 
236 208 
236 236 
236 208 
232 228 
720 208 
264 204 
232 208 
236 240 
232 208 
232 216 
44 40 
236 208 
212 216 
236 600 
232 208 
232 208 
236 228 
236 224 
232 212 
236 208 
236 208 
212 232 
236 228 
244 212 
232 256 
240 236 
228 208 
236 204 
240 212 
236 208 
232 232 
236 236 
232 216 
232 208 
236 212 
232 208 
236 204 
228 208 
48 44 
236 216 
228 240 
236 204 
232 212 
244 208 
232 236 
236 260 
232 212 
232 208 
236 216 
240 212 
236 220 
232 232 
240 212 
232 208 
240 212 
236 216 
240 232 
232 208 
236 208 
228 204 
236 216 
228 208 
244 208 
236 208 
236 208 
236 208 
232 208 
232 44 
252 208 
232 208 
232 208 
228 208 
236 208 
228 216 
236 220 
232 232 
232 208 
232 204 
236 216 
236 232 
232 216 
312 216 
236 224 
232 208 
232 240 
260 212 
236 208 
240 228 
236 232 
232 216 
548 212 
240 212 
240 232 
236 236 
232 256 
236 212 
240 208 
236 208 
240 216 
232 384 
232 224 
236 208 
228 208 
236 256 
236 208 
232 224 
236 240 
212 240 
232 624 
236 212 
228 204 
236 208 
248 216 
232 212 
232 208 
240 212 
212 208 
232 208 
240 276 
236 224 
232 208 
236 212 
232 208 
228 208 
228 212 
240 216 
236 252 
232 208 
236 208 
240 212 
236 232 
236 212 
232 216 
240 212 
236 256 
236 228 
232 208 
232 208 
240 212 
232 212 
232 208 
240 216 
232 208 
236 208 
244 208 
236 236 
240 208 
232 208 
232 260 
240 216 
240 232 
236 244 
240 212 
232 208 
228 208 
232 212 
236 232 
232 212 
232 236 
236 216 
232 208 
240 236 
228 220 
240 212 
236 212 
236 236 
240 248 
236 236 
236 228 
236 212 
236 236 
240 232 
240 204 
240 236 
236 264 
236 204 
316 236 
232 228 
240 232 
240 212 
228 208 
236 208 
240 208 
240 236 
236 220 
544 204 
240 224 
240 212 
240 208 
240 232 
232 256 
232 208 
232 212 
232 208 
232 392 
236 232 
232 208 
232 208 
240 240 
240 224 
244 208 
240 212 
212 212 
232 652 
232 204 
232 212 
232 208 
236 236 
232 208 
236 204 
240 216 
208 212 
232 208 
236 212 
240 212 
232 208 
236 232 
252 208 
228 216 
236 216 
232 208 
240 216 
244 212 
236 260 
236 240 
232 212 
232 212 
232 236 
228 216 
240 232 
236 232 
232 232 
240 220 
232 248 
228 212 
236 204 
228 220 
228 208 
236 240 
240 236 
236 212 
232 216 
240 208 
236 232 
240 232 
236 212 
228 256 
232 208 
240 252 
240 216 
236 236 
324 240 
232 240 
240 208 
228 208 
232 216 
236 216 
236 260 
348 212 
232 208 
232 216 
240 220 
236 240 
228 204 
232 204 
228 208 
228 204 
236 208 
248 208 
240 232 
240 260 
352 208 
236 220 
240 216 
228 208 
244 236 
240 208 
232 208 
232 212 
244 252 
580 208 
236 232 
236 240 
232 208 
228 212 
236 204 
236 208 
232 216 
220 252 
236 428 
232 220 
236 212 
240 208 
228 208 
232 208 
232 232 
236 204 
216 260 
232 680 
240 212 
236 208 
240 216 
232 212 
232 204 
236 208 
252 208 
212 212 
228 208 
240 220 
236 220 
48 48 
228 208 
236 232 
236 216 
232 212 
236 212 
232 204 
236 216 
236 240 
236 216 
240 252 
260 208 
236 212 
240 212 
240 208 
348 232 
232 204 
240 208 
236 240 
240 232 
228 212 
240 212 
232 264 
236 212 
448 208 
240 236 
236 240 
232 208 
48 44 
236 208 
236 220 
236 228 
236 208 
232 212 
352 216 
236 208 
244 220 
232 212 
244 216 
264 212 
236 212 
240 212 
232 208 
232 212 
232 208 
232 232 
232 204 
232 204 
236 208 
244 260 
232 236 
232 224 
244 212 
232 208 
232 212 
232 208 
368 208 
232 208 
236 264 
240 212 
228 208 
228 204 
240 212 
240 236 
240 216 
616 204 
240 208 
236 232 
232 208 
232 204 
232 212 
232 208 
232 212 
244 208 
232 444 
240 228 
232 204 
236 216 
232 212 
236 204 
228 204 
236 212 
216 232 
236 668 
236 232 
240 212 
228 208 
232 268 
236 208 
236 220 
240 216 
216 208 
232 212 
236 232 
240 212 
240 212 
232 212 
232 212 
240 208 
232 224 
232 208 
244 208 
240 244 
232 208 
236 208 
232 216 
240 212 
244 212 
232 216 
236 232 
232 208 
240 212 
240 212 
232 232 
228 208 
232 204 
236 220 
232 212 
236 208 
240 268 
240 212 
236 236 
232 216 
236 212 
236 208 
236 236 
232 224 
236 240 
232 216 
232 212 
244 224 
236 224 
232 212 
236 216 
228 212 
236 232 
232 212 
240 216 
228 208 
232 208 
232 204 
236 236 
236 228 
232 256 
228 204 
236 208 
240 232 
228 212 
232 208 
232 204 
228 208 
404 236 
232 208 
236 240 
236 236 
228 212 
240 224 
232 220 
260 216 
240 224 
616 212 
232 212 
232 212 
236 224 
236 216 
248 212 
236 208 
236 268 
216 208 
232 472 
236 252 
232 208 
240 208 
236 232 
240 232 
232 224 
236 216 
208 212 
240 712 
240 212 
236 220 
236 232 
232 232 
236 212 
244 216 
232 204 
212 224 
240 232 
236 216 
240 260 
236 220 
236 232 
236 212 
232 208 
232 204 
232 204 
236 204 
232 208 
240 220 
232 288 
228 204 
236 236 
232 208 
232 224 
236 232 
232 216 
232 212 
240 204 
236 236 
232 264 
236 212 
244 208 
240 208 
236 212 
236 232 
236 208 
232 212 
256 208 
232 232 
228 204 
244 208 
232 208 
240 212 
236 204 
236 216 
236 240 
232 208 
228 204 
236 208 
236 236 
236 204 
236 212 
228 204 
236 216 
232 236 
236 244 
236 236 
236 208 
228 216 
236 220 
232 212 
236 208 
232 216 
236 208 
240 208 
240 212 
408 216 
236 204 
240 240 
236 204 
240 264 
232 216 
244 208 
236 236 
236 216 
656 208 
240 208 
232 228 
232 208 
240 216 
236 220 
236 208 
232 208 
212 212 
236 436 
236 216 
232 208 
232 268 
236 204 
236 232 
232 232 
240 264 
212 236 
240 208 
240 216 
236 208 
236 232 
232 216 
236 212 
232 220 
240 212 
216 212 
48 48 
236 208 
228 208 
236 204 
240 208 
240 208 
232 208 
240 208 
236 208 
240 208 
240 208 
236 212 
256 208 
240 212 
240 208 
232 208 
236 256 
232 228 
240 236 
240 212 
232 208 
240 220 
240 208 
228 208 
236 228 
324 212 
40 48 
240 220 
236 208 
232 220 
228 212 
236 204 
228 204 
236 208 
236 232 
236 236 
232 220 
236 212 
236 204 
236 208 
236 216 
232 232 
236 224 
236 240 
268 216 
236 264 
236 240 
240 212 
236 204 
228 212 
228 208 
236 236 
232 212 
236 208 
236 44 
240 224 
244 212 
236 208 
236 204 
432 216 
244 208 
232 208 
236 224 
232 208 
236 208 
236 216 
232 204 
240 420 
692 204 
244 216 
236 232 
236 212 
240 204 
236 216 
236 260 
240 212 
216 208 
240 496 
232 208 
232 232 
232 204 
232 212 
240 308 
240 236 
232 212 
212 212 
236 720 
256 208 
252 204 
236 212 
340 204 
232 264 
232 216 
228 208 
220 216 
348 696 
240 220 
232 212 
236 212 
232 208 
232 212 
232 224 
232 204 
232 208 
236 212 
228 212 
232 208 
228 204 
232 236 
236 232 
236 256 
260 224 
232 204 
236 252 
228 204 
240 212 
236 260 
236 212 
236 212 
228 208 
240 260 
232 240 
236 212 
236 208 
236 232 
236 212 
232 212 
236 220 
232 236 
236 208 
236 208 
236 232 
324 208 
236 208 
236 236 
232 232 
232 208 
240 208 
236 216 
244 212 
232 212 
232 208 
236 204 
232 212 
240 232 
228 244 
236 220 
232 232 
236 232 
236 204 
236 208 
228 240 
232 212 
240 232 
448 208 
236 208 
240 208 
232 208 
308 216 
236 208 
232 212 
240 212 
236 216 
696 212 
232 208 
244 216 
236 220 
232 208 
236 212 
236 212 
232 208 
212 208 
240 512 
240 232 
236 232 
228 216 
232 216 
236 204 
232 204 
240 208 
212 208 
232 208 
240 224 
240 220 
236 224 
236 208 
240 208 
236 236 
236 224 
232 212 
232 208 
236 220 
236 208 
252 212 
240 216 
232 212 
236 208 
232 208 
232 212 
240 212 
232 208 
228 216 
240 212 
232 232 
232 208 
244 208 
232 212 
240 268 
236 244 
228 224 
240 208 
240 216 
236 224 
232 220 
236 208 
236 224 
236 216 
240 212 
232 208 
240 208 
232 216 
244 208 
228 212 
236 216 
240 216 
232 224 
236 212 
228 208 
244 216 
232 212 
236 204 
240 208 
236 232 
232 228 
232 244 
232 216 
236 204 
236 232 
240 236 
236 216 
216 208 
228 208 
232 216 
240 216 
228 208 
244 212 
236 232 
244 248 
228 212 
476 208 
236 216 
240 208 
248 220 
232 204 
316 204 
232 212 
232 208 
236 424 
716 220 
236 212 
236 216 
228 204 
232 208 
236 212 
232 208 
232 208 
212 208 
232 544 
236 212 
236 232 
236 232 
240 264 
232 208 
536 208 
236 248 
240 208 
236 212 
232 208 
240 208 
236 212 
232 208 
236 248 
244 232 
236 220 
256 216 
240 208 
248 216 
44 52 
240 232 
232 212 
236 232 
232 212 
232 212 
252 208 
232 208 
240 236 
236 232 
236 232 
228 208 
236 236 
232 208 
232 208 
240 216 
228 208 
232 208 
236 228 
240 232 
240 224 
236 252 
236 228 
244 212 
244 216 
232 268 
232 212 
236 220 
40 44 
232 220 
236 204 
228 204 
240 208 
236 216 
236 216 
236 216 
228 208 
236 208 
228 248 
236 208 
240 208 
236 236 
336 232 
236 208 
240 204 
244 208 
232 216 
236 212 
264 208 
232 236 
240 228 
236 216 
232 204 
240 252 
236 212 
232 208 
236 40 
504 248 
228 204 
232 208 
236 236 
232 204 
240 212 
248 264 
236 260 
236 208 
724 260 
240 236 
232 212 
236 220 
240 228 
232 228 
240 208 
236 208 
220 208 
236 544 
236 232 
236 256 
232 224 
232 220 
232 260 
232 208 
252 208 
212 236 
228 232 
236 208 
236 208 
240 208 
236 220 
232 212 
232 228 
236 208 
236 232 
236 204 
228 208 
240 252 
232 216 
236 232 
232 220 
232 240 
232 252 
236 208 
228 208 
232 212 
236 236 
228 212 
236 232 
228 220 
236 212 
232 208 
236 208 
236 236 
240 208 
236 232 
232 228 
260 208 
232 208 
236 216 
240 236 
232 212 
236 208 
236 236 
232 264 
236 216 
232 216 
232 208 
240 212 
236 260 
232 212 
236 232 
228 208 
232 208 
236 216 
232 216 
236 208 
244 252 
232 204 
240 212 
232 208 
232 212 
240 256 
236 252 
232 220 
288 208 
232 212 
232 312 
240 220 
236 208 
240 208 
240 212 
240 236 
236 212 
500 232 
232 220 
240 236 
240 236 
272 220 
232 208 
240 208 
236 216 
232 260 
748 208 
236 216 
236 212 
236 204 
236 220 
240 220 
232 208 
236 220 
212 256 
232 580 
240 208 
240 216 
232 204 
236 208 
240 216 
236 236 
260 208 
212 212 
228 208 
236 208 
240 212 
232 208 
232 224 
232 208 
240 208 
240 212 
232 216 
240 232 
244 208 
240 208 
232 228 
236 212 
228 204 
236 212 
260 212 
232 208 
232 204 
240 216 
236 216 
240 212 
240 208 
236 240 
236 216 
236 216 
240 212 
232 208 
228 208 
232 216 
236 236 
232 208 
232 208 
232 208 
240 236 
236 228 
236 204 
236 208 
236 236 
236 220 
232 204 
236 240 
232 208 
236 240 
236 216 
244 260 
236 208 
232 208 
332 252 
232 252 
236 228 
236 208 
232 208 
236 208 
240 232 
244 212 
236 208 
232 208 
240 252 
368 252 
244 244 
236 224 
232 208 
232 208 
236 208 
232 220 
236 252 
232 212 
528 216 
236 220 
228 204 
240 216 
236 212 
236 232 
240 212 
236 220 
276 212 
696 212 
268 220 
236 204 
236 208 
232 212 
236 208 
236 244 
236 224 
208 228 
236 604 
236 208 
236 204 
236 216 
232 216 
240 232 
228 216 
232 212 
216 204 
236 208 
240 236 
236 232 
236 236 
236 252 
232 208 
240 212 
236 212 
240 208 
232 208 
236 208 
236 232 
240 220 
236 216 
240 216 
240 256 
44 48 
236 264 
232 208 
416 204 
236 232 
232 240 
236 212 
240 208 
240 236 
236 216 
240 232 
232 212 
232 236 
232 208 
624 204 
236 232 
232 212 
232 208 
228 204 
240 212 
240 212 
232 220 
232 212 
236 204 
240 204 
232 212 
232 208 
240 212 
100 40 
228 256 
236 224 
232 208 
236 264 
236 244 
232 204 
236 212 
236 236 
232 216 
240 208 
236 204 
240 236 
236 244 
236 232 
292 212 
244 208 
228 212 
240 216 
232 232 
232 208 
236 204 
232 13124 
0 0 
0 0 
236 228 
200 212 
228 192 
232 228 
232 208 
196 232 
232 212 
192 236 
232 676 
212 188 
192 212 
232 232 
228 212 
236 228 
212 208 
232 228 
208 228 
236 620 
232 228 
232 212 
224 196 
232 228 
232 308 
196 232 
232 232 
196 204 
228 232 
232 232 
236 232 
228 208 
212 232 
212 228 
232 232 
232 232 
212 212 
232 224 
232 228 
232 236 
216 200 
196 228 
232 208 
232 228 
232 204 
208 212 
212 232 
228 196 
232 232 
236 212 
232 232 
228 192 
232 192 
208 224 
232 228 
232 224 
236 212 
236 232 
212 212 
208 232 
208 208 
240 236 
236 208 
236 232 
232 212 
236 260 
232 208 
232 208 
232 208 
232 208 
212 40 
236 208 
236 232 
240 212 
232 212 
240 208 
228 204 
236 236 
236 220 
240 208 
232 220 
248 248 
236 208 
236 224 
232 204 
240 208 
236 220 
352 216 
240 240 
236 216 
232 208 
244 212 
236 212 
236 232 
236 236 
232 252 
568 208 
240 204 
236 240 
232 208 
232 212 
232 208 
228 264 
236 216 
240 248 
236 404 
232 212 
236 208 
232 204 
236 252 
236 212 
240 212 
244 216 
508 208 
236 652 
236 204 
232 236 
232 236 
228 208 
232 208 
232 208 
232 216 
220 224 
240 208 
236 208 
236 220 
232 212 
228 208 
240 208 
236 220 
240 208 
232 212 
228 212 
236 212 
232 204 
232 216 
236 204 
236 256 
228 208 
232 208 
236 208 
232 208 
228 212 
236 212 
232 204 
228 208 
232 232 
236 232 
236 232 
272 224 
232 212 
360 208 
236 208 
240 208 
228 208 
236 260 
236 232 
232 248 
236 248 
244 240 
228 204 
236 240 
236 208 
232 204 
228 208 
232 208 
232 208 
232 208 
240 232 
228 208 
236 212 
240 208 
228 216 
232 208 
236 208 
232 208 
236 216 
236 232 
228 208 
236 208 
232 208 
240 220 
364 204 
236 212 
236 208 
232 224 
232 208 
232 212 
236 208 
232 208 
232 208 
596 208 
236 236 
228 208 
232 212 
236 212 
236 216 
232 208 
236 204 
220 208 
240 372 
236 236 
232 208 
232 212 
236 216 
244 208 
232 208 
232 204 
212 204 
228 680 
232 212 
228 204 
236 216 
240 208 
240 244 
236 232 
236 216 
212 232 
236 220 
236 204 
244 216 
236 248 
232 244 
232 204 
232 212 
228 208 
228 204 
232 212 
236 240 
228 208 
236 252 
236 208 
236 228 
240 212 
236 208 
232 208 
240 212 
236 216 
236 208 
240 224 
244 204 
320 220 
232 208 
232 212 
240 216 
232 208 
240 212 
236 228 
228 224 
240 212 
236 220 
248 212 
244 212 
272 208 
232 212 
232 204 
232 220 
232 232 
240 216 
236 216 
240 204 
236 208 
236 252 
236 208 
480 212 
236 204 
236 208 
236 236 
232 208 
240 212 
240 204 
228 208 
228 208 
244 212 
240 212 
236 236 
232 208 
388 208 
232 208 
240 212 
240 204 
236 232 
240 212 
240 212 
232 216 
228 204 
620 204 
236 232 
228 212 
236 208 
240 208 
232 220 
232 224 
232 212 
204 208 
232 448 
240 236 
232 212 
236 236 
232 216 
232 208 
236 240 
232 208 
208 204 
232 692 
240 208 
236 216 
232 216 
236 208 
240 216 
232 208 
232 212 
208 212 
48 40 
232 208 
232 216 
244 208 
240 236 
228 208 
232 204 
232 216 
232 208 
236 208 
236 236 
240 236 
232 224 
244 228 
236 208 
228 212 
232 232 
52 40 
236 264 
236 216 
232 216 
240 236 
232 208 
228 208 
232 216 
240 208 
236 216 
240 212 
240 256 
236 212 
240 236 
236 212 
240 260 
236 208 
232 216 
236 236 
236 212 
240 224 
228 208 
236 220 
232 212 
232 208 
232 212 
236 208 
240 44 
236 204 
236 228 
236 208 
236 208 
240 216 
232 208 
232 208 
244 208 
232 216 
236 220 
236 212 
236 232 
232 228 
236 204 
376 204 
228 208 
236 212 
232 328 
240 204 
236 224 
236 228 
232 316 
236 220 
632 204 
236 236 
232 208 
228 212 
236 212 
232 216 
236 208 
236 208 
208 208 
236 424 
240 236 
232 208 
236 216 
232 212 
236 208 
236 240 
232 208 
300 208 
232 576 
232 216 
232 212 
236 216 
228 212 
232 216 
236 204 
236 208 
212 236 
240 236 
232 224 
240 212 
236 212 
236 208 
236 264 
232 204 
236 208 
228 204 
232 208 
236 228 
232 208 
236 260 
232 208 
236 212 
232 216 
240 216 
236 236 
236 208 
240 236 
236 232 
232 252 
228 212 
232 208 
268 220 
240 244 
228 204 
232 208 
232 228 
236 236 
236 208 
232 212 
232 212 
236 204 
232 208 
232 204 
228 204 
276 216 
236 212 
236 216 
232 208 
232 212 
228 208 
236 212 
232 208 
236 204 
236 220 
232 208 
240 232 
228 212 
212 212 
232 208 
236 248 
232 208 
236 208 
232 208 
232 216 
236 220 
232 208 
408 208 
228 208 
232 232 
236 216 
232 204 
232 208 
232 248 
240 204 
236 208 
652 208 
232 248 
232 212 
236 220 
228 208 
232 208 
232 208 
236 232 
208 268 
232 504 
228 208 
232 232 
236 216 
232 208 
232 212 
240 212 
236 220 
216 232 
232 688 
240 212 
240 236 
236 228 
240 232 
236 216 
232 256 
232 208 
208 204 
236 228 
236 212 
236 236 
232 212 
236 208 
236 236 
236 212 
232 208 
232 212 
240 208 
228 204 
236 216 
232 204 
236 240 
236 204 
236 232 
236 232 
252 220 
232 212 
232 216 
232 256 
236 260 
232 208 
236 216 
232 212 
240 204 
236 212 
240 260 
236 224 
336 232 
236 212 
232 204 
244 216 
232 212 
240 204 
236 228 
232 212 
232 208 
232 208 
232 232 
236 208 
236 212 
244 248 
236 232 
236 212 
232 204 
236 208 
240 192 
236 208 
236 216 
208 208 
240 260 
240 208 
236 232 
236 236 
240 208 
240 212 
240 208 
232 208 
432 208 
240 224 
232 208 
236 216 
232 208 
240 212 
236 236 
236 208 
232 208 
660 208 
236 204 
240 208 
236 212 
236 232 
232 212 
240 248 
232 212 
216 236 
236 516 
232 208 
236 216 
236 212 
232 228 
232 204 
232 204 
232 208 
212 208 
240 712 
236 216 
240 212 
240 216 
236 208 
236 216 
232 228 
44 44 
212 212 
232 212 
236 208 
240 204 
236 236 
236 216 
228 232 
228 240 
240 248 
236 252 
240 208 
232 208 
236 204 
236 208 
240 232 
236 212 
232 228 
240 208 
240 236 
232 220 
236 224 
232 212 
232 208 
232 204 
232 204 
240 208 
236 232 
44 48 
232 208 
232 220 
240 244 
232 236 
232 212 
228 212 
232 208 
240 204 
232 208 
236 220 
236 208 
236 212 
236 244 
236 208 
244 208 
240 232 
236 244 
236 212 
240 232 
252 208 
240 224 
232 208 
228 212 
212 212 
240 208 
236 40 
232 208 
236 220 
232 208 
232 216 
236 232 
236 232 
428 208 
236 208 
232 208 
240 228 
236 236 
236 356 
228 208 
232 208 
252 208 
712 212 
232 212 
232 204 
236 204 
248 216 
236 232 
240 216 
228 212 
208 216 
240 492 
236 232 
240 204 
416 232 
232 236 
232 208 
236 232 
232 212 
208 208 
232 212 
244 216 
236 220 
232 212 
236 212 
240 208 
228 204 
232 232 
240 232 
236 236 
232 208 
240 204 
236 212 
236 208 
236 208 
232 232 
236 232 
236 208 
240 228 
232 220 
232 208 
232 212 
236 208 
228 236 
232 208 
240 236 
236 212 
232 204 
240 212 
232 244 
236 204 
236 428 
240 208 
240 216 
232 212 
232 232 
232 208 
232 208 
232 204 
240 208 
232 204 
236 216 
236 228 
228 208 
232 204 
232 236 
272 224 
228 208 
232 216 
236 208 
228 208 
244 212 
236 232 
232 232 
236 232 
236 208 
228 252 
232 208 
236 256 
244 212 
228 204 
236 212 
240 264 
236 212 
392 208 
236 212 
252 212 
236 208 
456 208 
232 208 
232 216 
240 208 
236 252 
232 216 
236 216 
236 204 
240 212 
696 236 
240 232 
228 212 
240 208 
240 208 
236 256 
232 212 
232 208 
208 212 
236 584 
232 212 
240 216 
248 212 
244 224 
236 212 
240 212 
236 216 
228 212 
232 212 
236 208 
236 320 
240 220 
240 208 
236 220 
236 212 
228 212 
232 208 
236 212 
236 232 
236 232 
232 208 
228 208 
236 204 
236 236 
228 212 
240 212 
228 208 
240 236 
236 208 
236 216 
232 212 
232 212 
256 208 
232 208 
236 212 
240 212 
228 208 
236 224 
232 212 
240 208 
240 220 
288 208 
232 208 
236 208 
256 208 
232 212 
244 224 
232 216 
236 220 
232 216 
228 208 
236 212 
232 216 
232 204 
236 220 
236 224 
236 216 
232 208 
232 212 
236 208 
240 264 
240 236 
232 216 
232 204 
232 212 
236 220 
232 260 
268 224 
244 208 
236 208 
240 212 
228 208 
236 216 
232 232 
240 232 
240 240 
516 212 
236 236 
236 224 
236 216 
244 216 
236 224 
236 212 
236 208 
236 208 
736 224 
232 232 
232 236 
232 216 
236 208 
232 204 
240 204 
320 236 
212 208 
232 572 
240 216 
236 208 
236 232 
232 212 
232 208 
240 208 
240 236 
208 208 
232 208 
236 208 
236 228 
240 236 
236 216 
236 208 
228 208 
236 216 
232 212 
236 232 
260 204 
232 212 
236 232 
240 204 
240 208 
236 208 
232 216 
240 236 
228 212 
240 212 
232 208 
52 44 
228 204 
236 232 
236 232 
236 236 
236 208 
236 208 
236 228 
228 208 
228 208 
232 300 
236 216 
236 232 
236 232 
236 232 
236 236 
232 208 
240 204 
236 204 
232 212 
232 208 
232 204 
240 208 
240 212 
236 232 
228 204 
228 208 
240 204 
228 204 
240 216 
52 48 
244 236 
232 212 
236 232 
232 228 
228 208 
232 212 
240 216 
268 212 
236 236 
236 216 
240 236 
240 232 
240 236 
228 212 
228 212 
232 208 
524 212 
232 216 
252 212 
236 220 
248 204 
232 208 
236 208 
240 252 
256 208 
752 208 
232 220 
244 40 
244 260 
240 216 
232 260 
240 212 
232 208 
208 212 
240 580 
236 236 
232 224 
240 208 
232 208 
260 212 
240 232 
232 212 
208 208 
232 208 
232 212 
236 212 
240 236 
232 216 
232 208 
232 208 
240 224 
232 212 
252 208 
236 216 
236 208 
240 204 
236 236 
236 212 
236 208 
228 208 
236 204 
232 220 
236 216 
236 220 
248 212 
236 212 
236 208 
236 232 
236 252 
252 208 
240 236 
232 232 
240 204 
236 208 
232 204 
240 208 
236 212 
236 204 
236 220 
240 208 
240 216 
236 236 
240 248 
232 244 
252 208 
236 208 
232 208 
232 216 
240 216 
232 232 
240 216 
240 236 
236 236 
236 232 
236 240 
228 212 
236 228 
240 216 
232 208 
236 208 
240 224 
248 212 
304 208 
236 216 
284 220 
236 252 
252 212 
236 204 
236 208 
232 204 
240 212 
528 208 
228 208 
236 236 
232 208 
228 208 
232 208 
236 208 
240 208 
232 260 
756 204 
236 208 
240 208 
236 208 
244 216 
252 208 
264 208 
232 212 
216 232 
244 592 
236 208 
236 236 
232 236 
236 232 
236 208 
236 432 
228 208 
208 236 
236 212 
232 208 
236 224 
240 248 
232 208 
240 216 
232 208 
232 208 
232 208 
240 220 
236 228 
236 208 
232 252 
232 224 
236 240 
228 204 
228 204 
232 216 
240 212 
236 244 
228 204 
236 212 
236 208 
236 232 
228 228 
236 232 
236 232 
236 212 
236 256 
236 248 
232 208 
228 204 
236 220 
228 208 
232 216 
232 204 
240 232 
236 212 
232 208 
236 432 
244 236 
228 236 
232 208 
232 208 
236 232 
236 228 
232 204 
240 216 
236 212 
232 212 
240 232 
240 228 
236 232 
232 216 
228 212 
232 212 
240 236 
236 256 
272 216 
304 208 
236 212 
236 216 
228 204 
240 208 
232 208 
240 208 
232 208 
236 236 
512 216 
232 208 
236 208 
236 260 
236 212 
232 208 
232 216 
232 236 
232 212 
264 364 
228 212 
236 220 
236 208 
244 216 
232 232 
232 212 
228 204 
220 208 
240 632 
244 212 
240 204 
256 208 
236 232 
228 204 
240 208 
244 216 
212 236 
232 216 
236 216 
236 204 
236 216 
232 208 
236 208 
236 264 
236 208 
240 212 
236 208 
240 232 
228 208 
236 248 
236 212 
232 204 
240 208 
236 208 
240 236 
236 208 
236 204 
228 220 
232 252 
236 208 
240 216 
232 212 
240 208 
232 212 
240 216 
240 208 
232 212 
232 204 
368 212 
228 208 
236 216 
240 260 
236 244 
240 240 
48 44 
240 228 
236 212 
236 208 
232 208 
240 240 
228 208 
232 208 
240 236 
236 220 
264 212 
240 208 
236 208 
232 212 
236 232 
240 236 
240 208 
236 232 
236 244 
236 204 
236 212 
236 228 
332 216 
228 204 
236 208 
244 220 
240 236 
44 48 
232 228 
232 208 
236 212 
584 232 
232 208 
232 212 
240 204 
240 236 
240 208 
228 212 
240 208 
232 204 
240 396 
236 236 
240 208 
232 216 
240 236 
232 208 
232 212 
236 220 
624 212 
236 640 
232 212 
236 220 
236 252 
240 268 
236 212 
232 208 
232 208 
216 216 
232 232 
236 40 
240 216 
240 220 
236 216 
244 208 
236 216 
240 208 
236 216 
232 208 
240 232 
240 260 
236 212 
228 216 
236 236 
236 204 
236 236 
244 228 
232 208 
236 208 
240 204 
236 228 
288 204 
236 204 
232 208 
236 208 
360 312 
240 220 
232 212 
236 208 
236 220 
236 204 
232 208 
232 208 
240 268 
236 208 
236 208 
232 212 
240 208 
236 268 
236 212 
232 208 
236 212 
232 236 
236 220 
404 232 
236 228 
240 264 
236 212 
232 208 
232 208 
236 232 
236 212 
236 212 
236 208 
240 208 
236 224 
240 212 
236 216 
368 204 
236 232 
228 208 
240 216 
228 208 
228 208 
236 216 
232 208 
240 208 
572 236 
240 208 
228 216 
236 216 
236 240 
228 212 
232 208 
236 216 
232 208 
236 412 
240 208 
232 216 
236 252 
240 204 
240 208 
236 232 
240 208 
220 236 
232 668 
232 208 
232 208 
228 212 
236 240 
232 216 
236 260 
232 208 
208 240 
236 212 
232 216 
236 212 
236 216 
260 208 
236 216 
252 212 
232 208 
236 208 
236 220 
236 216 
228 208 
236 212 
236 208 
240 204 
240 232 
232 208 
240 208 
232 208 
232 216 
236 212 
236 208 
240 208 
240 204 
232 212 
236 260 
240 264 
232 212 
240 208 
244 212 
232 228 
236 236 
240 208 
232 212 
236 212 
236 208 
240 208 
240 260 
236 212 
232 208 
236 208 
356 208 
236 212 
232 208 
236 204 
240 208 
232 212 
240 244 
228 208 
232 208 
236 232 
240 212 
240 208 
228 220 
232 216 
236 208 
228 208 
240 216 
236 252 
364 236 
232 236 
232 236 
232 204 
228 208 
240 216 
240 216 
236 208 
244 236 
484 228 
236 212 
232 204 
236 236 
236 220 
232 208 
240 216 
236 236 
216 208 
232 492 
236 236 
232 204 
236 232 
240 216 
228 208 
236 204 
236 212 
208 212 
232 684 
232 208 
240 220 
232 228 
232 208 
236 208 
244 208 
236 228 
212 212 
236 232 
240 212 
232 212 
232 240 
232 244 
232 212 
232 208 
236 220 
236 216 
236 248 
236 212 
240 212 
240 208 
240 208 
44 44 
240 272 
236 212 
236 232 
236 236 
236 244 
236 236 
228 212 
236 204 
232 216 
236 208 
232 208 
240 208 
228 208 
232 208 
236 212 
244 252 
232 208 
232 224 
236 264 
236 208 
236 212 
228 208 
240 232 
236 228 
240 212 
232 204 
228 208 
40 48 
236 208 
236 216 
228 216 
240 212 
236 212 
228 208 
232 208 
232 212 
228 208 
232 212 
264 208 
240 236 
240 204 
228 208 
236 208 
228 220 
408 208 
228 212 
240 48 
248 208 
236 208 
236 216 
232 208 
232 216 
236 232 
564 228 
328 208 
236 236 
236 212 
236 208 
236 212 
236 208 
236 212 
208 204 
236 456 
272 208 
232 208 
236 212 
232 212 
240 208 
240 212 
232 236 
216 204 
232 724 
232 220 
232 216 
236 236 
240 244 
236 220 
256 208 
236 212 
212 224 
232 216 
232 212 
236 204 
228 208 
260 216 
236 208 
260 212 
232 208 
240 212 
232 212 
236 232 
232 212 
232 208 
232 212 
232 204 
228 212 
236 212 
240 216 
232 208 
240 236 
236 208 
236 212 
240 212 
236 208 
232 212 
240 212 
240 208 
232 244 
240 208 
236 260 
232 204 
232 212 
236 232 
240 232 
236 212 
232 188 
248 212 
228 208 
236 216 
228 220 
240 220 
236 208 
240 216 
232 208 
240 208 
228 228 
236 232 
236 228 
240 212 
240 208 
224 208 
240 208 
232 244 
236 248 
236 212 
228 252 
236 216 
236 212 
240 268 
384 212 
236 236 
236 236 
244 216 
232 212 
232 208 
232 208 
236 232 
236 232 
652 212 
240 208 
244 208 
236 212 
232 208 
240 212 
236 236 
236 236 
216 232 
232 492 
232 204 
236 208 
236 208 
236 208 
236 208 
240 220 
244 212 
212 208 
244 212 
240 224 
232 208 
244 212 
240 264 
232 216 
228 208 
236 224 
220 212 
236 260 
236 208 
232 224 
232 216 
232 220 
240 212 
232 208 
236 232 
232 208 
228 208 
268 212 
240 208 
256 212 
232 208 
232 220 
232 212 
236 212 
236 208 
240 208 
232 232 
240 236 
232 208 
240 208 
232 208 
240 208 
232 212 
236 208 
240 248 
236 208 
232 212 
240 248 
236 212 
232 212 
240 216 
240 208 
240 208 
232 208 
236 208 
232 208 
236 236 
236 264 
232 208 
232 260 
236 216 
248 208 
232 212 
244 208 
232 212 
240 208 
240 216 
220 216 
232 212 
236 240 
240 212 
232 212 
232 208 
228 208 
356 208 
240 248 
440 236 
232 208 
240 232 
232 260 
232 208 
232 212 
236 204 
236 212 
236 208 
664 216 
236 220 
232 220 
236 232 
260 212 
240 252 
236 212 
232 208 
216 208 
228 516 
236 236 
236 212 
236 212 
236 208 
228 204 
236 212 
236 212 
212 232 
248 712 
236 208 
232 216 
236 204 
236 232 
236 204 
236 212 
236 212 
228 228 
236 208 
244 208 
236 220 
232 208 
232 212 
240 208 
48 44 
232 212 
236 236 
236 236 
232 208 
240 204 
240 208 
244 216 
236 248 
228 208 
236 204 
236 216 
232 208 
236 220 
236 232 
232 212 
248 216 
240 208 
236 212 
236 208 
232 208 
232 212 
236 232 
236 208 
232 220 
244 204 
240 208 
236 232 
236 212 
236 244 
48 52 
232 236 
228 208 
232 212 
236 232 
232 236 
232 212 
228 244 
236 216 
232 204 
232 248 
240 236 
236 208 
236 240 
200 216 
236 212 
228 208 
240 208 
240 208 
236 224 
236 224 
232 208 
228 204 
472 260 
228 208 
240 232 
232 48 
236 216 
236 216 
236 216 
236 208 
236 212 
684 248 
236 228 
236 220 
264 204 
236 236 
236 212 
232 208 
236 244 
208 224 
240 528 
232 204 
240 232 
236 212 
228 208 
240 284 
236 256 
236 220 
216 256 
232 208 
240 208 
244 208 
288 236 
236 216 
236 208 
240 220 
236 208 
240 208 
232 208 
236 208 
244 212 
240 220 
232 208 
232 208 
240 204 
232 208 
228 212 
236 216 
236 232 
232 232 
232 256 
236 208 
232 232 
236 220 
232 256 
316 216 
236 236 
232 216 
236 224 
236 208 
228 212 
244 208 
236 208 
236 212 
232 216 
232 208 
236 236 
232 212 
232 212 
236 232 
236 212 
240 220 
328 216 
236 208 
236 240 
236 252 
232 232 
236 212 
236 208 
236 296 
232 208 
240 208 
236 232 
232 208 
228 212 
228 208 
232 208 
236 208 
224 224 
236 216 
228 208 
232 212 
232 208 
232 208 
232 236 
232 212 
236 204 
476 220 
240 236 
232 240 
240 208 
236 208 
236 212 
236 236 
232 212 
232 208 
724 204 
236 216 
252 204 
236 208 
232 204 
240 224 
236 232 
252 208 
216 212 
240 516 
236 208 
240 264 
232 228 
232 208 
248 208 
236 208 
236 236 
216 260 
232 208 
244 236 
240 228 
236 208 
240 208 
236 236 
232 212 
232 216 
232 208 
236 236 
240 212 
232 208 
232 232 
228 316 
232 208 
232 208 
240 208 
236 232 
7816 240 
0 0 
212 236 
232 192 
232 248 
244 240 
236 208 
232 260 
240 212 
232 208 
232 208 
252 212 
252 212 
232 212 
240 204 
236 248 
232 208 
236 208 
232 208 
240 236 
240 212 
232 232 
232 204 
244 228 
232 228 
236 228 
232 212 
236 208 
236 232 
244 212 
228 204 
240 252 
320 236 
240 208 
232 220 
232 208 
232 204 
240 208 
236 240 
236 232 
232 208 
256 208 
236 220 
232 208 
236 204 
240 208 
240 232 
228 212 
232 208 
236 228 
476 212 
232 208 
232 208 
232 208 
236 204 
236 248 
228 212 
228 216 
232 208 
616 208 
240 208 
236 208 
236 232 
236 248 
236 212 
236 216 
240 208 
212 212 
232 588 
240 208 
232 236 
240 260 
232 212 
232 204 
232 208 
232 228 
208 208 
236 220 
240 216 
232 208 
240 204 
232 208 
260 208 
232 264 
232 212 
240 212 
232 204 
240 232 
236 220 
236 204 
236 216 
236 256 
232 212 
232 208 
240 212 
292 304 
228 212 
240 220 
236 232 
236 208 
232 108 
48 40 
240 208 
236 208 
232 224 
240 228 
232 212 
240 212 
236 232 
252 236 
240 212 
236 228 
228 208 
232 208 
236 224 
232 208 
236 208 
240 236 
232 212 
236 220 
236 232 
240 208 
236 212 
244 208 
232 208 
240 208 
236 248 
232 208 
240 224 
236 208 
240 236 
48 52 
228 212 
236 212 
236 232 
236 236 
224 264 
232 212 
240 236 
232 208 
236 216 
240 204 
236 232 
232 216 
236 208 
512 212 
240 256 
236 232 
232 204 
236 232 
240 208 
236 208 
232 216 
236 236 
244 344 
248 208 
236 208 
236 44 
232 212 
240 280 
240 232 
264 216 
208 208 
232 580 
240 212 
240 208 
240 232 
240 212 
232 212 
236 224 
232 208 
220 208 
236 232 
236 228 
228 212 
240 216 
232 208 
236 208 
256 208 
236 252 
240 236 
232 240 
240 212 
236 212 
240 264 
240 236 
232 208 
236 208 
232 212 
236 208 
236 232 
232 212 
240 212 
232 208 
240 204 
240 208 
232 208 
228 212 
232 216 
236 208 
232 236 
228 224 
240 212 
240 232 
236 232 
244 212 
232 204 
236 216 
232 216 
236 236 
236 208 
232 208 
236 216 
232 212 
236 208 
236 204 
228 236 
232 208 
232 204 
320 212 
232 208 
236 212 
240 240 
236 216 
232 212 
240 208 
240 208 
236 216 
236 208 
240 212 
236 212 
292 212 
240 204 
236 208 
240 224 
236 228 
324 236 
236 208 
252 212 
244 212 
524 232 
236 212 
236 208 
236 208 
232 244 
232 208 
236 208 
232 208 
232 212 
236 380 
232 208 
232 224 
232 208 
240 240 
232 244 
236 264 
228 212 
208 204 
236 576 
232 208 
244 208 
236 212 
236 236 
240 260 
240 232 
236 208 
208 216 
236 216 
236 248 
232 208 
236 228 
240 204 
236 216 
244 232 
236 232 
232 220 
240 204 
232 208 
232 220 
232 208 
232 208 
240 216 
240 228 
240 208 
236 248 
232 208 
236 220 
236 208 
228 208 
232 212 
236 212 
276 316 
240 212 
240 260 
236 208 
232 212 
232 212 
240 212 
232 252 
232 212 
228 212 
236 212 
236 208 
240 208 
272 208 
236 208 
240 212 
236 236 
232 232 
232 208 
236 208 
232 208 
240 212 
240 236 
240 232 
240 236 
228 240 
236 216 
228 208 
236 208 
244 208 
240 240 
244 228 
236 208 
232 212 
240 236 
360 236 
240 232 
236 216 
228 208 
232 212 
236 208 
232 208 
232 216 
240 236 
420 204 
232 212 
232 212 
236 256 
236 232 
228 224 
240 208 
236 208 
236 236 
240 396 
232 232 
240 204 
236 208 
236 208 
236 204 
236 256 
236 212 
208 204 
240 600 
232 232 
228 216 
240 216 
240 204 
240 212 
236 208 
236 212 
212 252 
236 220 
236 208 
228 208 
236 208 
232 208 
236 260 
236 212 
236 256 
236 208 
240 220 
232 236 
232 208 
236 208 
240 260 
232 208 
232 208 
232 216 
236 236 
232 240 
240 212 
244 208 
48 44 
236 212 
236 216 
240 216 
240 224 
240 268 
240 216 
240 208 
232 236 
244 212 
236 212 
236 212 
240 204 
236 220 
236 232 
240 260 
236 212 
236 232 
240 236 
228 216 
240 208 
236 208 
236 260 
232 212 
232 208 
244 216 
236 236 
232 212 
240 236 
48 44 
236 208 
228 212 
240 208 
232 208 
240 216 
232 232 
232 208 
240 208 
352 216 
236 228 
236 212 
236 264 
232 252 
232 208 
228 208 
236 236 
232 204 
580 220 
236 208 
232 232 
240 208 
232 216 
236 244 
232 216 
232 236 
236 44 
228 432 
232 232 
236 216 
240 216 
240 232 
236 220 
240 212 
236 204 
216 264 
240 660 
264 212 
236 204 
232 236 
232 208 
232 216 
228 208 
240 208 
216 208 
240 216 
236 240 
228 212 
236 204 
236 220 
232 216 
244 236 
240 236 
256 212 
232 208 
240 224 
236 236 
232 204 
240 212 
236 236 
232 216 
268 220 
240 208 
232 212 
228 208 
232 212 
236 216 
232 212 
232 208 
236 232 
244 232 
240 212 
232 236 
232 216 
240 208 
236 216 
232 208 
236 216 
240 232 
240 212 
244 208 
240 208 
232 208 
240 212 
232 232 
236 216 
236 208 
236 236 
236 236 
232 212 
236 236 
232 208 
236 216 
228 208 
228 208 
236 232 
236 208 
232 208 
236 208 
236 260 
244 212 
240 216 
240 256 
232 212 
344 204 
232 212 
232 208 
240 216 
236 256 
228 208 
228 212 
240 216 
240 208 
584 216 
232 212 
240 212 
240 212 
264 224 
232 208 
236 208 
236 228 
220 236 
240 416 
264 232 
228 208 
240 208 
236 240 
232 216 
272 208 
236 236 
216 216 
240 684 
232 208 
236 232 
252 216 
232 208 
236 228 
232 208 
228 204 
212 208 
240 232 
236 212 
232 208 
240 212 
232 212 
236 208 
240 224 
240 208 
240 228 
236 236 
236 244 
268 212 
232 216 
368 208 
232 212 
228 208 
232 216 
236 236 
232 212 
240 212 
236 212 
236 208 
232 208 
232 208 
236 228 
236 236 
236 216 
232 232 
236 232 
236 248 
236 212 
240 236 
240 208 
232 204 
232 208 
240 236 
232 212 
232 208 
236 212 
236 252 
236 220 
236 216 
232 208 
236 252 
236 208 
232 208 
232 204 
240 220 
236 220 
232 208 
244 212 
232 208 
240 208 
232 216 
232 220 
236 236 
252 208 
236 232 
236 232 
372 208 
240 208 
236 212 
236 208 
232 232 
236 288 
228 204 
232 208 
236 216 
592 216 
232 208 
228 208 
240 208 
232 208 
236 208 
240 260 
232 244 
220 208 
240 456 
232 204 
232 208 
236 212 
236 204 
236 208 
240 220 
236 260 
212 252 
228 680 
232 204 
232 216 
232 212 
240 208 
236 232 
236 248 
240 256 
216 208 
232 772 
236 212 
236 240 
232 212 
280 212 
232 208 
236 208 
236 220 
236 244 
356 212 
232 204 
236 236 
236 264 
236 204 
240 216 
236 260 
228 208 
232 208 
244 236 
236 236 
232 212 
232 204 
236 212 
236 232 
236 208 
228 212 
244 216 
232 208 
232 240 
240 212 
240 268 
232 220 
232 208 
240 204 
228 216 
324 208 
232 232 
48 40 
236 208 
232 208 
240 216 
256 208 
232 204 
232 204 
240 204 
240 212 
240 212 
232 276 
236 216 
260 252 
236 252 
236 208 
232 236 
232 212 
232 208 
240 208 
236 216 
236 232 
236 236 
388 204 
236 232 
228 212 
232 252 
48 44 
236 212 
236 220 
232 216 
236 268 
616 212 
232 212 
240 204 
236 204 
232 236 
232 256 
244 212 
232 220 
220 212 
236 432 
232 208 
236 216 
232 208 
240 236 
236 208 
240 212 
236 256 
216 212 
232 692 
232 204 
236 208 
236 212 
236 216 
232 208 
236 236 
244 208 
208 44 
240 208 
264 212 
232 204 
232 208 
236 236 
240 236 
232 208 
232 204 
236 208 
228 204 
232 208 
240 232 
236 224 
232 248 
232 208 
236 208 
240 216 
232 208 
244 208 
236 236 
228 208 
232 216 
240 208 
240 212 
240 212 
236 208 
232 204 
232 208 
240 212 
232 260 
256 208 
236 208 
240 232 
240 208 
228 212 
528 208 
232 232 
232 216 
240 208 
236 220 
236 216 
240 236 
240 208 
236 244 
232 208 
276 208 
228 208 
240 208 
240 240 
236 236 
236 208 
232 232 
240 212 
232 208 
232 220 
236 260 
236 216 
236 252 
244 208 
420 208 
236 208 
236 208 
236 236 
232 212 
232 212 
228 208 
232 204 
236 216 
656 212 
232 208 
232 224 
232 212 
236 220 
236 212 
228 212 
236 208 
352 208 
236 504 
240 220 
240 208 
232 208 
236 216 
236 212 
232 208 
240 208 
212 204 
232 208 
240 236 
240 216 
232 252 
232 212 
236 240 
232 208 
232 232 
212 212 
240 224 
232 212 
232 228 
232 220 
232 208 
232 232 
240 236 
228 212 
232 212 
232 208 
236 232 
236 208 
232 204 
232 208 
232 204 
232 208 
232 208 
232 216 
240 240 
232 208 
232 204 
236 240 
236 208 
236 260 
232 204 
232 208 
232 208 
240 232 
236 212 
232 208 
232 216 
236 232 
232 204 
228 208 
232 208 
236 272 
240 208 
240 208 
232 212 
236 248 
232 208 
236 232 
228 208 
236 204 
236 236 
228 208 
228 208 
240 216 
236 216 
232 212 
224 204 
228 208 
364 208 
232 232 
228 208 
228 208 
236 208 
236 236 
240 208 
408 208 
232 208 
236 212 
232 236 
232 216 
232 232 
240 208 
236 240 
232 208 
660 208 
236 220 
244 264 
252 216 
232 224 
236 236 
236 220 
236 212 
212 256 
