# ./FR-trace starting at Mon Apr 20 19:07:04 2020
################# CONFIG #################
# slot=5000
# samples=10000
# threshold=100
# idle=500
# minlen=500
# runs=10000
# pdathreads=2
# nmonitored=2
#   monitor0=../apps/openssl ec2_mult.c:153 0x1e7854
#   monitor1=../apps/openssl ec2_mult.c:161 0x1e789c
# nevicted=0
# npdatargets=2
#   target0=../apps/openssl bn_gf2m.c:412 0x20bd10
#   target1=../apps/openssl bn_gf2m.c:412+64 0x20bd50
# affinity=all
############## SYSTEM INFO ###############
# mastik_version=
# sysname=Linux
# nodename=lovelace
# release=5.3.7-arch1-1-ARCH
# version=#1 SMP PREEMPT Fri Oct 18 00:17:03 UTC 2019
# machine=x86_64
################## DATA ##################
# run=4857
# datapoints=10000
48 44 
232 232 
228 208 
236 212 
232 208 
232 236 
236 220 
236 224 
220 208 
244 652 
240 212 
240 268 
240 216 
232 208 
236 220 
232 212 
236 204 
216 216 
240 208 
236 236 
228 208 
236 212 
268 220 
228 208 
240 208 
240 264 
236 232 
244 212 
56 48 
404 216 
240 208 
228 208 
236 224 
232 212 
236 208 
236 208 
236 236 
236 236 
232 208 
228 212 
240 240 
260 204 
236 204 
240 212 
236 204 
236 212 
232 236 
236 260 
232 212 
232 204 
240 212 
236 212 
240 208 
236 236 
232 212 
232 40 
232 204 
240 236 
240 232 
232 212 
244 232 
236 232 
228 204 
236 232 
236 208 
232 208 
236 208 
232 212 
244 208 
236 236 
312 208 
236 232 
236 260 
232 212 
236 236 
236 240 
232 212 
360 212 
232 208 
240 224 
236 220 
232 236 
236 232 
236 232 
240 208 
236 232 
540 208 
240 208 
236 232 
236 252 
232 208 
232 208 
232 212 
232 204 
232 216 
240 404 
248 212 
236 212 
228 208 
236 252 
232 220 
232 212 
232 208 
216 236 
236 628 
232 204 
232 216 
232 216 
244 236 
228 208 
236 208 
236 400 
212 216 
460 204 
232 224 
236 236 
236 220 
264 212 
232 212 
244 220 
240 236 
240 236 
232 248 
240 208 
240 212 
236 204 
240 216 
368 208 
236 208 
232 208 
228 220 
236 212 
240 216 
236 212 
236 212 
232 212 
232 204 
388 212 
236 208 
232 220 
240 232 
236 232 
240 208 
236 216 
236 208 
236 204 
232 204 
236 232 
240 212 
232 208 
236 216 
236 220 
232 216 
232 216 
240 208 
232 240 
236 228 
236 212 
228 208 
240 208 
240 256 
236 236 
236 216 
236 204 
236 236 
232 208 
240 212 
244 264 
236 204 
232 228 
236 208 
236 212 
372 208 
232 204 
264 248 
240 236 
232 256 
240 208 
240 236 
236 232 
260 208 
624 208 
236 256 
240 212 
236 216 
236 224 
236 232 
232 208 
236 232 
216 224 
236 448 
240 288 
240 212 
232 216 
236 220 
232 212 
228 208 
712 216 
212 212 
240 668 
248 216 
236 212 
232 204 
232 208 
424 208 
236 216 
232 208 
216 264 
232 212 
232 228 
236 216 
232 204 
232 224 
232 204 
240 212 
236 208 
240 264 
240 288 
236 208 
232 212 
232 204 
240 208 
240 220 
236 208 
240 216 
240 212 
240 224 
232 212 
236 212 
240 208 
232 240 
228 208 
252 212 
236 232 
236 236 
232 212 
240 208 
236 236 
240 236 
232 224 
236 216 
240 208 
236 232 
240 244 
232 208 
236 212 
228 208 
228 208 
236 212 
232 212 
232 248 
236 204 
236 212 
236 236 
232 212 
232 208 
236 212 
236 208 
240 212 
240 212 
236 248 
236 216 
232 204 
240 208 
216 208 
240 268 
236 220 
400 216 
236 220 
236 260 
256 212 
236 212 
232 208 
232 216 
232 204 
232 208 
620 208 
240 208 
312 208 
232 208 
232 284 
436 212 
232 212 
236 220 
220 204 
232 444 
244 216 
236 216 
232 212 
228 208 
228 216 
240 208 
244 216 
208 208 
232 748 
232 212 
236 208 
240 208 
240 216 
236 248 
232 204 
92 36 
216 212 
228 212 
232 204 
228 204 
240 204 
240 224 
236 216 
232 208 
232 216 
240 216 
236 232 
236 236 
280 1072 
236 248 
232 212 
232 212 
232 208 
240 212 
240 208 
236 216 
236 204 
232 216 
228 208 
236 248 
232 208 
240 216 
48 44 
236 204 
232 208 
240 212 
232 244 
248 316 
240 208 
236 236 
236 236 
236 216 
240 264 
236 212 
228 208 
236 212 
232 212 
236 264 
240 216 
236 212 
232 204 
240 212 
236 236 
236 212 
236 212 
232 212 
236 212 
240 232 
236 236 
232 44 
240 268 
236 224 
228 204 
236 232 
236 236 
240 236 
408 208 
232 212 
268 548 
264 208 
260 208 
232 208 
236 216 
240 236 
256 204 
664 212 
232 208 
236 216 
232 208 
240 212 
236 236 
236 216 
232 208 
208 208 
240 444 
240 208 
232 216 
236 212 
240 236 
236 248 
240 208 
232 212 
212 208 
228 716 
228 212 
232 204 
236 212 
232 216 
232 204 
232 208 
240 208 
216 216 
232 896 
364 232 
232 248 
272 212 
228 208 
236 212 
232 212 
232 212 
232 208 
236 208 
240 208 
232 208 
228 240 
232 204 
240 224 
240 268 
232 208 
236 216 
232 208 
240 208 
232 216 
236 212 
232 212 
240 216 
232 224 
232 236 
232 212 
236 212 
232 216 
236 216 
236 228 
236 212 
240 224 
236 216 
220 208 
236 232 
268 208 
232 208 
236 212 
228 208 
236 208 
240 232 
260 208 
236 216 
228 208 
240 208 
236 216 
240 232 
232 220 
236 216 
236 220 
240 232 
240 216 
252 220 
232 216 
240 260 
228 212 
228 228 
236 216 
412 208 
236 216 
228 224 
228 208 
232 212 
228 216 
240 236 
236 208 
240 216 
668 212 
240 208 
240 248 
236 252 
236 224 
232 212 
240 428 
232 208 
216 204 
240 496 
236 236 
228 204 
228 216 
232 204 
240 208 
236 220 
1176 232 
216 212 
244 204 
240 224 
232 232 
236 212 
236 252 
236 224 
244 212 
240 228 
232 208 
240 208 
228 208 
236 208 
236 204 
240 236 
236 212 
232 212 
236 220 
232 204 
240 212 
236 220 
240 232 
232 220 
232 228 
240 212 
244 236 
228 212 
240 208 
232 208 
240 216 
232 232 
236 228 
228 224 
208 636 
232 204 
232 212 
268 212 
232 212 
232 208 
236 232 
232 236 
232 220 
232 208 
232 208 
232 208 
240 216 
236 208 
232 208 
236 220 
236 216 
240 220 
244 212 
232 228 
240 208 
240 216 
236 204 
236 204 
236 208 
240 212 
232 236 
208 216 
240 216 
236 208 
236 208 
236 232 
236 208 
240 224 
236 216 
240 216 
456 248 
228 208 
232 212 
244 204 
232 212 
236 216 
236 220 
236 240 
228 216 
664 208 
236 208 
236 240 
240 208 
232 208 
236 1136 
244 216 
236 240 
212 208 
228 544 
240 204 
236 244 
236 204 
236 212 
232 208 
236 208 
240 208 
208 208 
240 204 
232 208 
236 208 
232 208 
236 236 
236 216 
240 236 
232 204 
220 216 
240 208 
236 208 
236 236 
232 208 
44 44 
232 212 
244 208 
236 212 
236 240 
236 216 
240 212 
536 220 
236 208 
236 228 
236 208 
232 208 
232 212 
240 212 
228 208 
252 216 
236 236 
240 208 
232 208 
48 40 
240 264 
232 212 
232 232 
232 252 
232 208 
232 232 
232 208 
232 208 
236 244 
240 232 
232 212 
236 208 
240 248 
232 212 
232 232 
232 204 
236 236 
236 212 
232 216 
232 208 
228 208 
832 228 
232 208 
236 232 
236 240 
236 212 
228 44 
232 212 
236 204 
236 212 
240 224 
240 216 
236 216 
240 212 
240 208 
444 208 
236 208 
236 228 
244 1040 
236 216 
236 232 
240 260 
236 208 
232 208 
728 232 
240 208 
228 208 
236 208 
236 212 
236 228 
232 208 
232 208 
212 208 
236 500 
232 208 
236 244 
276 208 
228 212 
236 208 
232 208 
236 212 
220 212 
236 232 
260 240 
236 264 
232 212 
232 204 
240 208 
236 236 
236 216 
232 580 
232 204 
228 212 
228 208 
240 208 
240 220 
236 224 
232 208 
232 204 
232 208 
240 236 
232 224 
232 212 
232 244 
236 208 
244 212 
240 208 
232 208 
240 204 
232 208 
240 208 
236 208 
240 256 
236 216 
256 208 
240 216 
236 208 
240 216 
240 216 
240 224 
236 216 
236 204 
232 220 
232 208 
236 208 
740 208 
236 236 
228 220 
232 208 
240 208 
232 208 
232 204 
232 212 
240 208 
232 208 
236 216 
232 208 
244 244 
236 260 
236 208 
236 236 
244 208 
232 220 
236 220 
240 232 
232 236 
236 212 
232 216 
236 216 
232 212 
504 208 
236 216 
228 212 
236 236 
232 204 
236 216 
240 220 
232 208 
232 208 
232 444 
232 216 
232 212 
232 208 
248 216 
232 236 
236 208 
236 216 
208 208 
236 544 
232 208 
240 232 
236 232 
232 260 
236 212 
232 208 
236 216 
212 232 
232 244 
236 212 
232 212 
232 208 
240 208 
236 232 
236 204 
244 236 
236 208 
236 208 
232 228 
232 228 
236 208 
232 208 
232 224 
236 264 
232 232 
236 208 
244 212 
232 208 
240 212 
236 232 
244 208 
228 284 
240 208 
236 240 
232 204 
236 216 
232 204 
240 208 
232 204 
228 208 
936 224 
232 208 
236 208 
228 208 
232 208 
240 212 
244 224 
240 240 
240 228 
236 212 
232 228 
236 208 
232 208 
236 216 
236 256 
276 208 
240 204 
208 208 
240 232 
236 228 
248 212 
236 208 
240 208 
240 224 
236 208 
236 208 
236 320 
264 236 
232 208 
232 212 
236 216 
232 216 
232 236 
240 212 
232 220 
236 260 
516 236 
232 212 
236 220 
240 216 
232 232 
232 204 
232 208 
232 208 
232 224 
704 220 
232 212 
236 204 
396 208 
236 252 
260 208 
236 216 
240 204 
48 48 
236 568 
232 204 
232 204 
228 208 
240 208 
236 236 
256 208 
232 204 
316 208 
236 212 
236 236 
240 260 
240 244 
344 232 
232 232 
232 248 
244 212 
232 208 
232 232 
228 208 
240 216 
240 212 
236 236 
248 208 
236 204 
232 208 
236 232 
232 212 
52 44 
236 220 
864 212 
240 208 
236 212 
232 212 
232 208 
232 264 
232 212 
240 216 
232 212 
244 232 
240 264 
232 220 
236 232 
236 216 
232 208 
232 204 
236 236 
240 232 
240 208 
232 212 
232 212 
236 228 
236 232 
236 236 
240 212 
232 204 
228 208 
228 44 
236 216 
236 260 
240 232 
232 208 
240 208 
408 212 
248 208 
232 212 
228 216 
236 212 
324 220 
236 232 
236 232 
240 212 
232 208 
236 236 
236 208 
236 228 
232 204 
516 232 
236 208 
228 208 
228 208 
236 236 
236 212 
232 212 
240 212 
240 208 
752 236 
232 212 
236 212 
236 208 
236 208 
240 208 
236 216 
244 208 
212 208 
228 612 
240 264 
500 208 
240 260 
232 244 
240 212 
232 208 
236 208 
216 208 
240 708 
232 208 
232 208 
232 204 
236 216 
236 268 
236 236 
236 212 
232 216 
296 1164 
240 232 
232 220 
232 208 
240 208 
232 232 
236 232 
236 212 
232 204 
232 224 
240 212 
236 232 
232 208 
240 204 
240 208 
268 240 
236 224 
236 232 
232 212 
240 212 
236 216 
232 208 
232 212 
236 204 
236 204 
236 216 
248 212 
0 0 
0 0 
0 0 
0 0 
0 0 
0 0 
0 0 
0 0 
0 0 
0 0 
0 0 
0 0 
0 0 
0 0 
0 0 
0 0 
0 0 
0 0 
0 0 
0 0 
0 0 
0 0 
0 0 
0 0 
0 0 
0 0 
0 0 
0 0 
0 0 
0 0 
0 0 
0 0 
0 0 
0 0 
0 0 
0 0 
0 0 
0 0 
0 0 
0 0 
0 0 
0 0 
0 0 
0 0 
0 0 
0 0 
0 0 
0 0 
0 0 
0 0 
0 0 
0 0 
0 0 
0 0 
0 0 
232 240 
244 208 
236 232 
216 212 
236 232 
236 208 
248 208 
240 208 
232 220 
240 240 
240 216 
232 212 
232 208 
232 208 
236 204 
232 216 
232 232 
232 232 
236 204 
232 212 
232 220 
240 212 
236 216 
232 224 
232 216 
228 212 
348 208 
240 208 
232 208 
236 212 
236 232 
232 228 
236 240 
236 248 
236 232 
236 208 
240 216 
240 236 
236 212 
264 212 
232 208 
232 204 
232 208 
236 212 
236 208 
232 204 
232 228 
232 208 
244 208 
244 260 
232 204 
240 228 
240 240 
232 216 
240 216 
236 228 
240 240 
232 208 
232 288 
236 228 
236 208 
236 208 
240 204 
336 296 
240 208 
236 208 
244 216 
240 236 
240 208 
232 208 
512 228 
244 208 
560 216 
232 212 
232 212 
244 216 
240 232 
228 212 
232 208 
236 208 
44 44 
228 428 
240 208 
232 208 
232 208 
236 232 
236 212 
236 224 
232 240 
336 208 
236 632 
232 212 
240 208 
232 204 
232 212 
232 208 
236 216 
244 220 
216 212 
228 208 
244 212 
236 208 
240 224 
236 216 
232 208 
232 208 
236 212 
44 44 
236 256 
240 220 
236 252 
232 216 
232 208 
236 208 
228 208 
240 256 
240 216 
236 216 
232 216 
232 212 
232 212 
236 244 
260 212 
236 244 
240 216 
240 212 
240 208 
236 208 
232 208 
236 256 
236 236 
236 44 
244 240 
236 228 
240 212 
232 208 
236 236 
244 232 
236 232 
236 236 
236 204 
236 216 
240 236 
232 208 
260 208 
232 208 
236 208 
240 268 
232 252 
236 212 
244 204 
232 228 
240 236 
240 240 
240 216 
236 212 
228 216 
236 208 
336 220 
232 232 
236 236 
244 212 
228 212 
236 212 
236 208 
236 212 
236 208 
580 204 
236 208 
236 232 
232 232 
236 220 
228 208 
240 216 
236 216 
220 232 
236 420 
232 208 
236 236 
232 208 
236 212 
236 212 
236 232 
252 208 
208 208 
240 680 
228 208 
240 996 
232 232 
236 216 
228 208 
236 208 
240 208 
212 216 
236 212 
240 208 
240 232 
236 248 
240 208 
232 204 
236 204 
236 216 
236 232 
232 208 
228 212 
232 248 
240 248 
240 232 
232 204 
236 216 
240 216 
236 260 
236 208 
236 212 
232 212 
240 232 
236 224 
236 216 
256 212 
232 208 
236 208 
232 208 
236 208 
236 208 
232 212 
232 208 
236 216 
244 216 
232 204 
240 236 
236 216 
232 212 
232 212 
240 208 
232 220 
236 256 
232 212 
1180 232 
236 212 
240 204 
236 208 
232 208 
232 208 
240 216 
228 228 
232 244 
232 208 
232 208 
236 216 
236 208 
232 208 
236 232 
232 212 
380 208 
248 208 
236 220 
236 232 
240 232 
236 220 
236 208 
240 208 
232 208 
608 236 
240 216 
236 232 
232 208 
232 204 
232 204 
240 216 
236 204 
220 212 
1188 212 
232 212 
232 212 
232 208 
236 224 
232 216 
232 216 
236 244 
220 212 
232 692 
236 236 
232 236 
228 208 
232 208 
236 236 
236 232 
232 208 
220 212 
236 216 
268 204 
228 204 
236 208 
240 204 
240 256 
232 220 
228 208 
236 208 
232 212 
240 216 
236 268 
240 216 
232 232 
272 208 
228 204 
236 232 
232 208 
240 224 
232 208 
232 224 
228 208 
236 212 
236 204 
236 208 
240 216 
232 216 
236 212 
228 208 
240 216 
232 208 
236 212 
236 216 
240 264 
232 208 
236 212 
236 224 
236 212 
240 212 
240 208 
232 208 
236 212 
240 220 
240 212 
240 216 
236 212 
236 208 
232 204 
276 224 
232 212 
232 204 
236 204 
236 208 
240 208 
236 244 
236 216 
236 228 
232 232 
236 224 
400 208 
228 216 
232 208 
236 208 
240 216 
228 208 
228 208 
1116 236 
240 212 
628 204 
240 216 
232 212 
240 212 
236 212 
232 248 
228 212 
232 208 
212 208 
240 428 
240 236 
244 224 
232 236 
240 232 
260 208 
240 244 
256 208 
232 208 
236 712 
236 240 
232 208 
232 228 
48 44 
240 212 
240 208 
232 224 
212 212 
228 208 
240 208 
236 236 
228 208 
236 216 
240 232 
232 232 
232 208 
240 208 
232 212 
236 212 
232 256 
236 220 
228 212 
236 212 
236 208 
240 232 
232 208 
264 208 
236 204 
236 220 
228 212 
232 240 
232 216 
44 40 
240 208 
232 220 
232 232 
240 260 
236 208 
236 204 
244 224 
244 236 
240 224 
236 208 
240 208 
236 232 
236 220 
232 212 
240 208 
232 240 
240 208 
232 212 
232 208 
240 204 
236 216 
240 244 
236 232 
236 208 
240 44 
228 208 
236 236 
240 232 
240 216 
240 204 
240 1232 
232 204 
232 204 
236 208 
412 208 
232 212 
232 208 
228 208 
236 212 
236 236 
232 220 
236 208 
244 208 
640 208 
288 208 
232 232 
232 244 
244 412 
236 228 
232 212 
240 212 
212 372 
236 516 
236 208 
232 212 
232 220 
236 232 
240 216 
232 232 
232 204 
216 212 
240 688 
232 224 
536 208 
236 244 
232 212 
232 204 
236 204 
240 260 
220 236 
328 724 
272 216 
244 212 
236 216 
240 216 
236 212 
236 204 
240 216 
236 216 
232 208 
232 228 
240 232 
236 232 
240 208 
232 244 
232 208 
232 204 
244 232 
232 208 
240 204 
236 232 
236 208 
236 260 
240 204 
244 212 
236 208 
240 216 
844 204 
228 220 
236 240 
236 216 
240 212 
236 248 
240 208 
232 208 
236 212 
240 204 
240 208 
228 236 
232 232 
236 208 
240 224 
232 212 
244 232 
1160 204 
240 208 
240 212 
240 228 
236 236 
236 212 
216 208 
240 208 
240 208 
228 212 
228 204 
232 208 
240 216 
236 224 
232 208 
444 204 
236 236 
240 216 
232 232 
236 232 
232 212 
232 212 
240 208 
236 228 
664 224 
236 232 
236 248 
236 216 
240 212 
236 204 
236 208 
240 260 
208 208 
228 500 
240 208 
232 208 
240 208 
240 432 
236 208 
240 220 
240 212 
212 208 
236 740 
236 216 
244 248 
228 216 
236 240 
232 204 
232 232 
244 208 
228 208 
228 204 
232 204 
240 216 
236 204 
236 204 
236 252 
236 216 
240 212 
232 208 
232 212 
240 208 
236 236 
232 212 
236 212 
228 208 
236 212 
732 204 
232 212 
232 228 
232 216 
240 216 
240 236 
232 208 
236 216 
324 232 
240 216 
232 208 
232 208 
236 260 
232 248 
232 204 
232 208 
236 236 
232 212 
232 212 
236 244 
228 212 
240 204 
236 212 
236 212 
232 204 
240 208 
240 208 
236 236 
236 208 
232 228 
232 244 
276 208 
232 216 
228 232 
752 208 
232 208 
232 228 
236 232 
232 208 
232 208 
228 208 
240 208 
232 208 
428 208 
236 248 
236 232 
240 232 
240 208 
232 212 
236 216 
232 212 
232 204 
656 248 
232 212 
240 208 
232 212 
228 232 
236 204 
232 216 
228 208 
212 208 
236 496 
232 208 
236 204 
232 204 
244 208 
244 208 
264 212 
236 208 
216 208 
240 216 
232 208 
288 208 
236 216 
240 204 
232 212 
236 212 
236 208 
220 220 
236 228 
244 208 
228 212 
228 208 
240 208 
928 208 
48 44 
232 216 
236 232 
240 208 
236 232 
236 208 
236 208 
232 228 
236 216 
232 212 
232 208 
244 208 
240 208 
236 208 
236 232 
240 212 
236 212 
240 236 
236 228 
236 212 
232 220 
232 208 
240 216 
236 252 
236 212 
232 212 
232 208 
240 208 
40 44 
240 212 
236 232 
236 204 
240 212 
232 208 
232 212 
232 216 
236 212 
232 204 
232 224 
236 216 
236 236 
232 212 
232 216 
232 208 
228 216 
232 236 
232 212 
240 208 
244 248 
236 208 
232 212 
244 308 
232 232 
480 220 
236 216 
232 216 
240 44 
240 232 
240 208 
236 208 
232 208 
236 208 
708 212 
232 212 
232 204 
236 208 
604 208 
236 248 
276 208 
232 208 
212 204 
236 552 
236 236 
232 204 
236 204 
232 216 
236 252 
292 208 
240 232 
212 264 
236 244 
236 212 
236 208 
652 216 
240 216 
236 204 
236 236 
236 236 
232 236 
232 216 
236 208 
236 208 
236 212 
232 232 
228 216 
252 208 
236 204 
244 208 
240 212 
232 312 
236 220 
232 252 
240 208 
232 204 
244 212 
232 220 
240 208 
232 216 
232 216 
240 212 
244 216 
240 236 
236 212 
232 212 
240 208 
240 244 
212 724 
236 204 
236 212 
228 208 
232 208 
240 236 
236 260 
232 212 
232 208 
468 208 
236 264 
240 236 
240 220 
240 208 
248 212 
236 212 
240 208 
228 208 
232 216 
236 216 
240 216 
240 232 
236 240 
260 204 
236 212 
240 204 
232 204 
236 220 
240 208 
236 208 
236 204 
236 236 
484 208 
236 224 
516 212 
232 216 
240 208 
240 212 
240 208 
232 208 
236 224 
708 232 
244 224 
232 208 
228 212 
240 204 
240 212 
232 212 
240 220 
220 212 
240 1152 
236 244 
236 212 
232 212 
236 204 
236 236 
232 212 
236 236 
220 212 
240 216 
240 228 
228 208 
232 216 
248 208 
240 212 
232 212 
240 216 
232 208 
236 236 
240 208 
240 220 
236 232 
236 224 
232 248 
240 208 
236 228 
240 208 
232 212 
236 232 
240 220 
228 212 
236 208 
232 208 
240 220 
236 204 
236 212 
236 204 
232 216 
240 236 
240 208 
240 216 
232 208 
240 212 
240 212 
236 248 
232 216 
236 216 
252 212 
232 204 
236 204 
240 212 
236 236 
236 208 
232 212 
236 204 
236 212 
236 208 
228 208 
240 208 
240 248 
240 212 
240 216 
240 212 
228 208 
244 212 
240 204 
232 208 
232 208 
236 220 
232 208 
232 224 
236 228 
232 228 
236 208 
348 208 
232 208 
236 204 
480 224 
236 208 
236 204 
240 240 
240 236 
236 228 
232 208 
228 212 
232 212 
232 364 
232 208 
236 208 
236 260 
232 248 
232 236 
232 208 
240 208 
212 208 
236 488 
236 208 
232 208 
236 228 
236 220 
236 236 
244 208 
244 208 
220 212 
236 204 
236 236 
236 208 
228 208 
236 208 
228 216 
236 212 
232 212 
228 212 
232 212 
236 208 
236 208 
240 212 
232 220 
232 296 
228 208 
240 204 
236 212 
232 208 
228 212 
232 208 
232 216 
236 220 
240 216 
44 44 
240 212 
236 244 
228 208 
240 220 
236 264 
240 264 
236 244 
232 208 
248 212 
236 208 
240 208 
240 204 
232 204 
232 236 
232 256 
324 212 
228 204 
236 212 
228 212 
236 208 
236 208 
232 212 
240 204 
432 212 
236 212 
232 212 
48 48 
232 216 
240 216 
244 236 
236 264 
240 212 
236 204 
232 208 
284 208 
256 204 
248 208 
232 212 
236 208 
252 232 
236 256 
260 208 
232 212 
524 208 
240 236 
232 224 
236 248 
228 212 
232 208 
232 212 
236 204 
244 236 
276 44 
240 212 
240 208 
236 216 
240 216 
236 252 
236 212 
236 212 
212 208 
240 600 
240 204 
232 212 
232 204 
236 208 
236 236 
240 212 
236 208 
216 208 
240 236 
236 212 
244 232 
236 212 
232 204 
232 212 
236 208 
240 232 
236 204 
236 204 
236 212 
244 232 
240 216 
244 256 
236 208 
236 236 
228 208 
232 208 
236 208 
240 208 
240 232 
240 220 
236 212 
232 208 
232 224 
240 212 
240 212 
236 232 
240 204 
236 212 
228 212 
236 232 
232 208 
232 204 
232 232 
240 232 
236 216 
208 212 
232 208 
232 212 
232 212 
244 212 
236 216 
232 208 
236 252 
232 208 
244 208 
232 216 
236 208 
236 260 
248 208 
232 208 
228 208 
240 208 
232 248 
228 212 
236 236 
260 224 
232 208 
296 216 
236 232 
236 240 
276 224 
232 204 
272 284 
240 220 
240 212 
232 256 
540 260 
236 232 
328 636 
240 224 
240 208 
236 244 
244 208 
232 212 
232 208 
240 388 
236 220 
240 208 
228 208 
236 204 
236 244 
244 232 
236 260 
216 252 
236 596 
236 216 
236 212 
236 220 
232 208 
232 204 
236 208 
236 216 
212 224 
240 216 
236 232 
232 208 
236 224 
236 252 
236 208 
244 208 
232 208 
232 208 
236 208 
232 216 
232 208 
228 208 
236 232 
240 216 
236 220 
236 212 
236 212 
236 208 
244 260 
232 232 
232 216 
236 220 
232 208 
232 208 
1164 240 
232 212 
232 236 
244 208 
240 208 
232 208 
240 236 
228 232 
240 236 
232 232 
240 228 
236 224 
240 208 
236 240 
228 208 
260 208 
240 320 
228 212 
236 248 
244 212 
236 236 
236 208 
236 212 
232 212 
232 208 
232 220 
236 212 
232 220 
240 212 
232 212 
240 204 
236 228 
236 208 
240 228 
1252 208 
236 208 
236 224 
236 232 
232 208 
232 208 
232 212 
236 216 
236 216 
580 232 
236 212 
232 204 
232 208 
232 208 
236 236 
236 204 
236 208 
228 204 
240 416 
232 220 
240 212 
232 212 
236 224 
244 216 
232 208 
236 244 
212 232 
232 616 
228 212 
460 208 
236 216 
236 204 
240 208 
236 208 
264 208 
208 216 
236 204 
232 208 
240 216 
236 244 
236 248 
236 232 
232 212 
236 208 
232 204 
236 204 
236 208 
244 212 
228 208 
236 212 
228 204 
232 208 
236 236 
232 212 
232 208 
232 212 
236 216 
228 212 
232 208 
240 208 
236 208 
232 208 
240 232 
236 228 
236 220 
240 208 
232 212 
236 244 
236 236 
236 208 
44 40 
244 208 
232 212 
240 232 
232 212 
240 212 
236 216 
228 208 
240 216 
236 236 
236 240 
232 204 
240 204 
236 216 
984 216 
228 212 
232 212 
236 212 
232 216 
240 208 
232 232 
232 216 
228 244 
232 212 
236 208 
328 204 
232 204 
232 208 
232 212 
48 52 
232 216 
236 204 
236 208 
236 208 
604 212 
236 204 
236 212 
232 204 
236 216 
232 208 
236 212 
240 232 
236 232 
232 364 
232 224 
344 232 
236 228 
240 212 
232 208 
232 204 
236 208 
208 208 
236 648 
228 208 
240 208 
236 220 
236 216 
232 224 
244 224 
256 208 
212 208 
236 216 
232 224 
232 208 
236 216 
236 256 
236 256 
232 264 
232 208 
236 232 
236 204 
240 212 
232 212 
236 212 
236 216 
232 216 
236 208 
232 212 
240 208 
236 236 
236 220 
232 204 
232 236 
228 212 
340 208 
240 260 
232 216 
236 260 
240 236 
240 208 
236 204 
232 260 
240 236 
236 208 
232 224 
232 208 
240 208 
232 208 
884 232 
232 208 
232 260 
232 220 
232 236 
236 224 
232 216 
240 208 
236 216 
240 228 
240 248 
232 208 
232 204 
236 220 
232 208 
228 208 
240 228 
236 224 
228 244 
240 204 
232 212 
232 240 
368 212 
232 240 
240 220 
236 208 
236 236 
232 208 
232 208 
236 236 
236 232 
600 224 
232 228 
736 240 
240 212 
236 208 
236 208 
228 208 
236 212 
420 208 
236 408 
236 236 
232 216 
240 212 
232 220 
228 208 
240 208 
232 220 
212 232 
232 656 
236 208 
412 220 
232 236 
236 208 
236 224 
240 212 
232 208 
208 212 
236 216 
260 208 
236 224 
236 232 
236 212 
316 208 
232 212 
232 208 
240 208 
496 220 
232 244 
240 212 
236 212 
228 208 
244 208 
232 224 
232 212 
236 224 
236 236 
236 232 
232 208 
236 232 
232 208 
240 216 
232 208 
232 208 
1052 216 
232 244 
232 208 
236 220 
244 208 
240 208 
228 220 
232 208 
240 208 
240 232 
232 232 
236 212 
244 220 
236 220 
240 232 
232 216 
232 208 
240 232 
236 236 
236 208 
232 212 
232 212 
236 208 
228 208 
236 208 
236 220 
228 208 
240 204 
236 208 
252 212 
236 212 
236 204 
240 212 
364 216 
228 208 
240 212 
236 208 
232 204 
240 216 
228 204 
240 208 
236 236 
608 232 
236 228 
232 208 
232 208 
232 208 
236 212 
232 212 
236 320 
212 252 
232 464 
232 208 
236 224 
236 236 
228 216 
240 208 
240 208 
232 208 
216 208 
236 680 
240 212 
232 208 
236 216 
484 208 
228 212 
236 212 
440 232 
208 208 
236 208 
240 208 
240 216 
236 208 
236 216 
236 216 
232 208 
232 216 
236 216 
240 212 
228 208 
232 204 
244 232 
236 220 
236 256 
232 212 
236 268 
244 208 
236 212 
240 208 
240 208 
236 216 
232 212 
240 204 
240 212 
48 72 
232 212 
236 208 
236 212 
236 208 
232 204 
236 208 
668 224 
228 216 
272 216 
236 232 
256 208 
232 212 
236 208 
232 236 
236 212 
236 236 
232 236 
228 208 
232 208 
232 240 
240 220 
236 212 
260 208 
236 208 
224 208 
240 236 
44 44 
236 248 
232 208 
236 236 
232 212 
236 208 
236 236 
412 208 
232 212 
232 220 
236 236 
228 208 
240 208 
236 212 
236 216 
236 208 
668 212 
240 236 
240 208 
240 216 
232 240 
232 208 
236 224 
228 212 
208 208 
756 212 
240 40 
232 208 
232 204 
232 208 
620 236 
232 220 
236 216 
212 204 
236 216 
232 204 
232 208 
236 252 
232 248 
240 208 
236 252 
236 208 
212 204 
236 216 
240 208 
244 216 
232 212 
240 236 
240 216 
236 232 
240 248 
248 204 
232 208 
236 236 
240 232 
236 260 
236 212 
232 204 
240 204 
236 224 
236 248 
232 220 
232 224 
232 228 
236 208 
236 216 
232 212 
232 228 
236 208 
240 224 
240 212 
232 212 
236 212 
236 236 
240 220 
232 208 
232 204 
240 212 
236 228 
356 232 
232 212 
236 232 
236 212 
236 264 
264 204 
240 212 
240 208 
240 232 
232 212 
232 208 
236 208 
228 208 
240 208 
216 208 
232 208 
232 208 
236 208 
336 204 
240 232 
236 208 
240 212 
236 220 
408 208 
232 212 
228 208 
232 212 
236 208 
236 204 
236 204 
232 212 
236 204 
668 260 
232 212 
236 204 
624 232 
236 212 
232 208 
240 208 
240 212 
212 204 
236 480 
240 208 
236 212 
232 208 
228 212 
232 208 
236 228 
228 208 
220 336 
236 716 
256 208 
236 204 
236 216 
232 208 
236 208 
240 208 
232 248 
224 216 
236 208 
236 216 
236 232 
236 216 
228 208 
244 208 
236 212 
232 204 
236 208 
228 212 
236 216 
248 212 
244 232 
236 212 
232 232 
240 252 
236 212 
232 208 
236 236 
236 212 
228 208 
232 244 
236 216 
232 208 
232 208 
232 208 
236 236 
236 212 
228 208 
244 232 
236 204 
240 208 
236 212 
236 216 
236 232 
236 228 
236 208 
240 208 
244 216 
232 216 
236 212 
236 208 
236 212 
192 204 
240 208 
236 224 
232 228 
236 208 
228 212 
236 220 
216 208 
236 212 
236 204 
228 208 
240 216 
236 204 
228 212 
236 208 
236 232 
1360 220 
236 216 
232 216 
240 260 
232 212 
232 212 
256 296 
232 212 
232 208 
696 232 
236 208 
236 216 
236 204 
232 204 
240 212 
236 208 
240 236 
212 216 
232 532 
240 212 
240 212 
228 216 
236 216 
244 212 
236 212 
236 204 
212 204 
240 208 
232 232 
232 244 
232 212 
232 208 
248 216 
236 236 
228 1184 
240 208 
240 228 
232 216 
232 208 
232 212 
228 208 
236 232 
248 232 
228 208 
240 208 
236 208 
232 256 
236 220 
236 216 
232 212 
232 236 
240 208 
232 208 
232 208 
232 252 
228 212 
248 252 
232 244 
240 212 
484 268 
232 208 
232 204 
236 208 
40 40 
236 204 
236 220 
232 208 
232 208 
216 208 
232 208 
232 208 
236 208 
232 232 
232 204 
236 208 
244 208 
236 232 
236 212 
228 208 
240 208 
236 208 
348 208 
232 264 
232 212 
232 208 
240 232 
208 208 
236 212 
264 216 
240 232 
236 232 
44 44 
240 212 
232 208 
336 208 
468 236 
236 208 
240 208 
232 228 
236 228 
328 208 
236 252 
232 212 
228 208 
708 208 
240 208 
232 256 
232 212 
228 208 
244 224 
0 0 
0 0 
0 0 
0 0 
0 0 
0 0 
0 0 
236 236 
228 428 
240 236 
232 204 
220 236 
240 44 
236 208 
236 220 
240 208 
240 204 
236 208 
236 236 
240 208 
232 204 
236 252 
236 208 
232 240 
236 232 
236 208 
236 212 
232 208 
244 204 
232 204 
236 216 
232 236 
236 220 
236 236 
232 212 
236 212 
240 216 
240 208 
236 212 
240 220 
236 212 
240 216 
336 208 
232 216 
232 208 
240 208 
236 220 
240 216 
268 212 
232 232 
236 252 
236 252 
228 208 
232 208 
236 220 
240 212 
252 212 
232 208 
240 212 
236 216 
236 232 
232 224 
236 208 
232 212 
232 204 
228 228 
232 212 
232 212 
232 208 
240 208 
240 264 
248 216 
288 220 
232 248 
228 208 
244 208 
232 208 
236 204 
240 208 
232 208 
488 212 
232 232 
240 256 
236 208 
236 212 
236 212 
236 204 
236 216 
228 208 
732 212 
232 204 
236 208 
228 1116 
232 204 
236 252 
248 212 
232 208 
236 212 
232 568 
232 208 
236 216 
236 212 
240 252 
236 216 
236 216 
236 252 
216 256 
228 212 
232 216 
236 260 
232 212 
236 264 
232 208 
232 236 
232 232 
240 212 
236 200 
232 304 
224 224 
228 228 
232 204 
232 208 
188 188 
192 192 
252 212 
232 228 
196 192 
236 208 
208 212 
232 208 
244 292 
212 200 
216 204 
232 188 
216 192 
196 208 
188 228 
336 232 
212 228 
236 232 
236 228 
236 192 
232 232 
232 232 
256 240 
192 192 
236 208 
232 208 
316 192 
232 232 
212 228 
228 188 
228 232 
208 232 
232 208 
200 196 
212 212 
192 260 
192 208 
240 188 
232 192 
236 212 
232 208 
232 208 
204 1004 
188 224 
400 192 
236 188 
192 188 
236 232 
192 232 
236 196 
236 232 
208 236 
228 212 
496 284 
232 228 
212 212 
192 364 
212 228 
604 232 
232 192 
192 228 
236 232 
196 212 
192 228 
196 228 
200 228 
232 228 
232 232 
232 232 
224 232 
212 232 
232 616 
232 228 
212 232 
216 212 
196 232 
196 192 
200 224 
208 228 
212 232 
224 184 
188 304 
200 208 
236 236 
236 232 
192 188 
212 232 
232 228 
232 204 
232 232 
228 232 
232 232 
236 192 
228 236 
192 228 
192 192 
224 216 
192 192 
196 192 
216 196 
232 232 
284 228 
232 244 
208 192 
196 296 
196 192 
232 192 
212 676 
220 212 
216 228 
232 232 
212 212 
192 228 
232 224 
224 224 
316 232 
228 232 
320 304 
240 196 
196 188 
216 220 
196 220 
228 216 
232 232 
232 196 
192 188 
200 200 
208 208 
228 228 
192 208 
220 208 
228 228 
196 232 
188 188 
212 188 
216 220 
192 228 
236 232 
208 304 
252 236 
232 224 
216 240 
236 236 
240 208 
304 196 
232 212 
232 204 
212 220 
240 216 
236 208 
236 224 
224 232 
192 204 
216 208 
216 216 
220 220 
208 212 
696 212 
224 212 
208 212 
236 236 
204 192 
236 232 
192 216 
196 224 
196 236 
240 232 
232 204 
228 220 
232 212 
244 240 
232 236 
240 224 
240 208 
220 216 
200 188 
240 204 
196 212 
236 212 
240 204 
220 216 
236 236 
228 212 
196 196 
240 236 
240 208 
236 208 
236 204 
208 204 
216 228 
212 212 
220 208 
224 188 
212 192 
116 44 
48 48 
228 204 
216 188 
232 212 
212 216 
228 196 
240 196 
312 304 
188 196 
232 236 
220 208 
220 228 
704 232 
228 204 
196 256 
244 264 
240 220 
192 224 
232 208 
240 216 
220 324 
336 252 
340 324 
200 192 
196 192 
232 292 
208 272 
48 40 
224 212 
204 224 
224 196 
200 224 
236 200 
236 216 
236 196 
192 216 
236 208 
192 204 
276 320 
316 328 
236 316 
232 204 
236 216 
232 212 
232 216 
232 216 
236 280 
216 224 
524 240 
200 188 
240 212 
240 212 
240 188 
204 204 
236 252 
200 128 
208 216 
192 192 
240 208 
192 236 
268 212 
192 188 
232 232 
232 200 
204 192 
216 232 
240 704 
220 208 
196 188 
216 232 
228 192 
236 192 
212 228 
200 208 
208 196 
192 236 
224 192 
228 192 
204 380 
240 236 
236 208 
192 208 
196 196 
228 212 
332 196 
204 208 
196 196 
304 248 
200 276 
356 260 
220 212 
232 328 
240 340 
224 192 
236 228 
240 192 
208 204 
228 192 
268 200 
200 208 
192 192 
196 192 
236 216 
240 484 
228 216 
236 216 
208 200 
512 192 
200 236 
224 220 
204 212 
228 208 
220 220 
220 192 
240 324 
232 212 
232 656 
268 260 
228 192 
212 256 
236 216 
192 212 
240 216 
196 240 
236 232 
240 688 
260 276 
260 200 
200 208 
196 236 
308 224 
328 292 
236 232 
232 208 
196 208 
232 212 
232 216 
192 220 
252 188 
240 208 
220 188 
212 216 
208 208 
544 192 
232 208 
236 208 
236 200 
240 212 
236 208 
192 208 
196 292 
196 184 
236 208 
324 232 
300 196 
236 208 
232 208 
236 256 
240 240 
216 240 
240 208 
208 232 
200 212 
240 204 
232 208 
200 196 
200 240 
236 220 
352 320 
212 408 
256 276 
236 212 
232 208 
220 208 
212 212 
192 188 
240 232 
236 192 
240 208 
228 192 
232 192 
332 232 
316 248 
236 220 
196 228 
196 208 
212 216 
228 212 
212 216 
208 220 
212 208 
236 224 
208 224 
196 196 
196 208 
196 228 
244 228 
204 188 
228 224 
236 220 
200 212 
256 216 
232 188 
212 208 
212 216 
216 208 
228 216 
220 204 
192 212 
232 208 
232 212 
232 208 
248 264 
232 320 
284 220 
260 212 
228 216 
232 196 
228 200 
192 244 
724 220 
312 196 
208 196 
200 228 
224 196 
216 192 
228 208 
200 252 
192 200 
236 660 
232 248 
316 232 
300 192 
208 212 
220 216 
428 240 
220 212 
220 212 
232 352 
236 220 
196 212 
200 232 
200 192 
240 212 
252 208 
200 216 
224 228 
320 340 
308 208 
232 232 
312 236 
200 256 
772 188 
220 196 
236 212 
452 220 
204 196 
240 212 
240 252 
208 204 
208 196 
216 196 
200 208 
232 224 
188 260 
192 208 
240 312 
220 216 
204 200 
228 228 
216 212 
312 208 
232 208 
200 196 
212 236 
244 188 
256 196 
232 204 
212 200 
204 224 
228 208 
236 208 
40 40 
216 212 
196 208 
212 916 
232 296 
216 208 
188 208 
252 208 
240 244 
316 264 
228 200 
232 216 
212 216 
240 224 
236 228 
236 260 
208 212 
196 208 
232 188 
236 196 
240 208 
232 260 
228 200 
228 236 
576 196 
240 208 
196 212 
208 216 
236 208 
240 236 
236 268 
196 44 
48 40 
220 216 
224 200 
280 208 
200 204 
216 212 
232 208 
228 272 
216 248 
216 196 
236 208 
240 208 
240 264 
192 208 
220 208 
232 204 
232 196 
228 208 
232 204 
200 300 
232 208 
1116 216 
232 272 
288 252 
232 212 
240 44 
224 220 
192 208 
196 236 
196 200 
196 232 
320 200 
232 228 
364 188 
196 204 
236 192 
204 188 
212 196 
212 204 
296 348 
196 196 
204 200 
204 192 
212 268 
196 192 
200 192 
188 208 
196 204 
216 224 
192 236 
292 236 
604 196 
196 188 
216 196 
192 216 
1076 228 
188 216 
200 192 
220 196 
196 292 
204 208 
196 200 
220 188 
196 188 
196 196 
204 196 
236 196 
236 236 
232 212 
212 232 
212 204 
248 368 
240 248 
312 252 
200 236 
280 236 
200 220 
224 200 
204 192 
204 220 
292 240 
196 220 
204 228 
228 228 
200 256 
192 192 
216 192 
200 188 
216 224 
396 196 
196 224 
216 216 
196 208 
220 188 
220 264 
200 200 
192 212 
228 224 
304 260 
220 208 
216 188 
216 208 
216 216 
216 212 
204 188 
204 200 
204 620 
200 200 
216 236 
252 260 
200 276 
200 200 
196 232 
212 200 
268 276 
232 208 
328 272 
272 308 
200 192 
208 288 
216 256 
208 200 
236 268 
296 192 
192 208 
196 212 
236 192 
192 196 
424 192 
192 188 
200 212 
196 308 
216 188 
192 228 
200 196 
216 676 
188 196 
212 200 
224 200 
1048 448 
192 188 
196 192 
224 196 
192 200 
188 212 
208 276 
216 192 
192 212 
196 192 
244 192 
208 216 
208 236 
208 228 
200 204 
192 196 
236 264 
232 196 
296 280 
600 300 
196 216 
220 236 
212 212 
220 208 
260 196 
232 236 
216 308 
196 200 
216 192 
204 200 
212 204 
196 196 
208 212 
212 312 
492 216 
208 192 
216 192 
228 188 
240 188 
200 188 
196 224 
300 228 
192 212 
212 208 
212 212 
196 276 
204 240 
236 204 
212 252 
256 252 
192 204 
220 188 
276 232 
232 228 
216 232 
212 200 
200 196 
212 192 
208 208 
240 244 
236 204 
232 196 
716 300 
232 216 
248 220 
276 200 
212 192 
216 204 
196 208 
208 208 
196 196 
196 208 
204 200 
192 200 
196 192 
204 200 
196 208 
204 256 
192 204 
196 264 
200 212 
200 204 
196 188 
204 196 
1320 196 
192 188 
204 192 
212 196 
188 200 
216 264 
212 216 
228 232 
212 204 
220 556 
196 188 
212 196 
232 196 
204 204 
220 188 
212 260 
212 208 
200 196 
200 212 
220 228 
192 216 
212 192 
196 212 
228 192 
204 212 
236 192 
272 192 
200 208 
192 244 
232 200 
312 236 
204 316 
264 212 
912 192 
204 228 
216 196 
196 208 
260 200 
236 236 
236 200 
204 228 
232 196 
196 200 
240 240 
236 188 
264 240 
200 188 
200 204 
204 192 
200 208 
56 40 
228 196 
196 200 
192 208 
192 204 
212 204 
208 224 
240 212 
212 340 
224 208 
324 256 
204 196 
260 336 
200 200 
656 196 
196 196 
232 216 
876 288 
204 244 
280 256 
260 200 
212 296 
224 212 
212 220 
192 216 
192 188 
212 204 
204 196 
196 208 
236 216 
44 40 
192 200 
208 192 
192 192 
1008 224 
240 232 
208 236 
200 224 
196 208 
384 252 
220 212 
196 192 
208 220 
200 208 
232 232 
200 232 
324 216 
268 336 
232 288 
344 256 
280 296 
288 232 
236 232 
204 212 
212 196 
344 264 
212 188 
212 476 
196 224 
464 208 
232 40 
220 208 
232 228 
216 236 
208 308 
324 208 
232 212 
200 196 
196 196 
196 196 
200 192 
208 400 
244 256 
192 200 
228 204 
208 188 
192 200 
208 192 
208 216 
200 236 
204 196 
196 204 
404 192 
196 188 
228 192 
192 188 
200 196 
200 240 
204 192 
212 192 
236 192 
252 196 
196 232 
208 284 
216 308 
236 236 
212 232 
192 216 
208 208 
192 208 
192 204 
692 196 
236 344 
240 204 
232 236 
260 216 
200 216 
232 200 
208 436 
224 192 
208 244 
200 216 
276 236 
196 216 
208 188 
196 204 
196 192 
448 196 
224 236 
216 212 
192 224 
188 232 
200 196 
224 196 
196 196 
240 188 
648 196 
216 204 
192 196 
196 224 
216 196 
244 240 
216 204 
232 188 
224 264 
196 192 
200 196 
196 208 
208 192 
196 204 
192 216 
192 196 
224 288 
216 292 
228 232 
192 200 
200 220 
244 212 
304 208 
196 264 
264 260 
320 340 
576 268 
264 224 
200 208 
212 208 
256 240 
248 192 
228 212 
300 292 
292 240 
212 188 
196 216 
192 220 
196 192 
232 188 
220 192 
192 212 
196 188 
192 196 
232 204 
220 200 
204 192 
200 224 
196 204 
212 192 
256 204 
200 220 
200 192 
220 200 
196 208 
192 196 
216 196 
232 224 
188 192 
724 196 
196 196 
196 200 
216 192 
200 196 
188 208 
216 212 
724 196 
216 212 
196 252 
212 224 
224 208 
228 204 
208 296 
244 232 
284 188 
208 204 
212 192 
188 196 
240 260 
308 280 
304 204 
332 252 
236 236 
204 288 
192 196 
196 196 
236 216 
200 240 
196 204 
212 232 
212 248 
212 228 
228 196 
196 192 
228 480 
204 220 
200 192 
224 216 
200 196 
196 264 
196 216 
200 196 
196 200 
208 292 
216 200 
196 216 
304 228 
252 256 
216 212 
236 212 
224 196 
208 188 
196 400 
224 228 
192 192 
196 188 
208 228 
444 236 
248 216 
204 244 
236 256 
212 256 
196 212 
228 216 
196 220 
200 188 
380 220 
204 284 
196 196 
192 204 
200 192 
196 192 
268 232 
252 292 
232 196 
200 332 
216 196 
200 200 
232 212 
212 208 
204 200 
212 212 
196 196 
636 624 
228 216 
196 216 
192 216 
216 228 
200 196 
188 192 
212 196 
204 204 
200 196 
208 200 
224 208 
200 192 
200 200 
196 192 
484 196 
192 232 
204 196 
204 192 
196 208 
192 204 
200 220 
196 212 
196 196 
200 208 
268 408 
48 44 
188 208 
204 228 
240 236 
376 256 
288 296 
256 296 
452 216 
304 388 
216 204 
204 192 
200 224 
200 216 
264 268 
204 200 
192 208 
220 196 
200 208 
200 192 
220 192 
244 208 
216 356 
192 204 
236 208 
236 196 
360 260 
268 284 
212 208 
240 260 
40 44 
340 232 
304 340 
232 196 
288 208 
216 200 
204 188 
232 208 
232 216 
224 376 
220 208 
220 200 
380 232 
240 220 
312 236 
212 204 
200 188 
196 212 
216 200 
192 228 
200 256 
224 224 
188 196 
196 192 
192 196 
232 188 
268 232 
252 48 
316 1232 
216 280 
188 204 
196 212 
200 232 
340 196 
228 196 
200 212 
204 240 
212 208 
192 192 
200 196 
196 200 
216 212 
216 212 
208 236 
212 220 
212 192 
224 220 
200 188 
228 192 
204 220 
200 200 
212 212 
244 264 
196 216 
236 208 
212 192 
220 240 
196 216 
204 196 
216 232 
264 268 
196 236 
192 192 
236 240 
232 232 
236 240 
240 196 
200 196 
224 228 
200 192 
200 192 
212 216 
240 236 
196 192 
216 188 
220 240 
196 240 
196 236 
216 216 
200 196 
220 216 
200 196 
212 256 
192 200 
232 192 
196 204 
272 204 
192 244 
200 200 
200 192 
216 236 
228 232 
252 252 
212 228 
216 280 
512 328 
248 564 
236 212 
272 212 
212 260 
192 208 
220 196 
208 188 
192 200 
272 280 
208 200 
216 492 
204 212 
200 204 
212 248 
192 196 
196 192 
232 204 
224 196 
188 212 
196 236 
204 204 
196 216 
200 196 
200 196 
240 192 
196 208 
212 196 
220 232 
200 696 
236 240 
316 208 
228 248 
264 240 
292 260 
300 256 
228 224 
308 280 
192 212 
240 200 
200 212 
220 256 
212 232 
220 256 
240 268 
220 208 
208 212 
236 228 
212 256 
224 228 
216 244 
236 352 
196 208 
204 196 
200 188 
340 208 
224 188 
228 196 
228 200 
228 200 
192 192 
200 196 
204 204 
212 192 
208 196 
204 196 
196 204 
192 192 
308 240 
328 228 
212 292 
264 264 
200 424 
272 224 
284 204 
316 312 
252 212 
220 204 
312 256 
200 236 
192 232 
212 208 
200 224 
216 208 
204 208 
480 216 
216 208 
192 188 
188 204 
192 228 
196 208 
212 192 
212 232 
256 216 
228 280 
432 248 
232 260 
232 200 
196 212 
196 192 
236 200 
304 256 
208 196 
200 240 
332 304 
200 196 
196 212 
204 212 
200 208 
196 200 
228 256 
196 188 
216 316 
224 208 
224 220 
212 188 
216 216 
204 236 
204 236 
236 260 
236 200 
272 308 
320 212 
244 368 
268 264 
256 252 
216 192 
336 260 
192 200 
212 204 
216 228 
212 208 
256 220 
216 192 
220 200 
192 244 
228 236 
236 260 
192 192 
200 188 
204 200 
192 220 
196 200 
220 188 
192 200 
212 192 
216 216 
192 188 
200 196 
192 212 
192 188 
196 228 
208 192 
224 196 
216 212 
200 200 
188 192 
216 188 
188 216 
212 188 
232 228 
208 188 
236 264 
500 256 
200 292 
48 40 
236 188 
452 668 
220 212 
288 208 
236 208 
216 220 
192 220 
212 256 
200 236 
212 208 
220 220 
208 208 
196 208 
212 220 
212 184 
280 188 
216 196 
688 192 
196 232 
256 188 
192 192 
196 208 
192 196 
200 188 
196 200 
196 216 
48 44 
196 200 
224 200 
200 196 
192 188 
240 228 
224 188 
212 380 
228 240 
320 204 
1068 256 
288 228 
200 312 
208 228 
328 192 
208 196 
212 304 
192 188 
196 236 
208 196 
208 228 
196 212 
224 276 
236 236 
228 44 
232 240 
208 216 
204 192 
196 236 
216 216 
208 200 
716 208 
232 204 
240 724 
240 248 
216 212 
208 212 
244 212 
220 208 
204 204 
192 236 
212 196 
212 196 
192 448 
200 288 
208 196 
200 212 
188 196 
232 196 
196 236 
196 196 
224 188 
192 204 
232 420 
208 240 
196 228 
208 188 
196 192 
236 220 
216 316 
1180 288 
204 212 
196 188 
196 216 
224 200 
232 228 
268 208 
336 212 
236 208 
236 208 
236 224 
232 220 
232 208 
240 208 
236 216 
232 204 
540 216 
232 232 
232 208 
236 208 
232 208 
212 232 
196 236 
236 212 
192 208 
244 232 
232 192 
236 208 
48 52 
232 216 
44 48 
232 200 
232 124 
212 236 
1048 492 
236 216 
232 212 
232 208 
236 212 
240 216 
232 220 
232 216 
236 208 
228 212 
236 264 
232 208 
232 208 
232 208 
236 208 
236 204 
236 248 
236 212 
236 212 
240 208 
240 216 
232 232 
232 212 
240 232 
240 212 
232 212 
232 208 
240 212 
236 228 
232 248 
244 208 
232 212 
236 212 
240 296 
236 216 
236 208 
232 212 
228 228 
280 208 
240 216 
240 236 
240 212 
236 212 
240 208 
232 212 
236 212 
240 212 
236 236 
236 240 
236 236 
244 212 
236 216 
232 204 
236 208 
232 224 
240 212 
240 212 
232 232 
228 208 
232 208 
368 208 
232 212 
232 208 
236 232 
236 232 
232 212 
240 204 
228 216 
332 208 
240 208 
232 212 
236 208 
236 216 
236 208 
236 204 
240 236 
232 216 
588 212 
240 208 
240 236 
236 232 
236 212 
228 208 
240 208 
348 444 
228 204 
240 432 
236 256 
236 216 
236 216 
236 216 
228 212 
228 204 
240 212 
216 240 
240 672 
232 208 
240 216 
240 228 
236 224 
236 220 
228 208 
240 212 
212 212 
268 252 
236 208 
252 216 
236 220 
236 208 
236 232 
244 248 
240 248 
232 212 
232 232 
244 220 
236 232 
232 212 
232 212 
192 212 
232 204 
236 236 
240 236 
232 244 
236 208 
232 208 
228 216 
244 212 
240 212 
236 208 
236 232 
232 208 
240 212 
236 204 
240 208 
236 212 
236 232 
240 208 
232 212 
240 220 
236 220 
232 212 
240 204 
236 220 
348 212 
244 232 
240 228 
232 272 
232 212 
244 208 
252 208 
228 208 
236 280 
232 212 
236 212 
236 232 
232 204 
232 212 
236 208 
236 212 
236 244 
232 216 
236 224 
236 216 
360 212 
232 212 
232 208 
228 216 
232 216 
1080 256 
240 204 
240 216 
236 264 
600 212 
232 216 
236 208 
244 208 
232 208 
236 264 
240 264 
256 216 
220 212 
736 208 
236 212 
236 208 
272 212 
236 212 
232 208 
236 240 
236 232 
216 252 
232 688 
232 204 
236 236 
240 212 
232 212 
232 208 
236 208 
316 212 
216 216 
244 212 
236 216 
484 208 
232 208 
232 208 
232 204 
232 208 
236 236 
236 236 
236 212 
240 204 
236 208 
308 216 
240 208 
232 208 
236 232 
236 228 
236 204 
232 208 
236 240 
232 236 
232 212 
232 212 
232 208 
232 204 
232 208 
232 220 
232 208 
240 236 
236 208 
232 204 
232 236 
232 212 
236 236 
360 212 
236 208 
600 212 
232 208 
236 208 
244 256 
44 40 
240 240 
228 208 
232 208 
232 244 
236 204 
236 260 
232 236 
236 212 
232 208 
232 212 
240 232 
236 232 
1024 232 
228 208 
228 208 
236 212 
236 232 
236 248 
384 212 
232 232 
260 208 
232 216 
232 208 
232 212 
232 216 
236 216 
232 212 
52 44 
236 208 
240 248 
236 208 
232 208 
236 220 
232 244 
232 208 
216 212 
232 436 
232 208 
232 232 
232 236 
232 208 
236 208 
232 208 
240 216 
212 208 
236 2192 
232 212 
232 212 
240 208 
240 212 
236 236 
228 212 
232 216 
216 44 
232 204 
240 208 
236 320 
292 208 
232 212 
236 208 
240 208 
236 212 
240 216 
236 224 
240 208 
236 208 
240 216 
236 232 
236 220 
232 208 
236 236 
236 208 
240 232 
236 216 
232 212 
232 208 
240 220 
232 260 
236 224 
244 232 
0 0 
232 228 
232 232 
232 212 
228 208 
236 216 
232 208 
236 212 
240 212 
236 232 
240 212 
232 216 
240 208 
240 224 
232 260 
236 228 
228 208 
240 212 
228 224 
228 208 
236 216 
232 216 
240 260 
240 264 
232 208 
236 208 
236 220 
232 212 
240 252 
268 212 
232 204 
236 208 
236 208 
412 232 
240 208 
256 208 
228 208 
240 220 
240 232 
232 212 
232 208 
240 216 
636 208 
236 208 
232 208 
232 212 
240 216 
228 208 
232 208 
236 236 
212 220 
228 508 
236 232 
236 212 
228 216 
232 272 
228 212 
232 208 
232 212 
204 204 
236 724 
240 208 
244 236 
236 236 
236 228 
236 208 
240 228 
240 204 
220 212 
244 208 
240 208 
240 208 
232 212 
232 212 
236 212 
236 220 
272 208 
236 208 
236 204 
240 236 
240 216 
236 244 
232 208 
652 216 
236 204 
232 208 
240 240 
236 216 
240 236 
240 236 
232 208 
228 232 
232 208 
232 216 
236 240 
240 236 
236 212 
232 244 
232 252 
228 204 
232 216 
232 208 
244 212 
232 252 
240 224 
232 316 
240 252 
232 208 
228 208 
232 216 
236 220 
236 220 
232 232 
236 224 
232 208 
240 208 
236 232 
236 232 
240 212 
232 212 
232 212 
232 208 
240 216 
228 212 
236 212 
240 204 
228 208 
236 236 
376 208 
228 208 
240 208 
240 216 
228 212 
228 208 
232 212 
264 212 
232 208 
660 216 
240 212 
240 212 
236 216 
232 204 
232 208 
240 252 
232 212 
212 252 
232 520 
232 216 
240 220 
236 232 
316 204 
232 212 
228 204 
240 204 
216 208 
236 732 
232 276 
232 224 
256 212 
228 204 
232 208 
232 208 
236 212 
224 212 
228 212 
240 208 
240 224 
412 232 
232 224 
232 212 
232 208 
232 208 
256 208 
236 244 
236 244 
272 208 
228 208 
232 208 
232 216 
240 212 
232 224 
232 204 
232 208 
228 208 
232 220 
236 212 
240 216 
236 232 
232 248 
240 216 
232 236 
244 208 
232 208 
244 212 
228 208 
240 248 
232 212 
228 244 
232 244 
236 232 
196 220 
236 208 
232 208 
236 208 
240 236 
232 232 
236 240 
232 220 
240 208 
236 216 
240 208 
240 252 
232 212 
236 208 
212 216 
236 208 
236 204 
240 216 
236 468 
232 220 
232 208 
40 48 
236 232 
400 216 
236 212 
256 212 
240 208 
232 208 
240 264 
236 212 
236 224 
240 208 
704 240 
228 208 
224 204 
232 232 
248 212 
236 216 
228 208 
236 212 
216 216 
232 480 
236 212 
232 208 
232 212 
236 208 
240 216 
44 40 
240 208 
216 216 
240 564 
232 212 
240 208 
236 208 
240 240 
232 212 
232 204 
236 236 
216 252 
240 236 
236 204 
236 208 
240 216 
232 236 
236 208 
236 244 
236 216 
244 220 
240 264 
236 208 
232 208 
236 236 
232 208 
236 204 
240 208 
268 240 
240 48 
228 212 
232 204 
240 208 
232 208 
236 240 
228 212 
232 236 
232 1060 
232 204 
236 216 
236 216 
236 204 
260 224 
240 220 
236 256 
232 224 
232 208 
236 216 
244 212 
236 268 
236 248 
236 212 
240 228 
232 220 
228 212 
232 244 
232 224 
232 212 
304 204 
236 208 
240 248 
228 212 
224 212 
236 256 
232 204 
240 212 
228 208 
232 256 
228 208 
232 212 
232 208 
440 204 
228 216 
236 208 
244 208 
236 212 
240 216 
232 220 
240 212 
232 232 
688 208 
268 212 
232 208 
236 216 
240 244 
232 204 
236 220 
240 220 
216 208 
232 540 
240 216 
240 216 
240 212 
232 212 
240 268 
240 220 
232 224 
216 212 
240 708 
236 212 
232 212 
232 208 
236 228 
244 212 
228 204 
236 208 
240 208 
240 208 
236 208 
232 208 
232 208 
236 232 
236 236 
240 208 
240 204 
236 212 
232 212 
232 208 
232 252 
236 208 
236 456 
228 476 
236 212 
244 212 
240 232 
228 208 
232 208 
236 204 
240 236 
232 256 
236 208 
236 216 
240 212 
232 208 
232 208 
240 260 
236 228 
228 208 
236 204 
232 220 
232 208 
232 212 
240 216 
236 212 
236 208 
232 212 
236 208 
236 212 
236 260 
232 204 
232 212 
236 204 
236 208 
248 204 
232 208 
368 208 
232 208 
232 212 
232 212 
236 208 
240 208 
232 208 
236 208 
240 212 
232 216 
236 240 
492 216 
240 208 
236 212 
236 216 
240 208 
236 260 
228 204 
240 216 
256 212 
736 208 
232 212 
232 208 
232 208 
236 232 
236 212 
240 212 
232 232 
216 236 
236 568 
240 232 
236 212 
232 244 
236 212 
232 208 
240 212 
228 216 
212 224 
232 208 
272 216 
232 224 
240 208 
240 216 
240 212 
232 208 
228 208 
232 208 
240 208 
236 216 
236 216 
232 292 
232 216 
232 212 
232 212 
240 212 
240 244 
232 212 
232 216 
232 216 
240 220 
244 228 
228 252 
236 208 
232 208 
232 260 
232 232 
236 212 
232 260 
236 220 
236 232 
228 208 
236 208 
240 224 
236 256 
244 212 
236 208 
236 208 
232 212 
240 212 
240 208 
236 232 
280 232 
232 208 
232 216 
232 208 
240 208 
236 216 
240 236 
236 212 
236 264 
240 208 
236 212 
240 304 
240 208 
232 208 
240 212 
228 212 
268 208 
244 212 
228 208 
236 204 
236 236 
232 228 
236 236 
236 224 
236 244 
504 232 
228 204 
240 236 
244 228 
232 208 
44 44 
228 208 
236 212 
232 212 
760 208 
228 212 
1076 248 
244 236 
240 232 
236 212 
236 224 
228 208 
212 204 
240 520 
240 220 
356 208 
232 208 
240 212 
236 216 
232 208 
232 208 
208 208 
232 204 
308 968 
232 240 
232 204 
228 208 
44 44 
232 208 
240 208 
240 336 
232 212 
240 284 
236 212 
232 204 
228 208 
244 208 
232 208 
236 204 
236 220 
236 208 
236 204 
232 208 
236 216 
232 236 
236 216 
232 208 
232 208 
232 208 
236 252 
232 208 
232 216 
240 216 
232 208 
240 204 
236 236 
952 232 
232 208 
236 208 
236 236 
228 208 
240 44 
264 208 
240 208 
236 208 
236 256 
232 208 
236 212 
236 224 
236 220 
228 208 
248 212 
232 212 
232 240 
232 208 
232 216 
236 208 
236 240 
232 208 
236 240 
236 236 
272 208 
228 204 
244 212 
236 240 
228 208 
236 212 
236 216 
232 204 
232 208 
1000 220 
232 216 
232 204 
232 228 
236 204 
232 252 
236 236 
240 212 
232 212 
228 388 
236 208 
240 232 
240 264 
232 212 
240 212 
236 204 
240 208 
208 208 
244 612 
236 216 
232 208 
236 228 
232 208 
232 208 
236 216 
232 236 
216 264 
236 204 
244 208 
240 204 
236 212 
232 212 
232 216 
236 232 
232 216 
240 204 
228 224 
232 212 
232 224 
232 208 
232 212 
240 248 
232 212 
236 208 
236 204 
236 232 
260 208 
236 212 
232 212 
392 208 
236 212 
236 208 
232 232 
260 204 
232 204 
240 208 
236 240 
268 208 
232 208 
236 208 
236 248 
232 232 
232 208 
240 208 
240 236 
236 292 
228 208 
240 216 
232 232 
232 232 
240 208 
232 216 
240 212 
236 268 
232 208 
236 212 
232 212 
232 212 
236 216 
240 232 
232 212 
232 212 
232 208 
232 212 
788 232 
288 208 
288 212 
260 208 
228 204 
232 212 
248 224 
236 212 
232 240 
252 204 
236 212 
560 208 
240 208 
232 216 
268 224 
236 208 
236 236 
248 212 
228 212 
232 212 
236 392 
232 204 
232 208 
240 224 
236 216 
236 208 
236 220 
236 248 
212 232 
236 648 
232 208 
236 232 
236 244 
236 212 
324 212 
236 236 
236 208 
216 216 
236 208 
236 216 
232 244 
232 216 
232 208 
236 236 
232 216 
236 220 
232 216 
240 232 
236 212 
232 212 
236 208 
228 212 
228 208 
236 216 
240 216 
236 248 
232 212 
232 208 
236 208 
228 204 
232 212 
236 208 
244 212 
236 212 
236 228 
236 236 
228 208 
232 208 
236 208 
232 212 
232 232 
240 204 
240 240 
240 240 
228 208 
236 204 
236 260 
232 208 
232 208 
232 204 
240 216 
236 212 
236 208 
232 204 
996 204 
228 204 
244 212 
252 236 
236 232 
236 208 
232 204 
236 208 
232 236 
236 232 
228 208 
228 212 
272 216 
336 236 
236 232 
240 212 
240 216 
236 208 
232 208 
232 208 
232 208 
332 292 
592 208 
236 212 
236 212 
228 216 
236 264 
236 224 
236 232 
232 240 
240 216 
228 436 
232 208 
448 212 
236 216 
232 212 
236 192 
236 232 
232 240 
44 40 
232 624 
232 208 
236 236 
236 252 
232 236 
236 204 
236 212 
232 208 
220 232 
240 248 
232 212 
240 208 
240 212 
240 232 
228 216 
240 208 
232 212 
232 204 
240 208 
240 208 
240 236 
232 240 
232 212 
240 204 
228 216 
56 48 
232 224 
580 212 
232 208 
240 232 
236 220 
232 208 
240 216 
236 208 
232 208 
236 208 
236 232 
240 208 
268 204 
232 208 
240 204 
236 204 
260 208 
232 204 
872 248 
236 212 
232 212 
232 208 
228 216 
240 216 
236 212 
228 48 
236 208 
236 264 
236 208 
236 268 
240 212 
228 208 
236 208 
240 212 
240 228 
236 208 
236 216 
236 228 
240 208 
236 224 
232 204 
232 204 
368 252 
244 236 
232 208 
236 252 
236 232 
236 216 
232 236 
236 248 
280 208 
588 204 
232 212 
236 236 
236 208 
240 208 
236 216 
240 236 
232 208 
236 248 
240 432 
232 208 
248 208 
236 208 
232 220 
236 232 
236 220 
240 236 
212 228 
232 676 
240 236 
232 208 
268 208 
228 208 
232 208 
236 208 
240 256 
212 252 
232 212 
240 208 
228 208 
236 228 
232 208 
232 212 
232 260 
316 236 
236 224 
232 208 
232 212 
244 208 
240 224 
240 232 
232 208 
240 208 
240 208 
240 236 
260 208 
240 204 
244 232 
228 208 
236 208 
236 208 
232 208 
236 208 
232 212 
232 212 
232 208 
232 212 
268 216 
236 236 
348 220 
240 212 
240 216 
232 208 
240 236 
232 224 
236 208 
236 216 
236 220 
236 232 
236 236 
232 208 
228 204 
240 208 
236 236 
240 212 
236 212 
240 208 
232 208 
232 208 
240 212 
236 216 
236 208 
236 212 
240 336 
236 212 
232 232 
344 212 
240 208 
240 208 
228 208 
232 204 
236 208 
240 224 
236 236 
236 232 
624 220 
236 216 
240 228 
232 208 
236 232 
232 208 
240 212 
228 208 
212 236 
240 456 
240 220 
240 208 
236 212 
236 212 
232 208 
236 212 
236 216 
212 232 
236 692 
240 264 
240 208 
240 212 
236 236 
400 240 
232 212 
240 208 
216 232 
236 208 
236 216 
236 216 
228 204 
232 212 
236 212 
336 232 
244 216 
248 216 
228 212 
236 204 
236 208 
256 216 
232 208 
232 216 
232 208 
240 236 
236 220 
232 212 
232 208 
240 284 
236 208 
236 228 
232 208 
236 204 
236 236 
232 208 
240 212 
232 208 
236 212 
236 212 
236 220 
236 252 
232 216 
228 232 
236 232 
240 240 
240 216 
240 208 
232 224 
256 212 
236 204 
232 220 
236 208 
236 216 
232 232 
232 236 
236 208 
236 232 
236 212 
240 212 
232 216 
236 208 
232 232 
228 216 
240 208 
232 216 
232 216 
232 232 
356 208 
236 260 
240 208 
240 216 
240 212 
236 236 
240 240 
232 208 
236 216 
620 236 
236 248 
236 236 
240 236 
240 232 
228 208 
240 208 
240 216 
212 256 
232 476 
232 208 
236 260 
444 208 
236 232 
232 212 
240 236 
240 240 
208 212 
232 720 
236 264 
232 228 
236 212 
232 208 
240 204 
236 240 
236 256 
256 236 
236 212 
232 224 
236 232 
232 212 
236 224 
52 44 
232 208 
236 204 
232 208 
240 208 
236 212 
240 208 
236 208 
240 216 
236 204 
236 244 
232 208 
232 208 
236 256 
232 216 
232 208 
232 212 
236 212 
236 208 
232 216 
240 208 
240 236 
236 244 
248 216 
232 204 
232 208 
240 208 
232 232 
232 212 
48 40 
232 208 
236 232 
236 204 
240 216 
236 208 
240 236 
236 208 
228 208 
228 212 
236 208 
232 224 
236 212 
236 232 
228 212 
240 204 
216 208 
232 212 
232 208 
240 204 
240 236 
240 264 
236 240 
232 204 
236 216 
424 220 
236 208 
232 208 
252 212 
236 44 
232 220 
232 216 
240 232 
236 256 
1592 236 
240 220 
236 256 
236 236 
232 208 
236 220 
232 256 
260 208 
212 208 
232 504 
236 236 
236 216 
248 224 
232 208 
232 212 
228 208 
236 208 
216 208 
236 720 
288 216 
232 212 
232 224 
240 224 
228 204 
236 208 
228 208 
208 212 
240 236 
232 208 
240 204 
244 236 
364 208 
228 208 
240 260 
236 1004 
236 212 
232 208 
236 220 
232 212 
236 236 
240 220 
240 216 
240 216 
232 216 
228 208 
240 216 
240 232 
256 212 
228 224 
232 232 
228 208 
236 212 
232 220 
228 208 
232 232 
296 236 
232 216 
236 208 
232 232 
236 212 
240 236 
232 232 
232 204 
240 208 
236 208 
232 236 
296 212 
252 208 
236 244 
236 212 
232 208 
232 208 
232 208 
236 208 
236 212 
232 212 
236 212 
220 204 
244 208 
236 208 
240 212 
232 232 
228 208 
236 212 
240 208 
232 216 
436 208 
240 208 
236 232 
236 208 
236 208 
244 236 
232 216 
232 208 
232 208 
680 212 
240 216 
232 208 
240 204 
236 236 
236 212 
228 212 
256 212 
208 208 
240 492 
232 228 
232 208 
240 208 
236 208 
232 204 
232 232 
236 212 
220 232 
292 676 
232 216 
236 212 
232 216 
228 208 
228 864 
232 208 
248 208 
224 208 
256 212 
288 204 
236 208 
236 232 
240 208 
232 216 
236 208 
236 228 
240 256 
240 228 
228 216 
240 208 
236 208 
240 212 
236 212 
232 212 
240 216 
240 236 
240 208 
240 232 
236 236 
236 208 
232 208 
232 232 
232 212 
236 212 
236 232 
232 248 
240 208 
236 212 
208 208 
240 232 
240 220 
232 208 
240 212 
232 208 
244 260 
236 208 
240 212 
232 208 
236 236 
236 232 
236 236 
240 236 
232 212 
236 212 
240 208 
240 212 
228 208 
228 208 
200 208 
236 216 
228 212 
232 208 
232 208 
236 220 
240 212 
232 208 
240 212 
436 212 
236 208 
228 204 
236 216 
236 208 
236 216 
236 256 
236 204 
236 208 
700 228 
232 216 
236 252 
228 228 
236 240 
236 204 
236 212 
240 304 
208 212 
240 520 
232 212 
236 232 
232 1144 
328 208 
240 232 
236 264 
236 260 
212 208 
236 208 
236 232 
232 204 
232 208 
236 208 
240 232 
240 212 
240 208 
244 216 
240 224 
232 204 
232 268 
232 212 
232 208 
240 204 
236 248 
240 256 
228 204 
236 208 
236 216 
240 232 
240 252 
232 224 
236 204 
236 208 
244 208 
232 208 
232 212 
236 232 
236 232 
236 216 
232 208 
232 232 
236 208 
48 244 
232 204 
240 216 
236 236 
236 236 
232 208 
232 208 
232 208 
240 216 
236 232 
240 216 
232 208 
232 240 
240 204 
236 236 
236 236 
232 212 
236 208 
236 212 
240 212 
236 212 
232 208 
240 208 
240 212 
236 232 
236 240 
236 232 
972 212 
236 208 
236 212 
52 44 
240 208 
240 232 
236 208 
488 208 
240 208 
232 208 
236 236 
240 264 
232 208 
228 208 
240 208 
236 208 
680 208 
236 928 
232 204 
236 224 
236 264 
236 244 
232 204 
240 236 
216 256 
232 460 
252 212 
232 204 
236 208 
236 260 
236 208 
236 48 
240 220 
212 212 
240 696 
240 212 
260 212 
240 260 
232 208 
236 208 
240 208 
236 212 
240 240 
240 208 
236 204 
236 236 
240 236 
228 236 
240 208 
236 212 
832 260 
236 216 
236 220 
236 212 
240 204 
228 208 
236 212 
236 256 
236 208 
240 208 
236 216 
232 208 
236 216 
232 212 
232 212 
236 236 
244 208 
232 216 
232 216 
236 236 
236 236 
268 212 
236 204 
240 208 
240 252 
248 212 
232 208 
232 204 
236 232 
240 256 
256 208 
240 208 
232 208 
236 236 
764 220 
240 240 
232 272 
232 208 
244 276 
236 264 
236 212 
232 212 
232 232 
236 208 
240 208 
236 220 
228 216 
232 208 
240 216 
232 208 
232 212 
232 216 
472 260 
236 212 
232 208 
240 264 
236 216 
236 232 
232 208 
272 212 
240 236 
708 208 
236 208 
228 224 
256 212 
236 204 
236 212 
232 204 
232 220 
244 208 
236 584 
236 204 
240 224 
236 212 
232 204 
236 208 
236 224 
232 204 
216 208 
240 224 
236 232 
236 252 
236 208 
236 216 
304 232 
236 232 
236 208 
240 232 
236 220 
232 212 
232 208 
236 212 
236 224 
232 216 
260 208 
236 256 
232 208 
232 204 
236 208 
244 224 
236 208 
232 252 
232 232 
232 212 
236 208 
232 212 
236 216 
236 232 
240 208 
232 208 
240 208 
232 212 
232 208 
232 216 
236 216 
232 232 
236 208 
232 208 
712 244 
236 240 
240 208 
228 208 
240 216 
236 208 
236 236 
236 264 
240 236 
232 240 
232 212 
232 212 
236 412 
240 208 
232 216 
228 208 
232 204 
232 204 
228 204 
236 216 
268 228 
236 220 
236 208 
228 208 
236 216 
240 236 
240 232 
240 232 
240 256 
496 264 
236 208 
232 208 
236 220 
232 216 
236 204 
232 208 
396 208 
232 208 
740 232 
236 204 
236 208 
232 204 
232 256 
232 240 
232 240 
236 208 
216 212 
240 564 
236 232 
228 216 
236 208 
232 212 
240 204 
236 236 
240 220 
216 264 
236 220 
228 212 
228 208 
236 212 
232 208 
236 208 
232 248 
236 212 
236 236 
232 204 
236 284 
236 236 
240 216 
232 212 
236 236 
232 208 
236 248 
232 204 
232 216 
276 216 
236 208 
240 212 
232 212 
240 204 
232 212 
232 216 
236 232 
232 216 
876 260 
240 212 
236 212 
240 236 
236 236 
232 212 
232 208 
240 236 
244 208 
232 208 
232 212 
240 208 
40 48 
236 232 
236 232 
244 212 
240 232 
232 216 
236 264 
236 212 
232 212 
232 220 
232 204 
228 204 
240 216 
232 236 
232 232 
240 208 
232 208 
236 216 
236 208 
296 216 
232 212 
360 216 
228 208 
236 204 
236 240 
232 216 
240 236 
48 44 
524 252 
232 208 
228 224 
232 204 
232 208 
236 232 
232 212 
232 220 
232 208 
232 368 
240 208 
232 208 
228 208 
240 224 
232 212 
232 212 
236 264 
212 216 
236 564 
232 208 
236 204 
236 204 
236 228 
240 212 
236 40 
232 208 
216 204 
508 208 
236 216 
232 212 
240 208 
236 236 
240 212 
236 232 
248 208 
236 236 
236 228 
232 232 
232 236 
232 212 
240 208 
232 232 
236 260 
236 208 
820 208 
236 208 
236 220 
232 208 
240 208 
240 212 
236 232 
240 204 
228 212 
232 208 
236 208 
236 208 
232 208 
232 204 
236 208 
240 236 
232 208 
240 212 
228 208 
232 212 
232 204 
240 216 
240 216 
236 220 
236 224 
236 220 
240 236 
232 244 
232 212 
232 260 
244 208 
228 208 
232 208 
232 208 
248 212 
236 220 
232 204 
312 216 
240 212 
236 220 
236 232 
232 224 
288 208 
232 212 
240 240 
240 232 
240 212 
236 228 
232 208 
228 232 
236 252 
520 216 
236 228 
236 216 
240 232 
240 232 
232 224 
236 224 
228 212 
232 216 
232 380 
244 208 
236 216 
240 232 
240 244 
236 208 
240 232 
344 240 
224 212 
232 616 
236 212 
232 208 
236 224 
240 216 
232 208 
240 212 
236 204 
224 212 
252 208 
232 204 
240 220 
236 212 
232 208 
236 232 
232 212 
292 224 
232 220 
232 208 
248 212 
236 236 
236 208 
236 208 
228 220 
228 228 
232 208 
236 208 
240 220 
232 212 
236 208 
236 208 
236 216 
240 232 
236 212 
244 236 
232 212 
232 212 
232 236 
236 268 
236 216 
236 212 
232 212 
240 232 
236 208 
232 212 
236 208 
236 216 
240 236 
236 236 
232 216 
328 224 
232 208 
236 212 
236 236 
236 232 
236 212 
240 212 
232 228 
240 244 
232 220 
232 212 
236 216 
236 228 
232 236 
236 260 
236 236 
256 208 
232 208 
308 208 
240 216 
236 208 
240 232 
236 220 
236 204 
240 212 
232 208 
232 208 
572 224 
232 224 
232 208 
236 208 
248 240 
0 0 
232 208 
236 208 
228 212 
232 416 
228 212 
240 212 
240 208 
236 208 
236 216 
232 212 
240 264 
216 252 
232 624 
236 216 
236 232 
240 256 
240 208 
232 208 
236 208 
376 208 
220 208 
232 256 
232 256 
236 236 
236 236 
236 244 
228 204 
232 204 
236 208 
228 208 
240 212 
228 216 
236 228 
240 212 
232 212 
232 208 
236 216 
232 208 
232 212 
268 216 
228 212 
240 236 
236 204 
232 204 
236 212 
244 216 
252 212 
228 208 
228 208 
236 208 
232 216 
232 208 
236 204 
236 216 
236 212 
244 208 
240 212 
232 212 
232 208 
240 216 
44 48 
228 208 
232 232 
236 212 
240 208 
240 204 
236 236 
240 204 
236 208 
240 208 
236 208 
236 212 
232 244 
240 208 
232 208 
232 208 
236 236 
240 236 
476 216 
0 0 
0 0 
236 220 
232 212 
428 204 
232 232 
228 220 
232 252 
48 40 
240 212 
560 236 
232 212 
232 208 
240 212 
236 224 
228 236 
236 232 
240 232 
236 236 
240 400 
232 240 
236 208 
236 220 
236 220 
232 208 
236 232 
240 212 
212 216 
232 656 
228 204 
228 220 
232 232 
252 216 
236 208 
240 212 
240 220 
212 44 
272 208 
232 204 
232 208 
232 204 
232 240 
248 212 
236 224 
232 208 
244 220 
240 204 
232 208 
236 252 
232 208 
232 208 
236 208 
236 220 
228 216 
228 204 
240 212 
240 208 
232 208 
236 248 
232 208 
236 204 
236 236 
236 248 
240 216 
236 236 
232 208 
260 216 
232 212 
256 216 
244 208 
236 232 
236 208 
236 232 
236 208 
236 232 
232 212 
236 244 
228 212 
236 204 
232 212 
236 256 
252 236 
236 208 
232 204 
240 208 
232 212 
236 232 
1116 216 
240 232 
240 236 
236 208 
240 208 
240 216 
232 212 
232 220 
228 216 
356 204 
232 212 
240 208 
236 220 
232 212 
240 224 
232 212 
232 236 
232 208 
576 216 
240 212 
232 264 
232 216 
232 208 
240 208 
240 220 
232 212 
216 260 
236 420 
236 220 
236 212 
232 212 
240 208 
240 212 
232 232 
236 836 
220 264 
232 672 
236 208 
236 236 
228 208 
232 208 
240 208 
228 212 
236 260 
208 396 
240 208 
228 208 
240 220 
236 212 
280 208 
240 232 
240 228 
232 208 
240 340 
236 208 
260 216 
236 236 
240 236 
236 236 
236 208 
240 228 
236 236 
236 252 
236 208 
240 236 
232 208 
240 212 
236 208 
232 216 
232 212 
232 204 
228 208 
248 212 
236 216 
236 208 
232 208 
232 208 
260 208 
240 212 
236 240 
232 208 
232 204 
232 212 
232 216 
244 212 
236 236 
232 248 
228 208 
236 212 
228 212 
236 216 
236 204 
228 212 
240 212 
232 208 
232 208 
232 212 
232 216 
228 208 
236 208 
236 232 
244 236 
240 208 
236 232 
372 212 
232 208 
236 208 
240 208 
244 212 
236 236 
240 212 
232 208 
232 204 
676 208 
236 224 
232 232 
232 212 
240 216 
1108 216 
236 216 
236 248 
216 232 
236 436 
236 228 
236 236 
232 208 
240 208 
228 216 
236 224 
236 216 
208 224 
236 692 
232 208 
236 212 
236 212 
236 216 
240 344 
228 208 
236 212 
212 208 
240 212 
236 232 
240 212 
232 216 
236 208 
228 208 
228 208 
232 208 
236 208 
236 216 
232 208 
240 228 
236 216 
228 208 
240 208 
240 208 
232 232 
236 204 
272 212 
232 208 
240 216 
232 208 
240 220 
272 212 
228 212 
236 212 
240 216 
624 208 
236 220 
232 232 
236 252 
228 216 
236 244 
236 252 
228 212 
236 232 
264 208 
228 208 
232 208 
236 232 
240 216 
232 212 
240 208 
232 216 
240 204 
232 220 
232 212 
236 224 
232 208 
240 220 
236 232 
232 208 
236 208 
232 212 
232 208 
236 232 
232 256 
236 208 
240 216 
388 208 
228 204 
240 208 
232 928 
236 212 
232 208 
48 216 
232 208 
232 208 
656 208 
240 260 
232 212 
232 212 
240 204 
232 208 
236 232 
232 232 
216 236 
228 488 
240 212 
232 208 
236 220 
240 232 
268 216 
240 208 
236 228 
208 252 
228 680 
232 208 
252 288 
232 208 
48 44 
240 216 
232 208 
232 248 
212 248 
236 212 
236 220 
232 208 
236 216 
240 232 
240 216 
232 212 
236 208 
240 208 
232 212 
240 208 
240 208 
236 220 
236 208 
232 216 
240 232 
236 212 
232 216 
232 208 
236 208 
236 236 
240 44 
240 216 
228 212 
232 208 
228 208 
232 216 
240 236 
236 228 
232 212 
232 212 
236 216 
232 208 
236 236 
844 208 
236 212 
232 264 
232 208 
236 212 
228 212 
232 212 
236 216 
236 232 
236 236 
236 264 
236 208 
240 208 
240 208 
236 208 
240 232 
228 216 
236 908 
240 216 
240 236 
252 208 
236 208 
240 232 
236 204 
240 208 
428 208 
232 212 
240 212 
236 208 
240 232 
236 212 
236 212 
244 204 
236 208 
684 212 
240 212 
236 212 
240 220 
232 228 
232 204 
240 216 
228 212 
212 204 
232 516 
240 232 
240 216 
232 236 
240 228 
236 208 
252 208 
736 208 
228 220 
228 208 
240 216 
232 244 
236 212 
232 248 
232 208 
240 232 
232 248 
228 204 
244 204 
236 204 
232 212 
236 204 
240 216 
232 212 
240 208 
236 208 
240 288 
560 208 
232 204 
236 208 
236 220 
236 208 
232 220 
236 224 
228 204 
240 212 
236 228 
236 220 
240 212 
232 216 
236 232 
744 232 
236 216 
232 208 
236 216 
232 208 
240 208 
232 204 
240 208 
236 256 
232 212 
232 208 
236 208 
240 208 
236 224 
236 212 
232 208 
236 208 
232 216 
240 212 
232 212 
232 208 
240 240 
236 216 
236 204 
264 236 
232 208 
236 208 
208 212 
232 208 
236 220 
232 208 
232 208 
232 220 
280 208 
240 212 
236 216 
428 212 
236 208 
236 208 
240 216 
236 236 
232 228 
232 272 
228 208 
232 212 
688 208 
236 212 
240 208 
236 232 
232 208 
236 216 
296 220 
288 208 
212 208 
240 512 
232 208 
232 232 
252 208 
236 212 
232 204 
236 220 
236 208 
212 212 
236 264 
232 248 
236 208 
240 264 
236 212 
236 224 
228 204 
240 264 
212 212 
236 336 
248 212 
232 204 
240 212 
236 220 
232 212 
232 232 
240 204 
236 208 
232 212 
236 232 
320 204 
652 216 
232 208 
236 236 
232 216 
240 208 
228 208 
232 212 
236 260 
236 208 
236 212 
228 208 
232 212 
240 212 
296 208 
228 212 
232 208 
232 212 
232 204 
232 216 
232 212 
228 212 
236 212 
240 236 
236 232 
232 212 
236 228 
228 208 
240 220 
240 232 
244 216 
232 208 
236 232 
236 228 
236 212 
232 208 
232 236 
232 216 
236 232 
232 248 
244 216 
236 232 
236 236 
272 204 
232 208 
236 216 
240 232 
232 208 
360 212 
232 208 
228 220 
232 216 
240 208 
232 236 
232 204 
232 216 
236 208 
696 212 
236 212 
236 204 
236 236 
232 208 
232 212 
228 208 
232 232 
216 208 
232 532 
240 216 
232 204 
240 204 
232 236 
228 216 
232 228 
44 236 
208 208 
236 204 
232 208 
240 216 
276 212 
236 224 
236 208 
240 212 
240 236 
236 216 
232 204 
712 232 
236 232 
236 232 
236 208 
232 220 
228 204 
236 212 
232 204 
228 208 
236 208 
232 208 
236 212 
232 216 
216 40 
236 252 
236 212 
232 216 
236 208 
236 208 
236 204 
240 208 
232 208 
240 212 
240 204 
240 216 
232 228 
240 216 
232 212 
232 212 
240 216 
232 208 
232 212 
236 208 
256 208 
284 220 
244 208 
236 228 
232 296 
232 212 
236 68 
236 232 
232 244 
228 208 
240 212 
236 264 
256 208 
232 216 
236 204 
232 276 
220 216 
232 208 
232 204 
232 204 
240 216 
232 208 
300 208 
236 208 
232 204 
480 212 
236 248 
232 208 
236 204 
232 208 
236 228 
236 216 
232 204 
236 212 
296 212 
232 216 
228 216 
236 208 
236 220 
228 216 
252 212 
240 204 
208 208 
236 524 
236 212 
232 204 
240 208 
236 212 
232 256 
252 212 
232 208 
788 208 
236 224 
232 244 
232 212 
232 208 
236 216 
256 264 
232 264 
228 212 
232 220 
232 236 
232 208 
232 208 
240 208 
232 208 
232 212 
240 240 
240 232 
236 208 
228 204 
240 208 
240 216 
240 204 
232 240 
232 208 
240 208 
236 232 
240 212 
232 212 
240 208 
232 212 
232 208 
236 212 
228 212 
240 204 
236 224 
236 208 
228 204 
228 212 
232 204 
236 212 
280 212 
236 208 
236 236 
240 208 
232 208 
236 208 
236 208 
236 212 
236 208 
236 208 
236 212 
240 204 
236 208 
236 208 
236 212 
240 232 
244 208 
228 216 
228 208 
252 212 
240 232 
236 204 
236 236 
236 240 
236 256 
232 204 
300 204 
240 208 
488 212 
232 228 
236 208 
228 208 
240 208 
240 248 
232 212 
240 212 
232 212 
744 212 
244 212 
236 264 
232 212 
232 208 
236 336 
236 232 
240 208 
212 204 
228 580 
228 208 
236 236 
236 236 
236 216 
232 216 
236 236 
232 208 
208 208 
228 208 
236 212 
244 208 
232 236 
232 216 
236 208 
240 232 
232 256 
232 208 
316 212 
232 216 
236 228 
236 208 
232 208 
232 208 
236 208 
232 232 
240 204 
232 212 
236 216 
236 232 
236 324 
240 208 
236 232 
236 232 
236 212 
236 204 
240 216 
240 212 
232 244 
236 212 
232 208 
236 232 
244 208 
240 232 
236 264 
236 212 
236 204 
236 212 
232 208 
232 236 
236 212 
240 208 
472 204 
232 232 
260 208 
236 208 
240 204 
236 224 
232 216 
232 212 
228 208 
232 224 
232 208 
240 208 
444 208 
404 208 
236 236 
236 212 
256 212 
232 212 
236 208 
240 236 
232 204 
236 212 
232 212 
232 204 
236 212 
536 224 
232 208 
232 212 
240 216 
236 212 
236 212 
232 208 
240 204 
312 216 
748 208 
236 208 
228 236 
232 216 
232 212 
236 212 
240 208 
236 236 
432 204 
236 616 
232 212 
228 208 
236 236 
236 232 
232 212 
240 232 
236 232 
212 208 
228 212 
236 208 
236 252 
228 212 
360 204 
232 208 
248 208 
236 216 
232 208 
232 212 
232 1112 
236 208 
232 208 
240 208 
236 236 
252 208 
248 212 
240 212 
236 220 
240 228 
44 48 
240 204 
284 216 
232 208 
232 208 
236 232 
236 232 
236 212 
232 208 
232 232 
232 228 
232 204 
240 208 
236 228 
232 212 
240 220 
236 232 
236 224 
232 208 
240 264 
236 236 
232 212 
256 204 
236 208 
228 236 
240 236 
240 216 
232 212 
240 212 
232 216 
48 44 
232 208 
232 216 
228 208 
248 216 
236 236 
244 264 
232 208 
232 208 
292 208 
236 208 
256 212 
236 232 
236 216 
232 208 
228 212 
228 220 
232 212 
548 208 
232 216 
240 220 
236 224 
232 240 
232 212 
236 208 
232 212 
236 244 
240 44 
264 208 
236 212 
240 216 
232 240 
304 220 
236 216 
236 232 
204 216 
236 592 
236 232 
240 264 
232 232 
236 232 
288 220 
232 212 
236 208 
216 260 
232 208 
236 212 
232 204 
232 212 
236 220 
236 208 
232 208 
232 216 
232 208 
232 204 
240 208 
236 236 
232 204 
232 208 
236 224 
228 208 
232 212 
244 224 
236 256 
228 212 
232 208 
232 212 
240 204 
228 212 
240 208 
232 208 
232 204 
232 216 
236 232 
236 212 
228 208 
232 212 
952 208 
240 208 
240 236 
228 212 
232 212 
236 216 
240 248 
232 208 
236 208 
236 232 
236 208 
236 208 
240 220 
240 204 
240 212 
228 208 
240 236 
240 208 
232 212 
232 216 
236 204 
236 208 
236 236 
240 208 
232 220 
236 212 
236 212 
308 208 
232 204 
236 208 
228 208 
228 208 
232 208 
232 220 
1188 208 
240 212 
564 212 
236 212 
244 208 
240 236 
228 204 
256 208 
240 208 
236 212 
240 212 
236 400 
236 212 
240 212 
236 208 
236 216 
232 208 
236 216 
232 208 
212 256 
236 648 
228 212 
236 208 
236 208 
240 232 
232 216 
236 220 
232 236 
208 212 
240 208 
264 212 
232 208 
240 220 
240 260 
236 232 
236 208 
232 208 
232 224 
232 208 
232 208 
232 324 
232 208 
240 204 
236 208 
236 216 
240 204 
232 208 
236 212 
236 232 
240 216 
236 260 
240 236 
228 212 
232 212 
236 236 
236 232 
240 216 
240 208 
240 208 
232 204 
240 208 
228 216 
232 212 
232 216 
236 232 
228 208 
232 208 
236 204 
240 212 
236 232 
232 212 
240 212 
232 204 
232 208 
236 216 
232 208 
232 212 
232 220 
240 260 
236 244 
268 216 
232 212 
236 208 
240 252 
1044 236 
248 212 
236 204 
236 232 
332 208 
236 216 
236 208 
232 272 
236 236 
236 208 
240 232 
232 212 
236 216 
588 216 
236 204 
236 216 
236 212 
228 264 
232 208 
240 212 
244 240 
244 216 
236 396 
232 212 
232 212 
236 208 
236 232 
228 208 
236 208 
240 216 
208 224 
236 664 
236 204 
232 232 
228 208 
236 208 
228 208 
228 208 
236 208 
216 208 
236 232 
240 212 
244 208 
236 208 
232 216 
240 216 
232 204 
240 240 
232 216 
232 212 
240 208 
240 204 
232 212 
228 208 
236 232 
236 208 
232 264 
232 244 
248 212 
268 212 
232 216 
232 208 
232 216 
228 212 
236 212 
232 208 
264 208 
240 220 
256 212 
240 220 
232 208 
252 212 
352 232 
232 224 
48 44 
240 204 
236 208 
232 232 
236 208 
232 208 
240 208 
244 220 
236 208 
256 204 
232 896 
228 208 
232 212 
232 208 
244 212 
232 212 
228 224 
236 204 
240 208 
236 212 
244 212 
236 212 
236 232 
232 212 
240 208 
352 216 
232 212 
240 240 
268 208 
424 212 
236 252 
48 40 
232 216 
232 212 
600 212 
236 232 
232 212 
232 208 
236 216 
236 232 
232 208 
228 212 
216 204 
240 444 
236 204 
240 208 
232 232 
240 252 
232 44 
236 232 
240 236 
216 208 
236 712 
232 216 
232 208 
232 216 
236 212 
232 260 
232 208 
232 240 
212 208 
236 220 
240 236 
276 212 
232 208 
232 212 
228 212 
236 228 
240 236 
236 260 
236 232 
232 208 
228 212 
236 216 
236 208 
232 212 
236 216 
824 208 
236 232 
236 256 
240 244 
232 220 
228 208 
324 204 
236 212 
240 236 
228 208 
232 208 
240 212 
232 208 
236 220 
236 212 
228 212 
240 212 
1092 220 
228 204 
240 208 
236 232 
268 212 
236 208 
232 208 
232 224 
236 212 
240 212 
236 216 
232 208 
232 220 
236 248 
252 208 
236 204 
240 216 
260 212 
232 204 
240 216 
240 244 
232 264 
232 204 
236 212 
240 212 
240 224 
372 212 
244 220 
236 236 
236 212 
236 204 
236 216 
236 232 
700 204 
228 324 
636 260 
232 204 
240 212 
228 216 
232 208 
236 208 
240 236 
236 232 
216 208 
240 460 
228 212 
236 212 
240 208 
232 204 
236 208 
244 212 
232 232 
216 224 
240 692 
236 208 
236 232 
232 228 
232 212 
232 220 
232 224 
232 204 
216 208 
236 212 
232 212 
228 208 
240 264 
236 220 
644 204 
236 220 
268 208 
232 212 
236 208 
268 236 
236 236 
236 264 
232 208 
232 244 
236 208 
228 212 
236 208 
232 208 
236 232 
240 208 
236 208 
240 212 
240 220 
232 208 
236 212 
236 260 
232 204 
236 236 
240 208 
236 232 
252 212 
232 216 
236 208 
232 256 
240 208 
244 216 
236 204 
232 212 
236 212 
236 212 
232 232 
228 208 
236 208 
232 228 
228 204 
236 216 
240 232 
236 228 
232 208 
232 208 
240 208 
236 216 
228 212 
240 208 
232 212 
232 224 
236 244 
236 212 
408 212 
240 224 
236 248 
236 240 
240 216 
232 208 
232 216 
236 232 
236 232 
636 208 
232 208 
236 232 
232 216 
236 208 
236 252 
232 240 
232 212 
220 232 
232 472 
236 204 
236 208 
240 236 
232 208 
236 212 
232 212 
236 212 
208 208 
240 736 
236 216 
232 260 
456 208 
236 208 
236 236 
236 208 
232 232 
212 208 
240 232 
240 212 
228 212 
292 212 
228 216 
228 232 
228 212 
232 212 
240 212 
236 232 
236 240 
240 208 
236 264 
228 212 
228 212 
236 256 
232 208 
236 228 
232 212 
244 220 
232 228 
232 208 
236 208 
236 208 
232 204 
236 204 
236 208 
236 232 
236 216 
236 248 
232 232 
232 216 
232 260 
48 40 
232 212 
236 208 
232 212 
236 256 
232 212 
232 208 
236 232 
240 236 
236 208 
232 208 
240 212 
236 212 
232 216 
232 208 
236 216 
236 256 
236 212 
236 212 
236 212 
236 244 
244 256 
232 212 
236 248 
236 220 
228 208 
412 264 
44 44 
228 256 
232 216 
236 208 
236 232 
232 208 
240 232 
236 212 
664 208 
232 208 
228 208 
240 216 
288 216 
236 236 
260 216 
236 216 
216 240 
232 492 
640 216 
232 212 
228 212 
232 208 
236 240 
232 212 
240 208 
208 204 
268 684 
236 160 
236 204 
236 208 
232 224 
240 208 
240 232 
240 208 
216 216 
236 208 
236 208 
232 212 
240 236 
232 248 
236 208 
236 208 
236 212 
232 204 
240 208 
232 212 
236 204 
236 236 
232 208 
232 208 
240 212 
228 224 
232 240 
240 236 
232 220 
232 212 
232 208 
240 220 
240 232 
228 216 
232 204 
244 208 
240 232 
240 228 
236 240 
236 208 
244 208 
232 208 
236 208 
232 228 
240 264 
244 220 
236 220 
240 212 
232 212 
228 212 
240 212 
240 256 
232 208 
236 240 
236 228 
236 208 
236 240 
232 208 
236 212 
300 208 
232 212 
236 212 
240 212 
232 212 
232 216 
240 208 
240 208 
240 216 
432 208 
232 224 
232 236 
236 216 
236 240 
240 208 
236 208 
236 212 
236 340 
680 252 
236 204 
236 212 
260 208 
236 208 
240 216 
232 260 
244 216 
204 208 
228 532 
236 212 
240 232 
232 216 
232 212 
240 208 
232 208 
240 236 
208 212 
236 232 
228 208 
240 232 
232 236 
236 208 
232 208 
236 208 
240 212 
236 208 
232 232 
236 236 
232 216 
232 208 
240 208 
236 1300 
236 208 
236 216 
240 212 
236 208 
236 228 
232 220 
232 208 
232 208 
240 224 
236 240 
276 208 
236 244 
232 212 
236 232 
244 216 
236 220 
232 216 
240 236 
240 264 
236 208 
236 256 
240 224 
232 208 
232 208 
240 232 
236 232 
236 212 
228 216 
240 224 
352 208 
228 204 
236 216 
232 212 
212 248 
240 216 
232 212 
236 224 
232 220 
232 212 
236 216 
236 204 
240 232 
232 212 
236 208 
220 232 
232 236 
232 208 
232 204 
236 216 
236 1120 
240 232 
240 204 
232 208 
456 232 
232 208 
236 216 
244 240 
232 216 
236 228 
232 208 
240 208 
236 260 
700 208 
236 244 
236 212 
228 208 
228 208 
240 396 
244 208 
236 208 
216 216 
232 504 
232 208 
236 212 
236 236 
236 212 
236 400 
232 208 
232 212 
216 208 
240 212 
232 208 
236 208 
236 1128 
244 208 
236 228 
240 208 
236 232 
224 228 
232 236 
228 224 
260 208 
236 208 
232 212 
236 248 
232 216 
232 212 
228 228 
236 216 
236 244 
240 204 
240 224 
240 208 
228 212 
236 232 
240 224 
236 208 
236 216 
236 220 
236 236 
236 212 
272 212 
232 212 
236 208 
252 224 
228 204 
236 212 
364 208 
236 204 
296 224 
240 232 
156 44 
236 208 
236 232 
240 208 
232 216 
236 248 
232 212 
236 212 
232 220 
288 204 
228 212 
236 264 
236 216 
232 220 
232 248 
244 208 
344 208 
232 208 
236 208 
236 236 
236 208 
236 208 
232 204 
228 212 
232 216 
240 232 
232 208 
484 208 
232 252 
44 44 
240 216 
236 232 
232 208 
236 204 
244 212 
240 232 
740 208 
240 216 
236 204 
232 240 
240 256 
232 212 
232 208 
240 212 
216 204 
236 540 
240 980 
236 212 
232 204 
232 220 
232 228 
240 208 
236 232 
212 236 
236 256 
228 212 
228 44 
240 232 
244 212 
240 204 
240 216 
232 208 
232 252 
236 216 
240 236 
236 204 
232 208 
240 328 
232 204 
268 216 
240 240 
240 264 
260 208 
236 204 
236 204 
232 208 
232 212 
236 216 
156 232 
0 0 
0 0 
0 0 
0 0 
0 0 
0 0 
0 0 
0 0 
0 0 
0 0 
0 0 
0 0 
0 0 
0 0 
0 0 
0 0 
0 0 
0 0 
0 0 
0 0 
0 0 
0 0 
0 0 
0 0 
0 0 
0 0 
0 0 
0 0 
0 0 
0 0 
0 0 
0 0 
0 0 
0 0 
0 0 
0 0 
0 0 
0 0 
0 0 
0 0 
0 0 
0 0 
0 0 
0 0 
0 0 
0 0 
0 0 
0 0 
0 0 
0 0 
0 0 
0 0 
0 0 
0 0 
0 0 
0 0 
0 0 
0 0 
0 0 
0 0 
0 0 
0 0 
0 0 
0 0 
0 0 
0 0 
0 0 
0 0 
0 0 
0 0 
0 0 
0 0 
0 0 
0 0 
0 0 
0 0 
0 0 
0 0 
0 0 
0 0 
0 0 
0 0 
0 0 
0 0 
0 0 
0 0 
0 0 
0 0 
0 0 
0 0 
0 0 
0 0 
0 0 
0 0 
0 0 
0 0 
0 0 
0 0 
0 0 
0 0 
0 0 
0 0 
0 0 
0 0 
0 0 
0 0 
0 0 
0 0 
0 0 
0 0 
0 0 
0 0 
0 0 
0 0 
0 0 
0 0 
0 0 
0 0 
0 0 
0 0 
0 0 
0 0 
0 0 
0 0 
0 0 
0 0 
0 0 
0 0 
0 0 
0 0 
0 0 
0 0 
0 0 
0 0 
0 0 
0 0 
0 0 
0 0 
0 0 
0 0 
0 0 
0 0 
0 0 
0 0 
0 0 
0 0 
0 0 
0 0 
0 0 
0 0 
0 0 
0 0 
0 0 
0 0 
0 0 
0 0 
0 0 
0 0 
0 0 
0 0 
0 0 
0 0 
0 0 
0 0 
0 0 
0 0 
0 0 
0 0 
0 0 
0 0 
0 0 
0 0 
0 0 
0 0 
0 0 
0 0 
0 0 
0 0 
0 0 
0 0 
0 0 
0 0 
0 0 
0 0 
0 0 
0 0 
0 0 
0 0 
0 0 
0 0 
0 0 
0 0 
0 0 
0 0 
0 0 
0 0 
0 0 
0 0 
0 0 
0 0 
0 0 
0 0 
0 0 
0 0 
0 0 
0 0 
0 0 
0 0 
0 0 
0 0 
0 0 
0 0 
0 0 
0 0 
0 0 
0 0 
0 0 
0 0 
0 0 
0 0 
0 0 
0 0 
0 0 
0 0 
0 0 
0 0 
0 0 
0 0 
0 0 
0 0 
0 0 
0 0 
0 0 
0 0 
0 0 
0 0 
0 0 
0 0 
0 0 
0 0 
0 0 
0 0 
0 0 
0 0 
0 0 
0 0 
0 0 
0 0 
0 0 
0 0 
0 0 
0 0 
0 0 
0 0 
0 0 
0 0 
0 0 
0 0 
0 0 
0 0 
0 0 
0 0 
0 0 
0 0 
0 0 
0 0 
0 0 
0 0 
0 0 
0 0 
0 0 
0 0 
0 0 
0 0 
0 0 
0 0 
0 0 
0 0 
0 0 
0 0 
232 232 
232 232 
232 228 
244 208 
236 240 
232 216 
1176 248 
236 252 
232 208 
44 44 
236 252 
248 208 
228 204 
236 208 
240 212 
236 208 
240 208 
232 224 
232 208 
240 224 
232 268 
236 236 
236 220 
236 256 
236 240 
228 248 
228 204 
232 216 
236 216 
232 208 
240 204 
236 236 
232 208 
232 212 
236 208 
236 232 
236 44 
236 208 
240 208 
328 212 
236 204 
228 208 
236 216 
236 268 
236 240 
232 208 
236 208 
240 208 
576 236 
236 208 
232 208 
236 204 
284 228 
232 212 
236 212 
232 212 
240 208 
684 208 
244 212 
232 204 
236 208 
236 236 
236 224 
232 212 
240 212 
208 208 
236 640 
228 212 
236 212 
240 208 
228 208 
232 204 
228 216 
576 228 
212 220 
232 232 
236 212 
232 208 
240 216 
260 208 
236 208 
236 204 
240 208 
232 232 
228 212 
232 212 
236 228 
236 232 
232 228 
236 212 
836 236 
236 212 
236 252 
232 212 
240 212 
236 212 
236 244 
236 244 
232 208 
228 208 
232 212 
240 216 
236 216 
240 204 
232 208 
232 208 
240 204 
228 212 
228 208 
232 208 
232 208 
236 232 
236 240 
232 212 
236 216 
236 232 
232 208 
232 212 
236 208 
236 232 
240 212 
236 232 
240 240 
528 204 
236 208 
236 216 
236 224 
236 208 
228 208 
236 208 
232 208 
236 232 
236 232 
232 240 
344 208 
236 208 
232 216 
236 236 
236 232 
236 244 
232 236 
240 228 
236 248 
572 216 
240 208 
228 208 
228 204 
236 208 
244 220 
236 236 
236 232 
232 216 
232 412 
240 212 
236 204 
232 236 
236 224 
532 220 
236 232 
236 220 
212 232 
232 660 
236 204 
236 264 
236 212 
236 232 
232 208 
232 204 
232 212 
212 204 
236 208 
236 236 
228 208 
236 248 
228 208 
232 212 
336 292 
236 236 
240 228 
236 208 
240 232 
240 236 
240 208 
236 208 
236 208 
240 204 
236 268 
236 232 
232 212 
236 216 
236 220 
236 208 
236 208 
232 236 
236 208 
232 216 
236 236 
240 236 
228 208 
328 216 
232 216 
240 212 
236 236 
260 208 
232 208 
228 208 
240 236 
236 220 
232 204 
240 208 
236 324 
236 208 
228 204 
236 208 
232 212 
240 212 
244 236 
236 224 
232 212 
236 340 
236 208 
240 212 
232 224 
232 216 
244 208 
236 216 
232 212 
236 216 
232 208 
348 208 
240 208 
240 248 
236 232 
228 220 
232 208 
236 204 
236 204 
300 208 
600 212 
236 232 
232 208 
568 208 
232 248 
264 208 
232 208 
236 208 
336 204 
232 440 
228 212 
244 208 
228 244 
232 208 
232 208 
232 240 
228 208 
212 248 
232 664 
236 216 
236 236 
240 236 
236 212 
276 208 
236 216 
236 236 
208 208 
228 216 
236 204 
232 216 
236 208 
240 220 
236 236 
232 252 
232 208 
232 212 
236 212 
232 208 
240 216 
240 236 
232 208 
240 204 
236 232 
232 216 
240 216 
292 204 
240 216 
48 44 
236 208 
232 220 
232 256 
236 208 
232 212 
240 212 
236 216 
232 208 
236 204 
232 248 
232 212 
232 208 
232 208 
240 236 
240 216 
236 212 
236 228 
240 224 
240 212 
272 208 
236 204 
240 208 
232 212 
236 580 
244 216 
236 208 
240 204 
236 208 
44 48 
236 212 
228 212 
240 212 
232 228 
232 208 
240 204 
236 220 
232 208 
236 232 
356 216 
436 252 
232 208 
236 260 
236 264 
232 224 
232 244 
232 216 
232 212 
620 212 
232 224 
232 208 
236 208 
232 216 
232 204 
240 208 
240 220 
216 208 
236 48 
236 208 
240 216 
236 204 
232 208 
236 204 
236 208 
240 208 
240 212 
232 676 
232 212 
236 232 
232 264 
236 216 
232 216 
232 216 
232 208 
208 212 
240 236 
240 236 
232 228 
232 208 
236 212 
236 208 
236 204 
272 208 
232 228 
232 212 
232 208 
240 216 
232 208 
232 212 
232 208 
240 216 
232 216 
236 204 
240 232 
232 240 
232 208 
236 208 
236 224 
236 236 
232 208 
232 208 
236 204 
232 204 
236 208 
236 224 
232 244 
236 208 
536 236 
232 204 
228 204 
240 236 
240 236 
236 228 
232 216 
236 220 
232 244 
240 208 
240 236 
232 208 
232 212 
232 228 
232 216 
232 208 
236 208 
608 216 
220 208 
240 216 
232 224 
232 240 
236 204 
232 208 
232 208 
228 212 
236 252 
388 208 
232 208 
232 232 
236 236 
236 260 
232 208 
228 208 
236 216 
240 212 
660 208 
240 236 
228 208 
232 216 
236 208 
236 216 
236 232 
232 212 
216 224 
232 516 
232 236 
404 212 
236 260 
228 208 
232 348 
232 208 
236 216 
216 212 
240 720 
232 228 
228 212 
232 208 
244 232 
240 208 
232 240 
236 208 
220 208 
244 236 
236 216 
240 216 
244 212 
240 220 
232 232 
232 216 
236 236 
240 216 
240 216 
232 236 
236 252 
236 204 
236 216 
240 208 
236 212 
236 216 
240 208 
240 204 
232 236 
236 232 
236 236 
236 256 
252 248 
236 212 
236 208 
236 216 
240 216 
232 216 
240 208 
236 232 
296 220 
232 216 
232 208 
236 216 
236 248 
232 208 
232 1056 
232 208 
228 204 
236 212 
228 212 
232 212 
244 208 
236 216 
236 212 
232 252 
232 236 
232 208 
232 208 
192 208 
232 228 
232 216 
244 236 
240 232 
240 208 
232 212 
236 208 
232 208 
432 232 
232 216 
232 216 
232 208 
236 208 
232 216 
232 224 
232 208 
232 204 
656 208 
232 232 
236 244 
236 1000 
236 224 
232 204 
232 212 
236 212 
208 236 
232 412 
228 208 
228 216 
240 208 
232 208 
236 236 
236 204 
232 212 
232 224 
468 400 
236 340 
236 220 
232 212 
236 272 
232 204 
236 212 
240 236 
220 232 
236 212 
240 208 
240 212 
228 208 
228 204 
236 208 
240 236 
236 216 
236 220 
240 208 
232 204 
236 212 
240 212 
232 208 
236 212 
232 208 
232 204 
240 208 
236 208 
236 204 
236 212 
232 216 
232 208 
232 212 
240 216 
228 208 
236 236 
228 204 
232 208 
232 248 
232 252 
232 212 
48 44 
240 216 
236 208 
236 216 
236 236 
236 208 
236 212 
240 208 
236 208 
240 232 
240 232 
228 216 
228 212 
236 232 
232 216 
232 208 
232 208 
240 204 
204 212 
236 236 
232 212 
236 204 
236 232 
236 232 
236 220 
232 204 
232 212 
444 236 
52 40 
232 212 
236 204 
240 208 
236 236 
232 208 
228 212 
232 208 
676 208 
240 220 
240 204 
240 232 
236 260 
236 212 
232 204 
232 228 
220 212 
252 568 
232 208 
236 208 
228 244 
232 208 
240 212 
228 216 
248 212 
216 236 
240 732 
236 212 
240 208 
240 44 
232 216 
240 204 
236 216 
236 248 
236 204 
240 208 
236 240 
236 204 
240 232 
240 212 
236 216 
240 208 
240 236 
236 208 
248 212 
240 208 
232 236 
236 224 
336 232 
240 208 
236 212 
236 208 
228 208 
236 216 
232 216 
240 232 
228 212 
240 232 
228 216 
236 212 
228 208 
232 212 
236 208 
232 208 
240 212 
232 236 
244 208 
236 416 
232 208 
252 212 
236 232 
232 208 
236 264 
240 212 
236 208 
232 212 
244 228 
236 220 
244 212 
240 204 
228 208 
232 204 
232 212 
256 212 
236 1088 
280 204 
240 208 
236 220 
240 208 
232 204 
240 212 
236 236 
240 208 
232 208 
468 208 
236 208 
232 228 
236 208 
236 232 
236 260 
232 204 
228 212 
232 212 
688 232 
240 236 
236 220 
232 208 
232 204 
228 212 
228 208 
240 216 
212 216 
232 568 
228 208 
244 216 
240 220 
240 236 
784 236 
240 208 
240 260 
212 208 
228 208 
236 224 
236 232 
236 236 
236 256 
232 208 
256 216 
232 208 
244 216 
356 656 
236 208 
240 208 
240 208 
236 256 
248 212 
232 208 
236 264 
232 280 
240 208 
236 216 
236 204 
236 232 
236 212 
236 208 
240 232 
244 212 
232 208 
232 216 
232 212 
232 208 
236 600 
232 208 
236 220 
236 212 
260 220 
236 204 
240 208 
240 204 
236 220 
268 212 
232 212 
236 208 
236 228 
236 216 
232 220 
228 208 
236 212 
236 996 
236 204 
228 208 
236 216 
236 212 
232 208 
236 212 
236 216 
232 208 
236 232 
236 208 
236 208 
232 208 
232 260 
240 208 
232 212 
232 216 
236 208 
236 260 
236 212 
232 228 
472 212 
236 224 
240 216 
236 208 
268 208 
228 208 
232 220 
236 260 
228 216 
704 208 
240 212 
232 232 
232 212 
236 212 
252 212 
232 232 
236 236 
212 224 
232 540 
228 216 
236 208 
240 208 
232 232 
232 212 
232 208 
236 220 
212 232 
236 244 
264 220 
232 216 
236 236 
240 216 
236 208 
232 204 
236 212 
232 212 
244 212 
236 216 
232 212 
244 220 
236 212 
232 208 
244 208 
236 216 
240 212 
232 208 
304 608 
236 204 
240 216 
236 224 
244 208 
236 212 
228 208 
244 256 
236 240 
272 212 
240 220 
240 224 
504 204 
236 244 
240 224 
236 224 
268 208 
236 212 
240 220 
236 256 
228 208 
244 208 
232 236 
236 224 
236 212 
236 208 
232 240 
252 208 
232 212 
232 216 
232 208 
232 216 
236 208 
232 244 
236 256 
236 240 
232 204 
240 208 
44 40 
232 208 
264 208 
252 212 
232 208 
232 216 
236 236 
236 220 
240 212 
240 208 
240 208 
448 216 
240 208 
240 236 
232 232 
228 204 
244 208 
240 204 
236 220 
232 212 
720 212 
236 212 
236 236 
236 256 
232 208 
232 208 
236 216 
236 216 
212 216 
236 532 
44 44 
240 208 
236 216 
236 212 
232 208 
232 208 
236 220 
208 212 
236 256 
236 232 
232 220 
236 212 
236 208 
228 208 
232 204 
232 212 
1008 252 
236 212 
236 236 
236 208 
240 236 
232 212 
232 208 
236 216 
240 212 
236 236 
240 44 
232 232 
240 208 
236 232 
240 212 
232 208 
232 212 
236 220 
232 208 
240 216 
340 216 
240 220 
232 208 
236 208 
292 224 
240 232 
236 208 
236 212 
232 232 
232 236 
240 232 
240 208 
236 240 
228 244 
228 208 
232 208 
232 232 
236 232 
240 204 
236 212 
236 216 
240 208 
236 208 
240 232 
236 204 
232 244 
228 212 
232 208 
240 208 
236 216 
240 232 
264 212 
240 216 
236 236 
240 224 
228 208 
280 208 
240 220 
240 212 
232 208 
524 212 
236 236 
236 212 
236 208 
232 220 
236 212 
236 208 
676 208 
240 232 
236 360 
240 208 
236 224 
236 256 
236 208 
256 204 
232 220 
240 240 
208 212 
236 580 
236 208 
