# ./FR-trace starting at Mon Apr 20 18:52:42 2020
################# CONFIG #################
# slot=5000
# samples=10000
# threshold=100
# idle=500
# minlen=500
# runs=10000
# pdathreads=2
# nmonitored=2
#   monitor0=../apps/openssl ec2_mult.c:153 0x1e7854
#   monitor1=../apps/openssl ec2_mult.c:161 0x1e789c
# nevicted=0
# npdatargets=2
#   target0=../apps/openssl bn_gf2m.c:412 0x20bd10
#   target1=../apps/openssl bn_gf2m.c:412+64 0x20bd50
# affinity=all
############## SYSTEM INFO ###############
# mastik_version=
# sysname=Linux
# nodename=lovelace
# release=5.3.7-arch1-1-ARCH
# version=#1 SMP PREEMPT Fri Oct 18 00:17:03 UTC 2019
# machine=x86_64
################## DATA ##################
# run=110
# datapoints=1319
52 44 
240 212 
236 212 
232 204 
236 212 
236 236 
308 208 
192 212 
240 256 
240 260 
232 220 
232 204 
228 208 
228 212 
236 224 
240 216 
252 208 
236 212 
232 208 
236 208 
232 216 
232 212 
240 208 
232 1140 
240 236 
236 216 
232 220 
344 44 
236 212 
228 216 
236 212 
236 208 
236 212 
236 244 
236 208 
236 212 
584 212 
232 208 
240 208 
232 204 
240 212 
236 212 
240 212 
240 208 
276 204 
236 428 
236 252 
240 212 
236 256 
228 212 
228 208 
244 216 
240 236 
220 236 
236 664 
232 208 
240 208 
236 220 
236 216 
232 208 
232 204 
236 204 
208 204 
236 212 
240 248 
236 208 
236 212 
236 212 
236 232 
232 208 
236 208 
236 212 
236 260 
236 208 
236 208 
232 208 
240 216 
232 224 
236 236 
236 220 
228 216 
232 204 
232 208 
232 216 
232 208 
240 216 
232 232 
236 208 
232 212 
232 208 
240 208 
240 208 
236 240 
236 212 
236 212 
232 212 
232 212 
232 208 
236 208 
232 208 
236 204 
236 208 
268 208 
236 216 
232 208 
232 204 
232 208 
236 1096 
240 204 
268 212 
240 236 
236 252 
236 212 
240 204 
244 204 
236 204 
232 256 
228 212 
236 208 
236 216 
236 240 
240 212 
392 216 
236 216 
236 208 
232 208 
232 208 
236 220 
256 208 
236 208 
236 236 
624 228 
232 248 
232 212 
240 228 
236 228 
240 232 
236 224 
236 236 
212 212 
232 464 
236 1032 
236 220 
232 204 
236 236 
240 216 
236 240 
232 204 
212 204 
236 684 
240 232 
236 212 
240 212 
240 248 
236 232 
240 232 
232 212 
216 204 
240 236 
252 212 
236 208 
240 208 
232 216 
240 212 
240 236 
240 212 
228 212 
232 208 
232 212 
236 208 
232 244 
240 212 
232 212 
232 208 
700 232 
240 216 
232 220 
236 216 
240 208 
232 216 
236 236 
240 604 
240 208 
236 216 
236 248 
232 208 
240 212 
236 236 
232 208 
232 208 
228 212 
240 208 
232 208 
248 212 
236 208 
232 204 
236 240 
236 224 
232 208 
236 216 
240 264 
268 208 
236 232 
232 204 
236 248 
236 216 
228 216 
232 212 
232 600 
236 212 
236 220 
236 236 
236 236 
232 244 
232 212 
232 212 
232 212 
412 224 
236 236 
228 312 
236 204 
232 268 
236 212 
236 236 
264 212 
240 37184 
0 0 
0 0 
0 0 
0 0 
0 0 
0 0 
0 0 
48 216 
236 236 
236 212 
240 208 
60 212 
236 212 
248 208 
200 236 
232 204 
236 232 
220 216 
232 716 
240 208 
236 216 
236 208 
236 228 
232 212 
236 208 
240 212 
280 204 
232 204 
236 212 
236 208 
240 212 
44 40 
580 220 
232 208 
232 216 
236 208 
236 212 
236 212 
232 208 
236 264 
236 220 
236 212 
240 220 
240 236 
236 216 
240 212 
236 212 
232 204 
240 224 
236 208 
236 268 
244 208 
240 212 
236 212 
240 208 
236 208 
236 220 
244 264 
236 212 
236 204 
236 48 
228 216 
236 204 
232 212 
236 216 
236 212 
232 208 
236 204 
236 216 
232 232 
236 212 
232 216 
228 204 
236 236 
236 204 
236 212 
236 232 
220 208 
236 212 
232 208 
236 208 
236 212 
236 212 
236 208 
236 220 
236 208 
408 216 
240 216 
228 216 
236 204 
280 248 
232 208 
232 212 
232 208 
240 232 
652 204 
232 256 
232 208 
240 216 
236 224 
232 212 
236 232 
236 244 
216 212 
232 532 
232 212 
228 208 
236 208 
236 208 
240 232 
236 204 
232 224 
208 208 
240 716 
240 208 
240 212 
872 236 
240 212 
236 208 
236 212 
236 256 
208 212 
236 208 
236 212 
236 220 
232 236 
256 208 
240 212 
244 236 
232 212 
240 208 
232 216 
240 244 
236 240 
240 232 
240 212 
236 208 
232 208 
240 236 
232 212 
232 236 
232 204 
232 204 
236 236 
240 232 
228 208 
236 232 
232 216 
232 232 
232 204 
860 220 
232 208 
240 212 
240 208 
236 204 
236 208 
232 216 
240 208 
268 216 
236 248 
232 216 
232 216 
232 208 
244 236 
240 208 
236 236 
240 236 
236 212 
236 204 
236 220 
236 216 
240 212 
232 232 
240 252 
228 316 
240 212 
232 224 
236 204 
236 236 
240 208 
232 212 
448 204 
232 208 
232 212 
232 208 
236 216 
232 212 
232 220 
240 216 
236 212 
688 208 
236 216 
240 220 
240 256 
236 236 
240 224 
236 212 
236 204 
216 220 
236 492 
804 236 
232 204 
232 212 
236 208 
236 212 
232 212 
232 212 
220 236 
236 212 
232 204 
232 212 
232 216 
240 204 
236 236 
232 240 
232 212 
240 236 
236 232 
236 212 
236 212 
236 212 
236 212 
232 208 
236 208 
228 208 
232 208 
240 208 
236 208 
228 212 
236 204 
236 220 
228 208 
232 224 
232 208 
864 204 
232 260 
232 212 
232 208 
236 216 
240 212 
236 232 
236 220 
232 216 
232 204 
232 208 
232 204 
236 212 
232 212 
236 208 
240 216 
240 236 
236 208 
236 208 
240 220 
232 212 
232 212 
228 204 
240 216 
236 216 
236 212 
240 216 
248 208 
240 212 
236 212 
240 212 
232 208 
236 212 
460 204 
236 212 
244 208 
232 212 
240 236 
232 208 
236 264 
232 212 
232 208 
464 208 
232 244 
236 212 
236 216 
232 228 
236 212 
232 84 
236 212 
236 232 
668 220 
236 236 
228 208 
240 212 
240 212 
236 236 
236 244 
240 212 
216 216 
324 492 
236 204 
240 208 
232 216 
236 208 
240 232 
236 208 
236 204 
216 212 
236 744 
236 236 
236 212 
232 208 
236 212 
236 204 
236 212 
232 40 
236 48 
240 212 
232 208 
236 204 
228 212 
336 208 
232 212 
232 208 
240 208 
236 212 
244 236 
240 232 
232 212 
236 232 
236 212 
232 208 
236 208 
232 212 
240 236 
232 208 
232 212 
240 212 
236 212 
232 208 
284 212 
232 208 
232 220 
236 208 
240 44 
232 212 
236 212 
236 208 
232 232 
240 236 
232 204 
236 208 
236 224 
240 236 
236 212 
240 212 
580 216 
240 208 
236 236 
236 232 
232 212 
236 232 
232 204 
232 208 
236 208 
236 228 
232 208 
228 212 
240 212 
232 264 
240 236 
244 216 
240 220 
236 236 
240 208 
244 208 
472 208 
236 240 
240 208 
232 208 
232 220 
232 208 
240 208 
240 236 
236 236 
708 204 
232 204 
228 212 
228 208 
232 212 
232 212 
260 216 
236 208 
216 236 
240 504 
240 208 
236 232 
236 240 
232 208 
236 216 
236 208 
236 204 
216 208 
236 232 
236 208 
284 212 
232 204 
236 212 
240 260 
240 236 
240 216 
232 268 
232 256 
236 208 
232 208 
232 208 
236 236 
232 208 
232 212 
236 252 
232 208 
264 212 
232 204 
232 208 
236 220 
232 232 
240 212 
256 212 
236 224 
236 216 
232 212 
232 212 
232 208 
232 208 
236 212 
268 208 
236 212 
236 204 
232 216 
232 212 
652 208 
236 212 
240 256 
240 240 
232 204 
236 208 
236 212 
236 228 
232 216 
232 208 
240 212 
232 212 
232 208 
228 208 
236 216 
240 236 
232 248 
236 212 
232 208 
232 260 
240 236 
236 236 
260 208 
236 208 
240 204 
240 208 
236 208 
240 216 
236 208 
232 208 
236 208 
484 212 
316 236 
236 212 
604 208 
236 212 
292 212 
232 204 
236 208 
236 212 
752 236 
240 236 
232 216 
232 208 
232 212 
232 212 
236 208 
232 216 
212 220 
236 552 
232 272 
236 208 
236 212 
240 216 
236 216 
240 236 
232 236 
216 204 
240 212 
236 248 
260 212 
236 204 
236 208 
236 204 
232 212 
236 220 
236 240 
236 212 
236 216 
236 228 
232 224 
240 240 
228 208 
232 208 
240 204 
236 212 
252 232 
240 264 
232 236 
236 212 
232 216 
232 212 
232 208 
228 216 
232 208 
232 208 
240 232 
244 216 
232 204 
240 208 
236 420 
232 204 
240 248 
236 212 
240 300 
236 212 
236 236 
236 224 
240 216 
244 240 
276 212 
232 212 
236 212 
236 232 
236 216 
240 208 
240 212 
240 232 
236 236 
232 216 
232 232 
236 208 
240 204 
236 216 
248 212 
236 216 
236 212 
276 212 
392 212 
236 208 
236 204 
232 244 
240 300 
240 204 
236 236 
232 216 
520 212 
232 212 
240 248 
236 212 
232 212 
236 232 
240 260 
236 260 
236 212 
240 356 
236 224 
48 44 
236 236 
236 216 
240 208 
236 236 
228 216 
208 208 
240 592 
240 220 
300 212 
232 208 
236 208 
240 208 
236 260 
196 208 
216 212 
236 232 
240 208 
236 208 
232 208 
52 40 
232 208 
240 232 
232 216 
228 212 
232 212 
248 212 
240 228 
236 244 
236 208 
236 212 
240 208 
232 208 
240 208 
236 212 
228 212 
232 204 
236 212 
240 216 
232 236 
232 212 
236 236 
236 236 
244 212 
372 212 
232 172 
232 208 
236 212 
236 208 
236 208 
232 208 
236 208 
236 208 
232 208 
236 212 
236 212 
232 204 
232 204 
240 208 
236 204 
232 212 
236 212 
240 212 
232 204 
240 896 
240 216 
240 240 
264 208 
240 216 
240 236 
236 236 
236 224 
232 216 
236 212 
232 264 
296 208 
232 208 
236 236 
248 232 
228 212 
236 208 
236 216 
236 212 
240 232 
528 208 
240 212 
236 260 
232 216 
236 212 
236 204 
236 224 
236 212 
236 216 
236 384 
232 208 
232 208 
232 208 
264 212 
236 212 
240 236 
232 212 
256 212 
232 604 
240 212 
236 236 
240 228 
232 212 
240 212 
240 240 
236 208 
220 216 
236 208 
228 212 
228 212 
236 212 
232 204 
240 236 
232 212 
236 232 
232 232 
240 236 
236 208 
228 208 
240 212 
232 252 
236 208 
232 204 
236 212 
236 212 
236 208 
236 212 
232 208 
240 216 
236 268 
232 204 
236 208 
236 212 
236 204 
240 232 
236 316 
236 232 
240 236 
236 208 
240 208 
232 212 
280 204 
236 208 
232 204 
236 1000 
236 220 
236 208 
236 232 
232 208 
232 204 
240 208 
236 204 
236 212 
232 212 
232 212 
236 212 
232 236 
236 216 
236 212 
236 212 
236 236 
232 236 
232 212 
236 220 
236 212 
232 208 
332 236 
232 212 
236 204 
352 248 
236 256 
236 240 
248 216 
240 260 
248 212 
584 232 
244 212 
232 208 
232 220 
232 208 
232 216 
236 208 
240 236 
240 216 
236 376 
232 252 
232 212 
232 208 
228 208 
236 208 
240 252 
232 216 
212 216 
232 652 
240 212 
236 212 
232 216 
236 224 
232 252 
240 204 
236 208 
216 216 
236 212 
236 204 
240 204 
240 232 
240 204 
236 212 
236 216 
236 220 
240 256 
232 216 
236 212 
240 204 
236 248 
236 236 
228 204 
252 208 
232 236 
232 212 
236 212 
236 208 
228 204 
236 232 
232 212 
240 268 
236 236 
236 256 
232 912 
236 212 
236 220 
232 208 
236 208 
284 232 
232 208 
260 208 
232 204 
232 212 
232 212 
236 340 
228 220 
232 204 
236 208 
236 216 
240 232 
236 216 
240 208 
236 216 
228 212 
236 208 
236 204 
308 208 
232 224 
240 216 
240 232 
232 236 
256 208 
240 208 
236 204 
232 212 
240 236 
356 212 
200 956 
196 188 
192 188 
196 192 
712 192 
228 188 
192 192 
212 216 
192 228 
188 208 
212 232 
232 228 
228 188 
192 228 
192 228 
232 192 
216 228 
236 424 
232 228 
232 220 
240 208 
232 204 
240 208 
236 212 
236 204 
212 212 
240 608 
236 260 
240 212 
232 212 
236 212 
240 204 
236 212 
556 224 
216 212 
236 232 
236 212 
236 248 
236 204 
236 216 
236 220 
240 216 
232 212 
228 208 
232 208 
232 220 
240 236 
240 208 
236 212 
236 208 
244 220 
236 208 
240 236 
244 236 
232 212 
236 224 
232 212 
236 208 
240 244 
236 208 
236 232 
232 264 
232 208 
232 208 
236 212 
236 212 
252 216 
0 0 
0 0 
0 0 
0 0 
0 0 
0 0 
232 208 
236 212 
236 212 
236 212 
236 204 
236 212 
236 208 
232 216 
236 268 
236 212 
236 252 
1172 236 
236 212 
236 212 
248 216 
236 232 
228 212 
232 240 
236 220 
236 248 
236 212 
348 208 
232 256 
256 292 
236 204 
232 236 
232 212 
232 252 
236 252 
236 212 
596 228 
240 240 
240 224 
236 208 
232 212 
240 264 
232 212 
236 204 
320 208 
236 460 
240 232 
232 228 
236 236 
232 204 
884 232 
236 220 
232 220 
212 204 
236 656 
240 216 
228 204 
240 208 
236 208 
228 232 
232 216 
232 204 
212 204 
228 204 
236 204 
232 220 
240 204 
232 208 
236 248 
240 212 
236 204 
232 208 
236 208 
240 232 
236 204 
236 232 
236 240 
236 232 
240 264 
236 216 
236 232 
236 220 
236 256 
236 260 
232 216 
236 208 
236 236 
236 208 
232 212 
240 208 
240 208 
240 216 
240 204 
240 212 
232 208 
232 212 
240 208 
236 212 
240 212 
232 216 
236 224 
236 208 
240 204 
232 208 
240 212 
236 208 
236 232 
228 208 
232 212 
236 208 
240 220 
232 216 
232 204 
240 212 
232 260 
236 236 
236 244 
228 208 
236 204 
236 224 
232 216 
236 212 
388 232 
240 216 
232 204 
232 212 
240 212 
240 232 
236 208 
240 204 
240 316 
632 216 
232 204 
236 236 
1084 208 
232 212 
244 260 
240 216 
240 228 
208 204 
240 468 
240 228 
236 236 
236 280 
232 204 
240 220 
232 208 
236 216 
212 208 
232 728 
232 212 
244 212 
236 212 
236 208 
232 236 
232 212 
228 212 
208 208 
228 216 
244 236 
236 240 
236 244 
232 208 
232 212 
232 228 
228 228 
232 208 
236 228 
868 192 
236 208 
236 208 
240 208 
236 236 
236 264 
240 204 
240 236 
236 248 
232 224 
236 212 
240 212 
232 208 
236 220 
240 224 
240 212 
236 204 
236 236 
240 204 
232 204 
