# ./FR-trace starting at Mon Apr 20 19:07:48 2020
################# CONFIG #################
# slot=5000
# samples=10000
# threshold=100
# idle=500
# minlen=500
# runs=10000
# pdathreads=2
# nmonitored=2
#   monitor0=../apps/openssl ec2_mult.c:153 0x1e7854
#   monitor1=../apps/openssl ec2_mult.c:161 0x1e789c
# nevicted=0
# npdatargets=2
#   target0=../apps/openssl bn_gf2m.c:412 0x20bd10
#   target1=../apps/openssl bn_gf2m.c:412+64 0x20bd50
# affinity=all
############## SYSTEM INFO ###############
# mastik_version=
# sysname=Linux
# nodename=lovelace
# release=5.3.7-arch1-1-ARCH
# version=#1 SMP PREEMPT Fri Oct 18 00:17:03 UTC 2019
# machine=x86_64
################## DATA ##################
# run=5127
# datapoints=10000
48 48 
212 188 
192 216 
232 312 
232 204 
236 232 
232 208 
328 232 
352 204 
220 208 
192 196 
192 192 
244 252 
236 192 
208 296 
236 224 
236 216 
216 212 
232 204 
212 408 
232 292 
232 228 
276 224 
312 300 
228 188 
200 200 
200 192 
360 228 
228 220 
48 44 
200 236 
212 240 
232 208 
240 208 
240 204 
224 216 
188 188 
216 192 
240 224 
196 224 
232 192 
228 220 
244 224 
588 284 
336 332 
264 200 
292 228 
204 224 
232 208 
236 208 
240 236 
192 208 
236 216 
604 192 
228 208 
240 208 
320 260 
220 196 
236 208 
200 192 
228 196 
212 236 
196 196 
232 208 
232 40 
228 200 
240 216 
240 196 
232 228 
236 256 
216 204 
200 196 
196 220 
272 208 
208 228 
196 196 
196 216 
272 244 
216 332 
288 200 
220 220 
236 208 
236 356 
216 208 
232 204 
268 188 
224 204 
212 196 
276 248 
296 192 
256 248 
236 212 
204 228 
240 216 
236 212 
200 212 
200 188 
204 208 
256 212 
244 216 
240 212 
196 216 
204 224 
232 212 
232 208 
236 228 
216 216 
216 216 
240 236 
236 216 
232 320 
496 360 
308 240 
236 208 
216 220 
216 204 
208 192 
240 240 
216 184 
244 248 
200 192 
204 188 
216 196 
236 212 
232 192 
196 200 
224 224 
212 208 
212 216 
212 220 
216 208 
228 232 
236 208 
196 196 
220 228 
196 236 
240 208 
220 192 
396 216 
212 212 
216 208 
212 268 
312 208 
240 432 
200 192 
232 208 
224 192 
200 216 
192 208 
200 216 
212 200 
236 228 
236 212 
236 232 
236 212 
224 220 
228 196 
188 216 
232 328 
196 196 
236 236 
228 188 
232 208 
212 208 
212 232 
216 212 
236 216 
240 236 
192 228 
260 280 
192 192 
200 208 
252 212 
292 228 
196 212 
736 228 
224 200 
236 256 
240 200 
232 220 
208 300 
200 184 
228 212 
584 204 
240 208 
196 200 
232 224 
228 208 
236 232 
240 208 
232 208 
212 212 
196 208 
340 200 
204 200 
192 200 
232 216 
236 356 
232 212 
232 208 
200 264 
196 188 
208 204 
216 264 
328 284 
280 316 
352 324 
216 200 
240 220 
200 224 
216 228 
212 296 
232 220 
240 208 
208 208 
196 200 
224 196 
196 212 
232 208 
200 196 
200 204 
232 200 
208 224 
220 272 
340 248 
204 184 
192 208 
232 216 
200 204 
196 208 
188 188 
212 192 
212 228 
208 236 
228 208 
232 192 
212 236 
232 208 
236 212 
236 252 
192 200 
204 220 
220 192 
200 220 
316 208 
308 324 
232 284 
192 196 
236 196 
240 200 
232 224 
688 216 
200 188 
236 236 
216 212 
212 208 
232 248 
272 200 
216 200 
284 272 
232 388 
208 224 
548 224 
188 212 
236 320 
232 236 
240 212 
236 208 
236 196 
232 208 
212 224 
292 200 
200 208 
228 216 
236 220 
232 208 
224 204 
200 196 
196 232 
312 204 
208 216 
244 208 
232 212 
240 208 
236 268 
192 204 
220 196 
208 232 
244 212 
252 196 
192 188 
236 208 
236 324 
332 320 
320 240 
208 232 
48 44 
236 204 
240 216 
208 208 
240 236 
236 224 
224 224 
244 244 
240 324 
296 252 
232 212 
232 204 
236 196 
196 252 
192 208 
200 220 
200 232 
236 232 
260 264 
200 196 
204 220 
196 200 
200 204 
228 196 
220 208 
212 236 
220 208 
204 208 
192 232 
44 44 
192 208 
244 256 
236 260 
240 232 
360 300 
236 232 
312 256 
272 280 
236 212 
240 192 
196 200 
316 252 
228 192 
244 372 
200 196 
204 208 
216 228 
196 200 
192 188 
200 196 
200 208 
532 204 
212 340 
436 204 
212 248 
216 252 
268 340 
216 208 
208 48 
204 204 
192 240 
196 224 
232 192 
212 224 
232 252 
232 192 
256 196 
264 196 
256 288 
240 252 
200 196 
208 196 
200 192 
192 200 
216 684 
224 216 
236 200 
200 192 
220 192 
216 188 
220 236 
196 196 
244 192 
228 192 
212 204 
216 220 
680 352 
244 268 
212 192 
196 204 
216 240 
200 196 
192 208 
204 196 
300 196 
192 196 
224 204 
212 212 
536 204 
196 212 
216 204 
192 220 
352 276 
216 208 
212 348 
196 188 
272 256 
200 192 
200 188 
412 208 
204 200 
204 196 
192 280 
232 260 
236 420 
228 212 
228 212 
336 208 
216 212 
244 216 
224 216 
252 196 
196 240 
196 228 
212 384 
212 252 
192 212 
196 204 
200 208 
192 216 
196 192 
196 216 
228 212 
196 200 
200 200 
204 232 
204 196 
420 200 
200 192 
196 196 
192 196 
196 188 
192 228 
192 192 
196 192 
220 208 
288 236 
216 384 
236 264 
340 236 
292 332 
304 232 
220 244 
240 264 
260 276 
248 204 
196 204 
208 196 
212 220 
236 204 
200 228 
288 200 
332 208 
196 256 
232 212 
196 212 
192 216 
216 220 
224 188 
212 196 
216 196 
200 200 
200 204 
200 192 
212 292 
204 196 
204 200 
240 236 
572 240 
248 192 
192 192 
188 212 
292 196 
208 196 
308 200 
196 228 
280 376 
236 376 
236 240 
244 216 
240 248 
232 196 
192 212 
296 296 
340 244 
240 232 
192 204 
232 216 
228 236 
236 232 
208 224 
232 212 
192 676 
476 216 
192 192 
228 236 
336 236 
200 212 
192 296 
200 188 
220 212 
196 204 
196 200 
232 232 
196 188 
192 200 
196 212 
220 204 
228 196 
200 192 
200 220 
232 228 
284 188 
192 320 
236 304 
248 208 
196 188 
272 204 
220 344 
336 216 
736 640 
208 212 
192 188 
196 192 
208 208 
216 200 
236 192 
196 220 
200 200 
204 204 
196 188 
216 220 
260 216 
200 216 
204 272 
224 348 
224 212 
192 192 
196 200 
204 216 
204 196 
196 208 
196 188 
216 204 
196 280 
192 208 
228 520 
208 208 
196 192 
192 208 
248 208 
236 192 
212 192 
188 196 
200 216 
196 228 
196 188 
336 196 
200 232 
224 220 
260 192 
196 196 
196 216 
196 224 
196 192 
208 236 
204 184 
192 192 
244 220 
216 216 
212 400 
192 196 
236 196 
244 256 
260 196 
212 188 
200 204 
200 200 
236 212 
200 208 
608 316 
212 216 
224 196 
216 456 
324 236 
196 192 
104 40 
236 228 
200 200 
308 288 
220 232 
208 216 
272 208 
424 248 
240 208 
208 316 
232 232 
304 236 
192 188 
192 192 
192 232 
240 192 
228 228 
320 204 
200 232 
196 224 
220 188 
196 192 
196 200 
196 208 
204 192 
220 196 
204 192 
240 192 
208 192 
52 40 
196 196 
192 192 
332 244 
292 268 
240 232 
324 292 
240 280 
236 244 
232 236 
192 204 
232 196 
200 208 
232 204 
284 320 
200 200 
200 204 
196 192 
252 196 
228 276 
240 272 
328 192 
236 200 
208 204 
264 204 
196 44 
204 232 
220 220 
224 204 
276 312 
212 232 
192 216 
208 212 
240 204 
220 228 
220 196 
212 204 
192 196 
320 188 
196 228 
228 192 
192 208 
216 196 
192 216 
192 196 
260 196 
228 216 
216 192 
204 192 
196 240 
236 268 
200 196 
224 196 
240 192 
196 296 
284 228 
236 192 
280 256 
220 240 
260 212 
196 204 
232 192 
208 192 
212 188 
196 192 
232 228 
224 236 
212 212 
196 192 
220 220 
212 196 
204 208 
208 192 
192 208 
200 208 
204 228 
204 200 
196 212 
212 188 
192 192 
196 196 
244 296 
228 192 
192 228 
228 516 
220 192 
196 196 
204 216 
196 192 
216 216 
208 196 
200 236 
236 204 
196 208 
664 188 
224 196 
200 204 
228 188 
192 188 
224 196 
352 284 
228 264 
264 232 
192 212 
200 224 
272 208 
240 196 
272 260 
196 232 
192 200 
392 352 
216 232 
192 200 
216 192 
196 228 
284 216 
244 200 
232 188 
252 200 
204 208 
196 240 
200 192 
188 224 
228 196 
196 228 
232 188 
296 356 
192 248 
236 236 
196 192 
212 252 
224 200 
204 192 
236 220 
232 324 
216 208 
212 236 
236 240 
292 256 
304 280 
192 196 
236 188 
220 220 
204 200 
212 212 
212 208 
192 192 
192 240 
236 304 
236 236 
192 264 
312 220 
240 236 
216 216 
296 372 
196 220 
284 220 
220 212 
212 220 
204 192 
220 192 
216 188 
196 208 
216 196 
192 200 
200 196 
196 220 
208 196 
216 192 
224 192 
200 216 
196 204 
220 192 
220 220 
204 196 
204 224 
236 212 
232 232 
224 216 
192 236 
280 232 
208 220 
264 340 
192 188 
284 320 
232 204 
236 236 
208 196 
220 208 
212 220 
220 192 
196 204 
204 200 
224 224 
396 244 
228 204 
256 236 
312 324 
244 232 
272 272 
352 268 
328 228 
312 192 
212 204 
284 192 
196 212 
196 196 
212 188 
224 204 
208 208 
216 216 
232 204 
216 216 
316 204 
268 352 
256 256 
276 248 
328 248 
196 432 
200 236 
196 188 
208 196 
200 252 
196 212 
192 188 
220 192 
220 200 
192 192 
192 200 
224 196 
196 208 
200 208 
212 208 
212 220 
212 216 
252 212 
232 192 
196 192 
200 276 
196 192 
204 196 
196 208 
192 212 
216 220 
228 420 
196 196 
192 192 
200 196 
228 200 
232 196 
192 196 
196 196 
192 192 
204 188 
216 212 
196 236 
232 192 
208 196 
388 188 
484 248 
200 196 
216 200 
200 200 
248 232 
208 208 
192 188 
196 268 
48 48 
672 204 
200 236 
196 196 
208 196 
196 188 
240 216 
228 212 
220 200 
236 208 
224 212 
208 204 
208 288 
228 208 
196 200 
196 228 
236 188 
200 192 
196 208 
288 252 
252 208 
224 200 
196 236 
232 192 
228 192 
196 196 
44 44 
212 192 
224 196 
312 248 
524 260 
224 212 
204 216 
204 196 
220 196 
192 220 
212 188 
196 196 
204 204 
196 212 
236 212 
192 192 
196 232 
224 276 
208 200 
196 216 
500 228 
196 304 
216 216 
192 200 
196 224 
216 196 
208 196 
196 44 
228 228 
240 212 
364 204 
196 192 
240 272 
236 228 
304 356 
216 368 
280 260 
524 260 
200 188 
192 196 
752 236 
216 208 
212 228 
200 200 
200 196 
192 216 
204 192 
216 640 
208 196 
200 248 
196 208 
260 196 
200 212 
216 208 
200 196 
196 196 
204 200 
216 216 
192 192 
236 216 
192 192 
524 212 
192 208 
316 212 
200 192 
200 268 
232 228 
248 260 
208 216 
196 216 
240 216 
308 208 
216 208 
292 196 
200 200 
232 212 
228 196 
200 240 
200 212 
220 220 
196 260 
192 188 
248 224 
228 192 
232 196 
196 232 
216 204 
200 304 
196 232 
212 196 
192 188 
236 216 
236 192 
208 252 
240 316 
196 208 
196 232 
216 280 
216 192 
208 212 
200 204 
244 208 
216 240 
324 296 
196 296 
232 228 
240 236 
224 236 
332 276 
200 188 
204 216 
200 224 
192 196 
196 204 
236 188 
196 204 
232 244 
212 220 
208 208 
248 196 
236 328 
212 212 
328 296 
620 252 
232 264 
240 636 
212 200 
208 212 
200 200 
228 200 
224 204 
204 192 
204 192 
196 252 
216 224 
208 192 
220 196 
196 192 
196 200 
236 236 
208 200 
196 356 
196 200 
200 204 
196 220 
192 208 
200 196 
272 220 
200 216 
200 192 
200 204 
200 208 
196 192 
200 200 
212 232 
196 188 
196 216 
200 192 
200 192 
232 188 
208 208 
216 212 
208 216 
200 212 
232 284 
320 212 
248 204 
200 192 
200 204 
216 216 
200 216 
208 208 
204 216 
208 192 
276 192 
212 200 
200 232 
200 196 
188 192 
228 212 
200 192 
200 192 
204 200 
196 200 
200 220 
192 204 
192 204 
196 192 
204 208 
328 216 
260 236 
276 232 
332 240 
204 256 
200 196 
212 220 
192 200 
196 212 
232 196 
204 188 
300 220 
204 300 
196 188 
248 224 
228 212 
192 208 
200 192 
200 212 
212 208 
256 188 
676 344 
212 192 
212 212 
236 208 
336 232 
196 208 
212 200 
196 192 
212 196 
196 192 
196 192 
356 204 
204 200 
192 308 
200 208 
196 196 
216 216 
232 236 
236 204 
224 208 
220 252 
236 364 
308 252 
364 316 
236 256 
264 232 
204 196 
220 208 
192 200 
264 676 
196 252 
200 188 
228 188 
200 200 
208 228 
236 196 
196 188 
236 216 
200 208 
196 192 
208 220 
200 192 
220 200 
212 424 
228 200 
204 252 
212 188 
192 236 
228 192 
196 224 
188 224 
200 196 
208 296 
192 212 
192 220 
224 208 
200 208 
192 188 
264 192 
188 192 
216 220 
196 232 
200 196 
196 192 
196 208 
204 200 
196 244 
208 200 
256 196 
188 232 
244 236 
196 188 
192 196 
192 208 
196 200 
216 196 
200 188 
216 392 
244 260 
48 48 
236 200 
236 232 
240 228 
268 308 
236 216 
332 248 
244 196 
200 208 
196 192 
236 192 
212 232 
236 192 
216 208 
192 200 
268 216 
228 208 
252 212 
220 212 
212 216 
224 212 
220 212 
220 212 
220 224 
240 256 
48 44 
236 232 
236 232 
220 252 
208 240 
240 224 
228 208 
228 208 
536 208 
240 624 
236 240 
232 212 
232 208 
236 212 
372 208 
244 208 
232 204 
212 212 
236 260 
232 236 
236 332 
240 204 
232 208 
236 212 
232 204 
236 208 
228 208 
232 208 
236 56 
240 208 
232 208 
240 224 
236 244 
236 248 
244 216 
232 208 
236 212 
236 212 
236 244 
240 216 
236 228 
232 208 
236 208 
236 216 
240 260 
232 212 
240 212 
240 208 
232 208 
232 260 
232 208 
232 208 
240 216 
236 252 
248 216 
236 216 
232 212 
240 208 
236 244 
236 256 
236 208 
240 224 
232 232 
236 216 
240 208 
232 212 
240 208 
232 232 
244 232 
364 220 
228 208 
236 216 
240 236 
232 208 
236 208 
264 212 
232 204 
340 268 
240 236 
232 212 
240 220 
240 208 
232 208 
236 236 
228 208 
236 216 
600 220 
236 208 
228 208 
236 224 
232 212 
232 208 
232 216 
240 232 
240 204 
240 424 
232 208 
232 216 
236 208 
232 232 
240 212 
232 212 
236 212 
212 212 
268 632 
232 208 
240 208 
256 212 
232 216 
240 224 
236 240 
236 208 
212 208 
236 212 
228 208 
232 208 
240 212 
288 216 
236 212 
244 208 
240 232 
236 256 
236 204 
240 208 
228 208 
232 216 
236 228 
404 204 
240 212 
236 216 
236 212 
232 212 
236 212 
232 208 
240 208 
236 208 
240 244 
232 208 
264 208 
228 204 
228 208 
240 260 
232 212 
232 212 
232 208 
236 208 
240 220 
232 232 
240 232 
232 208 
240 208 
232 208 
236 208 
252 232 
232 212 
240 216 
236 224 
236 208 
232 212 
232 212 
240 208 
240 208 
236 232 
240 208 
228 212 
240 208 
240 216 
332 204 
236 208 
228 284 
232 204 
232 208 
368 208 
228 216 
232 208 
240 208 
232 220 
232 212 
236 236 
236 216 
232 208 
612 264 
236 208 
236 208 
240 232 
240 232 
228 212 
236 208 
232 212 
208 248 
232 464 
236 228 
240 208 
236 208 
244 212 
232 208 
240 228 
232 208 
208 212 
240 660 
232 208 
232 212 
236 212 
236 208 
236 220 
232 212 
232 208 
220 208 
240 256 
236 212 
228 216 
236 232 
240 204 
228 212 
240 216 
236 248 
232 216 
232 204 
236 208 
236 232 
236 256 
232 236 
236 204 
236 216 
240 212 
236 268 
236 212 
240 212 
244 208 
232 204 
228 204 
236 212 
240 256 
232 208 
228 204 
236 212 
240 244 
228 212 
240 208 
236 212 
236 208 
232 212 
260 212 
232 212 
232 208 
228 204 
236 212 
236 204 
232 208 
244 212 
240 236 
232 212 
240 204 
236 204 
240 208 
236 224 
228 208 
236 244 
232 252 
236 236 
236 208 
232 212 
232 236 
236 208 
232 208 
236 208 
236 220 
44 44 
228 208 
228 208 
240 204 
232 212 
232 216 
232 232 
232 204 
236 208 
608 236 
232 208 
236 208 
232 232 
236 236 
236 212 
236 228 
228 208 
208 208 
232 444 
240 208 
236 240 
236 208 
236 212 
236 212 
236 208 
240 212 
236 208 
232 716 
236 212 
44 44 
232 216 
240 208 
236 236 
236 208 
232 220 
212 208 
236 208 
236 236 
236 204 
236 208 
224 48 
0 0 
0 0 
0 0 
0 0 
0 0 
0 0 
0 0 
0 0 
0 0 
0 0 
0 0 
0 0 
0 0 
0 0 
0 0 
0 0 
0 0 
0 0 
0 0 
0 0 
0 0 
0 0 
0 0 
0 0 
0 0 
0 0 
0 0 
0 0 
0 0 
0 0 
0 0 
0 0 
0 0 
0 0 
0 0 
0 0 
0 0 
0 0 
0 0 
0 0 
0 0 
0 0 
0 0 
0 0 
0 0 
0 0 
0 0 
0 0 
0 0 
0 0 
0 0 
0 0 
0 0 
0 0 
0 0 
0 0 
0 0 
0 0 
0 0 
0 0 
0 0 
0 0 
232 208 
652 232 
236 208 
232 212 
236 216 
240 212 
236 212 
240 204 
236 204 
212 208 
240 460 
232 216 
248 208 
240 232 
232 216 
236 208 
244 216 
232 232 
204 216 
240 692 
236 212 
232 204 
232 204 
236 216 
240 216 
236 208 
240 208 
216 216 
276 204 
236 212 
236 216 
228 208 
240 208 
240 216 
228 212 
236 244 
236 204 
232 232 
228 208 
228 208 
232 212 
244 212 
240 208 
240 236 
240 236 
240 204 
240 204 
236 208 
240 208 
244 216 
244 216 
240 224 
228 208 
236 232 
240 236 
232 224 
232 212 
236 204 
232 212 
232 304 
240 236 
232 208 
240 208 
236 208 
228 216 
232 208 
232 228 
236 232 
236 212 
232 208 
232 208 
280 216 
232 236 
240 256 
236 212 
236 216 
236 220 
236 212 
216 204 
232 208 
240 204 
236 240 
236 220 
232 208 
240 216 
228 212 
236 212 
412 208 
232 208 
228 204 
240 208 
232 232 
236 212 
232 212 
232 212 
236 208 
660 208 
232 212 
236 236 
236 252 
232 208 
232 212 
232 216 
244 208 
216 236 
256 472 
236 216 
240 216 
236 248 
236 232 
240 212 
452 212 
240 236 
216 264 
228 204 
240 204 
240 212 
236 256 
232 204 
228 212 
228 208 
232 208 
220 236 
236 220 
232 208 
228 208 
228 208 
232 212 
232 232 
232 272 
236 208 
236 216 
228 212 
228 208 
232 208 
232 212 
232 204 
240 216 
228 216 
240 208 
236 236 
236 236 
232 208 
236 208 
236 204 
48 44 
236 208 
236 204 
236 216 
236 216 
236 212 
228 212 
236 232 
240 236 
236 248 
236 212 
236 208 
232 236 
240 236 
236 216 
232 208 
240 236 
48 44 
228 204 
236 212 
240 208 
236 240 
240 208 
232 212 
232 204 
232 208 
232 216 
240 236 
220 232 
236 224 
232 208 
232 204 
232 208 
232 212 
232 208 
236 212 
232 204 
432 256 
236 212 
236 216 
240 236 
236 208 
232 244 
236 208 
232 208 
264 204 
692 216 
236 192 
240 212 
236 256 
236 208 
236 236 
232 208 
228 220 
212 212 
232 516 
236 208 
236 224 
236 204 
236 208 
240 236 
236 260 
236 232 
212 212 
236 700 
240 204 
236 212 
240 216 
236 216 
232 208 
240 208 
236 240 
236 212 
236 216 
232 208 
236 260 
252 212 
236 212 
236 236 
264 224 
236 208 
236 204 
240 208 
236 208 
232 216 
240 208 
236 208 
236 208 
232 204 
232 208 
236 236 
236 240 
240 216 
240 236 
236 232 
232 212 
236 208 
236 232 
240 212 
236 208 
236 212 
240 208 
244 212 
240 208 
232 208 
232 280 
240 236 
236 256 
240 212 
236 212 
228 216 
236 208 
232 220 
228 216 
236 208 
232 212 
236 208 
240 208 
236 228 
240 232 
240 232 
232 204 
228 208 
212 216 
240 236 
232 232 
236 228 
232 204 
240 216 
236 236 
236 216 
244 212 
456 232 
232 208 
236 208 
236 208 
236 260 
232 212 
308 208 
232 204 
236 208 
700 224 
232 212 
240 236 
232 240 
232 220 
228 212 
232 228 
232 216 
208 208 
236 464 
236 208 
232 208 
232 212 
236 232 
232 232 
240 208 
236 204 
212 208 
236 208 
236 228 
240 236 
232 208 
240 208 
240 212 
240 212 
232 228 
232 208 
236 204 
228 212 
236 244 
236 232 
228 212 
236 208 
236 264 
240 216 
232 216 
232 212 
232 220 
236 244 
236 212 
236 232 
240 212 
240 208 
236 208 
236 204 
240 212 
240 216 
236 216 
232 212 
244 208 
236 212 
232 212 
232 208 
232 204 
232 208 
236 212 
236 212 
236 216 
232 232 
236 208 
228 212 
236 208 
232 212 
236 208 
236 220 
236 232 
228 204 
228 216 
232 208 
232 208 
240 248 
236 208 
240 204 
236 232 
236 244 
236 224 
232 208 
244 208 
232 236 
256 208 
240 212 
240 208 
236 212 
236 236 
240 208 
236 208 
480 224 
236 204 
236 236 
228 208 
228 208 
232 212 
240 212 
236 212 
236 204 
724 216 
236 208 
240 232 
232 216 
232 260 
232 212 
232 224 
244 220 
216 236 
232 580 
240 204 
240 212 
232 208 
236 208 
240 212 
232 252 
232 204 
208 228 
232 204 
236 232 
236 212 
240 216 
236 260 
236 208 
236 204 
240 208 
236 232 
236 208 
236 208 
240 208 
268 228 
232 264 
236 252 
236 212 
240 212 
236 208 
236 212 
232 212 
232 252 
232 204 
232 208 
232 208 
236 232 
240 224 
236 232 
48 44 
232 216 
240 216 
232 212 
232 224 
236 236 
232 208 
236 232 
236 212 
240 208 
236 212 
240 260 
228 216 
240 220 
292 204 
232 220 
236 204 
228 260 
232 204 
236 212 
236 212 
240 260 
236 256 
232 212 
240 216 
232 208 
232 204 
240 224 
232 248 
228 228 
48 44 
232 208 
252 208 
236 212 
236 208 
236 236 
236 252 
232 208 
232 208 
240 260 
236 272 
488 216 
236 208 
236 208 
236 232 
236 260 
232 236 
232 232 
236 212 
240 208 
744 232 
236 236 
232 212 
240 212 
232 208 
232 204 
232 212 
236 212 
440 204 
232 44 
232 216 
236 244 
232 208 
232 208 
232 212 
232 256 
228 204 
216 224 
348 672 
232 212 
236 212 
236 228 
236 224 
236 208 
232 208 
236 260 
232 208 
256 216 
232 212 
240 204 
232 236 
232 212 
232 208 
236 212 
236 232 
236 236 
232 228 
236 232 
272 212 
228 208 
232 208 
236 224 
236 216 
236 204 
232 204 
236 204 
236 208 
236 260 
236 212 
232 208 
240 208 
232 212 
236 212 
232 208 
256 212 
232 208 
240 228 
236 224 
236 208 
240 212 
240 228 
232 208 
268 216 
240 216 
236 212 
236 216 
232 208 
496 208 
236 236 
228 228 
232 208 
236 212 
232 204 
232 212 
236 232 
288 208 
236 208 
276 208 
228 208 
232 212 
236 220 
236 240 
232 204 
232 216 
240 216 
236 216 
540 212 
236 212 
240 236 
248 212 
236 236 
228 212 
252 216 
236 208 
236 260 
240 384 
236 212 
240 208 
236 208 
240 220 
248 208 
236 208 
236 212 
216 256 
236 580 
236 208 
236 208 
228 208 
228 212 
236 240 
228 204 
232 208 
216 220 
236 216 
232 220 
236 240 
236 236 
236 208 
236 256 
232 208 
232 212 
232 216 
236 460 
240 224 
232 212 
228 208 
240 220 
236 212 
228 208 
232 208 
252 212 
244 216 
232 252 
236 212 
240 236 
236 260 
240 212 
240 212 
236 208 
240 232 
228 204 
240 216 
236 260 
248 212 
236 236 
232 224 
236 212 
236 216 
232 212 
240 232 
228 328 
240 212 
236 212 
236 232 
228 204 
232 208 
232 208 
240 216 
232 208 
232 236 
236 212 
240 212 
240 268 
244 208 
232 208 
236 216 
244 208 
236 228 
240 216 
236 208 
236 212 
228 216 
248 232 
240 216 
244 256 
232 212 
228 220 
268 204 
232 208 
240 216 
236 236 
520 240 
232 204 
236 212 
236 244 
240 208 
236 204 
232 204 
240 208 
232 260 
236 364 
232 208 
232 208 
240 208 
232 228 
228 204 
236 208 
240 208 
208 208 
232 608 
228 208 
236 224 
232 208 
236 216 
236 204 
232 208 
240 208 
212 240 
236 264 
236 208 
240 212 
232 208 
232 212 
236 212 
240 212 
232 212 
232 216 
240 216 
236 216 
236 248 
236 208 
256 208 
240 228 
232 208 
236 240 
236 236 
232 212 
236 212 
236 232 
232 232 
228 212 
240 212 
236 208 
240 220 
236 204 
236 212 
236 232 
236 212 
228 220 
236 216 
232 224 
232 208 
236 208 
232 208 
232 208 
236 212 
240 228 
236 232 
236 228 
232 208 
236 236 
48 44 
228 212 
240 212 
236 220 
240 232 
232 212 
236 208 
256 216 
228 204 
236 208 
240 236 
236 256 
236 208 
232 208 
236 216 
232 212 
336 208 
356 232 
256 212 
232 208 
232 208 
236 208 
236 204 
236 208 
232 216 
440 208 
236 264 
44 36 
232 216 
232 204 
240 208 
236 256 
232 208 
236 208 
232 396 
236 208 
236 212 
276 212 
228 216 
240 208 
264 212 
232 208 
212 204 
232 628 
232 204 
232 208 
240 212 
244 260 
236 232 
240 212 
236 204 
216 236 
232 244 
228 212 
240 236 
236 52 
236 216 
232 220 
232 208 
236 204 
232 208 
248 208 
236 232 
236 232 
236 252 
240 208 
244 208 
240 208 
236 212 
236 208 
232 208 
240 216 
240 224 
232 232 
240 236 
236 216 
232 204 
232 216 
236 212 
240 208 
244 236 
236 236 
260 204 
252 256 
236 208 
236 212 
236 208 
236 236 
244 208 
240 212 
240 236 
232 232 
232 212 
244 216 
240 224 
236 208 
236 208 
232 216 
236 236 
240 208 
232 208 
240 212 
236 220 
232 212 
240 212 
240 208 
236 208 
236 216 
232 212 
232 216 
236 212 
356 208 
272 236 
232 208 
232 232 
240 232 
236 212 
228 212 
236 208 
240 208 
592 220 
264 212 
228 216 
240 212 
236 208 
236 208 
232 204 
240 208 
208 208 
232 404 
236 260 
228 244 
308 248 
236 248 
232 216 
232 208 
232 212 
212 220 
232 656 
236 212 
240 216 
240 212 
236 248 
236 212 
240 236 
232 212 
216 216 
232 212 
236 208 
228 216 
240 208 
232 216 
240 208 
232 212 
228 208 
232 208 
228 212 
240 236 
280 204 
232 208 
236 208 
232 208 
232 236 
228 208 
236 232 
236 216 
240 208 
236 208 
240 236 
232 204 
240 236 
256 208 
236 212 
240 212 
240 232 
236 256 
236 204 
232 208 
264 220 
236 236 
236 212 
232 208 
240 236 
232 208 
232 208 
240 208 
232 236 
240 208 
232 208 
232 216 
236 208 
240 208 
240 260 
236 216 
236 236 
232 216 
228 224 
332 208 
240 208 
236 232 
232 236 
236 212 
236 208 
236 252 
240 204 
232 212 
356 204 
232 216 
236 248 
232 208 
236 220 
232 248 
232 212 
232 204 
240 208 
616 232 
240 216 
236 204 
236 208 
232 212 
232 208 
228 208 
232 212 
240 212 
232 444 
236 212 
228 212 
240 216 
236 252 
232 208 
244 208 
236 220 
220 216 
228 684 
240 208 
236 212 
232 208 
232 208 
240 208 
236 240 
232 212 
212 208 
236 232 
232 324 
236 208 
236 208 
236 264 
236 228 
240 204 
236 216 
232 228 
236 208 
236 240 
240 212 
236 208 
240 216 
236 236 
236 212 
244 232 
236 260 
236 232 
240 208 
240 236 
228 208 
236 208 
236 212 
240 216 
232 212 
236 224 
240 208 
236 220 
232 208 
232 212 
232 208 
236 240 
232 220 
232 208 
228 232 
228 208 
240 216 
252 212 
232 208 
240 204 
236 208 
240 220 
268 208 
236 208 
236 212 
232 204 
236 208 
232 232 
236 220 
232 224 
236 204 
240 208 
236 260 
236 208 
232 208 
240 208 
232 212 
236 240 
388 216 
228 216 
44 44 
232 208 
232 212 
240 216 
240 220 
236 208 
232 212 
620 208 
232 212 
236 216 
232 232 
236 228 
236 232 
232 208 
232 208 
212 208 
232 496 
240 232 
228 208 
232 212 
284 216 
244 232 
236 232 
236 228 
212 204 
232 688 
236 216 
228 208 
44 44 
244 208 
232 212 
236 224 
232 204 
208 212 
232 232 
232 232 
236 244 
236 252 
236 212 
260 212 
228 220 
236 244 
236 212 
240 208 
236 216 
236 208 
236 212 
240 252 
232 224 
256 216 
232 208 
232 212 
236 208 
232 212 
260 208 
232 44 
236 208 
236 260 
236 208 
240 204 
304 212 
236 236 
236 208 
232 208 
240 212 
232 208 
228 204 
240 208 
236 236 
232 232 
236 236 
236 208 
232 220 
240 208 
236 208 
240 220 
240 224 
232 208 
236 232 
236 236 
240 208 
228 208 
236 212 
236 232 
240 208 
228 244 
240 204 
232 216 
236 208 
228 208 
236 216 
236 212 
296 208 
392 224 
240 212 
232 216 
236 220 
236 236 
240 208 
236 208 
240 260 
240 232 
664 204 
236 232 
236 252 
236 208 
236 208 
228 212 
236 220 
240 220 
216 236 
232 484 
232 240 
236 220 
232 236 
260 208 
236 204 
236 212 
232 256 
216 232 
244 684 
236 204 
240 228 
236 208 
240 216 
236 208 
232 240 
236 212 
216 236 
236 208 
236 232 
232 264 
232 204 
240 208 
236 208 
236 256 
236 216 
232 208 
236 236 
236 228 
236 216 
240 228 
232 236 
232 212 
228 200 
240 216 
240 212 
236 212 
236 204 
276 208 
244 208 
236 208 
236 240 
236 208 
236 216 
240 208 
236 204 
236 208 
232 216 
240 208 
232 208 
232 216 
236 236 
240 212 
236 232 
236 236 
244 232 
268 212 
236 244 
236 208 
232 216 
232 224 
236 208 
232 208 
236 236 
236 212 
236 212 
236 236 
240 236 
228 268 
232 208 
228 240 
236 208 
236 212 
232 208 
240 208 
236 232 
236 212 
416 220 
236 212 
236 236 
240 220 
244 212 
228 216 
228 208 
232 220 
232 208 
672 216 
232 208 
228 208 
240 212 
240 224 
272 208 
232 220 
232 208 
208 208 
240 504 
236 208 
228 212 
232 236 
228 204 
236 208 
232 208 
236 284 
212 204 
236 256 
236 216 
236 212 
236 232 
232 236 
228 236 
240 208 
240 212 
236 216 
240 208 
240 208 
236 208 
236 208 
264 204 
232 212 
236 216 
236 208 
232 208 
240 208 
240 208 
236 256 
232 208 
232 208 
240 212 
232 212 
232 232 
232 208 
240 232 
228 216 
232 204 
232 208 
236 212 
236 212 
236 232 
236 248 
232 264 
232 212 
236 236 
236 208 
232 212 
232 212 
240 232 
240 232 
236 216 
228 208 
232 212 
236 212 
240 208 
236 208 
240 216 
240 220 
236 236 
228 208 
232 216 
240 232 
232 252 
232 220 
236 204 
440 208 
204 208 
240 232 
232 208 
236 204 
236 208 
236 204 
240 208 
236 204 
240 220 
428 228 
236 208 
232 204 
232 208 
236 208 
232 232 
232 236 
240 208 
240 212 
672 208 
232 212 
232 212 
236 216 
48 40 
236 224 
232 208 
232 208 
208 208 
232 508 
240 256 
232 228 
236 232 
240 236 
232 236 
232 212 
240 216 
212 208 
232 236 
232 208 
240 236 
236 256 
232 208 
240 208 
240 216 
236 232 
216 212 
236 216 
48 40 
232 216 
236 236 
232 208 
236 232 
236 224 
236 240 
232 208 
228 208 
236 212 
264 208 
236 256 
232 212 
236 208 
232 208 
236 208 
236 228 
232 212 
236 212 
228 208 
232 208 
244 212 
236 232 
232 212 
236 208 
244 208 
236 220 
232 232 
228 44 
240 208 
240 212 
248 208 
240 212 
240 208 
232 208 
232 204 
240 204 
228 216 
232 212 
232 212 
232 220 
236 212 
228 208 
232 212 
232 212 
232 212 
240 208 
244 208 
232 232 
220 220 
236 248 
232 212 
236 216 
240 220 
232 216 
228 208 
228 220 
232 208 
456 208 
232 204 
232 208 
236 212 
236 264 
260 204 
236 208 
232 204 
240 240 
716 212 
232 208 
240 240 
236 232 
236 232 
232 208 
232 208 
236 236 
212 204 
240 516 
256 216 
232 260 
236 236 
232 212 
236 208 
236 216 
232 208 
216 224 
236 212 
232 212 
240 304 
236 208 
240 208 
236 268 
240 236 
228 256 
240 228 
236 252 
240 236 
236 220 
228 204 
244 208 
240 204 
240 208 
236 236 
244 216 
240 264 
232 212 
240 212 
244 212 
236 216 
232 228 
236 204 
232 208 
240 208 
240 208 
232 232 
232 208 
228 212 
240 220 
236 236 
236 212 
236 232 
236 232 
228 208 
240 220 
236 228 
232 204 
236 232 
232 208 
236 224 
240 232 
292 208 
232 216 
236 236 
228 212 
232 228 
228 212 
228 208 
236 256 
236 208 
236 208 
236 268 
236 208 
232 212 
236 208 
232 236 
224 232 
232 236 
236 208 
232 232 
236 224 
232 212 
236 204 
228 208 
236 232 
476 208 
232 208 
232 208 
232 212 
236 236 
228 208 
236 208 
240 212 
236 208 
704 212 
232 208 
232 204 
256 208 
240 216 
240 252 
232 216 
232 208 
216 208 
244 524 
240 208 
240 204 
232 212 
232 208 
232 204 
236 208 
244 228 
220 236 
236 212 
232 216 
232 208 
232 224 
236 208 
228 224 
236 256 
232 208 
236 208 
236 216 
236 240 
232 212 
232 208 
240 220 
236 212 
236 208 
236 216 
232 240 
232 212 
240 256 
228 208 
228 204 
236 236 
228 208 
236 232 
236 232 
232 208 
232 212 
232 204 
240 212 
236 260 
240 224 
232 244 
232 208 
236 240 
236 228 
244 204 
240 208 
236 204 
232 204 
236 236 
240 208 
236 256 
236 252 
256 212 
236 208 
240 216 
240 220 
240 208 
232 216 
236 236 
240 236 
316 208 
244 216 
240 208 
232 212 
240 204 
232 232 
236 208 
256 208 
232 212 
236 216 
236 208 
240 208 
240 232 
264 208 
236 212 
232 208 
496 212 
236 236 
260 216 
232 224 
236 212 
232 208 
236 216 
236 212 
228 208 
744 232 
232 236 
244 228 
232 216 
228 208 
232 204 
76 44 
236 240 
212 212 
232 572 
232 232 
256 272 
228 204 
232 216 
236 208 
232 212 
240 228 
212 216 
240 232 
228 212 
228 212 
236 212 
236 252 
232 208 
232 240 
244 208 
244 216 
240 212 
228 212 
228 212 
340 216 
232 152 
48 212 
232 208 
236 212 
240 232 
236 216 
232 208 
232 232 
232 204 
236 208 
232 212 
236 212 
232 212 
236 208 
232 212 
232 212 
236 220 
236 240 
240 208 
240 216 
236 212 
232 208 
236 216 
232 228 
288 204 
236 208 
240 212 
232 212 
228 232 
232 40 
236 208 
240 216 
244 344 
240 204 
236 208 
236 204 
240 208 
236 236 
236 232 
232 208 
232 204 
240 204 
232 244 
236 232 
232 212 
232 208 
292 220 
232 260 
240 212 
236 220 
232 208 
240 220 
232 212 
240 208 
236 236 
524 216 
232 228 
228 208 
232 212 
236 208 
232 216 
232 208 
228 204 
256 296 
236 376 
284 216 
240 212 
236 228 
236 256 
232 208 
232 236 
228 208 
424 204 
252 580 
228 208 
236 236 
236 256 
236 240 
232 208 
228 204 
232 208 
208 212 
268 708 
232 208 
240 216 
236 208 
232 232 
232 232 
236 212 
232 208 
240 232 
236 232 
232 212 
236 216 
236 252 
236 220 
228 208 
240 204 
236 212 
240 208 
236 208 
236 212 
240 228 
236 216 
232 216 
232 208 
236 204 
232 212 
236 244 
228 208 
244 208 
236 232 
232 212 
228 236 
232 216 
232 204 
240 212 
232 232 
232 236 
276 220 
236 212 
240 208 
236 208 
236 232 
236 208 
236 208 
240 208 
240 208 
228 208 
232 212 
228 208 
236 208 
232 204 
232 208 
240 224 
232 208 
236 236 
232 236 
240 212 
236 224 
236 232 
316 212 
232 212 
232 208 
232 208 
240 216 
348 208 
240 212 
236 216 
236 212 
528 260 
232 208 
232 208 
236 236 
240 256 
232 216 
236 224 
236 204 
228 216 
240 380 
232 232 
236 212 
244 212 
236 208 
240 208 
236 208 
232 208 
212 232 
232 556 
236 248 
232 236 
236 204 
236 208 
232 244 
236 212 
228 212 
216 236 
236 232 
232 216 
236 212 
232 216 
232 212 
244 212 
232 220 
236 236 
236 240 
232 208 
240 208 
236 208 
232 236 
300 212 
228 208 
232 204 
236 208 
232 212 
232 208 
240 212 
236 208 
240 208 
236 252 
252 212 
240 208 
236 208 
232 216 
240 236 
232 208 
236 208 
236 232 
236 236 
232 216 
240 208 
232 212 
232 212 
232 208 
232 232 
236 228 
236 216 
232 236 
232 220 
240 212 
236 208 
240 208 
264 208 
232 208 
236 212 
236 252 
236 212 
232 212 
368 276 
0 0 
0 0 
220 216 
236 208 
228 208 
236 208 
232 212 
316 216 
236 212 
240 212 
236 248 
228 212 
232 208 
236 208 
232 204 
232 208 
576 208 
232 232 
236 224 
236 220 
232 228 
236 208 
244 232 
236 208 
236 212 
236 408 
236 236 
232 208 
228 208 
240 236 
232 208 
236 208 
236 228 
212 260 
232 628 
232 208 
232 208 
232 212 
240 244 
236 260 
236 212 
232 212 
220 236 
240 232 
236 208 
236 208 
44 44 
236 252 
244 212 
232 204 
236 216 
232 208 
236 240 
232 204 
228 228 
240 216 
236 264 
244 220 
232 208 
236 208 
244 216 
232 212 
232 236 
236 212 
240 276 
228 208 
228 216 
232 212 
236 236 
236 252 
232 208 
228 208 
44 44 
232 208 
244 212 
244 236 
228 208 
240 280 
232 236 
232 212 
236 260 
232 208 
240 212 
236 232 
228 212 
232 212 
228 212 
232 236 
232 212 
228 208 
240 240 
232 216 
228 208 
240 208 
236 236 
232 232 
232 44 
232 216 
240 208 
228 212 
236 204 
232 204 
332 208 
232 216 
232 212 
236 208 
232 208 
236 208 
232 216 
236 208 
236 212 
580 216 
236 216 
240 208 
236 212 
232 212 
232 208 
232 204 
240 212 
236 232 
232 428 
232 212 
228 204 
236 208 
236 212 
236 224 
240 264 
244 212 
212 236 
232 672 
240 216 
236 212 
236 220 
240 232 
240 212 
232 208 
240 208 
216 208 
236 208 
240 248 
240 212 
236 208 
240 216 
240 236 
236 204 
240 208 
236 216 
240 224 
236 216 
232 240 
232 208 
236 208 
232 208 
236 208 
236 232 
232 212 
236 216 
228 224 
232 256 
236 208 
232 208 
232 252 
232 212 
236 208 
240 216 
232 232 
236 248 
228 208 
232 208 
244 212 
232 216 
236 208 
404 208 
236 208 
236 212 
236 240 
260 216 
232 212 
232 216 
228 208 
236 248 
236 208 
232 220 
236 232 
240 232 
232 244 
236 204 
240 216 
228 224 
236 208 
236 208 
232 240 
232 224 
236 232 
236 248 
240 212 
232 208 
388 236 
232 260 
236 240 
236 248 
232 212 
232 212 
236 220 
240 208 
236 208 
604 208 
232 216 
232 212 
236 208 
236 216 
240 236 
232 212 
232 208 
212 212 
240 416 
236 208 
236 204 
236 224 
240 208 
236 212 
240 204 
232 208 
216 212 
236 684 
232 212 
232 216 
232 212 
240 208 
236 212 
232 208 
236 220 
216 208 
232 216 
236 208 
232 208 
240 208 
236 204 
240 212 
240 232 
236 236 
240 256 
236 228 
244 208 
232 208 
240 204 
240 204 
240 204 
232 208 
264 216 
236 212 
236 236 
236 216 
236 208 
228 212 
236 232 
228 216 
232 208 
228 304 
232 212 
236 232 
232 208 
232 208 
240 260 
232 248 
236 208 
236 256 
240 216 
228 212 
240 216 
232 212 
600 208 
232 212 
236 208 
236 232 
236 232 
232 208 
236 208 
236 208 
236 208 
244 212 
236 204 
240 232 
240 204 
236 208 
240 232 
236 220 
228 208 
232 208 
240 204 
236 212 
240 216 
372 204 
240 236 
232 212 
240 236 
232 208 
228 208 
240 208 
240 236 
236 212 
640 224 
236 216 
236 260 
256 212 
232 204 
228 212 
236 204 
236 256 
216 228 
236 468 
244 216 
232 248 
236 260 
232 212 
236 460 
236 236 
236 240 
216 256 
256 664 
236 228 
236 220 
232 208 
232 208 
228 208 
232 236 
240 232 
212 224 
232 204 
236 232 
236 220 
240 212 
232 212 
236 204 
232 208 
240 216 
236 232 
244 232 
240 208 
232 216 
240 232 
236 204 
236 212 
240 208 
236 232 
240 232 
236 212 
236 220 
240 220 
48 44 
236 204 
240 212 
244 240 
244 208 
232 212 
240 208 
236 236 
236 216 
232 208 
232 228 
236 208 
232 204 
236 236 
232 232 
232 240 
228 224 
236 208 
52 40 
232 204 
232 236 
236 208 
236 216 
244 212 
236 208 
232 232 
236 232 
228 232 
236 216 
240 208 
232 208 
228 212 
236 224 
232 216 
236 212 
232 252 
236 216 
236 228 
404 208 
236 208 
236 216 
236 228 
256 208 
232 204 
232 212 
232 44 
240 232 
632 204 
228 208 
240 216 
240 204 
236 208 
236 216 
236 216 
236 236 
328 208 
244 496 
236 208 
240 264 
236 208 
228 212 
236 204 
240 244 
236 212 
212 208 
232 732 
240 204 
236 264 
236 252 
236 212 
240 236 
228 208 
236 208 
212 212 
232 212 
232 236 
240 212 
236 232 
240 256 
232 256 
228 204 
236 216 
236 204 
228 252 
244 212 
236 216 
236 216 
228 208 
232 208 
236 216 
240 208 
232 204 
236 216 
240 260 
236 208 
236 236 
232 208 
232 208 
240 208 
236 212 
236 212 
232 204 
236 236 
236 232 
240 252 
240 208 
240 208 
236 220 
240 208 
236 232 
236 208 
232 212 
236 216 
236 236 
240 208 
232 212 
236 212 
232 212 
236 212 
240 216 
236 224 
236 216 
232 212 
232 216 
220 212 
240 240 
232 232 
240 236 
240 208 
240 212 
232 232 
232 208 
236 228 
436 228 
240 216 
240 220 
232 208 
236 208 
236 208 
232 240 
240 212 
232 208 
684 208 
232 212 
232 208 
232 212 
436 228 
236 208 
236 204 
232 212 
208 212 
236 528 
240 216 
236 244 
252 212 
232 232 
236 208 
236 232 
232 204 
212 208 
240 212 
228 208 
236 216 
232 204 
240 204 
240 244 
252 212 
240 212 
216 208 
236 212 
240 212 
236 216 
240 212 
236 236 
240 212 
236 232 
236 236 
236 240 
236 236 
236 212 
236 208 
232 236 
228 224 
252 212 
232 204 
228 204 
240 236 
252 208 
232 212 
232 224 
236 212 
240 208 
236 208 
236 268 
236 248 
240 232 
236 208 
236 208 
232 252 
228 208 
236 212 
240 212 
240 208 
240 212 
240 208 
232 212 
240 208 
228 216 
232 208 
236 204 
232 240 
240 216 
232 212 
236 208 
232 208 
240 208 
240 208 
228 208 
240 212 
212 208 
244 216 
232 208 
232 244 
236 240 
240 208 
232 232 
240 216 
236 256 
440 212 
236 260 
236 244 
276 208 
260 228 
240 212 
240 208 
232 208 
240 208 
672 212 
232 216 
240 216 
232 252 
232 212 
240 216 
236 224 
244 208 
212 212 
236 540 
240 216 
232 204 
244 212 
236 232 
240 216 
232 204 
240 208 
212 236 
236 236 
236 212 
236 212 
236 212 
228 212 
48 44 
252 208 
240 212 
236 208 
228 216 
236 224 
236 236 
236 208 
240 208 
232 208 
232 216 
272 208 
236 224 
236 228 
232 204 
232 216 
240 208 
236 212 
240 208 
232 208 
228 232 
44 48 
240 208 
240 208 
232 216 
236 212 
232 204 
232 208 
240 216 
236 212 
232 220 
236 204 
236 216 
236 244 
232 212 
236 212 
236 212 
236 236 
236 232 
232 216 
240 48 
232 232 
236 208 
232 216 
256 212 
236 208 
236 212 
236 212 
240 232 
236 212 
236 236 
276 208 
232 212 
228 212 
216 208 
236 236 
232 212 
232 208 
240 236 
236 232 
240 240 
228 208 
236 204 
468 208 
240 204 
232 208 
240 216 
236 208 
236 248 
264 212 
236 224 
240 216 
688 244 
232 208 
228 208 
236 208 
236 208 
228 208 
240 212 
240 232 
212 232 
232 536 
232 204 
240 224 
232 280 
240 208 
236 228 
240 216 
232 208 
216 216 
240 208 
240 216 
228 212 
232 212 
236 208 
240 252 
228 212 
232 208 
232 232 
240 212 
228 220 
232 208 
240 208 
240 212 
232 216 
236 232 
236 236 
232 208 
228 204 
236 236 
232 212 
240 208 
232 216 
232 228 
240 232 
236 208 
236 208 
236 212 
336 300 
232 204 
236 212 
240 208 
240 232 
228 228 
232 236 
236 216 
232 208 
236 232 
244 236 
240 212 
236 208 
236 240 
236 236 
232 228 
272 212 
232 212 
236 236 
228 208 
240 212 
240 208 
232 256 
232 208 
240 208 
232 208 
232 208 
236 256 
232 212 
356 208 
240 232 
252 244 
236 264 
236 232 
228 236 
236 208 
240 204 
236 276 
240 208 
232 232 
488 216 
232 208 
240 208 
236 232 
236 204 
232 212 
232 208 
232 208 
284 212 
748 232 
232 208 
236 204 
240 212 
228 208 
244 208 
240 208 
244 216 
208 208 
232 600 
236 208 
232 216 
232 212 
236 212 
240 208 
240 248 
236 252 
212 212 
232 212 
232 240 
240 208 
232 212 
236 204 
240 220 
236 264 
240 216 
236 224 
236 208 
240 220 
232 224 
236 216 
300 212 
244 212 
232 248 
236 232 
280 212 
240 216 
236 208 
232 208 
232 248 
232 208 
240 208 
236 208 
240 232 
232 212 
236 212 
240 212 
236 208 
228 204 
232 208 
236 236 
232 208 
228 212 
232 212 
232 444 
236 216 
232 208 
236 212 
236 244 
236 208 
236 208 
244 212 
236 208 
228 212 
236 212 
244 244 
232 208 
232 212 
240 260 
232 208 
240 208 
236 244 
252 236 
240 208 
232 212 
232 212 
232 208 
240 208 
232 208 
240 240 
252 208 
236 244 
232 212 
236 336 
232 204 
228 208 
508 232 
232 216 
236 204 
232 232 
240 208 
236 212 
236 232 
236 232 
236 268 
736 208 
228 208 
236 208 
236 208 
236 212 
48 48 
236 204 
232 208 
208 216 
236 588 
236 248 
232 208 
236 220 
232 208 
232 208 
228 212 
232 236 
216 220 
236 232 
232 208 
236 208 
240 208 
236 232 
236 232 
236 212 
356 208 
236 208 
240 212 
232 232 
236 232 
232 208 
236 208 
240 224 
48 40 
236 248 
236 208 
232 220 
240 216 
236 236 
236 240 
260 224 
236 208 
240 212 
236 236 
236 208 
232 232 
240 216 
236 212 
228 212 
232 208 
232 212 
232 204 
236 232 
236 208 
232 248 
232 212 
232 208 
236 236 
232 224 
228 208 
228 216 
240 208 
244 44 
248 208 
232 208 
236 208 
228 224 
232 216 
240 204 
228 208 
236 232 
236 204 
236 212 
228 216 
232 212 
236 208 
236 240 
268 208 
232 208 
232 212 
240 208 
240 212 
236 232 
228 208 
232 216 
232 208 
540 208 
236 216 
240 204 
232 208 
232 208 
240 208 
236 232 
232 208 
232 208 
748 236 
244 232 
236 216 
236 216 
232 212 
236 240 
232 208 
248 212 
216 236 
236 592 
228 212 
236 208 
244 208 
240 216 
228 208 
236 236 
308 208 
208 212 
240 216 
228 208 
240 208 
260 212 
232 208 
236 216 
232 240 
232 212 
236 232 
232 212 
240 296 
236 208 
228 208 
232 212 
232 244 
232 204 
232 208 
236 208 
232 208 
240 208 
232 208 
236 212 
232 212 
232 220 
244 216 
240 236 
236 208 
228 208 
240 212 
240 252 
240 208 
240 212 
240 260 
232 228 
256 212 
236 208 
232 204 
232 216 
236 208 
232 204 
236 208 
236 224 
244 248 
336 212 
232 216 
360 232 
232 228 
236 220 
232 208 
236 216 
232 212 
240 204 
228 208 
232 208 
232 216 
232 208 
260 212 
236 216 
232 244 
320 216 
232 208 
232 208 
232 208 
232 208 
228 208 
232 208 
260 212 
232 208 
568 212 
240 212 
236 208 
228 208 
236 224 
236 260 
236 232 
232 216 
240 236 
232 392 
240 208 
240 216 
236 232 
236 208 
236 252 
232 212 
232 208 
212 212 
240 636 
236 224 
232 232 
232 208 
228 204 
264 260 
232 212 
232 212 
220 208 
240 260 
236 236 
236 232 
236 260 
244 208 
232 208 
232 208 
236 204 
240 212 
236 912 
236 248 
236 212 
228 208 
232 212 
232 208 
236 212 
236 212 
240 236 
240 260 
240 212 
236 204 
240 208 
252 212 
232 208 
244 208 
236 216 
236 228 
228 212 
236 216 
232 232 
236 216 
240 216 
236 220 
244 224 
236 208 
232 208 
240 208 
240 256 
236 216 
236 208 
236 212 
232 208 
232 232 
232 212 
252 212 
232 208 
240 208 
232 208 
240 224 
264 208 
232 204 
240 208 
240 208 
240 208 
240 232 
236 208 
232 208 
232 216 
236 208 
328 208 
240 208 
240 256 
236 208 
240 236 
232 208 
232 204 
232 208 
232 208 
552 208 
228 208 
228 208 
236 208 
236 232 
256 208 
236 216 
236 212 
232 204 
240 404 
236 220 
232 212 
240 208 
240 212 
236 216 
236 208 
236 216 
220 224 
44 44 
240 220 
232 216 
240 224 
236 236 
232 244 
232 212 
240 212 
220 220 
232 232 
292 208 
236 208 
232 208 
236 216 
232 204 
232 216 
236 212 
44 40 
236 212 
236 236 
236 212 
240 236 
228 208 
244 212 
232 240 
232 224 
236 208 
280 208 
232 208 
232 212 
240 212 
240 220 
232 252 
236 216 
236 252 
236 212 
232 212 
236 56 
236 240 
232 240 
232 212 
232 204 
240 228 
228 208 
236 236 
240 220 
240 216 
240 208 
236 208 
236 236 
232 216 
244 216 
244 212 
240 208 
240 228 
236 204 
228 216 
228 212 
232 212 
232 208 
236 216 
240 264 
240 236 
232 208 
236 204 
236 212 
248 208 
244 208 
336 212 
236 208 
232 212 
240 236 
240 224 
240 220 
240 208 
240 208 
236 236 
580 208 
236 212 
236 236 
240 236 
236 208 
232 208 
240 212 
236 204 
220 208 
240 432 
236 232 
240 260 
232 236 
240 232 
232 212 
236 208 
236 208 
212 204 
228 648 
240 236 
236 252 
240 208 
232 204 
236 208 
236 256 
232 212 
208 208 
232 208 
236 236 
232 204 
236 232 
232 212 
232 208 
236 204 
232 236 
232 212 
272 212 
236 236 
232 212 
228 216 
228 204 
240 236 
236 232 
232 208 
228 208 
236 220 
236 252 
236 220 
236 208 
236 212 
240 208 
236 204 
240 208 
232 208 
240 216 
236 320 
240 212 
228 208 
232 212 
244 216 
232 208 
236 208 
236 236 
232 216 
232 212 
236 208 
232 232 
232 208 
236 216 
236 212 
240 236 
240 212 
240 260 
232 280 
236 208 
236 212 
240 236 
232 224 
256 208 
236 236 
228 208 
232 208 
240 236 
236 252 
236 208 
240 208 
380 212 
240 232 
236 216 
236 220 
288 216 
232 212 
232 212 
228 232 
240 256 
588 244 
236 220 
232 204 
236 232 
236 232 
236 248 
236 212 
236 208 
220 204 
236 396 
228 220 
232 204 
240 208 
236 236 
236 264 
264 212 
236 256 
208 228 
232 688 
232 208 
240 208 
232 204 
232 220 
232 208 
232 228 
240 212 
220 216 
256 208 
232 204 
236 204 
240 216 
236 232 
236 212 
236 232 
236 220 
236 232 
228 208 
236 236 
228 208 
240 212 
240 240 
228 216 
232 212 
236 216 
232 216 
240 208 
232 212 
236 232 
236 208 
232 224 
232 208 
228 208 
236 232 
232 228 
236 208 
236 212 
232 240 
228 208 
240 224 
236 232 
232 260 
236 256 
244 212 
236 208 
232 204 
180 40 
240 220 
236 204 
240 236 
240 216 
228 212 
232 208 
232 208 
236 236 
232 208 
236 284 
240 208 
240 208 
232 208 
232 220 
232 236 
228 208 
236 208 
244 204 
240 208 
232 208 
376 236 
240 232 
268 212 
236 212 
264 212 
244 208 
236 212 
232 208 
48 44 
636 208 
240 212 
236 216 
236 208 
232 208 
236 208 
232 208 
232 208 
212 220 
236 448 
228 208 
236 212 
240 204 
232 208 
236 216 
236 212 
232 208 
216 212 
236 708 
240 232 
248 204 
240 212 
240 208 
228 216 
240 208 
232 44 
208 208 
240 232 
236 236 
236 228 
240 208 
228 212 
240 212 
228 204 
232 208 
240 236 
232 216 
240 212 
236 228 
240 232 
232 236 
232 208 
236 204 
228 212 
240 248 
228 208 
232 208 
228 204 
232 228 
236 212 
236 212 
236 216 
236 212 
232 212 
244 208 
240 220 
236 232 
240 208 
232 208 
240 212 
236 224 
240 212 
240 220 
244 204 
264 244 
240 232 
232 256 
232 212 
236 252 
228 208 
232 208 
232 212 
240 208 
244 216 
232 208 
232 208 
324 208 
232 212 
240 208 
240 208 
232 212 
236 244 
232 212 
236 212 
240 228 
236 204 
424 212 
240 212 
232 208 
240 208 
232 224 
232 236 
232 212 
232 208 
228 208 
628 212 
236 236 
252 208 
240 212 
232 204 
240 216 
236 264 
232 212 
244 208 
232 512 
240 212 
232 216 
236 212 
228 208 
228 212 
240 236 
232 212 
220 208 
236 720 
240 208 
232 220 
236 212 
232 208 
232 204 
276 208 
228 208 
216 212 
232 212 
236 208 
236 204 
240 216 
244 212 
232 236 
232 208 
240 212 
232 208 
236 208 
232 208 
232 216 
236 208 
228 204 
236 216 
232 212 
236 208 
232 204 
240 212 
240 220 
236 248 
236 208 
232 208 
244 212 
232 204 
228 208 
256 264 
240 236 
236 232 
228 212 
236 236 
228 212 
232 208 
236 212 
228 212 
236 256 
244 216 
228 204 
232 208 
236 236 
236 212 
236 212 
228 208 
236 252 
236 216 
236 232 
236 208 
232 208 
232 216 
240 208 
228 208 
232 208 
232 208 
236 208 
232 208 
236 228 
232 216 
232 208 
232 212 
424 208 
232 212 
232 212 
236 216 
232 208 
240 268 
236 236 
240 216 
236 212 
660 232 
236 204 
240 204 
228 212 
236 208 
232 208 
236 232 
236 232 
220 212 
232 540 
232 232 
236 224 
236 208 
236 208 
232 208 
244 208 
228 208 
212 204 
236 212 
232 204 
236 208 
232 204 
240 216 
232 208 
240 260 
236 232 
232 212 
232 212 
240 212 
236 216 
228 208 
232 208 
336 212 
240 232 
240 208 
240 224 
240 236 
240 212 
232 220 
228 208 
236 212 
240 232 
236 212 
244 212 
236 236 
240 216 
232 204 
236 228 
240 212 
236 208 
232 228 
236 228 
240 212 
232 204 
244 212 
232 228 
236 212 
236 208 
232 208 
240 204 
248 212 
232 208 
228 208 
236 212 
236 220 
240 208 
236 232 
232 228 
228 208 
236 220 
228 204 
236 208 
240 208 
236 232 
228 212 
236 216 
232 248 
196 224 
232 204 
240 40 
232 212 
240 216 
236 204 
236 212 
232 204 
240 208 
452 228 
236 220 
232 204 
236 240 
304 208 
232 208 
240 204 
236 216 
240 208 
688 208 
236 212 
236 212 
232 208 
228 212 
236 212 
232 212 
240 208 
208 204 
244 516 
240 212 
232 244 
232 204 
236 212 
48 40 
240 212 
236 232 
220 220 
232 720 
228 252 
232 212 
236 216 
232 208 
572 208 
228 208 
240 216 
240 220 
232 208 
232 212 
256 208 
232 204 
240 208 
232 208 
232 212 
228 208 
236 204 
256 208 
236 212 
240 240 
236 228 
236 232 
240 208 
232 208 
236 36 
236 216 
260 212 
236 232 
232 212 
232 212 
232 208 
232 232 
236 232 
240 212 
236 204 
232 216 
232 212 
232 216 
236 208 
236 216 
236 232 
236 212 
240 236 
232 212 
232 208 
236 236 
236 204 
236 256 
236 208 
232 244 
228 208 
232 212 
232 224 
236 264 
232 212 
240 212 
240 208 
240 228 
220 208 
236 248 
240 212 
236 208 
232 212 
240 208 
232 208 
240 208 
232 208 
504 216 
240 212 
236 208 
240 212 
240 248 
232 232 
228 208 
232 204 
236 224 
716 212 
236 260 
232 204 
236 232 
244 236 
236 208 
236 240 
236 212 
216 216 
236 528 
252 224 
244 208 
236 212 
236 236 
232 208 
272 224 
236 248 
216 212 
236 208 
232 236 
236 208 
240 244 
228 208 
232 216 
232 208 
240 204 
236 232 
236 232 
236 208 
236 216 
236 260 
236 228 
236 232 
240 236 
236 208 
236 208 
288 208 
236 212 
236 232 
236 248 
240 208 
232 252 
232 208 
236 208 
236 208 
232 228 
232 204 
236 220 
236 216 
232 208 
236 208 
236 208 
236 232 
240 208 
240 208 
240 216 
236 256 
232 216 
236 236 
236 220 
232 240 
236 220 
256 216 
232 264 
228 228 
228 212 
236 208 
236 248 
236 220 
236 208 
240 208 
232 208 
236 208 
240 216 
232 216 
232 212 
240 204 
268 212 
232 204 
228 208 
236 260 
236 232 
360 216 
236 212 
236 256 
236 208 
496 232 
236 208 
232 212 
232 208 
236 228 
236 212 
236 204 
232 208 
236 212 
748 260 
236 232 
236 260 
240 216 
232 208 
244 208 
228 212 
236 212 
216 228 
236 556 
232 212 
228 216 
232 208 
240 208 
240 216 
232 208 
240 208 
212 220 
236 232 
232 212 
232 208 
208 224 
0 0 
228 212 
228 204 
236 208 
236 216 
232 208 
236 216 
236 212 
240 212 
236 208 
236 216 
228 216 
228 212 
240 236 
232 224 
232 208 
236 212 
236 212 
232 204 
232 216 
236 240 
236 208 
240 208 
240 260 
236 204 
232 232 
236 232 
232 212 
232 212 
240 208 
240 208 
240 208 
236 208 
236 212 
228 212 
236 208 
228 244 
240 212 
232 212 
240 212 
228 232 
236 204 
240 216 
232 208 
236 208 
240 212 
236 236 
248 208 
236 208 
240 204 
232 208 
236 220 
240 220 
236 248 
232 212 
276 212 
240 208 
240 208 
232 212 
232 212 
240 260 
232 204 
232 208 
232 208 
432 208 
240 220 
232 208 
236 212 
240 264 
232 212 
232 212 
240 216 
232 208 
716 220 
236 212 
40 40 
228 256 
232 212 
232 216 
236 216 
236 208 
216 212 
240 556 
240 252 
228 212 
236 208 
240 208 
240 204 
236 236 
240 208 
212 208 
236 216 
236 208 
228 208 
248 208 
240 208 
232 208 
232 212 
232 208 
232 208 
236 236 
240 244 
252 212 
232 204 
236 232 
48 48 
228 252 
232 212 
228 208 
240 208 
232 212 
232 244 
236 212 
228 212 
236 208 
236 208 
236 212 
232 208 
236 208 
236 216 
240 204 
236 216 
232 204 
256 208 
240 212 
232 208 
240 208 
232 236 
236 216 
240 208 
240 216 
236 208 
240 44 
256 208 
228 212 
236 248 
228 208 
236 232 
232 224 
232 216 
236 212 
236 236 
236 212 
228 212 
236 216 
236 252 
232 208 
240 232 
236 208 
228 208 
296 212 
240 212 
236 232 
232 252 
236 212 
232 212 
240 216 
236 232 
236 212 
536 256 
232 208 
240 204 
240 208 
240 264 
240 208 
240 212 
232 232 
236 244 
232 372 
232 212 
232 212 
232 212 
236 208 
236 216 
232 212 
236 208 
208 260 
240 604 
240 208 
236 224 
232 208 
232 208 
232 208 
236 216 
236 216 
216 260 
232 212 
232 224 
236 216 
236 220 
232 224 
260 212 
232 212 
260 208 
236 208 
236 208 
240 232 
232 208 
232 204 
236 228 
232 212 
236 204 
232 208 
240 240 
236 252 
232 208 
232 220 
240 208 
228 212 
232 212 
240 208 
228 208 
232 208 
232 204 
232 216 
240 208 
236 208 
236 264 
232 208 
236 216 
232 208 
240 208 
236 220 
240 220 
232 220 
236 212 
236 212 
232 232 
236 208 
232 208 
240 204 
232 212 
236 208 
240 208 
228 208 
236 212 
240 232 
236 212 
236 236 
236 228 
240 236 
244 212 
232 220 
228 220 
228 252 
296 208 
236 204 
240 204 
240 208 
236 208 
236 248 
236 232 
236 256 
264 212 
532 228 
240 260 
240 212 
232 208 
228 208 
240 216 
232 212 
236 208 
240 208 
236 380 
232 208 
236 212 
232 212 
236 216 
240 212 
228 204 
236 212 
208 204 
240 604 
236 212 
232 236 
236 240 
232 208 
240 216 
236 224 
232 216 
212 208 
236 208 
240 208 
236 208 
232 236 
244 252 
232 220 
236 204 
240 232 
240 232 
236 208 
240 216 
236 232 
256 208 
236 212 
240 208 
240 216 
236 232 
232 204 
240 208 
236 240 
300 216 
240 212 
236 212 
236 216 
232 236 
232 204 
232 204 
240 208 
236 220 
236 212 
236 208 
236 232 
232 204 
236 212 
232 212 
240 240 
240 212 
236 220 
236 232 
232 248 
232 208 
240 236 
236 232 
244 216 
232 204 
236 224 
236 212 
232 260 
236 216 
228 208 
236 232 
236 212 
240 216 
248 212 
236 220 
232 212 
240 236 
236 208 
284 216 
348 208 
240 208 
236 236 
236 204 
232 224 
240 256 
236 212 
240 236 
240 232 
584 240 
232 208 
236 216 
236 212 
236 220 
228 216 
236 212 
240 232 
232 240 
236 408 
232 208 
236 224 
236 240 
236 252 
232 208 
244 208 
240 216 
212 248 
236 648 
236 204 
240 208 
236 208 
232 216 
232 236 
232 232 
236 248 
212 208 
228 208 
232 208 
232 208 
240 224 
232 188 
48 216 
228 212 
240 208 
236 216 
264 212 
236 236 
232 224 
236 204 
232 208 
236 220 
240 236 
232 212 
240 204 
232 212 
236 212 
232 204 
232 204 
240 204 
228 208 
240 208 
236 248 
236 260 
232 208 
232 208 
240 224 
48 44 
232 216 
236 208 
240 216 
236 228 
232 208 
232 208 
236 236 
232 208 
228 208 
236 232 
232 212 
236 216 
236 216 
232 244 
236 216 
232 208 
228 212 
232 208 
236 204 
228 208 
240 208 
236 236 
240 236 
232 208 
232 212 
228 44 
228 208 
240 228 
328 208 
232 204 
240 216 
264 224 
240 208 
244 212 
236 204 
240 224 
232 208 
576 208 
232 216 
232 208 
228 212 
232 208 
236 208 
232 220 
236 208 
240 236 
236 400 
260 208 
228 208 
236 220 
232 204 
236 212 
232 212 
240 216 
220 232 
232 660 
236 264 
232 208 
232 208 
240 212 
236 252 
232 228 
232 208 
212 208 
232 208 
232 236 
232 208 
240 204 
236 236 
236 212 
240 216 
240 212 
236 208 
240 228 
248 212 
236 228 
236 208 
240 216 
236 208 
240 212 
240 212 
232 232 
232 236 
232 212 
240 208 
240 216 
232 208 
236 208 
240 224 
236 244 
228 212 
244 212 
228 212 
232 204 
236 208 
236 232 
236 256 
240 248 
240 256 
276 204 
232 208 
236 204 
240 208 
232 204 
232 208 
240 212 
232 212 
236 216 
232 204 
236 208 
236 216 
240 212 
240 220 
236 236 
236 204 
232 212 
236 208 
240 216 
232 224 
232 208 
236 204 
232 212 
232 208 
360 236 
244 216 
236 236 
236 220 
240 212 
240 216 
236 224 
236 236 
236 212 
632 256 
232 216 
232 212 
240 204 
240 232 
236 232 
236 236 
232 204 
220 208 
240 472 
300 216 
236 204 
244 208 
240 232 
276 220 
232 204 
236 208 
212 208 
228 656 
236 208 
232 264 
228 208 
228 212 
236 232 
236 212 
232 208 
212 236 
236 236 
236 244 
264 208 
232 208 
236 204 
240 236 
236 208 
228 236 
236 228 
236 208 
240 232 
236 208 
236 216 
232 212 
240 236 
236 232 
236 244 
236 208 
236 216 
232 212 
232 204 
236 208 
232 208 
232 240 
232 208 
240 208 
236 228 
240 204 
232 260 
240 208 
240 212 
236 216 
240 236 
232 208 
236 208 
236 208 
232 224 
228 208 
240 236 
236 232 
232 220 
232 204 
232 208 
236 212 
232 208 
228 216 
232 212 
232 208 
236 260 
240 216 
236 212 
232 212 
240 208 
232 208 
232 236 
228 208 
240 204 
240 212 
232 216 
392 216 
236 208 
236 232 
240 212 
228 208 
232 204 
232 216 
228 208 
236 208 
640 236 
232 248 
240 248 
240 232 
236 212 
240 204 
240 208 
232 204 
220 228 
240 456 
240 236 
236 240 
240 216 
236 208 
236 212 
244 224 
236 208 
216 208 
232 708 
240 212 
240 212 
244 236 
240 220 
232 208 
240 264 
236 212 
216 232 
264 212 
232 212 
240 208 
236 212 
260 212 
236 212 
240 216 
236 216 
240 208 
232 212 
244 424 
232 240 
236 244 
232 208 
236 220 
240 208 
244 232 
236 232 
236 212 
232 208 
232 212 
236 228 
232 208 
232 236 
44 44 
232 212 
232 212 
228 208 
232 208 
232 208 
236 208 
240 212 
236 208 
240 232 
228 208 
232 204 
240 212 
240 208 
240 208 
240 216 
244 232 
236 224 
232 208 
236 240 
228 216 
236 212 
232 228 
232 204 
236 256 
236 212 
228 212 
240 212 
52 40 
232 204 
232 224 
232 212 
232 208 
244 236 
240 236 
400 212 
232 208 
240 208 
232 220 
240 208 
256 212 
324 204 
232 208 
240 208 
676 208 
240 256 
232 212 
240 220 
240 208 
240 232 
228 212 
232 204 
212 208 
236 44 
232 216 
240 224 
236 216 
236 208 
236 212 
240 208 
236 204 
216 204 
236 716 
232 240 
236 236 
240 216 
232 208 
240 208 
272 208 
232 204 
216 444 
236 212 
236 212 
236 208 
236 256 
236 212 
232 208 
240 208 
240 236 
236 232 
232 212 
228 216 
232 212 
236 212 
232 208 
232 208 
232 228 
244 232 
236 216 
232 208 
236 208 
232 208 
236 216 
240 232 
252 208 
240 208 
232 208 
236 216 
240 208 
244 208 
232 216 
228 212 
232 208 
240 232 
232 232 
228 212 
240 336 
676 208 
236 248 
240 208 
240 232 
232 220 
240 236 
240 208 
232 208 
240 208 
236 232 
236 232 
232 208 
232 208 
240 232 
232 212 
240 212 
232 212 
232 208 
232 208 
236 212 
236 208 
232 212 
236 208 
308 208 
228 212 
240 208 
236 208 
240 216 
236 216 
232 208 
232 212 
232 216 
668 212 
236 208 
236 212 
236 208 
236 260 
232 216 
228 208 
236 208 
212 208 
232 512 
240 208 
236 236 
232 232 
228 208 
232 216 
232 208 
236 208 
216 232 
236 740 
240 208 
240 236 
236 236 
244 212 
232 204 
232 216 
232 208 
216 212 
236 208 
236 212 
236 256 
232 212 
240 212 
236 324 
236 204 
236 232 
236 208 
236 204 
240 212 
236 232 
236 208 
232 224 
232 208 
232 216 
244 216 
228 220 
232 228 
240 216 
240 228 
236 224 
232 204 
236 212 
236 212 
236 224 
236 216 
236 224 
236 212 
228 212 
236 212 
232 212 
244 236 
232 208 
228 208 
236 208 
228 212 
240 208 
236 208 
240 232 
244 204 
240 212 
236 216 
232 232 
236 228 
240 208 
240 216 
232 212 
228 212 
228 224 
196 216 
236 232 
236 236 
228 204 
240 236 
240 236 
236 212 
624 204 
240 208 
460 208 
228 208 
236 228 
236 208 
232 216 
236 208 
240 264 
232 208 
232 204 
684 208 
236 212 
240 228 
240 236 
236 232 
236 208 
240 224 
236 228 
212 212 
232 552 
240 212 
236 208 
232 232 
240 212 
228 204 
240 224 
232 212 
204 208 
236 232 
232 232 
232 240 
236 212 
228 208 
236 216 
232 212 
232 232 
236 208 
236 204 
232 224 
236 212 
240 224 
232 232 
236 232 
232 208 
232 208 
236 208 
236 236 
240 208 
236 204 
232 212 
232 228 
232 208 
232 204 
232 208 
300 236 
236 216 
232 204 
236 204 
232 212 
240 208 
236 252 
244 216 
236 208 
232 204 
236 208 
232 252 
44 44 
236 208 
232 208 
232 208 
232 208 
236 208 
236 220 
232 236 
236 208 
232 204 
236 212 
236 248 
240 208 
236 216 
232 212 
232 264 
236 220 
228 212 
228 208 
236 236 
48 52 
212 232 
232 208 
240 208 
228 208 
240 232 
244 212 
232 208 
236 208 
236 236 
460 212 
236 252 
236 240 
232 208 
232 208 
232 216 
228 208 
236 208 
236 208 
708 232 
240 236 
232 208 
228 208 
236 216 
240 220 
236 232 
228 212 
212 216 
236 44 
236 244 
236 204 
232 212 
236 236 
232 232 
236 212 
236 208 
212 212 
240 212 
232 216 
240 236 
236 208 
228 208 
240 212 
248 216 
232 224 
232 208 
232 224 
244 236 
232 204 
232 208 
236 208 
236 212 
236 216 
232 212 
240 208 
232 224 
232 216 
232 236 
236 216 
240 208 
232 228 
228 212 
228 208 
240 208 
232 216 
236 208 
236 216 
232 212 
276 208 
240 220 
236 212 
236 220 
236 228 
232 228 
236 212 
240 212 
236 208 
232 208 
236 228 
240 216 
236 264 
236 216 
252 208 
232 204 
236 216 
336 212 
236 248 
236 204 
240 212 
232 208 
240 236 
240 232 
232 236 
236 248 
240 224 
228 204 
224 212 
236 204 
232 208 
232 216 
232 208 
236 216 
240 244 
236 236 
236 212 
480 228 
232 216 
240 208 
236 260 
236 236 
232 212 
228 212 
236 208 
236 212 
740 212 
236 204 
236 260 
228 216 
240 208 
232 208 
240 224 
236 244 
216 216 
232 600 
228 208 
232 212 
240 208 
236 216 
240 208 
236 220 
232 208 
212 208 
240 208 
240 232 
232 212 
240 236 
232 236 
232 208 
236 224 
236 236 
256 208 
240 220 
236 212 
240 232 
236 208 
232 212 
232 212 
280 212 
236 236 
236 232 
236 236 
232 216 
232 212 
228 208 
240 224 
232 208 
232 208 
264 224 
232 208 
236 212 
240 232 
244 216 
236 208 
236 220 
232 212 
240 208 
236 264 
236 212 
236 208 
236 428 
236 216 
228 216 
240 208 
236 208 
240 204 
232 216 
236 236 
300 308 
232 208 
236 212 
232 208 
232 212 
236 216 
260 208 
228 216 
236 232 
232 208 
232 236 
236 212 
240 208 
236 208 
264 212 
232 208 
236 208 
236 216 
236 232 
228 276 
236 212 
228 212 
492 208 
520 208 
236 232 
236 212 
228 208 
244 232 
240 312 
252 260 
232 208 
236 264 
752 212 
240 208 
236 216 
232 212 
240 220 
236 212 
232 212 
236 208 
220 208 
236 560 
232 212 
240 216 
236 208 
236 220 
232 264 
236 208 
232 208 
336 208 
240 240 
280 228 
232 204 
232 208 
240 220 
236 256 
232 232 
232 208 
236 208 
240 208 
236 216 
228 212 
236 208 
232 212 
232 212 
240 208 
236 220 
240 208 
232 204 
236 240 
232 216 
236 212 
236 220 
232 208 
236 208 
236 236 
228 208 
236 220 
228 212 
236 204 
232 208 
236 212 
228 216 
236 208 
240 208 
236 208 
236 228 
240 236 
232 212 
228 208 
232 220 
44 44 
240 208 
232 204 
240 208 
232 212 
240 208 
236 224 
232 208 
236 212 
240 212 
240 204 
236 232 
232 232 
236 264 
228 208 
240 212 
236 232 
240 216 
280 212 
232 208 
240 216 
240 204 
240 220 
232 216 
236 208 
236 236 
232 216 
508 208 
236 208 
48 52 
240 224 
236 260 
232 216 
228 212 
232 208 
228 204 
748 208 
232 208 
232 212 
232 216 
236 208 
236 236 
228 216 
236 208 
216 208 
240 616 
248 208 
232 44 
240 252 
232 208 
240 212 
232 216 
236 232 
244 208 
232 208 
248 208 
232 256 
232 216 
240 212 
240 208 
236 252 
228 208 
236 208 
236 208 
232 212 
232 208 
236 212 
236 232 
228 208 
236 232 
236 232 
232 212 
244 212 
236 216 
240 212 
236 212 
228 212 
232 204 
232 248 
236 204 
236 216 
232 208 
228 208 
236 216 
236 212 
236 208 
240 208 
236 264 
252 216 
240 204 
236 208 
236 212 
240 208 
236 208 
236 208 
232 232 
236 204 
232 208 
236 208 
236 260 
236 204 
240 212 
236 208 
236 212 
236 208 
232 204 
236 208 
228 232 
240 208 
236 220 
236 216 
268 212 
232 228 
316 208 
240 236 
236 220 
228 204 
636 208 
232 220 
228 208 
240 216 
228 208 
536 212 
244 212 
236 232 
232 220 
232 232 
228 236 
232 208 
236 216 
232 208 
236 380 
240 224 
240 256 
232 212 
228 216 
236 212 
232 208 
232 204 
212 204 
240 608 
240 236 
236 212 
240 208 
240 228 
236 208 
236 208 
240 224 
216 224 
236 208 
232 204 
236 232 
240 232 
236 212 
236 204 
232 208 
236 204 
232 256 
236 232 
232 212 
228 208 
236 204 
232 212 
236 236 
232 216 
232 204 
236 216 
244 212 
232 208 
240 208 
236 236 
240 216 
236 228 
236 260 
232 260 
232 224 
232 204 
236 268 
236 224 
228 212 
232 208 
236 212 
236 224 
232 204 
232 204 
240 212 
240 216 
244 216 
240 208 
236 208 
236 208 
244 208 
232 212 
236 208 
236 208 
236 232 
236 248 
236 216 
244 208 
232 216 
240 264 
232 212 
232 208 
232 264 
232 204 
236 212 
236 232 
236 260 
340 232 
228 204 
236 212 
232 208 
236 208 
236 220 
236 248 
240 208 
240 212 
580 208 
236 220 
240 212 
240 212 
236 208 
244 224 
240 244 
232 252 
268 208 
240 412 
236 208 
228 216 
236 256 
244 212 
232 212 
236 208 
240 256 
212 236 
240 504 
240 244 
236 208 
236 208 
236 236 
240 236 
240 236 
236 212 
212 208 
228 236 
240 216 
236 208 
240 236 
232 232 
244 212 
236 212 
228 204 
240 236 
48 44 
244 260 
236 208 
236 208 
236 204 
240 232 
236 236 
228 208 
228 208 
232 216 
236 224 
236 232 
236 212 
232 208 
232 208 
232 208 
236 236 
240 236 
236 212 
240 212 
240 220 
236 216 
276 216 
496 208 
240 208 
228 208 
236 264 
176 44 
240 208 
240 208 
232 208 
236 212 
236 236 
272 212 
232 208 
228 208 
244 216 
232 216 
232 232 
232 216 
228 204 
240 208 
232 208 
236 240 
264 220 
236 204 
240 236 
232 216 
240 224 
236 232 
344 208 
228 208 
236 236 
232 228 
232 36 
232 216 
236 236 
240 212 
244 208 
572 204 
236 216 
236 208 
236 204 
244 256 
240 208 
236 204 
240 232 
216 208 
240 380 
244 212 
228 208 
228 204 
236 216 
236 212 
232 208 
236 232 
212 208 
236 660 
236 260 
236 252 
240 212 
232 216 
228 220 
236 236 
240 212 
216 204 
228 204 
236 236 
240 216 
232 216 
232 212 
232 212 
236 212 
232 208 
236 208 
236 208 
236 212 
232 204 
240 220 
232 232 
236 208 
240 212 
232 252 
232 252 
240 236 
240 212 
232 236 
236 212 
236 220 
232 208 
228 208 
232 224 
232 212 
232 212 
236 208 
240 212 
236 232 
232 208 
232 204 
232 208 
236 212 
232 232 
232 212 
228 204 
232 208 
236 212 
240 208 
232 212 
236 212 
236 204 
232 208 
240 216 
228 208 
228 204 
240 212 
240 232 
232 208 
244 212 
236 212 
236 252 
240 208 
232 208 
340 232 
252 276 
260 208 
380 208 
240 208 
232 208 
236 216 
236 240 
240 220 
236 204 
236 208 
236 232 
608 208 
232 236 
232 236 
236 208 
236 204 
240 224 
232 208 
232 208 
212 208 
236 424 
232 208 
232 212 
236 208 
236 236 
240 212 
236 244 
232 236 
268 208 
240 692 
240 236 
232 212 
232 236 
236 232 
236 248 
260 212 
240 208 
212 208 
232 208 
244 232 
236 216 
232 212 
240 212 
232 212 
232 212 
240 208 
236 244 
236 216 
232 212 
236 216 
228 212 
240 236 
236 208 
236 232 
236 208 
236 216 
240 208 
236 204 
236 212 
236 236 
232 212 
236 208 
240 216 
236 232 
236 212 
232 208 
236 296 
240 232 
236 216 
232 212 
236 204 
228 208 
236 212 
240 252 
240 208 
240 208 
236 232 
232 208 
232 212 
244 208 
232 208 
236 232 
240 212 
228 212 
228 216 
236 208 
236 232 
236 236 
240 236 
232 212 
232 212 
232 212 
236 220 
232 212 
232 216 
236 220 
236 236 
368 208 
240 232 
240 208 
228 208 
240 208 
252 208 
232 260 
232 208 
232 212 
648 208 
240 236 
232 204 
240 208 
240 236 
232 216 
232 228 
232 212 
212 212 
240 416 
232 208 
232 236 
236 252 
236 208 
236 236 
232 280 
240 224 
212 228 
232 688 
236 208 
232 224 
236 212 
232 208 
240 208 
240 212 
236 240 
216 208 
236 212 
236 216 
236 236 
232 204 
228 208 
232 208 
232 204 
232 204 
236 212 
240 248 
228 208 
232 208 
236 216 
236 220 
232 208 
48 44 
228 208 
232 208 
240 236 
236 248 
232 204 
232 208 
236 208 
232 220 
236 248 
232 208 
236 204 
244 208 
240 232 
240 232 
240 232 
236 240 
236 220 
240 224 
232 252 
228 208 
232 212 
236 212 
244 208 
236 232 
232 208 
240 212 
48 40 
232 248 
232 208 
236 204 
240 208 
236 232 
232 208 
232 216 
228 212 
232 236 
240 208 
240 208 
236 224 
256 224 
228 212 
228 208 
240 236 
364 208 
228 208 
236 216 
228 208 
232 216 
236 208 
236 212 
236 212 
232 212 
664 208 
292 212 
236 208 
232 212 
232 224 
232 252 
352 212 
228 212 
224 216 
240 496 
236 232 
232 208 
236 208 
304 236 
232 208 
236 208 
232 208 
204 212 
228 688 
236 284 
236 216 
232 228 
232 208 
244 236 
240 220 
240 256 
212 256 
240 208 
236 232 
232 212 
240 216 
240 288 
268 204 
232 204 
240 208 
232 240 
228 212 
236 216 
232 204 
232 324 
232 232 
228 204 
228 208 
240 208 
236 240 
232 208 
236 224 
228 212 
232 208 
236 244 
492 208 
232 208 
240 264 
228 208 
232 208 
236 220 
232 220 
228 204 
232 240 
232 228 
236 212 
236 236 
288 208 
232 212 
232 208 
236 216 
228 208 
236 208 
248 216 
0 0 
0 0 
0 0 
0 0 
0 0 
240 216 
236 208 
232 212 
220 204 
232 208 
364 216 
232 212 
236 212 
232 220 
232 208 
236 204 
236 208 
404 212 
232 212 
236 204 
236 208 
240 208 
240 232 
244 208 
232 208 
240 208 
664 208 
236 224 
232 208 
240 232 
228 212 
236 260 
236 208 
232 216 
216 212 
236 480 
236 208 
232 208 
232 216 
372 212 
272 208 
232 212 
228 208 
212 212 
240 720 
236 208 
236 232 
264 212 
232 244 
240 212 
240 212 
232 212 
240 224 
236 212 
232 248 
232 208 
240 236 
236 208 
236 208 
232 208 
232 212 
240 208 
240 212 
240 240 
240 392 
240 228 
228 208 
236 220 
232 208 
320 208 
228 208 
236 204 
232 204 
236 212 
244 208 
240 208 
240 208 
240 236 
240 220 
240 216 
244 220 
240 232 
236 224 
236 204 
236 212 
232 208 
216 240 
0 0 
0 0 
240 216 
236 236 
236 212 
236 216 
232 208 
236 224 
236 240 
232 216 
236 208 
232 208 
236 208 
232 208 
232 208 
240 212 
220 208 
232 236 
236 208 
232 212 
240 220 
232 208 
236 232 
240 232 
240 208 
444 260 
232 232 
236 208 
240 204 
240 208 
232 208 
232 256 
232 208 
236 260 
644 208 
236 212 
232 208 
236 220 
256 212 
240 204 
236 204 
244 212 
216 232 
232 516 
236 216 
236 232 
232 232 
264 208 
232 204 
236 208 
240 232 
216 232 
44 44 
236 260 
240 236 
236 224 
236 208 
236 224 
240 248 
232 212 
232 212 
232 204 
236 208 
232 208 
232 212 
240 212 
240 204 
240 232 
236 208 
240 212 
44 44 
236 228 
232 232 
232 212 
256 212 
228 208 
232 212 
268 232 
232 208 
232 208 
232 212 
236 220 
228 208 
240 212 
236 236 
232 208 
232 232 
228 212 
236 208 
236 244 
232 248 
236 216 
236 208 
240 208 
236 232 
232 216 
240 228 
232 212 
236 44 
240 208 
232 232 
256 232 
236 208 
240 212 
232 216 
236 232 
240 244 
236 212 
232 228 
240 208 
240 204 
224 228 
236 212 
232 208 
232 204 
244 208 
240 208 
232 208 
236 216 
236 204 
460 212 
240 220 
240 208 
232 212 
228 208 
236 228 
236 236 
236 252 
232 212 
700 216 
236 208 
232 204 
240 232 
244 220 
236 208 
232 208 
236 208 
216 204 
240 536 
236 224 
236 228 
236 236 
232 208 
236 244 
236 236 
236 236 
216 228 
232 248 
232 212 
240 228 
232 204 
240 208 
240 220 
232 240 
232 208 
236 204 
240 208 
236 212 
232 208 
236 220 
244 204 
236 212 
240 216 
236 232 
232 220 
236 208 
236 204 
244 216 
236 236 
236 220 
240 260 
232 228 
232 228 
236 212 
232 212 
236 216 
232 212 
240 216 
232 208 
240 208 
232 208 
236 208 
236 212 
232 224 
228 208 
236 208 
236 236 
232 208 
236 212 
236 244 
228 212 
240 208 
232 248 
236 208 
240 208 
240 212 
236 224 
236 236 
232 208 
232 208 
236 208 
236 248 
232 212 
244 220 
236 220 
244 212 
264 208 
228 224 
240 208 
236 236 
236 232 
232 212 
240 208 
232 204 
248 208 
468 208 
236 232 
232 204 
240 208 
236 216 
232 212 
236 208 
232 264 
240 208 
716 208 
236 208 
236 244 
232 224 
232 212 
228 212 
240 212 
240 236 
212 240 
236 552 
236 204 
240 212 
236 236 
240 208 
236 212 
236 264 
236 212 
208 204 
232 208 
232 220 
236 212 
232 236 
232 212 
240 236 
232 232 
232 216 
240 208 
232 208 
232 208 
240 208 
240 204 
232 212 
232 240 
236 232 
236 212 
228 204 
240 208 
236 232 
232 212 
236 208 
236 204 
232 216 
232 216 
240 208 
232 240 
236 256 
228 204 
236 208 
276 212 
232 204 
240 216 
236 228 
236 232 
240 212 
240 208 
236 224 
236 232 
236 224 
244 208 
232 224 
236 232 
236 212 
232 208 
260 212 
228 208 
232 236 
232 208 
232 208 
240 208 
236 208 
232 216 
236 208 
240 212 
236 236 
232 208 
240 220 
236 208 
272 256 
232 208 
228 208 
232 212 
236 216 
240 216 
236 236 
252 208 
228 208 
512 268 
232 212 
232 208 
232 220 
324 212 
236 208 
240 208 
228 208 
300 240 
736 208 
236 212 
232 204 
232 236 
240 236 
232 212 
236 212 
232 208 
220 224 
236 588 
44 44 
236 212 
236 212 
232 208 
232 268 
240 212 
236 220 
208 220 
232 204 
244 236 
232 228 
232 212 
236 236 
260 212 
232 208 
236 236 
240 216 
232 204 
44 44 
232 212 
240 208 
236 232 
240 220 
228 216 
236 204 
236 232 
232 236 
240 220 
240 216 
240 224 
236 236 
236 228 
236 208 
232 208 
236 232 
232 216 
236 244 
236 232 
232 208 
244 208 
232 212 
232 208 
236 216 
240 228 
232 208 
232 48 
232 208 
236 212 
232 204 
236 216 
232 260 
232 208 
240 216 
232 216 
236 208 
236 220 
240 208 
240 208 
232 252 
228 208 
236 204 
236 212 
240 236 
236 208 
236 204 
236 208 
236 212 
284 264 
240 236 
232 216 
232 232 
228 212 
236 220 
228 212 
240 208 
236 208 
504 208 
236 232 
236 216 
232 204 
248 208 
228 216 
244 208 
232 212 
232 208 
228 380 
232 212 
240 236 
232 232 
236 212 
228 212 
236 208 
232 216 
216 232 
232 600 
240 208 
232 208 
228 208 
240 212 
240 208 
236 224 
240 216 
212 208 
236 208 
236 208 
236 212 
240 232 
240 236 
236 208 
232 212 
236 212 
240 208 
236 212 
232 212 
232 204 
232 244 
228 208 
232 208 
232 208 
240 208 
232 204 
240 232 
236 212 
232 212 
240 204 
240 212 
232 208 
240 232 
236 208 
228 208 
244 212 
236 216 
240 212 
232 212 
232 208 
232 208 
236 208 
236 432 
236 248 
236 208 
236 212 
236 256 
232 208 
232 208 
232 208 
236 216 
236 212 
236 208 
232 220 
232 208 
244 224 
240 212 
236 204 
236 216 
232 228 
232 212 
240 204 
236 232 
236 204 
232 208 
240 208 
244 212 
320 232 
236 240 
240 208 
240 244 
232 244 
236 208 
228 212 
236 208 
236 212 
548 256 
228 232 
236 216 
236 204 
228 220 
228 216 
240 212 
228 204 
236 220 
236 364 
232 208 
232 208 
228 208 
240 212 
232 208 
236 208 
232 236 
220 236 
232 640 
244 216 
236 236 
236 212 
240 208 
232 236 
244 212 
232 224 
216 408 
236 212 
232 212 
240 208 
232 212 
240 208 
240 228 
232 212 
240 208 
236 208 
252 208 
260 228 
232 208 
236 208 
240 232 
236 208 
232 232 
236 212 
232 208 
236 216 
236 216 
236 212 
240 212 
240 208 
232 208 
236 228 
232 208 
312 212 
232 208 
236 236 
236 212 
232 212 
240 212 
240 236 
244 208 
232 232 
240 268 
236 204 
240 208 
228 208 
228 208 
228 204 
232 232 
232 208 
232 228 
232 228 
232 208 
240 208 
256 208 
232 208 
232 216 
240 208 
232 208 
240 236 
236 248 
236 208 
232 308 
236 208 
240 220 
232 212 
348 212 
236 260 
236 248 
236 204 
232 208 
232 204 
240 236 
240 232 
228 208 
560 228 
256 212 
240 208 
236 204 
236 208 
48 44 
236 236 
240 232 
228 208 
240 408 
228 212 
236 216 
236 224 
232 216 
236 240 
232 208 
236 224 
212 244 
232 664 
232 208 
244 236 
236 236 
240 232 
236 212 
288 212 
232 208 
208 204 
240 220 
232 212 
236 236 
52 40 
236 208 
236 236 
308 240 
240 212 
240 236 
236 232 
232 212 
236 212 
232 208 
228 208 
236 208 
228 204 
240 216 
236 216 
240 212 
232 208 
240 216 
324 212 
240 232 
232 208 
236 216 
236 212 
232 220 
236 248 
252 212 
232 208 
236 224 
240 40 
232 232 
240 232 
236 204 
236 208 
236 236 
236 260 
232 220 
232 212 
232 204 
240 212 
232 240 
232 224 
232 208 
236 208 
236 232 
236 268 
240 208 
240 212 
236 208 
236 204 
240 236 
244 232 
232 236 
236 208 
240 248 
236 232 
236 216 
340 208 
228 212 
240 232 
280 204 
244 204 
236 236 
232 204 
236 208 
232 212 
596 208 
232 240 
236 232 
236 212 
228 208 
232 208 
228 208 
236 236 
236 244 
236 420 
324 232 
228 208 
228 208 
236 208 
228 212 
232 208 
232 204 
212 236 
236 640 
236 216 
232 204 
240 216 
240 208 
240 212 
228 208 
240 236 
220 216 
228 204 
232 216 
240 208 
236 236 
240 264 
236 208 
232 212 
240 208 
236 208 
236 248 
248 212 
236 208 
236 204 
236 208 
236 208 
228 208 
244 216 
232 232 
240 220 
236 212 
240 220 
232 236 
236 208 
232 212 
236 212 
244 204 
240 224 
240 208 
232 208 
232 212 
236 240 
236 216 
228 208 
236 208 
236 216 
232 220 
236 224 
240 216 
240 260 
236 208 
236 236 
236 212 
236 216 
232 228 
240 204 
236 276 
232 208 
228 208 
236 212 
244 232 
232 208 
232 204 
232 248 
232 208 
240 216 
236 256 
232 208 
240 204 
336 212 
356 240 
240 212 
236 232 
236 208 
236 232 
232 208 
236 232 
232 208 
232 208 
612 236 
228 236 
248 208 
228 212 
240 208 
240 252 
236 212 
236 204 
240 216 
232 440 
232 212 
236 212 
232 208 
236 208 
240 216 
236 228 
236 216 
212 236 
232 708 
236 216 
232 212 
236 268 
296 240 
236 232 
268 212 
236 208 
208 212 
236 220 
236 212 
232 208 
232 208 
232 216 
240 208 
236 204 
232 208 
232 216 
236 212 
240 212 
236 208 
236 236 
228 216 
228 208 
228 208 
236 236 
236 216 
236 204 
236 208 
228 212 
240 204 
236 216 
240 260 
236 208 
236 204 
228 208 
236 288 
236 236 
232 232 
240 216 
236 232 
240 208 
240 208 
240 232 
240 208 
240 212 
236 212 
240 204 
236 224 
240 264 
236 208 
240 204 
236 208 
236 208 
236 212 
232 232 
232 232 
264 212 
236 208 
232 228 
240 232 
232 208 
236 208 
232 212 
236 208 
236 212 
232 204 
236 208 
368 212 
236 220 
236 224 
240 212 
236 232 
236 208 
236 212 
228 212 
240 204 
616 208 
240 236 
236 232 
236 244 
236 216 
232 212 
236 220 
240 208 
212 264 
748 212 
236 236 
236 232 
236 212 
232 212 
228 208 
236 220 
48 44 
236 208 
240 704 
236 256 
228 212 
228 208 
236 216 
232 216 
232 208 
236 216 
216 220 
236 232 
232 204 
232 208 
240 208 
232 216 
232 212 
228 208 
228 212 
240 208 
236 204 
228 232 
236 232 
232 224 
236 232 
48 44 
232 212 
236 212 
236 236 
236 236 
236 236 
240 244 
256 220 
232 208 
236 232 
232 220 
240 212 
236 208 
240 208 
236 212 
236 220 
232 212 
228 204 
232 208 
244 208 
236 236 
236 232 
240 232 
232 204 
236 208 
236 224 
240 208 
232 228 
232 228 
232 220 
236 208 
232 208 
232 232 
240 212 
236 216 
232 248 
212 208 
232 208 
228 208 
236 208 
240 216 
244 236 
232 208 
232 208 
236 212 
412 212 
236 216 
232 232 
240 208 
244 212 
244 236 
236 212 
232 212 
228 208 
608 212 
236 212 
228 208 
232 208 
236 236 
244 260 
232 212 
236 208 
216 208 
232 508 
240 208 
236 212 
236 236 
236 232 
228 212 
232 208 
236 224 
212 216 
236 712 
240 216 
236 224 
236 232 
232 212 
232 208 
232 212 
232 208 
220 252 
240 208 
236 212 
240 216 
244 224 
232 228 
232 204 
232 212 
232 212 
232 204 
236 212 
232 216 
232 208 
232 216 
244 216 
244 212 
240 212 
240 216 
236 212 
240 216 
236 208 
240 216 
236 236 
232 216 
236 216 
236 240 
236 216 
240 208 
232 212 
228 212 
232 212 
236 208 
240 236 
232 212 
236 236 
228 204 
236 204 
236 212 
232 208 
240 216 
240 212 
240 208 
236 260 
236 208 
236 236 
240 240 
240 208 
240 204 
232 216 
240 216 
236 236 
216 228 
236 216 
236 232 
236 208 
236 256 
240 216 
240 208 
232 216 
236 216 
428 212 
232 208 
228 208 
232 208 
236 232 
232 252 
232 216 
232 232 
232 224 
672 256 
232 216 
240 208 
228 212 
236 256 
236 232 
232 208 
236 208 
216 204 
232 456 
236 216 
236 260 
228 236 
240 224 
240 228 
232 212 
240 236 
212 232 
240 232 
232 212 
244 208 
232 208 
232 216 
240 232 
232 208 
232 208 
240 220 
232 232 
240 208 
228 208 
232 212 
244 204 
236 208 
236 208 
240 204 
240 232 
232 212 
240 212 
240 208 
236 212 
236 232 
240 272 
236 204 
232 204 
240 216 
228 204 
236 248 
248 208 
232 208 
236 208 
244 228 
236 220 
232 228 
236 260 
240 208 
232 208 
240 208 
236 252 
236 212 
228 212 
236 216 
236 216 
228 216 
236 212 
236 216 
232 232 
232 212 
228 220 
236 212 
240 212 
244 228 
236 224 
240 216 
228 208 
232 208 
236 208 
236 236 
216 212 
228 212 
236 228 
228 212 
232 208 
236 220 
236 208 
232 204 
232 236 
440 208 
232 204 
236 236 
236 208 
228 212 
240 208 
232 212 
236 228 
284 216 
668 232 
236 212 
236 208 
232 212 
232 216 
228 212 
236 208 
236 216 
216 216 
228 560 
240 216 
232 208 
232 44 
232 208 
240 208 
228 208 
232 208 
216 208 
236 212 
240 216 
236 208 
236 208 
236 208 
228 208 
236 212 
240 236 
228 240 
236 208 
232 208 
240 212 
236 232 
228 212 
232 212 
232 208 
232 236 
236 232 
248 212 
232 212 
152 40 
240 228 
228 208 
236 212 
236 232 
236 232 
236 236 
232 212 
236 216 
232 232 
244 204 
240 208 
240 208 
256 236 
236 224 
236 248 
236 212 
236 212 
236 216 
232 208 
240 208 
232 208 
256 208 
236 232 
232 216 
236 232 
232 212 
236 208 
240 212 
236 48 
232 220 
232 208 
232 220 
232 252 
236 208 
236 208 
248 212 
232 212 
244 212 
236 208 
236 204 
232 208 
232 216 
244 212 
240 240 
240 220 
240 204 
276 208 
464 260 
236 204 
240 216 
236 256 
256 212 
232 208 
240 216 
228 216 
240 216 
680 212 
244 216 
236 224 
236 208 
236 212 
236 212 
236 208 
244 208 
220 232 
244 536 
240 240 
244 212 
232 208 
244 232 
232 224 
228 208 
240 208 
212 212 
236 212 
232 212 
240 232 
232 204 
240 212 
236 208 
232 208 
240 216 
244 208 
240 216 
240 208 
236 240 
240 220 
236 216 
232 260 
240 208 
236 204 
236 236 
244 232 
232 212 
236 208 
248 208 
236 216 
236 208 
240 224 
236 232 
236 232 
240 240 
236 212 
292 204 
236 208 
240 208 
236 204 
236 228 
228 212 
232 212 
232 216 
232 244 
240 232 
236 216 
236 244 
244 216 
236 236 
232 212 
264 204 
236 208 
236 232 
236 248 
232 216 
232 212 
228 216 
236 236 
264 292 
232 216 
232 208 
232 248 
228 236 
236 208 
280 208 
236 204 
232 208 
236 220 
232 208 
236 236 
232 204 
232 216 
236 204 
312 212 
484 208 
240 232 
232 212 
236 208 
240 208 
236 268 
240 208 
240 212 
240 212 
672 208 
236 216 
232 220 
232 232 
236 232 
244 216 
240 212 
236 204 
220 232 
228 584 
240 212 
240 204 
236 208 
228 208 
240 208 
228 204 
236 232 
304 232 
240 212 
236 232 
240 208 
236 228 
236 208 
240 212 
232 208 
236 232 
232 208 
236 212 
244 208 
240 232 
236 232 
236 208 
236 236 
240 240 
236 204 
232 208 
240 212 
240 236 
236 220 
232 228 
236 220 
236 224 
228 212 
240 208 
236 264 
240 240 
228 212 
236 208 
236 204 
232 208 
236 204 
228 212 
232 216 
240 208 
236 232 
232 212 
240 236 
236 204 
232 228 
228 268 
236 232 
240 212 
240 264 
236 216 
232 208 
236 220 
232 204 
232 212 
236 244 
240 224 
284 208 
244 212 
240 220 
240 208 
232 208 
240 208 
236 212 
272 256 
236 232 
236 236 
228 216 
244 252 
236 208 
364 220 
236 212 
232 208 
500 208 
232 208 
232 228 
236 236 
240 232 
236 232 
232 252 
252 208 
236 236 
744 208 
236 204 
236 256 
236 208 
232 252 
236 212 
240 212 
232 208 
212 232 
236 560 
236 204 
236 208 
244 236 
236 232 
232 208 
228 208 
236 220 
216 212 
52 44 
228 208 
240 208 
236 208 
236 212 
236 208 
232 208 
240 212 
232 212 
284 208 
236 224 
232 224 
228 208 
228 208 
232 212 
240 236 
236 208 
232 228 
44 48 
236 208 
232 208 
240 208 
236 212 
240 208 
232 208 
232 236 
288 208 
240 216 
228 208 
236 236 
232 240 
232 204 
228 204 
344 212 
240 212 
232 208 
232 208 
240 208 
264 240 
232 208 
240 216 
232 208 
236 232 
232 216 
232 232 
240 216 
232 204 
236 212 
236 216 
236 208 
232 40 
232 208 
232 208 
236 216 
232 208 
240 208 
228 204 
236 208 
236 212 
324 208 
236 220 
240 240 
236 208 
236 204 
244 232 
232 240 
240 204 
232 212 
524 208 
240 212 
240 208 
232 208 
240 208 
236 228 
236 208 
232 204 
236 208 
236 360 
236 212 
232 232 
232 248 
236 228 
244 208 
240 216 
236 204 
216 212 
236 564 
232 228 
244 208 
236 212 
244 232 
228 236 
232 208 
236 212 
216 224 
228 212 
236 208 
236 208 
240 232 
236 216 
236 252 
232 232 
232 212 
240 208 
244 252 
232 232 
236 248 
240 208 
232 208 
240 232 
240 208 
232 236 
228 208 
236 208 
228 216 
236 252 
256 220 
236 212 
240 212 
232 208 
236 220 
240 212 
248 208 
236 232 
232 208 
240 212 
232 212 
232 232 
240 216 
236 208 
236 232 
236 236 
232 208 
236 228 
236 220 
236 212 
236 212 
240 208 
232 212 
240 212 
232 212 
236 224 
232 212 
240 204 
232 212 
236 216 
232 208 
232 204 
236 228 
232 208 
232 216 
244 228 
244 208 
236 208 
296 216 
236 208 
232 212 
236 204 
240 236 
240 240 
236 208 
240 212 
232 212 
556 212 
232 208 
236 220 
236 208 
232 208 
240 204 
240 204 
276 212 
280 208 
240 388 
228 204 
232 212 
232 268 
240 208 
228 216 
232 208 
240 208 
220 236 
228 644 
236 216 
240 232 
252 204 
236 208 
240 216 
232 220 
232 204 
212 216 
236 204 
228 216 
232 208 
232 216 
228 204 
240 236 
232 216 
236 216 
232 232 
232 208 
236 232 
232 216 
240 212 
228 212 
236 232 
236 232 
260 208 
228 212 
232 208 
228 208 
236 216 
228 212 
232 216 
236 232 
232 212 
232 232 
232 212 
236 236 
232 216 
236 232 
236 252 
236 220 
232 208 
236 204 
232 208 
236 232 
232 212 
236 208 
232 228 
260 212 
228 212 
232 208 
236 208 
236 224 
228 212 
232 208 
244 212 
240 208 
240 212 
232 212 
232 236 
232 208 
232 240 
236 212 
240 212 
232 212 
228 208 
232 208 
240 208 
312 212 
232 208 
236 220 
244 208 
236 204 
240 276 
240 208 
240 216 
236 208 
568 212 
240 220 
232 208 
236 208 
232 208 
236 216 
240 232 
232 208 
232 208 
240 412 
232 208 
228 220 
240 208 
236 208 
232 232 
232 232 
236 232 
212 228 
232 656 
232 192 
188 224 
232 192 
212 232 
200 192 
220 208 
200 208 
188 208 
236 208 
236 228 
228 228 
232 188 
216 192 
200 236 
232 236 
208 232 
192 212 
232 232 
212 232 
196 232 
196 228 
232 228 
232 232 
192 228 
232 188 
192 236 
196 232 
192 236 
220 192 
228 208 
192 232 
228 232 
236 192 
232 232 
212 228 
228 228 
228 212 
212 208 
236 228 
232 232 
212 228 
236 232 
236 232 
240 192 
236 232 
236 232 
236 232 
232 232 
224 208 
232 208 
212 228 
228 228 
232 184 
236 212 
228 228 
188 192 
232 232 
212 208 
196 232 
232 208 
232 228 
232 228 
232 212 
208 292 
192 228 
232 208 
208 212 
332 228 
192 204 
212 212 
312 224 
240 232 
228 232 
212 232 
240 232 
228 232 
592 228 
236 228 
232 228 
236 232 
236 232 
232 208 
212 232 
208 228 
192 232 
228 192 
232 212 
236 232 
192 232 
236 228 
588 200 
212 204 
212 196 
232 192 
216 220 
192 228 
160 88 
0 0 
0 0 
0 0 
0 0 
0 0 
0 0 
0 0 
0 0 
0 0 
0 0 
0 0 
0 0 
0 0 
0 0 
0 0 
0 0 
0 0 
0 0 
0 0 
0 0 
0 0 
0 0 
0 0 
0 0 
0 0 
0 0 
0 0 
0 0 
0 0 
0 0 
0 0 
0 0 
0 0 
0 0 
0 0 
0 0 
0 0 
0 0 
0 0 
0 0 
0 0 
0 0 
0 0 
0 0 
196 200 
208 216 
276 208 
212 208 
232 208 
220 228 
236 216 
232 216 
240 300 
44 40 
192 212 
196 224 
236 340 
232 212 
224 192 
208 192 
232 208 
324 208 
236 232 
228 208 
216 208 
384 204 
240 208 
212 220 
216 192 
196 44 
236 220 
200 224 
200 196 
236 212 
200 212 
204 212 
232 212 
236 204 
236 196 
196 200 
208 216 
212 216 
400 208 
236 212 
228 212 
232 224 
200 200 
204 208 
212 220 
240 212 
236 232 
236 208 
236 660 
240 304 
196 208 
240 208 
232 196 
204 192 
192 228 
192 204 
232 244 
196 224 
236 208 
196 228 
204 212 
232 236 
196 208 
232 320 
192 208 
200 192 
220 204 
196 256 
252 264 
236 216 
224 200 
224 196 
196 208 
288 196 
228 232 
236 224 
196 220 
200 196 
196 216 
208 192 
232 208 
228 220 
308 252 
204 200 
240 212 
220 216 
220 212 
220 216 
232 288 
340 212 
244 192 
192 228 
200 240 
220 192 
200 188 
200 196 
216 212 
188 208 
600 196 
196 212 
196 192 
200 204 
200 196 
280 224 
220 196 
236 228 
216 188 
228 192 
200 200 
208 192 
216 220 
208 204 
208 220 
196 188 
232 204 
216 216 
240 220 
200 344 
240 192 
240 192 
220 220 
280 216 
236 220 
240 284 
212 208 
216 212 
216 192 
200 196 
196 200 
272 332 
232 200 
220 204 
216 212 
240 328 
236 428 
216 280 
200 188 
232 252 
240 220 
196 188 
232 208 
196 192 
208 204 
236 708 
296 212 
236 188 
192 212 
236 196 
204 268 
196 220 
236 200 
216 196 
240 212 
204 192 
232 196 
252 216 
292 288 
212 208 
208 200 
272 216 
204 276 
220 212 
236 244 
232 196 
232 232 
200 212 
240 196 
236 260 
212 236 
240 220 
196 192 
216 256 
224 232 
232 208 
236 220 
216 188 
212 212 
232 216 
228 212 
196 196 
232 220 
224 212 
196 200 
256 216 
216 212 
216 220 
216 192 
224 220 
196 208 
192 208 
196 212 
196 192 
192 192 
200 212 
236 520 
460 208 
236 236 
232 188 
240 192 
240 236 
236 204 
232 212 
240 224 
232 204 
196 236 
232 232 
200 192 
200 224 
244 212 
232 212 
236 228 
236 224 
300 248 
328 252 
228 192 
208 208 
216 224 
196 216 
224 252 
200 192 
664 232 
208 200 
212 216 
320 208 
232 208 
520 276 
240 224 
192 248 
236 232 
212 208 
220 236 
236 208 
212 244 
192 212 
244 188 
204 192 
208 220 
228 208 
212 212 
240 228 
236 212 
204 224 
212 192 
240 696 
304 192 
248 252 
200 212 
216 220 
216 240 
240 212 
236 216 
196 200 
188 204 
188 212 
236 204 
48 36 
280 316 
200 216 
212 268 
228 208 
200 196 
464 228 
212 204 
216 216 
224 196 
220 196 
232 200 
216 200 
220 196 
220 212 
224 224 
300 324 
240 220 
232 208 
236 236 
232 292 
232 208 
252 280 
228 212 
240 208 
232 208 
236 224 
44 48 
192 212 
232 208 
200 216 
216 216 
196 228 
204 204 
228 208 
236 312 
196 240 
240 292 
192 204 
232 208 
196 208 
208 208 
236 536 
200 220 
200 188 
212 216 
236 212 
232 220 
196 204 
192 188 
336 208 
200 48 
196 192 
192 212 
204 196 
192 236 
200 216 
240 204 
304 200 
300 232 
236 208 
248 196 
232 208 
236 192 
228 212 
240 216 
232 248 
236 236 
204 192 
228 500 
224 220 
228 208 
196 220 
216 204 
228 216 
240 196 
188 208 
252 232 
244 336 
280 204 
204 212 
220 212 
212 216 
240 208 
248 212 
196 208 
216 204 
208 240 
236 400 
232 244 
244 196 
232 216 
240 204 
240 208 
232 216 
232 212 
232 232 
296 268 
304 304 
264 236 
192 196 
208 196 
236 212 
240 196 
240 212 
192 232 
232 212 
236 208 
228 216 
216 208 
420 212 
228 196 
204 188 
228 220 
236 224 
224 192 
192 196 
236 240 
196 188 
196 260 
240 208 
196 208 
236 224 
232 208 
232 224 
224 228 
188 192 
188 192 
212 188 
232 204 
240 224 
204 192 
192 192 
220 208 
200 212 
200 196 
228 192 
196 200 
204 208 
204 192 
228 192 
208 192 
212 212 
200 248 
224 196 
192 228 
204 188 
236 224 
200 212 
232 196 
236 208 
240 252 
196 244 
280 320 
248 424 
244 244 
192 208 
236 192 
196 196 
188 196 
224 232 
232 216 
208 220 
376 192 
208 288 
200 208 
224 224 
228 220 
236 284 
244 204 
268 252 
240 200 
220 368 
212 232 
232 212 
248 252 
240 196 
236 236 
252 240 
196 196 
236 232 
236 192 
196 188 
192 192 
192 200 
216 196 
200 200 
236 244 
216 192 
228 236 
236 196 
216 192 
236 200 
196 192 
200 188 
204 192 
200 196 
236 188 
204 236 
212 564 
228 580 
216 216 
228 212 
200 200 
224 192 
188 236 
192 196 
204 196 
644 192 
192 192 
564 196 
192 272 
212 192 
272 256 
192 256 
216 280 
248 240 
232 276 
216 212 
204 208 
216 236 
288 244 
228 252 
216 224 
336 300 
192 316 
208 204 
196 188 
200 208 
192 216 
200 200 
192 204 
192 264 
232 260 
204 196 
248 196 
200 196 
224 192 
192 192 
196 204 
200 192 
200 184 
192 200 
196 192 
220 208 
204 192 
200 204 
196 204 
196 212 
196 192 
212 208 
192 208 
196 328 
208 216 
212 232 
264 224 
232 216 
216 220 
248 216 
208 580 
212 216 
212 212 
216 212 
212 212 
232 212 
236 244 
236 240 
212 220 
196 216 
192 212 
196 196 
196 196 
196 212 
200 192 
236 220 
192 192 
216 224 
204 188 
196 192 
196 196 
192 228 
192 192 
192 208 
196 316 
208 216 
232 212 
248 212 
260 212 
284 216 
196 188 
224 208 
208 216 
212 212 
208 208 
44 44 
220 216 
192 212 
232 212 
228 196 
196 192 
240 212 
212 208 
220 292 
216 192 
200 192 
196 196 
232 240 
232 472 
204 300 
228 196 
284 200 
200 192 
240 228 
200 184 
196 208 
200 196 
196 196 
228 192 
240 192 
236 216 
192 220 
200 236 
48 48 
192 192 
204 196 
192 208 
224 192 
192 212 
196 192 
208 228 
224 208 
212 216 
236 192 
280 584 
220 216 
212 196 
224 216 
216 208 
204 184 
192 196 
188 196 
192 188 
196 192 
192 196 
236 276 
212 196 
212 236 
224 200 
296 48 
212 196 
216 200 
208 196 
208 240 
192 308 
216 272 
236 248 
200 244 
196 224 
244 192 
188 188 
196 212 
220 224 
196 284 
200 212 
240 192 
224 192 
264 204 
196 196 
488 464 
204 224 
216 188 
200 276 
232 216 
236 228 
196 196 
240 224 
196 264 
196 208 
220 204 
220 212 
216 228 
196 248 
240 280 
288 200 
192 208 
204 196 
196 208 
192 196 
196 196 
204 204 
220 204 
340 232 
340 280 
236 204 
208 196 
264 244 
244 328 
232 212 
196 184 
200 228 
204 192 
204 212 
192 204 
196 200 
240 200 
248 212 
204 204 
232 212 
196 192 
196 188 
244 200 
228 212 
288 188 
196 196 
196 200 
196 212 
196 196 
212 216 
192 264 
196 228 
352 236 
236 188 
196 200 
316 260 
236 200 
196 344 
288 276 
204 200 
196 208 
352 212 
196 216 
216 668 
248 200 
216 208 
208 268 
236 240 
192 232 
200 280 
200 212 
260 308 
196 208 
196 284 
212 196 
204 192 
208 196 
224 240 
192 192 
200 192 
204 236 
