# ./FR-trace starting at Mon Apr 20 19:02:55 2020
################# CONFIG #################
# slot=5000
# samples=10000
# threshold=100
# idle=500
# minlen=500
# runs=10000
# pdathreads=2
# nmonitored=2
#   monitor0=../apps/openssl ec2_mult.c:153 0x1e7854
#   monitor1=../apps/openssl ec2_mult.c:161 0x1e789c
# nevicted=0
# npdatargets=2
#   target0=../apps/openssl bn_gf2m.c:412 0x20bd10
#   target1=../apps/openssl bn_gf2m.c:412+64 0x20bd50
# affinity=all
############## SYSTEM INFO ###############
# mastik_version=
# sysname=Linux
# nodename=lovelace
# release=5.3.7-arch1-1-ARCH
# version=#1 SMP PREEMPT Fri Oct 18 00:17:03 UTC 2019
# machine=x86_64
################## DATA ##################
# run=3418
# datapoints=9802
52 40 
208 232 
232 204 
232 236 
240 264 
240 216 
232 208 
236 236 
244 216 
236 220 
228 216 
240 212 
236 236 
232 212 
236 232 
224 216 
236 208 
240 232 
232 208 
232 236 
232 212 
232 260 
236 224 
232 208 
460 208 
236 216 
236 208 
292 208 
1016 236 
236 44 
244 216 
240 216 
232 212 
668 212 
240 236 
232 204 
240 216 
236 212 
236 208 
236 216 
328 216 
212 212 
236 524 
232 204 
236 224 
232 208 
232 208 
232 208 
228 204 
228 204 
216 204 
232 208 
240 208 
228 212 
236 208 
232 208 
244 212 
232 212 
236 220 
240 204 
240 212 
236 260 
232 208 
232 212 
244 232 
244 208 
240 208 
236 208 
236 208 
232 212 
240 232 
232 204 
232 232 
244 208 
232 204 
236 212 
232 244 
236 208 
236 212 
232 208 
232 212 
240 216 
236 212 
236 212 
236 204 
232 208 
228 208 
232 216 
236 232 
236 212 
236 204 
236 216 
236 216 
240 212 
236 244 
232 228 
232 216 
236 220 
236 232 
240 216 
236 208 
232 216 
244 248 
236 228 
236 208 
236 216 
236 232 
236 204 
232 208 
232 212 
212 224 
236 232 
984 232 
236 236 
228 228 
240 236 
232 216 
232 208 
232 212 
460 208 
236 212 
228 204 
236 232 
240 208 
236 208 
236 216 
236 248 
232 208 
692 212 
236 220 
240 208 
232 208 
268 204 
236 204 
228 208 
232 236 
216 208 
236 544 
240 232 
240 208 
300 216 
240 216 
232 208 
240 212 
236 232 
216 300 
240 264 
236 236 
240 208 
236 208 
228 208 
232 216 
232 204 
236 208 
240 208 
232 212 
236 204 
236 236 
232 212 
236 216 
232 232 
228 204 
232 212 
236 236 
240 260 
232 208 
232 208 
232 212 
236 208 
236 236 
228 212 
232 208 
232 208 
240 204 
236 208 
232 216 
228 216 
232 208 
236 212 
436 264 
236 236 
232 204 
232 208 
236 212 
232 204 
232 260 
240 216 
228 208 
232 204 
240 220 
236 208 
236 212 
232 208 
228 208 
232 216 
236 212 
964 208 
236 252 
240 208 
228 208 
236 208 
232 208 
236 204 
232 208 
240 236 
236 212 
268 212 
240 216 
232 212 
236 232 
240 216 
236 208 
232 208 
236 208 
460 216 
236 304 
236 208 
236 212 
240 224 
228 204 
228 208 
232 224 
240 248 
704 260 
236 212 
248 212 
232 208 
232 224 
236 212 
636 212 
232 212 
220 264 
236 556 
232 208 
236 236 
236 216 
232 212 
232 248 
244 208 
240 208 
216 208 
232 220 
236 236 
244 212 
228 208 
232 268 
240 208 
236 216 
232 208 
228 208 
232 212 
240 212 
236 220 
232 208 
232 240 
236 252 
240 216 
228 248 
236 220 
240 236 
232 224 
236 236 
240 220 
592 216 
52 48 
232 216 
232 208 
228 216 
228 204 
232 216 
240 232 
232 208 
232 208 
232 228 
240 208 
236 232 
232 208 
240 220 
240 212 
236 216 
228 208 
236 236 
240 216 
236 208 
232 208 
232 208 
240 208 
232 208 
232 260 
240 232 
240 208 
332 208 
232 228 
48 44 
232 208 
232 216 
240 208 
232 216 
240 236 
232 208 
268 208 
232 236 
240 208 
244 208 
244 208 
232 216 
232 208 
232 208 
236 236 
504 232 
236 232 
236 204 
240 240 
236 212 
240 208 
228 216 
232 212 
236 216 
732 208 
240 208 
232 232 
240 216 
232 212 
236 40 
236 236 
236 208 
216 212 
232 576 
236 212 
228 204 
236 216 
236 248 
232 208 
372 208 
240 208 
216 232 
236 216 
240 208 
236 328 
232 208 
232 208 
240 208 
232 212 
240 232 
236 208 
236 208 
240 212 
640 204 
236 212 
244 236 
240 208 
236 236 
236 208 
236 216 
236 612 
232 208 
232 208 
236 208 
236 224 
236 204 
232 224 
236 216 
232 208 
236 212 
236 232 
232 216 
232 232 
232 208 
240 208 
236 208 
240 208 
244 212 
236 244 
240 216 
244 236 
236 208 
232 208 
236 232 
232 208 
232 208 
236 208 
240 208 
232 252 
228 208 
232 244 
232 208 
256 212 
240 212 
232 232 
244 212 
232 236 
236 244 
236 208 
248 240 
236 220 
288 208 
232 236 
240 208 
240 216 
228 208 
236 208 
236 204 
236 240 
236 220 
532 208 
236 208 
240 216 
240 232 
232 208 
244 280 
236 204 
236 208 
232 204 
744 236 
236 252 
240 216 
228 208 
236 240 
236 216 
236 260 
236 208 
212 208 
236 600 
232 208 
240 232 
232 212 
232 212 
232 208 
236 224 
232 212 
216 236 
608 464 
232 216 
232 208 
228 208 
240 208 
228 204 
232 212 
244 232 
236 204 
236 236 
356 216 
228 204 
232 212 
236 208 
232 208 
236 212 
236 208 
232 208 
228 216 
232 216 
236 216 
232 204 
236 212 
236 212 
228 204 
232 208 
236 212 
228 204 
232 208 
240 208 
236 216 
232 208 
232 204 
232 208 
236 236 
232 204 
232 208 
236 260 
240 220 
236 212 
240 220 
236 208 
232 204 
232 232 
240 216 
240 212 
232 204 
232 216 
236 208 
232 216 
240 232 
236 204 
232 212 
236 208 
232 212 
232 204 
232 212 
236 212 
232 208 
264 236 
256 208 
236 204 
236 212 
232 204 
236 212 
236 212 
240 216 
236 216 
568 204 
232 236 
240 236 
236 216 
232 212 
236 204 
232 268 
236 220 
232 208 
236 372 
236 216 
232 208 
228 208 
232 212 
240 208 
228 208 
488 208 
208 204 
232 632 
236 216 
228 208 
236 244 
236 232 
232 216 
232 216 
228 208 
208 208 
236 212 
236 232 
236 208 
232 212 
232 232 
228 208 
232 208 
236 216 
232 220 
232 216 
236 204 
228 208 
236 208 
228 224 
244 212 
236 232 
232 236 
236 240 
240 216 
240 220 
232 208 
232 208 
240 960 
240 236 
240 204 
232 204 
236 208 
240 232 
240 212 
228 228 
232 208 
232 204 
236 212 
236 228 
236 228 
232 212 
240 220 
240 208 
236 224 
236 204 
236 216 
236 216 
236 216 
240 220 
236 232 
48 40 
252 208 
236 212 
228 208 
236 204 
232 208 
236 208 
236 208 
240 208 
240 240 
228 208 
236 244 
240 208 
240 208 
288 204 
236 212 
272 204 
236 208 
232 212 
232 212 
240 212 
232 208 
236 208 
548 212 
232 212 
236 236 
240 236 
228 1008 
236 204 
44 40 
240 252 
236 220 
236 388 
240 220 
232 232 
236 212 
236 228 
236 236 
236 232 
240 224 
212 208 
232 644 
236 212 
236 232 
232 208 
308 216 
236 260 
228 212 
228 208 
216 228 
232 212 
236 208 
236 208 
232 212 
236 212 
236 212 
232 208 
232 244 
232 44 
236 208 
236 208 
228 964 
240 232 
240 208 
232 208 
236 248 
232 212 
236 232 
232 208 
232 232 
232 208 
244 232 
240 212 
228 204 
236 236 
236 212 
236 224 
232 216 
240 232 
248 208 
232 204 
228 208 
232 208 
236 212 
240 236 
236 208 
232 224 
236 232 
236 208 
236 208 
244 208 
232 204 
236 208 
240 220 
236 208 
232 208 
236 216 
240 208 
236 208 
236 208 
268 208 
236 212 
232 232 
236 208 
236 208 
240 208 
228 232 
236 208 
240 232 
336 216 
236 232 
228 208 
232 212 
236 204 
236 232 
232 216 
232 212 
232 208 
572 208 
232 208 
228 212 
236 264 
236 208 
232 208 
240 216 
232 204 
216 204 
232 424 
260 204 
232 260 
236 208 
228 212 
252 212 
240 208 
240 212 
216 208 
236 668 
240 260 
232 212 
232 212 
228 208 
236 232 
248 208 
236 216 
216 216 
232 840 
232 208 
236 208 
236 236 
236 212 
236 220 
240 208 
240 208 
232 208 
236 216 
232 208 
236 208 
236 236 
236 208 
232 316 
236 212 
236 212 
240 232 
236 236 
236 208 
232 204 
240 208 
232 212 
232 208 
232 208 
236 260 
232 208 
240 240 
240 228 
232 212 
236 236 
232 208 
240 208 
232 256 
236 236 
228 204 
236 256 
240 208 
236 224 
228 208 
228 208 
232 208 
236 324 
232 252 
236 216 
240 208 
236 256 
236 232 
232 208 
232 216 
240 212 
236 208 
228 212 
228 212 
232 204 
232 208 
236 232 
232 216 
236 212 
356 228 
232 208 
232 220 
232 204 
232 208 
236 212 
236 204 
232 212 
212 260 
600 212 
240 228 
236 224 
240 236 
240 208 
236 212 
236 208 
232 212 
216 220 
236 428 
384 204 
236 236 
240 208 
228 204 
236 236 
236 204 
232 1052 
216 220 
236 696 
232 204 
228 232 
236 216 
236 236 
232 232 
232 204 
232 208 
212 216 
232 208 
232 212 
232 216 
240 212 
236 224 
236 208 
232 212 
232 208 
232 212 
236 252 
240 208 
232 236 
240 208 
336 208 
240 220 
236 204 
232 208 
244 212 
228 236 
236 236 
240 208 
236 232 
796 208 
232 204 
232 212 
228 212 
232 212 
240 236 
232 208 
236 208 
232 256 
240 208 
236 204 
232 208 
236 204 
232 204 
232 212 
236 216 
232 204 
240 236 
232 208 
232 212 
236 248 
228 208 
232 208 
236 236 
232 216 
240 204 
240 228 
232 216 
232 208 
236 216 
240 204 
48 60 
236 212 
232 208 
824 208 
232 236 
236 232 
400 216 
232 208 
232 212 
272 208 
240 232 
236 208 
232 212 
232 208 
236 216 
612 212 
232 232 
240 208 
236 216 
232 212 
232 868 
240 212 
232 208 
216 208 
232 464 
236 236 
236 208 
232 232 
52 44 
232 208 
232 232 
240 216 
208 208 
244 680 
236 220 
232 204 
228 212 
240 236 
236 208 
236 232 
236 232 
220 212 
232 232 
236 204 
240 204 
232 208 
236 220 
232 208 
228 216 
240 208 
232 212 
232 232 
240 208 
236 208 
232 204 
236 216 
240 204 
236 216 
232 44 
232 208 
236 208 
240 204 
236 244 
240 212 
232 232 
236 216 
236 208 
236 232 
232 204 
236 240 
236 216 
232 208 
236 264 
240 208 
232 212 
236 236 
400 208 
232 232 
232 216 
232 208 
232 208 
236 236 
240 204 
232 212 
236 240 
236 208 
236 216 
752 220 
232 220 
232 208 
240 220 
236 208 
220 212 
236 212 
240 228 
232 204 
236 204 
236 212 
240 248 
236 212 
236 260 
408 212 
240 236 
232 212 
232 208 
236 236 
228 212 
228 236 
236 236 
236 220 
648 212 
232 212 
240 236 
240 212 
232 212 
228 208 
228 208 
236 212 
312 204 
240 472 
240 212 
236 224 
236 260 
240 208 
236 204 
228 208 
232 208 
212 240 
236 712 
232 208 
228 204 
236 208 
236 208 
232 212 
232 236 
232 212 
212 208 
236 208 
236 204 
236 224 
236 216 
232 208 
232 208 
232 212 
236 212 
232 204 
228 204 
236 232 
228 208 
236 216 
240 232 
236 208 
236 236 
232 236 
228 212 
232 208 
228 208 
232 204 
232 236 
232 204 
236 208 
240 212 
240 212 
232 208 
232 204 
232 216 
240 208 
232 212 
240 236 
232 208 
260 212 
920 232 
236 232 
232 216 
232 208 
228 208 
236 208 
240 236 
236 208 
244 208 
256 208 
240 224 
236 208 
236 220 
232 208 
228 208 
240 236 
232 208 
240 232 
236 208 
232 220 
232 232 
236 232 
236 212 
240 208 
240 208 
424 240 
236 212 
236 236 
240 208 
232 224 
232 208 
236 232 
236 220 
228 204 
648 256 
236 208 
228 204 
236 240 
236 212 
240 212 
232 204 
232 208 
208 208 
236 504 
240 212 
240 228 
232 208 
236 208 
236 228 
236 212 
236 236 
216 208 
232 216 
240 220 
236 232 
240 204 
240 208 
236 220 
240 212 
232 212 
216 204 
240 224 
232 204 
244 212 
240 204 
236 208 
232 208 
464 216 
236 236 
240 216 
504 208 
232 204 
232 216 
232 208 
240 204 
248 220 
236 216 
236 224 
228 208 
232 208 
236 260 
236 216 
232 212 
228 212 
796 208 
232 208 
240 208 
236 216 
228 208 
236 208 
228 204 
232 208 
236 232 
232 208 
232 232 
232 208 
240 232 
236 204 
232 216 
236 208 
228 216 
236 208 
236 208 
232 204 
236 232 
236 212 
232 256 
240 212 
240 244 
236 224 
232 208 
216 212 
228 204 
232 236 
236 212 
232 216 
240 232 
472 208 
232 204 
228 208 
420 232 
232 204 
232 204 
240 220 
236 208 
236 208 
236 244 
236 232 
232 212 
700 216 
232 208 
236 236 
232 212 
232 40 
48 44 
232 208 
236 208 
212 212 
236 524 
300 208 
236 208 
232 212 
236 236 
232 212 
228 208 
232 220 
212 212 
236 216 
240 232 
236 208 
240 208 
460 208 
240 208 
232 208 
228 208 
224 208 
240 216 
240 208 
236 208 
228 204 
232 216 
248 208 
44 44 
228 208 
236 216 
232 228 
236 232 
236 288 
228 212 
236 204 
240 204 
232 208 
236 208 
232 228 
232 212 
236 216 
228 204 
232 212 
240 236 
240 236 
232 208 
232 212 
240 236 
228 208 
236 208 
236 232 
236 216 
236 208 
236 208 
232 224 
264 212 
232 208 
236 40 
236 212 
228 212 
240 224 
228 208 
236 208 
236 216 
236 208 
236 232 
236 236 
228 208 
232 208 
240 236 
240 208 
236 252 
236 204 
228 208 
236 220 
240 276 
232 208 
228 212 
240 208 
232 212 
460 212 
232 208 
236 204 
236 220 
240 208 
232 212 
240 208 
232 212 
236 308 
700 212 
232 208 
244 208 
236 216 
232 204 
232 212 
240 208 
236 228 
220 208 
236 556 
240 208 
316 212 
236 208 
232 264 
232 236 
240 212 
240 208 
216 204 
232 208 
240 208 
244 236 
240 208 
236 208 
236 236 
236 212 
232 212 
240 212 
232 208 
228 208 
236 208 
240 232 
236 216 
232 212 
236 216 
240 204 
236 216 
236 208 
236 212 
240 232 
228 208 
236 208 
240 208 
232 208 
236 232 
236 212 
228 208 
232 208 
228 220 
240 216 
228 216 
232 232 
236 216 
228 208 
232 212 
236 216 
236 216 
240 208 
236 232 
228 216 
244 264 
232 212 
236 208 
236 208 
240 236 
244 208 
236 212 
236 208 
232 224 
232 212 
236 216 
236 208 
232 212 
232 244 
240 204 
232 216 
236 208 
232 236 
236 216 
232 208 
236 260 
236 236 
228 208 
228 208 
236 208 
232 212 
240 212 
464 208 
236 236 
232 208 
240 212 
236 208 
240 224 
236 236 
236 212 
244 208 
296 212 
228 204 
236 220 
236 216 
236 208 
236 212 
236 208 
232 208 
252 212 
232 488 
240 232 
236 208 
236 232 
228 216 
236 212 
240 220 
244 208 
216 232 
236 224 
240 208 
232 204 
232 212 
232 216 
232 224 
244 232 
232 208 
236 212 
236 236 
236 240 
236 216 
232 224 
236 208 
236 212 
236 232 
232 204 
232 212 
248 208 
236 232 
240 208 
236 220 
232 208 
240 220 
240 236 
236 212 
232 212 
236 212 
232 208 
232 208 
236 212 
348 236 
236 208 
240 208 
236 212 
232 256 
240 212 
232 208 
236 252 
228 208 
236 204 
228 208 
232 212 
236 212 
232 228 
228 208 
428 212 
236 216 
240 208 
236 220 
232 208 
240 208 
232 216 
236 208 
236 216 
240 204 
232 204 
232 208 
232 220 
260 208 
232 208 
236 208 
232 216 
236 220 
236 216 
240 212 
432 208 
236 204 
504 212 
256 204 
236 236 
240 208 
252 212 
232 216 
232 208 
236 232 
240 208 
748 208 
232 208 
232 204 
236 228 
232 208 
236 204 
240 212 
232 204 
212 260 
232 560 
256 212 
236 236 
232 212 
228 208 
240 236 
232 208 
236 212 
212 252 
232 208 
232 204 
228 212 
236 216 
232 760 
240 208 
236 212 
236 208 
44 44 
240 236 
232 204 
240 236 
232 204 
240 208 
232 212 
240 236 
240 208 
236 212 
228 212 
232 212 
232 216 
236 220 
240 208 
228 216 
236 236 
232 208 
236 208 
228 208 
232 208 
228 208 
232 208 
236 224 
236 212 
228 208 
232 220 
228 216 
44 44 
232 208 
232 212 
236 212 
240 256 
240 208 
240 208 
236 236 
240 212 
232 216 
232 208 
240 212 
236 216 
232 208 
236 208 
228 208 
240 208 
228 208 
236 868 
236 44 
236 260 
244 216 
240 212 
272 232 
232 208 
240 208 
236 236 
232 212 
236 228 
236 208 
232 212 
236 208 
532 212 
236 260 
228 208 
236 212 
232 232 
236 208 
240 208 
240 232 
336 208 
752 232 
228 212 
240 212 
232 208 
320 208 
236 232 
236 204 
236 216 
208 204 
232 604 
232 212 
1160 232 
268 208 
240 220 
232 232 
232 212 
240 232 
224 212 
236 232 
236 208 
236 264 
244 208 
232 212 
236 212 
232 208 
236 204 
236 204 
228 208 
236 212 
236 216 
232 236 
236 208 
228 208 
232 216 
240 208 
236 208 
232 208 
236 212 
240 224 
236 232 
236 208 
236 212 
232 208 
236 216 
240 236 
232 212 
228 208 
232 212 
232 208 
228 212 
236 216 
240 228 
232 212 
232 208 
240 220 
232 212 
232 208 
236 208 
236 212 
236 220 
240 268 
240 216 
252 224 
232 216 
240 212 
232 220 
244 208 
232 216 
228 208 
260 208 
240 224 
236 204 
240 208 
232 212 
240 232 
236 212 
232 288 
292 224 
228 212 
232 264 
236 216 
232 216 
232 208 
232 216 
236 232 
236 216 
516 208 
232 212 
232 244 
236 232 
236 232 
236 240 
232 208 
232 208 
232 212 
436 1056 
240 248 
236 240 
236 208 
232 212 
236 236 
240 208 
232 208 
212 256 
240 624 
236 212 
240 208 
240 208 
232 204 
232 208 
236 220 
228 204 
240 208 
236 216 
236 212 
228 208 
236 208 
240 208 
232 208 
232 228 
236 212 
236 212 
228 224 
232 212 
236 208 
232 208 
232 244 
228 208 
244 208 
240 232 
236 216 
236 224 
236 244 
232 216 
236 208 
232 208 
236 204 
236 220 
232 204 
232 220 
236 208 
244 208 
236 208 
236 232 
228 208 
236 216 
232 228 
240 216 
236 236 
236 232 
240 208 
236 208 
236 208 
236 212 
240 244 
232 208 
236 204 
236 208 
244 216 
236 208 
232 208 
232 220 
236 208 
232 212 
236 232 
236 228 
236 212 
240 216 
232 216 
240 212 
236 232 
228 208 
316 208 
236 236 
308 224 
240 216 
232 204 
240 220 
228 212 
232 860 
236 232 
548 208 
240 212 
244 208 
348 208 
248 208 
236 204 
240 208 
228 228 
236 204 
232 400 
240 236 
256 208 
236 220 
236 208 
244 208 
236 208 
244 212 
208 204 
228 668 
236 232 
236 204 
228 208 
236 208 
232 208 
232 208 
232 212 
216 208 
232 208 
236 208 
240 212 
236 232 
664 212 
236 212 
240 212 
232 208 
236 208 
232 208 
232 208 
228 212 
236 224 
232 212 
240 212 
236 240 
240 212 
240 236 
232 216 
240 212 
236 232 
236 208 
236 216 
232 204 
244 212 
236 148 
52 208 
236 208 
232 208 
236 212 
236 204 
236 232 
240 204 
240 212 
240 216 
236 212 
236 244 
240 204 
56 52 
0 0 
0 0 
0 0 
0 0 
0 0 
0 0 
0 0 
0 0 
0 0 
0 0 
0 0 
0 0 
0 0 
0 0 
0 0 
0 0 
0 0 
0 0 
0 0 
0 0 
0 0 
0 0 
0 0 
0 0 
0 0 
0 0 
0 0 
0 0 
0 0 
0 0 
0 0 
0 0 
0 0 
0 0 
0 0 
0 0 
0 0 
0 0 
0 0 
0 0 
0 0 
0 0 
0 0 
0 0 
0 0 
0 0 
0 0 
0 0 
0 0 
0 0 
0 0 
0 0 
0 0 
0 0 
0 0 
220 208 
256 208 
232 244 
236 264 
232 212 
236 220 
232 208 
232 252 
236 208 
232 224 
232 224 
236 216 
236 236 
232 216 
236 204 
232 212 
240 220 
236 216 
240 220 
240 208 
236 236 
232 208 
232 208 
236 228 
236 208 
232 208 
240 208 
232 212 
724 204 
236 212 
240 208 
236 232 
236 240 
252 208 
236 204 
232 224 
236 236 
236 212 
240 216 
232 204 
240 208 
352 208 
240 208 
420 212 
232 208 
232 208 
236 236 
240 204 
232 208 
240 208 
232 240 
236 216 
232 208 
236 208 
236 256 
240 236 
232 212 
236 236 
232 204 
236 212 
360 208 
232 208 
236 232 
240 212 
232 208 
232 212 
236 228 
236 236 
240 212 
612 212 
228 212 
240 212 
260 220 
232 216 
240 232 
240 216 
244 232 
216 208 
228 432 
240 216 
240 208 
236 232 
320 208 
228 212 
240 232 
232 204 
212 208 
236 668 
232 208 
232 212 
228 204 
240 212 
232 236 
236 208 
228 208 
212 208 
232 208 
228 212 
240 208 
236 236 
228 224 
232 216 
236 208 
232 264 
240 236 
232 264 
240 208 
228 204 
232 240 
236 216 
236 208 
236 212 
716 232 
232 212 
240 236 
256 208 
232 212 
232 216 
236 212 
232 208 
236 208 
236 216 
232 204 
236 208 
232 208 
236 204 
232 236 
236 208 
236 228 
232 204 
228 212 
232 212 
232 208 
236 212 
240 236 
232 204 
232 212 
232 236 
232 208 
236 228 
228 212 
240 232 
240 208 
236 212 
236 204 
232 220 
580 208 
232 208 
232 204 
48 40 
236 256 
232 208 
240 232 
240 208 
236 208 
368 208 
228 204 
240 212 
228 204 
236 212 
236 220 
236 208 
236 208 
232 208 
612 248 
236 212 
232 204 
236 244 
232 212 
236 212 
232 220 
236 216 
220 220 
240 484 
232 208 
236 220 
240 216 
232 212 
44 44 
448 204 
236 216 
212 232 
232 708 
240 236 
232 224 
228 208 
228 216 
236 232 
232 212 
236 232 
216 208 
240 208 
228 228 
232 216 
236 212 
232 216 
720 212 
236 236 
236 216 
240 204 
236 212 
236 204 
232 204 
232 268 
236 212 
232 204 
236 212 
240 40 
236 208 
232 212 
236 236 
232 208 
232 220 
236 220 
236 208 
232 208 
236 208 
256 220 
240 232 
236 204 
236 236 
232 208 
240 232 
240 232 
232 208 
236 232 
228 212 
232 208 
228 216 
308 204 
236 256 
240 216 
232 208 
232 256 
236 240 
240 208 
240 212 
244 236 
236 216 
236 208 
236 204 
236 208 
236 216 
240 212 
232 204 
232 212 
236 204 
240 208 
240 232 
232 236 
388 216 
244 212 
240 208 
236 236 
232 208 
232 232 
232 252 
232 216 
236 204 
636 208 
236 204 
232 208 
232 208 
340 208 
236 236 
232 216 
236 232 
216 224 
240 340 
232 212 
236 220 
232 208 
236 220 
232 236 
232 208 
232 260 
216 208 
240 708 
232 208 
232 1124 
236 212 
236 208 
232 212 
232 208 
232 208 
216 212 
232 252 
240 216 
236 208 
236 220 
236 212 
232 208 
232 208 
232 208 
240 216 
236 212 
236 204 
228 208 
240 208 
236 208 
232 208 
240 364 
236 216 
236 208 
236 208 
232 212 
236 264 
232 208 
232 208 
236 232 
244 252 
236 208 
232 212 
236 208 
232 212 
236 232 
228 208 
232 204 
236 220 
236 208 
236 236 
232 208 
228 212 
232 232 
232 204 
232 216 
240 204 
228 208 
364 212 
236 208 
232 208 
236 220 
240 232 
236 220 
232 212 
236 212 
240 224 
236 204 
240 212 
236 232 
240 204 
232 208 
236 208 
240 212 
240 236 
452 208 
236 256 
252 204 
236 212 
236 208 
248 212 
228 204 
232 208 
240 212 
660 212 
236 208 
240 212 
236 208 
232 208 
228 208 
236 204 
236 208 
220 208 
232 520 
236 208 
236 220 
236 216 
240 212 
236 232 
264 212 
232 232 
212 516 
236 720 
236 208 
236 220 
232 208 
236 232 
236 216 
244 208 
256 212 
224 208 
240 212 
236 220 
236 208 
228 220 
236 244 
236 204 
240 232 
232 208 
232 232 
240 212 
236 236 
236 204 
236 212 
236 236 
236 204 
232 204 
236 464 
236 204 
240 240 
240 212 
232 208 
232 228 
272 212 
240 232 
232 216 
232 212 
240 236 
228 204 
232 208 
232 208 
236 220 
236 208 
236 212 
228 204 
232 208 
240 236 
240 212 
232 204 
236 260 
240 208 
480 212 
240 252 
236 220 
236 212 
232 216 
240 212 
236 212 
228 208 
236 208 
240 212 
388 236 
232 208 
236 212 
232 208 
240 232 
244 212 
232 220 
236 232 
232 208 
436 252 
236 216 
232 208 
236 220 
236 216 
240 208 
232 208 
236 212 
240 232 
660 208 
240 208 
232 208 
236 208 
232 236 
244 216 
240 232 
236 212 
212 208 
232 540 
236 204 
232 240 
232 208 
232 212 
232 208 
236 232 
320 208 
44 48 
232 208 
232 208 
236 208 
232 216 
236 220 
232 264 
240 220 
240 232 
216 224 
232 208 
232 216 
232 208 
232 216 
236 212 
228 216 
236 236 
236 208 
232 212 
240 212 
240 208 
228 208 
236 208 
236 212 
236 208 
232 208 
232 208 
236 212 
236 220 
48 80 
244 212 
236 232 
232 204 
236 256 
236 220 
240 212 
236 240 
244 204 
236 208 
232 208 
232 248 
236 232 
236 208 
232 204 
232 252 
236 204 
264 208 
240 232 
236 208 
360 216 
232 208 
240 216 
232 232 
236 208 
232 204 
236 208 
236 268 
240 208 
240 208 
240 40 
220 208 
236 232 
240 224 
236 232 
236 232 
244 212 
236 208 
232 240 
232 228 
460 208 
228 208 
236 248 
228 208 
236 232 
240 236 
232 248 
236 216 
232 208 
704 208 
236 212 
236 220 
232 208 
1184 248 
240 208 
240 208 
236 264 
212 204 
244 524 
240 212 
240 204 
232 204 
240 212 
232 204 
228 208 
236 208 
212 220 
236 212 
232 208 
232 208 
236 212 
236 216 
236 220 
236 212 
232 252 
244 204 
232 232 
232 208 
236 268 
236 208 
240 216 
232 256 
232 236 
236 220 
232 228 
232 216 
236 236 
236 240 
232 208 
232 208 
232 248 
236 208 
240 208 
232 232 
236 208 
232 204 
232 208 
232 204 
232 232 
232 208 
232 208 
240 260 
240 212 
1188 208 
232 208 
232 208 
236 232 
232 208 
236 208 
232 212 
236 240 
236 204 
240 232 
232 208 
232 216 
236 208 
232 216 
232 216 
236 212 
232 212 
236 208 
236 232 
240 208 
232 208 
232 260 
232 208 
220 212 
240 232 
232 204 
232 236 
236 212 
236 232 
236 212 
232 232 
236 232 
472 208 
232 232 
1112 208 
236 208 
236 216 
232 216 
236 208 
232 208 
236 232 
700 212 
232 208 
236 248 
236 220 
236 212 
236 208 
232 204 
232 232 
212 212 
232 576 
236 204 
236 212 
232 212 
232 212 
232 208 
240 208 
236 208 
208 212 
232 240 
236 236 
240 208 
252 212 
232 212 
232 212 
288 244 
232 208 
232 212 
240 244 
236 212 
232 204 
232 212 
228 204 
236 212 
228 204 
232 256 
236 208 
240 220 
240 236 
228 208 
236 212 
228 208 
232 204 
240 208 
236 220 
232 264 
228 208 
232 208 
236 232 
240 208 
236 216 
236 204 
232 208 
232 208 
236 216 
228 204 
232 208 
236 232 
228 208 
236 220 
240 208 
232 212 
232 252 
240 220 
236 268 
236 204 
236 204 
236 232 
240 212 
240 208 
236 208 
232 208 
232 212 
236 236 
228 204 
228 204 
240 232 
240 232 
976 212 
232 208 
236 204 
244 264 
228 208 
228 208 
236 232 
232 216 
236 212 
464 208 
232 208 
236 240 
232 220 
236 220 
232 208 
240 208 
232 212 
208 304 
728 208 
232 208 
244 216 
232 260 
236 232 
232 208 
236 224 
240 208 
212 208 
236 580 
232 208 
240 232 
232 208 
260 212 
244 272 
232 256 
232 208 
316 208 
240 208 
232 212 
236 216 
236 208 
236 228 
240 236 
232 212 
228 212 
236 232 
236 224 
240 236 
232 224 
240 224 
236 208 
228 216 
236 208 
232 236 
240 220 
236 212 
240 212 
232 224 
244 208 
236 216 
228 236 
236 236 
244 212 
236 208 
44 40 
232 204 
236 216 
236 204 
220 208 
240 208 
244 212 
232 232 
240 208 
232 208 
232 208 
236 260 
236 204 
240 216 
236 208 
232 224 
240 236 
240 208 
240 208 
48 40 
228 204 
1156 232 
232 228 
240 208 
240 204 
236 240 
232 208 
236 204 
232 212 
236 252 
232 236 
232 212 
268 208 
236 220 
236 216 
236 232 
232 208 
232 232 
232 208 
228 212 
228 212 
504 212 
232 204 
232 212 
240 232 
236 208 
228 208 
236 208 
240 44 
240 204 
752 208 
236 216 
232 212 
228 208 
540 208 
240 212 
240 232 
240 208 
208 212 
888 212 
228 204 
232 208 
236 220 
228 204 
240 208 
232 212 
236 212 
212 212 
236 236 
232 208 
240 220 
240 216 
240 232 
236 212 
240 232 
236 232 
232 204 
232 220 
232 208 
236 204 
240 232 
240 204 
240 232 
240 228 
236 208 
232 208 
232 212 
232 204 
788 208 
236 208 
236 208 
232 212 
236 216 
228 208 
232 212 
232 264 
240 212 
232 212 
236 204 
236 224 
232 204 
236 208 
232 204 
236 208 
240 220 
1048 212 
236 208 
260 212 
232 212 
240 204 
236 208 
228 208 
232 204 
232 208 
236 208 
236 208 
232 212 
236 232 
240 208 
240 208 
232 208 
232 208 
240 232 
240 208 
228 208 
232 212 
236 232 
296 256 
236 208 
236 208 
232 212 
236 208 
240 236 
232 208 
236 232 
228 208 
556 248 
240 236 
240 208 
236 232 
232 208 
256 212 
240 216 
232 208 
232 204 
240 368 
232 208 
236 208 
232 236 
240 220 
236 264 
236 208 
232 212 
212 208 
232 624 
240 220 
240 236 
228 208 
236 212 
228 232 
232 216 
232 208 
212 212 
236 260 
236 212 
260 208 
232 208 
240 212 
256 212 
240 208 
228 208 
232 208 
724 676 
232 204 
232 244 
240 204 
236 244 
228 212 
232 236 
240 212 
232 232 
232 208 
232 212 
232 256 
236 216 
232 208 
232 216 
232 204 
228 216 
232 208 
236 232 
236 208 
236 232 
236 204 
232 204 
232 212 
236 208 
232 232 
232 216 
236 240 
232 208 
232 224 
236 220 
232 204 
236 228 
236 232 
236 208 
236 212 
232 212 
232 208 
228 212 
236 260 
232 212 
232 208 
332 352 
240 232 
236 232 
232 216 
236 212 
232 208 
236 212 
240 208 
312 208 
232 208 
236 220 
232 204 
236 220 
240 204 
236 232 
240 212 
236 208 
544 208 
232 208 
232 208 
232 208 
232 212 
232 208 
236 216 
236 208 
232 212 
232 392 
232 208 
252 236 
240 252 
232 208 
232 208 
232 212 
236 216 
216 232 
236 636 
232 204 
284 208 
240 224 
236 208 
236 216 
236 208 
648 208 
216 240 
240 232 
232 208 
228 212 
236 220 
232 208 
236 216 
228 204 
232 212 
232 220 
240 204 
240 212 
240 256 
236 220 
228 208 
236 212 
236 268 
236 220 
232 212 
232 208 
232 232 
236 216 
240 212 
232 212 
236 212 
236 208 
232 212 
232 236 
232 208 
236 208 
236 212 
232 208 
236 208 
236 216 
236 212 
236 212 
44 52 
232 208 
232 208 
236 244 
236 212 
232 236 
236 212 
236 208 
236 212 
236 212 
232 208 
232 212 
232 232 
236 208 
228 208 
236 208 
232 208 
236 212 
240 220 
232 224 
236 232 
232 208 
236 212 
232 212 
348 208 
228 204 
232 208 
240 232 
236 208 
48 44 
228 216 
236 208 
236 232 
588 212 
272 212 
244 208 
236 232 
236 224 
232 216 
236 228 
240 232 
228 208 
676 212 
232 212 
232 208 
232 212 
236 220 
704 212 
236 220 
228 44 
208 208 
232 652 
236 212 
236 236 
232 204 
236 208 
236 204 
240 208 
232 208 
212 428 
236 204 
232 216 
236 216 
236 236 
236 232 
236 212 
236 204 
236 212 
232 216 
232 204 
240 208 
236 204 
232 208 
236 232 
236 208 
232 204 
272 216 
228 208 
368 208 
236 208 
244 232 
236 208 
232 208 
240 208 
228 208 
236 204 
232 212 
240 208 
236 208 
232 208 
232 232 
232 264 
232 204 
236 204 
232 212 
236 216 
240 208 
236 232 
232 212 
236 236 
232 204 
232 244 
232 236 
228 208 
244 264 
236 212 
232 248 
236 208 
228 208 
236 212 
232 208 
240 208 
240 204 
232 240 
192 208 
236 208 
240 208 
232 224 
232 208 
348 208 
260 216 
236 232 
236 208 
232 256 
236 216 
232 212 
236 212 
240 212 
592 212 
232 212 
236 744 
228 208 
236 232 
232 208 
236 224 
240 208 
216 236 
236 428 
236 236 
236 208 
236 236 
232 212 
232 208 
232 236 
228 204 
212 208 
240 652 
232 256 
232 208 
236 204 
232 208 
228 204 
348 208 
228 220 
216 216 
236 212 
236 212 
236 228 
232 212 
232 208 
236 216 
240 256 
240 216 
228 208 
232 1140 
240 208 
248 216 
232 208 
236 220 
236 208 
232 240 
236 212 
236 208 
236 228 
236 220 
236 208 
236 220 
236 212 
240 236 
232 228 
232 236 
240 212 
240 204 
236 204 
232 204 
236 232 
232 236 
232 216 
236 208 
232 236 
236 208 
232 208 
236 232 
240 224 
240 204 
236 208 
232 208 
240 228 
228 208 
240 208 
232 208 
232 208 
244 232 
232 216 
232 224 
232 208 
232 204 
236 236 
236 240 
264 212 
284 212 
240 208 
236 264 
236 216 
348 224 
232 208 
236 204 
236 212 
232 212 
236 204 
236 204 
232 232 
232 232 
620 208 
232 208 
240 208 
236 260 
240 216 
232 212 
232 204 
236 216 
216 216 
732 228 
236 208 
236 232 
232 260 
236 208 
232 208 
232 208 
232 208 
212 248 
240 696 
240 204 
240 208 
240 212 
232 220 
240 208 
228 208 
240 1036 
216 208 
344 720 
232 212 
232 228 
236 236 
240 232 
240 216 
236 208 
236 208 
236 236 
232 216 
232 212 
240 232 
236 212 
232 208 
240 212 
232 204 
236 236 
236 208 
236 232 
236 208 
236 208 
240 208 
236 232 
236 208 
236 212 
240 232 
236 208 
236 236 
240 212 
232 216 
236 208 
240 216 
544 208 
236 208 
236 208 
236 236 
228 208 
240 236 
240 208 
232 204 
44 44 
236 216 
232 208 
236 204 
240 224 
232 208 
240 208 
232 204 
232 256 
232 216 
228 212 
236 212 
236 208 
232 212 
236 208 
236 212 
232 212 
236 248 
236 212 
396 208 
240 232 
264 208 
236 204 
232 208 
232 208 
244 220 
240 232 
232 208 
40 44 
236 216 
232 208 
236 204 
236 216 
236 224 
232 216 
228 212 
220 240 
228 484 
232 212 
236 208 
228 208 
236 220 
244 212 
236 204 
232 208 
208 260 
240 696 
236 220 
236 228 
232 208 
232 208 
240 204 
228 240 
228 204 
212 232 
240 376 
228 260 
244 220 
232 208 
260 208 
244 212 
236 224 
240 204 
236 236 
236 232 
236 212 
236 204 
228 212 
232 216 
236 212 
240 216 
236 212 
236 264 
240 208 
232 232 
236 208 
192 204 
232 208 
228 204 
244 236 
236 208 
228 216 
232 212 
232 216 
232 220 
236 232 
252 208 
232 228 
232 216 
236 236 
236 212 
236 216 
236 208 
228 208 
236 240 
232 208 
232 208 
232 208 
240 208 
236 236 
236 216 
236 252 
236 204 
232 212 
232 232 
232 208 
232 208 
236 236 
228 216 
1056 236 
236 216 
232 216 
232 204 
232 208 
432 208 
240 212 
232 212 
244 212 
232 280 
232 204 
236 212 
232 212 
236 220 
652 208 
240 208 
232 212 
240 1120 
228 208 
236 212 
232 208 
236 232 
208 212 
228 496 
240 236 
236 212 
236 232 
236 208 
236 216 
236 228 
236 208 
208 216 
232 752 
236 208 
228 212 
244 236 
240 232 
232 208 
228 208 
232 212 
212 216 
236 212 
228 208 
236 248 
232 208 
232 232 
236 208 
232 220 
232 204 
240 212 
964 212 
236 204 
236 248 
240 212 
228 212 
236 216 
232 208 
240 216 
232 208 
244 248 
240 216 
232 208 
236 212 
240 204 
240 240 
240 220 
232 208 
236 208 
236 216 
232 208 
232 208 
236 232 
240 224 
236 212 
240 212 
236 228 
236 220 
232 204 
232 208 
236 232 
232 208 
240 228 
236 212 
236 204 
684 488 
232 204 
236 212 
240 236 
232 216 
236 208 
236 232 
224 208 
232 232 
236 232 
236 212 
236 220 
240 208 
240 208 
232 204 
236 216 
412 212 
232 204 
236 236 
240 220 
236 232 
236 204 
236 208 
232 220 
236 208 
672 208 
236 228 
236 220 
236 212 
236 216 
236 220 
400 212 
240 228 
220 236 
240 488 
236 232 
240 208 
228 204 
228 208 
232 220 
236 204 
240 264 
212 208 
232 212 
228 212 
240 232 
240 212 
228 212 
240 292 
236 204 
244 208 
232 264 
236 208 
232 208 
208 232 
236 216 
236 208 
236 204 
196 212 
240 208 
236 224 
432 196 
236 216 
196 228 
192 212 
228 208 
196 208 
192 208 
192 192 
192 212 
192 192 
196 240 
236 200 
200 192 
312 232 
468 228 
196 188 
200 232 
188 228 
236 204 
228 476 
232 188 
232 192 
212 228 
236 356 
236 228 
232 228 
232 212 
192 236 
192 192 
208 232 
212 280 
228 208 
688 228 
212 228 
232 188 
216 212 
232 228 
232 208 
232 228 
368 236 
208 208 
232 192 
192 212 
228 228 
236 228 
192 192 
232 228 
232 192 
232 232 
216 216 
208 496 
240 212 
232 228 
208 232 
196 204 
236 228 
232 228 
236 208 
212 228 
668 208 
236 200 
196 204 
228 232 
232 228 
188 192 
236 232 
212 188 
232 232 
216 192 
232 232 
232 212 
192 232 
236 208 
232 532 
208 228 
232 200 
188 212 
236 236 
232 228 
232 232 
216 188 
232 224 
236 228 
236 232 
316 216 
196 212 
232 212 
232 232 
236 208 
232 212 
192 232 
200 192 
192 192 
216 228 
232 248 
216 196 
240 192 
236 232 
232 232 
232 228 
236 232 
216 232 
212 228 
232 192 
236 232 
232 188 
196 188 
232 192 
228 232 
192 192 
196 192 
232 196 
192 220 
212 192 
212 624 
192 188 
232 204 
192 192 
192 208 
240 228 
212 192 
200 272 
196 220 
224 192 
212 212 
220 212 
196 192 
232 212 
236 208 
252 228 
192 196 
212 224 
196 188 
228 208 
216 204 
192 188 
244 192 
216 212 
192 228 
192 232 
320 316 
240 232 
236 192 
212 228 
236 304 
232 200 
224 212 
240 312 
232 324 
192 204 
236 232 
188 232 
192 232 
208 232 
704 208 
192 228 
200 188 
236 192 
236 232 
240 188 
240 220 
220 208 
216 208 
236 208 
236 636 
196 216 
196 216 
224 236 
268 248 
232 212 
232 256 
240 296 
212 208 
212 196 
200 188 
228 192 
192 216 
204 208 
296 220 
200 204 
212 192 
236 188 
220 208 
196 192 
200 192 
196 188 
208 188 
204 232 
348 236 
244 232 
344 240 
212 232 
236 192 
232 188 
232 204 
220 204 
236 196 
232 212 
236 216 
264 228 
48 44 
204 224 
220 240 
236 208 
232 472 
240 316 
236 328 
204 196 
240 208 
240 208 
192 224 
228 204 
216 212 
208 208 
236 232 
200 196 
196 232 
240 236 
228 188 
192 236 
232 196 
240 212 
200 224 
208 212 
244 232 
192 204 
48 44 
224 212 
236 192 
212 196 
196 228 
260 200 
216 224 
232 208 
252 212 
240 208 
236 556 
204 212 
228 308 
216 220 
228 188 
244 208 
232 212 
232 204 
224 232 
232 208 
200 200 
204 196 
380 188 
200 208 
240 252 
232 208 
212 220 
204 200 
312 192 
240 44 
256 268 
240 236 
0 0 
0 0 
232 208 
228 212 
236 220 
192 216 
236 204 
316 296 
216 216 
196 192 
236 216 
200 212 
236 224 
236 192 
396 208 
228 208 
232 212 
236 196 
232 244 
344 344 
188 212 
236 324 
256 252 
236 692 
232 200 
200 196 
240 200 
224 216 
200 216 
200 200 
192 232 
208 192 
200 236 
236 352 
192 208 
232 208 
228 196 
200 212 
240 220 
236 196 
200 864 
216 208 
192 208 
200 208 
240 208 
220 200 
204 200 
240 208 
196 216 
204 212 
236 352 
212 232 
224 192 
196 228 
232 332 
228 208 
232 208 
240 212 
200 200 
228 196 
240 236 
200 196 
232 196 
232 200 
216 236 
236 312 
228 248 
224 204 
264 320 
212 220 
320 196 
200 192 
192 228 
200 188 
216 248 
192 208 
200 192 
196 212 
352 260 
244 232 
236 212 
244 204 
204 192 
208 264 
212 284 
200 204 
208 208 
236 204 
240 208 
236 236 
1244 188 
236 216 
208 192 
208 212 
220 220 
212 608 
236 212 
244 208 
244 232 
236 208 
220 196 
240 216 
188 208 
344 284 
236 208 
240 204 
236 216 
244 200 
232 208 
232 204 
240 212 
236 220 
224 244 
204 212 
192 208 
248 212 
236 208 
236 244 
232 220 
232 204 
196 212 
232 308 
220 196 
232 208 
1192 244 
192 200 
208 204 
296 220 
216 192 
188 188 
216 212 
200 212 
236 212 
236 192 
224 236 
228 208 
340 204 
208 208 
240 212 
208 188 
196 196 
232 212 
220 212 
192 208 
196 188 
192 228 
236 204 
232 208 
280 256 
236 212 
272 208 
344 280 
192 204 
228 232 
200 196 
236 212 
240 232 
196 256 
508 192 
220 220 
212 208 
236 212 
208 208 
228 276 
240 320 
288 240 
248 260 
208 212 
236 216 
236 204 
236 260 
216 204 
236 652 
244 212 
192 200 
200 196 
224 196 
360 192 
196 192 
228 224 
236 208 
232 452 
236 236 
232 256 
236 208 
200 212 
692 192 
196 228 
236 220 
208 204 
200 200 
216 216 
192 236 
228 196 
232 196 
216 196 
196 200 
200 244 
240 224 
236 228 
224 228 
212 224 
216 208 
236 224 
600 224 
272 204 
212 192 
232 212 
956 364 
220 208 
224 216 
276 232 
232 208 
352 208 
232 232 
220 228 
204 232 
236 196 
228 208 
240 208 
228 192 
216 240 
556 276 
232 292 
236 232 
204 208 
232 208 
236 196 
236 216 
208 204 
204 216 
196 240 
208 220 
208 208 
196 228 
228 216 
196 236 
196 212 
232 208 
212 208 
300 300 
320 216 
308 324 
200 212 
236 232 
44 44 
200 228 
236 208 
236 320 
236 716 
228 228 
224 196 
220 212 
240 212 
236 208 
224 208 
236 232 
216 208 
216 200 
240 236 
236 216 
232 224 
196 188 
200 192 
232 216 
236 236 
192 208 
732 196 
316 268 
284 232 
48 48 
236 296 
212 216 
208 204 
212 208 
224 196 
228 404 
216 216 
220 212 
236 208 
220 304 
280 208 
660 208 
240 208 
216 208 
228 228 
228 212 
212 268 
192 212 
192 204 
196 196 
196 192 
696 244 
364 288 
196 224 
216 240 
188 196 
672 216 
192 212 
196 40 
208 320 
220 196 
220 208 
200 208 
212 228 
252 236 
272 256 
332 280 
224 204 
264 320 
216 220 
240 232 
232 288 
196 204 
204 192 
196 200 
200 188 
224 200 
192 200 
220 208 
196 192 
196 232 
196 216 
196 200 
196 196 
652 232 
212 228 
364 280 
212 224 
220 204 
216 244 
212 208 
224 220 
212 208 
192 196 
236 252 
212 196 
276 192 
196 196 
196 192 
208 204 
192 212 
336 252 
232 184 
232 200 
200 200 
204 196 
204 208 
720 200 
212 232 
200 188 
196 208 
200 252 
208 268 
200 192 
204 192 
220 188 
192 268 
192 192 
748 220 
232 268 
256 304 
332 252 
196 212 
204 236 
200 192 
208 196 
200 216 
212 188 
196 284 
208 192 
232 232 
216 224 
200 192 
196 228 
260 332 
1216 328 
200 208 
332 232 
208 216 
196 196 
196 188 
204 192 
212 196 
200 296 
192 224 
256 232 
216 188 
192 224 
196 196 
192 212 
200 208 
212 204 
292 272 
228 204 
232 192 
196 192 
196 192 
204 204 
208 192 
212 196 
236 192 
232 200 
212 712 
224 192 
248 196 
212 192 
240 232 
220 188 
216 192 
192 212 
192 196 
192 200 
228 220 
224 192 
216 216 
216 192 
192 192 
240 196 
192 192 
348 268 
240 328 
316 228 
196 232 
296 372 
376 308 
232 212 
200 204 
220 196 
204 200 
212 220 
228 208 
200 204 
196 204 
192 216 
192 196 
196 224 
236 224 
196 212 
244 196 
208 188 
224 200 
196 252 
536 200 
208 212 
200 208 
196 200 
196 216 
208 200 
224 208 
196 188 
248 200 
208 192 
268 212 
212 232 
264 200 
288 188 
216 188 
188 204 
236 196 
236 300 
304 312 
188 196 
644 336 
240 196 
352 324 
200 236 
320 296 
228 192 
200 192 
192 212 
200 212 
212 212 
216 196 
316 568 
208 216 
248 556 
232 232 
224 196 
192 196 
200 188 
216 188 
208 192 
196 268 
208 208 
196 192 
216 208 
212 720 
188 192 
196 224 
192 192 
236 228 
204 196 
220 188 
248 240 
240 284 
192 228 
308 396 
312 196 
248 232 
240 192 
200 228 
220 196 
236 220 
212 208 
212 216 
204 216 
192 212 
236 236 
192 188 
200 196 
228 188 
192 188 
220 192 
200 196 
212 192 
48 40 
208 276 
196 196 
216 192 
208 192 
228 200 
196 188 
356 200 
192 192 
200 240 
228 204 
688 200 
240 280 
212 204 
224 212 
196 204 
192 188 
304 220 
200 196 
192 188 
196 196 
192 188 
240 200 
204 228 
212 188 
196 212 
192 208 
208 768 
236 220 
48 48 
216 212 
192 236 
204 192 
192 232 
196 196 
192 208 
196 228 
212 204 
212 232 
208 192 
200 212 
216 244 
224 188 
204 192 
204 192 
204 212 
232 204 
212 188 
208 216 
188 240 
304 192 
212 228 
332 196 
316 196 
264 236 
236 192 
204 192 
200 40 
188 200 
208 208 
236 232 
396 260 
264 200 
216 312 
320 252 
240 188 
192 308 
224 192 
196 196 
212 196 
200 196 
216 212 
200 204 
208 256 
196 244 
200 196 
216 196 
192 196 
392 268 
192 192 
200 216 
220 212 
216 212 
216 220 
248 328 
240 200 
208 236 
220 236 
232 232 
196 232 
256 212 
244 228 
196 216 
224 388 
260 304 
732 248 
240 200 
200 296 
264 240 
240 184 
196 192 
196 204 
240 216 
212 208 
196 196 
224 196 
192 192 
192 200 
200 196 
200 188 
444 216 
212 212 
216 192 
220 208 
232 236 
240 232 
236 208 
208 208 
212 216 
308 192 
200 196 
308 228 
196 188 
240 484 
236 332 
204 196 
260 216 
196 240 
376 268 
228 212 
192 208 
192 192 
200 196 
200 224 
228 236 
224 192 
248 236 
324 236 
212 204 
328 268 
272 232 
196 192 
320 300 
204 204 
212 192 
236 196 
224 220 
224 208 
600 188 
204 220 
204 200 
192 272 
216 200 
212 208 
208 200 
196 220 
244 200 
200 200 
316 192 
192 196 
196 200 
192 208 
372 188 
228 192 
340 368 
200 216 
200 192 
208 196 
192 212 
200 192 
216 212 
240 232 
216 228 
264 232 
192 200 
216 212 
196 196 
212 520 
396 1104 
256 200 
216 684 
200 192 
200 224 
216 208 
200 236 
228 216 
212 708 
200 208 
232 200 
192 192 
200 208 
212 192 
192 188 
220 200 
196 216 
224 220 
204 188 
200 204 
204 192 
208 196 
204 192 
188 192 
200 208 
196 228 
192 220 
208 228 
220 204 
276 200 
236 188 
240 236 
328 328 
192 320 
308 1640 
196 188 
228 208 
212 208 
204 196 
212 192 
196 216 
208 196 
196 232 
228 284 
240 204 
196 196 
200 192 
260 196 
332 712 
216 236 
288 196 
204 236 
200 220 
192 216 
236 184 
192 212 
196 280 
928 216 
236 216 
256 196 
196 200 
216 580 
324 216 
384 196 
216 192 
220 544 
200 188 
204 196 
304 196 
196 256 
208 212 
208 220 
196 204 
196 192 
196 304 
212 204 
204 196 
232 204 
212 192 
192 196 
196 196 
200 196 
212 220 
224 320 
196 244 
316 228 
192 208 
256 228 
240 268 
212 196 
192 192 
200 220 
300 196 
248 208 
216 212 
192 212 
200 240 
196 204 
216 188 
240 200 
208 288 
256 268 
340 256 
228 232 
248 196 
216 204 
240 212 
196 216 
192 528 
200 212 
200 192 
196 208 
192 216 
220 196 
48 40 
196 196 
212 216 
196 224 
204 1164 
240 244 
216 224 
260 268 
272 320 
200 308 
192 208 
196 192 
192 196 
196 208 
240 192 
188 188 
200 236 
200 236 
228 196 
200 224 
216 188 
200 256 
208 208 
192 224 
240 244 
224 208 
216 216 
204 204 
48 44 
228 196 
212 216 
188 196 
200 196 
240 192 
232 220 
268 204 
204 192 
320 216 
468 216 
192 188 
204 216 
204 208 
236 192 
396 216 
204 192 
192 44 
188 192 
244 212 
224 208 
228 208 
220 208 
212 212 
208 204 
220 252 
216 296 
212 232 
192 208 
216 224 
200 204 
192 192 
204 388 
216 192 
216 212 
268 212 
240 228 
216 212 
212 216 
208 196 
208 212 
216 212 
216 208 
212 196 
192 204 
224 224 
200 220 
232 196 
192 204 
192 220 
216 192 
228 200 
216 196 
192 240 
192 192 
192 216 
196 192 
228 236 
196 228 
196 204 
196 196 
196 200 
192 188 
196 224 
196 204 
260 212 
268 252 
196 208 
216 196 
240 552 
216 200 
212 192 
192 196 
216 216 
236 292 
240 208 
248 272 
196 320 
720 188 
220 208 
220 204 
224 224 
192 192 
208 192 
188 196 
200 196 
196 240 
220 252 
236 196 
260 212 
220 252 
296 232 
316 252 
232 192 
268 308 
240 208 
224 200 
224 208 
204 192 
196 208 
196 196 
196 188 
200 224 
200 192 
192 240 
296 212 
240 260 
248 208 
236 200 
224 188 
196 236 
200 192 
212 220 
260 328 
196 208 
248 196 
368 280 
252 208 
268 232 
288 352 
224 192 
212 364 
260 832 
236 240 
200 216 
252 224 
196 232 
1236 196 
320 280 
508 236 
196 196 
220 208 
200 196 
200 208 
200 208 
200 192 
196 192 
212 220 
196 200 
224 192 
200 192 
200 192 
216 208 
192 216 
196 1092 
188 196 
204 188 
208 192 
192 208 
320 192 
208 192 
192 232 
240 212 
244 252 
240 264 
196 200 
208 212 
200 232 
236 316 
332 312 
200 256 
244 304 
268 232 
196 288 
208 200 
212 208 
220 196 
232 232 
196 236 
308 244 
196 196 
204 196 
196 208 
240 192 
212 192 
252 240 
220 256 
728 348 
344 260 
212 208 
216 208 
216 196 
200 196 
196 208 
192 196 
232 204 
192 196 
200 228 
328 352 
188 192 
348 192 
204 212 
192 208 
228 192 
192 208 
196 208 
212 272 
240 204 
204 272 
212 196 
240 228 
272 220 
308 248 
196 188 
196 216 
228 196 
220 220 
196 192 
384 200 
232 196 
204 200 
944 288 
212 224 
200 192 
188 192 
196 220 
228 648 
192 200 
196 204 
216 216 
212 212 
212 192 
192 208 
196 188 
232 208 
216 204 
192 188 
228 240 
236 212 
224 216 
204 220 
220 200 
196 188 
212 192 
220 192 
220 196 
252 196 
192 244 
200 188 
212 196 
292 216 
296 212 
272 196 
256 236 
212 188 
268 192 
224 320 
276 212 
192 200 
252 344 
580 196 
196 196 
200 196 
216 324 
244 252 
304 196 
212 188 
192 188 
200 200 
200 192 
188 200 
192 196 
188 216 
220 192 
200 216 
44 44 
212 264 
220 208 
196 216 
208 244 
192 212 
196 236 
192 192 
204 196 
224 188 
200 220 
224 252 
212 212 
216 252 
220 212 
220 208 
216 216 
232 236 
212 212 
240 260 
404 236 
268 260 
200 228 
212 196 
236 204 
200 224 
228 192 
220 192 
192 208 
344 264 
484 272 
216 196 
44 48 
200 204 
220 208 
692 188 
220 192 
192 220 
224 324 
196 196 
232 228 
196 212 
224 228 
188 204 
196 188 
204 188 
192 256 
196 204 
196 188 
196 212 
248 232 
496 196 
244 228 
212 212 
208 252 
256 232 
216 196 
228 216 
212 200 
224 192 
212 200 
200 48 
216 508 
204 200 
196 200 
196 192 
464 196 
196 224 
192 228 
228 236 
216 192 
228 192 
200 216 
256 192 
200 240 
196 200 
204 236 
248 288 
236 212 
232 300 
240 240 
260 256 
236 216 
220 252 
300 208 
216 208 
272 212 
212 224 
196 212 
224 196 
208 204 
220 204 
216 212 
200 200 
212 228 
224 192 
208 196 
224 244 
240 216 
216 208 
232 220 
228 212 
212 220 
220 232 
236 236 
216 204 
240 208 
236 680 
220 208 
288 208 
244 212 
232 208 
216 196 
232 232 
1084 228 
240 204 
744 212 
228 212 
232 188 
240 204 
240 212 
196 236 
232 228 
232 208 
216 208 
240 568 
232 208 
236 196 
236 208 
192 204 
192 208 
228 208 
228 204 
212 228 
212 240 
212 208 
236 196 
228 188 
232 208 
240 228 
232 216 
232 208 
228 232 
240 212 
244 208 
236 204 
232 220 
468 204 
236 212 
232 208 
240 260 
236 264 
236 212 
236 220 
236 208 
236 208 
240 204 
232 212 
240 204 
240 212 
232 208 
232 204 
236 284 
312 220 
228 212 
232 216 
240 216 
236 208 
228 208 
240 208 
232 208 
236 228 
240 208 
236 220 
236 256 
240 220 
240 212 
232 208 
236 212 
232 212 
236 212 
672 216 
240 232 
232 212 
228 220 
232 212 
236 228 
232 216 
240 212 
232 216 
232 236 
236 208 
236 208 
312 208 
236 232 
236 232 
256 212 
236 208 
1012 212 
228 212 
236 212 
236 236 
524 208 
232 260 
228 216 
228 208 
236 208 
236 232 
232 212 
236 224 
240 208 
232 384 
236 212 
236 208 
232 212 
232 212 
240 236 
232 216 
232 216 
208 208 
236 612 
236 204 
240 208 
240 208 
236 212 
236 208 
232 212 
232 208 
220 216 
244 236 
236 208 
240 216 
232 208 
236 208 
232 216 
232 208 
240 208 
256 212 
236 224 
228 208 
240 216 
236 216 
232 212 
240 212 
48 48 
236 204 
240 224 
236 232 
236 228 
232 212 
232 220 
240 208 
236 204 
272 208 
228 204 
244 208 
240 232 
236 220 
240 208 
232 208 
240 264 
232 208 
232 208 
232 208 
252 212 
576 216 
232 208 
240 216 
232 212 
240 232 
252 208 
228 212 
240 208 
232 220 
48 40 
236 228 
232 212 
240 216 
240 212 
236 216 
236 204 
232 208 
228 212 
232 204 
232 216 
228 208 
236 220 
240 224 
320 212 
240 208 
236 208 
236 208 
248 216 
232 228 
232 220 
244 212 
232 212 
568 216 
232 208 
236 216 
236 212 
232 212 
232 40 
232 204 
236 208 
300 228 
240 384 
232 212 
236 204 
236 224 
236 232 
232 208 
236 260 
240 216 
220 212 
240 648 
236 212 
240 212 
240 236 
240 212 
240 208 
236 208 
232 208 
212 208 
244 232 
236 204 
236 248 
236 212 
236 216 
232 208 
236 208 
236 208 
228 208 
256 212 
244 204 
232 212 
236 216 
244 236 
240 204 
244 212 
244 208 
284 212 
236 216 
240 216 
240 204 
236 208 
232 212 
228 204 
232 208 
364 388 
240 212 
236 204 
232 204 
236 216 
232 208 
236 228 
232 212 
240 216 
244 224 
236 216 
232 228 
236 232 
236 212 
236 212 
232 208 
240 372 
232 224 
240 232 
232 212 
236 212 
232 216 
236 208 
236 212 
240 216 
236 212 
232 212 
232 208 
232 208 
236 236 
228 236 
232 232 
236 204 
240 216 
332 208 
240 244 
244 208 
232 212 
236 216 
232 212 
232 208 
232 208 
244 264 
584 216 
232 208 
236 220 
232 208 
360 264 
236 208 
236 228 
236 220 
236 204 
232 412 
232 264 
236 220 
240 252 
240 208 
236 232 
232 216 
236 208 
216 208 
228 632 
236 216 
232 216 
232 208 
228 212 
232 256 
628 216 
288 208 
212 220 
236 232 
232 204 
228 208 
236 232 
236 236 
236 212 
236 220 
228 236 
236 208 
336 212 
232 208 
232 208 
236 216 
232 220 
612 204 
360 312 
236 204 
236 232 
236 204 
232 212 
240 208 
232 208 
236 212 
232 208 
232 204 
232 232 
236 208 
240 232 
240 232 
232 208 
232 216 
236 224 
236 268 
236 248 
236 216 
228 216 
236 204 
232 208 
236 216 
236 208 
236 212 
228 216 
236 212 
236 208 
244 216 
236 204 
236 204 
196 212 
232 208 
236 236 
236 232 
252 208 
236 236 
232 216 
240 208 
232 212 
240 212 
232 212 
236 208 
324 208 
236 208 
232 212 
240 212 
236 232 
232 208 
240 208 
236 252 
236 208 
588 220 
236 236 
244 208 
236 232 
244 208 
248 208 
228 208 
236 260 
232 208 
232 428 
232 232 
240 212 
240 212 
240 216 
240 212 
236 204 
240 232 
212 212 
240 680 
232 208 
240 236 
236 204 
232 208 
236 232 
240 208 
228 208 
212 220 
228 208 
232 204 
240 980 
236 212 
240 208 
232 212 
244 212 
236 232 
232 220 
236 208 
236 232 
236 212 
236 208 
232 240 
236 260 
236 232 
236 212 
232 208 
240 216 
228 204 
236 252 
232 208 
232 208 
232 208 
236 436 
232 212 
44 40 
240 236 
228 208 
232 208 
228 212 
232 224 
236 212 
228 204 
236 212 
284 208 
240 1128 
236 216 
240 212 
228 208 
232 204 
236 232 
240 212 
240 224 
228 208 
316 216 
240 208 
236 208 
236 236 
236 216 
236 204 
228 204 
232 204 
244 208 
232 212 
44 44 
232 212 
240 208 
240 212 
392 232 
232 212 
236 252 
232 216 
232 212 
228 212 
228 208 
236 244 
236 208 
588 252 
232 212 
236 212 
232 212 
228 208 
232 208 
236 212 
232 232 
216 204 
228 460 
236 232 
232 212 
236 208 
236 232 
240 212 
228 208 
236 208 
212 48 
240 700 
236 208 
240 216 
236 252 
244 208 
236 204 
236 212 
236 212 
212 216 
236 212 
236 264 
232 208 
240 208 
236 220 
236 216 
236 204 
244 224 
232 208 
232 216 
232 232 
328 212 
240 232 
236 220 
232 208 
232 216 
236 232 
232 252 
240 232 
236 216 
236 212 
240 236 
236 208 
236 240 
240 236 
240 924 
228 228 
232 208 
236 228 
232 208 
240 212 
236 212 
232 212 
236 212 
236 212 
228 212 
232 236 
236 212 
232 204 
228 208 
244 212 
232 208 
232 208 
232 212 
240 236 
232 216 
232 208 
232 204 
244 212 
236 232 
236 236 
232 208 
240 208 
236 236 
232 208 
236 204 
232 208 
240 216 
232 208 
552 208 
356 212 
236 232 
236 236 
236 232 
232 236 
232 212 
240 212 
240 208 
640 208 
232 208 
232 208 
232 208 
264 208 
236 236 
232 208 
236 208 
216 208 
236 460 
236 216 
240 212 
232 224 
236 212 
236 208 
236 216 
240 212 
212 212 
228 208 
232 212 
236 208 
232 208 
240 208 
240 224 
252 208 
240 232 
216 212 
232 228 
236 208 
236 208 
228 208 
236 232 
236 204 
232 216 
240 208 
232 204 
316 216 
228 212 
236 208 
240 208 
228 212 
372 868 
232 252 
236 232 
232 216 
236 212 
236 232 
236 216 
236 224 
236 212 
228 212 
236 204 
236 204 
236 216 
236 208 
236 204 
236 236 
232 216 
236 212 
228 204 
232 208 
236 228 
232 220 
236 216 
236 212 
228 216 
240 248 
240 204 
236 212 
236 236 
240 208 
232 240 
236 208 
244 208 
240 208 
236 216 
236 232 
236 232 
236 208 
232 204 
236 208 
236 216 
232 216 
236 212 
236 212 
232 212 
424 252 
232 268 
240 212 
236 208 
236 232 
236 208 
348 208 
228 208 
236 216 
676 208 
232 212 
232 208 
236 232 
236 208 
236 208 
236 208 
244 208 
216 224 
232 512 
232 220 
240 208 
236 204 
1168 208 
232 216 
240 212 
240 236 
212 208 
236 212 
232 208 
236 220 
236 232 
232 204 
228 208 
228 208 
228 236 
228 204 
232 236 
232 208 
236 232 
232 1076 
236 232 
228 208 
240 204 
232 224 
236 232 
232 204 
236 212 
236 220 
232 208 
232 204 
240 248 
236 220 
252 208 
236 236 
232 240 
236 204 
236 212 
236 220 
228 208 
232 256 
232 232 
240 232 
236 208 
236 208 
244 240 
0 0 
208 228 
232 208 
232 208 
232 208 
236 208 
236 208 
920 208 
240 208 
236 216 
228 208 
236 236 
240 216 
232 216 
240 232 
236 204 
260 212 
236 224 
240 220 
232 208 
240 204 
220 192 
44 48 
228 204 
236 208 
232 224 
240 236 
232 212 
236 260 
236 236 
440 208 
236 232 
240 208 
236 212 
232 212 
236 204 
236 212 
232 212 
244 216 
636 212 
228 212 
888 260 
236 240 
244 220 
232 212 
236 232 
236 208 
216 212 
240 516 
236 216 
48 48 
240 216 
240 208 
232 232 
236 208 
236 208 
216 216 
232 232 
232 212 
232 216 
236 232 
236 216 
228 236 
232 208 
240 208 
236 212 
232 208 
240 236 
236 208 
240 216 
236 220 
240 216 
240 208 
240 216 
232 212 
236 208 
232 208 
236 208 
236 212 
232 44 
236 208 
236 236 
232 212 
232 204 
244 212 
236 212 
236 236 
228 212 
236 236 
236 216 
236 236 
232 208 
232 208 
236 208 
236 204 
232 236 
256 212 
236 208 
232 204 
236 264 
240 208 
228 212 
236 248 
232 236 
232 208 
240 212 
232 240 
232 212 
236 208 
232 244 
232 212 
236 208 
240 208 
236 216 
236 236 
324 208 
224 220 
232 212 
232 216 
232 204 
232 208 
236 216 
232 208 
232 208 
236 244 
1172 232 
240 212 
240 212 
236 236 
232 216 
244 204 
232 204 
240 236 
232 204 
692 228 
232 212 
232 216 
236 208 
232 204 
232 208 
232 212 
244 208 
216 204 
228 536 
228 208 
232 204 
240 212 
228 204 
232 208 
236 208 
232 212 
216 216 
240 204 
236 208 
236 216 
236 216 
236 236 
240 208 
232 204 
240 220 
236 212 
236 232 
236 212 
232 204 
228 208 
236 212 
232 248 
236 224 
240 208 
232 208 
228 212 
232 236 
232 208 
228 208 
240 212 
232 212 
232 208 
232 216 
240 208 
236 208 
228 212 
240 204 
232 208 
236 244 
236 264 
236 232 
236 208 
232 240 
240 220 
232 208 
232 216 
240 216 
212 208 
244 208 
236 208 
236 216 
232 236 
240 208 
236 236 
236 208 
232 208 
228 212 
252 212 
240 264 
232 208 
236 208 
232 208 
232 224 
232 236 
1032 232 
240 220 
236 208 
228 228 
232 204 
236 244 
236 212 
240 208 
228 216 
228 212 
240 204 
468 216 
236 236 
236 212 
236 208 
240 224 
228 208 
232 212 
228 208 
232 228 
728 208 
236 212 
228 204 
236 216 
236 236 
236 236 
240 208 
232 272 
216 204 
228 572 
240 248 
236 220 
240 208 
196 244 
236 236 
240 212 
232 208 
208 224 
232 208 
236 216 
232 204 
236 216 
240 324 
228 204 
236 208 
236 248 
236 220 
228 208 
240 204 
236 208 
240 208 
228 212 
232 212 
236 208 
232 208 
240 236 
240 208 
232 248 
232 216 
228 208 
232 216 
240 208 
236 236 
236 212 
240 208 
232 204 
240 208 
524 212 
236 216 
236 216 
236 236 
236 212 
232 208 
236 236 
236 208 
240 216 
236 208 
236 236 
236 232 
232 208 
240 232 
236 208 
260 208 
236 208 
960 232 
232 204 
236 240 
240 212 
240 212 
232 212 
236 232 
228 212 
232 216 
240 220 
232 208 
232 212 
236 232 
264 236 
236 220 
240 232 
236 232 
236 212 
236 232 
240 240 
240 208 
240 232 
500 208 
232 208 
236 212 
236 216 
232 204 
240 208 
236 252 
232 216 
236 208 
600 212 
236 212 
240 236 
240 228 
232 208 
236 212 
236 236 
248 208 
212 204 
240 556 
236 208 
236 204 
248 288 
232 232 
44 44 
236 236 
240 212 
216 236 
240 236 
232 216 
232 208 
236 208 
236 208 
232 204 
240 208 
232 212 
232 208 
228 208 
284 212 
240 236 
236 208 
232 212 
232 208 
236 224 
232 208 
232 208 
492 212 
232 260 
236 220 
232 216 
44 44 
232 212 
240 240 
240 208 
228 204 
236 208 
236 236 
228 204 
232 208 
236 236 
228 236 
236 208 
240 220 
232 208 
232 216 
232 212 
232 216 
232 212 
256 208 
232 216 
236 212 
228 208 
236 252 
232 208 
244 244 
232 236 
240 208 
236 208 
236 220 
236 60 
236 204 
244 208 
232 212 
240 204 
228 212 
240 212 
236 232 
268 236 
236 204 
228 208 
236 216 
232 208 
236 224 
232 204 
232 212 
232 208 
528 208 
228 212 
240 228 
236 208 
236 216 
236 236 
240 204 
236 208 
232 208 
756 208 
236 208 
236 212 
228 208 
232 208 
236 216 
228 212 
228 228 
228 232 
240 576 
236 232 
236 208 
240 232 
232 208 
228 208 
240 212 
232 244 
212 208 
236 216 
240 208 
232 296 
236 212 
228 212 
240 232 
236 204 
708 208 
236 256 
236 220 
240 208 
232 204 
232 208 
232 232 
236 208 
236 232 
228 208 
236 208 
236 208 
232 220 
232 232 
240 212 
236 208 
228 208 
228 204 
240 228 
236 256 
228 208 
232 232 
232 208 
236 204 
236 216 
244 208 
236 212 
240 224 
232 216 
240 236 
228 216 
236 232 
240 216 
236 208 
400 224 
240 208 
240 208 
236 204 
232 208 
236 224 
228 212 
232 204 
236 212 
276 208 
236 208 
236 208 
240 208 
236 236 
240 216 
240 208 
240 208 
236 208 
292 256 
236 216 
232 204 
232 208 
240 212 
232 224 
236 220 
240 208 
236 248 
544 216 
236 220 
236 228 
232 228 
240 208 
236 208 
240 208 
232 204 
232 208 
736 208 
256 236 
240 236 
240 208 
228 212 
232 212 
236 236 
232 208 
208 240 
236 616 
236 212 
232 204 
236 244 
232 208 
548 208 
240 224 
236 212 
212 208 
236 212 
232 212 
232 208 
236 204 
232 204 
232 212 
236 236 
244 236 
240 220 
236 208 
232 208 
240 208 
240 232 
236 212 
228 212 
232 208 
232 208 
232 212 
240 204 
228 216 
236 212 
236 216 
236 236 
312 216 
232 252 
236 212 
236 232 
232 208 
232 240 
232 232 
236 208 
228 208 
236 232 
236 208 
232 204 
256 212 
236 204 
228 208 
228 232 
236 228 
240 216 
240 208 
236 228 
240 204 
228 212 
256 208 
232 204 
232 220 
232 212 
232 216 
240 220 
240 212 
236 232 
236 236 
232 212 
232 204 
232 208 
236 240 
236 212 
316 208 
232 212 
232 204 
240 208 
232 204 
236 204 
232 204 
240 224 
232 220 
556 208 
236 232 
236 208 
232 212 
232 220 
244 212 
232 212 
240 216 
232 208 
232 396 
232 204 
1480 208 
240 236 
232 204 
228 240 
240 208 
240 216 
212 236 
240 620 
232 260 
236 216 
228 208 
232 228 
240 220 
240 212 
232 208 
216 252 
236 212 
236 232 
240 236 
236 204 
232 236 
236 204 
240 204 
240 208 
232 216 
232 208 
240 236 
240 212 
236 204 
240 216 
232 208 
236 208 
236 212 
236 216 
236 1048 
232 204 
236 260 
236 208 
240 240 
48 44 
232 208 
228 208 
236 248 
240 216 
236 208 
232 204 
236 208 
232 252 
232 228 
236 208 
232 204 
236 216 
236 232 
232 216 
236 232 
240 212 
240 208 
236 208 
244 236 
232 208 
236 220 
240 216 
232 216 
236 208 
228 204 
232 236 
236 232 
48 44 
232 212 
236 212 
236 208 
236 204 
236 204 
236 236 
236 236 
320 216 
232 208 
240 232 
236 232 
236 208 
236 216 
232 208 
232 208 
232 212 
544 208 
240 224 
236 220 
232 224 
232 212 
236 208 
232 212 
236 204 
240 212 
232 400 
236 48 
232 204 
232 212 
232 224 
240 204 
232 208 
240 208 
208 212 
240 640 
232 228 
228 208 
236 220 
240 208 
232 208 
232 208 
236 208 
212 216 
240 208 
236 216 
236 244 
232 232 
240 208 
244 208 
240 216 
232 844 
236 212 
236 256 
232 212 
240 212 
232 228 
240 216 
240 208 
232 212 
244 212 
232 204 
240 212 
232 204 
228 212 
232 208 
232 216 
240 212 
236 256 
232 204 
228 212 
260 208 
240 212 
232 204 
236 208 
236 212 
236 208 
236 232 
236 212 
236 204 
240 216 
236 232 
232 212 
232 212 
236 232 
216 488 
240 204 
236 208 
232 228 
240 232 
240 248 
240 208 
236 208 
236 212 
236 212 
236 224 
236 208 
232 212 
232 208 
232 236 
228 208 
232 208 
232 208 
356 236 
240 216 
232 216 
236 216 
232 260 
240 232 
232 216 
236 208 
240 228 
596 208 
232 216 
232 232 
240 228 
232 208 
236 208 
236 212 
240 208 
240 216 
236 436 
232 208 
236 240 
240 208 
228 212 
232 212 
240 216 
240 208 
212 212 
232 668 
240 236 
240 232 
228 240 
232 216 
288 1012 
236 208 
232 204 
212 216 
240 232 
232 224 
236 208 
240 224 
236 208 
232 204 
232 208 
236 232 
236 212 
228 240 
236 212 
240 208 
236 232 
236 232 
240 216 
240 212 
228 244 
236 212 
232 248 
232 212 
236 240 
236 208 
236 212 
232 208 
236 208 
244 208 
232 212 
240 236 
236 208 
236 208 
232 236 
228 220 
232 212 
236 236 
248 208 
232 204 
260 208 
232 208 
236 208 
232 208 
228 208 
236 216 
228 228 
240 208 
232 208 
240 204 
232 208 
236 224 
232 208 
236 232 
232 240 
232 208 
228 228 
240 236 
240 212 
236 232 
236 208 
236 236 
240 204 
400 208 
236 212 
236 212 
228 204 
844 232 
228 204 
236 216 
240 208 
236 236 
632 208 
228 204 
228 208 
236 212 
236 212 
236 216 
232 204 
232 208 
212 208 
232 448 
232 240 
232 212 
236 976 
240 208 
236 244 
228 216 
236 212 
208 204 
284 644 
236 220 
228 212 
236 208 
236 204 
232 208 
232 236 
228 204 
208 212 
232 272 
236 236 
232 208 
240 236 
228 212 
252 212 
240 216 
244 208 
236 240 
236 232 
232 208 
232 208 
240 208 
232 204 
236 208 
240 220 
240 216 
236 232 
760 236 
232 208 
232 208 
236 220 
236 216 
236 216 
240 216 
236 208 
228 212 
228 208 
228 208 
244 212 
232 204 
236 212 
232 212 
232 208 
232 204 
236 204 
236 216 
236 208 
232 236 
236 208 
240 208 
232 204 
236 220 
232 212 
48 44 
236 236 
232 228 
236 212 
236 220 
240 212 
236 208 
236 236 
784 212 
232 208 
240 212 
232 208 
236 208 
240 232 
232 216 
412 216 
236 256 
232 212 
236 232 
232 208 
236 224 
236 232 
236 236 
240 212 
636 208 
240 224 
240 232 
232 256 
236 228 
44 48 
236 220 
236 208 
212 220 
240 424 
244 204 
232 256 
236 236 
228 256 
236 216 
232 208 
232 212 
216 212 
232 728 
236 216 
240 232 
236 204 
232 208 
232 212 
236 232 
236 228 
228 208 
236 216 
240 208 
232 212 
236 232 
236 212 
232 212 
240 40 
236 232 
228 208 
244 212 
232 216 
240 216 
228 208 
232 216 
236 208 
236 216 
228 216 
236 216 
240 208 
232 208 
232 212 
236 232 
228 208 
232 208 
232 224 
232 220 
244 236 
232 216 
236 212 
236 208 
240 208 
236 232 
236 220 
232 208 
232 212 
240 232 
328 204 
236 260 
240 216 
240 208 
240 236 
896 212 
284 220 
228 208 
232 216 
240 232 
240 236 
232 208 
232 236 
232 264 
232 220 
236 252 
236 208 
228 204 
236 212 
236 208 
240 208 
232 208 
216 336 
428 252 
232 208 
232 208 
236 208 
232 208 
228 212 
236 232 
232 208 
236 236 
652 212 
236 236 
248 220 
236 256 
236 212 
228 212 
236 232 
232 244 
216 208 
236 484 
236 212 
236 232 
240 232 
228 228 
232 216 
228 212 
232 220 
276 236 
236 704 
236 212 
232 208 
236 240 
236 216 
228 216 
236 260 
236 216 
216 212 
236 260 
236 208 
240 204 
228 204 
236 240 
240 208 
240 216 
236 236 
232 208 
240 204 
232 208 
236 216 
240 232 
212 208 
240 236 
256 216 
264 212 
236 236 
228 208 
232 232 
240 208 
232 252 
240 204 
236 240 
232 208 
232 204 
236 216 
256 212 
236 252 
240 208 
884 220 
236 212 
232 232 
240 236 
232 232 
236 256 
236 216 
236 216 
240 236 
236 324 
236 208 
236 216 
236 212 
232 212 
236 220 
236 228 
232 208 
232 208 
232 208 
236 236 
216 212 
236 236 
240 212 
236 216 
240 208 
236 240 
240 236 
236 208 
232 204 
436 208 
232 232 
232 204 
232 208 
364 208 
228 204 
232 212 
232 224 
232 208 
676 220 
240 212 
236 212 
232 212 
232 212 
236 220 
240 208 
228 208 
216 212 
236 504 
236 220 
236 208 
232 208 
236 208 
232 212 
232 204 
232 212 
212 212 
232 688 
232 208 
236 212 
236 208 
236 216 
240 212 
236 208 
228 204 
228 208 
232 208 
236 204 
316 208 
232 252 
236 204 
232 212 
236 208 
240 208 
236 216 
232 204 
232 216 
240 220 
232 220 
244 208 
236 220 
236 208 
240 232 
240 224 
240 212 
788 208 
232 212 
240 212 
236 212 
228 208 
236 236 
232 232 
232 208 
228 208 
232 212 
240 216 
240 208 
232 220 
228 220 
232 208 
236 208 
240 216 
236 212 
232 208 
232 208 
228 208 
232 208 
356 204 
228 216 
236 244 
228 208 
240 212 
232 212 
232 204 
236 232 
240 208 
224 212 
240 232 
44 44 
240 232 
328 204 
236 232 
232 208 
232 208 
232 216 
436 208 
236 216 
232 208 
240 208 
240 224 
232 212 
236 236 
236 216 
232 208 
684 212 
288 288 
236 212 
236 208 
236 232 
232 212 
232 208 
228 212 
212 228 
240 476 
228 220 
48 48 
228 216 
240 228 
232 216 
232 232 
240 216 
216 232 
420 208 
240 212 
236 212 
232 232 
232 212 
228 204 
236 232 
232 216 
240 236 
244 208 
232 204 
232 208 
228 44 
236 208 
232 236 
236 208 
232 212 
232 204 
228 216 
236 204 
252 212 
232 216 
240 216 
228 208 
236 224 
236 208 
236 216 
236 216 
240 208 
232 232 
240 236 
228 208 
236 236 
240 236 
236 236 
232 208 
232 220 
236 208 
232 208 
232 216 
236 236 
232 236 
232 208 
236 236 
232 216 
236 220 
240 208 
232 232 
232 216 
240 208 
232 236 
236 208 
232 204 
232 204 
240 216 
236 208 
232 216 
240 220 
232 232 
244 216 
236 232 
328 208 
236 244 
240 240 
236 204 
256 208 
236 208 
240 236 
492 208 
232 208 
240 208 
236 232 
236 208 
236 228 
240 216 
236 224 
232 216 
716 216 
244 220 
232 204 
240 208 
240 212 
240 204 
236 208 
348 240 
216 212 
236 552 
236 216 
236 204 
232 212 
232 208 
236 252 
232 208 
232 208 
208 208 
236 236 
240 208 
236 212 
232 220 
240 216 
236 252 
232 208 
232 208 
236 236 
232 208 
292 216 
236 208 
236 208 
232 208 
236 224 
228 208 
232 204 
232 212 
236 208 
236 212 
240 232 
232 208 
236 256 
228 212 
236 232 
236 212 
232 216 
232 228 
232 216 
236 244 
232 212 
232 208 
240 220 
240 208 
232 212 
236 260 
232 208 
232 212 
240 236 
236 1140 
240 208 
232 216 
232 212 
236 208 
232 208 
240 236 
236 208 
236 204 
236 204 
232 204 
236 236 
232 212 
236 212 
232 212 
236 208 
232 232 
236 220 
264 236 
232 212 
256 208 
240 236 
236 208 
232 204 
232 208 
240 212 
236 204 
240 264 
236 216 
532 208 
236 208 
240 232 
240 216 
232 212 
252 212 
232 208 
228 204 
236 236 
756 216 
232 208 
244 212 
232 216 
236 212 
232 208 
240 232 
240 208 
220 232 
236 584 
236 216 
232 212 
236 256 
232 208 
232 212 
236 208 
236 212 
216 212 
240 236 
236 204 
236 232 
240 236 
232 208 
236 212 
232 208 
232 208 
236 216 
240 216 
240 208 
232 208 
232 208 
236 232 
240 212 
232 204 
240 216 
236 208 
236 204 
240 208 
236 208 
232 228 
232 208 
232 208 
232 216 
236 204 
236 204 
236 232 
228 212 
232 256 
232 212 
228 208 
236 244 
236 220 
236 204 
236 224 
236 204 
236 208 
312 344 
240 216 
232 212 
236 212 
232 216 
236 208 
232 216 
240 212 
232 220 
232 216 
236 208 
232 208 
232 260 
228 216 
228 204 
236 220 
236 208 
228 208 
240 208 
236 252 
240 204 
296 208 
232 236 
1084 232 
292 224 
236 216 
232 208 
232 204 
240 212 
240 216 
536 208 
236 220 
232 228 
236 232 
236 208 
236 236 
236 212 
236 232 
228 208 
44 48 
232 204 
232 208 
232 212 
236 248 
236 232 
240 204 
228 212 
208 212 
236 596 
232 208 
240 208 
236 208 
228 212 
236 236 
232 208 
232 204 
244 208 
232 908 
232 208 
232 212 
240 216 
232 236 
244 208 
236 208 
236 232 
244 208 
232 212 
48 48 
232 252 
236 212 
240 208 
232 240 
240 236 
236 232 
240 220 
228 224 
236 216 
232 236 
236 256 
240 208 
240 220 
232 208 
236 208 
236 212 
236 220 
244 232 
240 212 
232 208 
244 228 
232 208 
228 208 
228 212 
232 208 
232 208 
236 216 
240 212 
240 56 
236 232 
236 212 
236 208 
232 212 
240 232 
236 212 
232 208 
244 216 
244 208 
232 232 
232 208 
232 208 
232 204 
236 216 
232 212 
232 236 
236 232 
232 204 
232 204 
316 232 
228 216 
236 228 
236 220 
236 228 
236 232 
232 208 
232 208 
236 220 
520 232 
232 260 
244 208 
240 212 
232 264 
240 276 
232 216 
240 232 
240 208 
232 360 
236 220 
236 212 
240 232 
240 240 
240 216 
240 216 
1136 244 
220 212 
236 620 
232 208 
232 204 
276 220 
236 212 
232 204 
232 208 
236 232 
216 204 
236 236 
232 208 
236 256 
236 212 
236 208 
228 232 
236 208 
236 208 
232 216 
236 208 
236 208 
236 212 
236 212 
240 208 
236 204 
236 236 
244 208 
232 208 
228 216 
240 208 
228 212 
236 208 
232 212 
236 236 
244 216 
240 208 
228 216 
236 232 
240 236 
232 208 
240 220 
240 332 
236 208 
232 216 
240 208 
240 212 
232 204 
236 260 
232 232 
236 252 
240 232 
236 216 
240 228 
236 216 
240 212 
232 208 
248 208 
236 228 
240 216 
240 232 
244 212 
240 232 
236 208 
232 228 
236 220 
232 216 
236 212 
232 212 
236 224 
304 208 
228 216 
240 208 
232 220 
236 232 
240 212 
236 244 
232 208 
236 208 
576 208 
232 212 
232 208 
232 208 
232 208 
232 964 
228 204 
236 208 
232 244 
228 396 
240 236 
232 208 
228 208 
236 212 
228 216 
232 216 
240 236 
212 208 
228 616 
240 208 
236 208 
240 204 
236 208 
232 208 
232 208 
236 224 
216 232 
232 208 
228 204 
236 236 
228 204 
244 224 
240 208 
236 212 
228 204 
228 208 
236 232 
232 272 
240 220 
236 212 
236 208 
236 216 
240 268 
236 208 
236 204 
236 236 
236 212 
240 240 
240 208 
236 208 
232 212 
236 216 
232 232 
268 208 
236 216 
240 204 
232 204 
236 232 
232 252 
236 228 
236 208 
232 212 
232 216 
240 236 
244 208 
232 228 
232 240 
236 220 
308 208 
236 208 
232 208 
240 208 
808 232 
228 204 
232 212 
236 208 
236 232 
232 232 
240 228 
228 208 
232 216 
236 236 
236 236 
236 208 
236 212 
232 208 
328 208 
232 212 
240 220 
440 220 
236 208 
232 204 
240 224 
232 208 
236 216 
576 208 
232 212 
232 212 
240 236 
232 208 
232 212 
236 224 
236 212 
232 216 
704 216 
236 208 
236 208 
232 216 
236 236 
236 220 
232 208 
232 208 
352 208 
232 648 
236 216 
236 208 
232 212 
232 212 
236 232 
232 208 
240 216 
212 204 
808 212 
88 40 
236 216 
240 248 
236 232 
236 216 
232 208 
232 236 
232 232 
228 208 
232 208 
232 208 
232 228 
236 252 
228 212 
248 208 
232 208 
236 208 
232 208 
232 260 
240 232 
248 208 
228 216 
232 220 
232 232 
240 232 
228 208 
228 236 
236 212 
48 44 
232 204 
256 212 
236 232 
240 208 
668 216 
240 204 
232 248 
236 236 
236 212 
232 208 
244 232 
244 232 
232 208 
236 216 
236 208 
232 264 
236 216 
232 208 
236 248 
236 208 
236 216 
232 212 
240 232 
240 228 
232 208 
236 208 
232 208 
232 40 
232 216 
348 208 
240 204 
236 232 
236 236 
236 208 
232 204 
232 228 
232 204 
232 208 
684 228 
232 208 
236 208 
236 208 
240 208 
236 244 
236 204 
220 228 
0 0 
232 648 
236 208 
212 212 
228 212 
232 216 
228 208 
232 232 
236 208 
220 236 
232 668 
236 212 
236 232 
320 232 
244 208 
236 208 
236 204 
232 208 
220 240 
232 236 
240 208 
232 224 
236 232 
232 212 
240 208 
240 240 
240 236 
240 216 
236 208 
236 236 
232 212 
228 208 
236 208 
240 208 
240 236 
236 228 
232 208 
236 216 
236 232 
232 212 
240 208 
240 232 
644 216 
236 212 
232 212 
232 208 
236 228 
232 208 
232 208 
228 220 
236 212 
236 208 
232 244 
236 208 
236 208 
232 208 
240 212 
232 208 
228 208 
216 212 
232 228 
232 208 
456 212 
240 208 
232 208 
236 212 
232 212 
236 216 
232 208 
228 216 
236 220 
232 208 
236 208 
228 212 
236 264 
240 204 
236 208 
236 240 
368 208 
236 220 
232 220 
0 0 
0 0 
232 208 
232 232 
236 212 
232 204 
600 212 
232 204 
236 236 
244 212 
236 232 
240 208 
232 212 
236 212 
212 212 
244 448 
232 212 
236 248 
240 216 
232 212 
232 236 
232 208 
232 232 
216 212 
232 672 
232 208 
240 244 
232 212 
236 208 
240 212 
236 220 
260 208 
216 220 
236 232 
240 216 
236 208 
232 208 
232 212 
232 212 
236 212 
236 208 
232 224 
236 236 
236 216 
232 232 
680 252 
228 204 
232 204 
232 208 
232 236 
236 212 
236 208 
232 212 
236 220 
240 228 
236 256 
236 216 
236 220 
232 212 
232 212 
236 208 
232 208 
236 208 
236 236 
232 212 
232 212 
236 212 
232 208 
244 260 
236 208 
236 208 
228 208 
236 216 
236 252 
236 236 
228 208 
244 208 
232 208 
188 204 
240 208 
236 236 
232 236 
236 204 
232 228 
48 208 
236 212 
240 236 
240 208 
232 236 
232 208 
248 236 
236 212 
408 208 
232 208 
232 232 
236 208 
236 216 
232 208 
232 212 
232 204 
232 208 
632 236 
232 208 
240 216 
236 232 
240 208 
236 248 
228 204 
280 212 
220 232 
232 456 
48 48 
364 204 
236 232 
240 212 
236 212 
232 212 
244 232 
216 208 
236 688 
236 232 
236 232 
240 216 
236 208 
228 212 
232 208 
236 260 
220 204 
240 208 
696 208 
236 204 
232 204 
232 208 
232 208 
268 212 
232 208 
240 236 
232 212 
244 244 
236 40 
236 216 
236 212 
232 212 
232 212 
232 240 
240 208 
236 212 
228 208 
240 208 
236 208 
228 212 
236 236 
232 208 
236 232 
236 208 
232 212 
236 228 
236 204 
232 208 
232 208 
240 208 
232 212 
236 232 
240 216 
240 212 
240 212 
232 208 
232 208 
240 216 
232 208 
232 216 
232 208 
236 236 
236 208 
232 204 
240 232 
236 236 
236 232 
220 208 
236 220 
236 216 
236 216 
240 208 
228 208 
232 220 
240 212 
228 216 
408 212 
236 208 
236 248 
236 216 
232 212 
232 208 
244 232 
236 204 
236 212 
236 208 
232 212 
232 252 
236 264 
228 208 
228 220 
236 272 
236 216 
208 204 
236 468 
232 208 
232 216 
228 208 
236 208 
232 208 
240 236 
232 212 
224 212 
240 720 
236 208 
236 208 
240 236 
236 232 
240 232 
236 208 
228 216 
224 208 
236 232 
244 228 
232 212 
240 212 
236 240 
236 256 
232 204 
232 208 
232 208 
236 232 
232 224 
240 236 
236 212 
236 212 
240 216 
236 236 
236 220 
236 232 
236 236 
240 236 
232 232 
236 212 
232 224 
236 212 
228 204 
228 212 
240 204 
232 216 
236 256 
236 208 
236 228 
236 208 
228 204 
240 212 
232 208 
236 236 
236 212 
228 212 
236 256 
232 216 
232 208 
240 208 
232 208 
240 212 
232 212 
244 204 
244 208 
232 208 
236 212 
236 212 
216 220 
240 220 
236 208 
236 204 
232 208 
232 204 
236 208 
476 208 
240 208 
420 212 
232 208 
236 232 
228 212 
232 208 
232 216 
240 224 
228 208 
240 220 
676 208 
240 208 
236 208 
236 212 
240 236 
236 208 
240 208 
232 236 
212 224 
236 496 
236 236 
236 208 
236 208 
232 208 
236 248 
236 204 
236 236 
212 208 
240 208 
240 208 
236 208 
240 220 
236 208 
228 212 
232 212 
232 216 
224 204 
232 216 
236 216 
232 212 
232 208 
236 204 
232 212 
240 236 
232 208 
232 212 
232 216 
240 212 
228 212 
232 1172 
240 204 
240 212 
232 208 
244 208 
236 248 
236 244 
244 208 
232 208 
236 208 
236 220 
236 264 
236 224 
232 216 
232 240 
236 236 
228 208 
236 216 
240 232 
236 204 
236 204 
236 216 
232 208 
232 208 
240 220 
240 244 
232 208 
232 216 
232 204 
240 212 
232 208 
260 208 
236 208 
236 224 
464 204 
232 208 
236 212 
236 208 
224 208 
336 208 
236 208 
228 204 
240 212 
228 204 
240 212 
232 208 
236 236 
476 208 
256 208 
232 208 
240 208 
248 208 
232 204 
236 236 
232 212 
236 236 
684 212 
236 236 
232 208 
232 204 
240 236 
240 216 
232 212 
228 208 
52 40 
236 536 
236 236 
232 208 
228 212 
240 232 
236 236 
236 264 
236 232 
212 216 
240 212 
236 208 
232 204 
232 216 
232 208 
236 220 
240 208 
236 212 
232 216 
244 212 
240 208 
232 212 
236 208 
232 216 
236 236 
228 208 
240 204 
240 236 
240 208 
48 40 
240 212 
240 204 
244 216 
240 208 
236 216 
232 208 
232 212 
236 212 
240 212 
236 244 
240 272 
240 208 
232 208 
240 208 
240 216 
240 208 
500 212 
236 216 
236 208 
236 220 
236 220 
236 232 
244 212 
988 236 
240 208 
236 40 
240 256 
236 236 
240 208 
236 232 
240 208 
232 212 
240 208 
236 224 
236 208 
236 232 
232 212 
232 212 
232 208 
232 236 
240 208 
236 216 
240 204 
240 240 
252 216 
236 236 
236 232 
236 212 
472 216 
236 208 
240 212 
236 212 
236 208 
236 232 
236 236 
240 212 
240 212 
1488 232 
236 204 
236 236 
240 224 
232 216 
244 212 
240 232 
240 204 
212 228 
228 584 
232 216 
232 208 
232 208 
232 216 
232 208 
236 216 
236 232 
208 288 
236 208 
236 232 
236 208 
236 244 
236 216 
228 204 
236 212 
236 204 
232 212 
232 208 
236 216 
228 204 
240 204 
260 212 
228 236 
232 208 
236 236 
236 256 
240 204 
236 232 
232 216 
232 208 
248 212 
232 204 
236 248 
240 208 
236 212 
244 208 
240 236 
232 208 
232 216 
232 208 
240 232 
232 216 
240 212 
232 212 
236 220 
232 208 
236 220 
232 212 
232 204 
232 236 
240 204 
240 208 
240 208 
236 224 
236 216 
236 208 
236 212 
236 280 
232 208 
232 212 
236 208 
232 216 
236 208 
236 208 
236 216 
228 208 
232 208 
252 256 
236 212 
232 208 
236 208 
240 240 
240 204 
232 212 
540 212 
304 208 
484 212 
236 244 
236 220 
236 204 
240 244 
240 212 
240 212 
232 208 
240 232 
728 208 
236 232 
232 208 
232 204 
236 208 
236 232 
240 224 
236 216 
216 208 
228 576 
232 208 
240 204 
232 212 
240 232 
232 244 
236 236 
236 464 
208 212 
236 228 
232 204 
260 212 
236 232 
236 232 
236 236 
236 208 
264 208 
232 228 
232 208 
236 208 
240 208 
228 208 
236 208 
236 216 
240 212 
232 216 
236 228 
232 208 
228 208 
240 208 
232 208 
232 212 
236 232 
244 208 
228 256 
236 208 
228 212 
232 212 
232 208 
236 232 
236 232 
232 208 
232 212 
240 232 
232 208 
236 240 
240 212 
240 244 
236 208 
232 212 
232 208 
232 240 
236 208 
228 208 
240 208 
232 212 
240 216 
236 216 
236 208 
232 208 
228 260 
232 224 
232 208 
232 212 
1168 232 
232 208 
240 208 
232 232 
268 208 
240 216 
232 216 
232 212 
236 232 
236 208 
236 228 
236 216 
236 216 
496 208 
236 208 
228 208 
240 208 
236 208 
232 212 
236 244 
236 208 
232 252 
740 220 
232 208 
236 256 
232 208 
232 208 
236 232 
232 212 
236 204 
212 208 
232 592 
236 220 
232 208 
240 208 
232 208 
236 232 
236 208 
236 212 
48 48 
240 212 
232 216 
232 212 
228 208 
240 248 
232 212 
264 208 
232 232 
232 208 
240 236 
240 208 
240 204 
232 212 
236 212 
236 232 
240 212 
228 208 
232 208 
240 216 
236 208 
236 212 
236 208 
236 232 
228 208 
236 212 
228 212 
232 208 
784 208 
236 208 
48 44 
228 204 
232 224 
240 208 
232 208 
236 228 
248 208 
232 208 
228 212 
244 208 
240 204 
232 212 
232 232 
240 212 
236 212 
1156 208 
232 208 
232 208 
236 216 
240 232 
240 212 
236 224 
240 236 
236 264 
236 220 
236 212 
240 220 
236 212 
236 228 
624 212 
292 44 
240 232 
240 224 
236 212 
240 264 
232 208 
236 232 
232 212 
236 260 
508 212 
236 204 
236 204 
240 216 
232 204 
236 232 
236 208 
232 212 
232 216 
716 204 
240 208 
236 232 
240 212 
240 208 
232 208 
228 216 
236 212 
208 212 
232 656 
240 216 
232 236 
236 232 
244 212 
240 204 
236 208 
244 208 
216 208 
236 232 
232 208 
236 212 
236 216 
240 208 
232 216 
236 212 
232 208 
236 204 
236 204 
236 208 
236 216 
240 208 
240 216 
232 208 
240 208 
700 208 
236 232 
240 212 
232 204 
240 240 
232 232 
232 208 
228 212 
236 216 
236 236 
240 224 
240 208 
232 208 
240 212 
232 208 
232 208 
232 208 
240 204 
228 208 
236 232 
232 204 
232 208 
232 216 
232 208 
228 208 
232 212 
236 208 
236 208 
232 232 
236 208 
232 212 
240 232 
240 232 
236 204 
716 208 
236 208 
228 204 
232 208 
240 216 
236 208 
232 208 
240 208 
236 212 
324 240 
236 208 
236 208 
236 232 
232 216 
232 208 
236 216 
236 208 
232 208 
560 208 
236 248 
232 228 
232 208 
232 204 
236 212 
236 232 
240 208 
236 204 
236 360 
232 208 
232 212 
236 212 
232 208 
236 236 
236 236 
232 208 
212 212 
240 612 
236 208 
236 208 
232 216 
244 208 
236 232 
228 204 
232 236 
208 208 
240 216 
236 208 
240 236 
232 212 
244 212 
488 208 
236 212 
240 236 
232 208 
228 208 
236 212 
240 216 
232 220 
240 208 
232 208 
244 216 
240 208 
232 208 
236 232 
236 228 
236 212 
232 208 
236 212 
232 252 
236 212 
228 224 
240 232 
228 208 
232 212 
240 216 
236 228 
236 212 
232 208 
240 208 
232 208 
240 204 
248 268 
232 264 
240 216 
240 236 
232 240 
232 204 
256 212 
244 208 
236 208 
232 236 
228 212 
240 208 
232 208 
480 204 
236 212 
232 208 
236 216 
228 208 
236 208 
236 232 
232 208 
240 216 
236 232 
328 208 
240 216 
240 236 
232 204 
236 232 
228 204 
232 208 
236 212 
232 212 
584 212 
236 208 
240 204 
232 208 
236 232 
236 208 
232 212 
232 212 
236 212 
240 400 
240 208 
236 232 
244 208 
236 212 
236 208 
236 212 
240 216 
212 208 
236 612 
240 216 
236 208 
628 236 
232 208 
236 264 
232 212 
232 212 
212 244 
240 208 
232 212 
236 212 
228 208 
236 212 
240 232 
244 232 
236 232 
236 216 
232 208 
236 216 
240 220 
240 256 
240 280 
236 212 
232 224 
236 208 
236 220 
236 208 
256 204 
232 208 
40 44 
232 208 
228 212 
236 224 
232 232 
240 208 
236 220 
240 204 
240 208 
240 236 
240 212 
236 236 
240 208 
232 212 
240 224 
236 236 
256 216 
236 208 
232 224 
320 212 
236 208 
240 216 
232 212 
236 208 
236 232 
228 212 
232 224 
232 264 
232 212 
48 44 
232 260 
236 208 
232 208 
232 232 
232 208 
236 204 
232 208 
236 212 
352 204 
236 208 
196 204 
236 216 
232 204 
236 204 
236 220 
236 236 
248 208 
568 208 
236 216 
236 264 
232 208 
232 204 
232 204 
228 208 
240 208 
216 208 
236 420 
568 232 
236 44 
236 208 
232 208 
240 228 
236 204 
232 212 
208 296 
228 692 
236 208 
240 232 
232 204 
240 236 
244 216 
232 212 
232 208 
212 212 
236 208 
236 208 
232 208 
236 236 
232 204 
232 216 
232 252 
232 208 
240 212 
236 212 
240 232 
236 216 
236 216 
236 208 
236 204 
228 224 
232 208 
232 204 
232 236 
232 208 
240 236 
236 208 
232 208 
236 212 
228 204 
228 216 
244 244 
236 208 
232 208 
232 204 
236 224 
240 208 
236 208 
236 204 
232 212 
240 208 
240 216 
240 208 
232 208 
252 208 
232 208 
232 204 
236 296 
232 212 
240 240 
232 208 
240 208 
240 208 
232 220 
236 252 
208 516 
232 204 
228 204 
236 220 
236 216 
232 212 
240 220 
236 232 
244 232 
380 228 
236 212 
240 236 
232 216 
236 228 
232 260 
240 220 
236 276 
228 212 
636 228 
240 204 
232 208 
232 228 
240 212 
228 208 
240 212 
228 208 
236 212 
232 472 
232 204 
232 208 
236 236 
236 208 
264 216 
232 216 
236 224 
212 208 
232 684 
236 260 
232 208 
236 208 
232 220 
240 208 
240 208 
236 224 
212 212 
240 208 
232 208 
232 212 
236 208 
240 208 
236 1208 
244 208 
236 204 
232 212 
236 208 
240 228 
232 208 
240 256 
232 208 
236 212 
240 236 
232 212 
236 236 
240 208 
244 212 
228 212 
260 208 
236 216 
232 232 
240 216 
240 208 
236 232 
232 216 
240 216 
236 208 
240 208 
232 208 
236 236 
232 208 
256 208 
232 216 
236 236 
236 208 
232 208 
640 212 
228 212 
232 212 
240 208 
240 236 
240 208 
236 232 
236 260 
236 212 
240 216 
232 208 
232 208 
240 212 
240 208 
232 232 
236 212 
240 204 
232 212 
232 208 
236 232 
384 228 
232 208 
312 344 
232 212 
236 232 
244 216 
236 236 
232 232 
236 208 
620 216 
232 208 
228 208 
232 208 
232 208 
232 268 
232 212 
236 256 
216 208 
232 524 
236 208 
232 212 
240 236 
236 232 
232 204 
236 220 
232 208 
212 232 
244 688 
232 208 
236 236 
236 1028 
236 236 
232 208 
240 232 
232 216 
208 208 
232 208 
228 216 
232 208 
240 208 
248 216 
236 244 
232 204 
232 212 
232 212 
232 240 
240 204 
236 216 
232 204 
232 232 
232 208 
236 228 
236 232 
232 212 
232 208 
228 208 
240 236 
232 204 
236 248 
240 236 
232 208 
240 216 
232 212 
236 212 
208 204 
236 244 
240 212 
232 204 
232 212 
228 244 
240 232 
240 208 
236 228 
232 232 
236 216 
232 208 
240 236 
240 208 
136 40 
232 236 
232 204 
232 204 
232 208 
232 212 
236 236 
236 208 
220 260 
236 232 
232 224 
236 236 
236 208 
232 212 
236 260 
240 208 
232 212 
412 208 
232 208 
232 228 
236 212 
232 216 
316 208 
232 212 
232 236 
232 204 
636 204 
236 236 
232 208 
48 44 
232 208 
236 228 
232 216 
236 220 
216 208 
228 488 
236 496 
240 212 
232 208 
236 228 
292 208 
236 220 
236 232 
208 208 
236 216 
240 228 
232 212 
240 208 
236 252 
240 220 
236 212 
236 232 
212 208 
240 260 
240 212 
232 208 
236 208 
236 48 
232 208 
236 232 
232 212 
232 212 
240 212 
304 204 
232 212 
244 212 
232 216 
240 244 
236 232 
908 208 
236 204 
236 228 
236 216 
232 208 
244 212 
236 224 
236 216 
236 236 
232 208 
236 208 
236 208 
232 236 
236 216 
240 216 
236 204 
240 232 
228 208 
232 232 
228 212 
232 212 
236 232 
236 216 
228 212 
236 212 
232 220 
232 208 
236 204 
232 208 
236 232 
228 212 
244 212 
240 220 
236 208 
1108 232 
476 204 
232 216 
264 212 
236 216 
236 208 
228 208 
240 212 
236 208 
436 208 
240 208 
236 208 
232 204 
232 208 
232 212 
232 228 
236 220 
236 996 
656 236 
236 212 
240 208 
232 208 
236 208 
232 212 
236 204 
228 212 
212 220 
232 504 
240 212 
236 208 
236 208 
236 216 
232 212 
240 212 
236 216 
212 208 
232 692 
240 208 
236 208 
236 216 
232 208 
232 204 
236 212 
232 216 
216 204 
236 220 
236 232 
232 208 
236 216 
232 232 
240 212 
232 204 
236 236 
240 216 
232 212 
232 208 
240 228 
240 208 
236 220 
240 236 
236 208 
228 208 
236 232 
232 208 
236 212 
232 208 
236 232 
232 208 
236 212 
236 240 
232 208 
232 212 
236 256 
240 208 
236 212 
232 232 
232 208 
236 220 
232 204 
232 212 
232 232 
240 216 
236 224 
232 208 
892 232 
232 212 
236 212 
232 212 
236 208 
240 204 
228 208 
228 204 
232 248 
244 212 
232 208 
224 208 
240 208 
240 208 
232 204 
244 204 
236 236 
228 208 
236 228 
240 208 
452 208 
240 212 
236 216 
228 208 
232 208 
232 208 
236 216 
236 236 
240 224 
676 212 
240 216 
236 208 
236 208 
232 208 
236 204 
228 220 
228 212 
216 228 
232 544 
236 236 
240 204 
240 208 
236 256 
232 256 
236 232 
240 208 
208 208 
236 204 
236 228 
232 208 
240 236 
228 208 
232 204 
252 208 
240 216 
232 208 
236 252 
232 204 
240 212 
228 204 
228 212 
240 212 
236 216 
240 208 
236 228 
236 220 
240 208 
236 232 
236 208 
240 216 
232 204 
232 208 
240 232 
236 208 
236 208 
236 236 
236 204 
236 216 
232 208 
236 212 
236 208 
240 212 
236 212 
232 240 
1072 260 
236 212 
236 268 
232 208 
240 216 
228 216 
236 236 
240 208 
232 236 
240 212 
240 212 
232 204 
236 204 
240 228 
236 236 
236 216 
236 236 
236 216 
236 208 
232 212 
232 212 
48 48 
224 244 
236 208 
236 236 
232 208 
232 208 
232 220 
232 228 
240 208 
236 212 
476 212 
232 212 
236 212 
236 236 
232 204 
228 208 
228 212 
232 208 
236 240 
728 208 
240 208 
240 212 
236 236 
236 208 
236 208 
240 208 
236 236 
212 208 
228 528 
232 208 
88 44 
232 220 
232 256 
244 236 
236 208 
236 228 
216 212 
240 216 
232 212 
236 208 
228 204 
240 216 
232 212 
232 220 
236 204 
228 208 
664 208 
252 208 
236 204 
236 44 
232 232 
240 236 
236 236 
228 204 
232 208 
232 208 
236 208 
236 212 
236 232 
236 216 
232 208 
228 208 
236 224 
1032 232 
236 212 
240 208 
268 212 
240 208 
232 248 
232 208 
232 212 
236 212 
236 260 
240 236 
232 216 
232 220 
232 208 
236 212 
232 212 
232 208 
236 216 
236 216 
232 208 
240 208 
232 212 
232 208 
232 212 
240 232 
252 204 
232 240 
236 244 
228 220 
228 212 
232 232 
240 212 
232 208 
620 208 
232 212 
244 208 
236 204 
236 236 
240 208 
228 208 
252 208 
240 232 
488 252 
232 204 
232 216 
228 208 
236 212 
232 244 
236 228 
236 212 
228 204 
732 208 
236 236 
240 208 
236 208 
228 208 
240 220 
228 204 
232 260 
212 236 
232 584 
236 212 
232 208 
236 208 
232 232 
236 208 
232 208 
420 212 
216 236 
236 216 
236 208 
236 236 
232 212 
240 208 
232 208 
240 268 
232 264 
244 236 
236 208 
240 212 
236 204 
236 248 
236 204 
240 204 
240 232 
236 212 
232 212 
232 240 
236 212 
236 208 
228 208 
228 208 
236 256 
232 212 
240 208 
236 208 
268 216 
232 208 
240 240 
232 208 
232 208 
364 212 
236 208 
240 248 
236 212 
228 204 
236 236 
228 208 
232 232 
236 216 
232 208 
232 212 
232 208 
256 212 
236 220 
236 212 
240 264 
240 208 
228 208 
236 212 
236 216 
232 212 
228 208 
236 236 
228 208 
232 208 
240 208 
232 208 
272 212 
240 204 
232 212 
236 224 
236 232 
236 208 
232 212 
232 208 
228 208 
512 208 
232 212 
232 212 
236 212 
236 232 
236 216 
240 216 
236 216 
236 236 
748 216 
236 232 
236 208 
232 212 
232 204 
404 204 
240 216 
232 204 
212 224 
232 604 
236 208 
240 232 
228 208 
232 252 
232 208 
232 216 
228 212 
208 212 
236 212 
236 220 
248 216 
236 232 
236 204 
236 208 
240 208 
236 236 
280 232 
236 208 
240 232 
240 216 
236 224 
236 216 
236 216 
232 208 
240 232 
236 212 
236 216 
228 236 
232 208 
232 224 
244 208 
240 216 
240 212 
244 208 
240 228 
164 272 
0 0 
0 0 
0 0 
0 0 
0 0 
0 0 
0 0 
0 0 
0 0 
0 0 
0 0 
0 0 
0 0 
0 0 
0 0 
0 0 
0 0 
0 0 
0 0 
0 0 
0 0 
0 0 
0 0 
0 0 
0 0 
0 0 
0 0 
0 0 
0 0 
0 0 
0 0 
0 0 
0 0 
0 0 
0 0 
0 0 
0 0 
0 0 
0 0 
0 0 
0 0 
0 0 
0 0 
0 0 
0 0 
0 0 
0 0 
0 0 
0 0 
0 0 
0 0 
0 0 
0 0 
0 0 
0 0 
0 0 
0 0 
0 0 
0 0 
0 0 
0 0 
0 0 
0 0 
0 0 
0 0 
0 0 
0 0 
0 0 
0 0 
0 0 
0 0 
0 0 
0 0 
0 0 
0 0 
0 0 
0 0 
0 0 
0 0 
0 0 
0 0 
0 0 
0 0 
0 0 
0 0 
0 0 
0 0 
0 0 
0 0 
0 0 
0 0 
0 0 
0 0 
0 0 
0 0 
0 0 
0 0 
0 0 
0 0 
0 0 
0 0 
0 0 
0 0 
0 0 
0 0 
0 0 
0 0 
0 0 
0 0 
0 0 
0 0 
0 0 
0 0 
0 0 
0 0 
0 0 
0 0 
0 0 
0 0 
0 0 
0 0 
0 0 
0 0 
0 0 
0 0 
0 0 
0 0 
0 0 
0 0 
0 0 
0 0 
0 0 
0 0 
0 0 
0 0 
0 0 
0 0 
0 0 
0 0 
0 0 
0 0 
0 0 
0 0 
0 0 
0 0 
0 0 
0 0 
0 0 
0 0 
0 0 
0 0 
0 0 
0 0 
0 0 
0 0 
0 0 
0 0 
0 0 
0 0 
0 0 
0 0 
0 0 
0 0 
0 0 
0 0 
0 0 
0 0 
0 0 
0 0 
0 0 
0 0 
0 0 
0 0 
0 0 
0 0 
0 0 
0 0 
0 0 
0 0 
0 0 
0 0 
0 0 
0 0 
0 0 
0 0 
0 0 
0 0 
0 0 
0 0 
0 0 
0 0 
0 0 
0 0 
0 0 
0 0 
0 0 
0 0 
0 0 
0 0 
0 0 
0 0 
0 0 
0 0 
0 0 
0 0 
0 0 
0 0 
0 0 
0 0 
0 0 
0 0 
0 0 
0 0 
0 0 
0 0 
0 0 
0 0 
0 0 
0 0 
0 0 
0 0 
0 0 
0 0 
0 0 
0 0 
0 0 
0 0 
0 0 
0 0 
0 0 
0 0 
0 0 
0 0 
0 0 
0 0 
0 0 
0 0 
0 0 
0 0 
0 0 
0 0 
0 0 
0 0 
0 0 
0 0 
0 0 
0 0 
0 0 
0 0 
0 0 
0 0 
0 0 
0 0 
0 0 
0 0 
0 0 
0 0 
0 0 
0 0 
0 0 
0 0 
0 0 
0 0 
0 0 
0 0 
0 0 
0 0 
0 0 
0 0 
0 0 
0 0 
0 0 
0 0 
0 0 
0 0 
0 0 
0 0 
0 0 
0 0 
0 0 
0 0 
0 0 
0 0 
0 0 
0 0 
0 0 
0 0 
0 0 
0 0 
0 0 
0 0 
0 0 
0 0 
0 0 
0 0 
