# ./FR-trace starting at Mon Apr 20 18:53:52 2020
################# CONFIG #################
# slot=5000
# samples=10000
# threshold=100
# idle=500
# minlen=500
# runs=10000
# pdathreads=2
# nmonitored=2
#   monitor0=../apps/openssl ec2_mult.c:153 0x1e7854
#   monitor1=../apps/openssl ec2_mult.c:161 0x1e789c
# nevicted=0
# npdatargets=2
#   target0=../apps/openssl bn_gf2m.c:412 0x20bd10
#   target1=../apps/openssl bn_gf2m.c:412+64 0x20bd50
# affinity=all
############## SYSTEM INFO ###############
# mastik_version=
# sysname=Linux
# nodename=lovelace
# release=5.3.7-arch1-1-ARCH
# version=#1 SMP PREEMPT Fri Oct 18 00:17:03 UTC 2019
# machine=x86_64
################## DATA ##################
# run=530
# datapoints=8154
48 44 
212 236 
232 212 
236 216 
236 208 
240 212 
236 236 
236 208 
512 208 
236 220 
232 236 
232 216 
236 208 
240 208 
232 204 
448 208 
228 316 
752 212 
240 212 
240 204 
236 212 
232 240 
232 212 
232 208 
236 208 
204 212 
236 600 
232 212 
232 232 
240 44 
236 212 
236 220 
332 208 
240 240 
216 216 
232 204 
236 236 
232 212 
240 240 
236 212 
232 208 
236 208 
232 208 
232 212 
232 212 
236 248 
232 212 
236 212 
232 212 
236 240 
232 236 
268 216 
236 208 
236 400 
228 208 
228 208 
232 208 
236 212 
236 396 
236 244 
236 208 
232 212 
236 212 
236 204 
232 204 
236 208 
236 212 
240 212 
236 212 
236 228 
236 236 
232 212 
232 208 
232 236 
236 236 
232 212 
236 208 
240 264 
232 204 
236 212 
240 212 
236 244 
240 212 
240 216 
232 212 
236 212 
240 244 
240 208 
236 236 
244 212 
236 208 
236 208 
240 236 
232 252 
288 204 
236 236 
228 212 
236 208 
240 244 
212 236 
240 204 
236 212 
228 216 
528 224 
228 208 
232 208 
232 204 
236 216 
236 228 
232 228 
240 232 
232 244 
228 372 
236 212 
236 212 
228 216 
236 232 
228 216 
240 220 
316 220 
0 0 
0 0 
0 0 
0 0 
0 0 
0 0 
0 0 
0 0 
0 0 
0 0 
0 0 
0 0 
0 0 
0 0 
0 0 
0 0 
0 0 
0 0 
0 0 
0 0 
0 0 
0 0 
0 0 
0 0 
0 0 
0 0 
0 0 
0 0 
0 0 
0 0 
0 0 
0 0 
0 0 
0 0 
0 0 
0 0 
0 0 
0 0 
0 0 
0 0 
0 0 
0 0 
0 0 
0 0 
0 0 
0 0 
0 0 
0 0 
0 0 
0 0 
0 0 
0 0 
0 0 
0 0 
0 0 
0 0 
0 0 
0 0 
0 0 
0 0 
0 0 
0 0 
0 0 
0 0 
0 0 
0 0 
240 236 
240 204 
236 204 
328 216 
232 248 
240 208 
240 212 
236 208 
236 212 
236 212 
236 232 
240 236 
568 236 
236 224 
232 208 
240 224 
228 212 
236 208 
236 236 
236 208 
240 220 
236 376 
232 204 
232 208 
236 208 
232 212 
232 212 
228 212 
232 212 
216 220 
236 664 
196 208 
236 208 
232 216 
232 208 
232 204 
240 212 
240 236 
220 236 
232 212 
236 216 
244 212 
236 204 
240 212 
236 244 
236 240 
232 204 
240 328 
244 208 
232 212 
236 236 
232 212 
236 212 
232 212 
236 208 
240 204 
232 208 
236 236 
236 212 
232 156 
40 216 
236 212 
240 232 
236 212 
236 208 
236 204 
236 212 
232 236 
236 220 
236 216 
232 208 
228 212 
232 208 
232 232 
240 236 
232 220 
232 204 
232 208 
236 212 
232 208 
240 220 
236 208 
240 264 
244 212 
236 212 
232 212 
232 216 
236 212 
240 212 
52 48 
236 216 
244 212 
236 208 
236 232 
236 208 
232 208 
236 212 
232 208 
360 208 
236 208 
236 212 
244 220 
228 216 
236 232 
240 244 
236 212 
236 208 
588 208 
240 212 
244 208 
240 236 
232 212 
228 204 
236 208 
1024 224 
236 208 
232 412 
236 44 
232 204 
236 208 
240 216 
240 208 
240 264 
244 208 
216 236 
232 680 
232 212 
240 208 
236 264 
232 208 
240 260 
236 236 
232 212 
216 212 
240 236 
232 228 
232 212 
232 208 
232 208 
232 208 
236 212 
236 248 
232 208 
240 216 
232 208 
236 208 
236 208 
292 212 
232 204 
236 220 
236 204 
236 212 
232 216 
236 264 
240 208 
236 232 
236 236 
236 216 
232 204 
236 216 
236 208 
236 236 
232 216 
232 212 
240 216 
240 252 
240 232 
236 208 
236 204 
240 284 
240 236 
240 212 
240 232 
236 228 
236 212 
232 208 
236 232 
244 236 
232 216 
240 208 
240 220 
232 208 
240 204 
232 208 
240 212 
236 240 
232 212 
244 208 
240 212 
240 208 
232 208 
236 208 
236 236 
380 212 
236 224 
232 256 
352 212 
240 204 
1184 232 
240 256 
240 240 
240 256 
596 224 
236 212 
236 216 
240 212 
236 236 
236 252 
232 236 
232 256 
216 204 
236 444 
236 204 
232 212 
236 216 
240 256 
240 208 
232 208 
232 208 
212 208 
232 676 
236 212 
228 208 
236 236 
232 240 
236 208 
236 232 
236 220 
216 220 
236 212 
232 212 
240 208 
232 212 
240 236 
240 236 
232 204 
240 208 
236 216 
240 236 
240 208 
232 228 
236 284 
376 208 
232 212 
232 216 
236 208 
236 212 
232 244 
232 208 
240 252 
236 220 
232 212 
236 216 
236 232 
236 232 
236 216 
240 264 
236 208 
232 236 
236 232 
240 240 
268 204 
240 236 
240 232 
236 216 
240 236 
236 212 
240 208 
240 232 
236 208 
256 224 
236 232 
236 236 
236 208 
232 212 
232 232 
236 216 
236 208 
236 208 
228 208 
236 208 
232 240 
1128 232 
236 212 
232 208 
236 208 
240 236 
236 208 
372 216 
232 220 
228 212 
232 212 
256 212 
240 236 
228 212 
232 212 
240 212 
636 212 
236 204 
236 224 
232 228 
236 208 
232 236 
232 208 
232 208 
216 208 
236 424 
236 232 
232 220 
240 212 
232 212 
280 208 
236 208 
232 212 
216 208 
240 660 
1132 232 
236 224 
232 208 
236 220 
256 212 
232 204 
236 208 
216 236 
240 232 
228 216 
236 204 
240 260 
236 236 
236 216 
232 212 
228 208 
228 208 
232 208 
236 208 
228 212 
240 208 
240 208 
236 220 
228 212 
228 224 
240 216 
240 212 
228 208 
240 212 
236 212 
48 64 
232 208 
240 236 
364 212 
240 232 
232 212 
240 208 
236 236 
236 236 
236 224 
236 224 
236 232 
236 212 
232 212 
236 236 
232 204 
232 208 
244 260 
48 40 
236 212 
236 212 
232 208 
236 208 
240 216 
236 228 
232 208 
244 212 
236 216 
236 208 
236 256 
236 228 
232 212 
236 204 
232 208 
236 264 
232 212 
232 208 
660 208 
236 232 
232 208 
236 208 
236 232 
232 208 
232 212 
236 52 
240 220 
648 236 
232 216 
232 224 
240 212 
232 216 
236 208 
232 248 
240 228 
1016 236 
232 496 
240 216 
232 208 
232 208 
236 220 
228 208 
232 212 
236 204 
220 204 
236 708 
236 236 
236 236 
236 208 
236 216 
236 204 
236 208 
236 208 
220 212 
292 204 
236 232 
228 212 
232 212 
232 212 
244 224 
232 204 
236 216 
236 208 
236 204 
240 212 
232 204 
240 232 
232 208 
728 220 
240 236 
232 212 
240 212 
236 256 
240 236 
236 268 
240 220 
228 208 
232 212 
236 208 
236 232 
232 208 
236 204 
232 208 
240 204 
228 212 
236 208 
236 208 
240 236 
232 236 
236 212 
236 248 
236 236 
236 208 
256 208 
240 236 
240 224 
228 212 
232 212 
236 216 
236 228 
232 232 
240 236 
240 212 
236 204 
236 232 
240 204 
236 208 
240 212 
240 208 
244 212 
236 260 
236 232 
244 208 
440 204 
236 240 
236 224 
232 208 
240 264 
236 392 
236 212 
244 216 
236 216 
668 208 
236 204 
232 208 
240 208 
236 268 
236 232 
240 216 
236 204 
216 212 
236 488 
240 244 
228 212 
232 212 
232 212 
240 248 
236 244 
236 208 
212 212 
232 208 
236 232 
236 244 
240 208 
240 212 
228 208 
240 208 
236 220 
224 220 
236 208 
236 208 
240 216 
528 236 
236 236 
236 208 
236 216 
232 208 
232 248 
228 216 
236 212 
232 208 
236 232 
236 220 
232 208 
240 212 
236 228 
240 212 
232 204 
236 264 
460 208 
236 232 
236 224 
236 252 
236 208 
236 208 
244 216 
232 268 
236 212 
228 212 
240 236 
236 212 
236 212 
236 212 
232 212 
236 212 
236 208 
900 212 
240 244 
240 216 
228 212 
232 212 
240 208 
232 216 
244 208 
232 256 
232 224 
232 204 
236 232 
236 240 
220 208 
232 220 
232 208 
232 232 
244 208 
236 208 
240 236 
240 204 
240 240 
468 220 
260 212 
240 204 
228 208 
236 220 
232 204 
232 212 
236 208 
236 212 
704 216 
236 212 
240 236 
236 208 
240 208 
232 208 
236 216 
256 212 
216 208 
236 520 
232 240 
236 216 
228 212 
232 208 
236 204 
232 208 
236 232 
212 208 
244 736 
684 208 
240 228 
236 240 
240 208 
244 236 
236 240 
244 208 
240 212 
232 212 
236 216 
240 264 
240 208 
236 248 
240 212 
232 248 
232 204 
240 204 
232 212 
236 236 
236 236 
356 232 
236 212 
236 212 
240 208 
240 212 
240 212 
232 208 
236 256 
236 440 
244 236 
44 44 
240 212 
232 216 
256 208 
440 236 
232 208 
236 204 
240 256 
236 208 
240 220 
292 248 
236 232 
236 232 
240 228 
232 228 
232 252 
232 208 
232 204 
236 208 
236 240 
236 236 
256 208 
232 212 
240 220 
232 248 
232 216 
232 208 
48 48 
216 216 
236 236 
236 236 
236 236 
236 224 
244 212 
232 212 
232 216 
236 248 
320 212 
232 208 
236 216 
240 328 
284 212 
240 208 
240 212 
236 208 
240 216 
684 204 
232 228 
232 212 
236 208 
240 220 
236 240 
232 212 
236 44 
208 208 
240 548 
236 216 
240 224 
240 208 
236 244 
276 220 
240 204 
240 232 
216 208 
240 204 
236 212 
236 212 
240 212 
236 248 
248 204 
240 208 
240 208 
236 216 
232 212 
236 236 
232 208 
240 220 
236 268 
240 232 
232 212 
236 212 
236 220 
236 236 
280 204 
232 212 
236 220 
232 248 
232 1012 
236 204 
240 216 
240 212 
236 208 
240 236 
260 212 
236 208 
240 212 
240 228 
240 204 
236 212 
236 220 
240 228 
240 216 
240 236 
240 268 
232 216 
236 260 
232 228 
236 212 
228 216 
236 216 
240 208 
228 216 
240 208 
240 208 
236 208 
236 212 
240 236 
240 212 
236 212 
232 208 
252 212 
212 240 
232 236 
240 212 
236 228 
232 212 
240 220 
232 224 
232 212 
236 208 
232 208 
236 208 
500 228 
236 208 
240 236 
256 208 
232 204 
236 220 
236 228 
236 224 
236 216 
716 236 
236 212 
240 236 
244 260 
240 216 
236 208 
236 212 
244 208 
216 216 
236 556 
248 212 
232 204 
232 208 
236 220 
328 208 
228 228 
236 204 
216 212 
232 208 
236 212 
236 220 
236 264 
240 232 
232 212 
236 204 
232 212 
244 232 
236 236 
232 248 
236 216 
236 232 
264 208 
232 208 
240 224 
232 220 
228 208 
240 260 
236 208 
240 280 
232 208 
232 212 
248 208 
232 204 
240 216 
232 232 
236 236 
236 212 
232 212 
236 240 
228 208 
236 220 
236 236 
228 236 
236 204 
240 284 
240 212 
236 264 
240 208 
232 212 
236 212 
228 208 
340 204 
232 204 
232 208 
424 220 
240 212 
236 212 
236 248 
528 216 
236 236 
252 212 
236 208 
228 208 
232 208 
228 204 
228 208 
232 220 
256 212 
232 212 
240 204 
236 208 
240 208 
236 236 
240 204 
236 252 
232 208 
496 204 
228 220 
236 212 
240 212 
232 212 
236 208 
260 204 
236 236 
236 212 
732 208 
240 208 
236 208 
316 204 
232 216 
236 236 
240 236 
232 260 
212 232 
236 596 
236 216 
232 212 
236 208 
236 236 
236 216 
232 204 
236 208 
216 216 
232 216 
236 1372 
236 208 
232 212 
236 216 
236 208 
244 236 
244 240 
232 212 
228 204 
236 212 
236 220 
236 236 
232 216 
236 212 
232 208 
236 224 
240 208 
232 212 
228 220 
240 212 
236 212 
232 208 
236 212 
236 208 
228 208 
240 208 
232 208 
240 224 
232 208 
236 236 
236 216 
232 244 
240 208 
232 204 
224 284 
240 212 
232 224 
232 204 
232 212 
236 212 
236 208 
232 236 
44 44 
236 232 
228 212 
232 208 
236 208 
236 216 
236 204 
236 208 
320 204 
232 208 
240 220 
236 236 
232 212 
236 208 
236 212 
236 212 
276 212 
236 208 
472 212 
232 204 
236 208 
236 256 
260 208 
248 212 
236 208 
480 208 
240 216 
236 216 
44 44 
240 232 
228 208 
232 208 
236 204 
240 216 
236 392 
252 212 
236 208 
236 240 
232 240 
228 212 
236 212 
236 232 
220 1112 
232 612 
240 212 
236 232 
228 212 
240 212 
236 208 
236 236 
236 204 
216 212 
236 208 
240 228 
240 208 
244 44 
236 204 
264 208 
236 236 
232 204 
236 212 
240 212 
232 208 
236 208 
236 212 
324 212 
240 220 
240 248 
236 236 
232 208 
228 204 
240 224 
236 232 
236 212 
236 236 
236 232 
236 1096 
232 208 
232 212 
232 216 
236 208 
252 208 
236 212 
240 224 
276 208 
232 204 
232 212 
236 216 
232 216 
232 212 
240 428 
232 252 
232 212 
232 216 
240 208 
232 212 
240 208 
236 244 
240 208 
240 212 
240 216 
236 212 
236 232 
236 208 
240 208 
236 224 
360 212 
240 252 
236 204 
236 224 
236 212 
316 220 
236 240 
236 208 
228 212 
236 212 
240 212 
236 204 
236 216 
240 296 
564 220 
236 224 
232 208 
244 208 
240 216 
240 208 
236 212 
232 212 
236 208 
240 416 
244 256 
228 212 
236 212 
232 212 
236 212 
232 208 
232 212 
220 212 
228 628 
236 204 
236 236 
232 212 
228 212 
236 208 
236 232 
240 204 
216 208 
240 220 
236 252 
236 212 
240 244 
276 224 
232 204 
232 212 
236 204 
244 208 
232 204 
240 260 
236 228 
236 212 
232 208 
236 216 
236 216 
232 232 
236 232 
232 260 
244 216 
232 208 
232 208 
232 212 
240 212 
232 220 
236 220 
236 212 
240 264 
228 208 
240 204 
236 208 
240 208 
240 232 
296 208 
240 216 
240 256 
236 208 
236 204 
240 268 
232 212 
240 216 
232 212 
232 208 
236 240 
236 212 
236 212 
236 236 
240 236 
240 232 
236 212 
236 216 
200 212 
236 232 
236 228 
236 192 
236 216 
232 236 
236 208 
240 212 
340 192 
200 188 
232 232 
240 248 
192 208 
232 232 
420 232 
284 192 
232 232 
188 228 
228 232 
248 192 
196 192 
192 256 
244 264 
188 200 
1728 208 
232 204 
188 200 
216 328 
216 188 
232 208 
220 192 
208 224 
236 228 
232 228 
264 188 
212 636 
228 228 
216 232 
228 228 
228 232 
216 236 
208 228 
232 196 
212 228 
236 236 
236 208 
236 208 
232 208 
240 240 
256 212 
224 212 
236 208 
236 208 
236 212 
240 236 
236 216 
236 236 
232 212 
236 236 
236 232 
236 224 
236 208 
232 240 
236 212 
240 208 
236 236 
40 40 
232 208 
236 208 
236 208 
236 212 
240 204 
236 204 
232 208 
232 212 
232 208 
236 216 
240 212 
232 212 
232 208 
240 236 
232 216 
228 208 
236 208 
236 208 
240 208 
236 212 
232 212 
236 204 
236 236 
232 252 
232 220 
240 212 
232 212 
272 208 
48 48 
236 208 
236 212 
232 208 
240 228 
236 208 
240 204 
236 208 
348 228 
232 220 
236 212 
292 212 
236 208 
236 212 
228 216 
232 208 
236 260 
584 216 
232 48 
240 208 
232 212 
400 208 
236 208 
232 236 
236 264 
236 264 
248 416 
236 216 
236 204 
236 204 
240 204 
236 208 
236 260 
240 236 
216 232 
232 656 
236 212 
232 216 
236 212 
236 208 
236 232 
308 256 
232 204 
220 212 
232 248 
232 208 
236 220 
236 256 
236 208 
236 208 
236 264 
240 212 
240 260 
240 244 
236 236 
240 236 
256 208 
236 212 
240 208 
232 208 
232 208 
240 212 
232 256 
232 256 
236 284 
236 212 
232 248 
240 208 
240 236 
236 212 
232 212 
228 208 
236 212 
228 208 
236 244 
232 216 
228 216 
236 212 
236 236 
236 248 
248 212 
236 208 
232 204 
240 220 
236 260 
228 208 
232 212 
236 204 
232 236 
232 208 
244 212 
228 252 
240 232 
244 212 
228 208 
232 208 
276 248 
232 208 
248 208 
236 212 
232 208 
228 276 
236 212 
380 204 
240 236 
252 212 
232 208 
232 208 
236 212 
232 212 
236 204 
228 208 
604 208 
236 208 
240 260 
240 244 
236 228 
228 208 
236 208 
232 212 
224 216 
240 404 
236 212 
240 220 
236 268 
232 220 
240 208 
236 236 
228 208 
216 236 
236 672 
232 212 
232 208 
228 204 
236 236 
236 236 
232 228 
240 236 
216 232 
232 204 
236 216 
236 220 
232 216 
232 212 
232 208 
272 212 
252 212 
236 208 
240 212 
276 204 
236 212 
236 216 
232 212 
236 212 
232 212 
232 280 
236 228 
236 212 
240 232 
240 212 
232 204 
240 216 
232 208 
228 208 
236 232 
240 208 
240 212 
232 268 
236 248 
252 212 
236 212 
236 208 
236 236 
240 208 
236 208 
240 212 
192 212 
232 220 
232 240 
236 232 
244 236 
228 212 
240 220 
236 228 
236 236 
236 212 
240 204 
232 204 
240 204 
236 232 
240 236 
232 240 
232 224 
240 236 
236 216 
236 216 
232 212 
240 212 
372 224 
232 236 
236 232 
240 204 
228 212 
232 216 
232 220 
240 260 
228 208 
624 212 
228 212 
236 244 
228 212 
232 212 
236 208 
328 244 
232 224 
212 208 
236 468 
240 236 
236 236 
236 236 
236 208 
236 220 
240 236 
232 220 
212 212 
232 724 
240 208 
232 204 
236 220 
232 44 
236 212 
232 208 
232 212 
220 208 
236 220 
240 236 
232 232 
232 256 
240 212 
232 228 
252 220 
236 208 
236 240 
232 240 
260 208 
232 208 
240 204 
236 212 
236 208 
236 208 
236 212 
240 256 
228 212 
236 216 
244 208 
236 212 
224 208 
48 44 
240 216 
300 960 
236 236 
240 236 
232 216 
240 232 
240 236 
236 216 
236 212 
236 216 
232 212 
236 260 
236 204 
236 216 
232 208 
268 208 
364 204 
232 40 
240 260 
236 216 
232 216 
232 232 
236 208 
232 212 
236 212 
240 208 
220 212 
236 208 
236 208 
240 212 
236 244 
232 212 
236 212 
236 216 
240 212 
240 496 
236 212 
240 212 
236 216 
232 212 
236 212 
228 256 
240 208 
232 212 
640 212 
232 232 
252 212 
232 212 
232 204 
232 208 
240 212 
236 248 
212 208 
232 520 
236 212 
236 212 
228 208 
236 248 
240 212 
240 260 
232 212 
212 220 
228 712 
236 212 
232 236 
232 208 
236 208 
240 208 
228 208 
228 208 
220 236 
236 208 
232 212 
232 220 
240 208 
232 216 
232 256 
236 220 
240 220 
232 216 
232 224 
232 208 
236 228 
232 208 
232 204 
236 944 
236 212 
232 208 
244 236 
240 208 
240 236 
228 208 
232 208 
236 232 
232 216 
232 212 
240 220 
236 244 
240 208 
236 208 
236 216 
232 212 
236 208 
232 208 
236 220 
236 212 
236 204 
236 236 
232 208 
232 204 
236 232 
236 208 
236 208 
364 208 
236 252 
228 212 
240 244 
232 208 
236 264 
232 208 
232 212 
232 228 
236 208 
236 224 
240 204 
236 232 
240 428 
240 212 
232 236 
236 224 
420 208 
236 220 
272 208 
236 264 
240 216 
240 236 
232 204 
240 208 
236 208 
672 212 
240 212 
236 212 
236 236 
232 212 
236 204 
240 204 
236 208 
216 212 
232 520 
236 264 
240 208 
236 260 
268 208 
232 248 
236 220 
236 208 
216 216 
232 212 
232 208 
264 212 
236 212 
236 208 
240 208 
240 204 
232 212 
212 204 
236 204 
240 208 
248 224 
1200 212 
236 212 
236 236 
236 224 
236 208 
232 208 
240 208 
232 212 
232 252 
236 212 
236 232 
236 204 
232 208 
236 236 
236 212 
240 256 
240 232 
236 236 
232 208 
236 208 
232 208 
240 232 
228 216 
232 212 
236 232 
228 208 
232 208 
232 204 
236 212 
232 204 
464 208 
232 212 
240 236 
236 236 
1132 236 
240 236 
232 208 
232 212 
236 208 
236 208 
232 204 
236 220 
236 208 
240 236 
248 212 
232 204 
236 208 
220 212 
236 204 
232 236 
236 220 
236 208 
232 216 
236 220 
244 236 
228 212 
460 232 
236 208 
236 208 
232 208 
232 260 
232 208 
232 220 
232 240 
236 240 
672 208 
240 216 
476 208 
232 208 
236 208 
240 208 
236 204 
236 232 
216 256 
260 468 
236 236 
44 60 
236 204 
240 216 
240 304 
232 208 
236 212 
212 208 
236 724 
236 208 
236 208 
240 204 
236 208 
236 208 
236 212 
236 236 
240 212 
232 216 
236 216 
240 220 
248 212 
240 204 
240 264 
232 204 
240 208 
236 220 
232 208 
232 228 
236 212 
232 212 
52 40 
236 208 
236 212 
232 212 
232 204 
236 212 
240 268 
236 216 
244 208 
232 216 
240 232 
244 212 
236 208 
948 232 
236 208 
332 204 
236 204 
236 236 
236 208 
228 212 
240 208 
236 212 
240 208 
240 232 
236 208 
232 216 
236 216 
232 212 
236 216 
240 40 
240 212 
232 220 
240 220 
236 220 
236 208 
236 212 
236 232 
228 208 
236 220 
228 216 
240 216 
236 208 
236 236 
236 260 
240 212 
232 232 
764 232 
240 212 
240 236 
232 212 
240 212 
236 236 
236 212 
240 204 
236 208 
684 216 
236 208 
236 232 
232 208 
240 216 
240 232 
268 204 
232 208 
216 208 
232 552 
236 236 
232 208 
240 208 
240 216 
240 240 
236 208 
240 236 
208 208 
232 204 
236 212 
236 260 
236 224 
232 216 
228 212 
232 208 
240 264 
236 212 
236 208 
240 428 
240 220 
236 212 
240 236 
236 248 
236 244 
232 204 
236 208 
240 236 
236 216 
228 208 
236 208 
236 212 
244 212 
244 220 
236 220 
236 256 
232 212 
236 208 
240 224 
236 216 
232 256 
228 204 
232 228 
236 212 
236 204 
21624 200 
0 0 
0 0 
0 0 
0 0 
192 280 
212 208 
252 228 
240 208 
236 208 
236 248 
232 256 
232 208 
232 208 
240 212 
232 212 
232 236 
232 212 
244 212 
232 208 
240 216 
716 204 
236 224 
244 208 
240 208 
236 204 
236 204 
240 212 
232 212 
244 432 
236 232 
232 212 
492 208 
236 208 
232 212 
232 204 
240 212 
228 212 
236 208 
236 212 
316 204 
720 208 
232 212 
232 204 
236 236 
236 232 
232 212 
232 216 
236 212 
208 208 
240 564 
228 208 
240 232 
228 212 
232 208 
724 204 
228 212 
236 208 
212 212 
236 228 
232 204 
240 212 
244 212 
240 260 
236 208 
236 204 
240 220 
240 260 
236 216 
232 204 
240 220 
236 212 
240 216 
232 208 
236 220 
236 224 
236 212 
236 212 
236 224 
244 228 
236 232 
236 208 
236 216 
236 212 
236 232 
240 248 
232 236 
236 240 
228 212 
240 228 
248 216 
236 208 
240 240 
232 224 
244 228 
236 208 
224 204 
232 204 
240 212 
240 232 
228 212 
228 208 
232 212 
236 208 
236 236 
392 236 
236 208 
236 212 
240 212 
232 212 
244 236 
236 236 
236 252 
236 208 
236 212 
232 204 
240 260 
236 232 
252 208 
232 208 
240 208 
232 212 
232 208 
240 212 
232 208 
236 216 
228 216 
496 216 
240 248 
232 212 
240 208 
352 232 
236 208 
232 208 
236 208 
232 212 
736 216 
236 236 
236 236 
572 208 
240 208 
236 212 
232 216 
236 212 
212 212 
240 580 
228 208 
236 208 
236 232 
228 212 
240 212 
240 212 
240 236 
212 220 
232 208 
232 212 
232 212 
232 208 
240 236 
244 212 
232 212 
236 208 
228 208 
236 224 
228 228 
236 212 
244 208 
232 208 
236 252 
228 216 
48 40 
240 232 
300 212 
232 212 
232 212 
236 212 
236 208 
244 224 
236 220 
240 236 
228 204 
236 236 
240 224 
236 212 
232 208 
232 232 
240 212 
240 216 
236 236 
240 208 
236 212 
236 232 
240 212 
232 260 
236 216 
232 236 
232 260 
236 208 
244 232 
48 44 
232 232 
236 208 
232 208 
240 232 
236 236 
232 204 
240 216 
240 212 
236 208 
236 236 
236 248 
236 212 
236 216 
292 212 
232 208 
240 208 
236 212 
236 224 
232 208 
236 232 
236 236 
240 240 
1272 220 
236 212 
404 208 
236 236 
236 44 
236 208 
240 212 
236 208 
236 232 
244 344 
228 208 
240 208 
236 216 
232 216 
236 240 
236 212 
236 208 
212 208 
240 596 
240 220 
236 212 
232 216 
292 208 
232 212 
232 208 
236 208 
216 236 
236 220 
232 228 
240 220 
236 208 
228 208 
236 212 
228 208 
360 204 
232 204 
240 252 
236 208 
232 208 
240 264 
232 208 
232 208 
240 204 
236 232 
236 212 
236 208 
236 252 
236 212 
232 212 
236 204 
236 208 
232 208 
236 236 
232 232 
232 244 
236 208 
240 236 
252 212 
236 212 
232 208 
236 216 
232 220 
240 216 
228 212 
232 208 
240 216 
232 268 
240 212 
240 208 
236 208 
232 216 
236 216 
240 208 
236 236 
264 208 
236 220 
232 208 
236 248 
260 312 
236 216 
232 208 
232 260 
232 208 
236 212 
236 212 
244 208 
312 260 
236 228 
236 208 
236 212 
244 216 
236 248 
232 224 
232 216 
232 208 
552 212 
232 212 
232 212 
236 236 
236 220 
232 220 
236 208 
240 240 
232 208 
232 400 
240 216 
228 212 
240 208 
232 212 
236 232 
236 204 
240 212 
216 248 
236 656 
232 224 
236 212 
232 208 
232 204 
264 212 
244 232 
236 212 
216 220 
236 212 
236 208 
240 208 
240 204 
232 236 
240 252 
240 212 
232 204 
232 212 
236 208 
236 208 
236 212 
232 212 
232 204 
236 204 
240 216 
240 236 
260 212 
232 212 
236 204 
232 212 
232 208 
240 212 
240 260 
228 208 
240 212 
236 216 
228 208 
240 232 
240 208 
316 216 
236 212 
244 248 
236 236 
296 208 
228 216 
232 216 
232 252 
232 228 
260 212 
232 204 
232 212 
240 220 
236 216 
232 204 
236 208 
240 340 
232 208 
240 268 
236 220 
232 204 
236 208 
240 208 
244 240 
236 212 
236 204 
236 208 
228 204 
244 212 
304 212 
232 212 
240 208 
236 236 
236 284 
240 216 
228 216 
256 212 
236 208 
584 208 
232 208 
244 216 
236 208 
232 264 
236 208 
240 216 
232 236 
240 236 
236 360 
332 208 
236 204 
232 212 
240 212 
236 208 
236 236 
240 256 
212 208 
232 644 
236 212 
240 252 
232 212 
236 208 
232 208 
240 208 
236 224 
212 240 
236 204 
240 244 
236 236 
236 232 
232 208 
236 204 
232 212 
240 208 
240 212 
236 224 
264 208 
236 212 
232 252 
232 204 
240 232 
232 208 
232 212 
240 376 
236 220 
220 208 
240 244 
240 208 
236 208 
236 204 
236 208 
240 236 
236 220 
44 48 
236 236 
240 212 
240 208 
240 212 
236 260 
244 260 
232 212 
236 1096 
240 220 
232 204 
232 208 
236 236 
284 208 
244 216 
236 212 
236 236 
232 220 
232 208 
236 236 
232 244 
232 216 
232 216 
232 212 
236 236 
236 208 
228 204 
236 212 
48 48 
232 208 
236 208 
236 216 
364 216 
236 232 
236 216 
232 244 
236 208 
240 208 
240 228 
244 256 
236 208 
580 212 
236 1104 
240 264 
236 236 
232 208 
236 212 
240 216 
232 212 
240 244 
232 420 
344 208 
236 212 
240 212 
232 208 
236 240 
236 212 
232 216 
232 212 
232 668 
236 216 
240 220 
236 244 
232 236 
236 204 
232 220 
228 216 
212 236 
236 204 
232 208 
236 224 
236 248 
240 236 
236 212 
232 212 
972 256 
232 204 
228 236 
232 208 
236 212 
232 204 
236 256 
232 220 
244 236 
244 212 
228 216 
232 212 
232 212 
240 260 
228 208 
240 212 
236 208 
228 216 
228 244 
232 208 
232 208 
232 236 
236 220 
252 208 
232 232 
236 208 
240 236 
232 208 
236 208 
316 208 
236 204 
236 212 
240 236 
236 208 
228 716 
232 212 
236 244 
232 216 
240 236 
240 212 
236 208 
232 208 
236 208 
240 236 
236 244 
232 228 
232 208 
236 212 
236 208 
236 236 
224 216 
240 240 
372 232 
236 264 
228 208 
236 204 
232 208 
208 204 
228 228 
232 208 
232 208 
232 228 
208 208 
228 300 
216 212 
192 204 
192 196 
196 192 
232 220 
220 232 
192 196 
192 192 
216 228 
228 232 
192 188 
236 208 
220 232 
192 228 
204 220 
232 696 
232 208 
212 204 
192 232 
240 232 
996 188 
192 188 
216 228 
216 208 
240 212 
228 204 
232 236 
236 232 
236 224 
232 208 
232 216 
232 228 
240 236 
232 212 
240 212 
240 232 
280 208 
228 224 
236 232 
236 240 
236 204 
236 236 
240 236 
236 212 
264 212 
232 208 
236 244 
236 208 
232 212 
232 208 
236 236 
232 220 
240 204 
232 208 
240 216 
236 236 
232 220 
240 204 
236 212 
236 208 
240 220 
232 216 
228 236 
236 236 
240 208 
232 208 
232 208 
240 224 
240 256 
232 212 
228 212 
240 212 
232 208 
240 212 
228 216 
240 212 
232 208 
232 208 
236 216 
236 240 
236 212 
236 216 
236 216 
516 208 
236 212 
232 208 
236 212 
232 228 
240 220 
232 224 
236 228 
236 208 
632 212 
236 208 
240 232 
232 212 
232 204 
232 208 
240 240 
236 232 
216 208 
240 464 
236 216 
232 212 
1016 236 
236 204 
232 204 
240 216 
228 208 
212 212 
232 700 
236 216 
240 244 
236 204 
340 232 
232 224 
228 212 
236 208 
216 192 
232 232 
236 208 
236 212 
236 212 
240 244 
232 212 
232 204 
228 224 
232 252 
232 208 
232 204 
232 216 
236 208 
236 216 
232 208 
240 208 
236 212 
244 256 
240 244 
988 240 
240 224 
240 224 
232 252 
232 204 
232 204 
236 212 
236 212 
232 232 
240 220 
236 204 
236 236 
232 204 
240 212 
240 216 
240 208 
236 212 
236 216 
240 208 
236 240 
240 236 
232 212 
248 212 
232 208 
240 208 
232 212 
232 212 
240 216 
236 216 
232 212 
240 212 
236 232 
240 216 
512 204 
240 232 
236 212 
232 212 
240 220 
236 236 
236 232 
380 212 
232 208 
232 212 
236 212 
236 216 
236 208 
236 216 
240 216 
236 208 
636 204 
236 212 
240 204 
232 212 
236 208 
228 212 
232 204 
236 208 
212 216 
240 452 
248 212 
232 212 
232 208 
236 236 
232 208 
48 52 
232 216 
216 204 
236 712 
240 208 
236 232 
236 212 
232 208 
240 204 
232 208 
236 236 
216 236 
232 208 
236 224 
236 232 
232 208 
240 208 
236 232 
236 208 
232 212 
908 220 
236 208 
236 204 
232 208 
240 204 
232 212 
236 212 
248 204 
236 220 
48 216 
256 212 
232 216 
236 212 
236 220 
232 204 
240 232 
232 208 
232 208 
236 224 
232 208 
240 232 
236 232 
236 216 
236 208 
236 236 
236 256 
228 204 
236 212 
236 216 
232 212 
236 248 
224 212 
236 220 
884 204 
236 208 
240 228 
208 40 
236 236 
236 208 
240 260 
236 216 
232 204 
196 204 
240 212 
236 248 
232 212 
228 212 
232 224 
232 216 
232 212 
236 208 
444 216 
240 212 
232 208 
236 212 
236 236 
232 212 
228 208 
240 212 
236 224 
648 208 
236 212 
236 220 
232 208 
236 212 
236 220 
232 288 
232 208 
212 212 
240 464 
232 256 
232 212 
232 212 
236 204 
348 208 
236 232 
272 216 
216 212 
240 740 
228 224 
236 204 
232 212 
236 236 
240 248 
236 312 
240 212 
212 212 
240 224 
236 212 
232 208 
240 236 
236 216 
240 240 
248 212 
236 212 
240 236 
236 244 
228 208 
236 212 
232 208 
236 208 
240 220 
244 212 
232 208 
236 204 
236 208 
240 212 
240 228 
232 204 
236 216 
240 228 
232 204 
240 208 
240 216 
232 240 
240 216 
240 264 
748 224 
240 296 
232 204 
232 212 
232 220 
232 252 
240 232 
268 212 
232 212 
240 216 
240 212 
232 212 
232 224 
240 212 
236 208 
236 232 
232 208 
232 204 
236 208 
236 212 
220 212 
240 212 
240 212 
232 236 
232 256 
236 208 
240 204 
232 208 
232 208 
456 212 
236 220 
236 212 
232 208 
232 208 
664 208 
236 208 
232 232 
232 212 
704 204 
228 212 
228 252 
244 208 
240 208 
240 240 
232 212 
236 208 
212 212 
240 532 
232 216 
232 212 
236 212 
240 208 
240 228 
228 204 
304 228 
220 208 
240 236 
328 212 
288 212 
240 204 
236 208 
236 220 
236 208 
292 208 
228 212 
232 208 
232 208 
240 220 
224 208 
232 208 
236 208 
232 216 
236 212 
236 212 
244 232 
236 240 
232 220 
236 208 
236 216 
228 208 
236 208 
240 248 
240 212 
232 204 
624 216 
236 232 
236 236 
228 212 
236 212 
236 204 
228 208 
232 204 
236 212 
236 220 
236 240 
236 216 
240 212 
228 212 
236 240 
240 208 
232 212 
236 216 
236 212 
236 224 
232 216 
236 208 
236 204 
236 216 
228 208 
236 208 
232 208 
240 232 
236 212 
236 236 
252 212 
236 208 
240 212 
232 220 
456 216 
236 232 
232 212 
240 212 
236 264 
232 216 
464 236 
232 248 
232 208 
236 208 
236 208 
240 208 
240 320 
236 212 
240 232 
692 232 
232 212 
228 204 
228 216 
236 208 
240 208 
236 232 
236 204 
208 208 
240 540 
236 212 
236 220 
240 264 
232 208 
236 236 
240 220 
228 208 
212 212 
240 264 
240 212 
240 212 
232 228 
236 228 
232 212 
236 208 
236 208 
236 184 
44 212 
232 208 
232 212 
236 208 
240 232 
240 212 
236 208 
236 208 
236 232 
236 260 
236 216 
232 212 
236 212 
240 208 
240 236 
228 316 
232 208 
240 220 
232 256 
240 236 
236 264 
236 208 
236 224 
236 208 
240 236 
236 204 
48 48 
236 220 
232 216 
236 216 
236 208 
236 208 
236 212 
240 236 
268 208 
232 212 
240 208 
236 232 
240 232 
232 212 
252 208 
1144 236 
240 260 
232 224 
236 204 
236 208 
236 208 
240 212 
240 208 
236 232 
256 232 
240 212 
236 44 
228 208 
236 236 
236 204 
232 204 
236 208 
244 236 
484 216 
236 216 
240 212 
232 208 
236 320 
232 244 
236 208 
236 204 
236 212 
696 208 
228 212 
240 208 
240 208 
236 208 
236 236 
240 244 
232 212 
212 416 
232 556 
232 216 
232 208 
240 212 
240 232 
244 212 
228 216 
236 220 
208 212 
228 320 
232 204 
236 212 
232 208 
236 212 
228 220 
228 204 
232 212 
232 216 
240 212 
232 208 
236 220 
240 264 
232 208 
232 208 
240 216 
232 236 
284 212 
228 208 
240 220 
236 216 
236 212 
236 208 
240 212 
236 220 
236 236 
236 248 
260 208 
236 208 
236 224 
236 212 
236 208 
232 212 
240 208 
240 232 
236 212 
236 232 
236 240 
236 208 
232 212 
232 212 
240 232 
240 284 
228 212 
240 220 
236 232 
236 212 
236 208 
236 220 
240 236 
228 212 
236 208 
240 208 
236 220 
240 260 
232 224 
236 232 
240 204 
236 212 
256 212 
244 268 
232 220 
228 212 
232 212 
268 212 
232 208 
232 216 
240 236 
512 212 
236 212 
236 232 
232 280 
236 212 
212 212 
236 228 
232 204 
236 204 
732 208 
240 212 
240 264 
236 236 
236 264 
240 208 
252 208 
236 236 
216 236 
236 572 
236 228 
228 216 
236 208 
232 208 
240 212 
240 236 
236 208 
208 208 
236 264 
236 208 
228 212 
236 220 
240 208 
236 212 
232 232 
260 212 
244 252 
236 232 
232 208 
236 208 
248 208 
236 224 
236 208 
240 244 
228 212 
232 208 
228 204 
236 208 
236 232 
232 244 
240 216 
236 232 
236 204 
232 208 
236 208 
240 236 
236 1240 
232 236 
236 232 
232 232 
240 216 
232 212 
236 212 
240 208 
232 268 
236 208 
228 212 
240 236 
236 212 
232 208 
344 208 
236 236 
232 264 
232 216 
240 236 
232 236 
236 212 
232 236 
232 204 
228 212 
240 208 
236 212 
244 212 
232 212 
236 208 
236 212 
236 236 
280 264 
232 212 
240 212 
232 1224 
236 212 
236 228 
232 212 
232 208 
356 320 
512 244 
236 212 
240 212 
236 220 
240 232 
240 208 
236 244 
236 204 
360 208 
228 376 
236 208 
236 204 
236 212 
240 232 
236 232 
236 240 
240 240 
212 236 
232 608 
232 212 
236 212 
232 220 
236 252 
232 212 
232 208 
240 204 
212 232 
240 208 
240 216 
236 236 
236 208 
240 232 
248 208 
228 208 
236 208 
236 236 
236 208 
228 212 
240 216 
236 236 
256 212 
236 212 
236 260 
236 244 
288 236 
68 44 
232 212 
236 232 
236 208 
232 256 
232 208 
240 212 
236 212 
236 216 
236 256 
240 216 
232 212 
236 228 
240 216 
236 216 
236 208 
236 208 
236 216 
236 216 
232 212 
232 208 
244 224 
236 212 
232 212 
240 216 
236 220 
232 268 
452 208 
48 40 
232 236 
240 228 
232 212 
236 208 
240 956 
240 208 
240 232 
236 208 
236 212 
232 204 
232 208 
236 208 
288 204 
236 208 
240 208 
236 264 
240 244 
236 432 
236 220 
236 208 
236 212 
564 232 
232 208 
236 208 
240 208 
432 44 
236 236 
236 252 
236 212 
240 208 
240 348 
232 220 
228 208 
236 208 
240 280 
232 212 
232 208 
1084 208 
216 208 
236 636 
232 228 
228 208 
236 208 
236 208 
236 204 
240 208 
232 212 
216 236 
272 208 
240 236 
240 208 
236 208 
228 232 
232 208 
240 212 
236 212 
240 216 
232 224 
236 212 
232 208 
240 212 
236 212 
236 208 
232 204 
240 208 
236 232 
236 236 
232 248 
236 204 
236 212 
232 204 
232 208 
240 216 
236 212 
240 248 
240 208 
232 216 
236 212 
236 212 
236 236 
240 204 
232 212 
232 208 
240 204 
236 212 
240 212 
236 212 
236 212 
240 204 
232 204 
240 208 
240 212 
236 220 
236 208 
232 216 
240 264 
240 256 
248 212 
236 212 
236 212 
236 260 
240 208 
248 204 
232 208 
236 268 
236 212 
232 208 
324 236 
244 216 
252 208 
236 236 
236 228 
232 212 
236 260 
240 208 
236 212 
552 212 
240 236 
240 212 
232 208 
236 208 
1000 220 
224 212 
232 208 
232 212 
240 420 
240 220 
240 204 
232 212 
232 204 
236 208 
240 264 
232 208 
216 236 
232 620 
236 224 
232 212 
244 236 
232 216 
236 232 
240 236 
236 228 
216 212 
236 204 
240 224 
232 212 
240 212 
228 204 
232 208 
240 244 
300 296 
236 208 
236 212 
236 236 
240 212 
236 212 
232 212 
236 256 
232 236 
232 272 
232 212 
236 212 
236 240 
228 212 
232 236 
236 212 
232 232 
240 208 
236 216 
236 212 
236 216 
236 212 
232 208 
248 208 
240 232 
232 216 
236 204 
240 208 
240 236 
240 212 
244 212 
228 212 
240 212 
236 208 
240 232 
232 204 
232 212 
232 216 
236 240 
228 216 
228 212 
232 224 
236 224 
228 212 
232 208 
236 236 
236 264 
232 216 
236 208 
232 224 
240 208 
240 208 
340 208 
236 220 
232 264 
864 248 
232 216 
236 232 
232 232 
232 232 
236 216 
584 228 
240 216 
236 212 
236 208 
240 260 
236 232 
232 236 
240 208 
220 264 
224 452 
240 208 
240 204 
236 204 
232 208 
240 216 
236 208 
232 208 
212 216 
236 656 
244 212 
228 216 
236 232 
236 216 
232 212 
240 252 
228 208 
216 212 
232 208 
876 212 
232 208 
236 260 
240 208 
236 204 
236 232 
240 212 
236 208 
240 236 
228 212 
248 208 
236 204 
236 204 
44 40 
232 236 
240 236 
236 212 
232 212 
236 212 
236 208 
236 236 
232 212 
236 212 
236 224 
236 232 
236 212 
236 220 
236 216 
232 232 
232 212 
236 208 
232 212 
232 204 
284 216 
236 212 
232 216 
240 208 
236 208 
240 232 
236 208 
236 208 
44 44 
232 216 
236 212 
236 236 
228 212 
236 236 
236 212 
232 224 
300 232 
260 212 
228 216 
236 212 
240 212 
228 212 
228 208 
232 212 
240 252 
360 212 
232 212 
236 212 
240 220 
236 208 
232 208 
240 236 
232 204 
232 204 
580 44 
236 208 
236 216 
236 232 
272 212 
236 212 
240 212 
240 232 
212 260 
236 436 
236 240 
228 208 
236 212 
232 208 
240 212 
236 212 
236 204 
288 1032 
240 648 
236 212 
236 212 
232 212 
232 212 
236 208 
236 236 
236 236 
208 228 
240 232 
232 260 
228 212 
236 208 
236 208 
236 208 
240 216 
236 212 
236 212 
240 224 
236 208 
236 224 
236 220 
236 236 
240 260 
236 216 
232 204 
236 212 
240 212 
240 236 
236 208 
232 212 
236 220 
524 228 
232 224 
232 212 
236 228 
236 232 
232 208 
232 208 
228 208 
236 236 
248 208 
232 212 
236 208 
244 212 
232 204 
256 212 
240 212 
236 204 
240 220 
236 216 
236 216 
232 212 
232 204 
256 236 
268 208 
232 204 
240 244 
236 240 
240 208 
236 264 
232 212 
228 204 
232 212 
244 228 
236 212 
236 216 
240 208 
392 212 
240 212 
240 232 
240 264 
236 208 
240 212 
232 208 
236 208 
236 216 
612 204 
232 204 
232 212 
240 236 
240 236 
236 216 
240 212 
236 212 
208 228 
232 484 
236 216 
228 212 
240 208 
236 208 
236 216 
232 208 
240 228 
212 216 
236 700 
232 204 
236 268 
236 260 
332 212 
220 208 
232 208 
232 216 
216 248 
240 208 
236 240 
228 216 
232 208 
232 208 
240 212 
240 208 
236 216 
236 232 
236 204 
264 208 
232 220 
512 204 
240 208 
236 204 
232 204 
228 212 
232 208 
236 212 
232 212 
236 224 
240 228 
236 208 
236 208 
236 208 
236 212 
236 268 
236 236 
228 212 
236 216 
232 208 
232 204 
232 256 
240 216 
228 208 
236 204 
240 208 
232 204 
240 208 
272 208 
232 220 
232 208 
232 212 
224 208 
228 216 
236 224 
336 212 
228 208 
236 244 
236 212 
236 216 
236 208 
236 208 
236 236 
232 208 
236 216 
236 212 
236 208 
240 208 
400 212 
236 224 
232 216 
228 212 
240 208 
228 208 
264 212 
240 208 
236 216 
624 212 
232 212 
240 204 
236 208 
236 208 
232 212 
224 732 
0 0 
0 0 
0 0 
192 228 
232 236 
236 208 
236 236 
232 208 
236 212 
240 240 
216 212 
236 712 
232 208 
240 236 
240 212 
236 212 
228 212 
232 208 
236 208 
212 252 
240 216 
488 212 
240 212 
236 244 
236 236 
228 216 
232 208 
236 216 
236 208 
236 224 
236 208 
236 216 
240 232 
232 212 
240 208 
236 204 
240 216 
236 264 
236 208 
240 232 
256 216 
236 236 
236 248 
236 260 
228 212 
236 204 
232 208 
44 44 
232 204 
236 208 
228 216 
236 228 
228 212 
232 220 
240 208 
532 204 
232 216 
236 204 
228 208 
236 208 
236 216 
240 232 
232 260 
264 212 
232 208 
240 216 
232 208 
240 220 
228 208 
240 204 
208 216 
240 236 
236 216 
236 204 
232 212 
44 40 
232 208 
236 208 
236 220 
428 212 
236 216 
236 204 
228 208 
236 204 
236 224 
236 204 
228 212 
236 208 
240 220 
236 212 
236 208 
232 216 
232 204 
236 208 
232 216 
228 208 
212 204 
240 440 
232 208 
232 204 
236 212 
232 208 
232 44 
240 208 
236 212 
208 208 
236 260 
236 224 
236 220 
232 212 
232 208 
240 248 
232 208 
232 212 
216 208 
232 212 
240 208 
240 236 
236 232 
232 208 
236 208 
240 232 
236 204 
236 208 
236 232 
236 216 
240 240 
236 204 
232 212 
228 212 
232 204 
240 212 
232 216 
236 236 
236 236 
228 212 
232 212 
240 236 
1144 216 
236 216 
236 220 
236 224 
232 232 
232 212 
236 208 
236 216 
232 220 
240 216 
240 252 
236 212 
236 204 
236 212 
264 216 
232 212 
232 208 
236 204 
236 208 
244 212 
236 208 
240 212 
236 216 
232 240 
232 208 
260 212 
236 212 
216 216 
236 212 
240 240 
256 208 
240 236 
236 232 
232 208 
228 216 
240 224 
424 212 
236 216 
232 208 
236 224 
240 208 
228 212 
232 212 
240 212 
232 208 
700 212 
240 208 
232 212 
232 212 
232 216 
236 216 
240 232 
236 204 
208 208 
236 492 
236 212 
232 216 
236 232 
236 236 
240 208 
232 204 
240 220 
216 208 
232 208 
236 208 
236 232 
232 212 
228 212 
236 212 
240 236 
240 236 
232 212 
236 208 
236 220 
244 216 
232 212 
236 212 
228 216 
232 260 
232 208 
236 252 
236 208 
240 212 
236 208 
232 1136 
236 232 
236 236 
240 224 
248 208 
228 208 
240 236 
240 224 
236 232 
228 208 
228 208 
232 212 
240 208 
232 212 
244 208 
272 208 
236 232 
240 208 
228 208 
236 216 
228 212 
236 224 
232 212 
232 208 
232 208 
240 236 
232 212 
236 236 
264 212 
232 240 
232 204 
228 216 
232 212 
232 208 
236 232 
240 260 
232 216 
236 284 
196 208 
232 212 
236 204 
232 204 
236 208 
236 216 
228 212 
232 208 
236 212 
464 256 
232 212 
236 232 
232 212 
236 208 
236 216 
240 212 
236 204 
232 208 
720 224 
236 204 
236 212 
236 208 
240 236 
236 236 
236 232 
236 260 
232 212 
236 548 
232 204 
244 216 
236 220 
236 212 
228 208 
240 232 
236 228 
212 240 
232 208 
240 212 
232 212 
236 256 
232 212 
232 216 
236 212 
236 236 
236 212 
232 208 
236 912 
232 208 
232 208 
248 220 
232 212 
240 232 
236 212 
240 220 
236 212 
236 248 
232 208 
240 212 
232 208 
244 216 
232 204 
228 212 
236 208 
240 212 
236 260 
232 212 
232 204 
252 208 
240 220 
236 212 
236 236 
240 208 
228 208 
232 208 
232 236 
232 208 
240 216 
228 212 
232 208 
48 44 
240 960 
236 240 
240 208 
236 208 
236 220 
232 208 
236 216 
228 216 
240 212 
240 208 
236 232 
240 208 
232 208 
240 208 
240 256 
224 208 
236 212 
240 212 
240 240 
236 212 
232 256 
228 288 
236 212 
232 208 
460 208 
232 204 
44 40 
236 212 
236 236 
232 208 
240 212 
228 212 
232 208 
712 208 
228 208 
232 208 
232 212 
240 208 
236 204 
228 224 
236 204 
220 208 
240 548 
236 212 
228 204 
236 232 
240 208 
236 224 
236 236 
244 228 
212 900 
228 208 
224 212 
236 204 
232 212 
236 48 
236 212 
232 212 
232 208 
232 208 
236 216 
256 208 
236 208 
232 204 
232 212 
232 204 
240 232 
236 236 
236 204 
232 212 
240 212 
228 220 
240 212 
240 236 
240 220 
236 232 
236 268 
232 212 
232 204 
240 208 
236 232 
228 236 
228 208 
236 204 
260 848 
236 216 
236 244 
232 212 
236 208 
236 252 
240 240 
240 256 
240 220 
232 208 
344 308 
240 224 
240 212 
236 208 
232 204 
236 208 
240 212 
236 260 
240 212 
240 236 
236 256 
240 264 
236 228 
232 208 
240 212 
240 212 
276 204 
236 224 
240 240 
232 212 
232 208 
236 208 
236 216 
636 236 
240 212 
492 212 
232 264 
232 216 
236 208 
236 208 
232 212 
232 204 
240 216 
228 208 
716 212 
232 212 
236 208 
240 232 
244 236 
232 228 
240 236 
240 232 
212 220 
236 560 
240 208 
236 220 
240 208 
232 216 
232 208 
240 212 
232 212 
216 208 
236 204 
236 220 
240 244 
236 208 
232 236 
240 212 
260 208 
232 204 
240 208 
240 212 
236 212 
232 208 
240 208 
252 216 
236 212 
244 212 
232 236 
236 252 
244 204 
236 208 
240 212 
240 216 
240 224 
232 216 
232 228 
236 208 
236 208 
232 212 
240 240 
312 232 
228 212 
240 220 
236 204 
232 208 
236 244 
236 212 
236 212 
236 236 
240 264 
232 212 
236 208 
236 208 
228 208 
232 212 
236 208 
236 208 
240 236 
236 216 
240 208 
240 232 
236 248 
236 204 
236 212 
236 204 
240 228 
864 268 
232 212 
232 204 
232 236 
280 208 
236 268 
240 212 
240 220 
232 208 
240 212 
236 232 
232 216 
232 208 
532 240 
240 220 
232 208 
236 216 
240 232 
240 212 
240 252 
232 208 
232 208 
712 212 
232 208 
236 212 
236 276 
232 228 
244 212 
232 208 
236 216 
252 212 
236 604 
236 208 
244 220 
232 216 
240 236 
236 212 
272 212 
232 208 
216 208 
236 232 
236 216 
240 208 
236 236 
240 220 
244 236 
236 208 
232 228 
232 208 
236 208 
236 232 
240 388 
236 220 
232 212 
236 232 
236 224 
236 232 
236 204 
240 208 
240 212 
240 264 
232 212 
228 208 
240 220 
240 212 
236 212 
236 236 
240 220 
232 204 
240 208 
240 220 
232 212 
236 216 
236 232 
232 236 
236 260 
236 204 
236 208 
224 216 
236 208 
236 208 
236 204 
236 212 
240 208 
872 208 
240 208 
240 236 
264 208 
232 208 
232 212 
232 212 
236 216 
236 216 
232 204 
236 232 
236 208 
232 224 
232 208 
228 220 
324 44 
232 244 
232 212 
236 208 
240 216 
232 208 
232 328 
228 212 
240 208 
552 212 
232 216 
240 212 
236 204 
236 216 
236 204 
240 216 
240 264 
232 224 
232 280 
880 208 
236 216 
240 256 
232 216 
236 208 
236 212 
236 212 
208 216 
236 620 
236 208 
44 44 
232 204 
236 208 
236 208 
244 236 
240 212 
212 212 
236 212 
232 236 
228 212 
236 208 
232 212 
232 212 
236 212 
228 212 
232 248 
236 208 
240 208 
240 208 
232 48 
236 224 
228 208 
232 216 
212 208 
236 212 
236 256 
240 212 
232 212 
236 220 
228 208 
236 208 
228 212 
236 232 
240 212 
232 208 
240 216 
236 236 
232 208 
240 208 
296 224 
232 212 
236 248 
232 240 
232 208 
236 212 
240 208 
236 228 
232 204 
236 208 
236 208 
240 232 
236 212 
236 204 
236 212 
228 212 
236 216 
472 212 
228 252 
236 224 
232 212 
228 216 
236 236 
232 204 
236 204 
232 248 
244 212 
340 216 
232 212 
240 208 
236 216 
240 232 
240 208 
236 208 
236 208 
468 472 
552 212 
236 224 
240 216 
232 236 
240 232 
232 220 
236 208 
468 208 
236 212 
228 424 
236 212 
232 240 
232 208 
232 208 
236 208 
232 212 
232 252 
220 208 
236 644 
228 212 
236 212 
236 220 
236 212 
228 212 
232 208 
236 236 
212 208 
232 224 
228 208 
240 224 
232 212 
232 216 
376 232 
232 208 
232 208 
240 232 
236 212 
236 208 
232 208 
236 220 
232 212 
240 232 
248 212 
232 212 
232 204 
236 208 
240 236 
232 208 
236 204 
236 204 
236 232 
236 208 
236 220 
240 264 
244 212 
236 212 
288 216 
236 208 
236 236 
244 208 
256 212 
232 208 
228 212 
228 216 
236 220 
236 208 
236 208 
232 208 
236 236 
232 212 
236 212 
232 208 
240 216 
232 236 
236 236 
236 208 
236 212 
236 244 
236 208 
232 224 
236 208 
236 260 
236 216 
236 204 
236 264 
236 208 
340 244 
236 236 
240 212 
228 204 
240 212 
236 220 
232 220 
236 212 
240 216 
524 212 
232 212 
240 208 
232 204 
232 240 
236 204 
232 204 
232 208 
220 212 
244 408 
236 212 
236 212 
236 228 
236 208 
240 212 
236 244 
236 284 
212 208 
240 672 
232 228 
236 252 
328 228 
252 220 
260 212 
228 212 
236 232 
220 232 
228 212 
236 204 
232 208 
236 220 
236 236 
232 208 
232 212 
232 220 
244 236 
232 276 
260 208 
232 208 
240 220 
236 236 
236 220 
232 208 
236 208 
236 208 
236 232 
236 248 
232 232 
236 236 
236 212 
236 212 
236 212 
224 208 
232 204 
232 208 
468 208 
240 256 
232 208 
236 208 
240 248 
228 212 
232 220 
236 208 
236 208 
232 216 
236 208 
240 212 
240 208 
240 284 
236 220 
236 232 
252 208 
232 216 
236 212 
240 220 
232 212 
236 208 
240 212 
236 204 
240 208 
240 208 
232 208 
236 208 
268 216 
244 216 
228 216 
356 208 
236 212 
232 212 
236 232 
232 212 
232 208 
236 212 
236 212 
232 212 
620 208 
232 208 
236 216 
236 208 
232 208 
232 204 
240 216 
252 212 
40 44 
232 440 
436 212 
276 212 
236 220 
240 216 
236 228 
240 208 
232 208 
220 212 
236 684 
240 220 
232 220 
232 208 
236 216 
236 232 
244 232 
248 212 
208 212 
240 204 
236 208 
232 208 
236 208 
236 212 
236 212 
232 208 
232 204 
268 220 
232 212 
48 40 
232 204 
240 208 
240 212 
240 264 
236 264 
236 208 
376 208 
232 208 
240 212 
236 216 
232 208 
232 212 
232 208 
236 208 
248 208 
232 208 
232 208 
240 232 
236 212 
240 212 
240 208 
240 216 
236 208 
232 228 
236 208 
240 232 
228 212 
236 236 
236 48 
232 212 
232 204 
240 228 
236 248 
232 208 
376 208 
240 212 
240 220 
240 216 
232 208 
208 208 
240 228 
244 224 
228 208 
240 216 
236 232 
232 220 
240 244 
232 220 
368 224 
232 212 
236 208 
244 264 
236 212 
228 212 
232 224 
236 212 
236 212 
616 212 
228 208 
240 220 
236 236 
244 204 
236 204 
236 212 
232 212 
216 232 
244 472 
240 204 
240 236 
232 208 
308 208 
240 212 
236 208 
244 216 
216 236 
232 692 
496 208 
240 232 
228 212 
240 220 
236 204 
284 216 
240 236 
208 240 
232 228 
232 204 
236 232 
236 216 
240 212 
972 240 
232 212 
232 208 
232 216 
236 208 
236 296 
228 228 
236 232 
228 212 
228 212 
240 208 
244 252 
240 236 
228 208 
236 212 
236 212 
240 208 
240 212 
236 236 
236 212 
236 232 
232 208 
240 216 
240 224 
240 232 
236 252 
240 212 
232 208 
232 208 
232 216 
236 208 
236 216 
240 216 
236 236 
240 236 
284 208 
236 216 
232 236 
236 208 
236 216 
232 208 
236 216 
240 256 
236 248 
240 208 
236 228 
236 224 
244 208 
232 208 
232 212 
240 208 
236 212 
240 212 
236 208 
416 212 
236 208 
232 208 
236 232 
236 212 
244 208 
232 204 
236 212 
236 212 
652 208 
236 212 
232 208 
236 212 
236 208 
248 216 
236 204 
236 204 
216 208 
236 496 
236 208 
236 208 
232 208 
236 264 
240 212 
240 228 
232 216 
224 212 
236 208 
236 216 
236 216 
236 896 
240 236 
236 212 
248 204 
232 212 
216 208 
236 236 
240 212 
232 244 
240 212 
236 216 
232 208 
236 212 
240 236 
232 208 
236 236 
236 264 
236 208 
240 252 
236 236 
236 204 
228 212 
232 216 
236 220 
236 208 
236 208 
240 212 
236 216 
240 228 
232 208 
236 216 
232 204 
240 268 
308 212 
232 224 
236 208 
236 236 
240 232 
232 208 
232 204 
236 220 
232 212 
240 244 
240 208 
232 212 
232 232 
240 212 
232 240 
232 212 
236 204 
224 216 
236 232 
232 228 
236 220 
240 252 
240 216 
212 208 
228 208 
236 220 
236 236 
236 208 
240 212 
236 204 
236 208 
232 204 
428 212 
236 212 
236 224 
240 224 
236 212 
232 212 
228 208 
236 212 
244 236 
668 224 
228 208 
228 212 
236 212 
236 212 
240 244 
236 208 
232 204 
224 204 
236 512 
236 956 
240 204 
240 216 
244 236 
240 212 
268 208 
240 220 
216 232 
228 208 
232 212 
232 232 
240 212 
236 208 
48 40 
240 224 
236 232 
228 232 
240 232 
240 208 
232 216 
240 212 
232 212 
236 224 
236 216 
228 208 
240 216 
236 216 
240 236 
232 212 
232 216 
228 216 
232 256 
236 236 
232 204 
244 1128 
232 212 
240 212 
232 232 
244 244 
236 216 
236 216 
48 40 
228 208 
236 212 
240 208 
236 232 
240 204 
236 216 
236 212 
232 208 
240 212 
236 208 
236 232 
228 288 
232 204 
232 208 
240 228 
240 236 
232 216 
232 216 
232 204 
244 208 
236 236 
244 212 
236 212 
240 240 
236 208 
212 240 
240 216 
236 232 
232 212 
324 208 
236 208 
236 44 
232 228 
236 208 
436 212 
240 224 
232 236 
236 208 
240 208 
240 216 
236 232 
240 212 
1144 208 
688 260 
232 208 
232 208 
236 204 
236 212 
236 228 
256 212 
244 208 
216 212 
232 520 
240 212 
228 208 
236 208 
240 236 
236 208 
236 220 
228 208 
212 220 
236 216 
236 268 
232 212 
232 208 
240 212 
240 232 
236 216 
232 208 
232 204 
236 208 
236 212 
232 244 
232 208 
232 208 
236 220 
440 580 
236 224 
232 236 
232 208 
236 232 
240 244 
232 204 
232 212 
236 208 
236 232 
288 224 
232 204 
236 208 
232 224 
236 232 
236 216 
232 204 
236 256 
228 208 
236 208 
236 212 
236 208 
236 208 
236 228 
244 212 
236 208 
248 208 
236 212 
240 216 
252 212 
228 208 
236 212 
256 212 
804 208 
232 212 
232 224 
236 212 
264 216 
236 216 
236 208 
232 260 
236 228 
232 212 
224 204 
224 204 
232 212 
236 208 
232 216 
232 208 
244 264 
236 208 
236 208 
348 208 
476 236 
224 212 
232 204 
240 236 
232 224 
236 208 
244 208 
236 212 
256 208 
700 220 
236 216 
240 248 
240 208 
240 252 
236 212 
236 216 
252 212 
204 204 
236 520 
236 212 
232 208 
240 260 
240 220 
228 212 
232 208 
240 216 
212 232 
240 212 
240 212 
232 212 
236 208 
236 212 
236 212 
232 208 
244 208 
232 212 
236 204 
236 208 
236 212 
240 236 
236 220 
232 216 
232 208 
296 236 
236 268 
236 212 
240 204 
240 216 
240 212 
232 204 
236 212 
236 216 
236 220 
236 228 
236 256 
236 220 
236 244 
236 208 
236 220 
292 212 
232 204 
236 208 
240 236 
240 216 
844 236 
236 216 
236 208 
236 204 
240 236 
236 212 
236 216 
236 212 
248 212 
236 236 
236 248 
232 216 
236 212 
240 224 
232 216 
236 208 
240 204 
232 208 
232 208 
232 212 
236 260 
232 212 
260 212 
240 212 
240 212 
236 204 
236 236 
240 204 
236 204 
236 208 
240 208 
456 216 
232 216 
232 212 
232 208 
240 236 
292 212 
240 204 
236 232 
228 208 
728 224 
236 236 
236 236 
252 212 
236 208 
232 208 
240 208 
236 208 
216 212 
232 588 
232 212 
236 208 
236 208 
236 204 
236 208 
236 208 
232 216 
216 208 
236 224 
240 260 
232 212 
236 208 
236 268 
236 204 
240 224 
232 208 
236 260 
236 232 
236 208 
240 236 
228 216 
236 212 
240 208 
236 208 
236 216 
236 212 
232 204 
236 208 
236 236 
236 212 
232 208 
232 208 
232 208 
236 212 
732 236 
236 236 
232 212 
236 208 
232 212 
248 300 
240 208 
240 216 
228 100 
44 44 
236 212 
240 208 
236 224 
236 212 
236 208 
240 216 
236 204 
228 264 
268 212 
264 216 
240 232 
236 212 
240 236 
236 232 
252 216 
236 208 
236 208 
228 212 
232 212 
236 212 
236 220 
240 232 
236 232 
268 208 
672 204 
232 44 
232 48 
240 232 
248 212 
240 216 
272 212 
232 212 
496 212 
232 216 
252 212 
236 240 
236 208 
232 204 
232 208 
240 216 
240 212 
748 216 
248 212 
236 216 
240 204 
236 208 
236 240 
232 204 
240 232 
220 216 
236 568 
244 44 
236 224 
232 208 
232 204 
236 236 
236 232 
212 204 
208 212 
232 232 
232 312 
308 228 
212 228 
192 208 
232 592 
232 188 
212 216 
232 188 
228 208 
232 236 
232 228 
236 232 
236 228 
216 232 
236 240 
216 228 
236 216 
236 208 
240 236 
240 236 
236 236 
264 212 
236 204 
236 248 
232 216 
232 212 
232 212 
228 208 
236 216 
236 236 
244 236 
228 204 
236 220 
240 208 
236 268 
236 208 
232 212 
240 208 
236 208 
232 236 
232 236 
232 208 
236 216 
244 252 
240 208 
232 212 
228 208 
240 208 
596 204 
240 232 
236 244 
244 248 
236 212 
236 208 
236 224 
228 212 
232 208 
232 228 
284 204 
236 204 
232 244 
236 232 
224 212 
232 208 
236 220 
232 208 
240 236 
460 236 
236 224 
236 208 
232 204 
236 208 
300 204 
236 212 
236 208 
240 236 
764 208 
236 212 
232 216 
232 208 
240 216 
416 208 
240 208 
236 216 
220 232 
228 640 
232 204 
236 208 
232 208 
236 212 
228 208 
236 208 
240 212 
216 208 
232 212 
236 240 
236 208 
232 204 
236 216 
232 204 
240 212 
236 208 
232 208 
236 208 
240 216 
228 208 
236 236 
236 216 
240 236 
232 208 
232 208 
240 212 
388 204 
240 204 
236 208 
240 204 
236 260 
236 212 
236 204 
236 204 
240 216 
236 224 
232 216 
236 220 
240 232 
232 212 
232 208 
240 232 
236 240 
228 208 
276 208 
232 1160 
232 216 
232 208 
228 204 
240 208 
236 264 
236 212 
232 212 
232 204 
232 236 
300 208 
236 212 
232 204 
236 224 
232 212 
236 212 
236 212 
232 212 
232 228 
232 212 
236 216 
236 236 
316 208 
240 204 
232 204 
236 212 
236 216 
236 208 
232 208 
240 212 
240 216 
532 208 
240 220 
240 220 
396 216 
240 236 
232 224 
236 212 
236 224 
228 212 
240 384 
240 208 
232 212 
240 212 
236 404 
240 216 
236 212 
232 208 
212 212 
236 592 
240 216 
236 212 
240 232 
236 236 
236 216 
236 216 
232 212 
216 208 
236 220 
236 232 
228 212 
240 236 
232 224 
236 232 
232 212 
232 212 
240 232 
228 216 
720 208 
232 212 
236 228 
256 208 
236 208 
244 212 
236 212 
228 316 
236 208 
240 212 
236 216 
236 216 
236 212 
240 208 
232 208 
236 228 
236 228 
232 208 
236 212 
236 236 
232 208 
236 212 
236 236 
244 216 
236 208 
236 212 
232 236 
240 212 
236 212 
236 216 
232 228 
236 212 
260 208 
232 212 
236 208 
236 216 
232 212 
240 212 
240 224 
232 208 
240 236 
240 232 
236 208 
232 216 
236 212 
240 212 
232 212 
240 208 
236 212 
320 212 
404 212 
232 204 
236 208 
232 212 
240 212 
44 44 
240 212 
252 212 
572 208 
240 208 
232 216 
236 248 
228 212 
232 212 
240 232 
232 212 
236 208 
256 344 
228 208 
240 212 
232 208 
232 212 
236 212 
236 216 
236 260 
204 208 
232 632 
236 208 
232 220 
232 248 
228 208 
236 208 
236 204 
48 44 
196 208 
236 212 
268 220 
236 228 
236 220 
256 208 
236 216 
240 212 
288 212 
236 208 
236 212 
236 208 
240 224 
228 232 
236 208 
240 212 
240 208 
236 212 
236 212 
236 204 
240 264 
292 212 
236 212 
248 212 
232 208 
240 212 
236 40 
11524 236 
0 0 
0 0 
236 208 
236 216 
228 212 
236 572 
232 212 
236 236 
240 252 
236 216 
232 208 
236 212 
236 216 
232 212 
240 212 
236 240 
244 208 
240 208 
232 220 
232 212 
236 212 
228 232 
232 208 
240 216 
228 208 
236 212 
232 212 
240 232 
236 216 
232 204 
232 208 
236 232 
344 208 
232 224 
228 208 
240 236 
232 260 
228 212 
236 208 
236 236 
236 216 
616 208 
236 212 
236 208 
232 208 
236 208 
240 236 
236 236 
228 212 
232 208 
236 372 
240 212 
236 236 
236 212 
236 216 
824 232 
236 208 
236 236 
216 220 
236 672 
236 208 
236 208 
232 208 
272 212 
236 212 
232 208 
236 232 
212 224 
236 212 
228 212 
236 208 
236 208 
236 212 
240 208 
232 212 
236 228 
248 212 
236 212 
232 212 
236 212 
240 216 
228 220 
236 228 
240 232 
236 240 
236 212 
236 208 
248 208 
232 212 
244 240 
0 0 
0 0 
236 208 
240 228 
240 208 
232 212 
232 224 
232 208 
236 232 
236 236 
236 204 
248 208 
240 216 
244 212 
240 208 
232 240 
236 1116 
236 232 
232 208 
240 224 
232 204 
236 204 
236 212 
236 212 
240 264 
228 212 
236 208 
240 208 
236 236 
232 212 
232 212 
240 212 
236 216 
228 232 
228 216 
244 208 
236 236 
368 204 
232 212 
236 232 
240 216 
236 256 
236 208 
232 236 
240 216 
248 212 
600 212 
236 208 
236 208 
236 948 
232 212 
232 208 
240 212 
240 232 
240 220 
228 412 
232 204 
236 212 
240 212 
228 284 
236 208 
232 212 
236 228 
212 228 
232 664 
236 204 
240 216 
232 220 
232 216 
240 252 
232 212 
236 204 
216 212 
240 208 
236 212 
236 248 
248 212 
236 240 
240 212 
236 204 
232 212 
236 240 
232 208 
232 208 
232 208 
236 216 
240 212 
236 236 
232 232 
236 212 
236 204 
236 212 
232 232 
236 212 
232 216 
236 232 
240 208 
236 208 
232 224 
232 208 
240 212 
240 208 
236 212 
236 232 
236 240 
232 212 
232 232 
240 212 
240 208 
236 212 
240 224 
240 228 
236 236 
236 212 
240 212 
240 240 
236 240 
232 204 
232 204 
236 236 
232 216 
232 212 
232 208 
236 252 
352 212 
232 212 
240 236 
232 212 
232 212 
236 208 
236 208 
236 212 
388 212 
1252 228 
236 236 
236 212 
240 212 
236 236 
240 256 
236 256 
240 224 
616 204 
236 208 
240 208 
256 212 
236 208 
236 208 
240 236 
244 240 
212 236 
232 464 
236 300 
240 204 
244 212 
236 208 
232 208 
232 212 
236 252 
212 212 
240 696 
48 44 
240 224 
240 232 
228 208 
236 212 
232 208 
240 212 
948 224 
236 236 
236 212 
240 256 
232 212 
232 208 
308 236 
236 232 
236 212 
236 212 
240 212 
232 208 
232 212 
236 216 
240 256 
232 224 
232 236 
240 224 
48 44 
240 236 
240 212 
240 212 
236 232 
236 212 
224 244 
232 208 
236 208 
232 208 
240 240 
240 260 
232 212 
228 208 
236 212 
288 204 
232 208 
236 212 
240 204 
240 236 
232 204 
248 212 
236 252 
240 204 
236 212 
240 236 
236 216 
240 208 
240 208 
228 40 
236 216 
236 212 
848 240 
232 204 
236 212 
236 236 
232 212 
236 204 
236 204 
240 236 
240 212 
236 204 
424 220 
236 236 
228 208 
232 212 
236 212 
232 212 
252 208 
236 236 
236 208 
660 208 
240 236 
236 236 
240 236 
244 228 
236 228 
236 232 
236 212 
212 256 
236 484 
232 208 
232 212 
240 232 
348 212 
232 204 
1020 208 
232 208 
220 232 
232 204 
236 208 
240 212 
232 228 
236 208 
240 216 
236 232 
236 236 
216 308 
228 212 
236 236 
240 220 
232 208 
244 208 
236 212 
232 264 
232 208 
236 236 
236 212 
236 256 
228 212 
236 216 
236 216 
232 204 
236 208 
236 236 
236 236 
268 208 
240 208 
236 212 
600 212 
236 204 
236 208 
240 216 
236 208 
240 212 
236 212 
236 260 
260 208 
232 212 
232 228 
236 256 
248 208 
232 212 
232 212 
236 220 
236 236 
232 212 
236 208 
232 208 
232 208 
236 252 
248 212 
280 208 
228 232 
232 208 
232 208 
232 208 
244 212 
240 204 
236 232 
240 252 
240 216 
236 212 
236 212 
236 240 
232 220 
240 220 
420 204 
240 248 
236 208 
236 208 
240 208 
236 216 
240 236 
240 236 
232 208 
664 224 
236 212 
232 212 
240 216 
232 224 
232 208 
236 208 
240 212 
212 216 
240 480 
228 212 
236 208 
240 224 
236 216 
236 216 
232 248 
240 208 
208 228 
248 212 
240 220 
232 216 
228 216 
236 208 
232 212 
240 236 
236 208 
228 256 
240 220 
240 212 
236 216 
236 212 
240 216 
232 212 
240 240 
228 208 
236 204 
236 212 
808 208 
228 208 
232 212 
232 212 
232 212 
236 212 
240 236 
232 248 
240 212 
236 236 
244 216 
232 208 
232 216 
236 208 
240 212 
232 220 
232 208 
228 212 
236 216 
236 212 
228 212 
240 224 
236 208 
236 208 
240 212 
240 248 
236 208 
232 212 
236 232 
236 208 
232 208 
244 236 
240 260 
232 208 
236 208 
240 220 
232 260 
232 212 
232 212 
240 224 
220 204 
236 208 
236 236 
236 212 
232 212 
232 216 
232 208 
236 204 
236 212 
396 208 
228 212 
236 212 
236 208 
244 212 
236 232 
228 208 
232 220 
232 224 
696 204 
232 212 
236 240 
248 212 
236 236 
232 208 
236 212 
232 208 
212 212 
232 436 
236 220 
248 216 
228 216 
260 212 
236 208 
232 236 
236 40 
48 44 
240 208 
236 240 
236 208 
232 212 
236 212 
240 236 
236 204 
232 212 
416 212 
240 236 
228 212 
236 248 
244 212 
236 212 
236 240 
232 208 
236 212 
232 208 
240 228 
240 220 
236 212 
232 212 
236 236 
232 224 
236 212 
236 244 
240 260 
48 44 
240 236 
240 236 
232 208 
240 208 
236 236 
232 216 
280 224 
236 232 
240 212 
236 212 
244 204 
228 208 
240 212 
240 212 
764 208 
232 204 
236 208 
236 212 
240 216 
232 212 
236 260 
240 212 
236 240 
236 220 
232 232 
236 232 
240 44 
240 208 
228 212 
228 208 
232 212 
232 212 
232 204 
240 256 
232 212 
240 236 
232 216 
232 208 
232 208 
232 212 
472 204 
240 232 
236 204 
232 208 
236 212 
236 244 
236 204 
240 212 
240 236 
704 208 
232 208 
236 212 
232 208 
232 264 
232 320 
232 208 
236 220 
208 204 
236 484 
232 212 
232 212 
240 236 
240 236 
240 208 
236 208 
236 212 
216 208 
240 236 
236 264 
236 208 
236 232 
276 216 
268 224 
232 216 
232 212 
236 212 
240 216 
232 216 
264 212 
236 212 
320 208 
236 212 
232 232 
240 212 
252 208 
232 212 
236 212 
236 220 
232 220 
228 212 
232 212 
236 252 
236 236 
232 212 
232 208 
232 208 
240 236 
236 336 
568 208 
232 236 
236 208 
240 232 
232 208 
236 208 
236 240 
236 224 
236 212 
232 208 
232 208 
240 232 
236 236 
236 260 
236 212 
232 204 
240 208 
232 232 
236 204 
232 208 
236 220 
232 212 
236 208 
236 216 
236 212 
236 208 
240 208 
232 212 
232 232 
228 212 
240 264 
236 220 
232 232 
544 212 
236 208 
240 212 
236 232 
488 208 
236 232 
232 208 
244 208 
292 208 
236 208 
236 212 
236 224 
236 236 
692 208 
232 228 
236 212 
232 208 
232 204 
236 204 
236 208 
236 240 
216 220 
236 476 
236 204 
236 228 
232 232 
240 248 
236 220 
236 216 
244 248 
216 212 
228 208 
272 216 
236 232 
228 216 
236 208 
240 224 
244 204 
240 232 
232 208 
240 208 
232 216 
236 236 
224 212 
236 208 
232 248 
228 216 
240 212 
232 204 
236 220 
232 1140 
232 272 
236 220 
232 208 
232 212 
232 212 
236 212 
236 236 
232 232 
232 212 
236 224 
236 212 
236 216 
232 204 
240 224 
240 216 
232 204 
236 236 
240 212 
228 208 
232 208 
236 216 
232 216 
236 232 
232 208 
236 244 
464 212 
236 212 
240 236 
236 212 
232 228 
232 236 
240 248 
240 236 
196 204 
236 220 
240 212 
240 236 
236 228 
236 212 
272 212 
252 208 
236 204 
232 208 
236 208 
240 212 
240 216 
236 212 
236 212 
496 212 
232 216 
236 208 
236 236 
240 228 
236 216 
236 204 
232 220 
236 212 
752 232 
236 216 
236 208 
232 208 
240 208 
240 208 
240 244 
228 212 
208 212 
232 580 
200 212 
232 216 
236 204 
232 208 
236 212 
236 236 
236 232 
212 260 
232 212 
232 204 
236 252 
236 216 
236 432 
236 248 
232 260 
236 204 
244 212 
52 44 
236 244 
236 220 
244 212 
236 208 
240 248 
244 240 
232 216 
276 204 
236 216 
228 212 
236 208 
232 212 
232 208 
232 232 
240 220 
232 208 
240 212 
236 240 
228 216 
236 264 
236 212 
232 212 
236 236 
240 212 
232 216 
240 208 
228 212 
236 232 
48 44 
232 212 
236 212 
236 204 
196 208 
236 216 
232 208 
236 212 
236 212 
236 236 
236 204 
232 212 
240 216 
240 212 
236 208 
232 216 
232 208 
236 208 
236 216 
236 208 
236 212 
292 204 
236 236 
236 252 
252 216 
232 204 
232 216 
236 236 
240 208 
236 44 
520 212 
236 212 
228 212 
228 212 
228 208 
236 208 
240 208 
236 252 
236 208 
240 360 
240 232 
240 236 
236 232 
228 208 
240 232 
284 212 
236 208 
220 216 
236 648 
232 212 
232 212 
228 216 
232 208 
240 204 
236 292 
240 232 
216 236 
236 208 
236 208 
236 224 
236 208 
240 216 
232 208 
236 204 
240 208 
244 224 
244 216 
232 208 
236 212 
240 216 
240 228 
228 208 
232 208 
232 208 
236 216 
240 212 
236 204 
236 204 
236 236 
236 232 
236 208 
236 208 
240 236 
236 204 
236 208 
240 268 
236 256 
240 212 
236 296 
240 208 
232 220 
236 204 
236 232 
232 204 
232 208 
232 220 
236 208 
236 232 
236 208 
240 212 
236 212 
232 204 
240 232 
464 216 
236 212 
232 208 
244 208 
236 208 
236 260 
232 212 
228 208 
232 212 
236 212 
240 208 
232 208 
236 236 
284 220 
228 212 
236 212 
232 236 
236 208 
680 212 
240 212 
236 252 
236 228 
536 204 
236 212 
236 208 
236 204 
264 212 
232 212 
232 244 
232 212 
236 208 
232 412 
236 208 
236 208 
236 212 
236 236 
240 208 
236 232 
232 216 
212 212 
240 580 
232 212 
232 216 
236 224 
232 216 
232 224 
228 212 
236 208 
212 212 
236 236 
232 284 
232 208 
236 208 
236 212 
232 212 
236 212 
240 232 
248 208 
232 204 
232 208 
236 220 
240 212 
236 264 
236 216 
232 212 
232 208 
236 208 
232 208 
240 212 
232 1064 
248 212 
232 216 
236 208 
236 236 
236 232 
236 208 
272 208 
236 208 
236 212 
240 216 
236 244 
236 204 
232 212 
232 208 
236 236 
236 424 
236 228 
240 216 
236 212 
236 208 
236 208 
232 216 
232 208 
228 212 
236 240 
236 208 
236 316 
236 276 
232 208 
232 204 
232 208 
236 212 
1160 236 
232 212 
236 204 
236 236 
236 236 
232 212 
332 212 
232 220 
228 212 
248 208 
240 216 
240 236 
236 220 
236 208 
236 208 
504 216 
224 212 
232 204 
232 204 
236 216 
236 232 
260 208 
232 216 
236 212 
240 396 
268 228 
228 212 
236 208 
236 212 
232 208 
232 204 
232 212 
208 212 
236 652 
236 208 
240 264 
236 204 
240 212 
240 212 
236 248 
232 208 
212 208 
236 212 
236 236 
240 260 
232 208 
236 208 
236 212 
240 208 
236 208 
232 212 
236 236 
232 212 
232 204 
236 212 
232 252 
232 204 
240 212 
240 236 
232 244 
236 224 
240 240 
44 40 
240 236 
236 244 
232 208 
236 204 
240 208 
236 212 
236 204 
240 208 
232 212 
236 212 
232 232 
232 208 
236 224 
240 240 
240 212 
236 216 
236 232 
240 232 
240 228 
240 212 
240 216 
892 208 
232 212 
236 220 
240 236 
228 216 
232 216 
236 204 
96 48 
236 212 
240 232 
236 236 
232 208 
240 212 
240 204 
236 224 
240 216 
232 216 
328 212 
232 212 
232 212 
232 212 
236 216 
232 224 
292 224 
228 208 
240 432 
604 48 
228 208 
232 220 
232 212 
240 236 
236 216 
244 208 
236 208 
1052 232 
236 424 
232 204 
228 208 
236 208 
240 236 
240 232 
228 208 
236 204 
216 208 
228 656 
236 208 
232 208 
244 212 
240 204 
236 256 
232 216 
236 224 
212 244 
236 208 
240 208 
228 252 
236 232 
236 212 
236 216 
236 220 
236 212 
236 236 
232 212 
232 208 
232 212 
236 208 
240 208 
236 248 
236 260 
232 204 
240 212 
240 212 
228 216 
236 232 
228 208 
224 204 
244 204 
228 212 
240 208 
244 212 
228 232 
236 224 
236 252 
232 208 
880 212 
232 212 
236 216 
232 220 
240 212 
240 236 
236 208 
236 232 
236 236 
276 232 
236 220 
236 216 
236 208 
240 220 
240 232 
244 252 
240 216 
232 216 
236 236 
240 232 
236 208 
232 212 
240 216 
236 208 
228 208 
240 228 
232 208 
236 212 
360 216 
236 216 
232 212 
232 208 
236 236 
236 208 
944 208 
236 220 
232 212 
616 212 
236 236 
236 212 
236 212 
228 208 
232 208 
232 236 
232 208 
216 208 
228 400 
236 232 
232 232 
236 232 
228 220 
236 232 
232 208 
240 216 
212 212 
236 680 
240 220 
252 212 
232 208 
232 208 
240 208 
244 216 
236 212 
212 220 
232 212 
236 204 
240 208 
652 208 
236 208 
232 212 
232 236 
228 228 
236 208 
240 256 
228 212 
232 208 
236 232 
240 260 
240 208 
236 208 
236 216 
240 216 
240 208 
236 216 
236 216 
236 208 
236 228 
236 208 
236 204 
232 208 
268 212 
236 208 
240 216 
232 216 
228 208 
236 236 
236 232 
232 212 
252 208 
232 204 
236 216 
236 208 
240 212 
236 228 
232 204 
232 208 
236 212 
232 208 
232 212 
232 212 
240 212 
236 228 
248 216 
232 212 
232 208 
240 212 
232 216 
240 208 
236 208 
236 236 
232 212 
240 212 
236 236 
400 208 
236 208 
240 212 
232 212 
236 212 
236 212 
236 212 
232 208 
240 212 
632 220 
240 216 
240 232 
236 224 
232 212 
232 208 
236 212 
240 212 
220 232 
236 480 
232 212 
236 212 
236 212 
240 212 
232 212 
240 220 
232 208 
212 208 
236 692 
632 208 
236 212 
240 204 
228 208 
236 208 
240 212 
232 216 
216 236 
240 236 
232 212 
240 208 
236 264 
232 232 
236 208 
240 236 
268 208 
236 236 
240 216 
48 40 
240 208 
240 212 
240 236 
232 232 
236 208 
240 236 
236 212 
232 256 
236 212 
228 208 
232 204 
236 220 
236 236 
236 220 
232 216 
240 220 
236 248 
232 232 
232 208 
236 212 
324 220 
236 208 
240 220 
232 248 
48 44 
228 204 
236 212 
240 240 
240 208 
240 220 
236 204 
232 228 
232 208 
240 220 
232 212 
236 212 
232 204 
232 216 
236 208 
236 212 
240 232 
232 216 
236 216 
240 204 
232 212 
240 212 
240 212 
232 204 
408 212 
228 236 
236 208 
236 232 
300 220 
236 228 
236 228 
236 48 
240 212 
648 212 
236 212 
236 232 
236 216 
228 208 
232 212 
236 216 
236 212 
620 212 
240 504 
236 252 
232 208 
232 208 
236 220 
244 212 
240 212 
240 208 
212 212 
228 208 
240 224 
236 212 
244 208 
240 236 
236 208 
236 216 
232 212 
208 204 
240 220 
228 208 
232 208 
232 216 
244 216 
236 260 
256 208 
232 204 
236 212 
236 224 
236 264 
240 208 
236 428 
236 236 
236 212 
552 204 
232 208 
240 208 
236 208 
236 216 
236 212 
240 204 
228 208 
236 204 
232 208 
232 232 
240 256 
252 212 
240 208 
228 240 
228 212 
228 208 
236 232 
236 204 
236 236 
236 232 
240 212 
232 208 
232 236 
236 236 
232 208 
244 212 
232 204 
240 208 
236 236 
228 212 
240 428 
240 224 
240 252 
232 248 
208 212 
228 204 
240 236 
228 212 
232 236 
228 216 
236 208 
240 208 
236 204 
436 208 
232 212 
236 208 
232 212 
236 232 
232 248 
228 208 
240 212 
236 228 
656 208 
232 208 
232 216 
236 212 
240 208 
236 212 
232 208 
232 212 
216 208 
232 516 
240 220 
240 208 
232 204 
232 208 
236 220 
232 220 
236 216 
212 216 
240 732 
240 212 
232 204 
240 212 
228 228 
232 212 
240 212 
228 216 
220 212 
240 208 
240 216 
236 208 
240 208 
736 204 
236 212 
236 216 
228 212 
236 212 
236 208 
232 208 
240 212 
240 208 
240 268 
232 224 
236 260 
236 216 
232 212 
236 244 
228 212 
232 208 
236 212 
232 220 
236 208 
240 216 
240 236 
244 208 
236 232 
228 228 
236 208 
232 204 
244 204 
240 220 
236 212 
232 208 
236 208 
236 208 
376 208 
232 216 
236 228 
232 208 
236 236 
232 220 
240 208 
236 212 
232 264 
232 216 
236 208 
240 212 
228 212 
216 216 
240 212 
232 208 
240 216 
232 216 
228 212 
228 216 
232 228 
236 212 
424 204 
236 220 
236 264 
236 236 
232 208 
240 208 
240 212 
240 208 
232 212 
696 216 
240 208 
236 232 
236 208 
236 208 
228 232 
232 204 
232 204 
216 212 
240 496 
232 216 
236 220 
232 208 
236 232 
236 204 
232 256 
232 212 
212 208 
236 212 
232 868 
232 208 
236 212 
232 232 
232 208 
244 212 
236 212 
244 216 
240 260 
240 236 
232 208 
240 204 
240 212 
232 264 
236 212 
232 216 
232 212 
244 208 
228 212 
240 208 
232 208 
244 256 
240 220 
236 212 
240 232 
236 236 
48 44 
232 232 
236 212 
232 208 
232 236 
236 240 
232 240 
236 204 
220 212 
244 212 
236 216 
236 212 
236 212 
232 204 
240 224 
236 232 
228 204 
232 216 
236 208 
236 212 
240 244 
232 236 
232 208 
236 208 
240 208 
236 204 
240 208 
48 40 
236 232 
232 208 
236 232 
228 216 
240 204 
236 236 
232 208 
232 208 
236 204 
240 212 
244 236 
276 208 
232 236 
484 236 
232 212 
236 208 
228 208 
236 236 
240 212 
236 232 
232 212 
232 204 
692 216 
236 236 
236 264 
236 252 
240 48 
236 220 
228 212 
236 236 
212 1276 
232 540 
232 208 
232 236 
240 256 
236 212 
228 208 
232 204 
240 220 
220 212 
236 208 
236 208 
232 204 
228 208 
240 208 
232 208 
232 216 
236 208 
240 212 
232 232 
240 212 
236 208 
236 208 
236 204 
252 216 
232 212 
228 212 
240 220 
240 208 
236 220 
236 216 
232 204 
256 288 
236 232 
236 208 
236 248 
228 216 
236 212 
236 256 
232 212 
236 232 
240 204 
260 208 
236 216 
236 216 
232 236 
232 220 
240 208 
236 240 
232 228 
232 216 
232 188 
236 404 
236 208 
240 232 
228 212 
240 208 
236 208 
236 224 
240 208 
232 212 
236 212 
244 236 
236 212 
232 212 
232 204 
232 224 
232 232 
240 208 
260 260 
236 212 
240 204 
236 236 
272 212 
632 208 
236 236 
236 232 
244 236 
468 208 
232 228 
232 212 
228 216 
240 208 
232 240 
244 1100 
232 208 
236 208 
720 204 
232 224 
232 208 
236 212 
232 236 
356 212 
236 204 
228 204 
212 212 
236 556 
236 204 
236 228 
236 212 
236 204 
232 204 
240 208 
240 216 
220 212 
236 212 
236 236 
244 208 
236 212 
236 208 
236 216 
228 212 
232 208 
236 212 
240 260 
232 204 
236 216 
240 212 
240 1048 
236 232 
236 208 
236 240 
312 208 
236 212 
236 216 
232 212 
240 232 
236 216 
236 252 
240 212 
236 208 
244 260 
236 232 
236 212 
228 212 
236 208 
240 212 
236 328 
232 208 
236 264 
236 208 
232 204 
232 208 
236 232 
236 208 
236 268 
236 216 
240 220 
236 204 
232 216 
232 224 
840 208 
236 232 
232 212 
236 216 
232 204 
268 224 
252 216 
248 212 
240 208 
240 208 
236 264 
236 236 
236 208 
276 204 
232 204 
236 212 
240 236 
240 252 
228 208 
240 204 
240 220 
236 236 
508 220 
236 212 
240 212 
240 212 
232 228 
65535 264 
0 0 
0 0 
0 0 
0 0 
0 0 
0 0 
0 0 
0 0 
0 0 
0 0 
0 0 
0 0 
0 0 
0 0 
0 0 
0 0 
0 0 
0 0 
0 0 
0 0 
0 0 
0 0 
0 0 
0 0 
0 0 
0 0 
0 0 
0 0 
0 0 
0 0 
0 0 
0 0 
0 0 
0 0 
0 0 
0 0 
0 0 
0 0 
0 0 
0 0 
0 0 
0 0 
0 0 
0 0 
0 0 
0 0 
0 0 
0 0 
0 0 
0 0 
0 0 
0 0 
0 0 
0 0 
0 0 
0 0 
0 0 
0 0 
0 0 
0 0 
0 0 
0 0 
0 0 
0 0 
0 0 
0 0 
0 0 
0 0 
0 0 
0 0 
0 0 
0 0 
0 0 
0 0 
0 0 
0 0 
0 0 
0 0 
0 0 
0 0 
0 0 
0 0 
0 0 
0 0 
0 0 
0 0 
0 0 
0 0 
0 0 
0 0 
0 0 
0 0 
0 0 
0 0 
0 0 
0 0 
0 0 
0 0 
0 0 
0 0 
0 0 
0 0 
0 0 
0 0 
0 0 
0 0 
0 0 
0 0 
0 0 
0 0 
0 0 
0 0 
0 0 
0 0 
0 0 
0 0 
0 0 
0 0 
0 0 
0 0 
0 0 
0 0 
0 0 
0 0 
0 0 
0 0 
0 0 
0 0 
0 0 
0 0 
0 0 
0 0 
0 0 
0 0 
0 0 
0 0 
0 0 
0 0 
0 0 
0 0 
0 0 
0 0 
0 0 
0 0 
0 0 
0 0 
0 0 
0 0 
0 0 
0 0 
0 0 
0 0 
0 0 
0 0 
0 0 
0 0 
0 0 
0 0 
0 0 
0 0 
0 0 
0 0 
0 0 
0 0 
0 0 
0 0 
0 0 
0 0 
0 0 
0 0 
0 0 
0 0 
0 0 
0 0 
0 0 
0 0 
0 0 
0 0 
0 0 
0 0 
0 0 
0 0 
0 0 
0 0 
0 0 
0 0 
0 0 
0 0 
0 0 
0 0 
0 0 
0 0 
0 0 
0 0 
0 0 
0 0 
0 0 
0 0 
0 0 
0 0 
0 0 
0 0 
0 0 
0 0 
0 0 
0 0 
0 0 
0 0 
0 0 
0 0 
0 0 
0 0 
0 0 
0 0 
0 0 
0 0 
0 0 
0 0 
0 0 
0 0 
0 0 
0 0 
0 0 
0 0 
0 0 
0 0 
0 0 
0 0 
0 0 
0 0 
0 0 
0 0 
0 0 
0 0 
0 0 
0 0 
0 0 
0 0 
0 0 
0 0 
0 0 
0 0 
0 0 
0 0 
0 0 
0 0 
0 0 
0 0 
0 0 
0 0 
0 0 
0 0 
0 0 
0 0 
0 0 
0 0 
0 0 
0 0 
0 0 
0 0 
0 0 
0 0 
0 0 
0 0 
0 0 
0 0 
0 0 
0 0 
0 0 
0 0 
0 0 
0 0 
0 0 
0 0 
0 0 
0 0 
0 0 
0 0 
0 0 
0 0 
0 0 
0 0 
0 0 
0 0 
0 0 
0 0 
0 0 
0 0 
0 0 
0 0 
0 0 
0 0 
0 0 
0 0 
0 0 
0 0 
0 0 
0 0 
0 0 
0 0 
0 0 
0 0 
0 0 
0 0 
0 0 
0 0 
0 0 
0 0 
0 0 
0 0 
0 0 
0 0 
0 0 
260 236 
232 212 
236 208 
240 232 
236 236 
