# ./FR-trace starting at Mon Apr 20 19:08:32 2020
################# CONFIG #################
# slot=5000
# samples=10000
# threshold=100
# idle=500
# minlen=500
# runs=10000
# pdathreads=2
# nmonitored=2
#   monitor0=../apps/openssl ec2_mult.c:153 0x1e7854
#   monitor1=../apps/openssl ec2_mult.c:161 0x1e789c
# nevicted=0
# npdatargets=2
#   target0=../apps/openssl bn_gf2m.c:412 0x20bd10
#   target1=../apps/openssl bn_gf2m.c:412+64 0x20bd50
# affinity=all
############## SYSTEM INFO ###############
# mastik_version=
# sysname=Linux
# nodename=lovelace
# release=5.3.7-arch1-1-ARCH
# version=#1 SMP PREEMPT Fri Oct 18 00:17:03 UTC 2019
# machine=x86_64
################## DATA ##################
# run=5383
# datapoints=6951
48 44 
200 188 
192 212 
192 200 
192 208 
196 196 
192 192 
268 192 
240 324 
2456 252 
192 192 
284 200 
220 336 
216 256 
308 224 
292 616 
192 188 
584 188 
196 192 
196 216 
216 208 
188 208 
200 200 
212 284 
228 240 
192 188 
212 196 
192 304 
232 192 
352 196 
200 192 
248 292 
52 52 
212 228 
208 224 
196 216 
200 188 
208 196 
200 192 
208 212 
336 228 
2764 220 
276 200 
1800 200 
196 220 
260 208 
196 204 
252 196 
236 208 
204 208 
200 196 
460 208 
212 636 
192 204 
224 216 
216 220 
220 216 
216 316 
384 232 
240 48 
248 236 
200 196 
196 228 
200 200 
204 192 
212 212 
212 240 
340 248 
236 192 
236 192 
200 212 
212 336 
216 276 
264 260 
196 196 
200 188 
220 268 
236 204 
452 384 
0 0 
0 0 
0 0 
0 0 
0 0 
0 0 
0 0 
0 0 
0 0 
0 0 
0 0 
0 0 
0 0 
0 0 
0 0 
0 0 
0 0 
0 0 
0 0 
0 0 
0 0 
0 0 
0 0 
0 0 
0 0 
0 0 
0 0 
0 0 
0 0 
0 0 
0 0 
0 0 
0 0 
0 0 
0 0 
0 0 
0 0 
0 0 
0 0 
0 0 
0 0 
0 0 
0 0 
0 0 
0 0 
0 0 
0 0 
0 0 
0 0 
0 0 
0 0 
0 0 
0 0 
0 0 
0 0 
0 0 
0 0 
0 0 
0 0 
0 0 
0 0 
0 0 
0 0 
0 0 
0 0 
0 0 
0 0 
0 0 
0 0 
0 0 
0 0 
0 0 
0 0 
0 0 
0 0 
0 0 
0 0 
0 0 
0 0 
0 0 
0 0 
0 0 
0 0 
0 0 
0 0 
0 0 
0 0 
0 0 
0 0 
0 0 
0 0 
0 0 
0 0 
0 0 
0 0 
0 0 
0 0 
0 0 
0 0 
0 0 
0 0 
0 0 
0 0 
0 0 
0 0 
0 0 
0 0 
0 0 
0 0 
0 0 
0 0 
0 0 
0 0 
0 0 
0 0 
0 0 
0 0 
0 0 
0 0 
0 0 
0 0 
0 0 
0 0 
0 0 
0 0 
0 0 
0 0 
0 0 
0 0 
0 0 
0 0 
0 0 
0 0 
0 0 
0 0 
0 0 
0 0 
0 0 
0 0 
0 0 
0 0 
0 0 
0 0 
0 0 
0 0 
0 0 
0 0 
0 0 
0 0 
0 0 
0 0 
0 0 
0 0 
0 0 
0 0 
0 0 
0 0 
188 192 
200 236 
328 184 
272 240 
628 224 
212 260 
216 268 
192 224 
200 260 
216 196 
216 196 
216 192 
568 208 
200 208 
208 192 
216 192 
212 192 
200 192 
216 192 
196 208 
216 200 
188 264 
232 188 
200 224 
196 200 
196 188 
188 200 
196 192 
200 200 
196 228 
188 232 
196 200 
368 248 
196 240 
212 196 
196 308 
196 196 
204 200 
204 272 
220 192 
220 236 
364 212 
232 192 
200 212 
188 196 
212 216 
240 228 
192 208 
200 196 
284 308 
196 212 
256 212 
192 280 
200 252 
260 196 
228 244 
216 212 
208 308 
216 208 
240 208 
196 220 
196 192 
200 212 
396 212 
240 208 
244 212 
236 212 
216 192 
232 216 
300 220 
232 216 
200 224 
220 200 
220 228 
192 208 
336 224 
232 232 
208 216 
228 220 
212 220 
196 224 
220 204 
212 212 
220 236 
236 192 
200 192 
232 208 
236 224 
232 208 
236 236 
348 216 
48 44 
232 208 
236 208 
232 204 
232 212 
232 212 
232 244 
232 208 
792 208 
192 188 
240 224 
232 208 
240 208 
236 204 
240 204 
232 212 
216 232 
240 476 
228 208 
240 212 
196 208 
236 208 
240 212 
236 208 
192 192 
212 188 
220 212 
40 48 
232 212 
232 224 
232 220 
232 208 
256 208 
236 208 
220 216 
236 208 
236 236 
228 212 
192 232 
236 192 
228 196 
228 208 
240 232 
236 236 
236 232 
232 208 
196 236 
236 236 
200 192 
232 204 
232 212 
196 192 
192 208 
200 212 
232 208 
236 44 
232 212 
200 236 
308 236 
228 200 
216 232 
236 236 
216 200 
196 236 
212 188 
208 212 
188 192 
232 208 
236 216 
232 212 
240 236 
240 212 
536 188 
240 212 
240 208 
196 216 
236 232 
232 224 
232 236 
236 212 
240 192 
248 196 
288 208 
196 440 
216 192 
212 220 
212 216 
192 208 
228 208 
236 216 
236 216 
240 216 
196 204 
236 268 
428 208 
228 236 
236 248 
236 188 
240 208 
204 204 
232 236 
232 192 
256 208 
696 208 
232 208 
240 232 
236 216 
240 208 
236 188 
236 192 
228 208 
216 208 
236 712 
228 228 
196 228 
232 208 
232 252 
236 256 
236 236 
232 216 
216 236 
232 740 
236 208 
236 212 
236 260 
192 188 
232 188 
236 208 
236 192 
224 212 
232 188 
236 216 
236 240 
236 232 
236 208 
236 216 
192 208 
236 220 
216 192 
204 204 
236 216 
208 188 
200 216 
236 196 
236 236 
196 228 
240 208 
232 216 
236 224 
232 236 
236 208 
240 192 
224 204 
232 208 
196 204 
240 236 
240 192 
232 212 
232 208 
228 208 
192 212 
236 208 
280 208 
232 204 
232 188 
212 208 
236 208 
240 212 
232 208 
232 216 
236 232 
232 208 
252 216 
232 208 
236 208 
240 240 
232 228 
232 192 
232 212 
212 216 
232 228 
232 212 
216 216 
244 208 
208 232 
232 236 
232 232 
192 256 
224 236 
196 192 
228 208 
236 208 
196 212 
232 216 
228 204 
232 252 
196 232 
204 220 
712 188 
236 232 
240 208 
236 208 
236 204 
240 208 
236 232 
236 208 
196 224 
232 236 
256 208 
188 204 
232 224 
236 208 
192 216 
232 224 
240 208 
216 208 
240 264 
236 220 
240 232 
236 232 
236 232 
228 240 
236 212 
228 204 
236 208 
236 208 
236 208 
240 228 
232 212 
228 232 
196 196 
240 292 
240 232 
232 216 
236 208 
232 228 
244 216 
200 256 
228 224 
236 292 
236 236 
244 208 
236 232 
244 208 
236 208 
232 208 
236 208 
232 208 
236 212 
252 216 
212 240 
232 236 
232 216 
244 208 
236 220 
224 216 
232 216 
232 204 
232 208 
240 204 
240 212 
236 232 
236 220 
240 236 
240 212 
232 204 
224 208 
232 224 
240 220 
244 208 
236 188 
192 212 
236 212 
236 228 
240 196 
224 224 
232 212 
240 204 
236 208 
248 208 
236 208 
236 212 
228 204 
236 332 
468 208 
236 232 
236 188 
236 188 
228 208 
232 236 
236 236 
236 208 
240 208 
712 232 
236 208 
232 232 
236 236 
236 220 
232 204 
244 208 
236 208 
48 40 
236 516 
228 220 
232 208 
236 216 
240 208 
232 204 
236 212 
236 240 
212 208 
228 204 
208 208 
252 260 
336 196 
304 228 
216 288 
236 212 
236 212 
200 196 
284 228 
240 204 
240 232 
196 196 
312 212 
200 204 
324 240 
232 244 
240 216 
56 48 
208 320 
240 232 
212 212 
212 216 
212 188 
192 208 
200 208 
208 192 
192 196 
200 252 
188 216 
236 192 
196 188 
192 216 
232 212 
220 216 
228 216 
240 212 
208 216 
232 208 
236 220 
208 220 
220 208 
236 216 
236 212 
216 48 
220 208 
348 200 
236 216 
196 208 
236 220 
240 208 
196 232 
204 228 
204 204 
196 192 
188 188 
200 212 
208 200 
324 196 
380 220 
244 208 
232 220 
240 220 
348 208 
220 220 
236 232 
236 192 
192 212 
476 212 
232 208 
236 212 
188 196 
216 216 
240 208 
232 208 
232 192 
216 232 
728 640 
240 236 
236 232 
236 208 
236 232 
216 236 
236 208 
236 232 
216 208 
236 620 
232 192 
232 212 
228 188 
432 208 
236 208 
216 204 
232 212 
208 208 
236 208 
232 208 
232 208 
236 208 
192 220 
192 196 
240 208 
232 212 
240 208 
240 208 
232 208 
232 208 
228 200 
240 208 
236 228 
240 236 
232 208 
232 188 
236 220 
228 208 
208 204 
196 216 
224 232 
696 192 
204 212 
236 216 
232 192 
236 216 
232 204 
232 212 
228 216 
188 228 
236 208 
236 232 
320 208 
232 208 
236 248 
236 236 
228 208 
236 204 
236 244 
236 208 
240 236 
232 212 
216 200 
196 212 
228 196 
228 208 
208 212 
228 216 
228 208 
232 232 
240 204 
228 212 
228 192 
232 204 
240 204 
232 208 
232 216 
256 216 
236 192 
232 208 
236 224 
240 208 
232 208 
232 244 
228 212 
236 208 
516 216 
240 228 
228 212 
232 204 
232 212 
240 264 
232 252 
236 216 
240 208 
708 212 
232 204 
236 224 
244 208 
232 208 
228 204 
232 212 
232 208 
208 248 
236 568 
228 220 
232 208 
236 232 
232 216 
232 220 
236 212 
236 212 
212 232 
236 248 
236 228 
228 208 
236 208 
236 212 
232 216 
236 236 
232 208 
232 216 
236 224 
236 212 
232 236 
228 208 
236 224 
236 212 
236 232 
236 216 
240 208 
232 216 
240 208 
232 228 
240 220 
228 204 
232 208 
236 208 
232 204 
236 224 
236 216 
236 212 
236 216 
228 232 
232 212 
232 208 
228 208 
228 216 
240 244 
240 204 
228 208 
232 204 
236 208 
228 208 
232 208 
232 208 
236 212 
240 220 
240 252 
240 212 
236 236 
232 188 
236 208 
228 208 
236 240 
232 208 
236 232 
236 232 
236 208 
228 208 
232 228 
240 216 
280 220 
240 212 
240 236 
228 208 
228 208 
236 208 
228 216 
232 208 
232 220 
544 208 
232 208 
240 232 
236 204 
236 220 
228 208 
272 208 
232 236 
240 208 
232 432 
236 208 
240 224 
228 208 
232 208 
232 208 
236 208 
240 232 
208 212 
236 628 
236 216 
236 212 
232 208 
232 212 
248 212 
232 208 
236 212 
212 208 
236 220 
240 208 
232 208 
232 212 
236 232 
232 240 
232 228 
236 220 
232 216 
48 44 
236 228 
236 236 
236 232 
232 208 
236 220 
228 208 
236 236 
240 208 
236 208 
232 232 
240 216 
236 208 
228 204 
228 208 
232 208 
240 260 
240 216 
228 216 
228 208 
232 204 
236 212 
232 212 
236 236 
232 252 
232 208 
232 236 
232 208 
52 48 
228 208 
240 236 
232 212 
232 208 
236 220 
236 220 
232 212 
236 236 
236 244 
228 208 
228 208 
236 208 
232 208 
232 208 
236 208 
236 236 
236 236 
236 232 
240 208 
236 204 
232 208 
308 204 
240 212 
272 212 
236 232 
340 208 
240 212 
232 44 
228 212 
240 212 
528 204 
232 208 
232 212 
236 232 
240 208 
232 236 
236 208 
232 236 
232 204 
228 392 
236 236 
240 208 
228 208 
232 252 
228 208 
236 232 
232 220 
260 216 
232 628 
236 212 
240 220 
232 208 
232 208 
232 252 
240 208 
244 208 
212 232 
232 208 
228 208 
236 212 
232 208 
240 244 
236 216 
236 228 
236 232 
236 220 
272 208 
236 220 
236 212 
240 216 
232 208 
232 228 
236 204 
232 208 
236 228 
236 212 
236 208 
232 204 
232 232 
240 208 
232 208 
232 212 
240 232 
236 232 
236 212 
244 208 
228 208 
232 204 
232 264 
232 228 
240 212 
236 208 
232 204 
236 244 
228 208 
228 212 
236 236 
232 212 
232 208 
232 212 
240 232 
232 208 
232 212 
236 208 
236 260 
232 212 
232 208 
240 224 
296 212 
232 212 
268 224 
232 216 
228 236 
236 256 
240 240 
232 208 
348 204 
232 212 
236 232 
236 224 
228 208 
228 208 
232 212 
232 212 
232 220 
552 204 
232 216 
236 208 
232 212 
232 204 
232 208 
236 232 
232 212 
236 208 
240 412 
240 220 
232 244 
236 204 
232 212 
240 236 
240 232 
232 208 
212 208 
232 644 
232 208 
232 208 
236 232 
236 208 
232 212 
232 208 
232 204 
212 248 
236 244 
240 232 
232 212 
236 216 
236 240 
236 212 
252 208 
236 232 
232 204 
252 212 
232 228 
240 204 
240 208 
240 204 
236 256 
328 224 
236 216 
240 232 
232 208 
232 208 
236 204 
304 236 
232 212 
240 204 
232 208 
236 208 
236 208 
228 208 
232 212 
240 236 
236 204 
232 208 
232 204 
236 212 
240 212 
236 208 
232 220 
236 208 
232 232 
236 212 
236 212 
240 212 
236 216 
232 204 
240 212 
236 220 
240 208 
244 212 
228 208 
292 244 
236 208 
232 216 
240 232 
240 236 
236 208 
236 268 
236 236 
240 236 
240 212 
368 224 
236 216 
236 216 
232 208 
236 208 
236 212 
236 216 
232 208 
244 208 
584 440 
228 216 
232 212 
236 236 
236 220 
240 236 
236 204 
236 204 
216 216 
236 420 
240 208 
232 224 
260 208 
232 204 
236 208 
232 212 
236 232 
216 216 
236 656 
228 208 
228 248 
232 208 
244 208 
240 240 
232 216 
232 208 
220 228 
240 216 
232 208 
236 208 
236 212 
232 208 
232 208 
240 232 
240 208 
236 216 
228 204 
240 208 
236 212 
232 208 
232 212 
232 212 
240 236 
232 208 
232 216 
232 216 
232 208 
232 236 
232 224 
236 208 
228 208 
236 220 
232 244 
236 220 
240 208 
232 232 
48 56 
232 208 
232 208 
232 204 
232 208 
236 212 
236 236 
240 208 
236 208 
236 212 
228 208 
232 204 
232 208 
232 208 
236 208 
232 208 
240 236 
236 232 
236 228 
232 224 
296 212 
236 208 
228 208 
232 208 
236 212 
232 208 
232 216 
240 220 
48 44 
232 228 
388 224 
236 204 
232 208 
236 212 
232 208 
232 204 
232 208 
240 208 
236 220 
636 212 
244 224 
240 220 
236 208 
232 204 
232 204 
228 204 
232 212 
212 212 
236 456 
232 252 
236 232 
240 232 
236 224 
236 216 
240 208 
240 220 
216 44 
236 680 
236 252 
232 208 
236 220 
240 220 
232 204 
232 216 
240 216 
212 468 
244 212 
240 232 
236 216 
240 216 
232 204 
236 208 
236 208 
228 208 
240 216 
244 208 
236 236 
236 204 
232 212 
236 216 
236 208 
260 216 
240 208 
240 236 
240 208 
236 236 
236 216 
236 212 
232 204 
236 208 
240 228 
236 252 
232 256 
240 208 
328 212 
232 208 
236 228 
228 204 
236 208 
232 208 
232 204 
236 228 
256 212 
236 232 
236 208 
232 208 
228 220 
232 212 
228 212 
236 204 
244 208 
232 232 
240 208 
236 208 
232 232 
240 208 
244 212 
232 204 
232 240 
236 220 
232 204 
240 208 
236 208 
236 204 
232 212 
412 204 
232 204 
236 208 
228 216 
236 208 
236 220 
236 204 
232 232 
236 216 
628 232 
232 216 
236 208 
232 212 
228 232 
236 212 
236 232 
232 208 
216 220 
236 444 
240 232 
240 208 
228 212 
232 216 
232 208 
236 208 
232 212 
216 212 
232 708 
236 212 
232 208 
232 260 
232 212 
236 228 
236 236 
240 216 
208 204 
244 220 
232 220 
236 208 
236 212 
236 212 
232 216 
232 232 
232 212 
232 212 
236 236 
236 212 
240 208 
232 208 
236 208 
232 208 
232 212 
236 204 
232 208 
240 236 
236 228 
228 212 
236 260 
236 216 
236 212 
240 212 
232 212 
240 208 
236 208 
240 232 
232 208 
236 204 
228 208 
308 208 
264 208 
232 208 
236 260 
236 228 
236 212 
228 216 
232 208 
236 208 
280 216 
228 208 
236 208 
232 208 
232 208 
236 216 
236 236 
232 208 
232 208 
220 212 
236 216 
236 216 
236 208 
232 208 
232 208 
228 212 
236 220 
236 224 
416 252 
240 208 
240 220 
232 204 
232 212 
232 208 
228 212 
236 232 
236 216 
652 216 
236 212 
232 236 
236 208 
232 212 
232 208 
232 232 
236 212 
212 208 
232 488 
236 228 
232 252 
240 208 
236 208 
232 212 
240 208 
232 208 
208 224 
236 208 
236 208 
236 244 
340 208 
244 216 
268 212 
232 232 
240 216 
220 232 
228 204 
232 208 
232 220 
240 212 
232 208 
232 212 
232 212 
256 208 
236 208 
232 208 
244 208 
232 204 
240 216 
236 220 
232 204 
232 208 
240 212 
236 236 
236 220 
236 204 
240 216 
232 204 
232 208 
232 236 
236 260 
232 212 
232 204 
232 212 
236 216 
240 232 
236 216 
244 204 
240 204 
236 212 
232 212 
236 220 
232 208 
232 212 
240 212 
240 208 
240 240 
276 208 
236 212 
232 204 
232 208 
236 208 
240 220 
236 208 
240 260 
236 220 
208 264 
236 204 
48 44 
236 208 
228 204 
240 232 
240 204 
232 208 
252 216 
428 212 
236 212 
232 232 
232 208 
240 208 
232 208 
240 208 
236 212 
228 204 
668 212 
244 208 
236 220 
228 212 
240 208 
232 208 
236 208 
236 216 
208 204 
232 544 
236 208 
44 44 
240 204 
240 216 
236 212 
240 204 
240 244 
216 272 
232 204 
236 208 
232 208 
228 212 
232 204 
232 208 
232 216 
236 220 
236 208 
244 208 
232 204 
236 212 
236 216 
236 236 
236 216 
232 212 
232 208 
240 208 
232 256 
232 216 
232 212 
232 212 
240 204 
232 208 
236 208 
236 232 
232 204 
236 240 
232 212 
232 208 
232 208 
236 212 
232 208 
232 208 
232 208 
236 208 
232 216 
232 220 
236 208 
236 208 
232 208 
240 216 
232 208 
260 236 
236 208 
232 208 
240 208 
232 212 
236 232 
232 204 
236 236 
240 212 
240 216 
236 264 
240 212 
236 216 
236 212 
232 212 
232 256 
224 204 
240 208 
232 236 
228 208 
236 232 
236 232 
232 208 
232 220 
232 264 
452 212 
236 216 
240 208 
232 212 
236 232 
236 216 
236 220 
232 212 
232 208 
700 216 
240 208 
236 224 
232 208 
236 236 
244 220 
228 216 
264 256 
212 212 
240 492 
232 208 
244 224 
236 248 
236 204 
236 216 
240 224 
232 204 
208 204 
228 208 
232 212 
236 212 
240 232 
232 236 
236 212 
236 264 
236 204 
244 208 
240 212 
236 228 
228 204 
232 232 
240 208 
236 240 
232 208 
228 212 
236 232 
236 216 
232 212 
240 208 
232 204 
236 204 
232 212 
236 232 
240 204 
280 208 
240 212 
236 212 
232 212 
236 236 
236 212 
236 236 
240 208 
232 208 
236 232 
244 212 
232 204 
232 244 
240 212 
236 208 
236 208 
236 216 
236 216 
232 208 
240 208 
240 212 
244 212 
236 236 
232 208 
228 204 
232 208 
232 208 
232 208 
232 224 
232 212 
236 212 
232 208 
232 212 
240 256 
232 296 
236 216 
240 212 
236 212 
240 236 
244 216 
240 204 
240 208 
492 208 
236 204 
232 212 
232 208 
236 208 
236 244 
236 212 
232 208 
232 236 
724 236 
236 212 
232 204 
232 208 
232 204 
232 208 
240 212 
232 212 
216 204 
236 548 
236 264 
240 208 
236 204 
232 208 
240 236 
228 208 
232 208 
216 232 
236 228 
240 236 
236 208 
232 220 
232 216 
236 216 
236 212 
236 204 
236 540 
232 208 
232 216 
240 212 
232 208 
232 204 
232 216 
236 208 
232 208 
236 208 
232 216 
232 212 
236 208 
232 208 
628 216 
236 228 
232 208 
236 236 
232 208 
236 208 
236 236 
236 212 
236 204 
236 212 
232 232 
232 208 
232 212 
236 204 
228 208 
232 216 
240 208 
232 208 
236 216 
236 232 
236 220 
240 236 
232 208 
236 208 
228 220 
240 236 
236 208 
236 212 
232 224 
240 208 
240 212 
232 208 
228 216 
236 232 
232 212 
232 216 
228 208 
44 44 
236 256 
240 208 
236 208 
236 236 
244 208 
240 208 
244 208 
240 236 
508 208 
236 208 
236 208 
232 228 
236 220 
244 220 
236 220 
236 208 
232 212 
748 212 
240 216 
236 220 
244 232 
240 220 
228 204 
240 204 
232 212 
44 40 
232 600 
244 212 
236 232 
232 208 
228 208 
232 208 
232 232 
232 208 
216 208 
236 232 
240 260 
232 248 
236 216 
240 236 
244 232 
240 208 
228 208 
232 208 
232 220 
228 204 
232 208 
236 212 
240 208 
236 236 
236 216 
236 220 
228 40 
232 204 
236 212 
240 208 
236 232 
236 216 
232 212 
240 236 
240 216 
232 212 
232 204 
244 224 
228 212 
228 212 
232 204 
236 212 
232 216 
240 252 
236 208 
236 208 
232 208 
240 204 
240 260 
244 208 
240 236 
236 212 
236 208 
232 212 
232 212 
236 232 
236 208 
240 208 
244 212 
232 228 
232 216 
232 208 
228 212 
232 208 
232 208 
228 212 
236 232 
228 212 
284 212 
236 208 
240 204 
240 208 
240 224 
232 212 
244 208 
232 252 
236 208 
488 212 
240 220 
228 208 
232 240 
240 208 
232 208 
228 204 
260 208 
236 212 
736 236 
228 208 
240 208 
232 208 
232 216 
232 208 
260 208 
236 236 
216 220 
232 592 
240 232 
240 204 
232 212 
232 220 
236 228 
236 208 
260 212 
212 240 
232 208 
228 208 
236 240 
232 208 
240 232 
240 208 
240 236 
244 212 
236 268 
236 208 
240 208 
228 208 
240 208 
240 216 
240 208 
236 204 
232 212 
240 236 
228 216 
236 208 
236 204 
240 208 
236 208 
236 208 
228 208 
236 216 
236 208 
240 208 
232 204 
240 208 
236 204 
240 204 
236 216 
236 208 
232 208 
232 240 
236 212 
232 212 
236 216 
228 204 
244 208 
228 208 
232 204 
236 236 
232 208 
236 236 
232 204 
240 248 
332 240 
0 0 
0 0 
0 0 
208 212 
236 232 
212 192 
232 208 
192 192 
216 192 
212 232 
200 192 
208 212 
216 228 
208 232 
212 208 
228 280 
232 220 
200 220 
192 252 
540 208 
192 236 
232 236 
196 364 
232 192 
220 192 
236 232 
236 192 
208 228 
232 288 
248 216 
232 228 
232 188 
232 232 
196 192 
212 192 
212 188 
240 232 
228 244 
236 192 
352 328 
232 192 
192 208 
476 208 
196 192 
236 220 
228 192 
216 208 
192 208 
236 312 
232 212 
216 232 
324 232 
212 208 
200 232 
236 232 
228 192 
196 224 
212 208 
196 204 
212 212 
192 240 
192 232 
220 192 
208 272 
212 192 
232 188 
212 216 
236 232 
196 192 
496 192 
232 232 
232 232 
236 208 
192 232 
196 236 
228 228 
228 232 
208 204 
268 188 
232 228 
232 192 
240 232 
192 188 
208 208 
212 220 
236 232 
236 256 
232 212 
236 232 
236 208 
232 204 
232 220 
236 204 
208 192 
232 228 
236 236 
240 212 
232 244 
232 208 
240 236 
236 216 
236 208 
232 204 
236 212 
236 212 
332 232 
232 208 
240 212 
228 208 
236 212 
240 216 
232 212 
240 216 
240 208 
560 204 
240 232 
228 208 
236 208 
232 208 
232 208 
228 208 
236 208 
240 236 
228 520 
232 208 
232 212 
240 232 
244 212 
236 208 
232 208 
228 216 
212 208 
232 668 
240 208 
232 212 
232 208 
240 236 
236 232 
240 208 
236 228 
216 212 
236 280 
232 212 
236 220 
228 208 
232 224 
236 208 
236 240 
232 212 
236 212 
240 236 
240 212 
236 216 
236 208 
232 216 
236 232 
228 212 
236 208 
232 220 
236 208 
240 212 
240 232 
240 212 
236 212 
236 240 
232 236 
236 228 
240 212 
240 208 
236 208 
232 208 
240 232 
240 204 
232 216 
232 208 
236 232 
236 208 
236 220 
232 208 
236 232 
232 212 
228 208 
324 312 
236 232 
240 208 
240 204 
236 216 
244 208 
244 212 
236 212 
236 208 
240 212 
240 212 
236 236 
240 208 
236 208 
228 208 
236 212 
232 208 
232 216 
324 208 
228 212 
232 244 
244 208 
240 212 
44 40 
236 236 
232 204 
236 212 
564 204 
236 208 
232 208 
232 212 
228 208 
240 208 
232 212 
236 212 
248 216 
248 400 
232 208 
232 212 
292 212 
240 208 
228 208 
232 204 
232 212 
220 212 
228 668 
244 212 
236 208 
228 204 
236 236 
236 220 
232 212 
236 212 
48 44 
228 208 
232 208 
236 208 
232 216 
228 208 
236 212 
232 232 
240 216 
240 208 
236 204 
240 208 
232 224 
236 212 
236 256 
232 220 
240 216 
232 216 
232 212 
236 204 
236 204 
232 212 
236 228 
240 216 
236 208 
228 204 
232 232 
236 208 
232 224 
232 40 
236 264 
236 212 
248 208 
236 208 
236 220 
232 212 
240 220 
288 216 
232 208 
240 208 
232 212 
236 256 
232 208 
228 212 
240 208 
236 208 
236 208 
244 212 
232 208 
240 236 
236 212 
236 208 
232 216 
232 224 
232 204 
232 228 
240 232 
232 220 
232 236 
236 208 
356 212 
236 232 
240 204 
236 236 
236 248 
240 216 
232 212 
236 208 
232 208 
592 212 
232 236 
232 208 
236 216 
240 212 
232 204 
236 212 
236 208 
244 208 
240 448 
236 236 
236 208 
240 208 
236 208 
228 212 
240 244 
228 208 
216 268 
236 672 
236 208 
236 232 
232 208 
232 212 
232 212 
236 240 
232 204 
212 236 
236 232 
236 208 
236 216 
240 212 
236 296 
232 212 
236 208 
240 224 
240 220 
236 232 
236 208 
240 216 
228 208 
236 224 
232 204 
232 252 
232 208 
240 232 
232 204 
232 212 
236 212 
240 220 
232 204 
236 208 
236 236 
232 228 
232 208 
232 220 
236 208 
232 208 
244 208 
236 208 
232 284 
236 204 
236 212 
232 216 
240 212 
232 212 
232 212 
236 208 
236 216 
232 232 
256 208 
236 220 
240 216 
236 232 
236 232 
240 208 
236 208 
240 220 
228 212 
232 208 
232 212 
236 236 
240 216 
240 232 
232 208 
232 208 
228 232 
368 252 
232 212 
236 212 
240 240 
228 204 
232 208 
240 212 
232 208 
232 208 
600 208 
240 212 
240 212 
232 208 
240 212 
240 208 
232 232 
240 204 
212 208 
232 464 
236 208 
232 204 
236 240 
236 204 
232 208 
232 208 
244 208 
216 232 
240 700 
236 216 
232 208 
232 208 
232 212 
240 220 
232 208 
240 232 
212 204 
232 240 
236 212 
232 212 
244 236 
236 208 
228 208 
228 220 
236 212 
232 208 
240 208 
236 236 
236 248 
240 212 
232 216 
240 208 
232 212 
240 208 
240 216 
232 208 
232 204 
236 208 
232 208 
232 216 
232 208 
236 212 
236 236 
236 212 
232 212 
236 232 
236 216 
232 212 
236 240 
228 216 
232 208 
232 212 
232 212 
236 216 
240 208 
232 208 
236 204 
240 208 
240 204 
244 216 
232 204 
236 240 
240 212 
236 212 
228 208 
240 208 
236 208 
232 212 
236 212 
232 208 
232 208 
248 204 
236 220 
240 232 
236 212 
236 232 
396 204 
236 208 
240 216 
240 204 
240 212 
236 204 
232 212 
236 244 
240 236 
632 212 
236 208 
232 208 
236 212 
236 208 
232 208 
236 208 
232 208 
212 208 
252 464 
240 236 
236 220 
232 224 
236 212 
228 208 
240 212 
236 212 
208 212 
236 720 
236 208 
240 212 
240 208 
232 228 
44 40 
228 216 
236 212 
216 204 
228 284 
232 216 
240 232 
232 208 
236 244 
228 208 
232 232 
236 220 
228 212 
232 216 
240 232 
236 232 
236 204 
236 204 
232 212 
232 208 
232 208 
236 204 
232 208 
228 212 
232 216 
232 212 
240 324 
44 48 
236 212 
236 228 
240 216 
236 204 
240 208 
236 232 
236 232 
232 208 
232 208 
236 260 
240 216 
232 208 
232 216 
236 236 
236 232 
236 236 
228 208 
240 216 
236 208 
236 220 
232 236 
244 232 
340 212 
228 204 
228 216 
236 204 
216 212 
236 44 
232 204 
232 232 
240 236 
232 212 
232 208 
236 212 
232 208 
428 212 
232 212 
232 212 
232 208 
236 208 
240 204 
232 208 
236 208 
240 212 
644 208 
236 220 
232 208 
236 220 
232 252 
236 256 
236 212 
232 204 
216 208 
240 472 
256 224 
236 232 
236 220 
236 204 
236 216 
232 212 
240 236 
208 208 
232 712 
236 236 
240 236 
236 220 
240 208 
236 236 
232 208 
232 216 
208 216 
232 208 
232 204 
232 248 
236 204 
236 212 
232 208 
240 232 
232 208 
228 216 
232 204 
232 208 
232 236 
236 204 
236 208 
228 208 
232 208 
232 204 
236 212 
232 208 
232 236 
240 208 
240 216 
240 232 
236 208 
240 220 
232 260 
236 208 
236 240 
240 208 
232 208 
236 212 
232 212 
228 216 
236 204 
228 208 
236 212 
240 208 
232 204 
236 208 
240 208 
236 208 
236 236 
232 260 
228 216 
236 236 
236 208 
240 208 
236 204 
232 208 
232 236 
220 204 
240 208 
228 216 
232 208 
228 212 
232 208 
236 232 
236 216 
240 236 
444 204 
236 204 
228 216 
228 212 
236 256 
236 208 
232 208 
236 212 
232 208 
668 204 
236 260 
240 212 
228 204 
236 212 
236 208 
228 208 
236 216 
216 204 
236 492 
232 212 
228 208 
228 216 
232 208 
232 208 
232 208 
232 208 
212 212 
244 732 
232 204 
236 208 
232 224 
268 212 
240 228 
240 212 
232 208 
232 220 
232 208 
236 232 
232 208 
244 208 
232 208 
236 252 
240 216 
236 208 
240 264 
240 208 
228 212 
240 228 
232 212 
228 208 
232 212 
232 232 
236 208 
232 208 
228 208 
236 228 
236 232 
240 212 
236 208 
232 260 
232 212 
236 204 
240 220 
236 216 
264 204 
232 216 
240 216 
228 212 
232 208 
232 208 
232 204 
228 208 
236 232 
240 208 
240 204 
232 212 
232 208 
236 208 
236 208 
236 212 
232 236 
228 208 
236 212 
248 216 
240 216 
236 236 
232 208 
232 208 
236 208 
232 208 
232 212 
236 232 
232 212 
232 260 
232 220 
472 208 
240 240 
236 208 
232 212 
232 236 
236 212 
240 212 
232 208 
252 216 
680 204 
232 212 
232 216 
240 216 
232 204 
232 216 
232 232 
236 212 
208 208 
232 544 
236 212 
236 216 
232 204 
236 232 
244 208 
236 208 
228 204 
204 212 
232 212 
232 216 
236 220 
232 212 
244 212 
240 232 
232 216 
236 212 
268 208 
240 236 
240 224 
236 208 
232 204 
228 208 
240 208 
232 216 
236 220 
228 224 
240 216 
236 208 
236 236 
240 208 
236 216 
240 212 
232 204 
232 216 
128 40 
236 228 
232 208 
236 232 
232 208 
240 208 
240 220 
236 216 
232 208 
236 204 
236 288 
232 212 
236 208 
248 208 
236 232 
236 216 
228 212 
228 216 
228 208 
240 308 
228 208 
232 256 
228 208 
236 244 
236 208 
232 216 
232 208 
240 252 
244 212 
48 44 
228 208 
228 208 
236 212 
240 228 
232 248 
236 232 
228 208 
236 208 
232 244 
240 212 
236 208 
236 220 
488 224 
240 236 
232 208 
236 400 
232 208 
232 212 
240 208 
232 204 
232 208 
716 216 
236 248 
236 212 
236 240 
240 232 
236 208 
240 232 
240 208 
212 232 
240 528 
236 212 
236 264 
268 208 
236 268 
228 204 
228 212 
236 232 
212 244 
236 220 
232 212 
232 208 
240 232 
236 276 
240 204 
232 208 
228 220 
232 212 
236 208 
228 208 
232 204 
244 216 
232 220 
240 208 
228 232 
232 208 
240 216 
236 204 
228 204 
232 212 
240 236 
228 212 
236 208 
232 212 
260 212 
236 208 
236 216 
236 212 
232 216 
232 208 
232 208 
236 212 
240 212 
228 236 
232 212 
232 212 
232 212 
236 208 
232 228 
236 232 
240 208 
232 208 
232 232 
240 216 
236 220 
236 204 
236 244 
236 236 
236 236 
236 208 
236 232 
232 216 
236 212 
236 260 
232 208 
232 204 
236 240 
232 208 
276 220 
232 220 
232 208 
236 232 
236 204 
236 228 
236 208 
228 212 
232 236 
468 216 
236 236 
236 208 
232 212 
236 208 
256 208 
240 204 
240 216 
236 208 
752 220 
236 212 
232 216 
240 208 
232 232 
236 232 
232 208 
232 248 
212 208 
232 576 
232 208 
236 208 
236 216 
240 208 
240 208 
232 208 
236 236 
216 208 
232 212 
236 212 
236 212 
236 232 
236 212 
232 204 
232 208 
240 232 
236 216 
236 216 
232 212 
232 212 
236 232 
236 208 
236 328 
228 208 
240 212 
232 212 
268 204 
240 232 
232 204 
232 228 
240 236 
236 220 
232 212 
244 208 
240 236 
232 212 
240 220 
236 208 
240 236 
232 212 
244 236 
232 236 
228 212 
244 204 
236 260 
236 236 
232 212 
232 208 
232 208 
232 208 
236 220 
232 212 
232 212 
232 216 
236 208 
232 208 
240 236 
232 292 
240 228 
232 212 
236 232 
228 204 
232 204 
236 212 
236 208 
228 208 
236 216 
292 300 
236 220 
232 212 
240 208 
228 212 
232 208 
240 208 
236 232 
228 216 
528 208 
236 208 
244 236 
240 208 
232 208 
232 212 
232 232 
232 208 
232 212 
728 208 
236 208 
232 248 
240 236 
236 212 
236 208 
240 208 
236 216 
208 208 
240 596 
232 208 
228 208 
232 228 
232 208 
236 204 
232 212 
232 216 
212 216 
232 216 
232 208 
236 208 
236 212 
228 212 
232 208 
236 228 
244 212 
236 208 
236 208 
228 208 
228 212 
236 232 
232 208 
232 208 
240 228 
244 208 
228 216 
244 240 
232 204 
232 208 
232 208 
232 212 
228 236 
232 208 
240 212 
232 264 
236 204 
232 204 
240 212 
244 212 
232 92 
52 44 
240 236 
232 208 
228 208 
232 204 
232 224 
232 208 
236 212 
236 204 
240 208 
244 208 
232 208 
232 208 
232 212 
232 256 
236 232 
236 208 
232 208 
236 228 
240 212 
232 212 
236 212 
232 212 
232 228 
236 236 
228 208 
232 208 
312 208 
240 212 
40 48 
236 236 
228 208 
236 252 
228 212 
232 264 
236 212 
524 204 
232 208 
240 232 
236 236 
236 204 
232 224 
232 208 
232 268 
236 216 
240 380 
240 216 
252 204 
236 204 
236 212 
236 208 
232 212 
240 204 
212 224 
232 652 
236 216 
228 216 
240 220 
236 232 
232 208 
244 208 
236 236 
212 204 
240 204 
236 208 
236 224 
236 208 
232 208 
244 232 
232 216 
228 208 
236 208 
232 212 
240 252 
240 208 
240 216 
232 216 
236 208 
236 220 
240 220 
240 204 
232 208 
232 204 
236 232 
236 244 
232 208 
228 208 
232 228 
232 208 
236 256 
232 236 
240 208 
236 208 
236 312 
240 216 
232 212 
236 208 
232 204 
240 204 
228 204 
232 208 
240 216 
232 208 
240 208 
236 216 
236 232 
236 208 
236 204 
236 208 
236 216 
236 216 
232 244 
236 204 
232 212 
232 208 
240 204 
236 212 
228 216 
232 204 
240 212 
236 212 
240 208 
332 236 
240 236 
236 208 
236 208 
240 212 
236 204 
236 240 
252 212 
232 236 
564 212 
236 256 
240 216 
232 216 
236 216 
236 236 
228 204 
232 208 
232 204 
236 372 
232 248 
236 220 
240 216 
232 212 
236 232 
236 220 
236 208 
212 212 
232 632 
228 208 
232 208 
232 216 
236 204 
232 208 
232 232 
236 236 
224 208 
232 208 
232 232 
256 208 
240 236 
244 236 
244 208 
236 212 
236 216 
232 216 
240 212 
236 216 
232 212 
236 236 
244 216 
236 208 
232 212 
240 208 
236 208 
232 212 
240 208 
240 208 
236 252 
236 264 
244 208 
232 220 
240 208 
232 208 
232 216 
232 212 
236 208 
236 216 
232 208 
228 212 
232 248 
236 208 
236 268 
256 208 
240 208 
236 216 
232 208 
236 208 
232 216 
232 208 
236 204 
236 208 
232 212 
240 244 
244 208 
236 208 
236 208 
236 212 
232 208 
232 208 
240 212 
232 208 
236 232 
228 212 
236 264 
232 208 
336 204 
232 244 
236 236 
392 204 
236 208 
232 212 
236 216 
240 208 
240 208 
564 212 
236 212 
240 208 
232 212 
240 224 
228 208 
228 220 
232 236 
236 212 
236 428 
240 208 
232 208 
228 212 
236 204 
244 244 
232 208 
236 204 
212 212 
240 592 
240 208 
228 212 
248 212 
240 216 
236 232 
240 208 
232 208 
212 212 
240 208 
228 208 
232 212 
240 216 
236 212 
232 272 
232 212 
236 216 
236 212 
232 212 
232 212 
236 236 
236 216 
244 216 
232 208 
236 240 
236 204 
232 208 
232 208 
240 216 
232 236 
240 208 
236 240 
236 244 
236 208 
240 204 
236 212 
236 264 
240 236 
236 224 
232 204 
240 224 
232 204 
240 212 
232 208 
236 232 
236 208 
232 236 
236 232 
240 228 
232 208 
240 204 
228 216 
232 208 
232 204 
236 228 
236 236 
240 236 
236 212 
232 212 
240 204 
236 208 
236 236 
244 208 
232 216 
240 256 
240 208 
236 40 
236 208 
376 208 
244 204 
236 260 
240 212 
240 232 
228 208 
232 216 
232 208 
232 208 
596 216 
232 224 
236 208 
236 232 
228 216 
240 232 
240 204 
232 220 
52 44 
232 468 
232 236 
232 212 
232 212 
236 212 
240 216 
240 208 
232 216 
208 204 
236 656 
236 212 
232 212 
232 256 
240 236 
240 208 
240 212 
236 204 
212 80 
232 208 
240 204 
264 216 
240 224 
240 216 
240 216 
232 212 
232 232 
240 212 
236 228 
240 232 
228 212 
240 264 
232 224 
236 224 
232 216 
240 244 
236 216 
232 212 
228 216 
240 208 
240 212 
236 208 
236 208 
232 208 
232 208 
236 204 
232 216 
240 208 
236 212 
232 208 
232 204 
244 220 
236 204 
240 220 
232 232 
236 220 
236 228 
236 212 
236 232 
236 208 
236 212 
236 212 
240 236 
240 208 
232 228 
236 232 
240 208 
232 204 
232 212 
236 248 
240 208 
240 220 
236 260 
232 208 
232 208 
236 208 
236 252 
240 236 
392 232 
232 208 
232 208 
236 208 
232 216 
240 220 
244 208 
236 236 
236 208 
608 336 
228 204 
232 236 
232 236 
236 264 
236 232 
236 236 
236 212 
216 228 
236 460 
236 216 
240 216 
232 248 
232 208 
236 204 
228 220 
232 244 
216 212 
232 676 
240 208 
232 224 
236 208 
236 208 
240 208 
236 228 
240 208 
208 204 
252 208 
232 208 
236 208 
236 228 
236 216 
236 208 
240 232 
236 216 
228 212 
228 208 
236 236 
232 208 
236 244 
236 212 
240 216 
232 208 
232 212 
232 208 
232 212 
236 208 
228 220 
328 204 
232 240 
244 240 
236 208 
232 228 
236 208 
232 208 
232 208 
236 236 
236 208 
240 212 
248 212 
232 212 
232 208 
240 204 
236 228 
236 204 
228 212 
248 248 
236 204 
232 204 
236 244 
236 208 
236 208 
236 232 
232 204 
228 208 
228 212 
236 236 
240 208 
236 208 
228 212 
236 208 
232 216 
240 212 
236 208 
236 204 
240 208 
400 208 
236 232 
240 204 
232 212 
228 208 
236 204 
232 212 
236 208 
240 244 
652 208 
236 208 
236 236 
240 212 
236 204 
236 208 
240 228 
240 236 
216 260 
236 500 
232 208 
232 240 
236 236 
236 212 
236 220 
236 208 
236 240 
216 212 
236 720 
236 208 
228 216 
236 232 
232 204 
232 220 
236 208 
228 208 
220 212 
232 208 
232 212 
240 232 
236 208 
232 208 
232 208 
236 232 
236 204 
232 208 
236 204 
240 236 
236 228 
232 208 
232 208 
240 276 
232 228 
236 212 
236 204 
236 228 
240 208 
232 204 
240 232 
236 236 
236 236 
232 216 
236 220 
236 212 
232 204 
240 208 
232 212 
240 232 
240 244 
240 208 
232 204 
232 208 
236 232 
232 212 
240 208 
232 204 
232 208 
236 216 
240 204 
232 208 
240 212 
244 224 
240 204 
236 212 
236 80 
228 232 
232 208 
220 204 
232 232 
232 208 
236 212 
236 216 
236 216 
232 204 
240 216 
240 208 
420 204 
256 232 
236 208 
232 204 
232 208 
236 208 
232 212 
240 236 
232 208 
640 208 
236 216 
232 232 
232 208 
244 232 
236 212 
240 236 
236 208 
208 212 
44 44 
228 212 
232 236 
236 216 
236 208 
228 236 
236 212 
232 204 
216 208 
232 208 
236 208 
236 264 
232 212 
232 212 
232 212 
240 216 
240 232 
224 208 
232 208 
236 208 
232 208 
232 208 
232 212 
232 212 
256 208 
228 212 
236 212 
240 236 
240 212 
240 44 
268 212 
240 232 
228 212 
240 208 
236 236 
236 216 
236 212 
236 204 
232 216 
240 228 
240 232 
232 216 
232 204 
240 212 
240 208 
232 236 
232 236 
240 208 
236 228 
236 212 
232 208 
232 224 
236 216 
240 252 
240 224 
232 208 
232 244 
240 216 
232 208 
232 208 
236 236 
240 212 
232 208 
232 208 
236 236 
232 212 
232 208 
236 264 
208 212 
236 236 
232 208 
236 232 
240 208 
252 212 
240 232 
236 204 
232 208 
392 204 
232 208 
232 212 
236 212 
232 204 
232 208 
236 216 
232 232 
232 236 
700 204 
236 232 
236 204 
228 208 
240 212 
236 204 
236 236 
232 208 
208 212 
228 508 
236 236 
228 216 
232 252 
232 212 
236 212 
240 232 
244 208 
216 208 
232 208 
240 208 
236 220 
240 232 
240 208 
236 216 
240 204 
240 236 
220 208 
232 236 
232 232 
228 208 
236 204 
236 256 
232 208 
232 204 
236 212 
236 212 
228 208 
228 212 
228 208 
240 232 
232 212 
236 232 
236 208 
236 220 
240 236 
228 216 
236 216 
228 216 
240 232 
236 208 
232 216 
240 232 
240 216 
236 204 
236 324 
236 220 
232 212 
232 208 
236 208 
240 208 
228 208 
248 208 
244 256 
240 216 
228 212 
240 232 
244 208 
232 212 
232 212 
236 232 
232 208 
236 208 
228 208 
228 208 
236 256 
232 204 
236 212 
228 204 
232 208 
240 264 
236 212 
236 216 
252 208 
236 240 
228 204 
240 212 
464 236 
232 212 
232 204 
236 220 
240 212 
236 212 
232 212 
232 208 
232 216 
688 212 
236 224 
244 208 
240 232 
232 208 
236 212 
236 232 
236 208 
216 244 
236 544 
232 208 
236 232 
240 216 
232 208 
236 232 
264 220 
240 208 
212 208 
216 212 
0 0 
196 192 
228 228 
228 232 
240 232 
208 192 
244 240 
0 0 
0 0 
0 0 
0 0 
236 216 
232 208 
272 208 
316 208 
236 208 
232 208 
240 212 
236 212 
232 236 
236 208 
236 252 
240 208 
232 220 
236 220 
236 264 
240 212 
232 268 
236 216 
236 212 
228 212 
240 212 
232 232 
236 208 
232 236 
240 232 
228 208 
236 208 
240 236 
240 216 
228 208 
232 216 
232 212 
232 232 
236 236 
232 208 
240 208 
236 204 
236 232 
236 208 
232 208 
232 208 
232 216 
232 208 
236 204 
240 208 
232 208 
232 208 
236 212 
232 212 
236 232 
236 204 
236 236 
236 236 
236 212 
236 232 
232 208 
492 208 
232 208 
228 208 
228 204 
228 208 
236 208 
240 248 
236 232 
48 40 
704 232 
240 296 
236 252 
240 204 
240 204 
236 224 
232 236 
236 208 
208 216 
236 520 
232 212 
236 212 
240 216 
236 212 
240 208 
236 208 
236 212 
212 204 
240 212 
236 212 
236 228 
236 216 
232 216 
236 208 
232 212 
236 208 
228 212 
236 208 
48 48 
232 248 
240 232 
256 212 
236 204 
240 224 
232 208 
232 260 
236 212 
236 204 
236 248 
236 224 
236 216 
236 224 
236 208 
236 232 
232 208 
240 232 
240 236 
236 220 
240 256 
236 220 
236 232 
236 208 
236 236 
236 232 
236 208 
236 208 
232 48 
232 208 
232 204 
236 204 
236 216 
232 232 
236 208 
236 208 
236 212 
244 208 
232 216 
236 204 
240 212 
232 244 
232 216 
240 216 
236 236 
240 204 
240 232 
232 212 
232 208 
268 236 
232 208 
236 260 
236 224 
240 208 
240 216 
232 212 
236 212 
236 212 
496 204 
232 236 
240 208 
236 208 
236 232 
236 208 
236 224 
236 212 
232 204 
720 204 
236 208 
232 228 
236 232 
240 220 
240 244 
236 212 
232 212 
212 232 
240 568 
232 208 
236 208 
236 208 
232 212 
232 216 
228 208 
228 208 
288 236 
232 228 
236 216 
236 220 
236 212 
232 236 
236 208 
232 212 
240 212 
236 208 
232 216 
232 220 
284 208 
232 204 
264 212 
240 236 
232 208 
236 208 
236 240 
228 232 
232 208 
236 208 
240 208 
236 260 
240 212 
236 236 
236 216 
232 212 
232 204 
232 208 
264 212 
236 208 
236 216 
292 208 
240 212 
240 236 
240 212 
232 232 
232 204 
236 204 
232 216 
228 208 
228 212 
236 204 
232 248 
244 208 
236 208 
232 204 
232 212 
240 208 
228 212 
240 212 
240 232 
240 208 
236 208 
236 212 
236 216 
240 232 
292 216 
236 236 
264 220 
236 208 
236 208 
232 204 
240 224 
232 208 
232 204 
236 220 
228 216 
508 208 
240 208 
232 212 
240 236 
236 208 
236 216 
236 208 
236 220 
232 208 
748 212 
232 216 
236 236 
240 216 
236 208 
232 204 
236 232 
252 208 
212 236 
228 588 
240 208 
236 208 
240 208 
240 216 
240 208 
236 228 
236 212 
212 208 
244 216 
240 208 
228 208 
232 208 
232 240 
240 212 
232 212 
232 212 
240 280 
240 208 
232 216 
236 232 
236 208 
232 212 
240 204 
232 204 
232 228 
240 232 
228 212 
232 248 
236 212 
240 212 
228 204 
232 208 
232 212 
232 228 
236 216 
236 236 
236 216 
240 208 
236 208 
232 216 
236 212 
236 216 
232 216 
232 208 
236 208 
248 208 
236 212 
236 212 
232 208 
232 208 
236 236 
236 212 
236 212 
232 208 
232 208 
232 232 
240 216 
244 212 
232 204 
236 204 
232 232 
232 212 
236 212 
240 212 
236 232 
228 212 
232 208 
304 208 
236 236 
236 232 
236 216 
236 220 
240 208 
236 252 
240 204 
232 212 
540 264 
236 228 
236 216 
240 208 
232 204 
232 212 
240 204 
236 204 
236 208 
232 376 
228 208 
232 208 
228 204 
240 208 
236 236 
236 212 
48 232 
208 240 
240 624 
236 208 
236 212 
232 216 
228 208 
228 208 
236 208 
240 220 
212 232 
240 212 
232 208 
232 220 
240 256 
236 208 
240 228 
228 208 
48 48 
236 212 
240 212 
236 232 
232 208 
236 208 
236 212 
232 212 
232 224 
232 212 
236 208 
236 236 
236 208 
240 216 
236 208 
236 288 
236 236 
236 212 
240 208 
240 236 
236 212 
236 208 
232 228 
232 232 
236 216 
240 224 
232 208 
232 220 
236 40 
236 208 
240 212 
240 208 
232 208 
240 212 
232 208 
276 212 
236 220 
248 232 
232 216 
236 256 
232 208 
236 212 
232 216 
244 216 
236 208 
236 340 
236 216 
228 208 
232 208 
232 212 
232 216 
236 216 
324 236 
228 204 
228 208 
240 204 
232 212 
232 232 
232 208 
236 216 
228 212 
580 236 
236 232 
236 224 
240 212 
236 208 
240 208 
236 256 
236 212 
232 204 
232 396 
228 208 
232 216 
228 208 
236 212 
244 236 
240 204 
232 208 
216 236 
236 608 
236 208 
232 208 
236 232 
256 220 
232 208 
236 232 
236 208 
216 208 
236 232 
240 212 
236 216 
236 232 
240 208 
240 208 
236 256 
240 208 
232 216 
228 212 
236 208 
228 204 
256 208 
240 252 
232 228 
240 236 
236 208 
240 208 
236 208 
236 204 
236 244 
236 224 
236 232 
240 208 
236 212 
232 212 
244 220 
244 208 
232 212 
240 232 
236 212 
240 236 
240 212 
228 212 
228 212 
232 236 
232 208 
236 208 
244 208 
232 208 
232 208 
236 232 
236 212 
236 208 
232 212 
240 216 
236 208 
232 204 
244 208 
236 232 
232 220 
236 204 
236 228 
232 204 
236 208 
236 216 
228 228 
236 220 
236 224 
352 208 
232 212 
240 264 
232 236 
228 208 
236 236 
232 212 
236 220 
236 216 
592 204 
232 208 
232 264 
236 216 
240 208 
244 264 
236 204 
232 216 
232 208 
240 412 
236 216 
244 208 
240 208 
232 204 
240 236 
236 208 
232 208 
212 256 
228 636 
236 232 
240 208 
236 232 
236 308 
232 212 
244 208 
232 208 
216 220 
240 208 
236 212 
280 212 
236 216 
236 216 
236 208 
236 208 
240 212 
240 216 
240 208 
232 212 
232 204 
232 212 
228 240 
236 216 
232 212 
232 212 
236 216 
236 208 
236 208 
240 212 
236 208 
232 204 
232 208 
240 208 
236 204 
240 232 
236 232 
232 220 
232 208 
236 232 
236 224 
236 208 
232 208 
232 216 
232 208 
232 216 
232 208 
232 212 
240 228 
236 216 
232 204 
228 208 
240 208 
236 208 
240 208 
236 220 
236 204 
236 208 
236 208 
236 216 
228 264 
236 236 
232 208 
236 212 
236 264 
236 208 
232 236 
240 208 
364 244 
236 212 
240 216 
236 208 
244 232 
228 204 
232 208 
236 216 
236 236 
604 204 
236 208 
236 232 
240 208 
236 212 
228 204 
232 220 
232 212 
220 208 
236 400 
236 212 
40 40 
232 216 
236 232 
240 216 
264 216 
236 232 
208 208 
232 664 
252 208 
236 208 
232 236 
232 208 
236 224 
244 212 
236 216 
208 204 
232 212 
236 256 
236 212 
232 228 
232 232 
240 208 
232 216 
240 212 
232 216 
236 236 
240 208 
236 208 
236 208 
48 44 
236 236 
236 208 
236 208 
236 232 
232 212 
232 256 
236 212 
236 208 
232 232 
228 208 
256 220 
240 208 
232 208 
240 208 
240 212 
236 212 
236 208 
236 212 
232 208 
244 220 
236 216 
232 216 
232 216 
232 212 
232 220 
240 208 
240 216 
236 212 
244 48 
240 208 
240 208 
236 232 
240 204 
232 216 
232 216 
232 204 
240 232 
236 224 
232 220 
232 208 
232 212 
236 232 
240 220 
232 212 
236 208 
364 204 
244 208 
240 208 
232 208 
232 220 
236 208 
232 212 
240 208 
236 216 
596 204 
232 208 
232 212 
236 216 
232 216 
232 208 
236 256 
244 208 
216 208 
232 480 
232 212 
228 212 
236 212 
240 204 
228 208 
236 216 
232 204 
216 212 
232 688 
236 236 
232 216 
228 212 
236 216 
232 220 
236 236 
244 208 
212 204 
236 236 
236 228 
236 212 
232 220 
236 216 
232 208 
236 212 
228 212 
236 232 
240 224 
364 208 
240 236 
232 220 
232 212 
232 208 
240 260 
240 212 
236 236 
236 204 
228 216 
292 240 
236 208 
252 212 
240 208 
236 236 
232 208 
236 216 
236 232 
236 208 
232 208 
240 208 
236 204 
236 204 
236 216 
232 204 
228 208 
232 204 
232 208 
236 232 
232 228 
236 208 
232 208 
236 228 
240 208 
240 208 
240 228 
240 224 
232 208 
240 212 
232 208 
236 208 
232 208 
236 256 
232 208 
232 240 
236 208 
236 236 
228 204 
228 208 
412 216 
232 208 
232 212 
232 204 
236 212 
236 208 
232 204 
236 204 
232 216 
652 204 
240 208 
228 208 
240 212 
236 228 
236 212 
240 208 
232 204 
212 216 
240 476 
232 208 
236 208 
236 212 
236 212 
236 212 
240 224 
236 208 
212 208 
232 688 
240 232 
232 208 
232 220 
240 236 
236 216 
232 220 
240 208 
208 232 
236 204 
232 236 
236 208 
240 208 
240 208 
228 208 
232 208 
232 228 
232 216 
240 224 
228 204 
236 232 
240 208 
232 208 
236 228 
240 232 
228 208 
240 216 
228 208 
236 204 
236 208 
240 232 
236 216 
232 212 
236 248 
236 208 
236 232 
236 212 
232 208 
232 204 
232 244 
232 208 
232 208 
240 232 
232 212 
236 216 
232 212 
228 208 
232 204 
240 216 
236 232 
236 208 
232 216 
236 220 
232 212 
236 208 
236 228 
236 220 
232 204 
236 232 
220 216 
240 208 
232 208 
244 268 
240 208 
240 208 
232 212 
236 236 
236 208 
400 236 
232 252 
236 216 
236 236 
296 208 
236 216 
232 208 
232 212 
232 208 
644 208 
228 208 
236 208 
232 216 
236 228 
240 212 
236 236 
284 224 
212 208 
236 492 
236 264 
236 208 
228 212 
236 232 
236 216 
240 208 
228 204 
216 220 
232 740 
240 240 
236 232 
240 204 
236 208 
240 216 
232 208 
236 236 
212 208 
232 212 
236 208 
228 216 
236 232 
232 212 
44 44 
236 208 
232 212 
240 236 
240 204 
232 204 
232 208 
240 208 
232 208 
236 232 
240 204 
236 216 
236 208 
232 212 
232 208 
236 204 
232 204 
240 212 
236 212 
232 208 
236 244 
228 208 
236 244 
240 240 
232 236 
244 212 
236 208 
44 40 
228 208 
232 204 
236 212 
232 208 
240 232 
240 220 
240 216 
232 252 
240 236 
232 208 
236 208 
248 208 
228 208 
236 232 
240 216 
232 204 
232 228 
204 216 
236 232 
240 212 
236 204 
232 208 
240 232 
240 236 
240 236 
240 216 
432 204 
232 256 
240 256 
240 216 
232 204 
236 208 
232 216 
232 216 
228 208 
656 208 
232 212 
236 264 
240 244 
232 208 
240 212 
236 232 
236 216 
216 208 
232 552 
244 208 
236 232 
260 208 
236 220 
232 208 
232 208 
240 216 
216 220 
240 232 
240 204 
232 208 
236 236 
236 208 
240 208 
236 208 
232 204 
240 236 
236 236 
240 236 
236 216 
236 208 
328 216 
240 208 
228 208 
240 204 
228 220 
232 204 
236 212 
228 208 
232 216 
240 208 
240 252 
264 212 
240 216 
236 220 
236 232 
232 212 
240 232 
240 232 
236 204 
236 232 
228 208 
228 208 
228 208 
244 220 
236 212 
232 204 
244 212 
240 204 
232 208 
232 208 
228 208 
240 232 
236 208 
240 220 
236 208 
236 204 
236 228 
236 220 
240 208 
240 236 
228 204 
276 212 
236 216 
236 208 
232 208 
240 216 
224 212 
240 232 
236 220 
236 204 
236 212 
236 236 
236 208 
232 204 
240 212 
452 208 
232 216 
352 228 
236 236 
236 208 
284 208 
232 208 
236 232 
240 204 
692 260 
236 204 
232 228 
264 208 
236 208 
232 232 
232 220 
240 232 
436 232 
240 528 
244 216 
232 208 
232 216 
236 232 
240 220 
236 216 
240 208 
216 216 
232 208 
232 208 
236 236 
236 208 
240 208 
236 208 
240 228 
236 236 
240 236 
232 212 
232 212 
232 236 
236 208 
232 208 
236 236 
232 208 
236 232 
240 204 
236 204 
232 216 
232 228 
232 208 
232 204 
236 208 
236 208 
236 248 
240 208 
228 324 
232 204 
244 208 
232 240 
240 216 
228 204 
232 212 
240 228 
240 212 
236 236 
244 236 
236 216 
240 208 
236 208 
232 212 
236 236 
232 264 
232 208 
236 212 
236 236 
240 212 
236 216 
236 208 
236 260 
248 212 
236 224 
232 208 
236 232 
240 208 
236 208 
228 212 
232 232 
232 212 
232 228 
232 240 
232 216 
228 212 
240 208 
232 208 
236 252 
236 216 
492 232 
236 212 
240 208 
232 256 
236 212 
236 232 
240 212 
236 212 
236 204 
700 212 
244 236 
232 232 
232 208 
236 212 
232 208 
228 212 
236 240 
216 236 
236 504 
236 236 
232 212 
236 212 
232 212 
240 216 
232 212 
228 208 
212 212 
240 236 
232 208 
236 208 
236 208 
228 212 
236 220 
236 216 
232 208 
240 204 
232 212 
232 204 
236 236 
44 44 
232 208 
228 204 
228 212 
236 236 
236 216 
244 208 
236 208 
228 228 
236 224 
236 212 
236 208 
240 232 
232 204 
232 208 
232 212 
232 212 
232 232 
228 204 
236 232 
232 228 
236 212 
232 212 
236 232 
240 208 
232 208 
240 212 
236 252 
228 188 
44 212 
236 208 
236 236 
240 220 
232 208 
240 216 
232 260 
236 220 
236 208 
236 212 
236 220 
232 208 
232 204 
228 208 
232 216 
232 212 
240 208 
236 204 
268 208 
236 232 
236 208 
232 204 
240 216 
272 208 
232 208 
240 212 
236 220 
460 204 
236 208 
240 232 
236 44 
236 232 
236 212 
240 212 
232 212 
232 208 
744 208 
236 248 
232 228 
232 212 
236 244 
232 216 
236 204 
232 208 
288 220 
240 552 
240 236 
228 208 
236 204 
232 216 
232 208 
236 236 
236 232 
212 208 
236 216 
236 228 
232 236 
240 212 
236 216 
240 216 
232 208 
240 208 
240 204 
232 212 
236 212 
236 208 
240 208 
236 204 
232 212 
236 232 
240 216 
232 224 
236 208 
236 216 
240 204 
236 208 
232 208 
240 208 
232 208 
232 204 
240 208 
232 204 
328 236 
232 208 
240 216 
236 204 
236 204 
236 212 
236 236 
244 236 
240 236 
240 208 
232 208 
236 216 
236 212 
232 208 
232 208 
236 212 
232 208 
236 208 
240 216 
232 208 
240 208 
236 212 
236 212 
236 220 
232 204 
232 220 
232 208 
232 216 
240 208 
232 208 
236 212 
260 212 
228 212 
236 208 
240 232 
236 216 
228 212 
228 212 
232 260 
240 248 
516 216 
232 204 
232 208 
232 208 
296 216 
236 208 
232 204 
236 212 
236 212 
232 384 
244 208 
236 208 
240 232 
236 208 
232 212 
244 208 
228 208 
212 216 
236 580 
236 212 
236 204 
236 204 
272 208 
240 232 
240 216 
236 208 
212 212 
236 236 
232 204 
240 224 
236 208 
232 208 
240 208 
240 208 
232 216 
232 212 
240 240 
236 224 
236 216 
232 208 
232 208 
228 208 
236 216 
236 220 
228 208 
232 212 
236 216 
236 216 
232 224 
236 252 
236 208 
236 212 
236 216 
236 208 
228 204 
240 216 
232 212 
232 208 
232 208 
236 212 
240 212 
236 212 
232 208 
244 216 
244 332 
228 216 
236 224 
232 204 
228 240 
236 216 
240 208 
236 208 
232 208 
232 220 
232 232 
240 208 
236 232 
228 320 
236 216 
236 208 
232 224 
232 248 
244 208 
236 232 
236 224 
240 232 
312 232 
244 208 
236 224 
232 216 
232 208 
228 212 
232 216 
240 220 
240 208 
528 208 
232 212 
232 208 
236 248 
264 240 
240 240 
232 212 
228 204 
236 220 
236 400 
232 260 
240 228 
240 236 
228 208 
232 208 
232 208 
240 204 
216 216 
236 492 
228 204 
232 208 
236 208 
240 232 
236 212 
236 212 
240 212 
212 236 
240 212 
236 212 
236 212 
236 212 
236 232 
240 212 
228 208 
236 236 
248 224 
232 216 
236 208 
228 208 
240 236 
244 208 
236 236 
240 208 
228 208 
232 204 
232 228 
240 236 
232 208 
232 212 
232 204 
240 208 
232 212 
236 240 
236 208 
240 208 
48 44 
232 212 
232 228 
240 208 
232 208 
236 208 
228 224 
228 212 
240 212 
232 224 
232 212 
236 232 
232 208 
240 208 
240 212 
236 236 
236 208 
232 224 
236 208 
240 216 
240 228 
240 208 
232 208 
232 208 
228 212 
236 220 
236 208 
384 208 
236 44 
232 40 
232 232 
316 216 
236 220 
236 208 
232 204 
236 208 
236 228 
236 208 
228 272 
232 212 
568 212 
232 260 
240 208 
236 208 
236 240 
228 216 
228 216 
252 208 
232 48 
232 384 
240 212 
236 212 
236 204 
228 212 
236 236 
240 204 
236 204 
216 220 
232 664 
240 216 
232 216 
240 208 
232 208 
236 208 
236 232 
232 212 
220 212 
236 216 
232 212 
240 212 
228 208 
236 204 
232 208 
228 208 
240 212 
232 208 
232 212 
240 224 
236 208 
232 216 
236 232 
236 208 
232 208 
236 220 
236 240 
228 224 
228 208 
240 212 
240 220 
228 212 
452 216 
240 260 
236 216 
232 212 
236 208 
236 224 
240 212 
236 236 
236 236 
240 240 
240 208 
232 232 
236 232 
236 208 
232 208 
236 208 
232 204 
232 216 
236 228 
232 208 
240 208 
228 208 
240 208 
236 236 
244 240 
228 212 
244 208 
232 212 
232 228 
236 212 
232 208 
236 216 
236 204 
240 216 
232 236 
232 228 
348 208 
236 236 
232 216 
236 204 
236 212 
236 212 
232 232 
240 204 
236 208 
572 216 
236 220 
240 208 
232 212 
240 236 
236 208 
240 208 
232 212 
236 236 
232 384 
236 236 
240 208 
240 216 
236 212 
236 236 
236 236 
240 232 
216 208 
240 564 
232 224 
232 252 
240 212 
232 204 
232 212 
232 228 
236 212 
212 212 
232 204 
236 256 
232 216 
240 216 
228 208 
240 220 
236 208 
232 212 
240 236 
236 312 
232 204 
236 212 
236 232 
236 208 
232 212 
232 252 
240 232 
240 264 
456 208 
240 208 
228 208 
232 212 
232 208 
228 224 
228 212 
236 232 
232 204 
232 208 
236 232 
236 228 
236 232 
236 208 
232 216 
236 208 
236 208 
240 232 
240 216 
236 224 
236 212 
236 216 
232 260 
240 212 
236 236 
240 312 
236 216 
232 204 
236 212 
228 208 
240 212 
236 248 
232 208 
232 212 
236 232 
240 224 
232 208 
236 216 
232 212 
232 208 
232 244 
364 204 
236 216 
236 208 
232 208 
236 232 
240 216 
240 212 
232 212 
240 252 
572 208 
236 208 
236 212 
236 216 
236 216 
236 204 
236 232 
240 268 
232 212 
240 420 
232 212 
236 216 
228 212 
232 216 
240 232 
232 232 
236 248 
212 204 
232 644 
228 208 
236 208 
236 208 
228 212 
232 208 
236 316 
236 208 
208 204 
232 212 
232 208 
228 212 
232 212 
236 228 
232 208 
236 212 
232 208 
232 204 
232 208 
232 320 
228 212 
236 216 
232 208 
236 236 
232 220 
232 208 
232 208 
228 208 
236 204 
240 208 
232 236 
244 236 
232 228 
232 212 
232 224 
232 204 
232 228 
236 212 
240 208 
232 212 
232 212 
236 260 
236 212 
232 204 
232 208 
232 208 
236 260 
240 208 
236 232 
236 212 
236 240 
232 208 
232 208 
236 208 
48 44 
232 244 
236 216 
240 208 
232 208 
240 224 
236 220 
240 208 
236 236 
236 208 
240 212 
228 212 
232 212 
240 232 
364 212 
236 204 
228 208 
236 208 
232 212 
276 212 
240 212 
232 208 
236 212 
620 236 
232 212 
236 260 
236 216 
232 236 
44 40 
240 208 
236 208 
216 260 
244 420 
232 212 
236 248 
240 208 
232 212 
236 236 
232 208 
232 204 
212 212 
236 696 
236 224 
236 232 
236 208 
240 204 
232 212 
232 248 
240 264 
216 212 
236 228 
232 240 
232 208 
232 208 
236 236 
228 208 
236 44 
244 216 
240 212 
236 208 
232 208 
232 208 
236 236 
236 236 
232 208 
236 224 
228 204 
240 236 
232 224 
240 252 
244 208 
240 232 
240 216 
240 212 
236 216 
240 204 
228 216 
232 208 
240 240 
236 220 
232 204 
236 232 
296 236 
240 236 
236 208 
240 208 
236 252 
236 204 
324 196 
0 0 
0 0 
232 232 
236 208 
232 252 
240 216 
228 208 
240 596 
236 216 
232 212 
232 208 
232 212 
236 204 
232 208 
236 208 
232 208 
236 216 
236 208 
232 208 
240 232 
400 216 
236 212 
236 224 
232 208 
240 204 
236 204 
232 208 
232 224 
232 208 
660 212 
236 232 
236 212 
236 208 
240 216 
232 208 
244 216 
240 216 
208 204 
240 444 
232 208 
252 208 
340 212 
232 208 
228 212 
232 232 
228 204 
208 208 
240 720 
228 212 
240 224 
232 208 
236 208 
240 208 
244 212 
232 232 
212 208 
240 208 
228 204 
232 220 
236 208 
228 264 
232 208 
244 208 
232 208 
240 216 
236 236 
232 212 
240 212 
236 212 
236 236 
236 252 
236 220 
236 220 
232 204 
240 208 
236 232 
244 232 
228 216 
232 208 
236 212 
236 288 
264 212 
232 212 
236 212 
236 208 
236 236 
236 204 
232 204 
236 240 
236 224 
228 548 
240 212 
236 236 
232 224 
232 212 
240 216 
232 208 
244 208 
232 240 
240 212 
240 212 
240 236 
236 204 
240 208 
232 208 
240 216 
216 208 
236 236 
240 208 
232 212 
232 204 
236 228 
236 208 
244 212 
240 208 
440 204 
236 216 
232 216 
236 216 
236 208 
232 204 
236 232 
240 208 
232 208 
672 208 
232 224 
236 208 
236 212 
232 204 
236 208 
240 204 
236 232 
212 204 
236 496 
232 212 
244 212 
240 220 
236 208 
236 204 
232 228 
236 240 
220 216 
232 208 
236 220 
240 236 
240 212 
236 216 
240 236 
236 208 
236 212 
232 208 
232 252 
232 216 
236 208 
232 212 
236 236 
240 208 
244 216 
236 228 
236 236 
228 212 
236 220 
240 216 
232 204 
236 212 
236 240 
236 204 
232 224 
240 220 
236 212 
228 212 
240 204 
232 208 
236 208 
232 208 
240 208 
232 204 
232 220 
0 0 
0 0 
0 0 
240 248 
236 208 
232 208 
232 208 
236 212 
240 208 
236 248 
236 332 
232 208 
236 208 
240 208 
240 256 
240 208 
240 208 
232 208 
240 212 
240 204 
240 216 
232 204 
232 212 
212 208 
240 236 
236 216 
240 204 
232 268 
240 228 
232 208 
232 220 
232 208 
428 204 
232 216 
232 208 
236 236 
236 224 
232 212 
232 208 
232 212 
232 204 
672 208 
236 208 
236 232 
232 216 
228 212 
228 212 
236 236 
236 212 
72 40 
228 544 
240 208 
232 208 
236 248 
236 236 
236 228 
236 216 
236 212 
208 208 
236 232 
240 208 
240 212 
240 236 
240 208 
232 212 
232 208 
240 276 
232 292 
44 44 
232 224 
228 208 
236 228 
232 208 
236 208 
236 208 
236 220 
236 220 
236 260 
240 204 
232 208 
240 208 
232 208 
232 204 
236 204 
232 204 
236 208 
232 244 
232 208 
236 236 
240 208 
228 208 
236 240 
236 208 
240 232 
236 220 
228 208 
552 212 
236 40 
240 204 
240 212 
236 208 
232 212 
236 232 
228 208 
232 208 
232 208 
236 208 
244 212 
236 212 
240 232 
240 204 
236 220 
240 208 
232 212 
232 248 
232 208 
236 216 
240 232 
208 212 
232 208 
236 236 
232 208 
240 232 
236 464 
248 208 
232 208 
232 216 
468 220 
236 232 
240 216 
236 216 
236 212 
236 232 
240 232 
240 208 
252 208 
688 248 
244 208 
236 216 
236 216 
236 236 
232 208 
232 208 
240 212 
216 216 
232 540 
236 208 
240 228 
232 220 
236 212 
236 232 
236 212 
232 240 
216 208 
236 212 
232 232 
236 236 
240 208 
300 208 
228 208 
232 236 
228 208 
236 212 
236 212 
232 212 
236 224 
228 208 
236 212 
244 208 
232 232 
240 212 
240 236 
240 216 
236 216 
244 236 
244 204 
236 216 
236 216 
232 208 
240 232 
232 212 
232 244 
236 236 
240 204 
240 212 
240 212 
232 212 
384 236 
232 208 
232 208 
232 204 
236 212 
232 216 
228 204 
240 208 
232 208 
236 232 
232 208 
240 208 
232 212 
236 208 
236 208 
232 204 
228 208 
240 212 
232 208 
240 208 
240 208 
236 212 
232 208 
236 212 
244 216 
236 232 
208 212 
232 204 
236 232 
228 212 
236 232 
236 264 
236 216 
232 208 
232 208 
464 236 
236 220 
272 208 
232 208 
232 216 
232 208 
236 208 
240 212 
232 212 
736 216 
236 212 
236 208 
236 236 
232 208 
236 208 
232 208 
232 204 
212 236 
232 488 
240 208 
236 232 
232 220 
240 228 
236 220 
232 208 
232 212 
212 212 
228 212 
240 216 
232 208 
232 208 
232 208 
232 216 
228 208 
228 208 
236 212 
248 216 
236 208 
236 392 
236 208 
232 212 
232 208 
232 216 
240 260 
240 204 
240 232 
232 208 
236 216 
228 204 
232 232 
240 236 
236 240 
236 212 
232 244 
228 220 
244 208 
232 208 
240 208 
236 212 
236 204 
232 204 
236 208 
232 208 
232 208 
232 212 
232 212 
232 216 
228 208 
240 208 
240 216 
236 252 
236 236 
236 212 
240 208 
232 208 
232 212 
236 232 
232 212 
236 220 
228 216 
240 204 
228 204 
232 204 
244 212 
236 236 
236 212 
244 208 
232 216 
236 228 
236 208 
256 208 
240 216 
240 256 
236 220 
232 216 
496 216 
236 236 
240 216 
232 212 
240 236 
228 208 
240 224 
232 208 
232 212 
736 216 
232 208 
236 236 
232 208 
232 208 
268 204 
236 216 
240 236 
212 252 
236 560 
228 212 
232 212 
240 212 
240 212 
236 244 
236 236 
236 236 
212 232 
240 208 
240 236 
240 208 
236 208 
232 216 
48 44 
236 216 
236 204 
236 212 
232 212 
236 256 
232 208 
256 208 
236 216 
240 212 
232 212 
236 232 
240 208 
228 216 
240 208 
232 204 
236 216 
240 208 
232 208 
228 212 
236 228 
232 204 
236 212 
232 212 
236 212 
232 232 
228 208 
236 212 
228 204 
232 212 
232 204 
44 48 
240 208 
240 212 
236 208 
288 212 
240 216 
232 208 
240 216 
232 208 
236 208 
236 236 
236 216 
240 236 
240 236 
244 240 
232 208 
240 244 
236 232 
236 204 
240 204 
228 204 
228 212 
240 216 
268 208 
240 212 
232 208 
236 40 
240 212 
232 208 
240 216 
240 212 
236 264 
536 236 
236 236 
236 224 
240 216 
236 208 
232 208 
240 212 
244 208 
244 216 
752 216 
236 232 
236 208 
236 228 
236 208 
240 208 
236 228 
240 228 
212 212 
236 552 
236 212 
232 208 
232 216 
232 216 
232 228 
236 232 
236 204 
216 204 
236 232 
236 208 
236 208 
240 232 
232 208 
236 212 
232 208 
228 208 
240 220 
236 208 
232 244 
240 208 
228 208 
232 264 
232 208 
240 244 
232 204 
232 208 
236 208 
236 208 
240 216 
244 216 
232 212 
236 216 
240 208 
232 220 
240 212 
232 216 
232 208 
236 244 
228 204 
232 208 
236 224 
228 220 
236 252 
232 228 
232 208 
228 204 
232 224 
236 212 
236 216 
232 212 
232 236 
244 212 
232 212 
236 212 
240 232 
240 208 
236 228 
232 212 
232 208 
232 212 
236 216 
236 216 
236 208 
232 216 
228 220 
232 236 
236 208 
292 268 
228 204 
236 212 
232 208 
232 208 
236 236 
232 204 
244 212 
232 204 
540 216 
240 208 
236 228 
236 236 
240 208 
240 212 
252 208 
240 260 
240 212 
228 364 
236 208 
240 208 
232 216 
236 208 
232 264 
240 204 
236 216 
216 264 
248 600 
236 204 
232 208 
228 236 
236 212 
240 212 
236 208 
236 208 
216 232 
236 212 
240 212 
232 212 
232 208 
236 232 
236 216 
240 204 
232 208 
240 212 
240 212 
236 212 
236 216 
232 212 
236 236 
236 204 
240 204 
232 212 
228 212 
228 212 
228 212 
236 208 
228 212 
232 208 
232 232 
232 208 
240 212 
236 212 
232 232 
232 212 
232 216 
236 216 
232 208 
236 232 
240 204 
232 208 
240 212 
232 204 
228 208 
240 212 
236 204 
232 212 
232 208 
228 228 
236 212 
232 208 
236 232 
232 212 
232 212 
236 208 
236 232 
236 236 
236 228 
236 236 
236 236 
240 212 
240 208 
232 208 
236 216 
236 252 
328 236 
280 204 
232 208 
232 236 
236 232 
236 232 
236 208 
236 216 
232 208 
544 208 
228 208 
236 216 
236 208 
236 204 
232 212 
228 212 
236 216 
232 212 
236 380 
232 212 
236 212 
236 220 
232 212 
236 252 
244 208 
236 212 
212 204 
232 652 
232 228 
208 228 
192 232 
232 188 
188 204 
196 208 
196 212 
192 224 
192 212 
212 232 
228 208 
232 188 
212 224 
196 200 
248 208 
188 228 
192 200 
224 188 
208 644 
212 260 
208 212 
196 188 
232 192 
204 244 
232 192 
212 228 
192 188 
200 228 
196 196 
232 188 
212 288 
208 208 
212 192 
192 208 
212 208 
212 232 
232 208 
328 244 
236 188 
308 240 
196 224 
192 192 
208 192 
212 228 
200 188 
196 192 
212 228 
268 232 
216 192 
232 208 
212 208 
212 188 
192 192 
192 212 
208 208 
192 232 
232 184 
196 188 
232 744 
212 192 
236 312 
196 228 
208 204 
196 188 
204 212 
236 368 
232 232 
192 220 
192 192 
236 192 
216 232 
232 208 
208 264 
208 228 
204 188 
196 192 
200 208 
228 192 
196 216 
192 244 
216 212 
208 284 
400 188 
208 188 
232 232 
252 548 
204 188 
196 204 
220 212 
196 208 
204 224 
220 652 
276 192 
324 192 
212 192 
224 188 
192 208 
192 216 
212 192 
236 232 
236 208 
308 236 
192 192 
192 228 
204 212 
236 192 
196 192 
208 232 
236 208 
204 188 
212 328 
196 232 
192 188 
220 236 
200 212 
212 232 
208 192 
216 188 
196 196 
188 208 
192 228 
192 228 
196 220 
236 232 
232 228 
232 228 
232 228 
232 228 
236 232 
236 232 
236 232 
232 232 
212 192 
208 192 
212 188 
220 192 
232 296 
196 232 
192 192 
216 192 
192 208 
324 232 
212 224 
196 208 
360 196 
208 232 
240 232 
236 208 
196 188 
232 196 
208 192 
292 244 
192 212 
336 236 
236 232 
196 196 
232 236 
232 232 
236 296 
188 308 
192 196 
208 192 
192 208 
196 236 
236 284 
212 232 
208 232 
192 692 
232 188 
228 192 
192 192 
552 256 
216 208 
220 212 
192 192 
220 268 
192 212 
192 260 
192 196 
204 208 
212 232 
192 196 
216 212 
192 188 
196 232 
192 212 
212 316 
220 188 
208 208 
188 208 
304 188 
192 188 
212 228 
208 212 
192 208 
188 204 
200 192 
192 192 
212 204 
236 320 
192 192 
220 228 
216 224 
192 216 
204 220 
232 228 
244 192 
220 296 
192 232 
196 188 
208 208 
228 204 
208 188 
248 208 
292 200 
220 192 
192 188 
256 188 
228 296 
236 220 
212 220 
240 204 
200 640 
232 192 
220 192 
192 236 
240 304 
216 228 
192 208 
192 204 
192 212 
216 200 
308 188 
212 192 
232 192 
232 320 
232 216 
232 264 
232 232 
196 196 
236 208 
196 192 
324 208 
192 228 
220 228 
192 192 
200 216 
192 188 
212 184 
228 200 
216 208 
196 192 
196 208 
192 208 
236 192 
208 196 
196 192 
212 720 
216 316 
252 264 
232 228 
260 192 
196 188 
200 228 
228 188 
196 216 
216 424 
192 192 
228 224 
364 188 
216 188 
216 212 
196 228 
236 188 
192 188 
216 208 
192 228 
208 200 
212 252 
256 312 
200 208 
196 200 
260 196 
236 220 
192 192 
232 208 
