# ./FR-trace starting at Mon Apr 20 18:52:37 2020
################# CONFIG #################
# slot=5000
# samples=10000
# threshold=100
# idle=500
# minlen=500
# runs=10000
# pdathreads=2
# nmonitored=2
#   monitor0=../apps/openssl ec2_mult.c:153 0x1e7854
#   monitor1=../apps/openssl ec2_mult.c:161 0x1e789c
# nevicted=0
# npdatargets=2
#   target0=../apps/openssl bn_gf2m.c:412 0x20bd10
#   target1=../apps/openssl bn_gf2m.c:412+64 0x20bd50
# affinity=all
############## SYSTEM INFO ###############
# mastik_version=
# sysname=Linux
# nodename=lovelace
# release=5.3.7-arch1-1-ARCH
# version=#1 SMP PREEMPT Fri Oct 18 00:17:03 UTC 2019
# machine=x86_64
################## DATA ##################
# run=70
# datapoints=8539
48 48 
232 212 
232 216 
744 232 
240 208 
236 212 
236 204 
240 236 
240 208 
236 212 
468 212 
208 224 
236 556 
236 208 
236 204 
232 224 
232 212 
236 208 
240 220 
232 208 
212 212 
236 232 
236 212 
236 232 
240 212 
232 212 
232 208 
244 208 
240 232 
236 216 
48 48 
240 208 
236 204 
244 228 
240 236 
232 208 
236 208 
236 228 
240 220 
236 208 
236 228 
240 208 
232 212 
232 208 
312 232 
236 212 
236 244 
236 232 
232 204 
232 220 
240 272 
236 260 
232 208 
236 236 
232 208 
236 252 
236 216 
232 208 
236 232 
236 212 
232 44 
260 208 
236 236 
232 220 
232 216 
236 216 
240 236 
236 216 
244 208 
236 212 
232 216 
232 216 
236 208 
236 236 
236 212 
236 220 
232 204 
240 236 
240 204 
236 212 
276 224 
236 212 
236 220 
232 216 
240 212 
236 204 
232 216 
236 208 
256 208 
524 232 
236 212 
232 208 
232 212 
224 832 
236 212 
228 208 
236 212 
232 204 
228 368 
236 212 
240 212 
236 248 
236 216 
236 220 
232 208 
240 212 
212 204 
236 612 
232 208 
236 236 
240 212 
232 208 
236 212 
236 236 
236 216 
208 208 
232 216 
232 208 
232 208 
236 212 
232 232 
240 240 
240 224 
232 208 
236 208 
236 204 
240 212 
256 228 
236 216 
288 232 
232 240 
232 212 
240 208 
236 220 
240 208 
232 208 
232 208 
232 204 
232 212 
232 208 
236 232 
236 208 
240 236 
232 208 
228 316 
232 204 
232 208 
236 208 
228 212 
232 236 
228 204 
236 236 
232 208 
236 212 
236 208 
240 212 
240 212 
240 208 
240 236 
236 208 
228 212 
236 208 
232 204 
228 208 
236 236 
236 212 
236 256 
236 208 
236 212 
244 236 
240 212 
236 220 
236 240 
232 228 
240 212 
312 212 
432 208 
332 828 
236 232 
240 212 
240 216 
232 204 
236 236 
240 212 
528 220 
236 208 
236 208 
236 208 
280 212 
240 232 
240 216 
236 216 
236 208 
752 236 
236 212 
240 208 
240 236 
232 220 
236 236 
240 208 
244 232 
212 208 
240 616 
232 208 
232 220 
236 252 
236 204 
236 236 
240 232 
236 212 
220 208 
236 204 
228 212 
232 208 
240 216 
240 208 
236 232 
240 208 
236 204 
240 212 
236 232 
236 212 
236 212 
232 204 
236 236 
236 204 
236 204 
232 208 
232 216 
320 204 
232 208 
236 204 
232 224 
240 236 
240 204 
232 216 
236 216 
236 208 
232 204 
228 208 
240 236 
232 212 
232 212 
228 212 
236 244 
232 216 
228 208 
236 220 
240 204 
236 216 
236 224 
236 212 
232 208 
236 240 
236 204 
244 212 
232 204 
236 204 
232 208 
236 264 
240 208 
236 816 
236 208 
232 208 
228 228 
236 240 
232 216 
236 220 
232 216 
240 236 
336 212 
240 236 
232 212 
240 212 
240 212 
236 220 
232 204 
240 212 
236 248 
572 216 
240 236 
236 212 
232 208 
236 212 
236 208 
240 216 
240 212 
240 224 
236 396 
232 236 
240 212 
240 208 
240 212 
236 232 
228 208 
1192 212 
216 208 
228 656 
232 208 
240 212 
236 208 
300 212 
232 212 
236 212 
240 208 
212 204 
236 208 
236 212 
236 232 
240 272 
232 216 
240 232 
232 220 
232 204 
232 212 
236 236 
232 216 
240 260 
232 212 
240 232 
48 44 
236 212 
228 208 
232 208 
232 212 
324 212 
236 236 
232 208 
236 208 
432 264 
236 204 
236 204 
48 52 
0 0 
0 0 
0 0 
0 0 
0 0 
0 0 
0 0 
0 0 
0 0 
0 0 
0 0 
0 0 
0 0 
0 0 
0 0 
0 0 
0 0 
0 0 
0 0 
0 0 
0 0 
0 0 
0 0 
0 0 
0 0 
0 0 
0 0 
0 0 
0 0 
0 0 
0 0 
0 0 
0 0 
0 0 
0 0 
0 0 
0 0 
0 0 
0 0 
0 0 
0 0 
0 0 
0 0 
0 0 
0 0 
0 0 
0 0 
0 0 
0 0 
0 0 
0 0 
0 0 
0 0 
0 0 
0 0 
0 0 
0 0 
0 0 
0 0 
0 0 
0 0 
0 0 
0 0 
0 0 
0 0 
0 0 
0 0 
0 0 
0 0 
228 212 
236 204 
232 216 
236 204 
240 228 
236 212 
232 216 
232 216 
236 208 
236 216 
640 264 
240 216 
236 228 
232 212 
236 208 
236 208 
236 216 
236 248 
240 212 
228 208 
240 204 
232 208 
236 212 
236 208 
236 236 
236 212 
236 212 
232 208 
232 212 
236 220 
240 236 
236 208 
236 216 
240 236 
236 208 
236 204 
236 208 
232 204 
232 204 
244 208 
232 252 
236 212 
240 212 
236 208 
232 204 
236 208 
232 216 
240 280 
232 216 
232 208 
232 208 
244 220 
236 216 
232 208 
236 236 
232 208 
228 208 
240 208 
360 228 
232 232 
232 212 
232 208 
236 212 
236 232 
232 212 
236 208 
236 212 
604 212 
236 236 
236 212 
232 204 
236 204 
240 236 
232 212 
236 208 
216 212 
240 364 
232 212 
236 204 
232 240 
236 212 
236 208 
236 212 
236 260 
212 212 
240 664 
236 212 
236 212 
232 228 
236 208 
232 208 
236 204 
232 212 
216 236 
688 208 
236 220 
236 204 
240 220 
232 216 
240 220 
232 208 
228 232 
236 208 
236 204 
236 208 
236 232 
240 212 
240 224 
232 204 
232 208 
232 208 
236 208 
240 212 
232 212 
228 208 
228 204 
232 208 
236 216 
240 212 
236 212 
236 220 
236 236 
236 204 
236 232 
232 208 
236 208 
236 236 
236 208 
236 212 
236 204 
268 208 
232 212 
236 228 
236 208 
232 212 
236 216 
236 208 
232 204 
232 208 
240 212 
236 204 
236 228 
228 216 
236 212 
228 208 
244 252 
232 212 
240 236 
232 216 
232 208 
236 212 
236 220 
236 208 
380 236 
228 212 
236 208 
284 208 
236 216 
232 212 
232 212 
236 236 
236 236 
608 216 
240 236 
236 212 
236 236 
236 212 
232 212 
236 208 
240 204 
236 208 
232 472 
244 212 
236 232 
236 220 
236 212 
244 236 
228 212 
572 224 
216 216 
232 712 
240 220 
236 216 
236 208 
232 248 
236 216 
236 216 
236 208 
216 212 
236 212 
236 208 
232 204 
232 208 
236 236 
236 212 
236 232 
232 208 
236 228 
232 224 
240 212 
236 212 
256 212 
244 236 
240 208 
236 204 
232 228 
236 204 
236 236 
232 204 
240 220 
232 208 
232 208 
708 208 
232 224 
232 212 
232 232 
48 44 
232 208 
240 236 
236 236 
232 208 
232 212 
240 236 
236 212 
240 208 
232 204 
232 204 
228 240 
240 256 
236 260 
236 208 
236 208 
228 208 
236 236 
236 224 
232 208 
236 208 
236 212 
232 204 
232 216 
240 204 
236 208 
236 264 
248 212 
48 52 
236 208 
232 208 
232 208 
380 208 
236 208 
228 208 
236 232 
232 208 
232 212 
232 264 
240 208 
240 208 
652 228 
232 212 
244 236 
236 208 
248 216 
240 216 
232 208 
228 204 
228 208 
240 484 
236 252 
236 216 
232 208 
240 228 
236 208 
232 40 
272 208 
220 216 
240 716 
240 236 
236 208 
236 204 
252 212 
236 216 
232 232 
236 232 
212 212 
240 212 
240 224 
232 208 
236 236 
236 232 
236 236 
236 208 
236 212 
236 208 
236 204 
236 236 
240 212 
616 216 
240 216 
236 204 
232 208 
240 212 
236 208 
236 208 
232 204 
232 224 
236 220 
232 208 
232 236 
236 212 
236 220 
240 248 
240 236 
236 232 
236 208 
232 216 
240 216 
240 208 
248 212 
232 208 
228 216 
240 236 
228 212 
232 212 
240 212 
232 204 
236 208 
236 236 
236 260 
236 204 
336 204 
240 220 
236 212 
232 212 
236 236 
236 208 
228 212 
236 212 
236 208 
232 236 
240 208 
284 208 
236 212 
240 208 
360 204 
228 212 
236 236 
232 212 
228 216 
232 212 
232 208 
232 212 
244 236 
628 208 
236 208 
236 236 
236 212 
240 220 
236 208 
236 236 
236 212 
212 248 
236 484 
228 216 
236 208 
240 208 
236 208 
240 268 
232 208 
240 216 
216 208 
236 680 
236 224 
236 212 
236 212 
236 256 
236 212 
236 212 
228 212 
236 232 
240 1024 
236 220 
240 216 
236 208 
232 204 
236 248 
240 212 
236 216 
236 220 
240 236 
236 232 
232 212 
236 252 
236 208 
228 208 
228 212 
236 220 
236 212 
236 212 
240 220 
232 260 
240 212 
236 208 
232 212 
232 204 
236 208 
232 212 
232 204 
240 212 
232 244 
236 212 
236 212 
232 212 
240 252 
192 216 
240 208 
232 212 
232 212 
236 216 
248 208 
240 212 
240 212 
240 216 
232 212 
236 212 
236 216 
240 212 
232 208 
240 212 
236 236 
212 208 
236 212 
236 224 
236 220 
240 208 
236 208 
236 208 
232 212 
240 212 
432 232 
228 212 
236 212 
228 216 
232 220 
236 216 
232 216 
232 260 
256 212 
196 232 
240 236 
236 212 
240 212 
236 236 
240 212 
252 232 
252 208 
216 212 
236 480 
232 208 
252 212 
240 224 
236 212 
232 204 
240 212 
232 212 
208 212 
232 216 
232 208 
236 236 
232 212 
236 220 
236 244 
236 212 
236 208 
216 212 
232 216 
228 212 
232 212 
236 212 
232 212 
240 212 
228 216 
240 204 
236 232 
240 220 
240 204 
236 208 
232 208 
236 236 
236 212 
240 204 
236 236 
232 208 
232 204 
236 212 
236 224 
236 216 
236 212 
216 204 
236 220 
244 216 
232 208 
232 204 
240 212 
240 232 
232 208 
228 208 
236 212 
232 204 
236 216 
44 44 
236 236 
236 216 
232 212 
240 212 
240 216 
232 232 
236 212 
232 208 
232 212 
240 228 
236 208 
232 208 
236 232 
240 208 
232 208 
236 232 
232 204 
260 208 
232 236 
236 208 
232 212 
212 208 
232 208 
440 212 
236 212 
236 208 
236 212 
228 40 
232 44 
236 236 
236 208 
236 256 
708 264 
236 232 
236 208 
236 208 
240 208 
232 316 
232 208 
228 216 
216 212 
232 580 
232 212 
232 204 
232 212 
232 212 
244 212 
228 212 
236 208 
216 216 
236 236 
240 208 
232 212 
240 228 
236 232 
232 212 
228 208 
236 44 
248 208 
236 216 
232 208 
232 212 
236 208 
232 216 
228 212 
236 208 
228 212 
232 212 
236 220 
236 212 
236 208 
232 328 
232 208 
240 208 
236 212 
240 232 
236 236 
232 208 
240 236 
240 212 
228 216 
228 212 
236 212 
240 216 
240 216 
232 212 
240 208 
236 208 
236 208 
236 208 
232 244 
232 204 
232 212 
236 236 
240 228 
240 208 
236 236 
240 216 
228 212 
236 236 
232 248 
256 212 
236 216 
236 208 
840 256 
236 212 
236 216 
236 208 
232 212 
236 208 
236 208 
236 224 
236 204 
236 212 
236 208 
240 212 
236 212 
256 228 
476 204 
232 208 
236 224 
232 220 
232 208 
240 208 
232 208 
232 204 
308 204 
728 204 
232 224 
240 212 
232 212 
240 204 
236 220 
240 208 
232 208 
216 212 
240 528 
240 236 
240 212 
232 204 
228 208 
236 236 
232 212 
236 208 
216 212 
236 204 
236 224 
232 208 
248 208 
236 204 
236 208 
236 212 
232 212 
236 236 
232 212 
236 1092 
236 236 
236 212 
232 212 
232 208 
236 212 
236 224 
228 216 
240 236 
236 240 
236 236 
236 212 
228 212 
240 236 
240 208 
232 216 
240 236 
232 212 
232 204 
232 212 
232 216 
232 220 
236 212 
232 212 
236 208 
228 228 
236 236 
236 216 
232 232 
240 216 
232 208 
232 212 
236 236 
1164 216 
232 212 
224 252 
236 208 
232 208 
236 244 
240 208 
232 208 
260 212 
236 236 
240 216 
236 212 
240 224 
244 236 
232 216 
240 208 
260 212 
232 228 
232 212 
232 208 
232 208 
232 208 
236 224 
236 216 
236 208 
492 212 
232 236 
236 212 
268 212 
240 212 
240 324 
240 216 
232 208 
240 236 
232 600 
240 232 
364 212 
232 208 
236 216 
240 212 
232 208 
240 208 
212 208 
252 572 
236 220 
240 276 
236 212 
232 216 
240 236 
232 208 
232 228 
216 208 
228 208 
236 300 
236 232 
232 204 
232 208 
236 212 
232 204 
236 208 
236 232 
236 208 
232 208 
240 232 
240 212 
236 232 
236 212 
244 208 
236 208 
236 204 
236 204 
236 212 
236 204 
232 216 
240 212 
232 236 
236 284 
228 236 
236 212 
236 204 
232 212 
232 212 
240 208 
236 212 
1044 236 
228 208 
232 228 
236 208 
232 208 
232 212 
236 208 
232 212 
232 216 
232 212 
236 208 
236 220 
264 212 
232 204 
240 268 
248 212 
244 212 
220 248 
244 208 
236 212 
240 216 
236 212 
296 216 
232 244 
236 264 
236 212 
232 208 
248 208 
236 212 
236 208 
48 44 
236 212 
240 220 
244 212 
1040 220 
232 216 
508 216 
232 248 
240 212 
232 228 
240 212 
236 232 
240 208 
236 228 
232 212 
240 364 
240 212 
244 272 
240 236 
240 208 
240 220 
240 232 
236 208 
264 208 
232 584 
232 212 
236 208 
44 44 
232 204 
236 208 
244 212 
228 224 
216 212 
232 208 
228 208 
240 232 
232 208 
240 204 
232 208 
236 204 
236 208 
232 212 
236 204 
236 212 
236 204 
236 212 
240 208 
232 208 
240 232 
232 204 
232 212 
240 236 
240 212 
236 208 
644 40 
236 208 
232 204 
236 260 
236 220 
236 216 
236 204 
228 208 
228 212 
236 236 
240 216 
232 204 
232 244 
236 216 
228 204 
244 216 
232 208 
232 204 
228 208 
240 236 
236 208 
240 236 
232 204 
232 232 
236 212 
236 208 
244 236 
232 208 
236 208 
232 248 
240 212 
228 208 
232 220 
232 208 
948 236 
236 236 
236 216 
232 204 
304 204 
240 216 
240 212 
236 212 
236 212 
240 232 
232 208 
236 260 
240 220 
532 212 
236 216 
260 216 
236 236 
232 204 
232 216 
232 208 
228 204 
236 216 
236 364 
240 212 
236 208 
236 208 
228 204 
240 240 
244 252 
236 208 
212 216 
236 612 
228 208 
560 204 
232 212 
236 256 
240 208 
232 204 
236 216 
212 220 
228 212 
236 208 
236 216 
232 212 
244 212 
240 236 
236 212 
240 212 
236 212 
240 212 
240 204 
236 236 
240 208 
232 236 
232 236 
236 236 
236 212 
236 232 
236 212 
240 256 
240 216 
240 208 
232 220 
240 236 
236 212 
232 204 
232 256 
252 208 
232 232 
232 208 
248 212 
240 220 
236 204 
244 232 
228 216 
228 208 
228 204 
240 236 
232 232 
240 208 
232 208 
236 216 
236 204 
236 256 
236 208 
232 208 
236 252 
240 220 
240 208 
236 208 
236 268 
240 212 
236 212 
232 204 
236 216 
240 212 
240 208 
236 204 
232 208 
308 204 
232 236 
236 208 
232 208 
240 228 
228 212 
232 208 
232 264 
232 216 
564 212 
236 208 
232 208 
232 212 
236 216 
240 236 
232 208 
240 236 
236 212 
600 208 
240 260 
240 204 
236 236 
240 208 
244 208 
236 216 
232 212 
204 208 
244 584 
232 208 
240 216 
236 204 
232 204 
236 208 
248 212 
236 208 
220 232 
244 212 
240 216 
228 208 
236 212 
228 212 
232 208 
232 208 
240 212 
232 204 
228 204 
232 208 
236 204 
236 204 
236 212 
236 212 
244 236 
236 232 
232 212 
232 212 
240 208 
232 208 
232 212 
236 216 
240 220 
236 208 
236 212 
240 212 
236 208 
232 212 
236 232 
228 212 
236 236 
236 212 
232 208 
236 236 
236 208 
512 208 
240 240 
240 232 
236 236 
236 208 
236 212 
236 216 
232 212 
232 208 
232 236 
232 236 
236 236 
236 212 
232 216 
232 212 
236 236 
240 208 
232 212 
236 228 
232 208 
236 208 
232 208 
236 236 
340 208 
232 308 
236 232 
232 208 
232 232 
236 224 
236 232 
632 232 
240 236 
588 212 
236 204 
224 216 
236 232 
236 204 
228 212 
236 208 
232 232 
220 212 
240 384 
240 208 
236 216 
236 204 
244 256 
236 212 
232 204 
232 264 
212 212 
52 48 
240 252 
236 208 
236 236 
232 208 
232 212 
236 260 
240 212 
208 204 
232 212 
236 212 
236 208 
232 212 
240 240 
652 208 
228 208 
236 256 
236 204 
232 208 
228 212 
332 208 
236 216 
236 212 
236 212 
236 240 
240 220 
236 212 
236 212 
240 236 
236 240 
228 208 
48 48 
236 216 
236 220 
240 212 
236 220 
272 208 
232 212 
236 220 
236 216 
232 208 
236 224 
232 208 
228 216 
236 208 
236 208 
232 212 
276 212 
236 236 
256 216 
232 212 
236 220 
232 212 
228 212 
236 208 
236 204 
236 236 
240 208 
232 208 
240 236 
236 48 
240 236 
232 208 
236 220 
232 208 
232 208 
240 220 
232 208 
344 204 
292 224 
232 212 
244 208 
232 216 
244 208 
228 212 
236 232 
232 208 
592 212 
232 216 
240 208 
240 208 
232 208 
236 232 
236 232 
240 208 
236 232 
236 460 
332 204 
232 208 
236 220 
240 212 
228 212 
236 212 
228 220 
212 224 
236 648 
236 208 
236 208 
416 248 
232 208 
240 208 
240 232 
232 208 
216 216 
244 236 
240 212 
240 208 
232 212 
244 236 
236 208 
232 212 
240 224 
236 240 
236 208 
232 208 
236 208 
228 208 
236 232 
232 208 
236 256 
232 212 
240 216 
240 208 
236 216 
232 204 
232 212 
240 208 
232 212 
232 208 
236 248 
236 236 
328 208 
232 236 
236 212 
236 236 
236 212 
236 224 
232 212 
264 212 
236 216 
240 232 
236 208 
236 216 
244 232 
236 208 
236 236 
236 224 
232 216 
232 216 
236 212 
240 244 
232 212 
236 216 
240 208 
232 204 
288 212 
236 208 
240 204 
236 236 
236 208 
232 212 
244 224 
244 220 
392 236 
240 228 
240 216 
236 212 
236 240 
232 208 
236 216 
236 212 
240 212 
616 212 
240 228 
232 212 
232 208 
236 224 
236 208 
236 224 
236 216 
216 204 
240 1500 
236 232 
240 236 
240 212 
240 208 
232 204 
240 232 
240 208 
208 204 
232 684 
232 212 
236 236 
236 236 
228 216 
228 208 
240 256 
232 212 
220 208 
228 204 
236 212 
232 212 
236 208 
236 232 
236 216 
236 256 
236 208 
244 236 
232 204 
232 208 
228 212 
228 216 
236 236 
232 212 
236 204 
204 212 
240 220 
232 208 
232 208 
236 236 
232 204 
232 212 
236 204 
232 236 
240 220 
236 208 
452 212 
232 212 
228 212 
232 212 
232 204 
232 216 
240 208 
240 216 
232 204 
232 208 
232 208 
236 236 
236 216 
232 204 
240 256 
236 212 
240 256 
228 236 
236 216 
236 224 
232 208 
232 204 
236 208 
328 212 
236 212 
236 220 
232 212 
236 236 
240 220 
228 220 
236 260 
276 208 
384 216 
232 204 
236 208 
228 212 
232 212 
252 208 
244 212 
236 1116 
232 208 
632 212 
240 236 
232 208 
232 212 
236 208 
232 204 
232 204 
236 208 
216 236 
236 476 
236 204 
236 208 
232 216 
236 224 
244 220 
236 224 
232 264 
208 208 
236 712 
228 208 
236 228 
236 216 
232 208 
236 208 
232 212 
232 228 
48 40 
236 208 
240 236 
308 204 
236 232 
236 220 
236 208 
228 204 
232 240 
236 212 
236 224 
240 236 
236 212 
236 216 
232 208 
232 208 
232 212 
236 212 
240 208 
232 208 
236 264 
236 208 
236 208 
240 232 
232 208 
236 236 
236 208 
236 208 
236 236 
48 44 
228 212 
236 208 
240 212 
236 208 
236 208 
232 236 
232 208 
228 216 
236 208 
236 208 
236 212 
232 208 
236 232 
232 208 
240 236 
240 232 
240 212 
228 208 
232 212 
240 208 
236 244 
240 212 
232 260 
236 248 
236 212 
232 212 
268 972 
236 236 
236 212 
232 44 
424 232 
232 232 
232 212 
236 208 
244 224 
232 212 
232 212 
240 208 
232 208 
640 216 
232 208 
240 208 
236 212 
236 236 
240 208 
232 204 
232 228 
208 208 
236 484 
272 208 
240 212 
236 260 
240 212 
232 204 
304 216 
232 212 
216 240 
240 696 
236 212 
232 204 
240 972 
236 204 
236 212 
232 256 
236 208 
224 260 
236 236 
236 216 
240 212 
240 232 
236 208 
236 212 
240 232 
240 208 
232 224 
240 256 
240 216 
344 220 
228 212 
236 224 
236 208 
232 212 
228 208 
236 212 
240 216 
236 208 
232 208 
236 208 
232 208 
236 204 
236 216 
236 232 
236 208 
852 224 
232 208 
232 212 
240 208 
236 208 
240 208 
236 232 
232 208 
236 260 
264 216 
240 216 
232 204 
236 208 
236 212 
244 216 
232 208 
228 212 
232 232 
232 236 
232 212 
228 208 
240 212 
240 216 
220 212 
232 208 
240 216 
232 208 
232 208 
232 216 
236 208 
324 220 
240 212 
412 212 
232 208 
236 212 
232 208 
236 212 
228 204 
240 224 
236 220 
240 208 
696 212 
236 212 
228 212 
232 244 
240 232 
232 208 
232 216 
232 208 
216 268 
240 528 
236 900 
232 252 
240 212 
236 236 
232 208 
232 220 
232 208 
220 236 
236 688 
236 208 
232 220 
232 236 
232 212 
236 320 
236 220 
236 212 
228 208 
232 208 
236 208 
236 212 
232 208 
232 208 
236 212 
236 260 
240 224 
236 208 
228 212 
232 240 
240 208 
228 204 
240 236 
260 208 
232 216 
1060 220 
240 208 
232 244 
240 236 
232 204 
228 208 
232 216 
240 240 
236 208 
232 212 
232 212 
236 224 
240 216 
236 224 
240 208 
232 236 
232 212 
236 212 
232 208 
236 208 
236 204 
232 208 
228 212 
240 264 
236 204 
232 216 
232 212 
240 228 
240 236 
236 208 
236 212 
232 212 
240 216 
240 208 
276 216 
236 224 
236 224 
236 208 
244 208 
236 236 
236 208 
236 220 
228 208 
452 216 
232 208 
236 220 
232 204 
240 228 
480 208 
240 204 
244 236 
236 212 
684 204 
232 208 
232 204 
236 204 
236 228 
240 236 
228 204 
236 212 
212 208 
232 560 
240 232 
236 216 
232 208 
236 208 
244 208 
236 260 
240 236 
216 208 
232 208 
248 212 
236 228 
236 240 
236 208 
232 232 
236 208 
232 212 
232 240 
236 208 
232 216 
240 212 
236 208 
236 208 
980 236 
236 212 
236 252 
236 212 
232 204 
228 208 
240 208 
240 260 
232 216 
236 208 
240 248 
232 208 
236 208 
236 256 
232 208 
228 212 
228 204 
216 212 
240 224 
236 208 
236 212 
240 228 
236 212 
236 252 
236 232 
236 204 
232 244 
48 44 
232 208 
236 212 
240 216 
232 208 
240 212 
228 216 
896 236 
232 232 
240 212 
232 208 
240 208 
228 228 
236 216 
240 212 
236 204 
240 208 
236 248 
248 236 
192 44 
236 232 
240 236 
232 208 
236 212 
232 204 
240 220 
236 212 
488 212 
240 208 
236 204 
236 252 
240 208 
240 204 
236 212 
240 208 
236 212 
720 216 
240 204 
236 204 
232 212 
232 236 
240 212 
236 212 
232 212 
216 232 
240 548 
232 224 
236 204 
240 40 
236 204 
240 208 
232 208 
236 212 
212 236 
236 208 
236 204 
240 304 
828 232 
240 208 
236 252 
240 212 
236 236 
244 212 
240 212 
236 256 
240 236 
236 208 
236 208 
228 208 
240 236 
236 216 
272 212 
236 240 
232 212 
240 216 
236 208 
232 228 
236 244 
236 232 
236 236 
236 248 
236 212 
240 236 
236 216 
232 208 
240 204 
236 228 
236 208 
236 208 
236 264 
236 212 
848 236 
244 208 
232 208 
240 220 
240 236 
232 212 
228 232 
228 212 
232 228 
240 208 
232 216 
236 220 
236 208 
236 204 
240 224 
236 236 
232 212 
236 208 
236 204 
240 276 
232 212 
236 220 
252 216 
236 264 
236 208 
272 232 
232 204 
236 212 
240 220 
232 208 
268 208 
496 212 
232 204 
392 208 
228 212 
240 212 
240 224 
0 0 
0 0 
0 0 
736 220 
236 216 
232 208 
236 228 
236 236 
240 224 
236 212 
240 240 
212 212 
240 544 
236 216 
240 216 
232 208 
236 212 
236 208 
236 232 
236 216 
212 212 
224 212 
236 216 
232 208 
236 228 
236 232 
240 212 
240 208 
240 236 
236 212 
236 252 
236 208 
236 204 
232 208 
232 212 
236 224 
240 212 
232 208 
236 224 
240 232 
236 212 
228 204 
228 212 
236 216 
232 224 
236 232 
240 236 
240 232 
236 220 
236 208 
312 232 
236 208 
232 236 
240 228 
240 236 
236 204 
240 212 
236 208 
236 212 
232 208 
240 212 
228 216 
236 216 
232 216 
236 216 
236 236 
232 208 
232 216 
232 248 
232 208 
236 204 
236 208 
236 244 
236 208 
228 204 
232 216 
232 236 
232 208 
240 236 
236 204 
448 268 
256 216 
232 208 
236 264 
236 224 
236 208 
232 208 
240 208 
240 212 
508 212 
240 204 
232 216 
236 236 
232 212 
236 256 
236 208 
236 208 
232 216 
748 240 
256 204 
240 204 
236 216 
232 212 
240 204 
232 208 
232 204 
212 208 
240 564 
240 220 
232 212 
236 208 
236 212 
232 208 
236 216 
232 232 
220 220 
240 260 
240 212 
240 208 
236 208 
232 232 
240 208 
240 208 
236 212 
240 212 
232 208 
232 208 
240 220 
236 216 
240 208 
232 204 
232 216 
236 212 
240 244 
240 216 
236 240 
236 208 
232 208 
240 220 
232 232 
236 232 
228 208 
236 212 
240 236 
240 216 
232 208 
240 240 
240 212 
384 208 
240 208 
232 204 
240 204 
236 212 
232 236 
236 216 
236 212 
232 212 
240 232 
232 112 
76 44 
228 244 
228 268 
236 216 
236 208 
660 208 
256 216 
240 232 
236 208 
236 216 
236 236 
292 236 
232 204 
228 216 
240 236 
236 240 
312 208 
240 212 
236 208 
232 216 
232 212 
228 220 
228 260 
236 236 
236 216 
520 212 
236 204 
48 44 
236 208 
236 232 
236 204 
240 236 
240 236 
232 212 
236 388 
240 208 
240 236 
236 208 
232 208 
440 212 
232 212 
236 212 
212 236 
236 600 
240 208 
236 224 
232 216 
232 208 
228 212 
236 216 
232 208 
212 208 
240 228 
240 216 
236 212 
236 212 
236 40 
232 204 
224 216 
236 240 
236 212 
236 204 
232 204 
240 208 
236 216 
236 208 
240 236 
236 212 
240 236 
236 212 
232 232 
232 216 
236 248 
236 220 
232 216 
240 212 
228 212 
228 208 
232 232 
232 204 
228 208 
236 216 
272 208 
236 212 
240 208 
240 204 
236 216 
240 216 
236 252 
232 208 
240 216 
228 208 
236 208 
236 228 
236 216 
232 232 
228 204 
236 208 
236 216 
232 208 
232 208 
236 224 
236 216 
240 204 
236 216 
232 240 
228 212 
240 220 
232 212 
232 236 
244 220 
328 228 
232 216 
236 236 
240 208 
236 232 
232 208 
236 208 
232 208 
240 236 
552 220 
228 208 
232 264 
212 236 
348 212 
240 208 
236 208 
248 208 
240 236 
236 392 
236 208 
232 212 
240 236 
236 212 
244 208 
236 252 
240 212 
216 220 
236 592 
260 212 
240 224 
232 216 
232 208 
240 228 
232 208 
236 220 
212 216 
236 208 
228 208 
236 208 
236 236 
248 208 
236 240 
236 208 
236 216 
240 236 
312 208 
240 212 
240 212 
244 208 
232 212 
236 264 
240 208 
236 220 
272 232 
236 212 
232 204 
236 212 
236 212 
236 212 
232 216 
236 232 
240 264 
240 212 
232 208 
240 260 
236 212 
232 204 
228 212 
240 212 
236 216 
232 212 
236 208 
232 216 
240 232 
240 208 
232 240 
260 224 
232 208 
236 212 
232 208 
232 208 
236 220 
232 224 
236 220 
232 204 
236 204 
240 212 
232 212 
232 208 
228 208 
240 208 
236 208 
240 212 
232 212 
236 208 
1288 224 
232 212 
232 208 
236 204 
236 228 
236 216 
232 204 
232 208 
236 224 
584 212 
232 208 
244 212 
240 236 
232 208 
232 212 
236 216 
236 248 
228 212 
236 424 
236 208 
232 232 
236 212 
244 216 
240 232 
232 204 
228 212 
216 236 
300 512 
240 208 
236 212 
228 212 
232 228 
236 240 
240 208 
240 216 
208 204 
240 220 
236 208 
232 204 
308 220 
236 220 
240 232 
232 212 
228 208 
240 204 
228 212 
240 212 
232 208 
240 228 
268 208 
236 232 
236 244 
240 216 
236 212 
240 208 
240 204 
240 236 
236 208 
240 212 
228 204 
236 208 
240 224 
232 236 
240 208 
240 232 
236 236 
232 208 
228 208 
240 236 
232 208 
232 212 
236 212 
232 228 
232 212 
232 208 
232 236 
232 212 
228 220 
236 212 
236 212 
228 208 
244 212 
232 208 
232 204 
240 964 
256 204 
232 212 
236 212 
236 212 
236 212 
232 208 
236 208 
236 204 
236 244 
300 208 
364 208 
232 212 
244 212 
236 220 
236 212 
240 212 
48 44 
236 212 
232 204 
596 208 
236 208 
232 212 
236 236 
232 208 
236 204 
236 212 
240 232 
212 208 
240 432 
228 212 
236 236 
236 236 
232 208 
236 232 
232 216 
236 204 
208 236 
240 636 
240 216 
236 212 
236 208 
236 204 
248 232 
236 212 
48 48 
212 236 
236 304 
232 204 
240 220 
232 208 
232 212 
236 212 
240 232 
228 216 
232 212 
240 212 
236 208 
228 208 
236 220 
240 236 
236 212 
232 208 
240 212 
232 260 
236 204 
240 216 
236 212 
232 212 
236 236 
236 204 
232 212 
236 44 
228 212 
236 212 
236 220 
236 208 
232 204 
232 220 
240 240 
240 208 
232 220 
232 244 
240 208 
240 940 
240 236 
236 204 
232 216 
236 232 
236 212 
240 216 
232 216 
228 216 
236 268 
240 236 
232 204 
228 208 
236 236 
236 212 
240 208 
236 212 
240 212 
232 256 
232 208 
244 208 
232 212 
372 216 
244 236 
236 308 
236 208 
228 208 
236 208 
232 212 
236 304 
232 208 
632 212 
240 224 
232 216 
236 924 
232 208 
236 252 
236 220 
236 224 
208 216 
232 448 
232 264 
240 276 
556 220 
240 208 
236 204 
228 212 
236 212 
260 208 
240 668 
232 212 
228 212 
244 236 
240 204 
240 208 
236 236 
232 204 
212 212 
240 232 
240 224 
232 212 
232 204 
236 212 
232 208 
232 208 
228 216 
236 204 
708 208 
228 208 
236 220 
236 208 
232 252 
236 224 
272 208 
236 208 
232 208 
228 212 
232 208 
236 236 
236 208 
232 204 
248 216 
348 208 
236 236 
236 208 
236 236 
240 212 
236 220 
240 216 
232 216 
232 204 
240 236 
232 212 
236 236 
232 212 
232 208 
236 260 
240 208 
236 212 
228 208 
240 236 
232 216 
236 204 
240 208 
228 208 
240 212 
228 212 
236 236 
232 212 
236 212 
232 208 
236 212 
232 208 
244 260 
236 212 
232 208 
232 232 
364 232 
236 816 
256 228 
236 208 
232 212 
236 204 
236 208 
236 264 
240 208 
636 204 
296 236 
240 216 
240 216 
232 204 
228 204 
236 208 
240 220 
208 216 
240 404 
236 212 
232 204 
236 216 
236 208 
244 208 
232 208 
236 228 
216 212 
236 700 
232 220 
236 204 
240 208 
236 252 
236 264 
236 240 
932 232 
216 212 
236 208 
232 208 
240 216 
228 212 
236 212 
236 204 
236 212 
228 216 
232 236 
236 220 
232 212 
228 208 
240 208 
236 208 
232 204 
236 204 
240 212 
236 208 
236 204 
236 236 
244 212 
240 232 
236 212 
236 208 
232 224 
240 212 
236 212 
228 212 
228 232 
240 224 
244 232 
232 220 
744 204 
240 236 
232 224 
236 212 
240 220 
236 236 
236 208 
236 208 
244 212 
264 212 
236 220 
232 216 
232 204 
236 212 
240 232 
236 208 
228 208 
236 212 
240 208 
236 236 
236 208 
232 208 
236 208 
236 216 
236 216 
240 208 
232 208 
400 208 
228 208 
236 260 
228 208 
244 236 
236 212 
236 236 
232 208 
236 236 
640 224 
240 212 
236 236 
236 224 
236 208 
236 208 
232 208 
232 208 
216 232 
240 464 
240 204 
236 208 
232 208 
236 208 
916 260 
240 264 
240 220 
212 232 
232 744 
48 236 
236 236 
240 224 
232 208 
256 212 
236 232 
232 212 
216 216 
236 240 
236 208 
240 236 
244 216 
236 216 
240 212 
228 204 
232 232 
240 216 
236 212 
236 216 
236 224 
240 244 
236 212 
236 212 
232 204 
232 212 
240 212 
232 212 
232 236 
236 232 
44 780 
228 212 
240 236 
236 212 
232 212 
240 208 
236 236 
240 216 
232 208 
232 204 
240 216 
232 204 
228 208 
240 236 
236 216 
232 204 
232 208 
236 212 
240 204 
240 232 
236 236 
236 212 
232 208 
236 208 
232 232 
240 216 
236 208 
232 168 
232 216 
224 208 
240 232 
232 212 
236 216 
240 212 
232 204 
236 244 
240 212 
236 212 
428 208 
228 216 
232 208 
232 208 
228 208 
232 208 
268 208 
240 260 
232 212 
688 212 
240 212 
236 220 
704 228 
236 208 
228 264 
236 256 
232 208 
208 204 
248 508 
236 236 
236 212 
236 216 
232 204 
244 212 
236 220 
236 212 
212 212 
232 208 
240 212 
240 212 
236 208 
232 208 
236 264 
256 212 
236 208 
240 208 
232 216 
236 212 
232 212 
240 236 
240 208 
232 208 
240 240 
236 212 
232 212 
236 216 
676 248 
232 212 
244 236 
232 208 
240 208 
232 208 
232 236 
236 208 
232 204 
236 204 
232 204 
236 204 
236 204 
236 208 
236 232 
236 212 
232 212 
236 216 
236 208 
236 232 
236 208 
236 208 
232 212 
232 212 
236 220 
236 204 
240 208 
232 208 
232 208 
232 216 
240 224 
240 212 
232 208 
268 204 
240 220 
236 212 
232 208 
232 212 
232 208 
232 212 
224 244 
240 208 
236 208 
232 248 
236 208 
236 212 
232 208 
224 212 
240 208 
452 232 
236 240 
236 244 
228 212 
232 204 
244 208 
236 212 
236 224 
236 236 
716 208 
228 216 
236 212 
240 208 
232 212 
232 216 
236 232 
236 224 
212 208 
236 484 
236 212 
232 212 
236 240 
364 216 
232 208 
236 212 
240 216 
212 208 
256 208 
236 212 
236 204 
236 212 
240 216 
244 220 
236 228 
236 1368 
232 212 
264 208 
240 236 
232 208 
236 208 
236 204 
228 204 
240 232 
236 212 
232 212 
256 208 
236 236 
240 208 
232 220 
236 208 
240 208 
232 228 
232 216 
232 212 
240 236 
232 212 
228 212 
236 224 
232 260 
236 216 
232 204 
232 204 
232 204 
236 212 
232 216 
240 216 
232 208 
240 212 
848 212 
232 212 
232 204 
228 212 
236 236 
236 204 
236 248 
236 216 
236 208 
232 208 
236 208 
236 220 
232 208 
232 212 
232 212 
236 236 
240 208 
236 212 
236 228 
228 208 
232 208 
260 208 
228 212 
236 248 
240 212 
236 204 
236 236 
488 212 
232 208 
232 208 
232 208 
228 236 
232 224 
236 212 
232 208 
232 212 
716 216 
236 204 
232 212 
236 232 
236 224 
236 212 
240 208 
236 208 
216 208 
236 564 
232 212 
240 208 
232 212 
236 220 
236 208 
248 220 
240 224 
220 208 
240 208 
244 212 
236 220 
236 204 
240 208 
236 212 
232 204 
236 236 
236 208 
232 208 
232 208 
236 236 
236 208 
232 228 
236 224 
232 204 
232 252 
236 208 
232 208 
44 40 
236 224 
236 240 
236 224 
232 212 
240 236 
232 208 
236 216 
240 232 
232 236 
236 208 
436 208 
240 212 
236 208 
236 240 
240 212 
232 208 
232 248 
232 208 
236 212 
236 212 
232 216 
236 220 
240 224 
232 208 
232 220 
236 236 
48 116 
240 212 
232 208 
236 208 
236 252 
236 236 
232 212 
236 212 
236 212 
232 208 
240 216 
228 208 
228 212 
244 236 
236 212 
240 204 
236 264 
240 240 
420 208 
240 212 
232 224 
232 208 
508 236 
236 212 
232 204 
236 232 
236 212 
240 44 
240 240 
240 232 
236 208 
724 208 
232 212 
236 236 
236 212 
236 216 
232 228 
232 240 
232 204 
212 204 
240 540 
236 220 
236 212 
232 208 
236 232 
232 236 
232 212 
236 216 
208 260 
232 244 
240 236 
236 208 
232 208 
252 208 
240 212 
232 236 
240 236 
236 212 
232 208 
236 236 
240 208 
232 204 
232 212 
228 212 
236 204 
268 216 
248 224 
236 208 
236 208 
236 236 
236 216 
236 208 
236 212 
232 212 
236 208 
236 220 
236 208 
232 208 
232 208 
232 228 
236 224 
232 216 
236 208 
236 212 
236 208 
236 248 
236 212 
236 232 
236 256 
240 216 
240 208 
236 212 
236 212 
228 212 
236 212 
240 212 
240 212 
236 208 
240 228 
232 216 
232 212 
240 220 
192 212 
228 212 
244 220 
236 208 
240 212 
232 204 
272 208 
236 216 
240 204 
236 232 
240 216 
236 204 
228 212 
240 236 
248 216 
528 224 
236 212 
236 216 
240 208 
232 216 
236 204 
236 208 
232 216 
232 212 
752 260 
236 208 
236 204 
236 236 
232 216 
232 228 
240 212 
240 212 
208 204 
224 208 
480 208 
228 272 
236 232 
236 212 
240 208 
240 212 
236 208 
212 208 
240 212 
236 248 
236 212 
232 240 
240 212 
236 220 
232 208 
236 220 
240 212 
232 212 
236 204 
264 220 
228 216 
232 212 
236 228 
240 220 
228 208 
236 212 
240 208 
236 212 
232 208 
236 212 
232 212 
232 208 
236 236 
240 208 
232 208 
232 244 
240 232 
232 208 
236 208 
232 216 
236 208 
236 216 
236 208 
240 208 
232 220 
236 232 
232 208 
280 236 
244 236 
572 216 
236 208 
236 236 
240 204 
232 208 
236 212 
232 212 
232 208 
232 216 
236 212 
244 208 
232 204 
228 212 
232 208 
228 212 
240 232 
236 216 
228 228 
308 228 
232 208 
240 248 
276 208 
236 216 
236 204 
236 212 
232 220 
236 212 
544 208 
228 212 
240 212 
236 236 
240 208 
240 216 
232 204 
232 212 
228 204 
240 376 
240 236 
236 216 
232 212 
232 216 
232 208 
236 204 
240 248 
212 212 
232 588 
232 212 
240 212 
228 212 
236 220 
236 212 
236 212 
232 216 
216 216 
240 208 
240 208 
236 204 
236 220 
232 208 
232 264 
236 208 
232 212 
228 252 
236 264 
236 212 
236 224 
240 220 
236 208 
192 208 
236 208 
232 248 
296 204 
236 332 
232 232 
44 236 
240 216 
232 216 
228 220 
236 216 
232 212 
240 212 
236 208 
236 204 
232 208 
240 1048 
236 216 
232 248 
236 220 
240 212 
236 240 
236 216 
236 208 
240 260 
228 212 
240 216 
236 212 
240 208 
232 212 
236 208 
236 236 
236 220 
236 212 
44 44 
232 208 
240 204 
232 212 
236 212 
232 224 
244 208 
236 204 
236 220 
232 204 
240 212 
316 236 
236 208 
236 208 
236 216 
240 204 
240 208 
232 208 
228 208 
240 236 
552 212 
228 216 
236 208 
240 216 
236 212 
236 204 
236 44 
232 204 
240 208 
232 404 
232 224 
244 220 
296 208 
236 256 
240 220 
240 224 
252 216 
212 204 
240 640 
236 232 
240 216 
240 208 
232 208 
236 208 
240 208 
236 232 
216 212 
236 232 
232 212 
240 216 
232 212 
232 208 
240 212 
236 204 
240 208 
240 216 
240 216 
240 208 
232 208 
228 212 
240 212 
236 232 
236 224 
240 208 
236 236 
236 208 
244 812 
236 220 
236 212 
236 208 
232 212 
240 228 
232 216 
236 252 
236 212 
232 208 
232 208 
244 232 
244 204 
232 212 
232 212 
236 236 
232 204 
232 208 
240 208 
236 204 
232 208 
236 212 
236 216 
236 232 
228 208 
236 244 
240 256 
236 216 
236 212 
236 232 
236 208 
236 212 
236 216 
232 212 
236 944 
232 204 
232 212 
236 252 
236 208 
228 212 
332 212 
236 236 
232 208 
236 220 
232 216 
236 204 
240 236 
240 208 
232 236 
572 212 
236 212 
240 236 
240 236 
236 232 
240 212 
236 232 
236 212 
232 204 
236 396 
240 212 
236 212 
236 204 
236 236 
232 208 
236 216 
232 216 
220 232 
460 232 
232 216 
236 212 
232 216 
236 204 
236 224 
232 220 
228 212 
212 208 
240 216 
236 208 
232 208 
236 236 
240 212 
236 224 
232 208 
240 232 
240 236 
228 212 
236 212 
240 208 
232 212 
232 232 
236 236 
240 208 
332 208 
240 204 
232 204 
228 208 
240 220 
236 208 
236 208 
232 208 
240 212 
240 212 
228 236 
240 208 
232 212 
232 212 
232 224 
232 216 
236 212 
236 216 
232 216 
228 216 
236 212 
232 220 
232 212 
228 212 
240 224 
236 208 
1048 224 
232 208 
240 212 
232 208 
244 220 
236 208 
236 236 
236 220 
236 208 
232 256 
236 216 
244 212 
240 236 
240 232 
236 208 
228 208 
228 212 
340 204 
236 236 
236 208 
236 204 
228 212 
232 212 
244 212 
232 208 
236 212 
608 216 
232 256 
244 208 
232 204 
232 216 
236 232 
232 208 
984 212 
220 240 
236 436 
232 208 
232 212 
236 212 
236 212 
240 208 
236 204 
232 248 
220 232 
232 688 
240 232 
232 204 
236 208 
240 212 
236 212 
232 212 
232 260 
216 208 
236 208 
240 212 
236 224 
232 212 
240 332 
236 224 
240 236 
236 212 
232 212 
236 276 
236 228 
240 220 
236 208 
236 236 
672 204 
228 212 
236 236 
232 208 
236 224 
232 212 
236 208 
236 216 
236 204 
236 212 
232 204 
248 212 
236 236 
232 216 
236 204 
48 48 
236 212 
232 208 
236 204 
236 224 
236 224 
236 204 
240 240 
240 232 
236 212 
240 216 
232 212 
264 208 
236 212 
236 208 
232 204 
240 216 
236 212 
232 208 
240 208 
240 248 
240 216 
240 212 
232 216 
236 240 
236 208 
244 204 
232 208 
236 236 
44 44 
356 212 
232 208 
240 216 
240 236 
232 208 
776 232 
232 208 
228 216 
240 232 
624 208 
236 208 
232 224 
232 208 
228 248 
240 236 
236 232 
236 208 
216 212 
236 48 
240 212 
240 212 
236 240 
232 208 
228 212 
240 216 
232 204 
216 208 
232 680 
228 208 
236 208 
232 204 
232 212 
240 236 
236 212 
240 212 
212 260 
236 212 
236 208 
232 208 
816 232 
240 204 
236 212 
232 232 
236 212 
232 212 
236 212 
232 216 
232 208 
244 212 
240 240 
236 236 
232 212 
236 212 
240 232 
232 208 
228 204 
240 208 
236 208 
228 208 
236 212 
236 212 
236 212 
232 204 
240 216 
236 208 
232 208 
236 212 
232 208 
240 212 
228 224 
224 208 
240 236 
236 228 
236 232 
236 212 
236 232 
228 208 
236 236 
236 260 
232 208 
236 208 
236 232 
240 204 
232 204 
256 208 
252 212 
236 236 
252 208 
236 208 
740 204 
232 208 
240 236 
236 208 
232 208 
236 212 
408 212 
228 208 
236 220 
236 208 
232 208 
232 232 
340 212 
228 208 
236 236 
620 212 
236 216 
232 208 
236 220 
232 208 
232 236 
244 236 
232 236 
212 252 
232 424 
228 212 
236 212 
232 208 
236 220 
236 212 
232 208 
236 236 
216 232 
236 704 
672 220 
236 208 
240 212 
236 208 
232 216 
232 224 
232 256 
216 216 
232 208 
236 204 
236 208 
228 212 
236 220 
236 212 
232 204 
232 216 
228 216 
236 208 
236 216 
232 212 
236 236 
232 216 
228 212 
240 212 
236 212 
232 220 
236 216 
236 216 
236 212 
232 208 
232 212 
228 216 
240 220 
300 212 
236 232 
236 208 
240 208 
240 208 
228 212 
232 232 
236 212 
236 240 
240 236 
244 236 
232 212 
232 208 
236 232 
236 216 
232 212 
236 216 
228 212 
232 204 
236 208 
232 212 
236 232 
240 216 
236 208 
232 208 
200 208 
240 204 
236 244 
236 236 
232 212 
232 208 
268 208 
236 236 
236 232 
404 212 
240 208 
240 208 
236 216 
232 208 
232 212 
296 236 
236 208 
236 204 
660 208 
236 220 
232 204 
236 208 
236 252 
236 212 
228 212 
244 552 
212 212 
232 508 
232 204 
232 244 
240 212 
232 204 
232 212 
256 204 
236 212 
212 208 
240 720 
236 208 
232 208 
236 224 
236 212 
236 212 
236 212 
236 208 
212 212 
232 212 
240 212 
232 232 
232 204 
232 224 
240 212 
236 220 
236 216 
236 212 
236 220 
236 236 
228 212 
232 212 
232 204 
436 204 
236 212 
56 56 
0 0 
48 48 
208 40 
228 192 
196 216 
272 208 
240 232 
232 228 
240 236 
236 212 
236 208 
232 212 
236 216 
236 216 
232 212 
240 212 
240 260 
240 208 
232 208 
316 232 
240 212 
236 232 
232 212 
240 232 
236 212 
236 244 
236 208 
232 208 
232 220 
232 224 
232 216 
236 212 
236 204 
228 208 
240 208 
236 236 
236 208 
232 208 
240 204 
232 208 
228 208 
232 204 
428 208 
236 240 
240 208 
236 212 
268 208 
232 216 
232 212 
236 220 
240 208 
688 212 
236 212 
232 208 
232 240 
236 212 
232 208 
232 208 
236 208 
212 204 
264 480 
236 236 
236 216 
240 212 
236 208 
220 208 
240 232 
232 256 
260 208 
236 244 
240 208 
232 208 
232 212 
240 240 
232 204 
232 212 
228 232 
224 232 
232 204 
236 212 
236 240 
324 212 
236 208 
232 208 
240 236 
240 212 
236 216 
232 208 
228 208 
232 212 
232 204 
236 232 
232 212 
232 204 
308 220 
232 204 
236 216 
236 216 
240 216 
232 236 
240 232 
240 264 
240 236 
236 216 
240 212 
228 212 
240 216 
232 208 
236 236 
236 208 
232 208 
236 244 
236 224 
236 212 
240 212 
408 204 
236 212 
232 212 
240 208 
236 208 
240 208 
228 208 
236 216 
228 208 
236 208 
232 208 
236 208 
236 208 
220 212 
232 216 
240 216 
228 204 
236 236 
236 208 
232 232 
236 212 
232 204 
456 236 
236 228 
236 208 
236 212 
236 228 
240 232 
228 208 
232 208 
232 216 
684 224 
236 208 
240 220 
236 212 
240 208 
232 204 
228 268 
232 212 
208 216 
236 548 
240 252 
240 224 
236 204 
236 252 
236 212 
228 212 
236 216 
212 224 
236 208 
236 212 
236 228 
240 236 
232 204 
236 208 
236 252 
236 204 
236 208 
232 216 
232 204 
240 208 
240 204 
232 208 
232 216 
232 204 
236 216 
232 204 
228 208 
240 208 
236 212 
232 208 
236 264 
236 232 
240 212 
236 216 
232 216 
236 248 
232 236 
232 216 
232 204 
232 240 
236 212 
240 236 
232 220 
228 212 
232 208 
232 212 
232 212 
232 212 
236 204 
240 232 
240 208 
240 244 
240 236 
232 208 
232 204 
228 208 
236 208 
236 240 
252 208 
236 212 
236 208 
228 216 
48 44 
236 256 
236 216 
232 208 
236 208 
256 208 
232 204 
240 208 
236 236 
236 208 
236 208 
236 232 
240 236 
236 208 
232 568 
232 212 
232 204 
236 232 
268 208 
236 236 
236 212 
236 232 
236 208 
712 220 
236 212 
236 216 
236 232 
48 164 
236 220 
232 208 
232 204 
216 236 
236 552 
240 204 
232 204 
232 236 
240 212 
232 208 
236 208 
236 260 
208 216 
244 216 
240 208 
232 204 
240 260 
236 208 
232 228 
236 216 
236 204 
236 212 
228 212 
232 208 
232 212 
240 264 
244 48 
240 208 
228 208 
232 220 
236 216 
232 204 
236 208 
240 236 
232 208 
236 208 
1012 232 
236 212 
240 208 
240 212 
228 208 
236 212 
236 236 
236 236 
232 208 
244 212 
240 204 
236 224 
236 212 
232 212 
236 212 
232 208 
240 228 
240 212 
240 236 
236 212 
240 264 
240 212 
272 208 
240 216 
236 220 
236 252 
232 208 
236 212 
232 204 
236 220 
236 236 
344 212 
240 264 
236 220 
228 212 
232 236 
268 212 
232 208 
232 228 
232 208 
236 232 
236 212 
236 248 
236 212 
236 224 
488 216 
236 204 
224 208 
244 212 
240 236 
240 208 
232 204 
260 216 
240 208 
236 348 
236 216 
232 208 
240 228 
236 212 
240 208 
236 232 
236 208 
212 216 
236 548 
236 212 
232 208 
236 208 
240 208 
232 264 
236 208 
232 208 
212 256 
240 220 
236 208 
236 212 
236 212 
236 212 
232 212 
240 228 
236 216 
236 208 
236 208 
232 208 
236 256 
1304 232 
240 212 
236 208 
232 212 
244 236 
236 204 
236 232 
232 204 
236 212 
236 236 
236 204 
240 212 
236 212 
240 216 
240 216 
228 208 
236 212 
244 252 
232 212 
292 212 
228 204 
240 212 
232 224 
236 220 
236 208 
228 224 
236 212 
236 212 
236 232 
240 244 
264 208 
232 212 
240 228 
308 212 
236 212 
236 220 
232 216 
232 208 
244 208 
232 208 
232 228 
240 236 
244 212 
228 212 
236 204 
236 204 
232 212 
296 220 
228 220 
236 212 
232 208 
240 204 
256 212 
228 228 
236 208 
236 208 
532 220 
240 264 
236 208 
236 228 
232 240 
232 208 
232 236 
240 208 
232 228 
240 360 
232 216 
232 220 
236 240 
236 236 
228 204 
236 212 
236 208 
212 212 
240 572 
232 216 
236 204 
232 212 
236 208 
232 208 
236 204 
236 212 
216 232 
240 212 
1116 260 
236 224 
240 212 
232 292 
236 212 
236 212 
244 212 
232 212 
236 216 
240 212 
240 236 
232 212 
240 212 
232 208 
236 212 
240 236 
236 216 
240 236 
240 208 
232 212 
232 212 
236 232 
232 208 
232 212 
232 232 
232 208 
236 216 
236 212 
236 208 
228 216 
232 224 
228 256 
240 208 
232 212 
1052 236 
236 204 
240 236 
232 208 
232 212 
232 208 
232 208 
236 232 
236 208 
236 212 
108 44 
232 212 
240 232 
240 212 
232 204 
236 256 
236 232 
236 252 
236 208 
240 212 
240 216 
236 236 
228 220 
232 216 
304 208 
240 208 
232 204 
232 212 
240 220 
236 212 
236 208 
224 212 
236 236 
864 212 
236 216 
236 248 
240 216 
232 212 
232 204 
44 44 
236 208 
232 236 
236 392 
236 208 
228 212 
236 208 
232 208 
232 208 
240 212 
240 208 
216 220 
232 612 
236 236 
232 208 
236 216 
240 212 
236 212 
240 216 
232 208 
224 212 
232 208 
240 208 
232 212 
236 204 
232 204 
232 216 
228 44 
232 212 
240 220 
232 212 
240 212 
240 224 
240 208 
228 208 
236 212 
256 208 
236 232 
232 204 
236 212 
236 208 
240 248 
232 208 
236 204 
232 204 
944 212 
232 204 
236 204 
232 204 
232 212 
232 236 
236 208 
236 228 
248 212 
240 208 
236 220 
240 244 
240 220 
232 236 
236 208 
240 208 
236 220 
236 216 
236 212 
236 208 
244 232 
240 220 
232 212 
240 208 
232 204 
232 216 
236 204 
240 236 
240 212 
236 208 
232 212 
240 208 
232 204 
816 212 
232 208 
332 216 
236 244 
236 232 
236 212 
236 212 
232 212 
232 208 
236 236 
236 212 
560 212 
232 208 
236 204 
236 244 
240 260 
236 252 
236 208 
232 212 
240 212 
232 388 
232 220 
240 224 
236 204 
232 220 
232 208 
232 260 
236 216 
216 232 
236 636 
236 208 
232 232 
228 216 
232 208 
232 216 
236 208 
228 212 
244 212 
236 212 
232 212 
236 212 
240 236 
236 212 
236 212 
236 208 
232 264 
240 252 
236 204 
236 212 
292 208 
240 228 
232 208 
236 212 
236 236 
232 208 
236 224 
232 216 
232 208 
236 224 
224 216 
236 208 
240 212 
232 204 
232 240 
240 236 
240 232 
240 220 
240 208 
240 220 
236 236 
232 232 
232 208 
236 236 
232 236 
232 204 
236 212 
232 208 
236 216 
232 212 
236 204 
236 212 
232 208 
236 216 
232 216 
748 208 
236 204 
232 204 
236 236 
236 208 
232 204 
236 208 
228 232 
240 236 
232 208 
232 208 
292 204 
232 204 
332 212 
256 212 
232 204 
236 208 
236 236 
236 212 
236 208 
236 216 
240 204 
600 236 
236 208 
228 204 
232 224 
236 216 
236 212 
236 204 
228 212 
240 212 
232 408 
232 212 
232 212 
852 212 
236 224 
236 212 
228 204 
236 212 
212 204 
232 696 
232 212 
240 236 
236 216 
232 208 
236 216 
236 208 
236 208 
208 204 
256 212 
240 236 
236 216 
240 212 
232 212 
236 236 
240 212 
236 252 
236 208 
228 212 
236 236 
232 208 
240 228 
264 208 
228 228 
244 212 
240 204 
240 236 
236 208 
232 236 
236 208 
240 208 
240 236 
232 204 
232 212 
240 236 
236 216 
240 208 
232 216 
236 236 
232 208 
240 220 
232 212 
236 236 
240 208 
820 216 
236 232 
244 228 
236 208 
236 212 
236 224 
344 232 
240 212 
236 208 
240 228 
240 248 
228 216 
236 208 
232 208 
240 204 
236 236 
232 208 
232 208 
240 212 
232 236 
228 216 
236 220 
236 208 
236 236 
368 204 
232 216 
236 208 
236 232 
236 208 
248 212 
240 220 
236 204 
236 264 
596 212 
424 208 
40 40 
232 212 
232 208 
228 208 
236 224 
236 204 
220 204 
240 380 
236 224 
236 208 
240 212 
232 208 
236 212 
232 248 
232 212 
220 216 
232 676 
236 260 
240 208 
236 224 
236 212 
240 216 
240 236 
284 220 
216 236 
236 212 
232 208 
240 236 
44 44 
236 236 
236 220 
232 212 
200 204 
236 220 
236 216 
232 212 
236 212 
236 212 
240 212 
240 208 
240 208 
232 236 
240 220 
232 224 
236 232 
244 212 
236 208 
236 208 
240 236 
236 260 
232 208 
236 216 
240 208 
236 208 
236 212 
228 40 
232 256 
232 212 
232 204 
232 216 
232 212 
240 232 
236 212 
228 208 
236 240 
236 220 
240 220 
240 252 
240 212 
240 212 
240 212 
236 204 
252 208 
236 212 
236 252 
232 208 
236 208 
232 236 
232 208 
232 204 
232 236 
232 212 
236 912 
240 212 
388 208 
240 232 
244 208 
236 204 
236 236 
236 208 
232 208 
236 208 
236 208 
624 216 
240 212 
236 264 
240 220 
240 212 
232 212 
232 208 
236 236 
212 220 
240 396 
232 208 
232 236 
236 208 
232 208 
236 208 
232 212 
236 232 
216 216 
236 692 
236 204 
236 228 
236 208 
236 208 
196 244 
236 220 
232 208 
216 232 
316 212 
232 208 
232 204 
236 204 
236 236 
240 220 
232 216 
236 216 
228 212 
240 208 
236 212 
236 248 
240 236 
240 216 
236 220 
232 212 
228 208 
232 212 
240 236 
236 212 
232 212 
236 208 
228 212 
236 236 
240 216 
232 212 
240 204 
232 208 
232 208 
236 228 
232 236 
240 204 
232 224 
240 220 
236 208 
236 208 
232 212 
232 232 
240 212 
240 220 
232 264 
240 236 
228 212 
236 212 
236 236 
232 208 
228 208 
240 248 
240 224 
236 212 
232 208 
236 240 
240 212 
280 212 
276 208 
236 240 
232 204 
236 216 
236 232 
408 240 
232 204 
244 216 
240 236 
236 208 
236 204 
236 232 
240 240 
236 212 
620 232 
232 212 
240 208 
236 216 
240 236 
236 212 
232 212 
240 236 
220 212 
232 464 
232 212 
240 212 
252 208 
228 208 
236 212 
232 216 
240 220 
212 212 
236 680 
232 208 
232 208 
236 212 
236 232 
240 236 
240 208 
240 236 
220 212 
240 220 
240 228 
232 212 
236 236 
232 208 
236 244 
236 208 
236 208 
236 236 
236 208 
236 208 
232 232 
236 220 
232 220 
236 204 
240 232 
236 216 
236 236 
232 208 
216 212 
228 208 
236 208 
232 204 
252 208 
232 204 
232 212 
240 232 
232 204 
236 216 
236 244 
232 228 
240 212 
232 208 
236 208 
236 212 
236 208 
236 216 
240 212 
236 244 
240 212 
236 212 
252 216 
236 236 
236 264 
236 208 
236 204 
236 268 
236 212 
236 212 
232 208 
232 212 
240 248 
232 208 
236 208 
232 208 
248 236 
236 232 
232 208 
240 236 
412 232 
236 228 
228 228 
212 192 
192 212 
212 192 
232 232 
192 236 
192 228 
192 232 
192 1168 
192 208 
208 236 
192 204 
208 204 
192 208 
188 192 
192 228 
196 188 
208 228 
192 228 
212 208 
208 196 
240 388 
228 228 
196 208 
212 204 
204 208 
232 232 
232 232 
228 188 
228 228 
196 228 
232 216 
232 208 
224 216 
232 212 
232 208 
232 208 
232 236 
240 236 
240 236 
240 236 
232 208 
232 220 
236 212 
232 228 
332 236 
236 224 
240 232 
268 308 
236 236 
236 212 
236 220 
240 208 
236 208 
232 208 
240 232 
236 204 
48 44 
236 1000 
240 216 
240 212 
236 256 
236 220 
232 220 
240 212 
236 208 
232 208 
232 208 
228 208 
232 204 
240 212 
232 204 
232 208 
236 232 
236 212 
248 716 
236 208 
232 232 
240 208 
232 256 
236 232 
240 236 
228 208 
232 208 
224 208 
200 40 
236 232 
236 208 
236 212 
228 216 
240 236 
240 208 
232 1060 
440 212 
236 212 
236 204 
236 236 
236 204 
232 208 
228 208 
232 212 
240 212 
664 208 
228 212 
236 228 
236 228 
236 240 
236 236 
240 208 
236 236 
212 212 
232 548 
232 212 
240 224 
236 224 
232 204 
236 204 
232 208 
236 220 
216 216 
236 204 
232 204 
240 208 
232 208 
236 260 
964 208 
240 220 
240 208 
228 204 
236 236 
240 212 
232 236 
232 208 
240 212 
232 212 
240 208 
232 220 
236 236 
236 208 
240 204 
236 216 
240 232 
240 220 
236 212 
232 204 
236 208 
240 212 
240 236 
232 248 
236 212 
236 212 
236 208 
236 220 
240 208 
232 216 
236 220 
232 208 
232 212 
236 208 
232 212 
240 264 
232 212 
240 208 
236 212 
236 232 
240 232 
232 204 
232 208 
232 204 
228 216 
232 212 
236 236 
240 208 
236 208 
228 212 
236 232 
232 236 
236 212 
236 216 
232 212 
232 236 
236 208 
236 208 
236 208 
236 236 
236 228 
232 208 
228 232 
468 212 
236 232 
228 212 
232 208 
240 208 
240 204 
236 248 
236 232 
236 208 
692 208 
232 216 
236 208 
232 208 
240 232 
240 216 
236 208 
236 208 
212 208 
240 480 
228 204 
236 208 
1116 216 
244 212 
236 208 
228 212 
240 220 
220 208 
240 212 
236 276 
232 260 
244 212 
232 204 
228 212 
236 244 
236 212 
236 212 
232 212 
232 236 
228 204 
240 236 
232 208 
232 208 
236 208 
236 236 
244 244 
236 208 
236 232 
248 216 
236 212 
240 208 
236 252 
240 212 
232 208 
240 224 
236 220 
240 208 
232 212 
236 212 
240 260 
236 260 
236 208 
232 208 
232 212 
236 204 
228 212 
240 208 
232 212 
268 208 
236 212 
236 212 
232 204 
232 212 
240 204 
240 236 
236 212 
236 236 
240 212 
232 212 
240 264 
240 212 
232 208 
232 212 
236 256 
240 228 
232 256 
236 208 
224 232 
232 204 
232 204 
236 212 
232 208 
240 232 
232 212 
236 204 
236 204 
484 236 
236 216 
236 208 
232 216 
236 216 
236 212 
232 204 
232 228 
236 232 
716 224 
716 220 
236 212 
232 204 
240 208 
236 232 
236 208 
240 208 
216 212 
236 552 
236 236 
240 216 
240 212 
232 208 
232 216 
236 216 
236 204 
212 248 
228 204 
236 204 
232 212 
240 204 
236 256 
240 208 
232 244 
236 236 
244 212 
240 240 
232 232 
240 212 
228 212 
236 212 
236 212 
244 212 
228 212 
204 740 
236 216 
236 208 
232 204 
236 212 
232 212 
236 208 
240 208 
236 212 
236 208 
232 208 
236 228 
360 260 
48 40 
232 208 
232 212 
232 204 
228 208 
240 236 
236 208 
236 216 
232 208 
232 204 
236 212 
236 208 
232 208 
232 220 
236 208 
236 208 
236 212 
240 212 
240 244 
236 208 
388 204 
236 212 
236 208 
232 204 
232 208 
236 220 
228 204 
232 212 
52 40 
276 228 
232 212 
236 272 
236 208 
236 204 
236 220 
240 212 
236 208 
236 208 
504 212 
232 208 
236 208 
232 208 
276 212 
236 236 
232 208 
236 216 
236 212 
740 212 
240 236 
236 208 
236 220 
232 264 
232 232 
240 212 
236 228 
212 44 
240 568 
240 236 
236 232 
236 232 
232 208 
240 236 
236 208 
236 204 
212 216 
232 208 
240 232 
236 208 
236 236 
232 208 
232 212 
836 236 
232 212 
240 236 
228 212 
232 236 
240 264 
236 236 
236 216 
236 208 
236 204 
224 212 
240 232 
236 208 
272 212 
236 212 
268 208 
240 204 
240 236 
240 212 
236 236 
236 208 
236 208 
240 236 
240 216 
236 216 
236 208 
232 204 
236 248 
240 232 
236 236 
240 212 
236 212 
240 212 
676 208 
236 228 
232 212 
240 236 
232 208 
228 208 
236 252 
240 236 
232 232 
240 212 
240 224 
240 216 
232 208 
236 204 
236 216 
232 208 
236 204 
240 236 
236 212 
232 204 
264 212 
240 212 
236 216 
236 232 
236 236 
236 208 
236 208 
236 224 
232 216 
408 224 
244 208 
232 212 
232 208 
236 268 
240 216 
240 212 
240 212 
232 208 
744 212 
236 212 
232 208 
236 208 
232 212 
240 248 
236 204 
240 236 
208 208 
228 600 
232 212 
232 212 
240 212 
232 204 
232 212 
240 236 
232 208 
204 332 
236 208 
240 220 
228 212 
236 252 
240 276 
232 204 
236 232 
232 208 
240 212 
232 208 
240 212 
232 216 
240 228 
240 216 
236 220 
232 208 
236 240 
236 212 
232 204 
232 208 
240 212 
232 208 
236 212 
232 216 
236 216 
260 204 
236 212 
236 208 
636 212 
236 220 
232 212 
232 224 
236 236 
236 212 
236 208 
232 220 
232 216 
236 212 
236 236 
236 220 
224 212 
240 236 
236 208 
236 216 
232 208 
240 208 
236 212 
232 208 
236 220 
252 204 
232 212 
240 208 
240 236 
236 224 
240 216 
232 208 
240 236 
236 208 
232 216 
296 212 
256 208 
248 208 
608 212 
228 208 
232 208 
232 232 
276 212 
236 232 
524 212 
240 232 
236 212 
240 220 
232 216 
236 220 
240 212 
240 208 
252 208 
232 384 
228 212 
240 208 
232 212 
232 208 
236 204 
236 212 
236 244 
212 208 
232 660 
232 216 
240 204 
236 204 
232 256 
236 212 
236 232 
228 212 
212 208 
236 212 
232 216 
240 236 
236 220 
236 208 
240 212 
228 212 
236 220 
236 212 
236 208 
236 208 
232 212 
236 204 
240 220 
236 208 
236 208 
236 216 
624 204 
240 236 
232 208 
240 228 
236 244 
336 208 
232 208 
236 208 
240 212 
236 204 
236 256 
240 212 
244 212 
232 216 
236 208 
236 208 
232 208 
232 228 
228 208 
232 208 
232 212 
244 232 
236 208 
236 204 
228 216 
232 220 
236 236 
240 208 
232 208 
236 224 
232 212 
236 236 
308 216 
48 44 
468 208 
232 228 
232 212 
232 212 
236 208 
236 236 
240 212 
236 212 
300 212 
232 204 
284 212 
228 212 
232 208 
240 232 
240 236 
236 208 
228 212 
556 212 
232 208 
240 236 
240 208 
236 232 
236 216 
236 232 
240 208 
240 220 
236 384 
44 44 
240 236 
236 236 
236 212 
236 232 
232 208 
236 220 
208 208 
240 636 
236 236 
236 240 
240 220 
240 208 
232 208 
228 208 
240 224 
216 212 
232 208 
232 208 
240 40 
232 208 
236 208 
236 224 
236 208 
236 236 
240 208 
232 216 
260 212 
236 212 
236 208 
232 212 
236 208 
240 208 
232 208 
236 204 
240 236 
236 208 
236 212 
236 208 
236 252 
256 212 
232 224 
240 212 
232 224 
236 220 
236 232 
240 208 
240 212 
232 208 
236 260 
328 216 
236 204 
228 208 
232 212 
236 212 
232 204 
232 1020 
232 208 
232 228 
244 208 
232 264 
244 208 
232 216 
232 260 
240 216 
236 220 
236 212 
232 208 
240 208 
236 208 
232 212 
240 236 
236 208 
236 208 
236 208 
236 232 
344 228 
236 256 
232 272 
232 212 
232 232 
236 300 
240 208 
232 212 
232 224 
588 212 
236 212 
236 208 
232 212 
236 224 
304 208 
256 212 
236 212 
216 208 
236 396 
232 208 
236 204 
232 208 
236 212 
248 224 
240 236 
236 212 
212 204 
392 384 
232 232 
240 236 
236 216 
240 220 
236 228 
236 220 
236 208 
212 240 
232 228 
236 248 
240 208 
232 212 
236 212 
236 212 
228 212 
240 264 
236 212 
236 216 
240 212 
236 216 
236 208 
236 236 
232 208 
232 208 
232 208 
240 232 
236 204 
240 212 
236 208 
232 212 
232 208 
232 208 
232 212 
236 236 
236 232 
228 204 
240 1160 
232 204 
232 204 
236 212 
232 212 
236 212 
236 260 
236 208 
232 212 
236 224 
240 204 
236 236 
240 208 
232 208 
232 204 
236 208 
236 208 
272 208 
232 208 
236 232 
236 208 
232 256 
236 232 
240 232 
240 208 
240 208 
232 208 
236 240 
236 236 
240 232 
236 208 
368 204 
236 212 
236 204 
216 212 
240 212 
0 0 
0 0 
240 220 
240 224 
596 208 
236 324 
236 212 
236 204 
236 208 
232 236 
236 212 
236 208 
208 232 
236 376 
240 232 
228 212 
240 224 
236 208 
240 260 
232 212 
236 212 
216 204 
232 672 
236 236 
236 208 
236 212 
236 224 
240 208 
240 236 
236 236 
216 204 
232 208 
212 232 
240 220 
248 212 
232 260 
236 236 
236 208 
232 236 
240 212 
236 208 
236 212 
236 208 
232 204 
236 228 
236 208 
236 204 
228 208 
232 1072 
236 216 
228 208 
232 212 
240 216 
288 224 
228 208 
232 204 
240 208 
240 228 
232 208 
240 208 
232 220 
240 208 
232 240 
236 204 
232 220 
232 208 
272 208 
236 236 
236 220 
236 204 
236 208 
236 220 
232 212 
244 236 
232 208 
232 208 
236 216 
236 212 
236 216 
236 216 
236 236 
232 204 
228 1036 
236 232 
236 208 
228 212 
232 212 
44 44 
236 220 
236 224 
372 212 
236 232 
244 220 
0 0 
0 0 
236 216 
228 216 
236 212 
232 208 
628 264 
240 240 
232 212 
264 212 
232 204 
236 236 
236 216 
232 244 
256 208 
236 364 
236 236 
240 216 
240 220 
236 212 
48 44 
244 212 
240 204 
216 268 
244 700 
232 204 
232 244 
240 212 
232 208 
248 212 
236 208 
232 212 
216 208 
236 208 
236 208 
256 212 
240 232 
236 208 
232 232 
236 44 
240 208 
236 212 
228 212 
232 228 
232 208 
232 232 
236 264 
240 212 
236 232 
240 224 
236 216 
236 204 
256 240 
236 208 
236 204 
236 224 
232 672 
252 208 
232 208 
232 204 
240 208 
236 204 
240 240 
236 212 
236 212 
232 212 
228 236 
232 240 
232 224 
236 216 
236 212 
236 208 
232 208 
236 900 
228 212 
232 216 
236 220 
236 264 
232 216 
236 216 
232 212 
252 208 
236 212 
236 208 
228 216 
236 204 
236 240 
236 252 
232 204 
236 208 
240 232 
236 208 
388 212 
236 216 
232 212 
236 208 
236 236 
236 232 
236 204 
240 264 
232 236 
624 208 
232 208 
236 212 
232 240 
240 216 
784 216 
236 220 
236 208 
212 232 
240 440 
236 208 
240 212 
252 212 
236 212 
232 204 
236 236 
236 212 
212 212 
232 708 
240 240 
236 216 
232 228 
236 208 
232 212 
236 216 
232 208 
212 236 
236 212 
232 204 
236 240 
232 208 
236 228 
236 232 
232 216 
244 236 
232 212 
232 216 
240 236 
232 208 
236 212 
232 204 
240 212 
232 208 
236 220 
228 212 
232 212 
236 232 
232 208 
228 256 
236 204 
232 212 
236 216 
236 208 
232 208 
236 208 
232 208 
236 216 
240 212 
240 236 
232 208 
228 208 
280 232 
232 208 
232 216 
236 236 
240 212 
340 216 
232 212 
232 236 
232 204 
236 220 
236 220 
236 208 
232 212 
232 212 
232 260 
240 236 
236 224 
240 232 
232 208 
228 208 
236 236 
232 208 
232 216 
236 232 
240 208 
444 216 
236 208 
240 208 
932 212 
236 224 
232 204 
232 208 
240 216 
232 208 
652 212 
240 220 
196 232 
236 256 
240 220 
236 204 
240 236 
236 212 
208 204 
236 500 
240 232 
244 232 
236 232 
236 208 
264 204 
232 220 
236 212 
208 204 
228 216 
240 224 
240 208 
236 240 
232 208 
268 220 
240 212 
236 216 
216 220 
232 208 
232 232 
240 236 
232 212 
236 212 
232 208 
236 212 
240 204 
228 212 
240 236 
236 236 
236 208 
232 216 
232 208 
260 204 
236 232 
244 228 
236 208 
236 236 
232 212 
244 208 
232 212 
240 228 
236 212 
236 236 
240 208 
236 236 
240 212 
224 208 
240 220 
236 204 
236 208 
236 212 
232 208 
240 220 
236 224 
240 212 
236 204 
232 208 
240 212 
236 212 
236 216 
236 216 
228 208 
232 212 
236 248 
236 204 
232 212 
240 208 
236 232 
224 232 
552 204 
236 196 
48 248 
232 216 
240 224 
236 208 
232 216 
240 212 
428 236 
232 212 
232 308 
240 216 
232 240 
236 212 
236 208 
236 232 
240 212 
664 220 
236 236 
236 224 
236 208 
236 204 
236 208 
236 220 
228 208 
212 212 
232 492 
48 48 
236 236 
236 208 
240 208 
228 212 
232 212 
236 208 
888 232 
232 208 
232 216 
228 216 
240 212 
236 232 
240 216 
236 212 
236 232 
232 208 
236 240 
240 216 
232 204 
236 240 
240 212 
236 204 
236 236 
232 208 
224 264 
244 212 
232 44 
240 208 
236 208 
232 208 
228 208 
232 260 
236 208 
236 204 
236 224 
236 208 
260 208 
240 208 
260 208 
640 208 
240 220 
236 216 
236 208 
256 204 
236 268 
232 228 
232 216 
240 236 
232 256 
252 216 
236 236 
236 204 
240 224 
232 216 
232 208 
236 212 
240 240 
232 208 
232 208 
240 208 
232 208 
232 248 
236 232 
232 228 
240 212 
228 212 
232 228 
240 212 
240 236 
228 212 
236 208 
236 204 
236 220 
236 216 
228 212 
444 204 
236 212 
236 236 
232 208 
236 208 
232 236 
240 232 
232 208 
236 208 
680 220 
236 212 
236 232 
236 340 
232 212 
232 220 
780 236 
240 212 
212 212 
236 540 
236 236 
232 212 
236 228 
236 232 
236 208 
228 212 
236 232 
212 208 
236 212 
236 236 
236 232 
240 216 
236 208 
236 216 
240 236 
236 216 
236 240 
240 236 
232 216 
232 232 
236 224 
232 208 
232 204 
232 264 
236 216 
236 228 
232 208 
240 220 
236 216 
608 204 
240 252 
236 204 
232 212 
232 216 
236 216 
240 208 
232 208 
240 212 
240 252 
240 212 
240 236 
232 208 
260 208 
236 212 
236 232 
232 208 
240 224 
236 236 
236 260 
236 216 
236 204 
232 212 
240 212 
240 208 
236 208 
236 216 
236 244 
240 232 
232 204 
228 216 
232 212 
236 212 
236 208 
228 212 
236 204 
240 264 
236 216 
232 216 
232 216 
244 232 
232 212 
232 208 
236 208 
232 212 
228 208 
240 208 
484 212 
240 232 
232 204 
232 208 
232 232 
240 212 
240 192 
236 188 
236 216 
724 204 
236 232 
236 216 
232 208 
236 224 
240 236 
236 204 
240 204 
216 208 
232 572 
240 240 
236 208 
236 208 
232 212 
240 212 
240 212 
236 216 
212 212 
228 212 
340 204 
232 256 
232 232 
232 212 
232 208 
232 236 
228 216 
240 220 
232 204 
684 208 
236 204 
236 232 
240 208 
232 204 
236 204 
232 208 
236 220 
232 208 
232 208 
236 212 
236 236 
236 212 
232 212 
236 236 
232 204 
240 212 
236 212 
228 212 
236 212 
236 208 
232 208 
236 216 
232 208 
228 212 
240 220 
240 236 
236 208 
236 236 
232 208 
228 212 
240 236 
236 216 
232 212 
644 204 
236 220 
236 220 
240 208 
232 204 
232 236 
236 208 
236 216 
232 212 
236 220 
232 232 
48 44 
236 204 
236 248 
236 208 
256 204 
232 216 
236 204 
232 212 
232 224 
240 212 
236 236 
236 212 
236 216 
516 212 
240 204 
232 212 
240 232 
232 208 
232 208 
236 212 
236 212 
264 212 
744 208 
232 208 
236 240 
236 224 
236 212 
236 204 
232 212 
44 40 
212 208 
240 560 
232 212 
240 268 
232 204 
236 228 
232 216 
232 236 
236 224 
492 204 
240 216 
232 216 
240 236 
232 236 
236 216 
228 208 
236 208 
232 212 
236 240 
236 212 
240 212 
236 208 
240 204 
236 244 
236 236 
240 208 
236 204 
236 48 
236 232 
236 220 
232 204 
240 216 
240 236 
240 208 
232 204 
232 228 
236 212 
240 212 
236 208 
236 212 
236 204 
236 212 
236 208 
464 204 
232 204 
232 208 
236 208 
236 212 
232 220 
232 208 
236 244 
240 260 
240 208 
240 220 
240 204 
236 212 
232 204 
240 256 
236 224 
236 228 
256 212 
232 204 
236 260 
240 212 
240 232 
232 236 
228 216 
240 216 
236 236 
292 236 
232 212 
276 208 
236 232 
448 212 
236 204 
232 208 
232 232 
232 212 
512 208 
236 212 
232 212 
236 264 
240 216 
232 208 
236 208 
236 232 
236 208 
740 232 
236 208 
252 212 
236 212 
232 212 
240 232 
232 212 
236 216 
212 216 
252 604 
240 236 
232 204 
240 220 
232 212 
228 208 
232 208 
232 212 
212 204 
236 228 
240 220 
236 208 
236 204 
232 228 
232 224 
240 232 
236 228 
232 212 
232 216 
228 228 
236 236 
240 212 
240 252 
276 208 
240 232 
244 220 
232 204 
236 232 
240 220 
236 208 
1104 236 
240 208 
232 208 
232 208 
236 212 
228 212 
236 216 
240 204 
288 212 
232 208 
232 208 
236 220 
240 236 
236 212 
240 236 
232 208 
240 220 
232 208 
236 208 
236 236 
236 208 
236 232 
236 204 
240 264 
240 208 
240 236 
236 208 
232 240 
232 208 
236 212 
236 248 
240 212 
232 208 
232 212 
232 212 
236 208 
236 216 
348 212 
296 204 
236 220 
240 216 
236 208 
236 208 
232 208 
236 236 
236 204 
232 208 
528 236 
236 204 
228 208 
240 216 
232 224 
232 208 
236 236 
236 236 
240 212 
232 380 
236 260 
236 272 
232 212 
236 204 
236 204 
236 212 
232 212 
208 264 
236 612 
232 208 
236 264 
236 208 
236 208 
236 212 
232 212 
240 204 
212 212 
240 208 
236 208 
240 208 
240 216 
236 212 
228 228 
232 204 
248 220 
236 232 
236 212 
240 896 
236 212 
236 208 
236 208 
240 248 
232 208 
236 236 
232 208 
236 208 
236 204 
232 248 
240 212 
232 208 
232 208 
228 204 
244 264 
232 208 
236 220 
232 208 
232 208 
240 220 
236 204 
228 216 
236 232 
244 244 
236 236 
244 212 
236 212 
240 212 
232 208 
240 212 
232 204 
232 252 
232 208 
356 212 
236 216 
236 212 
228 212 
236 212 
236 256 
236 216 
232 212 
232 224 
240 240 
240 240 
236 212 
232 212 
236 208 
236 212 
320 212 
236 204 
240 212 
236 224 
232 204 
236 212 
236 208 
232 256 
236 212 
532 212 
232 212 
232 216 
240 212 
232 208 
236 256 
228 204 
240 232 
240 212 
236 384 
240 236 
236 212 
232 216 
44 48 
228 204 
248 212 
236 212 
212 212 
228 648 
236 212 
236 208 
236 260 
228 216 
236 256 
232 216 
232 216 
216 212 
240 208 
240 204 
236 236 
232 204 
236 244 
240 212 
232 208 
240 216 
236 208 
236 204 
236 208 
228 240 
240 212 
240 208 
232 204 
44 44 
232 208 
232 212 
228 212 
256 208 
236 236 
232 212 
232 208 
236 252 
236 208 
232 216 
236 244 
236 212 
236 208 
240 264 
236 212 
268 208 
236 208 
236 856 
236 264 
240 220 
236 208 
232 224 
240 208 
232 212 
240 236 
236 44 
244 208 
232 204 
228 212 
240 236 
236 232 
232 216 
244 236 
240 208 
240 224 
240 228 
236 212 
236 232 
240 232 
232 252 
236 220 
236 240 
236 208 
328 232 
232 208 
240 236 
232 212 
236 208 
228 212 
240 260 
240 212 
236 208 
596 212 
236 212 
232 256 
240 216 
236 204 
244 236 
240 212 
240 208 
240 232 
236 380 
232 272 
232 248 
240 236 
236 212 
236 208 
236 960 
244 248 
220 208 
228 636 
232 208 
232 212 
264 208 
364 208 
240 236 
236 208 
232 204 
216 252 
252 212 
232 224 
236 236 
240 216 
236 212 
236 220 
228 212 
240 208 
228 252 
232 208 
236 212 
236 208 
232 236 
236 208 
236 220 
232 208 
236 232 
232 204 
240 204 
232 220 
232 212 
236 232 
236 856 
240 212 
240 220 
232 208 
232 212 
240 208 
240 208 
236 208 
224 212 
332 208 
236 264 
228 212 
236 220 
232 208 
232 224 
232 260 
232 208 
236 212 
236 220 
228 212 
232 204 
232 208 
232 220 
240 212 
244 220 
232 212 
264 212 
236 212 
232 208 
228 208 
236 220 
240 208 
240 208 
724 204 
240 216 
236 220 
232 232 
332 204 
236 220 
236 208 
232 252 
236 204 
232 216 
232 212 
232 204 
236 224 
608 204 
232 216 
232 212 
236 236 
240 212 
228 212 
232 208 
236 212 
232 216 
236 440 
264 212 
232 208 
236 224 
236 208 
232 212 
232 208 
236 208 
216 208 
236 600 
228 228 
236 264 
244 232 
236 208 
232 216 
232 204 
244 216 
220 208 
236 204 
236 216 
236 228 
240 236 
236 220 
228 212 
232 244 
236 212 
240 256 
236 212 
240 228 
224 208 
240 220 
232 232 
236 212 
236 204 
236 216 
232 208 
232 208 
232 212 
240 216 
236 204 
236 212 
236 244 
236 216 
240 208 
232 204 
232 212 
240 236 
236 208 
232 208 
236 212 
236 212 
240 208 
232 208 
236 248 
240 216 
236 220 
236 204 
232 204 
236 224 
228 204 
228 212 
236 216 
1132 212 
236 216 
236 212 
236 212 
228 208 
236 232 
236 212 
232 220 
236 208 
252 216 
236 208 
236 208 
236 260 
236 208 
236 208 
380 204 
232 208 
232 228 
240 264 
240 208 
236 208 
236 264 
236 208 
240 208 
608 204 
236 208 
240 212 
240 208 
232 208 
236 228 
236 216 
232 216 
216 208 
232 368 
232 236 
236 212 
228 204 
232 212 
236 204 
236 256 
240 212 
216 208 
236 708 
240 204 
236 208 
232 236 
232 204 
232 236 
240 236 
236 208 
216 236 
236 232 
236 236 
236 208 
240 236 
232 212 
244 224 
240 208 
244 208 
236 216 
268 212 
232 212 
48 40 
232 208 
232 216 
232 212 
228 208 
232 208 
232 216 
228 208 
240 208 
240 236 
260 204 
236 236 
288 224 
236 292 
236 204 
232 220 
240 208 
236 208 
240 224 
232 204 
236 208 
240 208 
772 212 
232 216 
248 236 
232 232 
232 252 
240 212 
236 212 
44 44 
236 232 
236 204 
240 212 
236 232 
228 204 
232 204 
232 212 
240 212 
236 216 
240 244 
236 204 
240 216 
236 212 
232 208 
232 216 
236 240 
236 208 
232 212 
376 220 
228 208 
240 208 
236 208 
236 204 
228 204 
240 216 
236 216 
196 40 
640 216 
236 236 
232 212 
240 236 
236 220 
236 236 
236 208 
232 212 
212 232 
232 468 
232 208 
236 212 
236 252 
236 208 
232 212 
236 208 
232 208 
216 208 
236 728 
240 236 
244 204 
232 212 
240 244 
232 212 
232 208 
228 208 
212 216 
232 208 
232 216 
244 220 
240 208 
236 212 
228 208 
240 204 
232 212 
232 204 
236 224 
236 212 
232 204 
240 236 
236 216 
236 204 
232 216 
240 248 
236 212 
232 260 
240 224 
236 216 
240 216 
240 212 
232 208 
236 216 
236 216 
236 212 
236 208 
236 236 
240 212 
228 204 
236 212 
236 236 
240 208 
240 204 
236 208 
228 212 
232 228 
232 212 
232 216 
324 220 
232 212 
236 204 
232 204 
232 212 
236 236 
236 260 
240 208 
232 212 
236 208 
240 212 
232 212 
228 208 
240 232 
236 232 
264 240 
620 236 
236 220 
232 212 
436 216 
240 224 
232 212 
240 212 
232 204 
272 208 
236 244 
236 224 
232 232 
672 212 
232 228 
236 208 
236 220 
232 208 
232 208 
236 212 
232 216 
208 212 
232 440 
232 208 
236 244 
236 208 
232 208 
236 204 
236 208 
236 236 
212 212 
240 736 
232 208 
236 204 
608 208 
232 212 
236 212 
240 212 
232 208 
212 232 
236 208 
236 208 
228 204 
236 208 
232 208 
236 212 
236 220 
236 208 
228 212 
236 212 
244 208 
236 208 
236 208 
240 212 
236 232 
296 216 
240 212 
236 208 
228 208 
236 264 
236 204 
236 216 
232 212 
236 212 
236 216 
236 216 
232 232 
232 208 
236 212 
236 212 
240 212 
240 224 
232 212 
236 236 
276 208 
232 232 
236 208 
232 208 
228 212 
232 220 
224 212 
232 216 
232 208 
232 204 
240 236 
232 208 
228 212 
232 232 
236 212 
228 212 
220 208 
232 208 
252 212 
236 208 
236 208 
236 204 
236 256 
236 240 
236 204 
436 216 
236 208 
228 216 
236 216 
228 212 
236 264 
236 208 
232 208 
244 236 
664 208 
232 216 
232 212 
236 216 
232 204 
236 228 
236 208 
232 216 
212 228 
232 520 
204 216 
236 236 
236 212 
232 216 
236 204 
264 208 
232 204 
216 208 
240 748 
232 208 
232 216 
240 228 
236 204 
232 212 
232 208 
236 208 
224 208 
228 212 
232 224 
236 204 
240 232 
240 212 
236 208 
244 212 
240 212 
236 232 
236 212 
240 208 
232 208 
236 208 
244 212 
228 208 
236 216 
228 208 
440 212 
236 212 
236 248 
236 216 
240 212 
232 208 
232 208 
240 232 
240 208 
232 204 
240 264 
240 236 
236 204 
240 236 
240 236 
240 232 
240 232 
240 232 
228 208 
236 224 
236 216 
236 208 
236 228 
48 44 
236 236 
232 204 
236 232 
236 212 
240 208 
240 192 
240 236 
236 208 
232 212 
232 204 
236 204 
228 208 
236 236 
236 220 
232 240 
244 208 
236 232 
236 208 
448 208 
236 236 
240 216 
240 196 
232 212 
232 216 
240 224 
236 208 
216 212 
44 48 
236 232 
240 220 
236 232 
240 212 
240 204 
232 212 
228 208 
212 208 
232 544 
232 208 
236 236 
240 264 
236 212 
240 216 
232 216 
240 204 
216 252 
236 216 
240 208 
240 216 
236 228 
236 236 
232 208 
236 208 
236 212 
236 208 
236 212 
232 48 
240 208 
240 204 
240 244 
236 236 
352 204 
236 220 
240 208 
228 212 
236 212 
236 216 
232 208 
240 212 
236 216 
236 212 
236 232 
240 220 
232 216 
232 232 
236 232 
232 212 
236 1132 
240 224 
232 208 
232 208 
232 208 
228 216 
228 220 
240 212 
240 216 
232 212 
228 236 
232 248 
236 236 
232 208 
232 256 
240 236 
232 212 
228 208 
236 204 
240 228 
232 212 
232 216 
236 208 
232 252 
240 236 
232 204 
232 212 
240 232 
224 208 
232 204 
228 216 
240 220 
232 208 
236 244 
236 212 
236 212 
232 284 
484 212 
236 208 
236 212 
236 224 
240 240 
228 216 
240 220 
236 208 
244 212 
700 212 
240 204 
236 208 
240 236 
252 208 
232 208 
236 212 
236 208 
212 208 
240 560 
244 208 
236 204 
236 212 
236 212 
236 212 
240 208 
236 212 
212 208 
236 212 
236 252 
240 232 
924 232 
236 220 
232 208 
236 212 
240 212 
232 212 
240 236 
236 236 
232 212 
232 204 
236 212 
236 232 
236 208 
240 224 
236 216 
232 204 
232 208 
236 208 
236 260 
236 216 
236 212 
232 208 
236 204 
236 212 
232 228 
240 212 
232 204 
236 224 
232 208 
232 212 
236 216 
236 208 
232 208 
232 212 
236 204 
256 208 
236 232 
236 204 
236 212 
232 204 
236 232 
236 208 
236 220 
236 220 
240 212 
232 212 
232 204 
228 212 
240 236 
232 208 
232 212 
236 212 
232 212 
236 232 
236 212 
236 236 
272 204 
232 240 
236 236 
232 208 
236 212 
236 216 
232 232 
232 208 
240 276 
448 212 
236 208 
240 208 
232 204 
232 212 
232 232 
232 208 
236 220 
240 216 
728 212 
240 220 
240 208 
232 212 
236 208 
436 208 
240 208 
228 212 
220 232 
284 520 
232 908 
236 240 
236 208 
236 208 
228 212 
240 208 
236 212 
216 236 
236 216 
232 212 
232 212 
232 208 
240 216 
240 212 
236 232 
236 216 
224 212 
240 204 
236 208 
232 208 
228 208 
228 212 
236 232 
232 212 
236 228 
232 212 
228 224 
236 212 
240 216 
236 212 
268 212 
228 232 
236 208 
232 204 
240 212 
236 216 
244 208 
240 212 
236 208 
260 244 
236 204 
232 212 
240 220 
236 208 
232 236 
236 212 
360 208 
236 208 
232 208 
228 212 
240 208 
232 208 
236 236 
236 212 
232 216 
232 212 
300 204 
240 220 
236 208 
236 212 
240 236 
228 208 
232 248 
240 216 
240 236 
232 224 
232 212 
268 212 
236 220 
232 212 
232 212 
240 236 
236 232 
232 208 
232 212 
236 208 
496 256 
240 240 
236 208 
236 204 
240 204 
236 204 
48 44 
244 252 
240 212 
748 212 
236 236 
236 208 
240 204 
232 212 
264 212 
240 208 
244 212 
212 216 
236 584 
236 208 
232 212 
236 236 
232 212 
232 212 
236 204 
240 236 
212 212 
232 240 
240 232 
244 220 
232 236 
232 208 
44 44 
236 216 
240 208 
232 220 
240 236 
244 232 
236 208 
232 220 
236 212 
232 216 
180 232 
0 0 
0 0 
0 0 
0 0 
0 0 
0 0 
0 0 
0 0 
0 0 
0 0 
0 0 
0 0 
0 0 
0 0 
0 0 
0 0 
0 0 
0 0 
0 0 
0 0 
0 0 
0 0 
0 0 
0 0 
0 0 
0 0 
0 0 
0 0 
0 0 
0 0 
0 0 
0 0 
0 0 
0 0 
0 0 
0 0 
0 0 
0 0 
0 0 
0 0 
0 0 
0 0 
0 0 
0 0 
0 0 
0 0 
0 0 
0 0 
0 0 
0 0 
0 0 
0 0 
0 0 
0 0 
0 0 
0 0 
0 0 
0 0 
0 0 
0 0 
0 0 
0 0 
0 0 
0 0 
0 0 
0 0 
0 0 
0 0 
0 0 
0 0 
0 0 
0 0 
0 0 
0 0 
0 0 
0 0 
0 0 
0 0 
0 0 
0 0 
0 0 
0 0 
0 0 
0 0 
0 0 
0 0 
0 0 
0 0 
0 0 
0 0 
0 0 
0 0 
0 0 
0 0 
0 0 
0 0 
0 0 
0 0 
0 0 
0 0 
0 0 
0 0 
0 0 
0 0 
0 0 
0 0 
0 0 
0 0 
0 0 
0 0 
0 0 
0 0 
0 0 
0 0 
0 0 
0 0 
0 0 
0 0 
0 0 
0 0 
0 0 
0 0 
0 0 
0 0 
0 0 
0 0 
0 0 
0 0 
0 0 
0 0 
0 0 
0 0 
0 0 
0 0 
0 0 
0 0 
0 0 
0 0 
0 0 
0 0 
0 0 
0 0 
0 0 
0 0 
0 0 
0 0 
0 0 
0 0 
0 0 
0 0 
0 0 
0 0 
0 0 
0 0 
0 0 
0 0 
0 0 
0 0 
0 0 
0 0 
0 0 
0 0 
0 0 
0 0 
0 0 
0 0 
0 0 
0 0 
0 0 
0 0 
0 0 
0 0 
0 0 
0 0 
0 0 
0 0 
0 0 
0 0 
0 0 
0 0 
0 0 
0 0 
0 0 
0 0 
0 0 
0 0 
0 0 
0 0 
0 0 
0 0 
0 0 
0 0 
0 0 
0 0 
0 0 
0 0 
0 0 
0 0 
0 0 
0 0 
0 0 
0 0 
0 0 
0 0 
0 0 
0 0 
0 0 
0 0 
0 0 
0 0 
0 0 
0 0 
0 0 
0 0 
0 0 
0 0 
0 0 
0 0 
0 0 
0 0 
0 0 
0 0 
0 0 
0 0 
0 0 
0 0 
0 0 
0 0 
0 0 
0 0 
0 0 
0 0 
0 0 
0 0 
0 0 
0 0 
0 0 
0 0 
0 0 
0 0 
0 0 
0 0 
0 0 
0 0 
0 0 
0 0 
0 0 
0 0 
0 0 
0 0 
0 0 
0 0 
0 0 
0 0 
0 0 
0 0 
0 0 
0 0 
0 0 
0 0 
0 0 
0 0 
0 0 
0 0 
0 0 
0 0 
0 0 
0 0 
0 0 
0 0 
0 0 
0 0 
0 0 
0 0 
0 0 
0 0 
0 0 
0 0 
0 0 
0 0 
0 0 
0 0 
0 0 
0 0 
0 0 
0 0 
0 0 
0 0 
0 0 
0 0 
0 0 
0 0 
0 0 
0 0 
0 0 
0 0 
0 0 
0 0 
0 0 
0 0 
0 0 
0 0 
0 0 
0 0 
0 0 
0 0 
0 0 
0 0 
0 0 
0 0 
0 0 
0 0 
0 0 
0 0 
0 0 
0 0 
0 0 
0 0 
0 0 
232 440 
232 220 
232 220 
236 208 
232 216 
236 1088 
240 216 
236 212 
224 216 
336 220 
276 220 
244 244 
236 224 
240 208 
300 204 
236 232 
236 208 
236 260 
584 212 
232 216 
240 248 
232 216 
232 212 
236 204 
228 232 
232 220 
212 212 
236 420 
240 232 
236 216 
240 216 
236 216 
240 220 
240 212 
236 236 
212 208 
232 672 
228 208 
332 216 
236 208 
240 220 
340 212 
232 204 
256 208 
216 212 
232 208 
232 224 
236 212 
236 232 
240 212 
232 204 
236 232 
232 212 
240 252 
236 208 
228 212 
236 212 
232 212 
236 212 
240 212 
236 208 
240 212 
232 212 
236 212 
228 212 
236 236 
244 216 
232 208 
232 212 
236 236 
236 224 
240 220 
236 228 
236 208 
236 208 
232 216 
236 232 
232 228 
236 236 
240 208 
236 208 
240 216 
240 256 
228 208 
236 208 
232 208 
232 216 
240 224 
240 212 
240 1016 
240 220 
236 212 
236 224 
236 220 
228 212 
232 208 
232 236 
232 204 
232 232 
236 208 
240 208 
240 208 
232 204 
232 212 
396 212 
232 224 
268 208 
236 216 
240 216 
240 212 
236 252 
236 212 
232 208 
620 208 
232 216 
240 212 
236 216 
236 216 
228 204 
232 212 
244 236 
212 212 
236 440 
228 1000 
240 236 
228 208 
228 212 
236 244 
232 236 
236 212 
220 208 
236 584 
240 212 
232 212 
228 204 
236 236 
236 212 
232 208 
232 264 
212 208 
232 204 
236 212 
232 204 
232 208 
240 216 
420 236 
240 252 
240 212 
236 212 
228 216 
240 236 
228 208 
240 204 
232 236 
236 212 
236 232 
236 216 
232 228 
232 216 
236 208 
228 208 
240 232 
228 208 
228 212 
240 208 
236 208 
232 236 
228 212 
240 232 
232 212 
236 228 
