# ./FR-trace starting at Mon Apr 20 19:04:12 2020
################# CONFIG #################
# slot=5000
# samples=10000
# threshold=100
# idle=500
# minlen=500
# runs=10000
# pdathreads=2
# nmonitored=2
#   monitor0=../apps/openssl ec2_mult.c:153 0x1e7854
#   monitor1=../apps/openssl ec2_mult.c:161 0x1e789c
# nevicted=0
# npdatargets=2
#   target0=../apps/openssl bn_gf2m.c:412 0x20bd10
#   target1=../apps/openssl bn_gf2m.c:412+64 0x20bd50
# affinity=all
############## SYSTEM INFO ###############
# mastik_version=
# sysname=Linux
# nodename=lovelace
# release=5.3.7-arch1-1-ARCH
# version=#1 SMP PREEMPT Fri Oct 18 00:17:03 UTC 2019
# machine=x86_64
################## DATA ##################
# run=3845
# datapoints=1697
136 44 
208 232 
48 208 
232 188 
240 216 
232 216 
236 216 
44 36 
232 232 
196 212 
236 228 
264 208 
232 44 
240 216 
228 208 
240 216 
240 220 
236 260 
228 204 
232 208 
240 212 
236 232 
232 232 
248 208 
236 208 
240 212 
232 208 
236 204 
236 204 
236 232 
248 208 
228 204 
236 208 
228 212 
232 212 
232 232 
228 216 
264 208 
236 244 
256 208 
236 208 
236 224 
228 208 
232 212 
248 212 
240 244 
236 260 
228 208 
232 208 
232 208 
240 216 
232 212 
232 216 
296 208 
232 212 
236 236 
236 228 
236 216 
236 232 
236 208 
236 232 
232 216 
232 208 
232 208 
240 204 
232 256 
240 208 
232 224 
240 212 
236 208 
992 244 
484 236 
236 208 
236 216 
232 212 
240 204 
228 232 
232 232 
240 200 
308 236 
192 212 
216 208 
200 192 
236 232 
232 208 
236 204 
216 224 
192 216 
212 212 
312 580 
236 228 
232 208 
240 200 
236 212 
236 208 
236 264 
236 216 
220 232 
196 208 
236 256 
312 312 
268 316 
384 192 
448 192 
220 212 
192 208 
220 220 
228 208 
196 204 
240 204 
200 196 
232 220 
236 620 
252 296 
280 228 
208 212 
236 320 
212 216 
232 208 
216 220 
212 216 
284 636 
236 220 
236 244 
232 212 
232 220 
236 208 
224 216 
232 220 
216 192 
356 240 
220 196 
188 208 
196 188 
216 236 
196 232 
212 188 
864 368 
232 192 
220 220 
200 224 
236 212 
232 200 
196 224 
216 216 
216 212 
244 208 
236 208 
532 196 
232 232 
240 208 
240 316 
240 232 
220 208 
780 236 
228 212 
196 208 
200 232 
240 264 
236 236 
236 208 
228 212 
232 192 
232 228 
208 256 
224 216 
228 664 
488 224 
244 208 
240 208 
188 212 
252 204 
196 208 
236 216 
212 212 
276 232 
292 216 
208 216 
212 192 
196 228 
216 208 
316 236 
204 224 
200 252 
236 204 
236 392 
192 232 
220 188 
192 216 
188 212 
232 216 
236 208 
260 216 
236 216 
216 196 
256 268 
228 208 
324 208 
216 208 
232 216 
312 288 
192 232 
236 220 
236 224 
316 208 
236 268 
288 268 
648 232 
252 232 
200 200 
188 204 
196 208 
228 196 
192 224 
196 212 
196 200 
204 216 
228 228 
192 204 
208 192 
236 236 
628 200 
212 208 
200 212 
236 208 
220 212 
240 220 
192 188 
196 236 
240 216 
204 208 
52 40 
212 192 
220 220 
200 212 
236 212 
232 196 
240 220 
220 216 
204 192 
204 196 
192 228 
204 212 
660 224 
216 204 
232 220 
232 312 
320 192 
216 212 
196 196 
216 188 
228 204 
232 432 
236 220 
220 224 
204 192 
196 260 
244 212 
320 236 
48 44 
320 312 
648 232 
200 200 
192 204 
244 264 
240 224 
232 216 
224 208 
208 264 
192 224 
232 192 
212 224 
188 208 
212 204 
232 212 
236 456 
240 208 
220 192 
236 208 
192 620 
228 212 
232 232 
220 212 
188 208 
712 200 
264 228 
240 240 
212 208 
236 228 
236 196 
260 44 
196 192 
192 208 
220 196 
200 220 
212 212 
224 200 
232 232 
196 192 
240 216 
224 224 
196 196 
204 224 
220 320 
232 216 
608 200 
228 188 
208 200 
292 288 
240 196 
200 196 
200 196 
328 272 
324 200 
296 232 
240 312 
216 232 
240 208 
204 208 
272 228 
204 224 
216 208 
272 232 
200 220 
200 192 
204 204 
256 216 
196 260 
236 232 
232 208 
216 212 
260 212 
236 204 
212 216 
240 216 
236 204 
192 196 
196 212 
236 192 
272 248 
232 216 
316 300 
216 204 
212 208 
212 220 
236 192 
196 224 
240 204 
192 200 
292 272 
236 208 
268 196 
192 208 
188 232 
232 212 
224 216 
536 216 
192 192 
240 256 
236 200 
236 220 
236 232 
252 196 
200 208 
192 196 
192 240 
260 212 
200 192 
236 212 
220 192 
220 208 
380 356 
224 228 
632 196 
236 188 
212 196 
220 216 
312 216 
236 212 
212 220 
200 192 
248 196 
212 196 
204 204 
232 232 
200 192 
200 196 
216 200 
232 216 
632 192 
232 208 
220 216 
216 208 
236 208 
236 216 
236 232 
236 240 
728 220 
240 204 
232 192 
196 196 
224 208 
232 424 
244 196 
204 212 
228 216 
236 448 
320 324 
196 192 
192 208 
236 212 
240 208 
248 208 
208 196 
216 228 
240 200 
328 196 
204 188 
196 228 
212 208 
204 192 
236 224 
476 236 
232 304 
312 244 
200 224 
200 240 
204 236 
232 212 
216 196 
236 188 
236 212 
208 272 
304 212 
228 212 
232 236 
224 196 
236 212 
204 196 
224 216 
236 216 
236 248 
200 208 
228 320 
236 300 
232 196 
232 208 
232 212 
192 224 
208 212 
236 216 
196 196 
248 224 
240 192 
192 252 
236 252 
776 224 
312 268 
348 308 
208 196 
188 208 
232 216 
196 240 
208 204 
216 212 
240 196 
216 236 
216 216 
220 208 
204 244 
196 208 
228 208 
1108 220 
236 208 
212 224 
632 196 
196 188 
204 188 
200 192 
240 208 
236 188 
232 208 
236 248 
724 280 
236 276 
268 312 
260 212 
212 216 
204 224 
240 216 
224 200 
192 188 
228 212 
232 220 
216 192 
224 300 
240 208 
212 236 
228 228 
236 208 
200 232 
192 196 
388 216 
300 212 
312 212 
256 208 
220 880 
228 212 
208 220 
196 188 
208 224 
208 212 
212 228 
220 200 
256 196 
200 212 
236 200 
240 188 
236 244 
212 196 
216 208 
232 216 
196 232 
240 208 
232 548 
204 208 
240 252 
260 208 
236 196 
236 232 
292 308 
216 212 
216 236 
48 44 
216 232 
196 192 
292 228 
208 188 
244 192 
240 232 
240 196 
192 188 
196 216 
220 208 
232 236 
232 196 
232 400 
220 208 
240 260 
228 208 
216 280 
272 228 
624 192 
204 192 
208 216 
208 204 
192 248 
200 192 
280 268 
196 196 
204 292 
200 188 
208 192 
196 196 
232 236 
56 40 
204 200 
220 228 
192 196 
196 192 
200 188 
224 200 
188 192 
196 208 
236 216 
212 232 
232 236 
236 216 
244 292 
232 232 
212 236 
240 312 
600 324 
196 240 
208 216 
224 212 
216 192 
212 208 
232 236 
216 228 
424 436 
276 228 
236 44 
232 208 
232 200 
296 320 
484 288 
232 232 
196 204 
240 184 
260 208 
196 192 
204 200 
208 200 
220 204 
284 212 
196 208 
192 220 
264 240 
196 196 
236 212 
208 192 
196 212 
208 204 
200 196 
216 192 
192 200 
204 228 
240 196 
200 200 
200 236 
236 192 
236 216 
200 200 
292 188 
196 192 
200 232 
304 192 
196 196 
204 188 
200 216 
216 492 
212 204 
196 192 
224 256 
196 192 
196 200 
200 212 
196 192 
236 316 
352 204 
592 192 
204 244 
212 208 
216 224 
212 220 
212 192 
208 208 
208 192 
212 204 
224 232 
196 212 
200 200 
200 232 
312 196 
236 228 
220 196 
192 208 
236 240 
204 220 
196 236 
192 212 
192 204 
196 200 
192 204 
240 208 
200 260 
200 416 
216 204 
296 192 
292 320 
244 304 
368 328 
208 208 
208 1016 
204 212 
200 192 
216 208 
196 192 
232 204 
204 192 
196 192 
360 188 
192 188 
196 212 
196 236 
228 212 
204 280 
652 212 
236 208 
220 200 
208 196 
416 216 
228 196 
204 200 
196 196 
228 196 
236 192 
200 224 
252 232 
204 276 
200 188 
208 192 
212 200 
196 232 
276 300 
232 232 
292 288 
204 240 
216 188 
216 196 
196 216 
192 216 
192 212 
200 268 
216 196 
316 208 
352 276 
236 216 
316 240 
324 332 
200 188 
192 192 
256 188 
192 208 
196 208 
200 192 
200 216 
224 204 
208 212 
192 192 
192 200 
192 192 
216 220 
192 192 
220 192 
200 212 
192 200 
236 196 
220 192 
212 212 
728 192 
188 208 
192 204 
360 188 
224 196 
196 196 
216 200 
236 228 
252 228 
580 296 
236 212 
236 284 
212 272 
216 308 
196 196 
196 212 
236 196 
188 760 
196 228 
276 196 
248 236 
240 236 
196 220 
196 196 
216 192 
232 232 
240 272 
228 204 
284 220 
280 272 
196 276 
252 228 
328 260 
240 204 
248 200 
200 208 
200 192 
204 192 
192 196 
200 196 
204 212 
208 204 
232 228 
204 196 
200 224 
200 224 
204 220 
200 188 
240 224 
200 204 
920 188 
232 192 
196 192 
200 220 
192 192 
208 236 
196 188 
228 204 
208 684 
216 212 
216 192 
196 208 
208 192 
192 220 
208 188 
200 188 
200 212 
244 196 
240 248 
212 604 
212 208 
220 196 
248 212 
236 200 
196 212 
240 240 
196 244 
212 208 
216 380 
192 204 
336 212 
196 228 
192 196 
196 188 
672 248 
196 212 
248 196 
236 208 
196 192 
48 44 
188 208 
196 192 
196 196 
208 208 
192 200 
244 236 
212 192 
204 196 
332 196 
220 188 
260 196 
196 212 
208 296 
220 196 
208 216 
280 188 
192 192 
228 276 
236 220 
204 192 
196 208 
236 292 
236 188 
248 208 
196 244 
244 256 
188 240 
192 208 
48 44 
256 192 
236 208 
204 188 
196 208 
204 204 
192 204 
196 316 
240 196 
212 192 
208 200 
272 272 
296 196 
188 212 
196 196 
196 224 
224 212 
284 216 
200 332 
232 644 
676 320 
212 212 
336 288 
300 232 
208 208 
204 216 
248 352 
224 244 
192 280 
192 188 
264 44 
196 196 
200 188 
212 192 
312 188 
212 204 
208 196 
196 208 
216 196 
196 668 
208 220 
216 196 
248 256 
196 204 
188 204 
200 192 
212 192 
192 196 
236 224 
216 188 
768 196 
196 196 
228 188 
216 244 
220 216 
240 260 
292 196 
308 232 
224 216 
236 196 
308 252 
328 264 
212 228 
364 264 
200 256 
200 204 
200 196 
228 212 
200 204 
196 192 
192 192 
196 192 
196 196 
204 192 
220 212 
200 204 
212 188 
200 184 
248 192 
312 304 
264 304 
296 220 
188 244 
232 200 
200 344 
196 228 
436 192 
208 212 
204 212 
232 204 
200 228 
204 204 
236 228 
212 200 
228 224 
204 196 
200 188 
236 236 
220 228 
200 220 
192 192 
200 216 
220 216 
224 224 
212 196 
196 200 
360 224 
204 200 
196 208 
196 192 
204 192 
200 188 
200 220 
200 208 
228 188 
196 236 
204 196 
236 216 
328 276 
252 228 
216 204 
236 192 
284 232 
204 240 
196 192 
192 240 
192 220 
216 272 
308 228 
240 288 
232 228 
192 192 
240 228 
216 196 
1132 196 
228 208 
252 240 
340 192 
220 612 
200 196 
212 204 
192 196 
236 336 
228 220 
660 324 
236 212 
204 208 
252 192 
196 192 
212 212 
208 192 
196 232 
240 228 
332 236 
208 344 
192 216 
192 208 
212 192 
212 212 
196 204 
216 204 
228 192 
200 220 
196 212 
232 212 
192 208 
196 192 
272 216 
196 208 
216 204 
388 228 
200 192 
236 216 
216 228 
200 212 
204 232 
196 192 
200 192 
228 268 
352 208 
212 384 
220 200 
212 212 
232 192 
196 220 
196 200 
216 192 
196 196 
240 196 
232 216 
204 200 
220 304 
240 192 
328 272 
220 264 
236 236 
376 256 
392 216 
300 216 
196 220 
248 240 
268 232 
220 212 
232 212 
212 204 
224 212 
220 236 
196 216 
296 224 
188 192 
200 192 
236 208 
200 216 
192 188 
204 208 
240 264 
332 212 
308 248 
744 252 
236 208 
196 348 
240 308 
192 208 
204 192 
220 208 
212 212 
220 196 
204 200 
216 208 
232 232 
212 236 
232 196 
216 228 
220 212 
196 216 
196 192 
720 196 
232 212 
228 192 
196 216 
196 192 
316 204 
340 288 
228 328 
240 260 
196 200 
216 196 
204 208 
196 208 
224 192 
196 188 
196 188 
216 216 
232 216 
236 216 
224 212 
232 212 
212 288 
228 208 
216 212 
348 192 
212 192 
236 192 
208 224 
196 208 
480 220 
196 216 
240 212 
228 196 
200 216 
212 208 
220 224 
208 204 
216 232 
216 200 
212 216 
220 212 
228 212 
220 208 
208 208 
212 212 
196 232 
192 188 
40 40 
212 208 
504 228 
296 188 
212 200 
212 196 
192 188 
224 208 
188 196 
192 200 
196 208 
216 192 
220 192 
196 224 
260 248 
204 236 
200 196 
204 200 
268 188 
192 188 
360 204 
204 268 
200 216 
208 212 
196 232 
220 208 
232 208 
212 252 
200 196 
44 48 
208 196 
212 188 
192 212 
200 220 
220 200 
232 196 
200 232 
192 204 
244 196 
200 232 
240 192 
208 196 
200 208 
216 196 
196 192 
212 236 
188 208 
192 204 
224 188 
212 204 
192 196 
216 196 
260 192 
200 256 
192 40 
236 232 
236 236 
240 216 
588 332 
304 292 
212 196 
200 228 
204 212 
464 328 
200 208 
220 208 
196 212 
228 196 
212 196 
732 208 
200 192 
212 184 
196 232 
236 188 
204 196 
196 196 
204 196 
196 192 
196 192 
196 196 
200 184 
196 268 
204 200 
204 216 
196 196 
192 212 
1044 208 
232 204 
228 240 
212 208 
296 308 
228 220 
216 332 
232 252 
232 216 
260 292 
200 312 
200 252 
232 196 
196 196 
216 216 
196 200 
196 216 
196 224 
200 256 
244 324 
212 252 
244 208 
248 368 
232 196 
212 212 
208 240 
220 220 
236 224 
196 200 
232 200 
240 196 
196 460 
0 0 
0 0 
0 0 
0 0 
0 0 
0 0 
0 0 
0 0 
0 0 
0 0 
0 0 
0 0 
0 0 
0 0 
0 0 
0 0 
0 0 
0 0 
0 0 
0 0 
0 0 
0 0 
0 0 
0 0 
0 0 
0 0 
0 0 
0 0 
0 0 
0 0 
0 0 
0 0 
0 0 
0 0 
0 0 
0 0 
0 0 
0 0 
0 0 
0 0 
0 0 
0 0 
0 0 
0 0 
0 0 
0 0 
0 0 
0 0 
0 0 
0 0 
0 0 
0 0 
0 0 
0 0 
0 0 
0 0 
0 0 
0 0 
0 0 
0 0 
0 0 
0 0 
0 0 
0 0 
0 0 
0 0 
200 236 
260 192 
192 192 
200 212 
212 208 
256 196 
336 192 
192 192 
196 192 
192 260 
232 232 
236 216 
216 192 
192 192 
196 280 
208 232 
208 188 
192 192 
208 192 
216 300 
200 192 
208 204 
192 188 
196 204 
208 380 
216 188 
192 188 
192 236 
192 192 
232 192 
200 196 
316 212 
260 224 
236 272 
236 240 
344 228 
252 192 
232 256 
340 232 
296 212 
632 192 
448 192 
424 584 
192 204 
196 200 
200 224 
200 188 
196 188 
224 196 
192 208 
208 192 
196 196 
232 204 
244 232 
212 208 
192 216 
196 192 
196 208 
188 316 
232 192 
200 200 
204 188 
192 196 
204 224 
208 192 
196 192 
192 256 
812 192 
248 196 
996 188 
196 236 
264 236 
192 208 
228 236 
232 212 
276 244 
360 232 
248 228 
200 204 
332 280 
200 196 
192 188 
192 284 
208 200 
192 216 
204 192 
196 192 
192 208 
284 212 
252 232 
192 192 
228 188 
220 204 
192 208 
192 212 
192 192 
192 192 
192 200 
196 192 
232 196 
224 228 
212 192 
192 220 
196 952 
208 192 
192 208 
228 192 
200 192 
196 212 
212 228 
212 212 
200 192 
256 216 
220 192 
196 192 
204 192 
232 232 
224 192 
196 208 
236 208 
204 196 
384 204 
212 192 
208 216 
192 192 
220 212 
212 196 
196 208 
212 196 
224 228 
192 196 
192 228 
192 192 
212 228 
232 228 
228 220 
232 232 
192 192 
212 208 
232 192 
196 232 
228 208 
212 348 
208 188 
236 196 
220 188 
264 332 
196 228 
208 188 
212 188 
192 188 
212 228 
304 232 
232 240 
232 232 
216 204 
212 232 
236 232 
232 208 
228 228 
216 228 
236 228 
232 232 
236 232 
232 232 
232 228 
236 232 
232 232 
228 232 
228 228 
236 368 
208 208 
212 188 
232 228 
196 232 
232 232 
228 232 
208 228 
232 208 
232 660 
212 204 
232 228 
240 188 
232 232 
232 228 
232 228 
232 228 
1468 228 
232 228 
232 228 
232 228 
232 232 
232 232 
212 232 
192 220 
192 228 
236 228 
196 232 
212 192 
232 192 
192 212 
232 192 
196 232 
220 208 
232 232 
232 216 
196 188 
192 228 
212 196 
212 228 
224 192 
212 212 
232 228 
232 228 
192 208 
232 224 
232 220 
232 228 
192 188 
232 228 
232 232 
236 208 
232 228 
232 228 
232 236 
232 232 
212 228 
236 236 
232 208 
228 204 
240 212 
232 236 
268 208 
236 208 
236 208 
244 208 
236 208 
240 208 
240 208 
232 252 
236 208 
232 208 
236 208 
240 204 
232 204 
240 228 
232 208 
324 240 
236 216 
236 212 
232 328 
240 236 
236 212 
236 216 
232 232 
236 208 
564 208 
232 208 
240 216 
236 220 
244 236 
236 212 
232 236 
232 244 
220 208 
240 420 
264 212 
228 208 
228 208 
232 204 
240 208 
1180 236 
232 208 
212 224 
236 652 
236 212 
236 232 
240 208 
236 224 
236 216 
232 216 
236 236 
216 260 
240 224 
228 204 
240 220 
240 232 
236 236 
680 208 
240 224 
232 212 
236 208 
232 208 
240 204 
232 220 
240 236 
228 228 
236 196 
228 204 
240 208 
232 232 
236 232 
232 228 
228 208 
236 208 
228 208 
236 216 
232 212 
236 208 
240 216 
240 208 
240 296 
240 236 
240 260 
236 208 
240 216 
240 212 
232 208 
236 212 
228 204 
228 208 
240 216 
236 224 
240 212 
240 252 
264 212 
240 212 
236 208 
232 208 
236 232 
240 208 
240 208 
232 224 
232 208 
236 208 
240 232 
240 216 
236 232 
788 244 
232 216 
240 224 
236 264 
368 208 
232 204 
232 208 
232 208 
232 208 
236 216 
232 224 
232 220 
236 232 
612 208 
236 208 
236 216 
236 256 
764 228 
240 232 
236 216 
232 208 
232 204 
236 432 
240 216 
236 220 
232 208 
236 208 
236 204 
240 212 
236 204 
216 232 
236 684 
236 236 
