# ./FR-trace starting at Mon Apr 20 18:58:10 2020
################# CONFIG #################
# slot=5000
# samples=10000
# threshold=100
# idle=500
# minlen=500
# runs=10000
# pdathreads=2
# nmonitored=2
#   monitor0=../apps/openssl ec2_mult.c:153 0x1e7854
#   monitor1=../apps/openssl ec2_mult.c:161 0x1e789c
# nevicted=0
# npdatargets=2
#   target0=../apps/openssl bn_gf2m.c:412 0x20bd10
#   target1=../apps/openssl bn_gf2m.c:412+64 0x20bd50
# affinity=all
############## SYSTEM INFO ###############
# mastik_version=
# sysname=Linux
# nodename=lovelace
# release=5.3.7-arch1-1-ARCH
# version=#1 SMP PREEMPT Fri Oct 18 00:17:03 UTC 2019
# machine=x86_64
################## DATA ##################
# run=2047
# datapoints=10000
48 212 
228 204 
240 272 
232 212 
236 208 
236 204 
240 212 
240 216 
232 236 
232 228 
240 212 
232 208 
244 232 
236 204 
236 256 
240 204 
240 212 
240 208 
236 216 
232 256 
236 212 
236 212 
236 208 
216 204 
228 212 
276 208 
232 208 
240 224 
232 212 
48 40 
240 216 
244 208 
236 236 
232 232 
236 212 
232 212 
236 204 
240 212 
236 232 
232 208 
228 252 
232 212 
236 204 
240 240 
240 232 
232 208 
228 244 
236 208 
232 212 
232 204 
232 208 
348 208 
236 212 
236 236 
232 220 
236 296 
232 212 
228 108 
240 224 
232 204 
604 208 
236 232 
240 204 
232 228 
232 204 
232 208 
240 212 
236 216 
216 212 
232 452 
240 208 
236 244 
236 204 
796 208 
232 212 
236 216 
232 208 
220 216 
240 636 
240 216 
228 208 
236 220 
228 208 
240 236 
240 212 
260 212 
208 208 
236 216 
236 212 
240 208 
240 224 
236 216 
264 216 
244 208 
236 232 
236 240 
240 208 
236 232 
232 204 
244 208 
232 204 
236 232 
244 208 
228 212 
240 212 
232 204 
236 232 
232 212 
232 216 
236 208 
232 236 
280 208 
240 216 
252 204 
240 236 
236 212 
256 212 
240 208 
240 232 
236 208 
232 212 
240 232 
240 208 
232 212 
232 228 
244 216 
236 220 
236 232 
236 208 
236 208 
240 264 
232 208 
236 212 
236 208 
232 208 
232 208 
232 216 
236 232 
232 212 
236 232 
188 208 
236 208 
236 208 
240 236 
236 232 
236 240 
352 212 
232 212 
236 204 
240 232 
232 212 
236 208 
240 236 
236 232 
236 232 
628 232 
240 212 
436 220 
232 208 
240 220 
236 212 
236 216 
236 236 
208 208 
236 436 
236 248 
236 232 
240 232 
236 220 
232 216 
232 212 
240 216 
212 264 
240 672 
236 208 
236 216 
236 208 
232 212 
232 208 
236 212 
232 208 
208 212 
236 208 
232 212 
232 208 
240 212 
240 212 
232 216 
236 228 
232 212 
240 292 
232 208 
236 204 
240 236 
236 240 
240 212 
236 228 
236 208 
232 204 
232 204 
352 208 
236 236 
240 236 
232 220 
232 208 
232 212 
232 208 
232 212 
232 224 
240 208 
232 204 
236 224 
236 212 
236 208 
228 216 
236 232 
236 244 
236 208 
232 212 
236 236 
236 208 
236 208 
236 260 
232 208 
236 232 
240 240 
232 208 
232 208 
240 232 
244 212 
232 212 
236 232 
272 212 
244 212 
232 208 
232 208 
236 204 
232 208 
232 208 
240 208 
236 1004 
376 208 
236 212 
228 208 
336 212 
236 232 
232 220 
236 236 
232 208 
236 232 
648 224 
236 212 
232 208 
236 212 
244 232 
240 220 
52 44 
236 208 
212 260 
236 476 
232 212 
228 208 
232 208 
232 212 
240 204 
232 208 
236 208 
208 204 
236 700 
232 208 
232 212 
240 204 
296 236 
44 44 
228 1032 
228 212 
208 208 
228 208 
244 216 
240 236 
240 208 
236 328 
240 208 
244 212 
232 204 
232 208 
240 208 
240 208 
240 212 
228 208 
236 232 
236 212 
244 216 
232 208 
236 232 
240 208 
236 208 
232 212 
240 216 
236 208 
240 48 
236 252 
232 212 
232 224 
232 204 
232 248 
232 204 
240 252 
324 212 
232 216 
236 224 
232 208 
240 216 
236 212 
232 208 
236 204 
240 232 
232 212 
232 212 
232 208 
236 216 
244 236 
244 208 
232 212 
236 236 
236 260 
236 208 
228 240 
244 212 
236 208 
232 208 
228 216 
240 208 
240 244 
228 208 
268 208 
404 212 
232 212 
236 216 
236 248 
304 208 
232 204 
236 216 
240 208 
228 212 
660 208 
236 212 
232 236 
232 320 
228 216 
236 208 
236 208 
236 224 
212 256 
232 492 
236 204 
228 208 
236 208 
232 1012 
236 208 
236 224 
236 232 
220 204 
232 220 
236 236 
240 216 
232 208 
236 232 
236 256 
232 232 
232 204 
212 208 
236 232 
232 212 
232 228 
236 212 
240 236 
232 212 
232 208 
232 212 
240 204 
232 224 
236 232 
232 212 
232 256 
256 228 
232 212 
240 256 
236 212 
236 204 
232 208 
232 208 
232 204 
232 212 
236 216 
236 232 
244 212 
240 204 
236 208 
244 236 
236 208 
236 212 
240 212 
236 216 
232 220 
236 220 
232 216 
240 204 
360 232 
232 208 
236 208 
240 204 
236 216 
236 244 
280 236 
236 208 
236 264 
240 208 
232 204 
236 232 
232 208 
240 208 
220 216 
236 208 
236 216 
236 216 
228 208 
232 212 
248 208 
232 224 
236 236 
436 232 
236 208 
232 208 
228 208 
240 208 
248 208 
240 212 
240 208 
240 208 
668 216 
236 212 
232 1268 
236 232 
240 244 
236 212 
236 216 
240 216 
212 208 
232 520 
232 208 
236 216 
236 212 
232 216 
232 212 
236 292 
236 216 
256 212 
232 204 
240 208 
236 208 
236 216 
236 236 
236 208 
236 244 
232 212 
264 208 
232 244 
236 252 
232 208 
236 236 
240 212 
232 204 
228 216 
236 216 
808 212 
232 208 
240 212 
232 216 
228 212 
228 208 
240 236 
232 212 
232 208 
236 216 
236 212 
232 216 
240 212 
232 208 
236 240 
240 236 
240 232 
240 212 
236 208 
232 204 
232 208 
232 208 
228 212 
232 208 
232 224 
236 204 
244 236 
256 208 
236 228 
236 208 
240 204 
236 232 
232 208 
236 216 
1048 236 
240 232 
228 208 
232 224 
232 212 
236 208 
236 224 
236 204 
224 208 
240 208 
236 216 
232 224 
232 208 
240 204 
236 208 
232 208 
240 232 
1276 236 
232 208 
236 204 
240 212 
232 236 
312 208 
236 212 
48 44 
236 212 
708 216 
236 208 
232 212 
228 212 
240 212 
232 212 
236 208 
236 212 
216 208 
240 520 
232 236 
228 212 
240 208 
240 204 
232 208 
232 208 
268 40 
220 212 
228 208 
232 204 
232 220 
232 252 
232 208 
236 212 
236 236 
232 204 
240 268 
236 232 
240 248 
248 212 
232 208 
232 212 
236 208 
228 208 
232 208 
232 208 
236 236 
236 228 
228 216 
240 212 
312 208 
236 216 
240 212 
236 212 
232 264 
364 208 
236 44 
240 248 
232 220 
232 232 
232 212 
236 220 
228 204 
232 204 
232 212 
236 212 
232 240 
232 216 
848 220 
236 236 
232 224 
236 236 
248 208 
232 208 
232 232 
256 208 
232 208 
236 212 
236 232 
232 212 
232 212 
228 228 
236 208 
236 224 
232 204 
236 208 
232 224 
248 252 
236 216 
236 208 
232 228 
232 212 
240 220 
240 240 
236 216 
228 212 
484 208 
236 332 
240 212 
236 240 
232 208 
240 208 
236 208 
236 244 
240 208 
716 208 
240 204 
236 208 
232 208 
236 220 
240 208 
236 208 
240 208 
212 228 
240 544 
228 204 
228 208 
236 208 
236 264 
232 204 
244 208 
228 212 
216 208 
236 236 
236 212 
232 208 
240 212 
252 212 
240 232 
236 212 
240 232 
240 208 
232 212 
240 208 
236 220 
232 232 
236 208 
236 236 
232 216 
232 216 
236 216 
228 212 
236 216 
232 208 
228 212 
232 208 
236 248 
232 208 
232 204 
240 212 
236 212 
232 212 
488 528 
244 216 
236 216 
232 212 
244 216 
240 208 
232 204 
236 208 
236 240 
236 216 
232 212 
232 208 
236 236 
236 204 
232 212 
236 208 
240 224 
236 212 
228 208 
236 340 
240 212 
236 240 
248 212 
244 208 
236 256 
236 216 
232 216 
228 208 
232 212 
252 212 
260 208 
236 232 
228 212 
228 212 
236 232 
240 216 
236 252 
232 208 
236 212 
488 212 
240 216 
236 256 
236 208 
236 240 
228 208 
240 208 
236 208 
240 208 
744 208 
236 208 
232 220 
232 212 
240 208 
236 212 
236 216 
240 208 
216 248 
240 560 
240 216 
232 216 
236 232 
232 216 
236 212 
232 212 
236 208 
216 208 
236 216 
612 208 
232 208 
240 244 
232 244 
240 212 
236 244 
228 212 
232 212 
236 208 
260 220 
236 204 
232 208 
244 216 
280 220 
228 208 
232 212 
232 208 
964 212 
236 232 
240 236 
236 224 
236 208 
236 208 
232 236 
240 228 
236 208 
232 212 
296 212 
232 204 
240 212 
240 216 
236 236 
236 204 
236 208 
236 212 
236 204 
240 220 
236 204 
240 236 
236 236 
232 232 
412 208 
232 216 
232 204 
236 208 
232 236 
232 212 
240 224 
236 240 
228 204 
564 208 
228 212 
232 208 
232 216 
236 212 
236 208 
236 232 
232 208 
252 212 
244 212 
236 236 
232 212 
240 208 
232 260 
232 212 
236 208 
236 232 
524 212 
228 208 
236 232 
228 208 
244 216 
44 44 
236 232 
236 216 
236 216 
228 372 
236 216 
240 260 
268 208 
240 212 
240 264 
232 208 
232 208 
612 208 
236 552 
276 208 
236 204 
232 208 
232 212 
264 212 
232 204 
240 208 
212 208 
240 304 
232 208 
232 216 
40 44 
236 220 
236 212 
240 204 
236 208 
320 208 
236 208 
240 220 
236 244 
236 216 
228 212 
240 208 
240 224 
236 208 
256 204 
232 216 
240 204 
236 212 
240 232 
232 208 
236 204 
236 216 
232 212 
240 204 
228 208 
236 212 
236 236 
240 44 
240 216 
232 212 
236 216 
272 220 
228 212 
236 212 
236 236 
232 212 
236 212 
232 216 
236 208 
236 216 
236 204 
236 232 
232 208 
232 212 
236 216 
232 208 
236 232 
236 212 
236 208 
240 212 
236 228 
232 208 
232 208 
240 208 
232 216 
228 204 
300 256 
236 232 
228 208 
232 208 
236 204 
236 232 
244 208 
240 212 
244 212 
516 208 
232 232 
228 208 
240 216 
236 244 
236 208 
452 212 
232 208 
256 212 
232 368 
240 208 
236 208 
232 208 
244 208 
236 232 
240 212 
240 216 
216 236 
232 612 
236 208 
232 208 
232 212 
236 224 
232 212 
232 216 
232 216 
208 204 
236 212 
236 228 
228 208 
232 212 
228 208 
240 232 
236 212 
232 212 
240 208 
228 212 
236 212 
232 212 
232 232 
240 232 
228 212 
232 204 
232 208 
236 212 
240 228 
232 216 
240 208 
236 212 
236 220 
232 208 
244 216 
236 236 
232 208 
232 204 
240 252 
232 208 
228 212 
236 224 
236 212 
232 208 
240 216 
236 260 
240 208 
240 244 
236 204 
232 208 
240 208 
240 232 
232 212 
232 204 
232 216 
236 208 
236 208 
228 212 
228 212 
228 204 
236 212 
232 208 
232 228 
256 208 
244 220 
236 240 
232 212 
232 208 
240 208 
308 212 
240 232 
244 208 
236 212 
560 204 
236 212 
228 208 
236 216 
236 208 
576 216 
236 236 
236 208 
240 208 
408 204 
232 208 
228 216 
240 208 
232 212 
232 408 
236 236 
236 208 
232 208 
244 264 
232 236 
240 216 
236 228 
216 208 
236 644 
240 228 
228 224 
232 208 
240 208 
232 236 
236 268 
236 208 
276 208 
240 208 
232 216 
264 208 
232 208 
236 236 
236 208 
236 216 
228 224 
236 208 
240 208 
236 232 
244 212 
236 208 
236 232 
232 232 
232 208 
228 216 
240 208 
232 232 
232 216 
232 208 
232 224 
228 208 
240 428 
236 208 
236 264 
236 208 
236 228 
232 208 
232 212 
236 248 
228 212 
232 204 
236 216 
240 216 
228 220 
232 208 
240 208 
236 216 
232 220 
232 212 
240 232 
244 236 
240 232 
236 208 
232 204 
236 212 
236 208 
236 264 
236 236 
232 216 
232 204 
520 212 
236 256 
236 208 
52 52 
0 0 
0 0 
0 0 
0 0 
0 0 
0 0 
0 0 
0 0 
0 0 
0 0 
0 0 
0 0 
0 0 
0 0 
0 0 
0 0 
0 0 
0 0 
0 0 
0 0 
0 0 
0 0 
0 0 
0 0 
0 0 
0 0 
0 0 
0 0 
0 0 
0 0 
0 0 
0 0 
0 0 
0 0 
0 0 
0 0 
0 0 
0 0 
0 0 
0 0 
0 0 
0 0 
0 0 
0 0 
0 0 
0 0 
0 0 
0 0 
0 0 
0 0 
0 0 
0 0 
0 0 
232 212 
232 208 
236 232 
236 236 
236 212 
236 208 
236 208 
228 212 
232 212 
240 216 
240 244 
236 212 
236 252 
228 208 
232 208 
48 60 
228 208 
236 216 
236 232 
244 204 
332 208 
232 216 
236 208 
240 208 
236 236 
236 232 
236 996 
228 204 
236 232 
236 204 
232 252 
236 228 
232 204 
240 224 
232 208 
228 212 
240 216 
240 248 
232 212 
232 248 
236 208 
232 204 
228 48 
236 224 
236 208 
344 260 
232 252 
232 208 
228 212 
236 212 
236 204 
232 216 
236 224 
236 212 
568 208 
232 304 
232 204 
236 232 
236 212 
260 216 
236 900 
232 212 
216 212 
236 420 
240 204 
240 220 
236 260 
232 216 
240 208 
228 208 
236 208 
212 208 
240 660 
240 212 
236 208 
236 212 
244 212 
236 216 
236 244 
244 204 
220 216 
236 220 
232 212 
232 208 
240 216 
236 232 
232 208 
232 204 
236 208 
236 208 
236 224 
232 212 
236 208 
240 216 
352 208 
232 208 
232 208 
232 252 
236 208 
236 212 
244 232 
244 232 
236 232 
236 208 
232 220 
232 208 
232 212 
240 212 
236 212 
240 216 
232 212 
244 208 
236 232 
236 208 
236 212 
236 236 
228 208 
236 220 
240 216 
232 244 
236 208 
228 208 
240 260 
228 216 
232 220 
236 204 
236 244 
236 232 
232 220 
236 208 
232 208 
244 212 
236 216 
228 212 
236 212 
236 212 
236 232 
240 244 
236 204 
232 208 
376 256 
236 212 
296 216 
232 232 
824 528 
232 208 
236 208 
232 232 
232 208 
608 208 
240 212 
236 236 
232 212 
236 260 
236 236 
232 248 
232 208 
216 204 
232 440 
236 220 
232 208 
216 212 
236 216 
232 208 
236 208 
232 208 
212 244 
232 680 
232 260 
236 208 
228 212 
240 212 
236 208 
236 216 
236 212 
220 236 
240 244 
232 212 
236 220 
236 204 
232 208 
232 216 
232 212 
236 212 
240 208 
232 212 
236 256 
232 208 
240 236 
244 204 
240 208 
236 208 
236 232 
240 236 
232 208 
232 216 
232 248 
232 216 
240 208 
232 208 
236 208 
240 236 
240 208 
228 204 
236 216 
232 244 
240 228 
236 244 
240 208 
232 208 
240 208 
232 208 
232 204 
232 236 
236 212 
232 208 
240 220 
236 204 
236 236 
240 212 
228 204 
244 212 
236 208 
236 204 
232 212 
240 208 
236 236 
236 208 
236 968 
232 236 
232 212 
232 204 
232 204 
240 236 
240 208 
400 208 
232 204 
232 208 
240 208 
232 216 
232 208 
232 216 
232 212 
240 220 
632 256 
228 208 
232 228 
232 208 
232 232 
236 212 
240 208 
228 212 
216 204 
240 432 
268 204 
236 220 
236 260 
240 216 
240 208 
236 232 
232 208 
800 204 
240 708 
244 208 
236 216 
236 212 
232 240 
232 216 
240 236 
236 232 
212 248 
236 208 
240 224 
292 208 
228 232 
232 244 
244 212 
236 212 
232 236 
232 212 
240 208 
236 232 
232 216 
236 208 
228 228 
48 40 
228 208 
228 212 
228 216 
236 216 
228 212 
232 208 
240 224 
232 232 
236 232 
872 260 
240 216 
232 212 
240 208 
236 244 
232 208 
232 204 
240 236 
236 208 
232 208 
232 204 
360 208 
232 208 
280 212 
244 228 
236 236 
232 228 
232 836 
232 208 
48 44 
240 208 
240 208 
236 204 
236 232 
312 208 
232 212 
220 212 
236 204 
236 212 
236 204 
232 216 
236 208 
228 236 
240 208 
208 212 
416 216 
244 236 
228 208 
240 236 
228 212 
232 220 
228 232 
244 204 
240 212 
636 252 
240 220 
236 204 
232 44 
244 232 
228 208 
236 212 
236 232 
216 216 
232 480 
236 232 
232 236 
236 216 
236 208 
232 212 
240 236 
236 208 
208 232 
248 700 
252 208 
236 216 
232 208 
236 208 
232 208 
240 216 
240 208 
212 212 
228 208 
236 208 
240 204 
240 216 
228 220 
268 212 
240 204 
232 216 
228 212 
232 212 
232 232 
232 212 
240 208 
748 236 
260 208 
236 208 
240 208 
232 212 
240 208 
232 208 
232 216 
240 220 
232 228 
236 232 
232 256 
236 212 
240 236 
232 208 
280 212 
236 204 
240 236 
228 208 
236 216 
256 212 
232 208 
244 204 
240 236 
236 204 
232 208 
236 212 
236 212 
232 220 
236 236 
232 232 
232 204 
236 216 
240 208 
240 212 
236 208 
252 208 
196 208 
240 216 
240 208 
236 216 
232 248 
260 208 
240 204 
232 208 
240 220 
408 208 
232 208 
228 204 
236 232 
304 296 
236 212 
232 212 
232 212 
232 204 
680 208 
236 208 
240 264 
236 264 
236 212 
228 212 
232 212 
228 228 
240 208 
240 512 
240 212 
240 232 
236 216 
240 232 
232 208 
236 212 
236 208 
212 208 
232 684 
232 208 
232 212 
232 256 
232 232 
240 236 
240 260 
232 208 
212 216 
236 208 
236 256 
856 236 
236 236 
236 204 
236 248 
240 232 
232 208 
240 212 
236 236 
232 232 
236 208 
232 208 
232 216 
244 208 
232 216 
236 236 
240 208 
240 212 
240 212 
236 208 
240 216 
236 224 
240 212 
240 248 
236 216 
232 216 
236 212 
240 236 
236 216 
232 216 
232 208 
232 204 
232 216 
232 216 
232 212 
236 212 
232 208 
236 216 
236 256 
236 204 
232 216 
236 208 
236 212 
236 248 
264 208 
232 204 
240 208 
240 260 
240 208 
224 220 
228 208 
236 236 
236 228 
240 212 
228 216 
232 236 
236 232 
232 244 
456 208 
232 212 
240 232 
236 236 
228 204 
232 208 
240 216 
236 228 
276 316 
688 212 
540 208 
232 208 
236 220 
232 216 
264 208 
232 208 
232 204 
208 208 
236 516 
232 208 
232 208 
236 204 
232 208 
236 220 
232 244 
240 240 
208 224 
812 236 
240 208 
232 204 
232 208 
228 204 
232 216 
232 232 
228 212 
240 212 
232 208 
236 232 
232 216 
232 208 
232 212 
300 224 
236 228 
236 212 
236 360 
236 212 
236 244 
248 212 
236 208 
232 208 
236 220 
236 228 
232 212 
256 216 
228 204 
236 228 
236 208 
232 208 
236 248 
232 204 
44 80 
236 232 
240 212 
236 208 
236 240 
236 252 
240 204 
240 204 
236 236 
236 212 
228 204 
232 256 
232 232 
232 232 
232 208 
236 216 
240 236 
236 208 
232 212 
232 208 
236 204 
236 264 
232 212 
236 204 
348 204 
240 204 
48 40 
228 216 
236 204 
232 208 
240 208 
232 204 
240 212 
240 236 
800 232 
460 216 
240 232 
236 236 
236 208 
240 224 
228 208 
236 208 
240 220 
236 208 
692 208 
236 208 
232 248 
228 212 
232 212 
232 212 
236 208 
236 212 
212 208 
236 548 
236 52 
236 212 
236 208 
236 216 
236 212 
236 208 
236 204 
208 208 
236 220 
236 232 
240 208 
232 208 
240 224 
240 212 
244 212 
232 212 
236 208 
232 204 
232 212 
240 208 
232 240 
232 204 
236 236 
236 240 
232 208 
348 232 
240 208 
232 212 
240 212 
232 228 
232 208 
232 252 
232 204 
232 212 
232 208 
236 220 
244 212 
236 208 
236 208 
232 208 
236 240 
232 224 
232 212 
232 208 
236 216 
232 216 
228 208 
232 212 
236 244 
236 208 
240 208 
232 252 
236 212 
232 244 
232 212 
236 208 
236 204 
236 204 
236 232 
232 212 
232 208 
248 208 
236 208 
236 204 
416 212 
240 208 
236 216 
260 212 
232 236 
236 236 
236 228 
236 216 
240 216 
236 208 
236 208 
236 220 
496 236 
232 212 
236 216 
260 212 
232 208 
240 208 
232 216 
240 208 
240 232 
724 212 
244 212 
236 236 
236 216 
236 208 
236 232 
236 232 
232 220 
216 220 
232 572 
232 208 
232 208 
236 212 
236 244 
240 212 
236 208 
244 536 
220 216 
232 208 
236 208 
236 208 
240 220 
236 236 
236 248 
240 208 
232 236 
232 252 
244 216 
232 224 
232 208 
236 208 
236 216 
236 208 
248 216 
232 224 
236 236 
240 208 
236 208 
240 208 
240 212 
228 208 
236 256 
236 236 
240 208 
244 208 
240 212 
244 212 
252 232 
240 208 
236 208 
236 232 
232 232 
232 216 
232 208 
232 208 
236 208 
236 236 
236 256 
264 212 
236 208 
240 248 
236 212 
240 232 
384 208 
232 208 
236 208 
232 256 
240 216 
236 208 
236 204 
232 208 
240 224 
232 208 
236 228 
240 216 
236 208 
232 232 
268 264 
232 212 
228 212 
244 212 
232 212 
240 208 
232 212 
236 208 
228 204 
500 208 
240 216 
228 208 
244 208 
236 220 
236 256 
264 212 
236 220 
236 212 
732 212 
240 208 
236 208 
236 208 
236 232 
312 224 
236 212 
228 208 
212 224 
232 604 
232 248 
232 216 
240 224 
236 252 
232 220 
236 208 
236 212 
220 208 
240 236 
288 212 
228 212 
232 208 
236 240 
240 232 
236 240 
240 208 
240 208 
232 204 
240 212 
236 208 
236 232 
232 208 
236 216 
252 212 
268 212 
252 208 
232 208 
236 236 
232 208 
232 212 
228 208 
236 212 
232 216 
228 204 
236 208 
232 208 
236 216 
236 216 
232 212 
232 208 
228 208 
232 212 
432 208 
240 208 
240 216 
240 220 
232 252 
228 212 
232 208 
384 208 
48 40 
240 264 
232 232 
240 340 
228 240 
240 204 
240 204 
236 232 
228 212 
232 208 
244 220 
232 208 
236 216 
236 208 
240 216 
236 256 
256 212 
288 208 
236 212 
240 208 
232 236 
268 212 
240 220 
236 212 
252 232 
232 1044 
44 188 
240 220 
236 224 
232 212 
232 232 
244 212 
240 208 
232 212 
252 208 
240 352 
236 220 
240 252 
264 208 
236 208 
232 212 
240 212 
232 228 
216 232 
236 596 
236 220 
236 204 
232 228 
232 208 
232 216 
240 204 
228 212 
212 212 
232 224 
236 212 
236 208 
240 208 
232 216 
232 216 
232 208 
228 208 
240 280 
240 236 
236 224 
236 208 
236 208 
232 208 
236 236 
236 232 
232 208 
232 216 
240 260 
240 212 
232 208 
240 324 
232 940 
236 208 
232 236 
292 212 
232 204 
228 204 
232 260 
232 228 
236 248 
236 220 
232 208 
228 212 
232 208 
236 236 
232 212 
236 420 
232 208 
232 212 
240 216 
236 244 
232 208 
232 208 
240 248 
260 208 
240 212 
240 208 
232 212 
240 212 
236 208 
236 228 
236 236 
236 232 
240 244 
240 540 
1168 208 
236 208 
236 232 
304 212 
236 236 
236 212 
236 216 
240 232 
236 212 
240 212 
236 236 
232 204 
564 212 
232 208 
236 208 
232 208 
232 212 
232 236 
236 244 
232 208 
236 256 
232 376 
240 216 
236 212 
236 232 
236 248 
228 268 
240 208 
232 208 
212 236 
236 620 
228 204 
240 216 
232 208 
236 212 
272 208 
240 208 
236 212 
216 212 
236 208 
228 212 
240 216 
244 232 
236 220 
228 208 
232 208 
240 208 
244 212 
232 236 
232 228 
228 212 
232 208 
232 208 
228 208 
236 208 
240 252 
236 232 
232 212 
232 208 
240 316 
240 208 
236 208 
240 212 
240 228 
236 208 
228 208 
232 208 
232 212 
240 208 
228 208 
240 220 
236 252 
236 224 
236 208 
232 208 
232 208 
236 212 
240 212 
236 236 
232 216 
232 208 
236 216 
236 264 
240 216 
1072 220 
232 224 
308 208 
240 228 
292 212 
228 208 
236 204 
236 208 
236 216 
232 228 
240 232 
236 216 
232 208 
236 208 
328 220 
240 208 
232 228 
232 204 
232 208 
232 208 
240 220 
236 260 
256 208 
588 228 
232 208 
240 224 
240 208 
232 224 
228 208 
240 216 
236 212 
236 208 
232 408 
232 208 
236 212 
232 208 
236 208 
232 232 
232 244 
232 208 
208 204 
232 644 
236 232 
236 244 
272 240 
236 212 
232 212 
236 208 
236 228 
236 212 
240 212 
264 204 
232 368 
236 256 
260 208 
240 212 
236 264 
232 208 
232 212 
232 212 
236 240 
232 208 
232 208 
236 232 
268 208 
232 208 
232 224 
232 208 
232 208 
236 252 
228 208 
232 208 
244 216 
240 232 
232 212 
232 208 
236 232 
228 208 
232 260 
228 208 
232 232 
240 232 
240 212 
236 236 
236 996 
232 208 
240 228 
240 212 
236 236 
240 212 
236 220 
240 216 
232 216 
232 204 
232 208 
240 228 
44 40 
236 216 
236 232 
244 216 
232 228 
240 208 
232 208 
236 232 
228 208 
232 216 
232 212 
236 232 
252 208 
348 508 
240 216 
232 212 
240 224 
236 208 
240 204 
232 208 
236 220 
676 216 
576 208 
236 204 
232 208 
40 40 
228 208 
236 220 
236 212 
228 208 
240 232 
240 412 
236 212 
232 204 
236 212 
236 224 
236 220 
236 232 
232 212 
212 216 
232 668 
232 212 
236 212 
240 208 
236 212 
232 212 
236 236 
232 256 
212 224 
236 212 
232 208 
232 212 
232 208 
236 212 
360 44 
924 208 
232 236 
232 216 
236 212 
232 204 
244 208 
240 216 
236 212 
228 208 
240 228 
236 224 
240 220 
232 216 
232 208 
240 208 
236 204 
236 216 
1312 208 
236 208 
236 216 
240 208 
236 216 
236 240 
236 232 
256 208 
236 228 
232 208 
228 240 
228 208 
236 208 
232 208 
232 212 
252 208 
228 212 
216 208 
232 212 
236 212 
236 216 
236 236 
240 208 
232 232 
236 212 
236 232 
236 232 
240 256 
240 224 
228 208 
236 232 
232 236 
232 236 
232 208 
232 248 
236 212 
356 208 
244 212 
240 232 
244 216 
232 212 
240 204 
236 232 
236 224 
240 208 
544 208 
240 220 
232 208 
232 236 
252 236 
240 208 
232 208 
236 212 
212 208 
232 452 
240 208 
236 216 
236 208 
240 212 
236 212 
232 236 
232 212 
212 228 
232 680 
236 216 
232 248 
232 208 
660 236 
236 244 
236 220 
240 208 
212 236 
232 220 
228 212 
236 236 
236 220 
236 264 
228 212 
232 208 
228 208 
236 324 
232 212 
240 268 
240 216 
232 224 
232 208 
236 208 
236 236 
240 236 
236 220 
232 300 
236 204 
232 248 
232 208 
232 220 
236 208 
236 232 
240 232 
236 216 
244 212 
236 208 
236 232 
236 212 
232 216 
232 208 
232 236 
236 236 
236 240 
232 212 
232 212 
232 260 
236 212 
232 232 
232 244 
232 232 
228 208 
232 208 
232 212 
236 216 
232 236 
236 212 
228 208 
236 220 
240 232 
232 224 
228 212 
232 212 
240 236 
228 208 
232 228 
232 216 
400 256 
236 204 
240 212 
240 236 
240 208 
232 208 
232 264 
232 208 
236 208 
636 232 
236 204 
236 224 
236 232 
236 224 
232 212 
260 208 
228 228 
212 224 
236 464 
232 204 
616 216 
236 208 
228 204 
236 236 
232 212 
236 216 
220 208 
240 700 
232 208 
232 208 
240 216 
232 232 
236 256 
232 212 
240 224 
216 208 
232 212 
236 208 
236 216 
240 224 
236 232 
236 220 
232 212 
236 208 
232 216 
240 208 
244 216 
232 264 
236 208 
232 204 
240 212 
232 232 
232 212 
236 216 
240 212 
292 208 
232 228 
232 208 
236 216 
236 212 
236 232 
232 212 
228 208 
236 216 
236 236 
236 236 
228 212 
228 208 
232 240 
240 208 
232 208 
240 220 
236 216 
236 220 
236 208 
236 208 
232 232 
296 208 
236 204 
232 228 
236 208 
232 212 
236 208 
232 268 
232 212 
232 208 
232 204 
504 204 
240 216 
236 208 
232 216 
240 208 
240 232 
236 216 
252 212 
400 232 
232 212 
44 64 
244 236 
236 208 
240 212 
232 212 
236 232 
236 212 
764 212 
264 220 
240 208 
244 236 
236 212 
236 216 
232 224 
236 216 
212 208 
240 464 
252 208 
236 212 
232 224 
236 208 
236 216 
236 232 
232 232 
220 208 
232 700 
236 208 
236 236 
232 204 
52 40 
240 212 
236 236 
232 228 
216 232 
236 208 
240 208 
232 216 
232 208 
240 204 
236 208 
284 208 
236 208 
240 236 
232 236 
236 204 
228 228 
236 232 
236 212 
236 232 
288 208 
232 208 
232 208 
240 208 
236 236 
236 208 
232 44 
232 232 
236 208 
236 216 
232 216 
232 208 
228 208 
236 208 
228 204 
236 216 
236 232 
232 216 
236 240 
236 316 
228 208 
236 228 
236 212 
244 208 
236 208 
224 208 
240 212 
232 216 
232 208 
236 208 
236 208 
232 256 
236 312 
236 208 
236 220 
236 208 
228 208 
240 208 
232 232 
232 212 
232 208 
232 1064 
264 208 
232 216 
420 212 
232 224 
236 204 
236 232 
236 208 
244 208 
232 232 
232 208 
240 216 
672 264 
228 212 
232 212 
236 208 
240 208 
236 260 
236 216 
240 216 
216 208 
232 520 
240 208 
240 232 
236 232 
240 224 
232 212 
232 212 
236 208 
212 216 
232 220 
236 204 
236 224 
240 212 
232 208 
236 228 
244 240 
228 208 
240 224 
236 208 
236 208 
232 208 
232 212 
236 232 
232 212 
240 216 
236 220 
236 240 
236 216 
232 212 
236 208 
240 208 
240 208 
236 232 
236 236 
232 208 
236 204 
244 240 
228 204 
232 216 
236 208 
232 208 
236 256 
240 208 
240 228 
232 216 
228 208 
264 208 
208 208 
240 208 
232 212 
228 208 
248 208 
232 232 
228 208 
236 216 
236 212 
228 236 
236 236 
232 212 
236 208 
236 232 
232 212 
232 204 
228 208 
236 212 
284 208 
232 212 
232 204 
224 204 
232 212 
236 212 
236 204 
236 212 
232 252 
232 204 
228 208 
236 204 
436 204 
236 264 
228 204 
232 208 
236 212 
244 224 
232 204 
236 212 
236 228 
704 208 
236 208 
236 208 
232 208 
240 212 
236 236 
236 232 
232 208 
212 208 
236 512 
240 216 
232 252 
236 208 
232 208 
236 208 
240 208 
240 204 
212 212 
244 216 
236 264 
252 208 
240 220 
232 208 
236 232 
236 232 
236 240 
240 236 
228 212 
240 236 
228 208 
240 208 
236 236 
236 208 
228 204 
228 204 
324 204 
236 216 
232 260 
240 212 
232 212 
236 208 
228 204 
240 208 
228 324 
236 212 
508 252 
240 208 
236 232 
232 208 
232 208 
236 224 
232 244 
236 208 
232 216 
236 208 
232 208 
240 216 
236 248 
240 232 
236 212 
228 208 
240 212 
256 212 
232 208 
240 212 
252 208 
240 232 
232 208 
232 208 
228 208 
240 236 
240 204 
236 208 
232 216 
232 228 
240 208 
240 216 
212 236 
240 216 
240 208 
232 224 
236 212 
232 232 
240 252 
236 232 
236 208 
488 220 
232 212 
236 220 
240 204 
240 212 
232 228 
228 212 
228 212 
236 220 
704 880 
232 208 
240 204 
232 212 
236 212 
232 216 
236 208 
232 228 
216 208 
232 544 
236 212 
232 216 
236 212 
232 204 
48 48 
236 208 
232 212 
232 212 
236 212 
236 212 
236 204 
232 208 
236 204 
240 208 
232 240 
236 212 
236 204 
232 208 
232 236 
232 208 
236 204 
236 212 
236 212 
232 212 
344 204 
232 212 
232 212 
232 212 
236 220 
40 44 
236 220 
228 212 
240 264 
236 260 
236 248 
240 208 
268 208 
236 204 
236 204 
232 208 
240 220 
232 208 
228 212 
228 208 
240 220 
232 256 
232 204 
232 208 
232 204 
240 248 
236 232 
236 212 
232 208 
240 212 
240 260 
244 208 
232 212 
324 756 
232 256 
232 224 
240 208 
236 208 
232 208 
240 208 
240 248 
232 208 
232 220 
244 212 
236 212 
236 232 
236 240 
240 208 
232 208 
236 216 
236 208 
232 232 
476 228 
232 208 
240 204 
236 240 
236 240 
232 208 
236 220 
236 228 
236 216 
732 208 
240 212 
244 208 
236 208 
240 208 
232 208 
228 208 
240 204 
212 216 
232 540 
232 208 
240 216 
240 240 
240 208 
236 240 
236 236 
232 204 
212 224 
236 236 
240 252 
232 216 
228 208 
900 220 
228 216 
232 212 
200 196 
0 0 
0 0 
232 228 
212 228 
236 224 
236 220 
240 212 
236 232 
228 208 
236 216 
232 212 
236 208 
244 220 
240 220 
236 216 
232 236 
240 208 
240 224 
236 232 
236 208 
228 212 
236 208 
232 208 
236 204 
236 224 
236 212 
232 212 
236 208 
232 208 
236 224 
1140 220 
236 260 
232 260 
232 216 
236 208 
228 216 
232 236 
236 252 
256 212 
244 208 
236 208 
236 208 
236 208 
232 212 
240 208 
236 216 
232 208 
244 216 
232 208 
236 216 
232 208 
280 212 
232 240 
236 212 
228 208 
236 208 
240 216 
228 216 
232 208 
232 232 
536 208 
240 320 
236 208 
228 204 
244 224 
228 208 
232 208 
236 208 
236 252 
236 356 
240 212 
240 244 
232 208 
228 208 
236 224 
236 208 
232 208 
212 204 
232 600 
240 204 
236 212 
236 232 
236 208 
232 208 
236 208 
240 220 
212 204 
232 208 
236 208 
236 212 
236 208 
420 208 
236 208 
236 208 
240 204 
232 212 
236 212 
232 232 
244 208 
228 212 
232 208 
236 232 
232 212 
236 216 
236 252 
244 220 
232 232 
236 240 
232 232 
236 272 
232 208 
236 208 
236 252 
232 208 
996 212 
236 208 
240 208 
236 236 
236 212 
232 208 
240 212 
232 212 
236 220 
236 216 
240 212 
236 204 
236 208 
228 208 
236 220 
236 248 
232 204 
232 208 
240 208 
232 212 
240 260 
232 208 
240 232 
236 212 
248 204 
232 208 
240 204 
236 212 
232 328 
236 208 
236 220 
232 208 
312 212 
232 216 
244 208 
232 212 
236 208 
228 216 
236 208 
240 208 
236 240 
548 248 
232 208 
232 212 
236 228 
236 216 
232 208 
228 212 
236 208 
232 208 
240 380 
264 224 
240 236 
232 312 
236 208 
236 212 
232 208 
240 236 
216 232 
236 600 
228 212 
236 236 
236 232 
236 208 
232 208 
228 208 
236 208 
212 208 
240 220 
256 208 
232 208 
236 232 
44 48 
236 204 
232 212 
240 204 
232 232 
236 256 
256 208 
232 212 
232 208 
244 212 
236 212 
240 208 
1160 208 
232 212 
236 260 
244 212 
232 212 
240 208 
228 208 
236 212 
236 232 
240 256 
236 208 
228 208 
320 208 
44 40 
232 208 
240 212 
236 232 
240 208 
236 216 
228 212 
240 204 
240 212 
236 208 
232 220 
232 216 
228 208 
236 212 
236 232 
240 212 
228 208 
232 216 
228 208 
232 208 
428 240 
232 236 
232 208 
232 212 
232 252 
236 204 
240 288 
236 204 
240 48 
240 236 
308 208 
236 236 
232 208 
236 204 
240 208 
232 240 
232 204 
236 236 
232 220 
544 208 
240 208 
228 208 
228 208 
240 216 
232 264 
232 212 
232 268 
236 224 
240 352 
236 204 
232 208 
232 208 
228 212 
236 208 
612 236 
236 208 
212 220 
232 624 
232 204 
236 260 
240 216 
232 212 
232 212 
232 212 
232 212 
216 208 
232 212 
228 208 
232 208 
232 220 
236 212 
1112 236 
236 212 
236 208 
232 208 
232 220 
236 212 
232 208 
232 232 
236 216 
232 208 
232 208 
236 208 
236 232 
404 208 
228 216 
232 212 
228 216 
212 264 
236 204 
236 236 
240 212 
228 212 
236 204 
236 252 
236 236 
240 220 
228 208 
240 208 
236 264 
232 224 
232 208 
232 212 
240 220 
236 220 
232 224 
240 212 
236 264 
364 208 
232 204 
236 204 
228 208 
236 212 
236 216 
256 212 
236 208 
240 224 
248 212 
236 208 
240 208 
236 208 
232 208 
228 208 
228 228 
236 236 
284 208 
232 208 
240 208 
232 216 
236 212 
236 212 
232 204 
240 216 
236 268 
564 264 
236 204 
240 212 
240 304 
524 208 
232 228 
236 220 
236 212 
232 204 
236 400 
232 232 
240 208 
236 244 
232 208 
232 208 
228 212 
248 232 
212 232 
236 664 
232 208 
236 208 
232 212 
232 216 
236 204 
236 208 
240 208 
212 232 
232 232 
244 208 
232 216 
236 204 
236 212 
236 232 
240 288 
232 208 
232 208 
232 208 
228 208 
240 208 
356 204 
228 216 
244 208 
240 212 
240 224 
232 216 
240 212 
240 220 
240 236 
228 216 
240 232 
236 208 
232 204 
264 232 
236 208 
236 236 
236 224 
236 216 
236 212 
236 216 
240 216 
240 216 
236 240 
232 232 
236 236 
232 216 
240 204 
236 212 
292 216 
240 208 
236 232 
232 208 
232 248 
240 204 
252 212 
248 212 
232 208 
240 208 
232 208 
236 212 
232 212 
236 208 
236 212 
236 224 
228 208 
236 264 
232 236 
344 220 
240 208 
744 204 
236 236 
236 208 
232 208 
232 212 
240 236 
232 208 
600 204 
232 232 
236 268 
228 212 
232 208 
236 212 
236 216 
240 236 
212 232 
296 396 
240 208 
240 208 
240 240 
240 216 
240 208 
232 208 
236 212 
208 236 
236 692 
264 212 
232 232 
232 232 
228 268 
236 212 
232 204 
232 212 
216 216 
236 220 
232 204 
236 208 
236 236 
236 216 
232 208 
240 280 
228 212 
232 208 
236 212 
240 208 
44 48 
232 208 
244 220 
240 212 
236 208 
236 236 
232 208 
228 208 
240 232 
232 204 
228 208 
296 220 
232 232 
240 232 
272 204 
236 208 
240 212 
232 236 
236 208 
236 236 
240 256 
236 212 
200 212 
232 204 
228 208 
240 236 
236 256 
236 208 
44 48 
232 208 
236 236 
240 232 
236 260 
252 212 
240 300 
232 208 
268 216 
240 232 
236 212 
1112 208 
244 208 
232 208 
236 224 
236 228 
232 208 
236 204 
232 236 
236 208 
372 44 
236 208 
232 208 
240 240 
268 208 
232 208 
232 216 
240 212 
228 212 
624 212 
236 236 
252 208 
232 212 
236 240 
232 216 
240 208 
236 208 
216 224 
240 392 
232 208 
232 208 
236 208 
228 212 
236 212 
196 208 
236 208 
212 208 
240 712 
228 204 
240 208 
232 212 
244 212 
236 248 
236 224 
240 216 
208 212 
232 208 
268 208 
228 212 
232 228 
236 216 
236 224 
232 208 
232 212 
236 212 
236 232 
240 208 
236 220 
232 208 
244 208 
240 232 
236 228 
232 248 
240 208 
240 208 
240 220 
236 204 
232 212 
324 204 
236 212 
236 216 
232 208 
236 208 
236 236 
232 208 
232 220 
232 204 
232 208 
236 212 
308 228 
240 208 
240 208 
240 208 
236 216 
236 1040 
236 212 
236 208 
240 208 
240 208 
228 204 
236 208 
236 224 
228 208 
232 208 
232 212 
236 204 
232 208 
244 212 
240 204 
232 212 
236 208 
232 232 
232 240 
232 212 
232 212 
396 208 
236 216 
240 236 
268 224 
228 208 
236 208 
236 232 
232 212 
232 244 
644 216 
232 232 
236 220 
236 228 
232 204 
232 216 
248 208 
240 244 
212 208 
232 492 
236 220 
240 216 
236 240 
236 220 
236 216 
232 208 
232 212 
208 348 
236 720 
236 224 
228 204 
232 212 
228 208 
236 232 
236 232 
240 236 
208 212 
228 212 
236 208 
240 208 
232 256 
232 216 
236 204 
232 208 
228 208 
236 208 
236 212 
232 212 
216 208 
240 220 
236 220 
228 204 
240 220 
232 232 
232 216 
240 224 
228 212 
236 208 
232 204 
240 216 
236 212 
252 208 
244 208 
236 232 
252 208 
236 228 
236 212 
236 204 
240 212 
228 208 
236 232 
240 208 
236 212 
268 212 
232 220 
228 208 
240 216 
232 208 
236 212 
244 248 
236 244 
232 224 
236 236 
240 208 
240 208 
232 208 
232 212 
240 260 
236 204 
236 208 
236 256 
236 204 
232 212 
240 212 
232 208 
232 216 
412 248 
240 256 
260 1092 
236 220 
232 212 
236 208 
232 208 
232 212 
260 208 
668 216 
236 232 
232 208 
240 236 
252 216 
244 216 
236 208 
236 208 
216 216 
240 472 
236 204 
232 208 
232 208 
236 232 
228 212 
236 208 
232 208 
220 216 
232 244 
232 208 
240 208 
232 204 
240 212 
232 208 
236 316 
48 60 
228 204 
212 212 
236 216 
236 208 
232 208 
236 204 
232 216 
240 216 
236 216 
228 204 
240 208 
236 252 
356 212 
240 232 
260 212 
236 204 
236 232 
236 216 
236 220 
236 220 
236 260 
232 212 
236 204 
232 216 
228 208 
236 208 
228 204 
48 40 
236 232 
236 216 
244 204 
232 208 
240 216 
236 244 
232 208 
232 208 
236 208 
240 208 
236 212 
228 208 
236 212 
232 208 
240 212 
228 212 
240 204 
228 216 
232 232 
236 204 
232 208 
240 204 
236 208 
244 312 
240 224 
228 208 
240 208 
236 212 
228 44 
232 208 
232 208 
240 212 
400 208 
236 204 
232 208 
232 212 
244 208 
232 204 
232 204 
228 204 
232 216 
680 236 
236 232 
232 212 
236 220 
228 212 
232 204 
236 232 
240 212 
260 232 
232 484 
236 212 
232 212 
240 212 
236 204 
240 208 
236 236 
200 208 
212 236 
232 208 
232 212 
236 248 
236 224 
236 216 
240 204 
236 208 
232 212 
240 216 
240 232 
232 228 
232 204 
236 208 
228 208 
236 216 
228 216 
240 236 
236 232 
236 216 
228 216 
232 204 
236 216 
232 204 
236 208 
236 212 
256 204 
236 220 
232 240 
236 208 
232 212 
236 216 
1188 212 
232 256 
232 208 
228 208 
228 208 
232 208 
240 264 
228 204 
228 208 
240 220 
240 216 
232 236 
232 240 
232 212 
236 236 
232 208 
236 212 
240 1056 
232 232 
232 204 
240 208 
244 220 
236 208 
236 208 
240 208 
236 220 
236 248 
236 212 
220 212 
236 216 
236 208 
232 208 
228 244 
240 208 
232 232 
240 208 
232 232 
408 208 
244 208 
236 208 
232 212 
236 212 
272 212 
232 236 
236 208 
248 208 
712 208 
232 228 
240 260 
228 208 
1044 236 
248 208 
232 208 
232 212 
216 208 
240 540 
236 216 
236 236 
320 208 
232 208 
228 208 
228 216 
268 220 
220 212 
228 212 
232 212 
240 212 
240 208 
240 212 
240 428 
232 232 
240 240 
236 208 
236 240 
236 208 
232 204 
232 208 
236 208 
240 216 
236 232 
252 216 
240 212 
228 212 
236 212 
964 220 
228 256 
232 216 
240 240 
236 208 
232 236 
232 208 
236 236 
232 220 
240 232 
236 208 
236 224 
236 220 
236 208 
236 216 
228 212 
284 204 
232 204 
240 204 
232 256 
232 208 
232 208 
240 216 
236 212 
236 216 
236 236 
232 208 
236 208 
236 220 
236 232 
232 228 
232 208 
236 264 
236 212 
244 212 
240 212 
232 208 
228 208 
240 208 
216 208 
240 212 
232 208 
232 216 
240 216 
232 248 
228 208 
236 216 
236 208 
492 212 
240 236 
232 216 
228 208 
340 212 
232 272 
232 216 
236 212 
232 208 
704 208 
232 216 
240 208 
236 232 
232 328 
232 212 
236 216 
236 264 
212 228 
228 592 
240 232 
232 208 
240 204 
236 432 
240 216 
232 208 
236 216 
212 232 
236 232 
232 212 
240 208 
232 208 
236 240 
232 208 
240 212 
232 208 
224 236 
268 464 
236 216 
232 232 
236 212 
240 416 
44 40 
228 228 
236 212 
252 220 
232 208 
236 232 
232 212 
240 212 
228 208 
236 208 
244 216 
236 208 
228 208 
236 208 
232 208 
236 212 
244 208 
236 212 
232 212 
232 204 
232 208 
232 216 
236 208 
232 208 
236 208 
236 212 
48 40 
236 232 
240 208 
232 236 
236 252 
236 208 
236 208 
240 224 
240 260 
232 204 
236 220 
240 224 
296 212 
232 208 
240 204 
240 208 
240 212 
236 208 
236 212 
316 232 
232 204 
232 208 
236 224 
236 232 
232 208 
228 204 
240 208 
240 232 
488 208 
232 44 
236 212 
232 224 
236 248 
232 208 
236 232 
236 244 
236 264 
684 220 
232 216 
236 212 
240 232 
236 208 
232 208 
232 232 
228 208 
212 224 
232 616 
236 240 
232 228 
232 228 
236 236 
232 216 
232 212 
1004 216 
212 252 
232 232 
240 220 
232 216 
232 212 
228 204 
236 208 
240 208 
236 232 
244 212 
232 208 
240 216 
232 216 
240 208 
236 216 
232 220 
236 204 
276 236 
236 252 
240 224 
236 228 
240 216 
236 216 
236 216 
228 208 
236 216 
240 236 
236 224 
232 228 
236 212 
248 208 
236 212 
368 232 
236 244 
232 208 
236 204 
236 208 
240 208 
236 220 
244 208 
232 208 
232 216 
232 236 
232 228 
236 208 
236 204 
232 240 
232 208 
236 212 
236 204 
232 212 
232 232 
236 264 
236 216 
228 208 
232 212 
236 244 
232 228 
236 216 
232 212 
264 236 
316 208 
232 208 
236 208 
232 208 
236 244 
612 204 
228 208 
232 212 
500 208 
240 232 
232 288 
228 212 
228 208 
236 212 
244 208 
276 212 
232 212 
744 212 
232 248 
236 216 
236 212 
228 208 
992 236 
232 216 
236 204 
216 232 
236 600 
240 208 
236 208 
236 212 
232 212 
236 208 
236 260 
232 208 
256 212 
236 208 
240 236 
236 220 
232 204 
232 208 
236 236 
240 212 
228 208 
236 236 
232 232 
236 236 
236 456 
236 240 
236 228 
232 208 
232 212 
236 208 
236 240 
240 232 
236 216 
232 208 
236 212 
240 212 
252 208 
228 220 
232 204 
236 204 
236 208 
236 240 
232 212 
228 236 
232 212 
232 232 
236 248 
340 212 
232 232 
248 208 
240 208 
232 212 
232 208 
256 208 
312 216 
236 208 
232 212 
244 208 
240 208 
236 204 
240 220 
236 208 
232 204 
232 208 
236 220 
232 208 
240 208 
496 212 
240 208 
236 228 
244 212 
232 208 
288 216 
236 236 
240 204 
236 228 
228 232 
228 224 
240 208 
232 212 
240 212 
516 240 
240 212 
232 208 
244 216 
240 208 
236 220 
228 212 
240 208 
240 236 
236 364 
228 216 
240 208 
236 232 
228 208 
232 208 
236 232 
236 232 
208 248 
240 584 
236 216 
268 212 
236 224 
240 208 
240 208 
236 212 
240 244 
216 212 
232 204 
232 208 
236 208 
240 208 
240 216 
236 208 
232 208 
232 208 
232 216 
236 252 
236 216 
232 212 
232 208 
232 212 
240 208 
236 208 
240 256 
48 48 
236 260 
248 208 
232 232 
236 224 
228 204 
236 212 
236 232 
272 212 
236 236 
236 204 
244 208 
232 208 
236 208 
228 212 
232 208 
236 216 
272 236 
236 224 
232 232 
232 224 
236 224 
240 248 
240 208 
228 204 
232 208 
468 256 
232 212 
236 228 
44 44 
232 256 
240 248 
232 212 
244 228 
240 204 
236 216 
236 208 
236 208 
236 224 
232 208 
240 216 
236 208 
304 208 
236 216 
232 216 
236 204 
236 208 
236 216 
236 232 
232 208 
228 216 
496 208 
228 212 
240 208 
240 220 
232 208 
236 216 
236 232 
240 44 
232 212 
236 380 
236 236 
236 264 
236 236 
240 224 
236 264 
232 208 
228 208 
216 208 
236 616 
232 208 
236 232 
236 204 
240 208 
236 228 
240 208 
232 212 
208 208 
240 208 
232 208 
228 208 
232 212 
236 212 
288 208 
236 212 
240 232 
240 216 
256 208 
232 208 
232 212 
232 208 
240 208 
240 268 
192 208 
240 212 
240 236 
240 212 
236 208 
240 216 
240 232 
240 248 
256 208 
232 216 
236 216 
236 260 
236 208 
236 204 
240 236 
236 240 
328 208 
616 216 
232 208 
232 208 
236 212 
240 256 
232 208 
232 208 
240 208 
240 216 
236 244 
232 228 
232 212 
232 208 
236 228 
240 208 
232 220 
244 232 
236 212 
236 208 
236 220 
236 216 
232 212 
232 204 
236 220 
240 228 
232 272 
240 208 
328 208 
228 208 
424 212 
244 208 
232 208 
232 212 
212 208 
236 216 
232 208 
584 208 
232 208 
240 208 
240 228 
236 208 
244 208 
240 216 
236 248 
232 208 
232 412 
236 204 
232 212 
248 208 
236 236 
272 204 
244 208 
228 208 
212 204 
240 656 
236 216 
240 236 
232 212 
228 220 
232 212 
240 208 
240 208 
212 236 
236 208 
236 204 
236 232 
240 224 
224 204 
236 236 
248 208 
232 208 
236 216 
232 208 
236 244 
232 212 
232 208 
236 212 
236 232 
232 208 
236 216 
240 236 
236 216 
232 208 
236 980 
240 208 
236 204 
232 216 
240 208 
240 208 
256 212 
232 204 
240 208 
404 208 
232 212 
232 208 
240 204 
232 212 
240 204 
240 240 
236 236 
236 252 
240 212 
228 208 
240 236 
232 208 
236 212 
236 220 
232 212 
236 236 
240 212 
232 204 
240 208 
228 212 
232 212 
228 208 
232 208 
244 216 
312 1004 
244 208 
232 208 
236 212 
232 208 
376 216 
236 212 
232 208 
236 232 
240 208 
232 204 
236 208 
232 236 
236 296 
580 208 
232 212 
228 208 
236 224 
236 268 
236 244 
236 212 
240 208 
236 240 
236 440 
236 208 
244 236 
232 232 
236 256 
236 220 
236 236 
236 224 
212 208 
248 648 
236 236 
232 228 
232 208 
244 316 
228 216 
240 212 
236 232 
216 264 
240 212 
232 216 
236 212 
236 212 
232 212 
232 204 
236 208 
240 212 
260 208 
236 208 
240 208 
236 204 
236 208 
232 252 
232 212 
228 208 
236 208 
236 208 
236 208 
232 236 
240 204 
228 216 
236 216 
240 220 
232 232 
236 212 
232 212 
400 212 
232 208 
236 212 
48 48 
236 212 
232 208 
236 204 
236 208 
232 208 
240 208 
236 208 
236 460 
236 216 
236 216 
236 212 
236 204 
232 976 
232 212 
228 208 
236 212 
236 212 
236 208 
236 208 
240 212 
240 256 
232 244 
264 208 
236 204 
240 204 
44 44 
236 216 
232 208 
380 232 
232 208 
240 216 
236 232 
232 212 
236 204 
232 212 
228 208 
236 212 
576 264 
232 208 
240 212 
236 212 
232 208 
236 244 
236 232 
240 208 
236 216 
192 208 
236 236 
256 236 
232 208 
236 220 
236 212 
240 208 
236 240 
212 40 
240 692 
240 208 
240 212 
240 260 
236 220 
236 244 
240 208 
232 212 
216 216 
508 544 
236 212 
236 236 
240 204 
240 208 
240 236 
236 208 
232 212 
232 212 
236 240 
256 216 
232 208 
244 216 
236 236 
232 228 
236 208 
228 228 
240 216 
236 204 
232 216 
232 208 
232 232 
240 264 
232 212 
232 204 
236 208 
236 216 
236 212 
228 204 
240 208 
248 204 
236 256 
232 292 
232 212 
232 236 
236 208 
236 232 
236 236 
232 208 
232 204 
228 204 
236 228 
232 208 
236 236 
232 208 
236 224 
232 252 
232 220 
232 204 
232 236 
236 236 
232 212 
236 208 
232 208 
240 208 
232 236 
340 208 
240 208 
236 204 
472 208 
236 224 
236 208 
236 208 
240 216 
236 216 
240 240 
232 216 
236 212 
628 208 
236 264 
236 216 
232 208 
236 212 
244 208 
240 208 
232 208 
212 204 
228 492 
240 216 
240 208 
236 208 
236 236 
236 212 
244 236 
236 204 
212 212 
232 720 
232 224 
264 220 
236 216 
232 208 
236 208 
244 236 
236 252 
208 208 
232 216 
240 208 
244 232 
236 232 
976 236 
232 212 
232 204 
240 236 
228 212 
232 212 
236 208 
272 208 
232 208 
240 216 
232 228 
240 208 
236 204 
236 204 
240 208 
232 244 
232 212 
236 1052 
240 232 
232 204 
232 212 
232 208 
232 212 
232 228 
236 208 
232 208 
232 208 
240 236 
240 212 
232 212 
232 204 
236 256 
236 248 
232 208 
236 212 
240 212 
240 212 
288 212 
236 208 
244 212 
236 208 
240 208 
236 224 
240 220 
240 216 
236 260 
236 212 
236 208 
232 232 
240 236 
1000 220 
232 228 
232 208 
240 208 
240 208 
400 228 
236 248 
228 212 
244 216 
236 208 
228 220 
236 236 
232 212 
232 224 
672 208 
240 208 
236 224 
228 208 
236 220 
236 212 
232 208 
236 204 
212 216 
232 512 
240 216 
240 208 
240 204 
240 240 
232 212 
232 224 
240 216 
216 220 
244 700 
236 212 
444 736 
236 208 
236 204 
236 208 
240 208 
232 208 
228 208 
236 216 
228 208 
232 208 
232 220 
236 392 
232 204 
236 208 
236 232 
236 212 
268 212 
236 212 
236 232 
232 208 
232 208 
232 212 
232 212 
240 212 
240 208 
236 212 
240 208 
232 212 
236 220 
236 208 
232 204 
240 212 
236 208 
232 208 
236 232 
240 212 
232 204 
232 208 
240 216 
232 212 
232 220 
240 212 
232 260 
240 212 
236 276 
232 236 
236 216 
232 216 
240 260 
268 208 
232 212 
240 340 
244 196 
0 0 
256 44 
232 244 
236 212 
216 208 
236 208 
240 260 
236 204 
236 208 
228 208 
236 208 
236 216 
236 212 
400 208 
232 208 
232 216 
228 204 
236 240 
228 208 
236 212 
244 216 
228 208 
624 236 
232 232 
240 216 
240 208 
236 208 
236 232 
248 212 
232 44 
212 44 
768 380 
236 248 
236 232 
232 212 
232 208 
228 204 
240 216 
236 220 
208 212 
232 724 
232 208 
236 212 
240 208 
232 268 
240 220 
236 216 
232 220 
244 208 
232 216 
236 252 
240 216 
236 224 
236 256 
232 212 
236 212 
232 44 
240 232 
236 248 
236 252 
232 204 
232 208 
232 212 
236 208 
240 232 
236 208 
236 216 
232 208 
236 232 
232 220 
232 212 
240 208 
236 220 
236 208 
232 212 
236 236 
240 212 
236 208 
236 208 
228 276 
240 240 
232 208 
240 204 
240 212 
232 232 
236 232 
232 208 
240 228 
240 208 
240 216 
236 216 
232 260 
232 220 
232 208 
236 220 
232 216 
240 228 
228 208 
240 212 
220 232 
228 208 
236 236 
236 208 
228 208 
232 212 
236 212 
236 248 
236 212 
460 216 
228 208 
232 216 
240 228 
236 232 
236 236 
240 212 
952 228 
232 212 
688 208 
240 224 
232 232 
228 208 
288 212 
228 216 
236 208 
236 204 
212 216 
236 520 
228 228 
236 208 
236 220 
236 264 
232 208 
236 208 
232 212 
212 204 
232 216 
236 244 
232 212 
236 212 
244 212 
240 212 
232 204 
236 244 
228 212 
244 208 
236 204 
240 208 
244 220 
408 212 
232 212 
240 212 
232 216 
236 212 
236 212 
240 236 
236 212 
240 204 
404 204 
240 232 
232 208 
228 212 
232 212 
232 228 
232 208 
232 212 
240 212 
236 208 
324 208 
232 224 
240 228 
236 232 
228 208 
228 208 
232 236 
232 240 
228 208 
240 208 
236 208 
252 208 
232 208 
276 204 
236 208 
540 216 
236 224 
236 212 
236 208 
240 212 
240 236 
236 224 
228 208 
232 208 
244 224 
236 216 
236 212 
244 208 
228 208 
240 216 
232 212 
240 204 
704 244 
236 224 
232 248 
232 204 
484 208 
236 224 
236 216 
240 212 
236 212 
240 208 
240 220 
232 240 
240 224 
728 208 
236 216 
240 232 
232 220 
232 208 
236 220 
236 244 
236 252 
208 208 
232 560 
228 228 
228 204 
232 204 
236 208 
260 212 
236 208 
236 208 
212 232 
236 204 
228 212 
236 208 
236 216 
236 232 
236 212 
236 220 
236 216 
232 204 
232 208 
228 208 
240 208 
236 236 
236 220 
232 260 
236 208 
240 216 
236 232 
236 208 
232 208 
240 216 
232 244 
240 216 
240 208 
236 228 
240 232 
236 212 
240 208 
236 204 
240 212 
236 232 
232 212 
232 208 
328 248 
232 236 
236 208 
432 204 
232 232 
240 204 
236 236 
232 208 
232 212 
240 204 
236 212 
228 208 
240 208 
336 292 
236 220 
240 216 
260 208 
236 212 
236 216 
236 208 
236 208 
232 216 
240 236 
236 208 
228 208 
232 220 
244 240 
236 212 
48 48 
240 248 
232 212 
232 208 
240 216 
236 232 
232 224 
492 220 
244 212 
232 212 
232 216 
236 256 
232 208 
236 212 
232 212 
240 208 
744 236 
236 232 
244 208 
232 208 
236 220 
232 220 
232 208 
232 208 
216 208 
236 556 
236 212 
236 212 
52 40 
232 208 
240 208 
232 220 
240 248 
280 208 
236 212 
232 212 
232 204 
236 208 
240 224 
236 208 
240 212 
232 204 
236 232 
240 216 
236 204 
232 208 
232 204 
240 212 
232 208 
232 208 
236 216 
236 232 
236 216 
240 204 
232 40 
236 212 
232 208 
232 220 
232 212 
552 208 
236 220 
236 236 
236 208 
240 204 
240 212 
232 204 
232 220 
232 216 
236 236 
236 236 
232 216 
244 228 
236 236 
236 260 
256 212 
232 208 
236 212 
236 236 
236 244 
236 216 
240 212 
236 236 
240 232 
228 220 
236 204 
236 208 
240 216 
236 212 
240 296 
240 236 
256 212 
252 208 
232 208 
252 208 
228 208 
236 220 
244 204 
228 236 
240 212 
236 216 
232 232 
232 248 
520 212 
236 204 
240 208 
236 264 
240 208 
236 248 
228 208 
236 204 
236 212 
232 360 
244 216 
236 232 
236 268 
236 208 
228 212 
236 236 
240 224 
216 208 
240 548 
228 216 
232 204 
240 216 
240 228 
232 208 
240 204 
232 216 
212 212 
240 208 
232 208 
244 208 
236 232 
236 216 
232 208 
236 236 
236 236 
232 208 
236 204 
232 228 
232 208 
232 208 
240 240 
372 204 
236 248 
232 208 
240 212 
232 208 
236 232 
232 216 
240 212 
232 212 
256 204 
232 208 
236 204 
236 236 
232 212 
232 216 
240 208 
232 212 
240 212 
232 228 
228 204 
244 208 
240 260 
228 216 
232 204 
236 216 
236 212 
236 216 
272 208 
240 212 
232 212 
240 220 
232 212 
236 208 
236 244 
232 208 
232 212 
232 204 
236 208 
236 216 
240 204 
232 208 
236 204 
232 208 
232 232 
236 256 
304 208 
240 212 
240 208 
236 212 
236 204 
232 216 
232 212 
228 212 
232 208 
536 236 
232 240 
236 208 
236 208 
240 216 
232 236 
236 212 
236 236 
236 220 
236 344 
232 208 
236 208 
244 236 
236 208 
268 208 
232 232 
232 208 
208 208 
240 600 
236 232 
236 216 
252 208 
232 204 
236 236 
236 212 
236 232 
208 264 
232 212 
236 228 
852 236 
240 236 
236 216 
236 232 
228 236 
232 204 
232 208 
236 208 
240 236 
240 232 
236 236 
232 216 
240 236 
240 208 
236 236 
236 264 
232 232 
228 204 
232 216 
232 212 
240 216 
240 212 
236 212 
232 204 
232 204 
236 220 
240 224 
236 208 
236 204 
236 208 
236 208 
236 228 
236 256 
232 224 
228 900 
228 208 
232 212 
244 208 
236 232 
244 232 
244 244 
236 228 
232 204 
236 208 
236 212 
236 212 
232 208 
240 220 
236 208 
232 216 
236 228 
232 232 
236 236 
228 212 
232 208 
240 204 
172 44 
324 216 
236 216 
240 232 
240 260 
232 216 
236 208 
244 236 
236 216 
236 212 
516 208 
236 212 
232 208 
236 212 
236 208 
240 212 
236 236 
232 208 
240 220 
256 356 
228 208 
228 212 
240 232 
236 204 
228 208 
240 232 
232 208 
48 36 
228 612 
232 208 
236 216 
228 204 
228 212 
244 232 
236 236 
232 204 
208 208 
228 216 
236 232 
232 232 
232 240 
232 208 
240 232 
244 212 
236 204 
236 212 
240 212 
236 236 
240 232 
232 216 
232 208 
232 212 
240 208 
232 208 
240 44 
236 212 
232 212 
240 208 
232 212 
236 208 
232 208 
232 232 
236 892 
232 220 
228 208 
232 216 
236 216 
236 256 
236 208 
240 208 
260 208 
236 212 
236 216 
236 208 
228 216 
248 208 
232 232 
236 212 
376 272 
228 216 
232 220 
240 212 
236 240 
244 212 
236 232 
232 212 
232 208 
236 240 
280 212 
244 212 
232 236 
236 228 
232 208 
232 208 
240 216 
260 236 
236 436 
232 208 
232 208 
228 212 
236 208 
236 204 
228 212 
248 216 
232 240 
584 212 
232 216 
240 208 
232 216 
236 220 
236 208 
232 204 
240 220 
224 220 
236 412 
240 212 
240 208 
232 204 
236 212 
236 216 
236 228 
236 236 
212 228 
236 636 
240 216 
232 232 
236 208 
236 232 
236 208 
236 208 
236 208 
216 208 
232 208 
232 212 
232 236 
228 208 
236 208 
236 216 
240 212 
232 212 
228 220 
236 208 
236 208 
240 236 
236 220 
232 208 
232 1092 
240 212 
232 212 
240 216 
236 236 
264 212 
236 208 
236 232 
240 204 
240 204 
236 208 
232 208 
232 216 
240 212 
236 228 
236 252 
236 212 
256 208 
228 208 
240 212 
240 232 
236 216 
232 212 
236 208 
236 212 
232 208 
232 216 
236 260 
236 212 
232 244 
228 204 
232 208 
240 232 
240 216 
240 240 
240 220 
236 232 
240 208 
244 216 
232 208 
240 220 
236 208 
228 204 
228 208 
232 212 
372 236 
240 236 
240 216 
236 216 
240 208 
240 232 
236 208 
236 212 
240 208 
612 208 
264 204 
232 212 
240 212 
240 212 
232 208 
232 208 
236 204 
220 208 
232 440 
236 212 
232 236 
252 220 
824 208 
236 208 
236 232 
232 212 
212 212 
232 692 
232 228 
192 232 
228 236 
216 232 
232 232 
252 232 
232 232 
216 212 
232 224 
228 232 
228 228 
232 664 
232 228 
232 236 
228 232 
232 228 
236 228 
232 208 
240 216 
244 220 
228 208 
236 204 
228 216 
240 212 
240 232 
240 212 
232 204 
236 212 
232 208 
236 260 
236 232 
228 216 
232 212 
232 204 
236 208 
236 208 
236 204 
240 236 
236 208 
232 204 
236 212 
232 208 
244 212 
232 208 
772 236 
236 220 
244 208 
232 256 
240 208 
236 232 
240 208 
232 244 
240 216 
232 208 
232 208 
240 216 
236 208 
232 212 
236 208 
240 208 
236 264 
232 212 
236 236 
232 212 
232 208 
232 232 
236 216 
348 212 
232 212 
236 208 
236 228 
236 212 
236 212 
236 208 
240 236 
232 204 
624 204 
236 212 
804 232 
240 260 
240 212 
232 204 
240 208 
236 236 
212 284 
232 448 
244 220 
236 232 
236 212 
232 216 
236 216 
240 224 
228 208 
220 204 
232 708 
44 208 
236 208 
232 204 
232 220 
240 212 
252 208 
232 236 
216 232 
236 208 
240 212 
232 212 
232 216 
240 204 
236 212 
248 208 
228 228 
232 212 
228 212 
244 204 
240 216 
236 204 
240 216 
228 208 
232 216 
228 216 
236 212 
80 40 
232 212 
236 212 
236 204 
232 212 
232 208 
236 256 
236 212 
236 260 
240 212 
232 208 
236 212 
232 252 
244 204 
236 232 
232 216 
244 208 
236 212 
260 232 
236 220 
236 48 
240 208 
236 260 
236 204 
232 236 
236 208 
236 248 
232 204 
228 216 
236 208 
240 216 
232 212 
236 208 
228 208 
240 216 
232 224 
240 304 
236 204 
236 224 
232 208 
240 208 
220 848 
244 256 
232 240 
232 208 
240 208 
240 244 
240 208 
232 216 
240 216 
648 232 
228 208 
232 208 
240 240 
232 208 
240 212 
240 216 
236 212 
212 212 
232 484 
240 208 
232 204 
232 216 
236 232 
232 208 
236 208 
240 212 
212 208 
240 676 
232 220 
236 208 
240 212 
236 212 
228 216 
236 216 
232 208 
212 208 
236 224 
232 216 
236 212 
236 204 
236 236 
236 212 
232 208 
236 212 
232 204 
232 208 
232 216 
236 232 
232 208 
236 208 
244 212 
232 204 
232 208 
236 232 
232 208 
240 216 
236 204 
228 208 
236 232 
232 212 
232 216 
232 208 
232 212 
240 212 
252 212 
240 208 
240 204 
228 208 
240 212 
232 236 
236 232 
232 208 
236 212 
240 212 
232 220 
236 248 
236 232 
232 208 
232 212 
236 216 
240 236 
236 208 
236 224 
236 236 
844 208 
236 204 
232 228 
236 236 
236 264 
232 220 
232 216 
228 212 
236 212 
228 208 
240 204 
396 208 
232 208 
236 216 
252 232 
236 224 
232 212 
232 208 
236 216 
232 220 
652 208 
228 212 
228 212 
236 252 
232 208 
232 252 
232 208 
236 208 
212 264 
232 516 
236 204 
236 208 
236 212 
360 208 
232 208 
232 208 
236 216 
340 224 
236 684 
232 208 
236 208 
228 208 
240 236 
232 256 
232 256 
228 208 
212 216 
240 216 
240 232 
236 208 
228 212 
232 236 
244 208 
228 232 
236 208 
356 220 
240 216 
236 236 
256 212 
236 208 
228 208 
236 256 
232 244 
232 220 
228 216 
232 208 
236 208 
536 208 
244 232 
240 236 
236 204 
240 264 
356 204 
352 208 
236 204 
228 208 
236 204 
236 232 
236 248 
228 208 
240 208 
240 208 
228 216 
228 208 
720 232 
236 208 
236 232 
236 216 
236 216 
240 212 
236 232 
236 212 
232 228 
464 208 
236 236 
232 208 
240 208 
204 208 
236 212 
236 236 
236 208 
236 236 
324 216 
232 216 
232 244 
236 208 
428 212 
236 212 
240 256 
236 228 
228 212 
240 224 
232 208 
236 208 
228 212 
692 208 
232 216 
232 208 
232 216 
236 216 
236 204 
236 212 
236 256 
216 212 
232 512 
232 208 
236 216 
232 212 
232 212 
232 216 
232 272 
232 208 
216 236 
240 212 
232 208 
236 232 
244 228 
240 204 
240 204 
232 208 
236 208 
236 208 
236 216 
228 208 
236 240 
232 204 
244 216 
240 240 
240 232 
232 212 
44 56 
200 212 
232 208 
232 232 
236 216 
232 212 
232 232 
228 212 
232 204 
240 216 
236 216 
232 232 
232 260 
232 212 
232 208 
236 208 
236 236 
240 220 
240 232 
236 232 
228 212 
236 212 
240 212 
240 212 
228 216 
240 208 
236 212 
44 44 
240 216 
232 208 
240 208 
240 256 
232 240 
232 212 
232 208 
344 216 
232 208 
244 212 
228 212 
240 208 
236 236 
240 220 
204 216 
232 252 
240 212 
240 216 
240 208 
236 44 
232 208 
228 204 
232 212 
456 1020 
232 208 
232 212 
232 212 
240 252 
256 232 
240 236 
236 256 
232 212 
684 208 
232 208 
236 208 
232 208 
236 208 
232 236 
236 212 
244 208 
216 216 
236 492 
240 212 
236 208 
248 216 
240 212 
236 236 
268 212 
248 216 
212 224 
236 236 
232 212 
236 204 
232 208 
240 216 
228 212 
236 212 
436 212 
236 252 
240 208 
240 212 
240 208 
228 216 
232 212 
232 212 
236 208 
232 216 
240 208 
232 208 
232 216 
232 204 
236 212 
232 208 
232 208 
232 208 
236 256 
232 216 
240 216 
236 204 
236 220 
244 216 
236 208 
232 204 
236 208 
232 208 
240 204 
232 212 
240 216 
236 232 
236 220 
228 212 
236 212 
232 208 
240 208 
236 232 
232 212 
232 204 
240 208 
236 228 
236 236 
240 212 
240 236 
236 248 
232 208 
236 208 
244 208 
240 224 
236 212 
240 208 
224 232 
240 208 
236 216 
236 208 
236 204 
232 208 
236 216 
232 208 
240 212 
444 232 
232 232 
240 216 
232 232 
232 208 
228 208 
232 236 
228 232 
236 232 
680 212 
236 204 
232 216 
236 232 
240 236 
232 212 
240 204 
240 216 
212 236 
232 548 
240 212 
236 216 
236 232 
236 212 
452 208 
236 236 
244 212 
212 204 
232 220 
228 212 
232 212 
240 212 
228 216 
240 208 
236 216 
232 212 
240 236 
236 236 
232 208 
240 208 
236 216 
232 252 
236 216 
232 204 
236 208 
244 220 
236 204 
240 208 
236 232 
236 208 
236 236 
240 208 
228 216 
228 220 
260 208 
232 208 
232 208 
232 212 
232 212 
236 240 
236 264 
236 208 
236 208 
228 204 
236 220 
236 212 
244 220 
228 216 
244 224 
236 212 
232 212 
236 212 
240 252 
236 204 
240 268 
232 212 
236 224 
232 212 
236 212 
232 204 
236 216 
232 208 
240 208 
236 236 
232 208 
228 208 
240 216 
256 232 
236 232 
236 212 
232 204 
232 208 
240 212 
236 248 
236 208 
232 212 
504 228 
236 208 
244 212 
240 256 
228 212 
240 208 
240 232 
232 208 
232 212 
704 212 
244 212 
1056 212 
232 232 
240 208 
236 212 
240 208 
236 228 
216 208 
232 604 
240 216 
240 236 
232 208 
236 208 
236 232 
236 212 
240 208 
228 212 
240 216 
232 208 
236 212 
236 232 
236 232 
236 236 
232 212 
232 212 
244 208 
236 216 
236 236 
240 208 
236 232 
244 212 
236 228 
232 208 
236 208 
236 208 
432 800 
236 208 
304 232 
48 40 
236 232 
236 212 
240 208 
232 220 
240 236 
236 208 
236 204 
240 256 
240 208 
232 264 
232 240 
240 208 
240 220 
236 240 
232 208 
240 232 
236 240 
232 204 
232 208 
236 208 
240 220 
232 216 
232 208 
240 212 
240 236 
240 208 
232 208 
228 212 
48 40 
236 208 
228 216 
228 208 
232 204 
240 208 
232 232 
240 212 
236 216 
280 232 
236 232 
232 208 
232 212 
232 244 
236 220 
240 216 
232 236 
232 208 
536 208 
236 216 
232 212 
232 208 
236 236 
240 208 
236 212 
236 236 
232 212 
740 224 
228 48 
232 208 
236 212 
232 212 
236 208 
228 204 
232 252 
212 232 
240 580 
236 236 
232 208 
228 212 
232 212 
240 428 
236 268 
232 204 
212 212 
232 208 
260 208 
232 256 
232 208 
236 220 
236 212 
228 216 
348 812 
244 216 
248 204 
236 204 
236 232 
232 208 
240 208 
236 212 
236 216 
236 212 
268 232 
240 212 
232 212 
236 220 
240 208 
232 208 
236 216 
236 240 
240 208 
228 204 
232 208 
232 212 
232 216 
240 232 
228 212 
236 204 
232 208 
236 216 
236 232 
348 216 
236 204 
236 212 
232 208 
232 240 
236 220 
228 216 
232 208 
228 204 
232 208 
240 212 
232 212 
236 208 
232 208 
232 208 
236 212 
240 236 
236 232 
236 212 
244 212 
232 216 
236 212 
236 212 
288 232 
232 224 
232 232 
232 252 
236 208 
232 208 
236 232 
232 212 
228 208 
528 208 
236 224 
240 216 
236 244 
236 256 
236 208 
240 232 
236 212 
240 208 
236 372 
236 212 
228 208 
240 236 
228 208 
252 208 
244 208 
236 212 
216 204 
240 592 
240 204 
236 212 
236 216 
228 216 
236 1000 
240 232 
236 208 
216 208 
276 220 
236 256 
240 212 
232 204 
240 216 
232 212 
232 208 
236 240 
236 208 
268 212 
236 232 
236 260 
236 208 
232 212 
236 256 
236 208 
236 212 
232 204 
232 208 
236 220 
232 204 
236 216 
240 204 
232 232 
232 256 
240 212 
240 232 
236 216 
232 204 
228 208 
228 236 
236 208 
236 232 
232 212 
236 216 
232 232 
236 236 
248 208 
236 204 
236 204 
236 232 
236 220 
236 212 
232 204 
240 204 
236 220 
240 208 
240 220 
236 224 
232 216 
236 208 
236 212 
240 244 
232 212 
236 236 
232 212 
236 212 
236 236 
228 208 
308 244 
228 204 
244 212 
236 232 
840 232 
232 208 
240 264 
236 240 
232 216 
540 252 
228 204 
236 224 
232 208 
240 228 
236 208 
236 208 
232 208 
236 264 
232 412 
240 212 
236 208 
1172 248 
236 304 
232 204 
240 212 
236 236 
220 232 
236 620 
232 216 
236 224 
228 204 
232 208 
292 216 
244 208 
232 204 
228 212 
236 256 
240 232 
244 224 
236 204 
236 212 
232 208 
236 208 
232 208 
236 208 
240 212 
232 208 
236 208 
236 220 
236 232 
236 212 
264 208 
232 216 
236 208 
804 212 
232 232 
236 228 
236 232 
236 208 
244 212 
232 208 
228 208 
232 208 
240 212 
236 232 
236 216 
244 268 
236 232 
236 216 
236 248 
228 208 
236 232 
44 40 
232 208 
240 208 
240 208 
232 208 
240 208 
236 212 
236 208 
244 232 
236 236 
240 236 
236 240 
240 212 
236 208 
236 208 
236 208 
616 216 
236 220 
236 240 
236 212 
240 216 
236 232 
236 248 
320 208 
232 248 
240 208 
240 212 
236 212 
48 44 
236 216 
232 208 
304 208 
556 212 
232 208 
236 216 
228 220 
232 208 
228 208 
236 208 
236 220 
236 220 
244 408 
240 212 
236 236 
236 212 
232 208 
236 328 
236 208 
232 208 
208 216 
240 632 
232 204 
236 208 
236 216 
232 280 
236 208 
240 44 
232 212 
216 204 
236 212 
232 208 
236 208 
240 252 
240 228 
236 208 
236 208 
232 208 
236 256 
232 208 
236 232 
232 212 
228 212 
236 212 
236 232 
236 224 
236 204 
232 212 
236 232 
236 248 
240 212 
228 204 
236 228 
232 208 
232 208 
236 220 
236 204 
244 232 
236 216 
244 264 
236 228 
232 208 
232 216 
236 212 
236 216 
228 208 
236 428 
232 244 
236 248 
228 204 
236 232 
876 216 
236 212 
232 212 
232 236 
236 252 
240 216 
240 236 
236 244 
236 220 
232 208 
232 204 
240 208 
240 216 
236 212 
232 204 
236 208 
236 204 
240 208 
372 208 
232 224 
240 212 
228 216 
236 216 
236 236 
228 220 
236 208 
244 256 
612 212 
236 224 
236 288 
236 220 
244 264 
248 216 
236 212 
244 212 
220 208 
232 416 
232 208 
232 208 
232 232 
232 208 
236 208 
236 212 
236 220 
208 212 
240 664 
228 204 
232 204 
236 208 
232 212 
232 248 
236 224 
0 0 
0 0 
248 212 
240 208 
232 208 
232 208 
240 216 
236 252 
236 204 
236 236 
232 212 
232 232 
236 208 
240 232 
232 208 
240 212 
232 212 
232 204 
240 216 
264 216 
244 208 
236 204 
236 212 
240 240 
240 228 
240 208 
232 208 
240 224 
236 236 
236 232 
240 228 
232 216 
796 220 
236 232 
232 212 
236 236 
236 232 
236 212 
232 208 
228 220 
232 204 
240 208 
236 236 
236 212 
232 208 
236 212 
232 236 
236 236 
236 244 
240 220 
236 212 
232 212 
236 220 
244 208 
236 224 
236 236 
244 208 
240 224 
236 220 
228 208 
236 212 
368 208 
236 204 
240 204 
236 208 
220 208 
232 204 
232 240 
236 236 
232 208 
608 208 
240 236 
232 216 
232 208 
236 232 
232 216 
232 208 
236 216 
0 0 
0 0 
240 232 
260 208 
260 208 
232 216 
232 208 
232 208 
240 232 
216 216 
236 704 
232 204 
232 216 
240 208 
232 212 
232 220 
236 212 
228 208 
212 212 
236 208 
232 212 
348 208 
228 208 
232 212 
240 232 
236 208 
236 216 
236 236 
236 248 
232 216 
228 212 
228 204 
240 236 
236 208 
240 212 
240 208 
236 232 
232 212 
728 208 
232 212 
236 208 
232 232 
236 212 
236 208 
232 204 
232 268 
240 208 
236 216 
240 216 
236 212 
228 240 
240 208 
240 208 
232 248 
236 260 
232 208 
232 204 
236 216 
236 260 
240 212 
232 208 
236 232 
52 48 
228 208 
232 216 
236 216 
232 208 
236 208 
236 208 
240 212 
240 224 
240 236 
236 216 
232 216 
232 216 
240 220 
236 232 
232 208 
392 208 
236 216 
240 208 
236 236 
232 248 
232 216 
240 208 
236 264 
232 208 
548 208 
48 40 
236 216 
232 240 
264 208 
240 212 
232 212 
228 212 
212 208 
240 472 
236 264 
240 212 
232 208 
272 208 
228 208 
228 212 
240 212 
212 212 
204 212 
240 208 
236 236 
228 212 
240 224 
232 208 
232 212 
228 244 
208 208 
232 216 
236 252 
236 44 
236 236 
240 208 
236 224 
232 236 
236 372 
228 208 
236 232 
228 208 
236 208 
240 212 
236 240 
260 212 
232 204 
236 204 
244 216 
236 204 
232 248 
240 216 
232 232 
228 212 
240 236 
232 208 
236 208 
308 236 
240 212 
240 208 
232 208 
232 212 
236 260 
232 208 
232 208 
236 208 
240 212 
244 232 
232 208 
236 208 
236 232 
236 244 
232 212 
244 216 
232 240 
232 208 
236 212 
232 204 
232 208 
232 208 
240 236 
364 208 
240 212 
236 208 
236 216 
240 232 
232 208 
232 244 
232 208 
232 208 
404 208 
240 212 
232 212 
236 216 
236 212 
244 216 
236 232 
232 208 
236 208 
592 236 
232 208 
240 232 
232 212 
236 212 
236 232 
232 204 
432 216 
208 204 
236 492 
236 260 
236 208 
240 208 
232 212 
228 208 
236 216 
236 236 
220 232 
244 712 
236 204 
236 236 
232 216 
264 208 
236 212 
236 212 
232 216 
216 204 
236 236 
232 208 
232 216 
232 208 
232 324 
240 240 
240 232 
228 208 
228 212 
248 212 
232 216 
240 216 
232 208 
236 204 
232 220 
240 236 
232 224 
236 212 
232 212 
236 208 
232 232 
236 212 
236 240 
232 208 
236 220 
232 212 
236 208 
244 232 
228 204 
236 208 
228 1320 
240 340 
236 256 
236 232 
236 228 
232 212 
240 208 
236 208 
236 208 
232 216 
232 232 
244 256 
236 232 
236 208 
240 216 
232 212 
236 236 
232 208 
240 236 
240 208 
212 252 
236 208 
236 208 
232 208 
240 216 
232 220 
236 212 
236 204 
232 252 
444 208 
232 208 
244 208 
232 236 
236 208 
360 208 
232 212 
232 208 
232 204 
660 208 
236 216 
236 256 
236 236 
244 236 
232 208 
228 216 
232 208 
216 212 
236 520 
232 204 
236 220 
232 312 
236 256 
236 208 
232 220 
232 256 
220 208 
232 208 
240 208 
236 208 
236 228 
232 208 
236 216 
236 236 
232 256 
240 328 
244 212 
240 208 
228 216 
236 232 
236 260 
240 212 
236 220 
232 236 
236 252 
236 212 
236 212 
232 208 
232 232 
232 212 
240 212 
232 212 
236 204 
240 212 
240 216 
236 228 
232 220 
244 212 
244 212 
232 208 
236 216 
232 204 
232 208 
244 208 
232 212 
232 208 
244 204 
236 232 
256 212 
240 208 
228 212 
236 232 
240 208 
236 244 
236 240 
240 212 
240 212 
240 224 
232 208 
232 208 
240 236 
236 264 
232 224 
244 208 
240 256 
228 248 
216 212 
236 204 
48 44 
228 204 
232 212 
236 208 
240 204 
236 232 
236 208 
440 216 
228 216 
236 264 
236 216 
232 236 
236 208 
228 208 
240 220 
232 204 
696 208 
236 212 
236 216 
232 216 
240 236 
232 216 
232 212 
236 208 
216 224 
236 516 
244 256 
268 208 
232 220 
52 48 
240 216 
268 208 
228 212 
216 212 
1064 192 
232 212 
236 204 
236 216 
240 216 
228 208 
236 204 
232 208 
240 236 
236 224 
232 224 
228 216 
228 208 
240 212 
232 212 
236 212 
236 216 
272 476 
240 216 
240 212 
240 208 
252 212 
240 208 
240 48 
232 212 
232 212 
228 208 
244 208 
236 216 
236 260 
236 212 
252 212 
236 232 
228 236 
232 216 
240 208 
244 216 
236 216 
228 216 
236 208 
236 232 
232 212 
228 216 
236 204 
240 232 
232 228 
232 248 
232 208 
244 212 
264 204 
236 220 
240 212 
232 216 
236 212 
244 208 
236 208 
240 264 
240 256 
232 208 
244 208 
232 208 
232 216 
232 204 
236 208 
240 216 
236 232 
236 252 
236 208 
464 232 
228 208 
232 212 
240 208 
240 244 
236 240 
236 212 
232 208 
236 220 
704 208 
232 228 
228 212 
236 228 
228 212 
232 208 
240 212 
1096 228 
208 248 
232 560 
236 216 
236 208 
240 244 
240 208 
244 208 
240 212 
240 208 
216 236 
236 236 
236 208 
240 208 
240 252 
240 208 
236 232 
240 232 
236 256 
232 228 
236 208 
236 208 
232 208 
240 208 
236 220 
236 252 
232 212 
256 212 
236 208 
236 232 
232 232 
228 208 
236 212 
232 252 
236 220 
232 232 
232 212 
236 216 
260 208 
236 212 
236 204 
240 204 
232 224 
236 208 
240 208 
240 216 
304 208 
236 208 
236 212 
240 208 
232 212 
228 204 
236 212 
232 208 
232 212 
236 236 
240 216 
256 208 
232 208 
240 208 
236 236 
236 204 
236 208 
236 224 
236 208 
236 208 
236 228 
236 208 
232 236 
236 244 
252 220 
232 212 
232 212 
236 232 
236 212 
240 204 
236 204 
236 212 
240 208 
492 236 
236 256 
236 236 
236 208 
236 236 
1164 236 
236 204 
236 208 
228 208 
692 236 
232 208 
228 212 
236 208 
236 236 
232 208 
240 212 
232 204 
216 212 
236 564 
240 208 
236 216 
240 212 
240 216 
236 248 
236 208 
236 208 
216 208 
232 208 
236 208 
236 208 
236 208 
232 292 
228 208 
236 216 
240 232 
236 212 
236 208 
232 208 
244 212 
232 208 
236 212 
240 228 
232 220 
232 208 
236 244 
232 208 
232 212 
244 216 
236 232 
240 244 
268 208 
232 208 
236 232 
236 236 
236 204 
232 232 
236 208 
228 220 
232 208 
232 208 
464 208 
240 216 
236 232 
248 212 
240 204 
236 208 
236 232 
232 212 
232 208 
608 204 
232 208 
232 208 
728 228 
228 212 
232 208 
236 208 
236 208 
236 208 
260 208 
240 216 
232 208 
236 220 
236 204 
240 212 
228 208 
240 264 
276 212 
232 208 
232 204 
1076 248 
240 264 
232 208 
240 212 
232 208 
236 208 
496 208 
232 224 
236 216 
232 212 
308 236 
236 220 
232 208 
236 232 
232 232 
720 220 
236 236 
52 48 
236 244 
232 208 
232 204 
236 208 
236 252 
216 232 
232 596 
228 208 
244 212 
232 208 
240 208 
236 244 
236 216 
232 204 
216 208 
668 208 
236 208 
232 212 
240 208 
232 216 
236 232 
236 204 
236 220 
232 208 
240 216 
44 44 
232 208 
240 232 
232 244 
236 216 
240 208 
232 212 
236 232 
232 272 
240 208 
232 212 
236 264 
236 248 
232 208 
232 208 
236 216 
240 208 
240 208 
236 208 
236 216 
236 212 
232 204 
240 208 
256 216 
568 236 
236 212 
232 44 
248 212 
228 204 
232 208 
236 244 
232 208 
232 208 
232 208 
240 208 
244 208 
228 216 
232 212 
240 260 
232 208 
232 212 
236 228 
232 260 
232 208 
232 208 
232 212 
236 208 
232 212 
244 216 
276 208 
236 208 
236 204 
236 208 
240 220 
240 228 
240 212 
236 216 
240 204 
516 208 
240 216 
232 224 
240 216 
236 208 
236 208 
232 208 
232 204 
236 216 
236 344 
440 208 
236 248 
260 208 
236 216 
236 208 
264 212 
236 208 
220 204 
244 564 
244 224 
232 204 
240 208 
240 220 
228 224 
240 208 
228 208 
212 212 
232 236 
232 232 
268 208 
236 208 
232 208 
240 212 
232 208 
236 208 
236 232 
232 244 
236 208 
232 212 
240 256 
236 212 
264 208 
232 216 
248 212 
228 208 
240 224 
232 208 
228 208 
236 208 
244 208 
328 260 
236 256 
232 216 
232 208 
240 216 
236 208 
232 216 
240 212 
236 224 
228 212 
236 204 
240 236 
240 220 
236 212 
236 204 
240 204 
236 216 
284 208 
232 212 
232 208 
236 232 
240 216 
236 232 
236 256 
244 208 
236 252 
240 212 
232 212 
236 212 
236 212 
248 228 
244 208 
240 212 
236 232 
236 208 
252 212 
308 208 
228 212 
236 236 
236 256 
244 208 
232 208 
240 216 
236 216 
236 236 
524 252 
232 208 
232 208 
232 208 
232 208 
232 208 
236 212 
236 224 
260 204 
240 424 
288 208 
256 208 
236 212 
232 220 
240 236 
260 212 
232 224 
208 208 
228 740 
236 260 
232 208 
240 216 
228 208 
228 208 
236 208 
236 256 
212 232 
232 220 
228 216 
236 208 
236 224 
232 212 
232 204 
236 208 
236 216 
232 228 
240 232 
232 244 
232 212 
620 232 
232 208 
236 232 
236 236 
236 252 
236 232 
232 212 
232 208 
236 208 
236 216 
228 216 
232 208 
236 212 
232 208 
244 208 
232 204 
240 232 
236 208 
236 220 
236 204 
228 208 
240 232 
236 232 
236 260 
228 212 
232 204 
236 256 
240 208 
236 208 
232 224 
232 212 
236 208 
240 216 
236 216 
232 204 
240 208 
236 260 
236 220 
228 208 
232 212 
240 216 
240 204 
228 208 
236 216 
236 216 
236 240 
236 240 
312 208 
228 208 
640 208 
240 216 
236 240 
236 208 
236 216 
240 236 
236 236 
580 208 
232 208 
232 208 
244 220 
236 204 
236 224 
236 232 
228 216 
228 212 
232 392 
240 208 
196 216 
240 212 
232 248 
48 208 
264 208 
236 244 
220 212 
232 644 
232 208 
240 212 
244 232 
240 260 
232 220 
232 212 
240 208 
212 204 
240 220 
492 236 
228 212 
228 204 
236 236 
228 208 
232 212 
228 256 
240 212 
232 212 
240 228 
232 244 
232 216 
236 208 
52 40 
236 220 
236 260 
228 212 
228 208 
232 204 
236 220 
240 240 
236 212 
232 216 
272 208 
240 208 
272 212 
228 212 
228 208 
240 216 
236 208 
232 212 
232 44 
240 216 
236 1172 
236 232 
232 224 
236 208 
232 204 
232 240 
236 232 
236 208 
236 212 
236 212 
232 252 
236 228 
232 208 
236 224 
228 208 
232 212 
232 212 
236 204 
240 208 
236 244 
228 212 
232 208 
232 220 
232 208 
236 236 
356 208 
232 204 
232 208 
232 212 
232 208 
236 240 
228 216 
232 204 
236 208 
284 420 
240 204 
268 208 
232 236 
232 212 
232 216 
236 208 
232 216 
360 212 
232 448 
232 260 
232 232 
256 212 
232 208 
240 216 
232 236 
236 1684 
212 236 
244 620 
232 212 
236 220 
240 260 
232 212 
252 208 
236 208 
236 208 
212 228 
236 232 
232 208 
240 236 
236 208 
236 212 
232 216 
232 216 
240 204 
228 208 
228 216 
244 216 
236 208 
236 232 
236 240 
264 208 
232 216 
240 216 
232 208 
260 208 
232 208 
236 208 
244 220 
240 236 
236 1084 
232 212 
236 220 
236 220 
240 212 
236 216 
236 232 
236 252 
236 212 
240 208 
240 216 
240 256 
232 208 
236 236 
228 208 
236 216 
240 212 
240 212 
228 208 
236 232 
236 268 
236 216 
232 204 
232 212 
232 204 
236 216 
244 208 
236 208 
232 208 
236 260 
228 212 
232 212 
232 208 
240 212 
328 204 
232 208 
384 252 
240 268 
232 212 
232 212 
236 208 
232 212 
240 208 
232 204 
240 208 
592 224 
236 212 
236 208 
240 212 
244 256 
228 212 
240 212 
232 208 
280 204 
228 456 
240 208 
240 208 
236 220 
232 204 
244 208 
232 212 
236 232 
216 216 
236 672 
232 208 
232 212 
232 212 
236 236 
236 208 
236 248 
232 216 
212 264 
228 204 
240 212 
236 216 
232 212 
240 216 
232 216 
232 208 
232 212 
240 208 
236 204 
240 204 
236 232 
240 972 
228 208 
236 208 
236 232 
232 260 
232 232 
240 208 
236 208 
240 204 
232 204 
236 208 
236 212 
232 208 
240 208 
232 212 
240 208 
232 208 
240 204 
236 208 
240 244 
232 220 
236 208 
240 236 
232 208 
236 212 
236 212 
236 228 
232 248 
228 212 
248 212 
232 204 
236 236 
232 212 
236 224 
200 208 
236 208 
236 208 
232 260 
232 208 
232 212 
232 208 
232 216 
236 208 
244 208 
232 208 
260 232 
236 212 
396 208 
232 208 
232 208 
236 212 
232 204 
244 212 
240 216 
232 216 
232 204 
628 212 
236 208 
236 248 
232 268 
48 36 
268 208 
228 208 
268 212 
208 208 
236 448 
240 208 
236 232 
240 236 
236 216 
232 220 
236 212 
240 208 
208 208 
232 524 
240 208 
240 232 
236 236 
240 232 
240 240 
236 216 
256 208 
212 208 
240 232 
232 1172 
240 208 
228 224 
48 44 
236 212 
232 208 
228 208 
240 208 
232 428 
228 216 
236 212 
236 204 
240 228 
228 208 
240 208 
236 236 
236 236 
236 212 
236 216 
240 244 
236 216 
236 240 
228 204 
244 208 
240 224 
236 220 
240 240 
232 228 
232 220 
232 44 
240 212 
240 212 
232 216 
860 236 
244 212 
236 236 
232 220 
232 208 
236 208 
236 212 
232 208 
228 212 
236 208 
240 208 
244 216 
236 236 
232 212 
232 244 
236 212 
224 204 
236 228 
236 232 
236 216 
236 260 
228 212 
228 212 
232 208 
236 216 
428 208 
236 236 
260 208 
236 220 
236 212 
236 236 
228 208 
232 208 
236 208 
352 1028 
232 212 
264 216 
240 208 
240 232 
232 204 
236 228 
232 228 
212 204 
240 472 
232 216 
236 208 
236 236 
236 264 
252 208 
232 212 
236 212 
216 1032 
236 728 
232 216 
228 224 
232 208 
236 236 
232 208 
228 208 
240 212 
220 232 
232 228 
232 212 
228 208 
228 216 
236 256 
236 204 
240 208 
280 208 
232 208 
236 208 
240 208 
240 208 
236 236 
236 264 
232 208 
236 208 
240 212 
232 216 
232 212 
240 232 
236 232 
236 208 
232 208 
240 216 
236 208 
240 208 
232 208 
240 236 
236 212 
232 212 
232 208 
232 224 
240 208 
236 216 
228 208 
252 208 
232 208 
236 208 
236 208 
232 208 
232 208 
228 208 
240 212 
232 208 
240 220 
232 228 
240 212 
236 212 
260 212 
228 208 
224 212 
236 208 
228 248 
236 208 
236 244 
248 212 
236 260 
892 224 
232 212 
440 216 
240 208 
240 204 
232 220 
236 212 
240 232 
232 212 
236 208 
232 232 
660 208 
232 212 
236 212 
236 220 
236 240 
240 212 
232 208 
232 208 
212 212 
240 512 
240 220 
232 212 
232 212 
236 212 
236 232 
236 232 
236 232 
216 252 
240 216 
232 216 
232 216 
236 216 
308 220 
228 212 
256 208 
240 212 
216 216 
240 264 
240 208 
232 208 
236 208 
232 216 
232 228 
232 252 
232 212 
236 216 
236 212 
232 208 
232 216 
240 208 
232 212 
292 208 
244 208 
236 212 
232 208 
240 220 
240 208 
236 228 
236 204 
228 208 
240 208 
236 208 
232 212 
248 208 
232 204 
236 212 
236 208 
240 208 
236 212 
236 212 
236 224 
228 204 
240 208 
240 232 
236 240 
232 220 
240 220 
232 212 
232 216 
236 208 
236 212 
236 208 
232 212 
1124 232 
240 208 
236 204 
232 212 
224 212 
232 204 
232 212 
240 212 
236 224 
232 208 
232 204 
240 208 
244 236 
448 208 
236 216 
44 44 
240 208 
236 212 
236 212 
228 208 
232 208 
248 220 
684 216 
236 208 
236 208 
232 208 
232 212 
232 212 
240 220 
236 240 
208 208 
240 504 
236 232 
240 244 
236 232 
236 236 
48 44 
228 216 
232 232 
212 220 
236 252 
240 212 
232 208 
236 216 
236 232 
236 228 
236 268 
240 244 
248 208 
228 212 
248 208 
236 208 
236 240 
232 212 
232 220 
240 212 
248 208 
236 220 
232 212 
236 208 
232 264 
232 212 
244 260 
232 44 
236 208 
232 208 
232 204 
448 212 
232 216 
236 232 
232 208 
232 212 
244 228 
232 208 
232 208 
236 216 
236 216 
240 256 
236 216 
232 216 
236 208 
236 208 
240 224 
236 244 
772 320 
232 204 
232 220 
240 216 
232 212 
240 216 
232 204 
240 208 
236 252 
236 208 
236 208 
240 208 
240 220 
232 216 
228 228 
232 216 
232 208 
236 204 
228 204 
236 212 
240 208 
236 224 
236 224 
232 204 
460 212 
232 244 
232 208 
236 212 
272 208 
236 208 
232 212 
232 204 
240 208 
720 208 
236 208 
232 208 
236 212 
232 204 
236 224 
228 216 
232 208 
212 208 
236 544 
228 220 
236 212 
232 208 
236 232 
240 204 
312 212 
240 208 
220 216 
236 672 
240 212 
232 244 
236 244 
232 244 
236 216 
232 208 
244 216 
232 236 
232 220 
236 208 
228 208 
232 216 
232 208 
236 212 
236 216 
284 216 
232 252 
228 208 
236 212 
228 212 
232 212 
236 224 
232 208 
236 220 
232 204 
232 208 
228 208 
236 204 
232 208 
232 232 
232 212 
232 204 
240 264 
236 212 
232 208 
232 212 
236 240 
436 204 
236 212 
228 208 
240 208 
236 232 
240 236 
236 212 
228 208 
236 220 
240 212 
240 216 
236 208 
584 208 
232 212 
252 212 
240 236 
232 236 
268 208 
232 216 
240 212 
236 268 
240 204 
232 216 
236 236 
236 240 
236 204 
244 220 
232 232 
236 232 
236 220 
484 232 
244 208 
232 212 
232 208 
232 208 
232 220 
260 208 
228 208 
244 212 
752 216 
236 236 
232 220 
228 208 
232 212 
232 208 
240 212 
236 208 
212 244 
236 548 
232 208 
232 212 
232 212 
232 208 
236 208 
240 260 
236 232 
212 208 
232 208 
232 208 
232 220 
236 216 
236 220 
484 228 
240 208 
236 216 
232 212 
232 204 
236 216 
240 216 
244 208 
232 232 
240 204 
240 204 
236 232 
232 212 
232 204 
240 208 
236 260 
228 208 
232 220 
240 220 
248 212 
236 208 
236 208 
240 208 
236 212 
236 232 
236 236 
236 236 
248 204 
232 212 
232 208 
236 236 
236 208 
240 232 
236 308 
236 248 
232 208 
364 212 
232 216 
232 236 
272 212 
236 212 
232 208 
240 208 
236 232 
236 248 
236 216 
252 212 
240 212 
236 212 
232 220 
236 212 
232 212 
232 272 
232 208 
296 208 
232 208 
236 216 
236 208 
236 208 
232 208 
240 208 
236 252 
44 48 
492 208 
236 212 
240 212 
236 212 
236 208 
232 208 
232 212 
232 212 
240 236 
732 208 
240 208 
232 232 
240 216 
228 208 
240 204 
236 260 
236 256 
208 212 
236 548 
236 244 
236 212 
584 220 
236 208 
292 212 
244 216 
52 44 
212 208 
232 212 
236 208 
236 212 
236 252 
232 224 
236 208 
232 228 
240 204 
236 236 
236 236 
236 232 
236 260 
240 236 
240 232 
236 208 
232 212 
236 216 
240 208 
232 248 
252 204 
240 232 
232 208 
236 212 
236 232 
236 44 
236 236 
232 208 
236 224 
232 212 
228 212 
240 260 
236 212 
240 208 
232 208 
232 208 
236 212 
236 228 
240 240 
236 228 
236 216 
236 220 
236 248 
232 208 
232 208 
344 228 
0 0 
0 0 
0 0 
0 0 
0 0 
0 0 
0 0 
0 0 
0 0 
0 0 
0 0 
0 0 
0 0 
0 0 
0 0 
0 0 
0 0 
0 0 
0 0 
0 0 
0 0 
0 0 
0 0 
0 0 
0 0 
0 0 
0 0 
0 0 
0 0 
0 0 
0 0 
0 0 
0 0 
0 0 
0 0 
0 0 
0 0 
0 0 
0 0 
0 0 
0 0 
0 0 
0 0 
0 0 
0 0 
0 0 
0 0 
0 0 
0 0 
216 216 
236 208 
236 212 
232 204 
232 212 
236 260 
236 208 
252 212 
232 208 
236 264 
240 220 
232 212 
236 212 
232 204 
232 208 
240 220 
236 216 
236 264 
236 208 
240 228 
236 240 
232 212 
236 212 
232 224 
240 256 
236 236 
232 212 
236 212 
272 208 
236 232 
236 232 
232 228 
236 216 
228 212 
228 208 
236 232 
236 212 
232 212 
244 220 
232 248 
240 208 
240 236 
236 256 
236 236 
236 216 
228 208 
232 208 
240 232 
236 244 
236 252 
280 216 
236 260 
232 212 
236 236 
240 208 
236 212 
260 208 
232 208 
232 208 
252 208 
328 208 
232 204 
236 216 
236 216 
276 212 
232 228 
232 208 
240 968 
240 236 
572 208 
236 208 
232 240 
240 212 
236 204 
240 236 
232 208 
236 216 
232 208 
228 388 
228 224 
236 328 
240 212 
236 220 
228 208 
240 204 
228 212 
208 216 
248 632 
232 212 
236 212 
240 244 
232 208 
240 224 
236 256 
232 216 
216 208 
344 676 
236 212 
236 216 
236 224 
236 208 
228 1020 
232 236 
236 208 
232 208 
236 216 
240 268 
236 232 
236 212 
236 208 
240 216 
236 248 
232 208 
240 216 
240 212 
232 208 
236 236 
236 232 
240 264 
232 212 
236 208 
236 212 
240 236 
240 204 
232 232 
236 232 
236 212 
232 208 
240 224 
232 232 
244 216 
244 204 
236 220 
236 220 
232 212 
196 208 
272 208 
244 208 
236 240 
228 208 
236 212 
232 208 
232 216 
236 212 
232 212 
240 232 
240 224 
240 208 
236 252 
232 240 
232 204 
392 208 
236 232 
236 228 
240 212 
324 212 
228 208 
236 212 
236 232 
236 236 
236 220 
236 252 
232 216 
240 212 
560 208 
232 240 
240 216 
236 212 
236 208 
232 216 
228 208 
240 224 
232 208 
236 444 
232 208 
256 208 
232 208 
196 40 
240 248 
240 212 
232 208 
216 244 
240 652 
236 208 
232 216 
240 892 
240 212 
232 212 
240 248 
232 212 
212 268 
232 212 
240 212 
232 232 
240 232 
236 208 
236 208 
240 224 
232 256 
232 256 
232 208 
236 204 
240 208 
52 40 
228 208 
236 232 
228 204 
236 212 
244 212 
320 216 
240 264 
228 208 
256 208 
232 216 
236 216 
236 280 
244 220 
232 256 
232 208 
236 232 
232 236 
232 208 
244 212 
232 208 
228 208 
236 216 
236 220 
240 208 
232 232 
232 216 
236 208 
236 208 
232 40 
240 224 
236 232 
232 204 
228 204 
236 208 
232 208 
236 236 
240 236 
240 216 
236 204 
236 212 
240 204 
228 212 
232 212 
232 216 
236 216 
236 212 
324 208 
236 208 
236 208 
240 212 
236 208 
228 212 
236 208 
236 232 
240 212 
576 220 
236 216 
232 208 
236 212 
228 232 
236 208 
232 208 
240 208 
240 232 
228 424 
240 1068 
240 208 
236 264 
236 236 
236 212 
236 216 
244 228 
216 216 
240 664 
232 208 
232 212 
236 208 
236 220 
244 216 
228 212 
228 212 
212 212 
232 216 
240 212 
236 216 
244 208 
232 216 
236 228 
236 232 
240 232 
232 208 
236 236 
232 208 
228 208 
228 212 
240 232 
232 212 
232 208 
972 208 
232 208 
240 228 
240 216 
232 260 
236 212 
236 204 
232 212 
236 216 
232 248 
232 204 
236 212 
236 208 
236 204 
236 228 
236 212 
236 232 
236 216 
232 212 
236 216 
236 208 
236 208 
228 212 
228 216 
240 216 
244 208 
248 212 
232 208 
236 204 
236 208 
236 204 
232 248 
232 212 
236 208 
236 220 
264 208 
236 216 
236 208 
232 232 
236 232 
232 228 
232 208 
232 212 
360 192 
232 232 
236 208 
240 228 
236 212 
236 248 
228 208 
232 220 
236 208 
608 212 
236 252 
228 204 
236 212 
236 208 
240 216 
236 232 
232 228 
212 208 
232 452 
232 1296 
240 216 
240 212 
244 212 
360 236 
240 220 
240 236 
220 216 
244 684 
232 204 
236 228 
232 208 
232 212 
236 216 
232 212 
236 232 
220 212 
232 208 
236 208 
240 256 
232 208 
244 208 
228 232 
232 208 
232 208 
232 244 
228 204 
240 204 
236 256 
236 208 
236 228 
232 212 
240 232 
244 264 
232 212 
240 208 
228 216 
232 208 
240 208 
240 232 
236 224 
236 236 
236 232 
232 252 
228 208 
236 212 
232 264 
232 208 
236 208 
240 260 
236 212 
232 216 
236 244 
244 248 
240 208 
240 232 
236 240 
232 208 
236 212 
232 216 
240 208 
244 220 
240 212 
44 48 
232 212 
240 204 
232 212 
236 216 
240 236 
240 232 
240 216 
236 260 
236 212 
240 212 
240 212 
240 232 
392 208 
232 208 
244 212 
240 212 
232 204 
232 208 
236 204 
236 216 
232 208 
596 208 
236 208 
232 208 
244 232 
44 44 
240 216 
232 220 
236 236 
224 208 
228 460 
236 208 
240 236 
228 216 
228 216 
244 224 
240 236 
236 256 
212 220 
232 716 
236 208 
240 216 
228 212 
232 232 
240 240 
236 244 
240 208 
216 204 
236 224 
228 212 
232 44 
240 208 
228 204 
232 208 
236 248 
236 208 
232 204 
240 204 
236 328 
232 216 
232 208 
244 232 
232 260 
232 216 
236 216 
244 208 
240 232 
232 240 
228 208 
236 236 
244 236 
260 208 
228 216 
240 216 
232 236 
232 204 
236 208 
232 204 
240 212 
236 232 
240 212 
236 212 
236 204 
232 232 
240 224 
232 208 
260 216 
232 224 
240 212 
240 252 
236 212 
232 204 
228 208 
236 232 
236 212 
236 212 
236 208 
236 232 
240 204 
240 212 
236 216 
236 236 
232 212 
252 212 
240 212 
236 212 
236 264 
440 244 
232 232 
232 204 
232 204 
236 216 
236 204 
240 204 
240 212 
240 236 
644 208 
228 208 
240 288 
232 212 
232 212 
232 216 
232 216 
256 208 
208 212 
232 496 
240 208 
236 208 
240 204 
240 204 
232 268 
248 212 
232 208 
220 208 
236 720 
240 212 
232 212 
232 208 
228 208 
236 212 
236 232 
228 208 
220 208 
232 208 
232 208 
232 208 
240 212 
232 216 
236 204 
236 264 
376 208 
236 232 
228 212 
232 212 
236 220 
236 228 
260 208 
232 208 
236 216 
260 208 
292 212 
232 208 
232 228 
228 204 
232 204 
236 208 
244 232 
232 204 
240 208 
232 212 
236 212 
232 208 
236 208 
256 208 
232 228 
240 236 
240 232 
236 236 
232 212 
232 204 
232 216 
228 212 
236 208 
240 212 
236 216 
232 264 
232 208 
228 208 
316 212 
236 204 
236 236 
232 208 
232 208 
196 208 
236 236 
236 220 
232 216 
240 216 
232 208 
232 224 
236 1012 
236 212 
460 208 
232 208 
232 212 
232 232 
232 212 
228 204 
236 208 
236 212 
228 208 
668 236 
240 212 
232 208 
236 436 
232 208 
232 208 
236 220 
236 208 
212 216 
240 484 
236 212 
232 212 
236 208 
236 216 
236 212 
236 256 
244 208 
220 212 
236 216 
244 208 
232 208 
228 208 
236 216 
260 212 
232 232 
236 208 
240 212 
228 264 
236 232 
236 216 
236 248 
240 236 
228 208 
232 228 
240 212 
232 204 
236 216 
232 220 
236 204 
244 204 
236 204 
236 216 
236 204 
252 204 
232 208 
228 208 
236 232 
236 256 
236 212 
236 204 
232 216 
236 212 
232 208 
240 236 
232 228 
244 212 
240 208 
240 232 
236 240 
232 212 
236 204 
244 208 
236 240 
232 208 
232 216 
228 212 
232 208 
236 204 
236 240 
232 212 
232 212 
232 212 
236 204 
236 1284 
240 204 
236 212 
236 256 
228 212 
240 212 
48 44 
236 212 
232 208 
240 216 
240 212 
228 208 
228 204 
476 236 
236 232 
236 208 
236 204 
240 208 
244 232 
232 216 
244 208 
228 216 
716 212 
232 208 
236 208 
236 232 
300 212 
232 204 
236 204 
240 208 
216 236 
52 44 
232 204 
1020 212 
240 212 
240 208 
236 208 
236 220 
240 212 
208 212 
232 232 
236 208 
240 204 
232 208 
232 216 
240 208 
232 220 
236 220 
236 208 
248 208 
232 208 
240 212 
236 208 
240 216 
232 208 
240 232 
240 208 
232 204 
240 40 
228 208 
228 220 
236 272 
272 220 
228 204 
240 232 
240 232 
232 208 
492 208 
236 212 
240 208 
228 208 
240 208 
236 228 
236 212 
236 208 
236 208 
248 208 
236 208 
264 208 
236 212 
240 208 
240 232 
232 316 
236 216 
236 1096 
244 208 
232 208 
232 204 
240 224 
236 208 
240 212 
232 216 
240 320 
232 208 
236 220 
236 220 
232 208 
232 208 
236 212 
220 236 
240 220 
232 232 
236 216 
236 240 
232 212 
236 208 
228 208 
228 216 
488 208 
236 208 
240 212 
256 212 
236 208 
232 208 
236 216 
232 208 
228 208 
712 208 
232 208 
236 232 
232 212 
236 264 
232 256 
236 212 
236 208 
212 212 
240 508 
240 236 
236 212 
236 236 
232 208 
236 208 
232 208 
236 212 
216 212 
232 232 
232 208 
240 208 
240 212 
232 208 
236 220 
232 212 
236 208 
248 288 
232 216 
228 204 
236 220 
236 212 
232 216 
236 252 
232 208 
868 232 
236 208 
232 208 
240 208 
236 240 
236 208 
236 208 
240 212 
240 204 
244 208 
236 224 
228 212 
232 208 
236 212 
232 212 
240 208 
236 236 
232 216 
236 208 
236 236 
236 212 
232 232 
228 208 
232 212 
232 208 
240 216 
236 240 
232 208 
236 208 
236 232 
236 208 
236 208 
232 212 
252 212 
244 636 
236 236 
240 216 
240 220 
236 228 
236 208 
236 212 
244 208 
236 204 
244 216 
248 228 
236 216 
244 212 
232 228 
232 208 
232 220 
236 256 
240 208 
468 208 
240 212 
240 208 
236 208 
236 212 
240 212 
240 252 
236 212 
232 212 
740 220 
236 212 
232 212 
240 208 
240 204 
236 204 
228 208 
232 216 
216 212 
236 588 
232 264 
232 216 
236 208 
236 212 
304 236 
236 260 
232 208 
212 204 
236 208 
352 208 
236 212 
232 212 
244 208 
1216 208 
240 232 
236 224 
240 208 
236 232 
240 244 
232 216 
240 216 
228 212 
236 208 
236 212 
240 208 
232 216 
228 208 
236 204 
236 216 
228 212 
232 208 
236 228 
232 232 
232 216 
240 224 
240 208 
240 228 
236 232 
248 208 
232 208 
236 252 
232 204 
268 212 
232 216 
240 212 
236 232 
228 220 
236 212 
232 208 
240 208 
236 212 
232 212 
232 212 
236 232 
228 232 
240 212 
232 224 
232 220 
236 208 
236 216 
232 288 
236 212 
240 220 
236 248 
232 216 
240 204 
232 220 
276 256 
232 204 
236 216 
232 236 
236 216 
228 208 
240 208 
236 268 
252 208 
516 212 
44 52 
236 216 
232 216 
644 204 
228 208 
240 204 
236 220 
240 212 
232 368 
236 216 
240 212 
244 212 
236 208 
240 240 
232 236 
236 228 
212 212 
236 580 
248 208 
228 208 
1132 220 
236 224 
264 224 
232 212 
228 208 
52 44 
232 208 
232 208 
232 224 
236 232 
236 248 
236 208 
240 216 
232 256 
216 208 
228 208 
236 232 
236 212 
232 208 
244 208 
236 232 
232 208 
232 212 
232 212 
236 232 
276 208 
236 236 
240 236 
232 252 
236 216 
240 208 
228 212 
228 208 
616 208 
232 208 
236 228 
236 40 
240 268 
236 288 
232 208 
240 208 
240 216 
236 260 
232 208 
236 228 
236 224 
236 216 
236 232 
236 216 
232 204 
236 232 
228 236 
236 204 
232 204 
232 204 
232 208 
236 232 
232 208 
236 212 
236 216 
236 232 
232 216 
232 232 
236 212 
232 284 
312 232 
236 208 
264 228 
236 236 
232 208 
232 212 
232 212 
236 248 
236 212 
540 208 
236 208 
236 212 
236 240 
232 212 
232 240 
284 208 
232 212 
232 228 
236 364 
240 228 
236 208 
240 232 
232 212 
244 224 
240 208 
232 232 
216 208 
236 568 
232 232 
232 236 
228 216 
232 236 
232 212 
232 232 
236 212 
212 208 
236 260 
236 224 
240 212 
232 212 
232 208 
228 208 
252 208 
236 204 
232 208 
236 228 
236 212 
240 236 
236 208 
232 212 
232 208 
232 224 
228 208 
236 208 
236 216 
