# ./FR-trace starting at Mon Apr 20 19:00:58 2020
################# CONFIG #################
# slot=5000
# samples=10000
# threshold=100
# idle=500
# minlen=500
# runs=10000
# pdathreads=2
# nmonitored=2
#   monitor0=../apps/openssl ec2_mult.c:153 0x1e7854
#   monitor1=../apps/openssl ec2_mult.c:161 0x1e789c
# nevicted=0
# npdatargets=2
#   target0=../apps/openssl bn_gf2m.c:412 0x20bd10
#   target1=../apps/openssl bn_gf2m.c:412+64 0x20bd50
# affinity=all
############## SYSTEM INFO ###############
# mastik_version=
# sysname=Linux
# nodename=lovelace
# release=5.3.7-arch1-1-ARCH
# version=#1 SMP PREEMPT Fri Oct 18 00:17:03 UTC 2019
# machine=x86_64
################## DATA ##################
# run=2793
# datapoints=2100
44 44 
224 236 
40 48 
236 220 
236 216 
232 216 
228 212 
260 220 
236 224 
232 216 
240 208 
228 212 
232 216 
232 220 
236 220 
236 208 
228 212 
240 224 
1008 236 
228 212 
228 208 
236 240 
236 260 
232 224 
256 208 
236 212 
232 208 
236 212 
236 228 
232 264 
40 44 
236 212 
236 232 
244 216 
236 208 
232 212 
232 220 
236 212 
240 204 
232 236 
236 208 
236 208 
232 220 
236 268 
240 244 
232 208 
236 208 
236 244 
232 216 
236 232 
200 44 
512 216 
280 220 
236 216 
268 212 
236 216 
236 332 
228 212 
236 212 
236 208 
240 208 
588 208 
236 216 
228 216 
236 216 
236 260 
232 264 
236 208 
236 216 
232 204 
236 376 
232 208 
236 216 
248 216 
236 216 
232 240 
232 212 
236 208 
212 256 
232 652 
448 212 
236 224 
232 216 
236 212 
232 248 
496 216 
232 224 
208 236 
232 252 
236 220 
232 208 
236 204 
236 216 
232 216 
232 232 
240 216 
232 208 
236 208 
232 232 
240 212 
236 220 
236 212 
236 260 
232 212 
232 212 
236 212 
236 272 
236 252 
236 212 
228 216 
236 236 
232 212 
244 216 
232 220 
240 216 
236 216 
236 236 
232 212 
236 236 
260 236 
232 232 
236 216 
244 212 
232 212 
240 216 
236 208 
236 208 
232 220 
232 220 
228 236 
232 268 
236 228 
236 212 
236 240 
236 220 
232 212 
232 212 
236 216 
236 212 
240 212 
236 224 
236 204 
236 208 
236 216 
232 212 
228 208 
236 212 
236 216 
232 236 
236 240 
240 212 
232 216 
244 240 
236 224 
236 216 
248 208 
564 204 
240 220 
240 216 
232 216 
232 204 
236 212 
236 204 
232 268 
232 220 
240 380 
228 208 
232 216 
236 236 
504 216 
224 208 
240 220 
236 256 
220 216 
336 396 
236 224 
232 208 
228 216 
236 228 
240 216 
240 224 
228 216 
220 212 
228 208 
236 212 
236 212 
236 216 
232 240 
236 260 
240 224 
236 220 
236 236 
244 208 
232 212 
232 212 
236 220 
232 232 
228 212 
232 208 
232 208 
236 240 
228 216 
232 220 
232 208 
232 208 
236 208 
232 212 
232 220 
236 232 
236 204 
240 212 
228 208 
236 208 
236 268 
232 216 
232 212 
236 216 
232 236 
236 260 
232 212 
316 228 
236 216 
236 256 
244 212 
228 208 
240 216 
240 232 
228 216 
236 220 
228 216 
236 212 
228 216 
228 208 
236 212 
232 208 
228 208 
228 216 
236 208 
228 196 
236 236 
232 264 
240 236 
340 216 
236 216 
240 236 
256 228 
232 220 
236 212 
228 208 
232 212 
232 212 
580 208 
236 208 
544 220 
228 212 
232 208 
228 208 
232 212 
232 216 
236 220 
232 376 
236 208 
236 212 
240 216 
240 216 
232 212 
228 208 
232 212 
212 240 
240 660 
236 212 
244 236 
348 212 
240 212 
236 216 
232 264 
232 212 
208 288 
236 212 
232 220 
232 208 
232 212 
236 212 
456 216 
236 212 
236 212 
240 236 
228 208 
240 216 
352 208 
260 212 
232 208 
236 216 
240 204 
48 40 
232 212 
236 212 
236 216 
232 216 
236 208 
228 212 
236 216 
232 256 
228 216 
240 212 
228 212 
232 212 
240 212 
232 236 
236 212 
236 240 
232 208 
232 208 
240 212 
236 212 
232 264 
232 208 
236 212 
240 208 
236 236 
200 212 
232 208 
40 52 
232 216 
232 216 
464 212 
232 224 
232 216 
232 212 
236 220 
236 220 
236 236 
236 212 
228 212 
232 252 
228 208 
232 204 
588 216 
240 208 
236 240 
232 212 
236 212 
236 48 
232 212 
240 216 
232 212 
580 216 
232 212 
240 208 
236 212 
236 220 
232 216 
232 208 
232 204 
216 216 
240 444 
232 216 
232 208 
236 212 
244 240 
236 212 
232 204 
232 208 
216 216 
232 676 
236 212 
232 208 
236 236 
236 216 
232 212 
228 1108 
232 252 
212 212 
236 212 
236 212 
236 216 
240 236 
236 240 
232 212 
236 208 
344 220 
260 212 
236 208 
228 220 
236 220 
232 256 
232 208 
236 220 
236 220 
228 212 
236 240 
232 212 
236 212 
236 220 
236 236 
232 228 
228 220 
236 212 
284 212 
236 228 
232 240 
236 232 
236 236 
236 240 
236 212 
328 212 
232 216 
232 212 
236 208 
232 208 
232 208 
236 212 
236 236 
228 216 
336 212 
232 212 
228 212 
232 208 
236 236 
236 216 
232 1020 
236 212 
272 220 
232 216 
260 212 
236 224 
232 208 
236 212 
236 212 
236 236 
232 252 
232 304 
368 216 
228 212 
244 212 
232 228 
432 212 
232 208 
232 212 
232 248 
236 216 
596 232 
248 216 
232 264 
236 216 
236 212 
232 236 
236 236 
236 248 
224 232 
236 424 
236 216 
236 204 
232 208 
236 1024 
236 228 
228 240 
228 208 
212 208 
232 688 
236 236 
236 212 
232 208 
244 208 
236 236 
236 216 
236 224 
212 212 
236 220 
232 248 
232 216 
236 236 
232 208 
232 208 
232 212 
236 236 
236 224 
340 208 
232 212 
240 252 
232 208 
236 204 
240 236 
232 240 
232 216 
232 208 
236 216 
236 232 
264 216 
236 204 
236 252 
248 212 
232 212 
236 212 
236 208 
232 224 
232 220 
236 260 
236 216 
236 236 
240 248 
360 208 
228 212 
232 236 
236 208 
240 212 
232 240 
236 240 
340 308 
236 212 
232 212 
236 228 
236 212 
236 216 
216 232 
236 224 
232 236 
236 212 
236 252 
240 328 
232 208 
232 216 
232 212 
240 216 
232 216 
232 216 
232 208 
388 212 
236 220 
236 252 
232 212 
236 224 
244 216 
232 208 
240 240 
236 212 
616 252 
228 208 
236 984 
232 212 
240 212 
236 216 
228 208 
236 212 
208 212 
240 488 
232 212 
232 216 
232 216 
232 208 
236 208 
240 212 
228 204 
208 208 
236 720 
232 216 
240 212 
232 220 
240 232 
240 216 
244 240 
236 216 
212 216 
228 208 
292 220 
232 216 
232 208 
236 212 
232 212 
232 212 
236 212 
240 212 
192 212 
232 236 
340 212 
232 212 
236 212 
232 208 
236 212 
232 212 
236 272 
228 216 
240 220 
232 208 
232 208 
232 232 
236 224 
228 216 
236 228 
232 212 
236 212 
236 260 
232 224 
232 208 
236 216 
236 212 
236 208 
232 228 
228 232 
44 228 
240 212 
232 212 
232 216 
236 216 
232 256 
236 268 
236 216 
244 208 
236 228 
272 216 
228 216 
232 212 
236 212 
236 240 
236 208 
236 212 
232 220 
236 204 
232 208 
240 208 
232 260 
236 232 
396 960 
236 216 
232 236 
232 220 
240 216 
228 212 
232 216 
344 212 
232 208 
640 44 
236 44 
232 264 
236 208 
232 236 
232 232 
240 220 
228 212 
236 216 
236 504 
232 212 
236 216 
232 260 
232 216 
240 204 
236 212 
236 208 
212 244 
228 728 
232 256 
228 44 
288 212 
232 212 
232 216 
864 236 
244 204 
212 208 
232 212 
236 216 
248 228 
232 216 
228 216 
240 212 
232 264 
232 208 
232 212 
236 244 
236 212 
232 236 
232 212 
232 244 
232 212 
232 212 
232 212 
236 212 
232 228 
244 220 
240 236 
232 220 
236 236 
228 208 
236 212 
228 244 
236 216 
232 236 
236 216 
232 224 
240 208 
1008 208 
236 220 
232 220 
232 208 
236 208 
236 240 
236 204 
232 280 
236 216 
228 216 
232 212 
232 216 
236 224 
228 208 
236 212 
236 236 
236 220 
236 1036 
236 220 
208 204 
228 216 
232 216 
228 212 
232 220 
232 216 
232 208 
232 248 
240 208 
408 216 
232 212 
236 208 
228 216 
236 220 
272 220 
236 232 
260 216 
232 208 
668 220 
236 216 
240 212 
236 224 
240 216 
240 212 
232 212 
240 212 
212 220 
232 512 
236 228 
228 212 
232 216 
236 216 
228 216 
236 220 
236 264 
212 236 
232 212 
232 256 
236 240 
232 216 
236 216 
232 220 
240 212 
232 216 
220 216 
236 268 
236 212 
236 232 
236 212 
236 248 
232 248 
236 216 
240 216 
236 216 
236 208 
232 208 
232 248 
240 212 
236 232 
232 216 
236 236 
240 260 
228 216 
232 212 
236 212 
1072 208 
240 236 
236 236 
232 240 
232 212 
236 208 
236 240 
232 268 
232 212 
236 208 
236 232 
240 212 
236 212 
232 208 
240 212 
232 208 
236 208 
236 216 
236 216 
240 212 
228 208 
236 216 
240 208 
236 212 
232 204 
236 216 
240 212 
236 208 
236 212 
232 212 
216 216 
252 212 
232 208 
232 220 
228 212 
236 236 
240 256 
240 216 
236 220 
488 212 
232 232 
240 236 
236 208 
236 212 
244 208 
240 236 
240 216 
256 212 
704 212 
236 240 
236 212 
232 280 
232 212 
232 208 
236 236 
232 212 
212 208 
232 540 
232 228 
232 212 
232 212 
228 208 
232 208 
240 220 
240 236 
212 236 
228 208 
340 208 
236 216 
232 216 
240 236 
252 216 
248 212 
228 220 
228 212 
276 212 
236 236 
228 212 
232 216 
236 216 
236 232 
232 208 
228 212 
240 220 
1032 220 
240 216 
236 336 
236 212 
236 208 
296 212 
232 208 
236 208 
236 212 
236 236 
232 208 
236 232 
236 220 
232 212 
232 216 
232 232 
240 216 
232 212 
232 220 
240 236 
240 240 
236 208 
232 212 
252 232 
236 212 
232 212 
232 204 
240 208 
232 220 
236 208 
356 216 
236 208 
236 236 
236 216 
236 212 
232 216 
236 208 
240 216 
228 256 
232 248 
236 240 
224 212 
232 228 
48 40 
236 260 
232 248 
236 216 
236 264 
236 232 
236 204 
484 212 
236 216 
232 208 
292 212 
236 212 
236 244 
240 208 
236 220 
236 228 
720 216 
232 208 
236 244 
236 220 
232 236 
240 208 
228 220 
232 212 
668 208 
232 532 
232 212 
228 216 
232 216 
232 220 
240 212 
228 232 
40 56 
220 236 
236 724 
232 208 
240 216 
236 212 
276 216 
232 216 
236 240 
908 240 
236 240 
232 208 
236 212 
264 228 
232 212 
240 212 
236 204 
236 208 
228 244 
228 212 
232 220 
236 204 
236 216 
236 208 
260 212 
236 216 
236 220 
240 212 
236 232 
236 236 
232 208 
236 212 
228 48 
232 208 
236 212 
328 212 
232 216 
240 212 
240 212 
232 220 
288 220 
240 232 
580 208 
236 212 
228 208 
236 212 
244 220 
236 204 
232 216 
296 216 
232 208 
268 224 
348 212 
236 208 
236 212 
232 208 
236 216 
240 212 
240 204 
236 216 
236 212 
260 204 
236 224 
236 208 
236 208 
232 208 
232 212 
236 236 
236 248 
232 204 
484 220 
232 212 
232 208 
236 220 
236 216 
228 212 
220 220 
236 224 
252 216 
736 224 
236 212 
240 212 
232 240 
232 212 
232 232 
240 220 
232 212 
276 256 
236 572 
232 256 
232 212 
236 212 
240 220 
232 212 
240 212 
236 208 
208 208 
232 216 
232 208 
236 232 
236 208 
232 236 
232 216 
232 208 
240 204 
236 264 
240 208 
240 256 
236 208 
236 208 
236 248 
252 236 
240 212 
236 240 
236 232 
232 212 
236 212 
236 264 
232 208 
232 212 
232 220 
228 296 
228 212 
236 216 
228 216 
232 220 
232 216 
248 212 
228 208 
236 212 
240 236 
240 212 
236 264 
228 212 
236 224 
240 208 
236 208 
332 208 
232 208 
272 212 
240 220 
232 212 
236 204 
236 212 
240 236 
232 212 
232 216 
236 212 
236 216 
232 212 
236 220 
240 208 
236 240 
232 216 
276 220 
336 208 
284 220 
240 212 
236 208 
236 220 
424 212 
240 212 
244 216 
232 216 
232 232 
452 216 
236 204 
236 216 
236 236 
228 220 
240 212 
236 236 
236 260 
232 244 
752 236 
232 236 
236 228 
236 212 
236 212 
260 232 
272 216 
236 260 
208 216 
236 548 
328 328 
240 216 
228 216 
232 208 
236 216 
244 208 
232 252 
216 256 
224 224 
236 228 
260 216 
232 236 
236 240 
232 216 
232 208 
236 232 
228 212 
232 208 
236 212 
236 208 
236 212 
232 204 
232 212 
240 216 
236 204 
232 212 
228 216 
228 208 
236 208 
232 260 
232 212 
240 208 
232 208 
228 216 
224 212 
228 208 
228 208 
236 220 
228 212 
236 208 
232 208 
236 208 
240 216 
232 208 
236 216 
236 236 
232 212 
232 216 
236 208 
308 220 
232 212 
236 208 
232 212 
264 216 
236 212 
232 208 
236 240 
236 236 
236 244 
236 208 
480 224 
240 216 
236 216 
236 212 
236 412 
240 212 
228 212 
280 216 
236 228 
228 216 
236 252 
232 216 
240 212 
236 216 
232 212 
256 220 
532 220 
240 236 
232 212 
240 216 
228 212 
240 204 
240 212 
232 212 
236 212 
744 244 
260 212 
232 204 
240 224 
232 212 
232 212 
236 212 
232 208 
228 220 
240 616 
232 216 
236 236 
44 44 
228 208 
236 232 
236 236 
236 220 
232 248 
244 216 
228 224 
236 228 
236 216 
288 252 
236 212 
236 208 
240 228 
236 264 
244 216 
232 204 
236 204 
232 208 
228 256 
236 220 
236 240 
232 220 
236 236 
232 240 
228 224 
228 212 
232 212 
48 44 
244 216 
236 212 
240 220 
228 212 
232 208 
232 224 
260 232 
232 208 
236 208 
228 212 
256 212 
248 216 
232 212 
232 212 
240 208 
232 220 
228 212 
264 216 
812 228 
228 208 
232 208 
240 212 
232 212 
228 208 
236 216 
236 268 
232 236 
232 180 
232 212 
236 264 
252 212 
236 212 
232 208 
232 208 
244 208 
236 232 
308 208 
236 216 
232 208 
236 220 
236 232 
236 204 
236 236 
236 208 
236 220 
552 212 
276 212 
240 212 
244 236 
232 216 
236 216 
240 1496 
236 204 
232 212 
236 412 
240 232 
236 208 
228 216 
232 252 
252 212 
236 208 
232 216 
208 248 
236 648 
236 268 
236 244 
232 212 
236 212 
232 216 
232 212 
232 216 
216 216 
232 212 
236 216 
232 236 
232 212 
236 216 
236 216 
236 220 
232 232 
240 216 
236 240 
264 224 
232 208 
228 228 
232 208 
236 216 
228 208 
236 212 
236 240 
232 216 
236 212 
232 220 
232 212 
312 244 
240 212 
236 244 
240 216 
232 216 
232 208 
236 216 
236 936 
232 228 
232 208 
236 208 
232 240 
236 220 
236 220 
228 208 
236 260 
232 212 
236 232 
232 212 
236 208 
236 216 
232 212 
232 216 
236 204 
236 212 
224 212 
240 212 
236 216 
236 212 
236 216 
228 216 
236 236 
236 264 
228 212 
232 216 
236 212 
232 208 
340 232 
236 240 
232 208 
236 204 
244 832 
240 212 
244 228 
240 212 
236 212 
548 216 
232 204 
228 208 
240 232 
236 220 
236 224 
228 208 
240 232 
236 236 
236 412 
236 212 
244 212 
232 212 
236 236 
228 236 
272 212 
232 208 
212 212 
236 632 
232 212 
232 212 
236 244 
232 220 
236 236 
264 212 
232 216 
208 212 
236 204 
236 212 
196 212 
236 220 
236 208 
240 216 
236 256 
236 236 
236 216 
240 212 
236 272 
236 272 
272 224 
228 236 
236 212 
292 240 
232 212 
236 260 
260 208 
228 220 
232 208 
232 208 
236 264 
236 236 
228 216 
232 252 
244 212 
232 236 
232 228 
240 244 
240 228 
236 240 
232 212 
232 220 
236 212 
304 208 
232 212 
236 224 
236 220 
232 212 
236 216 
232 220 
236 216 
232 216 
232 220 
296 220 
236 236 
232 212 
232 208 
236 256 
232 220 
236 208 
248 880 
236 212 
240 216 
232 256 
256 212 
240 208 
236 212 
332 212 
236 216 
232 212 
236 252 
236 220 
236 216 
232 260 
256 212 
232 224 
604 240 
232 216 
232 220 
236 216 
236 212 
236 224 
232 236 
228 220 
220 208 
236 432 
232 268 
236 208 
232 212 
236 244 
244 204 
236 208 
232 212 
212 236 
232 220 
236 208 
236 240 
240 268 
236 324 
232 216 
236 208 
228 212 
224 212 
236 220 
240 216 
236 232 
248 216 
288 212 
236 204 
236 220 
232 212 
236 236 
232 216 
232 216 
240 240 
232 228 
232 204 
236 260 
228 212 
236 212 
232 208 
244 236 
236 240 
240 212 
236 232 
236 216 
236 212 
244 220 
236 236 
228 220 
232 208 
236 248 
236 212 
236 212 
240 216 
232 236 
232 216 
236 216 
228 220 
44 44 
236 216 
236 212 
232 212 
236 248 
248 1028 
320 216 
232 216 
236 212 
240 232 
240 216 
236 220 
236 216 
232 212 
232 232 
232 216 
240 212 
232 264 
236 220 
228 208 
236 208 
232 212 
212 240 
376 212 
232 224 
236 252 
228 228 
232 220 
48 48 
232 216 
232 232 
236 208 
560 212 
252 212 
236 216 
244 232 
240 236 
228 208 
764 216 
240 212 
216 220 
236 428 
236 216 
228 212 
232 212 
236 252 
236 256 
236 232 
236 268 
244 220 
236 692 
228 208 
232 236 
232 212 
240 236 
232 212 
236 208 
236 212 
212 208 
240 44 
236 220 
232 232 
236 216 
240 232 
236 208 
236 212 
236 216 
232 216 
236 216 
228 212 
232 204 
236 212 
856 244 
232 208 
236 208 
232 216 
236 220 
228 216 
240 232 
236 216 
236 220 
228 220 
232 220 
236 208 
232 236 
236 224 
256 212 
232 216 
236 212 
236 864 
232 208 
236 236 
260 244 
232 212 
236 208 
232 252 
228 216 
236 236 
240 236 
240 240 
228 208 
236 212 
236 220 
232 212 
236 216 
228 216 
232 252 
228 236 
240 212 
240 216 
236 236 
236 224 
236 208 
228 212 
228 208 
240 208 
236 208 
240 212 
400 216 
236 212 
228 220 
232 220 
232 216 
232 268 
236 212 
236 224 
240 208 
624 252 
240 252 
232 212 
232 216 
240 216 
236 236 
232 212 
232 212 
340 216 
232 484 
232 208 
240 216 
232 212 
236 212 
244 236 
236 212 
236 212 
220 216 
232 716 
228 216 
240 236 
236 256 
236 216 
232 212 
228 208 
236 216 
216 212 
232 208 
236 212 
800 244 
232 212 
240 224 
236 240 
232 216 
232 240 
236 208 
236 216 
228 208 
236 212 
236 224 
232 212 
236 216 
236 216 
240 208 
236 232 
236 212 
232 216 
232 208 
232 204 
232 216 
232 232 
236 212 
232 204 
236 204 
236 212 
236 256 
236 236 
228 212 
236 216 
236 216 
360 320 
232 208 
232 208 
236 208 
232 212 
232 208 
236 240 
236 236 
232 252 
240 212 
236 216 
424 212 
236 220 
272 212 
232 208 
236 216 
240 208 
220 216 
232 244 
232 228 
240 208 
232 216 
236 212 
240 208 
232 228 
236 236 
388 220 
236 256 
232 216 
224 220 
240 208 
232 236 
232 232 
228 216 
232 212 
648 216 
324 208 
232 204 
240 212 
236 220 
232 212 
228 236 
236 216 
212 272 
236 504 
236 256 
236 220 
236 224 
240 264 
228 208 
252 208 
240 212 
212 212 
912 236 
240 256 
232 220 
236 248 
232 224 
232 212 
236 236 
236 268 
212 232 
228 216 
236 216 
236 208 
236 208 
232 216 
240 220 
236 236 
228 220 
232 208 
236 268 
228 196 
236 236 
236 216 
236 208 
232 216 
240 224 
232 212 
240 224 
232 204 
248 200 
0 0 
0 0 
0 0 
192 208 
216 236 
228 216 
196 204 
232 208 
228 232 
228 232 
232 228 
228 232 
228 232 
228 228 
232 228 
228 228 
232 228 
228 232 
232 232 
228 232 
228 228 
232 232 
236 224 
228 232 
228 232 
232 228 
228 228 
232 228 
228 224 
228 228 
220 228 
232 228 
232 232 
236 228 
232 232 
236 232 
228 232 
240 232 
760 232 
420 232 
196 228 
232 232 
228 232 
232 232 
232 232 
232 228 
228 236 
236 232 
676 236 
232 232 
228 232 
228 228 
232 232 
232 232 
232 232 
384 368 
208 228 
232 532 
236 232 
228 232 
232 236 
232 232 
232 232 
236 236 
228 236 
208 232 
232 228 
232 232 
232 228 
228 232 
232 232 
232 224 
228 236 
236 232 
232 212 
228 228 
228 232 
236 232 
232 236 
232 236 
232 228 
236 228 
228 236 
232 204 
228 228 
228 232 
232 232 
232 228 
300 236 
236 232 
232 232 
232 232 
232 228 
228 228 
228 236 
232 232 
228 236 
232 232 
232 232 
232 228 
232 236 
232 228 
228 232 
228 232 
232 228 
236 228 
236 236 
232 232 
228 232 
232 232 
232 236 
232 232 
232 232 
232 228 
232 232 
232 228 
232 232 
236 228 
208 236 
228 228 
208 224 
228 232 
256 224 
232 232 
232 236 
200 228 
232 232 
232 236 
232 228 
228 236 
232 232 
232 232 
228 232 
228 236 
232 228 
232 232 
232 232 
232 236 
232 1200 
236 228 
232 232 
236 232 
228 232 
672 232 
232 236 
228 232 
232 228 
192 236 
232 228 
192 232 
232 232 
208 232 
232 548 
228 232 
232 236 
232 236 
240 228 
232 236 
232 232 
232 224 
212 216 
236 232 
228 236 
240 232 
228 244 
232 232 
228 236 
228 232 
228 232 
232 208 
232 228 
232 228 
228 232 
232 232 
240 228 
232 228 
228 228 
232 228 
232 208 
232 228 
236 228 
228 232 
240 232 
232 228 
232 232 
228 228 
236 228 
224 232 
232 236 
228 232 
228 232 
232 232 
232 228 
228 232 
228 232 
232 232 
228 232 
232 232 
228 232 
228 236 
232 228 
228 236 
228 232 
232 232 
232 232 
228 232 
188 232 
228 232 
232 232 
232 232 
228 232 
228 232 
228 228 
228 232 
232 232 
232 232 
232 232 
232 232 
228 232 
228 236 
228 232 
228 228 
232 232 
228 228 
232 240 
232 232 
232 228 
232 228 
228 228 
472 232 
232 232 
228 228 
228 228 
228 232 
232 232 
228 236 
228 232 
232 228 
704 232 
228 224 
228 232 
232 228 
228 228 
240 232 
232 228 
236 232 
208 236 
228 548 
228 232 
228 236 
232 232 
228 232 
236 236 
232 232 
232 228 
208 232 
232 232 
228 232 
228 228 
232 228 
232 232 
228 232 
228 228 
228 232 
232 212 
232 228 
228 232 
228 236 
236 232 
228 232 
228 228 
232 228 
232 232 
228 208 
228 232 
236 236 
232 232 
228 236 
232 228 
232 232 
228 236 
232 232 
208 232 
212 228 
228 236 
232 232 
228 228 
232 228 
228 228 
228 232 
384 232 
