# ./FR-trace starting at Mon Apr 20 19:01:37 2020
################# CONFIG #################
# slot=5000
# samples=10000
# threshold=100
# idle=500
# minlen=500
# runs=10000
# pdathreads=2
# nmonitored=2
#   monitor0=../apps/openssl ec2_mult.c:153 0x1e7854
#   monitor1=../apps/openssl ec2_mult.c:161 0x1e789c
# nevicted=0
# npdatargets=2
#   target0=../apps/openssl bn_gf2m.c:412 0x20bd10
#   target1=../apps/openssl bn_gf2m.c:412+64 0x20bd50
# affinity=all
############## SYSTEM INFO ###############
# mastik_version=
# sysname=Linux
# nodename=lovelace
# release=5.3.7-arch1-1-ARCH
# version=#1 SMP PREEMPT Fri Oct 18 00:17:03 UTC 2019
# machine=x86_64
################## DATA ##################
# run=2978
# datapoints=8279
40 44 
236 212 
216 236 
412 212 
236 212 
240 224 
244 212 
236 220 
232 212 
236 216 
236 212 
232 212 
632 204 
244 212 
228 216 
232 216 
232 212 
236 212 
232 212 
240 232 
212 212 
232 492 
240 236 
232 216 
236 216 
232 208 
240 216 
232 212 
236 212 
216 220 
344 620 
40 48 
232 216 
232 208 
236 216 
232 212 
232 212 
236 236 
216 240 
228 212 
368 212 
232 212 
236 212 
232 260 
228 212 
228 216 
244 216 
236 232 
236 236 
256 212 
232 232 
324 240 
588 256 
236 208 
236 212 
232 208 
236 236 
240 208 
236 212 
236 52 
236 216 
236 252 
240 252 
228 216 
232 220 
244 208 
228 228 
232 208 
232 236 
236 212 
236 212 
240 220 
0 0 
0 0 
0 0 
0 0 
0 0 
0 0 
0 0 
0 0 
0 0 
0 0 
0 0 
0 0 
0 0 
0 0 
0 0 
0 0 
0 0 
0 0 
0 0 
0 0 
0 0 
0 0 
0 0 
0 0 
0 0 
0 0 
0 0 
0 0 
0 0 
0 0 
0 0 
0 0 
0 0 
0 0 
0 0 
0 0 
0 0 
0 0 
0 0 
0 0 
0 0 
0 0 
0 0 
0 0 
0 0 
0 0 
0 0 
0 0 
0 0 
0 0 
0 0 
0 0 
0 0 
0 0 
0 0 
0 0 
0 0 
0 0 
0 0 
0 0 
0 0 
212 212 
228 236 
232 212 
492 212 
232 220 
228 244 
236 208 
232 208 
236 212 
228 236 
256 212 
240 208 
236 212 
232 220 
232 216 
228 208 
236 208 
308 220 
236 216 
228 216 
236 236 
236 264 
240 268 
232 212 
236 236 
232 232 
236 216 
232 208 
232 208 
240 224 
236 212 
236 208 
240 216 
236 216 
244 208 
232 240 
228 1168 
236 212 
244 264 
236 216 
236 232 
236 236 
232 216 
240 212 
232 208 
240 208 
232 216 
240 248 
236 256 
228 212 
232 208 
224 220 
236 236 
232 220 
228 224 
228 212 
240 284 
236 228 
44 48 
236 216 
412 216 
240 208 
236 240 
236 220 
232 212 
240 212 
232 216 
236 212 
236 220 
648 212 
232 256 
236 256 
228 236 
260 216 
232 208 
228 212 
236 232 
212 208 
232 524 
276 216 
240 236 
232 216 
236 208 
236 216 
44 44 
236 212 
208 1068 
240 212 
236 212 
236 240 
236 252 
232 216 
236 208 
236 212 
248 208 
236 216 
232 212 
232 208 
236 236 
232 244 
228 216 
232 212 
236 216 
232 212 
232 212 
232 212 
236 212 
240 256 
236 236 
236 212 
240 48 
240 216 
236 236 
232 212 
236 212 
232 208 
240 268 
232 212 
240 216 
232 212 
232 964 
232 216 
228 208 
232 204 
236 236 
336 216 
236 264 
232 236 
228 212 
232 240 
236 208 
240 224 
236 236 
232 216 
232 204 
240 216 
232 216 
236 212 
232 216 
236 216 
232 204 
236 236 
244 244 
236 240 
260 216 
236 216 
204 216 
236 212 
240 248 
224 236 
232 216 
240 212 
240 240 
232 236 
224 204 
452 212 
236 260 
232 208 
236 216 
324 328 
232 208 
236 212 
232 220 
236 232 
708 212 
232 212 
228 216 
232 224 
232 244 
232 212 
236 212 
240 208 
216 208 
240 532 
232 224 
276 212 
232 208 
236 220 
232 220 
240 208 
228 212 
212 212 
236 692 
236 220 
236 236 
236 212 
232 228 
236 264 
236 208 
240 240 
212 216 
232 208 
232 208 
236 236 
232 216 
236 244 
232 212 
232 212 
228 208 
232 212 
240 212 
232 208 
228 216 
456 208 
392 952 
236 360 
260 216 
232 212 
240 208 
236 216 
236 236 
232 240 
236 240 
232 232 
412 216 
232 208 
240 240 
240 236 
232 244 
240 212 
232 220 
240 228 
232 212 
232 208 
240 212 
236 212 
232 212 
228 212 
236 208 
240 216 
236 208 
232 224 
224 220 
224 216 
232 208 
232 204 
232 212 
236 232 
232 216 
228 212 
228 208 
236 216 
236 244 
232 228 
236 216 
232 236 
224 224 
232 240 
256 216 
232 216 
444 208 
228 208 
232 204 
236 216 
236 208 
228 240 
232 204 
236 212 
236 260 
692 224 
232 216 
232 260 
240 212 
236 216 
232 216 
236 232 
232 252 
212 224 
228 564 
240 240 
232 244 
240 236 
232 220 
228 208 
232 212 
236 212 
212 208 
240 268 
244 212 
236 212 
232 208 
236 212 
236 224 
232 212 
236 208 
232 212 
240 212 
236 260 
232 1024 
236 236 
236 256 
232 212 
232 212 
240 236 
232 212 
236 212 
236 220 
232 216 
236 220 
236 236 
240 208 
240 212 
240 236 
232 208 
224 216 
236 208 
236 272 
236 248 
336 208 
232 208 
236 208 
232 208 
236 208 
272 212 
236 208 
236 236 
236 208 
236 224 
236 224 
236 236 
232 232 
720 236 
236 236 
232 216 
232 216 
232 212 
236 208 
236 212 
236 216 
236 232 
232 208 
336 220 
232 252 
240 220 
240 216 
232 252 
228 252 
232 212 
244 212 
232 212 
228 216 
236 216 
236 236 
236 236 
240 252 
508 208 
240 220 
236 232 
236 228 
232 212 
236 216 
236 208 
232 216 
236 208 
720 212 
40 44 
236 232 
232 268 
236 240 
232 216 
236 212 
236 212 
212 212 
232 548 
240 228 
236 240 
232 232 
232 212 
236 216 
232 236 
236 236 
208 216 
232 908 
236 212 
420 212 
228 212 
236 208 
232 212 
236 208 
232 208 
236 212 
240 208 
236 212 
236 208 
232 212 
48 48 
232 240 
232 220 
232 208 
236 212 
288 240 
236 232 
236 224 
252 212 
228 212 
236 224 
236 208 
236 216 
236 240 
236 228 
232 208 
232 208 
232 212 
232 208 
232 212 
228 208 
236 208 
232 264 
236 240 
228 216 
232 208 
228 208 
240 240 
236 236 
232 72 
236 208 
236 252 
232 240 
236 212 
236 224 
236 220 
224 212 
240 204 
232 220 
228 212 
236 208 
240 240 
232 220 
232 212 
236 212 
228 208 
252 208 
232 216 
232 208 
240 208 
232 212 
232 216 
232 216 
232 228 
740 216 
520 212 
236 220 
244 212 
236 240 
228 216 
236 212 
236 208 
236 216 
236 236 
740 220 
228 228 
236 212 
240 236 
232 236 
232 212 
228 208 
256 212 
208 216 
236 624 
232 232 
236 216 
232 208 
232 212 
240 208 
232 212 
232 216 
212 208 
232 220 
236 216 
232 236 
236 236 
232 224 
232 224 
232 236 
232 216 
232 212 
236 216 
232 240 
232 236 
232 260 
236 208 
240 236 
236 216 
232 204 
232 208 
236 216 
236 212 
240 236 
232 216 
232 212 
236 248 
228 216 
236 212 
232 212 
240 236 
232 216 
232 208 
228 212 
232 212 
236 216 
260 236 
232 208 
240 212 
232 232 
236 228 
228 212 
236 272 
236 256 
228 212 
232 208 
232 212 
228 212 
236 212 
272 208 
236 212 
232 212 
236 220 
236 244 
236 236 
248 220 
232 204 
236 216 
236 208 
932 236 
232 208 
244 208 
280 256 
236 248 
236 212 
236 236 
236 236 
228 216 
236 220 
228 212 
240 216 
540 212 
236 216 
232 212 
236 212 
236 208 
228 216 
232 244 
236 220 
240 224 
752 208 
236 212 
232 216 
236 212 
236 212 
228 208 
236 208 
240 212 
208 224 
236 616 
232 216 
232 208 
232 208 
232 208 
236 208 
236 208 
228 208 
216 208 
228 216 
236 216 
248 212 
232 212 
228 216 
240 232 
236 236 
236 236 
232 216 
236 212 
228 216 
228 212 
232 208 
232 216 
232 220 
228 220 
232 212 
236 212 
236 212 
232 208 
236 220 
240 208 
232 216 
232 220 
232 260 
240 220 
232 228 
236 220 
584 212 
232 216 
236 212 
236 216 
232 240 
232 216 
232 216 
236 216 
236 256 
248 212 
232 212 
240 212 
232 220 
232 208 
232 216 
280 208 
232 212 
976 224 
232 216 
236 224 
236 216 
248 212 
232 212 
232 212 
232 220 
244 212 
236 216 
236 244 
260 228 
232 216 
232 208 
312 216 
236 216 
236 216 
228 208 
228 216 
236 212 
236 212 
232 220 
244 216 
624 212 
236 216 
236 216 
236 236 
236 228 
236 208 
232 228 
240 208 
236 208 
240 372 
516 208 
232 208 
236 236 
236 236 
232 264 
232 248 
232 216 
212 212 
232 604 
300 224 
232 212 
232 216 
240 204 
232 208 
240 236 
232 216 
208 216 
240 208 
236 224 
248 212 
232 208 
232 208 
236 216 
232 212 
228 224 
240 212 
248 216 
236 220 
232 228 
240 208 
236 216 
236 212 
236 260 
40 44 
460 216 
268 212 
232 208 
232 212 
236 220 
232 216 
232 204 
232 208 
232 212 
236 208 
236 252 
228 208 
236 212 
240 232 
240 236 
232 204 
232 204 
240 252 
232 216 
236 208 
236 212 
232 232 
232 232 
236 228 
232 208 
232 216 
236 216 
232 212 
48 48 
240 236 
236 224 
236 256 
236 264 
236 244 
236 208 
236 216 
236 220 
236 208 
236 208 
236 204 
240 212 
240 216 
312 208 
232 216 
232 208 
232 208 
240 220 
232 216 
236 216 
236 220 
232 208 
564 212 
236 208 
356 212 
232 236 
232 248 
244 216 
236 212 
236 216 
236 40 
232 420 
228 212 
236 212 
232 216 
228 208 
232 208 
236 212 
228 216 
216 236 
236 672 
236 216 
232 212 
228 248 
236 208 
236 212 
232 212 
232 212 
216 212 
240 236 
228 248 
236 216 
236 236 
236 232 
236 208 
196 240 
240 204 
280 224 
244 212 
240 208 
236 216 
236 224 
236 248 
236 260 
240 220 
236 216 
236 264 
252 212 
244 212 
232 212 
240 236 
228 212 
236 212 
240 236 
240 212 
236 216 
232 212 
240 204 
232 208 
232 212 
268 212 
232 216 
240 220 
240 208 
232 212 
236 212 
236 268 
232 212 
332 208 
428 208 
236 216 
240 236 
232 216 
232 216 
232 212 
232 208 
232 212 
232 212 
232 208 
232 216 
232 212 
232 212 
232 212 
232 208 
232 208 
236 216 
232 220 
236 212 
356 308 
232 212 
240 208 
228 204 
232 212 
232 208 
244 212 
236 212 
304 216 
608 228 
232 216 
240 216 
232 216 
236 208 
236 216 
236 272 
236 220 
232 204 
236 440 
240 216 
232 212 
228 208 
232 212 
232 212 
244 212 
236 236 
216 268 
236 648 
232 224 
236 212 
240 208 
504 220 
228 216 
244 208 
232 208 
216 212 
236 272 
228 216 
232 220 
236 208 
236 212 
232 228 
228 212 
280 216 
236 224 
228 208 
232 216 
236 216 
236 212 
240 228 
240 236 
232 228 
228 216 
228 216 
228 216 
232 216 
236 208 
236 248 
236 212 
232 220 
228 212 
232 212 
236 212 
232 228 
232 208 
236 272 
232 264 
240 208 
228 212 
236 212 
236 216 
232 216 
232 212 
232 220 
236 256 
232 236 
252 212 
232 216 
236 216 
240 236 
236 212 
236 208 
236 212 
236 232 
232 252 
232 212 
232 284 
236 268 
276 216 
236 224 
240 220 
236 204 
244 248 
236 208 
236 212 
364 268 
240 212 
232 220 
236 208 
232 216 
236 204 
236 224 
236 224 
236 252 
600 212 
232 208 
232 216 
236 212 
236 236 
232 216 
236 228 
240 212 
216 216 
236 384 
272 208 
260 260 
232 212 
252 220 
236 208 
228 216 
236 212 
216 248 
236 696 
232 224 
236 212 
236 236 
232 228 
236 212 
232 212 
232 216 
212 208 
236 272 
236 228 
256 236 
232 212 
232 212 
236 228 
248 208 
244 220 
236 216 
240 240 
228 216 
232 208 
224 212 
236 244 
236 220 
236 220 
236 212 
240 996 
232 212 
236 236 
232 256 
256 212 
232 208 
232 216 
236 208 
232 212 
228 212 
228 216 
236 216 
240 220 
236 236 
236 256 
232 208 
232 216 
232 212 
228 208 
236 260 
236 216 
236 216 
228 208 
236 236 
240 252 
232 216 
236 216 
236 216 
236 272 
236 264 
232 212 
236 236 
236 216 
240 212 
236 220 
236 216 
236 212 
44 56 
232 240 
236 244 
236 216 
232 212 
400 220 
232 268 
232 268 
240 220 
236 224 
240 216 
256 228 
236 236 
240 1024 
620 212 
288 272 
228 216 
236 204 
236 212 
236 236 
236 212 
236 240 
212 216 
232 456 
228 208 
236 216 
224 216 
232 212 
232 232 
236 212 
236 208 
208 216 
148 48 
236 236 
236 212 
236 212 
240 208 
236 216 
236 216 
236 232 
212 212 
236 716 
240 220 
232 212 
236 212 
236 212 
240 216 
240 1040 
312 212 
232 208 
240 208 
236 236 
236 268 
232 208 
232 212 
236 212 
232 236 
232 208 
232 212 
232 220 
336 208 
232 216 
228 48 
228 220 
236 212 
240 212 
232 208 
236 212 
232 208 
240 208 
232 264 
236 216 
236 216 
236 240 
236 236 
232 264 
232 212 
228 212 
232 212 
232 236 
240 236 
708 216 
240 212 
232 208 
236 208 
236 236 
236 236 
236 216 
236 228 
236 208 
240 252 
216 212 
232 208 
228 204 
236 212 
232 220 
236 232 
236 208 
232 208 
240 224 
336 212 
232 264 
232 216 
232 208 
232 216 
240 216 
236 252 
232 212 
236 212 
660 216 
228 216 
236 216 
228 212 
228 212 
260 240 
312 220 
236 212 
292 252 
240 484 
232 212 
236 204 
236 212 
232 212 
236 220 
240 220 
236 252 
216 268 
232 720 
240 212 
232 216 
232 212 
1036 216 
232 228 
236 208 
232 212 
208 208 
240 232 
232 244 
236 212 
232 212 
236 208 
236 240 
260 224 
232 212 
244 212 
236 236 
232 212 
236 212 
232 208 
236 220 
236 216 
240 212 
236 208 
236 216 
240 204 
236 228 
236 228 
236 212 
232 212 
232 216 
240 224 
232 212 
236 212 
232 240 
236 264 
236 212 
228 228 
236 228 
232 260 
232 208 
232 212 
240 212 
232 248 
228 216 
232 212 
236 240 
276 212 
232 248 
252 216 
240 208 
232 216 
236 212 
232 216 
228 212 
232 228 
240 212 
228 232 
240 208 
236 188 
204 228 
224 232 
208 232 
236 236 
236 252 
232 216 
416 208 
236 212 
232 208 
236 240 
232 212 
236 212 
236 212 
228 216 
236 212 
648 212 
232 216 
232 208 
240 236 
232 268 
232 216 
232 208 
232 216 
216 208 
228 528 
232 220 
232 856 
236 208 
236 236 
232 212 
232 224 
232 212 
212 208 
236 232 
232 208 
228 212 
240 212 
240 232 
232 208 
236 208 
240 212 
212 208 
236 212 
232 216 
240 260 
236 212 
272 208 
236 208 
232 208 
232 208 
236 212 
232 216 
232 212 
240 220 
236 212 
232 220 
232 208 
240 212 
240 212 
580 216 
232 240 
236 240 
232 216 
240 208 
232 208 
236 208 
232 208 
232 212 
240 268 
232 264 
236 208 
236 212 
240 208 
240 212 
232 220 
232 212 
236 212 
236 220 
236 212 
236 212 
228 236 
236 216 
236 232 
240 212 
232 220 
232 208 
228 208 
236 212 
236 236 
236 236 
228 224 
272 212 
212 216 
776 216 
236 236 
232 244 
228 212 
232 212 
232 208 
236 216 
232 216 
440 216 
228 212 
236 216 
236 268 
244 212 
232 204 
232 208 
232 220 
232 232 
1584 212 
232 208 
232 212 
236 212 
232 212 
236 272 
240 240 
232 240 
208 216 
228 568 
240 236 
232 212 
232 204 
232 216 
232 212 
240 216 
236 240 
216 216 
236 236 
228 208 
236 216 
236 236 
228 212 
232 212 
236 216 
232 212 
228 212 
228 44 
236 268 
236 264 
232 208 
236 212 
232 212 
232 216 
236 208 
232 216 
236 212 
240 212 
240 240 
236 240 
228 216 
228 212 
236 224 
296 216 
232 228 
236 236 
236 216 
236 212 
228 212 
236 216 
236 208 
236 236 
236 268 
236 212 
232 212 
236 204 
228 216 
232 208 
44 88 
228 216 
236 212 
240 236 
236 268 
224 220 
260 232 
236 208 
232 212 
568 212 
232 216 
232 236 
280 216 
228 256 
248 212 
232 212 
236 216 
236 228 
236 232 
224 212 
236 212 
236 216 
232 260 
236 212 
236 216 
232 264 
236 220 
232 216 
480 208 
232 212 
232 44 
236 236 
232 212 
232 208 
240 212 
232 212 
228 212 
704 212 
320 208 
248 224 
236 216 
236 208 
240 212 
232 212 
236 212 
212 208 
236 496 
236 220 
232 216 
232 212 
232 212 
236 216 
228 204 
232 212 
212 216 
232 216 
252 212 
228 260 
236 212 
236 212 
240 208 
232 252 
244 208 
236 216 
236 236 
236 256 
228 212 
236 240 
316 208 
236 208 
232 208 
236 216 
232 204 
232 212 
232 212 
232 212 
236 216 
232 264 
236 200 
240 208 
240 236 
236 232 
232 212 
252 216 
236 208 
236 248 
256 212 
452 208 
232 236 
228 216 
244 208 
236 204 
236 216 
832 220 
236 260 
228 212 
232 208 
236 212 
240 216 
232 244 
232 212 
236 248 
236 280 
236 208 
232 212 
236 236 
236 228 
228 216 
228 208 
228 208 
236 212 
232 232 
228 260 
236 212 
228 212 
236 212 
236 212 
232 216 
236 212 
236 236 
240 224 
240 216 
240 212 
504 208 
236 260 
228 212 
232 204 
236 212 
236 264 
232 232 
236 212 
236 220 
720 232 
232 220 
232 212 
228 208 
236 212 
232 204 
236 212 
236 224 
216 224 
236 564 
236 208 
236 212 
232 208 
236 212 
236 212 
228 212 
232 236 
212 232 
236 208 
228 216 
232 212 
232 212 
232 216 
232 216 
236 216 
236 212 
236 208 
228 216 
372 208 
236 208 
236 208 
232 216 
236 248 
232 212 
328 216 
232 208 
236 208 
236 212 
232 212 
236 212 
236 216 
236 236 
232 212 
240 208 
232 208 
744 208 
232 208 
236 232 
232 204 
236 216 
232 212 
232 208 
232 212 
236 216 
232 212 
236 236 
236 216 
240 216 
228 216 
236 248 
236 236 
236 212 
236 248 
284 208 
236 208 
240 220 
260 260 
232 216 
232 228 
232 208 
232 212 
232 252 
236 232 
236 216 
232 232 
232 232 
228 212 
280 204 
348 208 
236 264 
240 212 
240 212 
236 208 
232 212 
264 212 
236 216 
508 236 
232 212 
232 212 
236 256 
232 212 
232 216 
236 216 
240 220 
228 216 
752 208 
240 216 
236 216 
236 212 
240 248 
240 224 
232 212 
232 208 
212 212 
236 516 
316 208 
232 208 
236 208 
232 208 
236 216 
236 224 
232 264 
192 220 
264 268 
240 212 
268 216 
236 228 
228 208 
236 212 
240 212 
232 220 
232 212 
236 296 
244 236 
236 236 
236 208 
232 208 
240 208 
236 332 
232 220 
236 240 
232 212 
232 208 
236 212 
240 208 
232 204 
236 212 
236 256 
308 212 
224 220 
232 208 
236 212 
240 208 
232 216 
240 232 
256 212 
260 208 
236 244 
236 220 
232 216 
236 220 
236 208 
228 212 
236 236 
236 216 
228 216 
232 216 
232 216 
236 268 
232 212 
232 212 
44 48 
232 216 
236 260 
228 256 
228 220 
232 236 
228 208 
228 212 
236 224 
240 228 
236 212 
280 256 
260 204 
232 212 
236 236 
232 236 
232 212 
228 212 
236 220 
232 212 
520 248 
232 212 
240 224 
236 212 
236 236 
236 224 
224 220 
232 236 
232 236 
236 364 
232 208 
236 212 
40 48 
236 256 
240 272 
380 208 
232 208 
240 216 
236 608 
232 216 
236 212 
232 288 
232 212 
232 208 
240 216 
236 232 
208 240 
228 212 
232 232 
228 208 
232 212 
236 212 
236 216 
232 212 
236 236 
256 216 
232 212 
236 208 
240 212 
244 216 
232 212 
232 212 
236 208 
236 48 
304 224 
232 212 
236 220 
236 232 
236 268 
212 220 
236 344 
240 216 
248 208 
236 224 
236 212 
236 212 
240 236 
240 208 
236 208 
232 216 
232 224 
236 216 
236 212 
236 244 
232 236 
296 1172 
232 212 
236 216 
232 236 
236 212 
236 216 
232 204 
236 212 
240 240 
236 212 
236 212 
276 212 
232 260 
236 212 
232 212 
236 212 
316 212 
236 208 
228 208 
236 212 
236 236 
304 208 
232 212 
240 208 
236 224 
228 220 
224 236 
236 244 
232 212 
232 208 
540 208 
236 224 
236 244 
236 212 
500 204 
232 208 
236 220 
236 268 
232 208 
236 368 
232 208 
236 212 
236 252 
236 264 
236 212 
236 216 
292 224 
220 260 
232 620 
236 216 
232 236 
228 208 
236 232 
268 208 
236 252 
228 216 
216 212 
232 216 
232 212 
240 212 
240 220 
236 216 
236 256 
236 232 
232 212 
232 296 
236 216 
236 212 
228 216 
236 244 
232 212 
228 208 
236 208 
236 260 
232 244 
228 212 
236 212 
236 216 
236 224 
272 212 
236 212 
232 208 
240 212 
232 268 
236 212 
232 212 
228 212 
228 212 
236 220 
236 232 
236 268 
236 252 
232 264 
228 212 
232 220 
232 216 
232 220 
236 212 
228 216 
232 212 
232 208 
232 212 
236 212 
236 204 
236 212 
236 216 
236 232 
236 212 
236 216 
240 236 
232 212 
232 220 
232 212 
232 212 
232 212 
236 228 
328 216 
232 212 
272 212 
232 216 
232 212 
232 216 
236 236 
264 208 
236 224 
568 212 
228 212 
236 212 
228 212 
232 212 
232 208 
232 216 
232 208 
232 212 
228 424 
236 232 
244 220 
0 0 
0 0 
0 0 
244 212 
232 204 
212 216 
232 588 
236 212 
240 208 
236 216 
232 208 
236 212 
236 236 
244 212 
208 892 
236 208 
236 232 
232 240 
236 204 
236 252 
228 212 
236 212 
236 216 
236 216 
232 268 
236 216 
236 208 
232 212 
232 204 
236 212 
236 236 
236 212 
232 212 
232 216 
232 212 
232 216 
228 232 
240 232 
232 208 
232 216 
232 216 
232 208 
240 236 
236 264 
232 268 
232 212 
228 212 
236 212 
236 216 
240 208 
228 212 
244 212 
228 212 
240 212 
232 208 
236 216 
240 208 
232 220 
236 216 
232 224 
236 232 
232 216 
236 212 
240 216 
1056 232 
236 216 
240 216 
240 236 
236 212 
228 212 
232 216 
232 240 
232 212 
236 240 
336 208 
236 252 
240 212 
232 232 
232 220 
284 228 
244 232 
236 236 
240 232 
572 216 
240 208 
228 216 
236 232 
240 208 
236 212 
236 212 
236 212 
208 212 
232 428 
232 208 
232 216 
236 236 
228 212 
236 212 
52 40 
232 216 
208 208 
232 692 
232 216 
236 216 
228 212 
232 208 
236 220 
232 260 
236 212 
216 236 
280 236 
232 212 
232 212 
236 212 
236 208 
232 240 
236 252 
236 336 
232 204 
236 204 
240 212 
236 212 
232 212 
232 216 
236 232 
236 208 
236 212 
236 216 
236 236 
236 240 
232 208 
40 48 
272 212 
228 212 
240 212 
236 216 
240 240 
236 236 
228 216 
232 212 
268 220 
232 208 
236 208 
236 216 
232 216 
240 216 
236 240 
236 220 
236 208 
232 208 
232 212 
236 212 
228 204 
232 240 
232 220 
228 216 
232 212 
232 236 
232 208 
236 216 
228 216 
232 208 
236 228 
236 208 
232 212 
232 216 
236 236 
236 220 
232 208 
388 252 
236 220 
236 208 
236 216 
232 216 
232 232 
232 216 
236 212 
232 332 
620 204 
232 208 
236 240 
232 212 
952 236 
232 216 
228 208 
232 212 
220 212 
236 436 
236 224 
236 212 
232 208 
240 212 
236 220 
240 236 
268 212 
204 212 
232 688 
296 220 
236 216 
228 212 
232 212 
240 216 
244 220 
232 208 
208 240 
236 232 
240 232 
232 224 
236 240 
232 216 
240 328 
228 212 
232 228 
232 208 
236 208 
236 236 
232 216 
240 212 
236 212 
232 216 
232 212 
240 212 
232 252 
236 268 
236 216 
232 216 
232 212 
236 240 
236 212 
232 212 
236 208 
232 216 
232 216 
236 208 
240 212 
236 212 
236 236 
236 216 
236 244 
240 216 
236 232 
236 220 
240 268 
276 228 
236 216 
236 208 
236 212 
232 212 
236 208 
236 212 
232 244 
232 220 
232 220 
232 208 
236 208 
244 216 
236 208 
236 272 
236 264 
240 236 
236 252 
228 244 
236 216 
448 216 
384 212 
232 220 
1204 208 
236 212 
236 208 
232 216 
236 208 
236 212 
240 212 
620 212 
244 220 
236 204 
244 216 
240 204 
236 212 
232 212 
240 212 
212 220 
236 472 
240 216 
240 208 
236 224 
228 212 
232 204 
236 212 
236 208 
216 236 
232 716 
240 216 
232 204 
240 236 
232 228 
232 212 
232 208 
268 220 
576 204 
356 268 
236 212 
236 208 
228 212 
228 216 
232 212 
228 208 
236 216 
236 236 
236 232 
228 216 
232 204 
236 208 
236 212 
240 220 
236 240 
232 212 
232 240 
236 216 
240 312 
236 212 
232 224 
236 212 
228 208 
236 212 
232 252 
236 208 
232 212 
240 212 
236 212 
236 212 
232 216 
236 240 
612 208 
236 216 
232 216 
228 212 
236 216 
236 204 
236 208 
240 204 
236 232 
232 232 
228 224 
228 212 
236 216 
236 220 
236 240 
236 212 
232 212 
828 360 
236 232 
232 208 
232 216 
236 228 
236 216 
232 216 
236 204 
232 212 
432 212 
236 212 
240 220 
236 244 
240 240 
240 212 
240 220 
236 236 
212 224 
668 208 
236 216 
240 236 
236 264 
252 216 
232 208 
236 212 
324 208 
212 216 
232 520 
236 212 
240 216 
240 248 
228 212 
236 216 
236 204 
232 204 
208 212 
236 720 
236 260 
236 236 
236 244 
236 212 
232 236 
312 212 
232 216 
216 256 
232 216 
228 224 
232 216 
232 208 
236 220 
244 208 
232 224 
236 220 
308 216 
236 216 
236 244 
228 216 
232 216 
232 212 
232 208 
236 216 
40 48 
236 232 
232 212 
236 232 
236 216 
240 216 
496 220 
232 212 
228 212 
232 216 
236 232 
236 236 
232 212 
236 216 
232 208 
236 208 
240 216 
232 212 
236 208 
240 220 
232 212 
236 236 
236 232 
228 212 
232 212 
332 216 
236 212 
232 208 
236 220 
236 216 
240 248 
232 208 
44 44 
236 212 
216 212 
232 204 
236 220 
236 236 
228 216 
236 212 
240 212 
236 212 
236 220 
448 212 
232 212 
236 228 
332 208 
232 216 
240 212 
232 212 
232 220 
236 216 
656 216 
232 212 
348 212 
232 236 
268 220 
236 216 
232 212 
232 208 
216 220 
228 524 
232 48 
232 220 
232 208 
236 236 
232 232 
236 216 
232 212 
212 224 
236 236 
228 212 
236 264 
232 216 
236 204 
236 236 
272 212 
236 208 
228 212 
236 220 
228 208 
232 212 
240 240 
228 208 
236 224 
252 208 
236 212 
232 232 
232 216 
240 232 
744 248 
232 212 
252 208 
236 224 
240 220 
240 232 
232 224 
232 208 
240 232 
236 212 
236 252 
232 212 
232 276 
248 212 
228 212 
232 204 
236 212 
236 220 
236 212 
236 204 
240 216 
240 236 
232 228 
232 248 
232 220 
228 208 
240 208 
224 216 
232 208 
228 312 
232 212 
232 208 
236 212 
236 208 
240 212 
236 216 
228 216 
236 208 
236 216 
220 216 
232 212 
240 212 
236 212 
240 232 
232 204 
240 220 
236 220 
236 244 
440 212 
240 236 
236 212 
232 212 
236 208 
228 212 
236 252 
244 212 
236 208 
708 216 
228 208 
236 228 
236 220 
232 208 
232 208 
236 220 
232 212 
212 260 
228 528 
192 212 
236 244 
236 220 
232 236 
232 216 
236 220 
240 220 
212 236 
232 204 
236 212 
232 216 
240 236 
256 216 
236 240 
240 212 
232 232 
232 208 
752 220 
232 212 
236 212 
236 212 
232 220 
236 212 
236 232 
280 208 
236 208 
232 212 
236 216 
240 236 
244 220 
232 212 
236 212 
236 240 
228 212 
236 260 
272 224 
236 240 
232 212 
232 208 
232 216 
236 224 
236 248 
228 212 
232 208 
236 216 
236 212 
240 208 
248 208 
236 216 
232 240 
192 208 
232 208 
236 208 
236 236 
232 212 
304 212 
236 208 
236 212 
244 244 
232 260 
240 260 
228 212 
228 216 
232 244 
236 212 
236 208 
232 212 
224 208 
236 240 
228 208 
236 256 
236 212 
236 212 
236 224 
236 268 
236 212 
472 236 
228 208 
236 224 
232 216 
236 208 
236 232 
240 204 
236 212 
264 208 
716 240 
236 216 
232 212 
232 216 
232 228 
236 236 
232 212 
232 208 
212 208 
240 516 
232 204 
232 236 
240 212 
244 216 
232 216 
232 1076 
228 212 
224 212 
232 212 
236 236 
236 212 
236 244 
260 212 
232 208 
232 208 
236 208 
236 324 
240 232 
260 216 
240 204 
236 216 
236 208 
236 236 
232 212 
232 240 
232 212 
232 216 
232 216 
236 208 
236 212 
236 216 
236 208 
232 212 
236 216 
232 256 
232 224 
228 216 
240 212 
232 212 
240 212 
236 232 
272 216 
236 220 
228 216 
236 204 
232 204 
228 212 
244 208 
236 212 
256 216 
232 216 
232 208 
232 212 
228 204 
236 236 
236 240 
240 244 
244 208 
236 240 
232 212 
236 212 
236 204 
236 216 
240 212 
228 216 
232 216 
236 208 
228 216 
244 216 
240 224 
48 48 
240 236 
232 236 
196 220 
236 216 
228 220 
480 220 
232 220 
236 236 
236 232 
228 204 
352 216 
232 212 
232 212 
236 212 
724 212 
236 216 
236 212 
232 228 
236 236 
248 216 
236 212 
236 212 
216 212 
232 572 
232 212 
232 228 
236 212 
40 48 
228 212 
236 208 
232 212 
208 212 
236 236 
232 232 
236 212 
232 204 
232 216 
228 208 
236 212 
228 208 
228 208 
236 212 
232 232 
384 208 
236 212 
240 220 
236 204 
236 220 
236 220 
240 248 
232 212 
232 220 
232 1096 
232 212 
324 212 
232 208 
236 212 
232 216 
236 52 
236 236 
236 236 
232 212 
236 212 
236 264 
232 216 
236 228 
236 212 
236 224 
232 208 
228 208 
240 212 
236 216 
336 220 
236 212 
236 232 
232 236 
240 212 
236 212 
240 232 
232 216 
236 208 
232 220 
244 208 
236 216 
228 220 
236 216 
236 212 
232 212 
236 240 
228 208 
236 208 
284 216 
228 220 
228 216 
236 212 
228 208 
236 212 
240 212 
236 212 
232 216 
472 212 
232 208 
236 236 
236 208 
232 208 
232 236 
236 248 
228 220 
228 252 
748 216 
236 232 
236 208 
236 208 
232 212 
240 216 
232 212 
232 216 
212 284 
236 616 
236 232 
240 212 
232 216 
228 212 
232 212 
232 212 
232 220 
208 216 
232 208 
236 220 
236 216 
232 212 
228 212 
236 208 
236 220 
236 236 
236 248 
228 212 
240 216 
236 240 
232 232 
228 212 
236 216 
240 228 
228 224 
232 212 
228 208 
236 216 
236 204 
228 236 
236 216 
228 212 
228 208 
332 208 
236 244 
240 216 
232 268 
236 236 
252 212 
232 208 
232 208 
236 236 
240 264 
236 208 
244 216 
236 208 
232 240 
232 256 
240 212 
236 212 
232 236 
212 208 
236 216 
232 204 
232 212 
232 240 
228 208 
236 208 
236 216 
236 236 
236 252 
228 276 
236 220 
236 208 
236 212 
236 240 
228 212 
312 212 
232 208 
240 220 
236 236 
236 212 
232 236 
236 216 
232 212 
232 216 
488 212 
236 236 
240 228 
240 236 
236 220 
236 204 
232 212 
236 220 
1120 236 
236 384 
232 208 
236 216 
228 212 
236 208 
236 212 
232 232 
232 208 
220 216 
240 596 
232 204 
236 236 
228 208 
232 208 
236 208 
228 212 
268 272 
212 220 
236 236 
228 220 
228 216 
236 212 
240 212 
240 260 
240 240 
244 216 
228 208 
236 212 
232 224 
240 288 
232 276 
236 208 
240 208 
236 212 
236 208 
236 240 
240 232 
268 240 
236 228 
232 216 
236 224 
236 240 
236 232 
236 216 
232 212 
240 300 
232 216 
232 212 
232 240 
1048 240 
236 212 
232 216 
236 216 
228 212 
228 216 
236 212 
236 212 
236 208 
236 236 
236 252 
240 212 
232 216 
236 240 
236 216 
232 240 
228 216 
236 220 
232 212 
236 240 
228 212 
236 216 
228 212 
224 212 
288 212 
240 212 
236 216 
236 208 
332 212 
236 264 
232 212 
236 208 
236 232 
236 236 
996 220 
236 212 
232 220 
544 212 
260 212 
236 208 
232 212 
236 236 
232 232 
256 208 
236 208 
228 208 
236 372 
240 216 
236 212 
236 216 
240 232 
232 212 
236 212 
236 220 
212 212 
236 628 
228 240 
288 300 
236 212 
236 216 
240 236 
240 216 
228 212 
212 208 
236 212 
232 232 
236 212 
240 220 
236 216 
232 220 
236 252 
232 212 
40 44 
232 252 
232 212 
236 208 
236 208 
236 220 
236 216 
232 248 
228 208 
228 212 
240 204 
236 228 
232 208 
256 208 
232 208 
232 220 
232 212 
232 208 
264 216 
236 220 
240 212 
240 220 
240 216 
232 212 
236 232 
232 216 
236 240 
228 220 
236 216 
236 208 
232 44 
236 52 
240 264 
228 212 
240 212 
236 216 
240 212 
236 236 
232 212 
236 204 
236 208 
232 208 
236 216 
236 260 
228 216 
240 208 
944 268 
340 216 
228 208 
228 212 
236 212 
328 212 
232 204 
236 240 
232 240 
228 228 
232 216 
232 216 
228 48 
240 212 
548 236 
228 224 
228 252 
236 224 
236 236 
236 260 
236 220 
228 212 
220 208 
228 408 
392 292 
232 208 
240 236 
236 232 
240 256 
240 208 
228 212 
216 208 
236 648 
232 208 
236 212 
236 256 
236 252 
236 212 
232 216 
228 208 
208 212 
236 236 
232 212 
232 216 
232 208 
232 212 
236 232 
236 212 
228 208 
236 216 
232 208 
232 208 
236 268 
236 212 
240 224 
236 224 
232 208 
236 212 
240 240 
232 212 
236 212 
232 204 
236 216 
236 232 
232 220 
232 216 
232 212 
232 260 
232 256 
236 212 
228 216 
232 212 
236 208 
244 220 
232 216 
236 256 
228 212 
232 208 
236 220 
236 240 
232 208 
244 216 
228 228 
260 220 
1060 216 
236 204 
228 208 
228 216 
232 208 
236 212 
232 212 
240 208 
236 212 
232 232 
228 212 
384 208 
228 212 
232 224 
236 236 
240 236 
348 216 
236 264 
240 212 
232 228 
236 236 
236 212 
240 212 
236 208 
232 236 
596 220 
224 224 
264 216 
236 232 
236 220 
232 208 
228 208 
228 212 
516 204 
232 412 
232 212 
236 236 
236 220 
236 216 
232 208 
244 204 
232 216 
220 208 
228 660 
236 212 
236 236 
236 240 
244 216 
232 212 
236 208 
232 220 
216 212 
232 212 
236 220 
236 244 
228 212 
232 216 
260 208 
236 236 
232 236 
236 240 
236 212 
236 232 
232 216 
232 208 
232 212 
232 240 
484 228 
236 208 
232 208 
228 216 
228 224 
240 216 
236 232 
236 260 
236 208 
236 212 
236 220 
224 216 
228 208 
256 232 
236 216 
232 216 
240 212 
960 252 
236 208 
236 240 
236 268 
232 244 
232 216 
232 208 
244 208 
232 236 
232 220 
232 212 
236 220 
228 228 
236 216 
232 216 
232 236 
236 244 
208 220 
232 252 
232 212 
232 212 
232 212 
268 208 
240 212 
236 212 
236 212 
232 208 
392 256 
236 212 
240 220 
236 232 
236 256 
232 212 
340 216 
236 236 
232 208 
620 208 
240 268 
240 268 
272 208 
248 212 
280 216 
232 208 
236 232 
212 240 
236 408 
240 216 
236 212 
236 212 
236 224 
236 236 
232 212 
236 212 
220 248 
240 660 
232 212 
236 236 
236 212 
232 236 
236 236 
240 212 
236 212 
212 212 
240 220 
236 216 
236 228 
228 212 
620 212 
240 212 
240 232 
240 240 
236 236 
252 212 
228 212 
228 212 
240 212 
240 236 
236 224 
236 212 
232 212 
232 220 
232 208 
240 212 
236 232 
236 220 
236 212 
228 216 
232 212 
232 212 
232 204 
240 268 
240 224 
228 208 
276 220 
48 48 
236 232 
256 208 
236 208 
236 264 
236 232 
232 212 
236 236 
236 236 
236 208 
236 208 
244 232 
240 212 
232 216 
236 252 
236 212 
232 212 
236 208 
236 304 
236 208 
272 212 
236 224 
240 208 
232 208 
232 236 
232 228 
268 212 
232 208 
404 264 
44 48 
340 216 
240 212 
232 208 
232 212 
236 236 
240 236 
228 212 
628 212 
236 208 
240 240 
240 212 
236 216 
228 228 
232 212 
236 236 
236 212 
236 432 
236 216 
232 220 
236 212 
236 236 
236 220 
228 212 
236 208 
208 216 
236 720 
236 212 
828 244 
240 220 
236 208 
236 212 
236 236 
236 260 
208 232 
236 216 
236 216 
236 216 
232 208 
236 212 
240 264 
240 256 
232 212 
236 208 
232 212 
236 228 
236 308 
236 212 
236 212 
232 208 
232 208 
236 236 
232 216 
232 216 
236 212 
232 216 
236 204 
232 208 
232 236 
232 268 
236 212 
248 216 
228 212 
236 216 
240 216 
232 212 
232 240 
324 212 
236 212 
236 216 
232 212 
236 212 
236 216 
232 208 
232 208 
240 204 
232 216 
232 208 
236 208 
228 212 
232 244 
232 212 
236 212 
236 208 
232 236 
220 248 
232 228 
240 204 
232 220 
228 228 
240 208 
236 232 
232 216 
236 216 
412 208 
284 216 
236 216 
232 220 
236 240 
244 208 
236 220 
240 232 
240 212 
660 236 
236 208 
236 216 
240 228 
236 248 
228 228 
232 212 
244 212 
212 220 
636 208 
232 204 
236 212 
228 208 
236 212 
232 208 
232 220 
236 216 
212 224 
232 708 
236 244 
232 236 
236 204 
236 212 
232 212 
236 208 
236 232 
216 216 
240 252 
232 208 
232 204 
228 232 
232 208 
236 220 
236 240 
236 256 
232 212 
236 236 
236 208 
332 212 
232 216 
240 212 
236 236 
232 212 
232 212 
236 212 
228 240 
232 248 
232 208 
236 260 
232 208 
232 256 
232 208 
236 208 
236 260 
236 212 
232 244 
232 272 
232 208 
240 236 
232 264 
236 208 
236 220 
228 240 
228 212 
236 252 
232 212 
240 240 
240 240 
232 212 
232 212 
228 212 
264 212 
232 212 
312 212 
236 220 
232 216 
244 204 
208 216 
232 208 
236 212 
236 244 
240 236 
272 216 
236 208 
260 212 
236 216 
380 208 
232 220 
232 216 
236 220 
244 212 
240 208 
236 896 
236 264 
236 216 
652 216 
240 236 
240 252 
224 212 
228 216 
260 216 
268 232 
232 208 
208 224 
240 496 
236 216 
228 216 
228 216 
232 212 
236 232 
232 232 
236 236 
320 192 
232 252 
232 216 
228 216 
232 208 
236 220 
460 208 
232 212 
232 212 
236 264 
236 236 
232 204 
232 212 
236 228 
268 1104 
240 220 
260 228 
240 228 
232 208 
236 212 
232 236 
236 208 
240 236 
244 240 
232 212 
228 212 
236 208 
236 212 
240 208 
236 224 
236 204 
232 232 
236 236 
240 224 
236 240 
240 204 
236 260 
236 212 
232 212 
232 208 
232 216 
236 212 
236 220 
232 208 
236 212 
232 232 
288 220 
228 212 
240 212 
236 212 
236 212 
232 232 
232 216 
260 220 
228 216 
240 268 
236 248 
228 216 
240 216 
240 252 
200 204 
44 48 
232 212 
236 208 
236 208 
236 212 
236 224 
236 216 
232 236 
460 208 
236 228 
240 212 
228 276 
232 212 
232 216 
236 208 
232 220 
232 228 
692 208 
236 212 
228 212 
232 212 
232 220 
232 204 
236 216 
232 208 
212 212 
240 504 
236 208 
236 208 
232 216 
40 52 
232 240 
228 212 
236 216 
212 212 
236 212 
240 256 
232 1044 
240 208 
236 236 
236 212 
232 224 
236 212 
244 208 
236 228 
232 204 
240 216 
240 204 
236 256 
232 208 
240 212 
232 228 
232 212 
236 236 
236 212 
236 208 
240 216 
232 212 
240 44 
236 212 
236 212 
232 208 
236 232 
236 232 
244 212 
236 216 
240 212 
232 220 
232 208 
232 252 
228 232 
232 212 
236 224 
232 216 
240 208 
228 208 
316 212 
240 212 
236 236 
260 216 
236 236 
232 236 
232 216 
232 212 
232 212 
240 236 
236 228 
236 212 
240 212 
236 216 
236 236 
244 216 
236 212 
240 212 
244 236 
232 216 
228 216 
232 216 
232 220 
240 216 
236 240 
236 208 
252 220 
476 212 
232 212 
232 208 
236 216 
232 232 
232 212 
236 240 
236 220 
232 208 
732 212 
236 212 
236 248 
240 216 
232 204 
236 220 
228 228 
236 216 
212 212 
240 960 
240 212 
236 212 
240 232 
232 216 
248 232 
232 208 
232 248 
212 212 
240 216 
236 216 
236 212 
236 236 
240 224 
232 208 
232 212 
236 212 
232 332 
236 216 
240 240 
236 216 
240 212 
236 216 
236 240 
236 236 
228 212 
272 220 
232 208 
236 212 
236 204 
236 236 
240 224 
236 256 
240 208 
232 216 
232 208 
236 228 
232 212 
236 212 
344 220 
240 212 
236 212 
236 208 
236 212 
240 272 
240 208 
232 212 
240 216 
228 208 
236 212 
244 220 
232 220 
248 208 
240 232 
236 236 
236 220 
232 228 
232 212 
240 212 
240 212 
248 208 
236 232 
240 264 
236 248 
232 216 
232 212 
236 216 
1080 212 
252 232 
228 212 
232 236 
240 208 
232 208 
236 212 
232 248 
236 212 
232 212 
480 212 
236 212 
236 220 
236 260 
256 212 
240 212 
236 236 
240 1024 
232 212 
724 220 
232 212 
228 212 
232 216 
232 216 
240 212 
236 212 
232 216 
212 216 
232 600 
236 212 
232 208 
240 208 
240 212 
232 220 
236 260 
232 212 
212 232 
236 208 
228 204 
232 212 
236 212 
232 212 
236 212 
240 236 
240 236 
252 216 
264 228 
232 212 
236 216 
232 212 
952 232 
232 208 
232 220 
236 236 
236 212 
236 216 
236 212 
272 208 
240 208 
236 212 
240 236 
232 228 
232 208 
232 216 
240 216 
228 212 
240 216 
244 236 
244 228 
0 0 
0 0 
232 208 
236 208 
236 212 
240 212 
236 240 
244 212 
228 212 
232 216 
232 208 
236 216 
236 204 
240 224 
252 212 
932 236 
232 212 
232 220 
236 216 
240 208 
240 216 
236 236 
256 212 
228 296 
236 216 
248 208 
228 212 
296 216 
260 212 
228 216 
228 216 
236 296 
232 232 
272 220 
236 204 
232 208 
492 216 
240 236 
240 220 
232 220 
228 208 
244 276 
236 236 
232 208 
236 212 
708 216 
236 208 
236 248 
44 48 
232 208 
232 212 
236 204 
232 216 
212 208 
232 580 
232 212 
236 236 
240 212 
236 208 
232 208 
232 212 
236 264 
212 208 
232 228 
236 236 
236 208 
236 236 
236 236 
236 216 
232 216 
236 208 
236 212 
228 208 
236 212 
240 224 
232 236 
232 216 
48 44 
236 208 
236 208 
236 208 
236 212 
236 216 
232 212 
236 224 
232 208 
232 216 
232 212 
236 236 
232 260 
232 236 
232 212 
240 216 
236 220 
232 220 
240 208 
236 212 
236 216 
232 244 
864 212 
236 216 
228 216 
236 212 
232 224 
232 212 
228 52 
236 220 
248 212 
232 216 
236 208 
236 212 
232 212 
232 216 
236 208 
240 216 
252 216 
236 212 
236 224 
232 216 
236 208 
236 236 
236 240 
272 212 
236 236 
228 216 
240 236 
236 212 
236 236 
316 212 
236 212 
232 216 
504 312 
228 216 
236 248 
224 208 
444 212 
236 208 
232 232 
236 204 
232 216 
236 368 
236 256 
232 212 
236 216 
236 236 
236 256 
236 212 
232 224 
220 216 
232 616 
228 228 
236 212 
236 212 
228 212 
228 208 
232 212 
236 216 
208 212 
232 212 
236 212 
232 236 
236 220 
236 208 
236 204 
228 220 
236 212 
228 204 
236 220 
228 228 
236 232 
236 232 
252 216 
240 232 
228 208 
236 212 
240 212 
260 216 
236 212 
240 240 
236 248 
236 216 
232 216 
232 212 
876 236 
232 212 
240 212 
236 216 
236 212 
228 212 
236 212 
236 236 
232 252 
236 228 
228 216 
232 212 
236 216 
244 212 
232 236 
240 244 
236 212 
240 232 
232 220 
232 212 
236 220 
240 240 
236 232 
236 216 
240 240 
232 220 
232 208 
232 216 
236 236 
232 236 
236 212 
240 236 
236 208 
432 204 
320 224 
240 216 
236 212 
236 244 
244 208 
232 220 
236 212 
244 212 
236 240 
568 212 
236 212 
232 212 
228 216 
232 212 
236 212 
232 236 
228 216 
236 212 
752 216 
240 240 
228 212 
240 224 
232 204 
236 216 
236 220 
232 216 
208 216 
240 608 
236 216 
232 212 
236 232 
236 208 
232 220 
600 208 
236 216 
220 208 
236 236 
232 220 
240 212 
232 208 
236 216 
236 236 
236 256 
236 224 
236 208 
232 212 
236 212 
328 208 
240 232 
236 236 
332 684 
232 208 
244 212 
240 224 
236 236 
240 224 
236 228 
236 208 
228 212 
240 220 
236 252 
232 264 
248 212 
236 216 
328 216 
236 256 
236 216 
216 268 
240 316 
232 232 
236 212 
236 208 
236 220 
256 212 
232 212 
236 224 
324 208 
236 212 
228 220 
236 212 
232 212 
236 212 
232 216 
236 212 
232 240 
236 248 
232 212 
236 208 
240 224 
240 216 
232 212 
236 204 
232 208 
236 212 
232 240 
344 216 
232 208 
240 264 
240 220 
236 212 
236 208 
232 208 
236 208 
236 216 
560 216 
236 216 
236 236 
236 232 
232 212 
236 208 
236 208 
232 212 
236 224 
228 404 
240 212 
240 212 
236 236 
292 208 
236 208 
236 208 
232 208 
212 220 
236 560 
236 208 
228 228 
232 248 
236 240 
236 204 
236 212 
236 236 
208 268 
236 216 
240 220 
240 212 
232 216 
232 240 
48 40 
236 220 
232 256 
240 216 
232 260 
232 220 
240 224 
236 208 
236 248 
228 212 
240 216 
236 232 
232 216 
236 232 
236 212 
236 212 
232 216 
240 208 
232 216 
236 212 
236 220 
236 216 
240 216 
236 236 
232 220 
240 216 
228 212 
236 212 
240 208 
232 212 
48 48 
236 212 
232 216 
236 212 
236 220 
236 208 
236 212 
236 264 
224 212 
236 216 
240 232 
232 212 
232 220 
236 212 
232 224 
232 220 
228 212 
236 208 
240 216 
232 244 
228 212 
240 212 
236 216 
228 216 
360 204 
232 224 
228 208 
236 204 
236 212 
232 48 
236 232 
236 236 
236 236 
588 248 
232 236 
668 216 
232 208 
236 216 
240 260 
232 216 
232 212 
348 208 
236 388 
236 256 
232 212 
256 212 
236 212 
236 220 
244 240 
240 212 
216 244 
236 652 
232 208 
236 216 
236 212 
232 248 
236 248 
232 208 
232 220 
212 216 
228 212 
232 236 
264 220 
228 240 
236 220 
240 236 
236 244 
240 212 
236 236 
232 216 
232 216 
232 212 
236 212 
236 236 
268 216 
232 216 
236 208 
240 224 
228 208 
228 216 
236 244 
232 248 
232 208 
240 208 
228 212 
228 212 
240 240 
236 252 
232 216 
240 216 
236 236 
236 256 
288 232 
244 216 
232 216 
232 212 
236 220 
236 212 
236 236 
236 220 
236 220 
232 340 
236 212 
240 212 
232 212 
240 240 
232 208 
236 288 
232 212 
236 232 
232 236 
240 236 
236 216 
240 216 
232 212 
236 208 
232 224 
240 236 
232 212 
352 228 
232 216 
228 208 
232 208 
240 220 
236 236 
236 228 
240 240 
240 212 
596 280 
232 208 
232 240 
236 256 
236 212 
232 212 
236 224 
236 240 
224 216 
236 468 
240 212 
236 232 
232 208 
232 212 
228 208 
236 216 
236 212 
212 236 
236 736 
240 212 
240 208 
232 212 
236 216 
260 212 
236 248 
248 208 
212 208 
240 264 
228 216 
232 212 
232 212 
232 212 
232 208 
236 212 
240 224 
236 232 
236 212 
232 208 
236 216 
212 228 
224 232 
256 220 
208 196 
228 232 
228 208 
212 208 
228 192 
212 208 
228 232 
188 240 
208 188 
228 192 
232 228 
232 208 
228 232 
204 228 
188 212 
228 232 
192 232 
208 232 
232 240 
228 216 
232 236 
236 240 
236 216 
228 212 
228 212 
232 252 
236 220 
232 208 
232 212 
240 224 
232 212 
232 208 
1136 212 
236 220 
236 208 
236 208 
232 216 
232 244 
236 212 
236 216 
228 220 
236 204 
236 212 
232 208 
396 216 
232 228 
236 232 
232 216 
232 208 
236 212 
232 208 
240 212 
232 208 
628 416 
240 212 
232 208 
240 208 
236 212 
232 236 
232 216 
236 216 
212 208 
236 484 
240 208 
232 208 
236 208 
236 992 
232 208 
232 216 
236 216 
216 216 
240 724 
232 208 
236 260 
232 216 
240 212 
236 212 
236 220 
236 216 
208 212 
232 208 
236 212 
236 240 
232 208 
232 220 
240 212 
232 212 
236 232 
236 260 
228 216 
232 212 
232 256 
344 212 
236 232 
228 212 
240 216 
240 212 
232 264 
232 212 
240 212 
256 232 
240 204 
236 208 
236 220 
236 216 
236 220 
228 240 
232 232 
228 208 
236 216 
236 212 
236 212 
236 232 
236 268 
236 212 
232 208 
236 212 
236 228 
236 244 
232 212 
232 248 
228 216 
232 216 
236 212 
236 240 
228 216 
232 212 
244 212 
236 212 
464 208 
224 216 
232 224 
236 212 
232 216 
232 212 
44 44 
236 232 
240 208 
232 220 
420 208 
232 224 
236 212 
236 216 
240 248 
228 212 
228 256 
228 212 
232 216 
660 212 
236 240 
236 924 
236 216 
232 216 
228 212 
232 208 
236 236 
396 208 
224 500 
232 212 
236 232 
236 212 
236 236 
236 212 
236 208 
236 212 
216 236 
240 216 
244 208 
48 44 
236 220 
300 208 
232 216 
236 208 
236 216 
228 232 
232 212 
240 208 
240 228 
236 216 
240 236 
228 212 
232 208 
228 212 
236 208 
192 208 
236 220 
232 220 
228 212 
232 212 
240 220 
232 228 
228 220 
232 212 
240 212 
236 204 
236 48 
228 208 
236 208 
236 220 
232 208 
232 216 
244 208 
236 208 
236 220 
236 208 
232 224 
236 260 
228 260 
232 212 
236 236 
236 232 
240 224 
240 212 
356 216 
236 208 
240 208 
236 224 
236 216 
232 212 
236 212 
236 236 
244 208 
236 216 
232 228 
236 224 
224 240 
228 208 
236 228 
240 208 
232 224 
244 208 
232 220 
228 212 
232 212 
1396 208 
232 220 
240 224 
236 216 
240 240 
232 212 
232 212 
240 216 
236 216 
656 212 
236 236 
240 228 
236 208 
236 212 
232 208 
236 216 
236 216 
208 216 
236 544 
236 212 
236 220 
232 244 
236 216 
236 216 
236 236 
228 212 
216 216 
240 744 
228 272 
236 208 
232 216 
236 260 
232 212 
228 212 
240 268 
216 244 
236 212 
232 212 
232 208 
236 208 
236 208 
236 256 
232 240 
232 208 
228 216 
236 212 
236 216 
232 212 
228 208 
236 272 
252 216 
232 212 
232 212 
232 216 
236 224 
236 240 
228 212 
236 216 
244 232 
232 216 
240 236 
236 264 
228 216 
232 248 
232 212 
236 212 
236 236 
664 220 
232 208 
240 236 
268 212 
240 216 
236 212 
236 236 
236 216 
236 212 
236 216 
236 236 
232 212 
232 212 
240 216 
232 208 
236 208 
236 212 
228 956 
236 212 
204 212 
236 220 
240 220 
236 212 
236 212 
236 236 
228 216 
232 208 
236 220 
468 212 
236 212 
236 212 
232 220 
240 212 
232 208 
240 216 
240 208 
236 236 
676 280 
232 212 
240 216 
236 216 
232 236 
228 224 
232 208 
232 212 
212 212 
236 548 
236 212 
236 212 
236 256 
784 216 
236 212 
232 224 
232 264 
212 236 
228 220 
232 208 
236 212 
232 208 
236 232 
232 208 
240 248 
232 204 
240 208 
232 212 
236 212 
236 236 
228 216 
236 212 
228 220 
232 216 
236 216 
236 236 
236 216 
232 216 
232 212 
232 216 
352 212 
268 208 
236 212 
232 216 
236 212 
236 236 
232 236 
752 216 
236 208 
360 212 
236 212 
232 204 
236 236 
224 216 
244 212 
236 208 
236 224 
236 252 
240 236 
236 208 
232 216 
236 216 
232 216 
232 204 
236 212 
236 216 
236 236 
232 212 
228 240 
252 212 
232 208 
240 216 
228 212 
240 208 
232 224 
232 208 
240 212 
232 208 
232 212 
232 212 
232 208 
240 212 
224 216 
240 220 
236 216 
232 236 
444 208 
232 208 
236 208 
236 212 
232 256 
228 232 
236 212 
228 212 
244 212 
700 212 
240 212 
240 220 
240 224 
236 212 
232 212 
236 240 
236 216 
212 220 
232 564 
232 208 
256 212 
236 220 
236 220 
236 232 
236 212 
232 212 
212 208 
268 208 
104 44 
236 216 
236 244 
236 264 
236 212 
236 212 
236 240 
240 216 
232 244 
232 212 
332 208 
236 216 
236 260 
236 216 
240 248 
236 240 
232 216 
840 208 
248 212 
232 216 
232 212 
236 208 
244 264 
236 208 
228 208 
236 208 
232 216 
236 212 
240 212 
240 220 
236 212 
232 204 
232 212 
88 44 
240 220 
240 212 
240 216 
236 216 
236 240 
252 216 
236 212 
232 216 
232 212 
232 216 
232 212 
236 212 
236 216 
236 236 
236 212 
232 212 
232 212 
236 208 
236 232 
232 212 
240 212 
236 212 
236 224 
232 212 
256 204 
236 208 
236 212 
228 212 
252 212 
240 236 
236 216 
232 44 
232 208 
512 216 
244 236 
232 212 
236 216 
228 212 
236 208 
240 216 
236 244 
236 240 
740 204 
232 212 
236 208 
240 212 
232 208 
236 212 
232 212 
260 212 
212 212 
304 512 
228 216 
232 212 
236 208 
228 212 
272 212 
244 236 
232 208 
216 216 
236 236 
236 264 
236 208 
236 208 
236 204 
232 268 
240 224 
380 264 
232 212 
232 212 
236 216 
236 224 
232 220 
232 264 
240 220 
232 260 
236 268 
252 216 
252 212 
232 212 
240 232 
232 268 
232 220 
236 216 
232 216 
232 216 
240 240 
232 228 
268 212 
236 208 
236 236 
232 236 
232 212 
232 208 
232 212 
236 216 
236 212 
232 212 
236 208 
236 224 
272 216 
236 228 
232 236 
232 208 
240 208 
240 236 
228 212 
236 212 
232 216 
236 212 
236 208 
252 212 
236 208 
236 216 
236 212 
232 212 
236 236 
232 264 
236 208 
268 244 
236 260 
228 208 
232 204 
236 220 
232 244 
272 260 
236 212 
236 212 
496 212 
244 208 
240 236 
232 212 
236 212 
236 212 
472 208 
232 216 
232 212 
228 360 
240 216 
240 220 
228 208 
232 208 
236 216 
236 256 
236 216 
212 208 
236 596 
228 216 
232 208 
228 212 
236 236 
780 220 
288 212 
236 268 
208 232 
232 212 
232 236 
240 212 
252 240 
228 212 
236 212 
236 236 
232 256 
236 212 
232 212 
236 236 
236 212 
236 212 
236 232 
236 260 
240 212 
236 236 
240 236 
232 212 
232 216 
236 212 
232 244 
228 216 
228 212 
232 216 
236 208 
236 212 
236 220 
228 212 
232 208 
232 204 
232 212 
240 212 
236 208 
236 212 
236 268 
248 212 
236 212 
236 240 
232 240 
236 212 
232 208 
240 236 
236 240 
228 208 
232 216 
232 224 
240 212 
236 264 
236 216 
236 212 
232 208 
232 228 
232 216 
236 212 
232 240 
456 216 
236 212 
236 268 
260 216 
236 216 
236 232 
232 212 
316 212 
236 208 
228 212 
228 232 
236 248 
620 220 
236 236 
232 244 
232 212 
232 216 
240 212 
232 232 
232 236 
240 212 
752 212 
236 212 
236 216 
232 208 
236 228 
236 208 
240 216 
232 240 
208 216 
228 628 
240 208 
228 208 
244 236 
260 220 
236 220 
232 224 
232 240 
208 212 
236 208 
236 208 
236 216 
236 212 
236 272 
240 208 
236 216 
236 224 
336 252 
228 216 
240 220 
236 252 
232 216 
236 212 
232 240 
236 232 
252 212 
232 216 
232 208 
228 208 
236 212 
232 212 
232 212 
232 208 
232 208 
236 208 
232 208 
232 248 
236 212 
236 208 
232 204 
44 48 
236 212 
228 212 
252 216 
236 264 
224 236 
232 212 
228 212 
232 212 
236 216 
240 268 
240 240 
232 216 
232 228 
232 212 
232 236 
240 208 
232 228 
232 236 
44 44 
236 236 
368 264 
240 228 
232 244 
236 208 
240 236 
232 216 
232 204 
324 236 
236 208 
232 232 
236 236 
236 256 
236 212 
236 208 
236 240 
232 212 
568 204 
232 216 
236 236 
232 236 
292 228 
232 212 
232 216 
232 212 
236 212 
228 48 
228 212 
236 212 
236 236 
236 236 
236 220 
240 212 
236 216 
216 216 
236 608 
232 236 
236 208 
236 212 
240 212 
236 216 
256 212 
232 216 
216 208 
236 208 
232 216 
236 228 
240 216 
324 216 
232 236 
236 212 
236 352 
232 212 
240 216 
236 236 
240 212 
240 228 
228 208 
236 212 
236 212 
244 240 
236 212 
236 212 
232 244 
232 216 
244 240 
236 216 
236 216 
236 240 
236 232 
236 212 
248 212 
232 208 
240 212 
236 208 
236 224 
232 208 
236 212 
232 216 
232 212 
232 216 
300 208 
236 236 
236 244 
228 224 
880 224 
236 204 
232 212 
232 212 
252 208 
232 204 
236 216 
236 212 
300 212 
236 236 
236 236 
236 236 
232 236 
240 208 
236 216 
232 272 
232 220 
232 208 
340 260 
232 256 
232 208 
232 216 
236 264 
236 216 
236 216 
244 208 
236 260 
588 212 
232 212 
232 212 
236 240 
228 208 
236 204 
236 220 
232 228 
232 208 
232 440 
240 224 
236 212 
232 208 
232 216 
236 216 
236 232 
244 232 
212 212 
236 664 
236 212 
236 236 
232 212 
232 208 
236 216 
236 216 
236 216 
212 236 
260 216 
232 212 
236 212 
228 216 
232 260 
236 204 
228 212 
232 208 
232 236 
240 216 
228 212 
232 212 
240 216 
232 232 
236 208 
232 212 
240 244 
248 208 
232 208 
232 216 
232 216 
240 216 
232 208 
236 220 
228 232 
236 212 
232 208 
236 208 
236 232 
1120 220 
236 236 
232 212 
236 240 
232 216 
232 236 
240 208 
228 220 
232 224 
232 212 
232 208 
232 212 
236 260 
228 236 
236 216 
232 212 
232 208 
232 208 
236 224 
236 236 
236 216 
240 236 
240 216 
228 204 
232 208 
232 208 
240 212 
236 240 
232 232 
244 212 
348 212 
236 208 
236 248 
232 212 
260 236 
236 220 
228 212 
272 216 
232 212 
620 212 
232 212 
232 208 
240 212 
236 240 
236 236 
232 232 
268 220 
308 212 
232 456 
236 236 
244 224 
232 208 
236 212 
232 236 
236 252 
232 212 
216 212 
240 688 
236 216 
232 208 
232 212 
236 208 
236 208 
228 332 
228 220 
212 240 
228 232 
236 236 
232 216 
228 212 
232 212 
236 216 
240 240 
232 244 
368 216 
232 204 
236 208 
236 208 
236 220 
232 236 
240 212 
232 208 
232 240 
236 232 
228 208 
236 220 
240 216 
236 240 
236 216 
228 212 
236 208 
232 212 
236 220 
240 224 
232 224 
232 216 
236 228 
236 216 
236 212 
228 216 
232 212 
240 208 
240 212 
232 220 
236 212 
228 212 
352 220 
232 212 
228 216 
232 256 
236 224 
232 212 
260 216 
236 208 
236 236 
228 208 
236 212 
232 212 
232 224 
236 208 
236 204 
228 208 
236 212 
232 216 
236 236 
368 232 
48 44 
228 220 
240 228 
236 216 
252 208 
228 212 
232 228 
236 208 
516 212 
232 216 
240 296 
236 220 
232 224 
232 212 
236 216 
300 216 
208 216 
232 428 
236 260 
232 216 
232 228 
228 216 
240 216 
236 252 
232 208 
212 212 
236 692 
232 236 
236 240 
228 220 
236 212 
44 48 
232 216 
244 220 
212 216 
236 216 
236 212 
236 212 
236 236 
236 240 
260 216 
240 224 
228 212 
236 220 
236 208 
236 212 
232 216 
232 232 
236 212 
236 212 
224 216 
236 212 
228 212 
228 208 
244 208 
232 240 
236 220 
232 244 
236 216 
228 44 
228 216 
236 216 
240 252 
232 216 
236 212 
232 208 
232 208 
236 212 
232 216 
236 212 
236 220 
236 212 
236 212 
236 216 
240 236 
236 248 
236 236 
240 244 
228 220 
236 204 
232 212 
236 216 
236 244 
236 216 
244 276 
232 212 
232 208 
236 216 
236 208 
236 240 
260 208 
232 212 
236 268 
236 212 
392 212 
240 216 
240 260 
236 244 
232 208 
228 220 
232 216 
232 232 
240 236 
640 216 
236 220 
228 216 
232 208 
232 236 
232 264 
236 252 
232 216 
212 208 
236 432 
236 212 
236 304 
324 228 
236 216 
236 208 
236 220 
236 236 
212 212 
240 692 
236 212 
228 208 
232 212 
232 220 
240 220 
232 216 
236 240 
216 252 
232 212 
228 256 
228 212 
228 216 
236 208 
236 264 
456 212 
236 216 
232 224 
228 232 
228 212 
232 208 
232 212 
240 208 
236 208 
232 252 
236 256 
236 272 
324 216 
232 216 
532 260 
236 212 
232 224 
240 216 
232 212 
236 212 
244 236 
240 208 
232 212 
236 236 
232 240 
228 216 
228 236 
240 220 
228 212 
232 208 
236 236 
228 212 
232 208 
232 212 
232 212 
364 224 
236 212 
236 236 
232 260 
244 216 
232 240 
236 216 
232 212 
236 220 
220 228 
228 240 
232 212 
236 216 
236 208 
236 216 
236 232 
236 216 
236 212 
416 220 
232 212 
240 224 
244 244 
232 216 
232 208 
244 208 
236 220 
236 208 
656 212 
232 216 
236 208 
236 212 
236 208 
236 224 
232 268 
228 212 
208 212 
228 516 
236 264 
236 232 
228 212 
232 216 
232 220 
236 212 
236 216 
208 204 
236 752 
212 212 
240 216 
232 208 
228 216 
232 240 
228 212 
232 208 
212 216 
240 212 
236 216 
232 260 
240 208 
228 208 
236 216 
232 216 
236 236 
232 212 
516 208 
232 260 
240 252 
236 220 
236 212 
240 212 
324 216 
232 212 
232 212 
228 216 
232 208 
232 208 
236 208 
232 208 
236 208 
236 224 
236 204 
232 248 
236 236 
244 216 
232 248 
232 212 
236 212 
236 220 
240 252 
228 220 
236 228 
236 208 
232 216 
236 220 
236 208 
236 216 
232 212 
236 216 
240 220 
240 260 
236 212 
228 208 
236 204 
236 212 
236 208 
220 220 
240 212 
236 236 
236 248 
232 212 
232 224 
232 216 
236 208 
236 204 
424 216 
236 216 
236 232 
236 232 
232 268 
232 212 
232 232 
236 216 
232 212 
664 212 
240 240 
0 0 
232 208 
236 204 
48 44 
232 212 
44 44 
232 192 
236 504 
236 252 
232 212 
232 216 
236 208 
232 208 
232 216 
236 212 
212 232 
240 44 
232 216 
236 216 
236 220 
228 212 
236 212 
1260 216 
236 212 
216 212 
236 212 
236 240 
232 220 
236 248 
236 212 
232 212 
232 216 
236 224 
236 236 
236 212 
232 216 
236 256 
232 212 
228 212 
236 216 
236 232 
232 224 
232 208 
236 208 
236 216 
240 240 
240 236 
236 216 
232 244 
232 212 
232 212 
236 236 
236 220 
236 212 
236 220 
232 212 
236 980 
240 216 
232 236 
228 212 
232 212 
240 212 
236 224 
232 212 
236 212 
244 232 
236 232 
268 228 
228 216 
236 256 
236 208 
340 212 
324 204 
240 232 
228 212 
196 220 
232 208 
236 224 
240 256 
236 260 
232 208 
228 216 
236 208 
236 216 
452 208 
224 224 
0 0 
0 0 
240 236 
240 232 
232 212 
232 208 
232 208 
704 212 
240 216 
232 236 
236 212 
344 216 
232 212 
236 216 
232 232 
212 208 
236 524 
232 232 
240 240 
232 208 
244 212 
232 212 
236 228 
236 220 
212 212 
232 212 
232 212 
236 208 
236 236 
228 216 
236 204 
236 240 
236 244 
232 220 
232 204 
248 204 
236 228 
236 212 
236 208 
236 216 
236 236 
232 208 
236 212 
236 240 
232 252 
232 208 
232 208 
228 212 
232 212 
236 212 
232 256 
236 272 
244 248 
228 212 
228 904 
236 240 
232 212 
232 212 
232 208 
228 208 
232 216 
236 240 
232 212 
228 228 
232 212 
244 236 
236 228 
240 208 
232 212 
236 212 
240 216 
232 232 
236 232 
228 212 
232 212 
228 216 
232 208 
236 216 
244 216 
232 244 
228 216 
232 208 
236 216 
232 208 
240 212 
240 236 
240 280 
232 288 
236 212 
236 212 
232 240 
228 212 
316 216 
444 232 
236 212 
240 236 
240 228 
228 232 
232 208 
232 212 
228 228 
236 212 
704 224 
232 256 
268 224 
236 212 
236 216 
236 236 
244 208 
232 216 
208 212 
228 572 
232 212 
232 204 
232 216 
232 212 
236 260 
232 216 
232 208 
216 212 
236 212 
228 212 
236 216 
240 212 
248 212 
236 220 
240 212 
236 212 
240 212 
232 216 
232 236 
232 212 
232 212 
232 208 
236 264 
236 292 
236 236 
232 240 
228 1244 
236 240 
284 212 
232 204 
236 204 
236 216 
236 236 
236 244 
240 236 
236 216 
232 216 
236 236 
232 208 
240 236 
232 224 
236 208 
232 208 
240 236 
228 216 
236 216 
232 236 
232 212 
232 212 
236 212 
240 264 
464 212 
232 232 
232 212 
236 236 
232 212 
236 212 
228 228 
228 208 
232 208 
236 264 
232 236 
232 216 
232 212 
232 216 
48 52 
236 240 
252 216 
236 204 
236 212 
236 216 
236 252 
228 208 
236 208 
236 212 
236 208 
480 220 
268 212 
236 268 
232 212 
240 216 
232 208 
236 208 
240 208 
236 212 
684 216 
232 212 
236 212 
244 240 
236 216 
236 212 
236 232 
236 240 
1320 216 
232 580 
40 44 
232 220 
236 216 
236 212 
236 252 
236 216 
228 208 
208 208 
240 216 
232 216 
236 212 
236 232 
240 204 
236 236 
236 228 
284 1044 
236 216 
236 232 
228 212 
232 212 
236 212 
232 216 
236 220 
228 212 
232 212 
232 212 
232 212 
228 208 
236 208 
232 44 
236 212 
232 216 
232 212 
236 216 
240 208 
236 216 
236 208 
236 256 
236 236 
232 208 
236 272 
228 208 
232 212 
236 216 
236 220 
236 216 
236 208 
232 204 
1000 228 
232 272 
240 212 
232 216 
236 212 
232 208 
236 236 
240 236 
236 236 
236 208 
236 204 
232 208 
240 228 
236 236 
236 236 
232 212 
236 216 
236 212 
240 252 
264 212 
240 220 
236 216 
236 208 
232 208 
228 216 
232 236 
232 248 
232 212 
512 212 
236 224 
236 220 
236 228 
236 236 
232 240 
768 232 
232 236 
232 208 
228 368 
236 204 
236 216 
236 216 
236 228 
236 232 
236 204 
232 212 
212 216 
236 552 
232 204 
240 216 
232 212 
236 268 
236 216 
236 224 
236 220 
212 244 
252 212 
232 212 
236 216 
236 212 
236 256 
236 212 
236 212 
236 216 
236 244 
236 220 
232 208 
236 208 
236 228 
240 224 
236 240 
228 212 
228 212 
236 208 
232 220 
240 212 
236 268 
240 212 
224 208 
232 236 
228 204 
240 208 
232 208 
240 264 
232 260 
228 220 
236 224 
236 244 
228 212 
236 212 
236 216 
236 236 
232 240 
232 208 
236 212 
236 224 
236 208 
228 216 
232 216 
240 256 
240 208 
232 212 
236 240 
236 212 
240 220 
236 208 
236 204 
232 212 
236 216 
232 208 
236 208 
232 208 
236 208 
232 220 
228 212 
292 208 
232 208 
236 216 
232 212 
652 232 
228 212 
236 216 
236 212 
236 220 
492 216 
232 248 
232 216 
232 208 
236 344 
236 204 
232 216 
240 204 
236 212 
236 396 
232 216 
228 224 
232 208 
228 212 
236 212 
232 216 
236 208 
236 228 
236 608 
232 240 
236 212 
240 208 
232 228 
228 212 
236 236 
240 212 
212 208 
236 208 
240 236 
236 232 
228 216 
232 212 
232 216 
232 236 
232 216 
232 212 
232 256 
232 232 
236 212 
236 212 
236 208 
228 212 
236 216 
232 212 
228 208 
232 208 
232 216 
232 212 
244 220 
232 216 
236 216 
240 208 
228 212 
236 232 
232 216 
228 212 
232 256 
228 216 
232 216 
236 236 
240 240 
228 216 
236 208 
240 216 
236 220 
236 256 
228 212 
236 212 
236 204 
232 216 
232 216 
228 208 
236 236 
236 208 
236 208 
236 212 
236 240 
228 216 
292 208 
1108 216 
232 212 
236 212 
240 212 
232 212 
236 244 
232 220 
284 212 
232 228 
232 212 
236 212 
236 224 
236 216 
244 208 
236 204 
228 216 
536 260 
236 212 
236 268 
236 260 
232 212 
236 212 
236 224 
236 216 
236 232 
712 212 
236 236 
240 256 
228 208 
224 208 
232 216 
236 216 
232 236 
356 208 
232 620 
44 48 
224 216 
240 220 
232 208 
236 236 
240 212 
232 212 
212 216 
236 216 
232 208 
232 208 
236 212 
236 216 
236 244 
232 220 
236 224 
236 212 
232 228 
268 208 
236 212 
240 248 
240 208 
236 236 
236 208 
232 212 
232 208 
236 216 
240 260 
44 48 
236 236 
232 212 
236 208 
488 212 
236 212 
236 236 
232 236 
236 212 
232 220 
232 216 
236 328 
240 216 
236 236 
236 232 
240 216 
228 216 
236 228 
236 216 
240 220 
244 236 
940 208 
236 212 
232 216 
236 216 
236 236 
236 244 
236 44 
232 212 
232 208 
232 216 
236 212 
232 212 
236 216 
244 232 
228 212 
236 224 
236 236 
356 208 
344 236 
232 204 
236 212 
240 220 
236 236 
228 216 
240 216 
236 232 
236 228 
556 204 
232 208 
236 220 
232 260 
248 212 
232 216 
228 208 
240 244 
228 216 
236 492 
248 236 
240 240 
232 264 
236 212 
228 208 
236 212 
236 216 
220 236 
228 644 
228 212 
236 208 
236 216 
232 236 
236 264 
232 216 
236 216 
212 216 
236 212 
236 208 
236 204 
232 216 
260 208 
232 212 
236 212 
240 232 
232 216 
228 208 
232 212 
240 216 
236 236 
208 220 
236 236 
236 252 
228 216 
240 248 
232 216 
232 212 
236 220 
228 216 
232 208 
236 212 
228 208 
228 212 
232 208 
232 216 
236 212 
228 216 
236 228 
240 212 
236 216 
240 208 
232 208 
232 212 
236 212 
236 232 
264 208 
228 220 
240 212 
228 228 
236 232 
236 212 
236 216 
236 212 
236 216 
232 212 
236 208 
236 212 
232 208 
236 216 
232 272 
236 208 
232 212 
232 208 
228 208 
232 236 
240 212 
356 300 
236 212 
236 236 
236 208 
232 220 
236 236 
252 216 
236 204 
232 208 
600 212 
232 252 
236 212 
224 216 
232 216 
236 208 
232 212 
232 220 
212 228 
736 216 
240 248 
236 208 
236 236 
232 240 
232 236 
228 216 
228 216 
208 212 
236 648 
244 264 
236 212 
232 212 
232 216 
236 216 
228 204 
232 208 
216 224 
244 216 
236 216 
640 208 
232 212 
232 208 
240 232 
244 216 
228 216 
232 208 
240 212 
240 212 
236 208 
248 208 
232 208 
232 228 
236 208 
228 216 
236 204 
232 212 
232 204 
232 212 
240 208 
236 208 
252 212 
236 244 
232 212 
228 216 
232 216 
236 208 
236 236 
236 224 
236 216 
232 216 
236 216 
232 216 
240 212 
240 216 
244 240 
236 232 
240 248 
232 224 
232 208 
232 220 
240 216 
232 208 
236 256 
236 228 
236 236 
236 208 
236 224 
228 216 
236 212 
232 208 
236 212 
236 228 
228 216 
236 216 
236 236 
284 212 
364 220 
232 208 
236 208 
236 208 
240 220 
236 244 
232 204 
236 232 
232 212 
612 220 
232 212 
236 220 
232 216 
228 212 
232 212 
236 216 
236 216 
212 212 
236 452 
232 208 
240 204 
228 212 
236 216 
236 236 
268 212 
232 236 
208 212 
488 212 
240 208 
240 216 
232 216 
236 212 
236 212 
236 212 
236 204 
216 212 
236 212 
236 216 
236 236 
228 208 
232 212 
236 216 
232 212 
236 208 
236 296 
236 236 
256 216 
236 216 
236 240 
236 244 
232 212 
240 236 
240 236 
236 236 
232 216 
232 236 
232 208 
228 240 
240 208 
240 220 
236 220 
236 216 
232 204 
232 208 
236 220 
236 216 
240 224 
244 216 
232 212 
232 212 
44 48 
232 216 
236 216 
232 216 
232 212 
232 208 
236 248 
236 208 
228 212 
236 212 
236 220 
240 212 
236 208 
240 236 
232 208 
236 212 
236 208 
228 212 
244 208 
232 208 
228 208 
236 208 
228 216 
240 208 
232 236 
352 212 
232 228 
236 216 
236 236 
232 216 
236 204 
268 212 
236 216 
228 204 
608 220 
40 48 
236 216 
240 212 
232 224 
236 220 
1132 232 
244 260 
216 248 
228 464 
232 220 
232 216 
236 236 
240 212 
236 212 
232 220 
240 224 
216 240 
236 724 
232 212 
236 220 
232 212 
236 212 
232 220 
232 212 
228 216 
212 208 
240 236 
236 228 
228 212 
232 44 
228 212 
232 216 
236 236 
236 228 
228 212 
232 212 
232 212 
236 212 
232 220 
236 896 
236 216 
240 212 
236 212 
236 236 
228 216 
284 224 
236 208 
236 236 
240 300 
236 232 
232 208 
240 220 
236 216 
228 216 
232 216 
236 208 
236 256 
232 212 
228 228 
232 208 
240 264 
236 236 
232 212 
240 212 
236 220 
240 236 
252 216 
236 220 
228 212 
228 216 
232 208 
236 256 
236 216 
228 212 
232 208 
232 208 
212 224 
236 212 
232 208 
236 216 
240 216 
236 224 
236 212 
236 220 
236 236 
400 216 
232 208 
236 232 
240 216 
232 212 
240 236 
236 252 
232 216 
236 244 
640 212 
236 216 
236 208 
232 212 
236 212 
228 212 
232 212 
236 212 
212 212 
232 500 
236 216 
236 212 
236 224 
232 208 
236 236 
232 216 
232 212 
212 208 
232 684 
232 212 
236 212 
288 216 
232 212 
232 220 
228 212 
232 212 
212 236 
236 216 
232 212 
1108 208 
236 216 
236 216 
232 252 
240 208 
236 212 
232 236 
236 232 
232 228 
236 216 
232 244 
240 216 
236 232 
232 204 
232 212 
236 216 
240 248 
236 224 
236 212 
236 220 
228 208 
236 208 
236 216 
236 212 
240 216 
240 216 
236 208 
228 212 
236 256 
232 276 
232 236 
244 208 
236 212 
236 240 
232 212 
236 216 
236 232 
232 216 
236 260 
236 236 
232 212 
236 216 
232 252 
232 216 
228 212 
228 216 
228 212 
232 208 
216 212 
236 212 
228 216 
236 224 
228 212 
232 216 
236 208 
236 232 
228 212 
432 244 
236 208 
236 212 
236 212 
236 232 
232 228 
236 216 
232 252 
364 220 
676 236 
232 208 
232 232 
236 212 
236 208 
240 208 
236 220 
236 212 
216 216 
236 504 
236 236 
264 212 
236 220 
340 212 
232 208 
236 204 
236 212 
208 212 
228 992 
236 220 
248 212 
228 208 
232 212 
232 224 
232 240 
240 220 
244 268 
236 208 
232 224 
228 216 
236 252 
236 212 
232 236 
232 212 
236 208 
232 220 
232 204 
236 216 
236 212 
236 212 
240 232 
232 212 
236 244 
228 216 
232 208 
236 212 
240 240 
232 216 
236 216 
236 220 
236 212 
236 236 
228 216 
232 208 
236 212 
232 212 
236 204 
232 208 
236 268 
260 212 
228 212 
232 220 
232 212 
236 316 
232 216 
228 236 
240 240 
236 216 
232 240 
236 208 
232 212 
232 208 
236 216 
240 260 
232 212 
228 216 
240 204 
196 284 
236 208 
236 216 
232 220 
236 232 
236 212 
232 212 
236 208 
868 268 
456 212 
232 220 
232 216 
236 208 
232 232 
244 240 
232 212 
236 212 
236 232 
692 256 
236 220 
236 236 
236 212 
236 260 
236 208 
236 256 
244 984 
232 208 
236 528 
232 240 
236 212 
236 208 
244 204 
228 212 
236 208 
240 264 
216 264 
236 208 
232 212 
236 212 
236 216 
232 212 
260 48 
248 208 
232 208 
244 216 
232 208 
240 216 
236 216 
236 268 
236 256 
248 244 
264 212 
236 244 
232 220 
236 236 
232 224 
232 216 
232 208 
740 212 
232 208 
232 208 
236 220 
232 212 
232 212 
232 208 
236 256 
228 220 
236 216 
44 48 
232 208 
232 216 
228 212 
264 216 
236 212 
236 236 
232 208 
236 236 
236 236 
232 212 
232 212 
240 240 
232 212 
232 216 
232 216 
236 216 
236 212 
232 216 
236 240 
232 204 
252 212 
232 216 
236 212 
540 236 
240 240 
236 212 
240 212 
232 260 
232 232 
240 212 
240 52 
236 208 
232 208 
232 208 
236 228 
452 240 
232 212 
240 236 
232 220 
236 224 
244 208 
228 224 
232 212 
236 212 
696 240 
232 216 
228 216 
236 216 
236 264 
228 216 
236 212 
240 212 
212 240 
232 568 
232 212 
232 208 
236 264 
236 240 
232 204 
232 216 
236 208 
208 256 
236 212 
232 252 
232 212 
236 208 
232 208 
232 216 
240 208 
232 216 
240 244 
236 220 
344 224 
228 220 
232 208 
232 216 
236 220 
236 268 
228 212 
236 216 
348 208 
236 212 
232 212 
236 204 
232 220 
400 212 
232 216 
236 212 
236 264 
228 220 
236 212 
232 208 
236 212 
236 220 
236 224 
232 216 
236 216 
232 204 
232 204 
240 224 
236 220 
228 216 
232 216 
228 216 
236 212 
236 208 
236 212 
524 208 
244 204 
232 216 
232 208 
232 212 
232 212 
240 212 
232 212 
236 212 
236 236 
236 240 
236 236 
232 236 
232 212 
248 220 
236 236 
240 208 
232 224 
236 208 
236 240 
236 240 
228 212 
232 212 
504 236 
232 212 
260 216 
240 216 
232 216 
236 208 
236 208 
236 236 
236 240 
736 216 
232 212 
236 212 
232 216 
236 232 
236 216 
240 208 
232 208 
208 212 
232 520 
232 264 
232 236 
236 212 
252 220 
240 212 
232 252 
228 220 
216 212 
236 212 
236 248 
236 224 
240 216 
232 212 
232 232 
240 212 
236 236 
264 212 
228 228 
232 216 
236 216 
232 216 
228 212 
232 224 
236 212 
236 212 
236 208 
232 248 
228 216 
240 232 
236 216 
232 216 
236 216 
236 208 
232 216 
228 216 
232 212 
236 220 
236 208 
236 216 
236 236 
232 216 
236 204 
812 240 
236 208 
236 264 
296 212 
240 240 
268 252 
236 220 
232 212 
236 212 
228 208 
232 212 
236 260 
236 212 
232 232 
236 228 
228 212 
236 220 
240 212 
236 208 
240 216 
232 208 
232 232 
224 212 
236 212 
236 216 
244 212 
232 216 
236 216 
236 252 
236 264 
236 212 
228 208 
240 216 
228 216 
500 212 
236 236 
232 204 
240 212 
232 212 
232 212 
236 208 
236 236 
236 228 
232 364 
236 208 
240 216 
240 208 
232 208 
236 208 
312 208 
236 208 
208 212 
232 584 
236 216 
300 212 
240 204 
232 212 
236 240 
244 248 
232 240 
216 212 
236 208 
236 220 
236 212 
236 216 
236 228 
236 212 
192 232 
228 212 
236 208 
232 212 
236 208 
236 212 
240 208 
236 240 
232 216 
236 232 
236 236 
236 232 
236 244 
228 212 
240 248 
228 212 
236 220 
644 220 
236 220 
236 216 
236 252 
240 212 
232 212 
232 212 
232 236 
232 236 
44 48 
228 204 
232 208 
232 236 
236 236 
240 216 
236 232 
248 212 
236 264 
232 216 
236 216 
240 216 
236 208 
244 240 
252 212 
232 260 
232 208 
232 212 
240 212 
240 240 
228 216 
236 208 
240 220 
232 208 
240 208 
240 208 
236 216 
296 212 
268 212 
236 208 
236 216 
232 212 
240 236 
228 180 
56 204 
232 216 
544 212 
232 224 
232 212 
232 212 
232 208 
232 244 
236 208 
240 208 
240 224 
752 208 
240 212 
236 236 
236 236 
236 264 
236 244 
236 268 
232 216 
452 208 
232 596 
236 236 
236 224 
232 248 
352 208 
240 212 
232 216 
232 216 
212 220 
236 48 
232 216 
232 204 
232 224 
232 216 
228 212 
232 256 
228 220 
236 228 
236 248 
232 216 
248 216 
232 220 
236 264 
232 252 
228 216 
228 212 
232 208 
236 232 
236 216 
228 212 
236 224 
240 236 
236 208 
232 216 
232 216 
232 208 
236 212 
232 208 
236 208 
232 212 
232 216 
228 220 
232 212 
236 208 
232 212 
232 256 
232 208 
236 208 
236 212 
232 236 
236 216 
232 212 
232 216 
232 212 
236 212 
236 208 
232 212 
232 260 
232 236 
240 220 
228 220 
236 216 
232 212 
232 212 
236 236 
296 256 
232 244 
236 236 
284 228 
240 216 
232 220 
232 208 
228 208 
236 240 
236 264 
232 216 
240 220 
560 208 
240 224 
236 220 
232 212 
244 232 
268 212 
232 232 
324 212 
232 216 
236 376 
236 268 
484 208 
236 232 
236 256 
232 244 
232 216 
240 208 
212 212 
232 504 
232 216 
240 252 
232 252 
228 212 
236 212 
236 212 
232 212 
288 228 
232 212 
236 244 
232 208 
236 212 
236 240 
240 236 
232 228 
228 240 
228 212 
236 224 
244 216 
236 236 
228 220 
240 212 
240 208 
240 232 
228 212 
236 256 
236 208 
232 220 
236 236 
232 212 
232 220 
232 208 
236 224 
240 212 
236 208 
236 220 
236 208 
236 212 
240 232 
236 256 
284 212 
228 216 
236 1120 
232 208 
236 224 
244 212 
228 220 
236 216 
236 208 
236 220 
236 264 
240 212 
240 228 
236 208 
236 240 
236 216 
236 212 
244 216 
232 212 
236 212 
228 204 
232 212 
236 240 
240 208 
236 212 
232 212 
236 216 
316 204 
236 240 
232 208 
236 212 
236 216 
236 212 
264 216 
228 216 
236 240 
192 244 
240 208 
236 212 
240 236 
228 280 
236 212 
236 236 
228 216 
244 240 
240 420 
336 216 
232 208 
236 240 
236 228 
232 216 
240 216 
236 264 
212 208 
240 580 
240 216 
240 212 
240 216 
228 208 
240 216 
236 208 
232 220 
212 208 
236 264 
240 220 
236 212 
232 260 
236 244 
236 204 
224 212 
236 216 
232 216 
236 236 
236 236 
236 236 
236 212 
232 212 
236 216 
232 220 
228 212 
232 212 
228 208 
236 216 
232 208 
232 212 
240 208 
240 1284 
232 208 
228 212 
324 212 
232 256 
232 204 
320 212 
232 204 
236 208 
232 212 
240 240 
232 244 
236 328 
232 216 
232 208 
236 212 
236 236 
352 212 
236 224 
232 212 
240 208 
240 256 
236 236 
244 216 
228 212 
232 204 
256 216 
144 44 
236 212 
236 216 
236 216 
232 264 
232 212 
1044 216 
232 240 
228 244 
356 212 
236 216 
236 208 
232 212 
232 212 
228 208 
232 244 
236 212 
236 240 
584 236 
232 212 
232 236 
236 248 
232 212 
232 216 
232 212 
232 236 
236 316 
240 428 
232 240 
48 48 
236 208 
236 212 
228 212 
236 236 
240 236 
212 236 
228 668 
232 204 
232 208 
232 252 
1144 240 
236 244 
240 220 
232 208 
212 220 
236 216 
232 212 
236 212 
236 212 
228 212 
236 212 
240 216 
232 220 
232 212 
240 208 
240 212 
236 216 
236 48 
240 208 
236 236 
236 208 
236 212 
236 216 
236 236 
236 232 
280 212 
184 256 
0 0 
0 0 
0 0 
0 0 
0 0 
0 0 
0 0 
0 0 
0 0 
0 0 
0 0 
0 0 
0 0 
0 0 
0 0 
0 0 
0 0 
0 0 
0 0 
0 0 
0 0 
0 0 
0 0 
0 0 
0 0 
0 0 
0 0 
0 0 
0 0 
0 0 
0 0 
0 0 
0 0 
0 0 
0 0 
0 0 
0 0 
0 0 
0 0 
0 0 
0 0 
0 0 
0 0 
0 0 
0 0 
0 0 
0 0 
0 0 
0 0 
0 0 
0 0 
0 0 
0 0 
0 0 
0 0 
0 0 
0 0 
0 0 
0 0 
0 0 
0 0 
0 0 
0 0 
0 0 
0 0 
0 0 
0 0 
0 0 
0 0 
0 0 
0 0 
0 0 
0 0 
0 0 
0 0 
0 0 
0 0 
0 0 
0 0 
0 0 
0 0 
0 0 
0 0 
0 0 
0 0 
0 0 
0 0 
0 0 
0 0 
0 0 
0 0 
0 0 
0 0 
0 0 
0 0 
0 0 
0 0 
0 0 
0 0 
0 0 
0 0 
0 0 
0 0 
0 0 
0 0 
0 0 
0 0 
0 0 
0 0 
0 0 
0 0 
0 0 
0 0 
0 0 
0 0 
0 0 
0 0 
0 0 
0 0 
0 0 
0 0 
0 0 
0 0 
0 0 
0 0 
0 0 
0 0 
0 0 
0 0 
0 0 
0 0 
0 0 
0 0 
0 0 
0 0 
0 0 
0 0 
0 0 
0 0 
0 0 
0 0 
0 0 
0 0 
0 0 
0 0 
0 0 
0 0 
0 0 
0 0 
0 0 
0 0 
0 0 
0 0 
0 0 
0 0 
0 0 
0 0 
0 0 
0 0 
0 0 
0 0 
0 0 
0 0 
0 0 
0 0 
0 0 
0 0 
0 0 
0 0 
0 0 
0 0 
0 0 
0 0 
0 0 
0 0 
0 0 
0 0 
0 0 
0 0 
0 0 
0 0 
0 0 
0 0 
0 0 
0 0 
0 0 
0 0 
0 0 
0 0 
0 0 
0 0 
0 0 
0 0 
0 0 
0 0 
0 0 
0 0 
0 0 
0 0 
0 0 
0 0 
0 0 
0 0 
0 0 
0 0 
0 0 
0 0 
0 0 
0 0 
0 0 
0 0 
0 0 
0 0 
0 0 
0 0 
0 0 
0 0 
0 0 
0 0 
0 0 
0 0 
0 0 
0 0 
0 0 
0 0 
0 0 
0 0 
0 0 
0 0 
0 0 
0 0 
0 0 
0 0 
0 0 
0 0 
0 0 
0 0 
0 0 
0 0 
0 0 
0 0 
0 0 
0 0 
0 0 
0 0 
0 0 
0 0 
0 0 
0 0 
0 0 
0 0 
0 0 
0 0 
0 0 
0 0 
0 0 
0 0 
0 0 
0 0 
0 0 
0 0 
0 0 
0 0 
0 0 
0 0 
0 0 
0 0 
0 0 
0 0 
0 0 
0 0 
0 0 
0 0 
0 0 
0 0 
0 0 
0 0 
0 0 
0 0 
0 0 
0 0 
0 0 
0 0 
0 0 
0 0 
0 0 
0 0 
0 0 
0 0 
0 0 
0 0 
0 0 
0 0 
0 0 
0 0 
0 0 
0 0 
0 0 
0 0 
0 0 
0 0 
0 0 
0 0 
0 0 
232 260 
244 208 
368 240 
236 208 
236 220 
232 216 
236 212 
240 216 
236 228 
224 224 
232 212 
236 212 
228 244 
232 208 
236 220 
232 216 
232 232 
240 212 
440 212 
232 208 
236 228 
244 208 
228 216 
236 236 
236 216 
240 212 
240 232 
644 212 
236 212 
236 212 
232 212 
240 236 
240 208 
232 216 
232 212 
216 220 
236 444 
232 212 
232 244 
228 208 
236 212 
232 228 
236 212 
236 220 
212 220 
228 268 
228 208 
232 208 
232 212 
224 216 
228 216 
232 212 
232 212 
232 208 
240 236 
232 216 
228 220 
240 236 
232 208 
236 216 
236 216 
236 208 
236 208 
236 220 
232 212 
232 236 
232 220 
228 244 
232 232 
228 212 
232 212 
232 208 
704 216 
228 212 
236 212 
236 236 
236 240 
332 232 
232 212 
236 216 
236 240 
240 256 
240 220 
236 204 
236 208 
236 240 
240 256 
236 212 
236 216 
232 216 
240 208 
236 204 
236 232 
232 216 
228 228 
232 232 
232 208 
232 216 
240 216 
236 216 
228 228 
236 272 
236 216 
236 232 
224 236 
232 212 
236 212 
236 236 
232 232 
232 216 
236 212 
236 236 
232 252 
440 204 
240 236 
232 256 
232 212 
232 208 
232 208 
264 212 
240 220 
236 208 
700 212 
296 224 
240 212 
240 212 
232 208 
236 216 
240 240 
232 208 
212 216 
236 540 
228 220 
236 236 
240 220 
236 232 
240 216 
236 208 
232 208 
220 220 
236 220 
236 244 
236 212 
232 216 
232 212 
232 224 
232 212 
236 236 
224 260 
232 216 
240 232 
236 212 
236 212 
232 212 
232 212 
236 212 
620 212 
272 216 
232 212 
224 220 
236 252 
236 212 
232 208 
236 212 
232 216 
236 216 
236 256 
236 228 
236 212 
232 208 
232 220 
232 216 
236 256 
232 212 
236 224 
264 236 
228 208 
252 212 
236 212 
240 212 
236 236 
252 252 
228 212 
236 240 
232 216 
232 212 
236 212 
