# ./FR-trace starting at Mon Apr 20 19:08:50 2020
################# CONFIG #################
# slot=5000
# samples=10000
# threshold=100
# idle=500
# minlen=500
# runs=10000
# pdathreads=2
# nmonitored=2
#   monitor0=../apps/openssl ec2_mult.c:153 0x1e7854
#   monitor1=../apps/openssl ec2_mult.c:161 0x1e789c
# nevicted=0
# npdatargets=2
#   target0=../apps/openssl bn_gf2m.c:412 0x20bd10
#   target1=../apps/openssl bn_gf2m.c:412+64 0x20bd50
# affinity=all
############## SYSTEM INFO ###############
# mastik_version=
# sysname=Linux
# nodename=lovelace
# release=5.3.7-arch1-1-ARCH
# version=#1 SMP PREEMPT Fri Oct 18 00:17:03 UTC 2019
# machine=x86_64
################## DATA ##################
# run=5491
# datapoints=10000
232 40 
228 228 
232 232 
232 208 
236 240 
232 272 
240 212 
216 212 
240 568 
280 208 
240 208 
240 208 
228 296 
236 208 
232 244 
232 212 
212 216 
232 212 
232 204 
236 208 
240 208 
228 204 
232 212 
232 236 
236 204 
228 208 
232 224 
236 228 
236 216 
228 208 
232 208 
48 44 
236 236 
236 236 
228 212 
228 208 
236 208 
264 212 
240 236 
236 232 
236 208 
232 208 
232 212 
236 232 
236 216 
232 212 
236 248 
232 212 
240 208 
236 212 
232 212 
236 232 
240 208 
236 232 
236 228 
232 236 
244 212 
236 204 
236 204 
232 40 
232 252 
240 248 
232 212 
236 204 
236 212 
284 208 
240 220 
240 212 
228 204 
236 216 
236 204 
252 216 
240 212 
236 236 
236 236 
232 208 
296 204 
236 236 
232 212 
232 220 
244 212 
232 212 
236 228 
240 260 
240 208 
564 212 
236 208 
232 212 
236 208 
232 208 
236 240 
232 212 
236 208 
236 212 
240 392 
236 240 
228 208 
228 216 
236 220 
236 220 
240 208 
240 208 
212 212 
232 604 
228 216 
240 204 
236 240 
232 212 
240 232 
236 240 
228 204 
212 208 
236 216 
236 208 
232 204 
240 208 
236 216 
232 208 
232 208 
232 204 
240 208 
236 220 
236 212 
232 212 
240 232 
236 212 
244 236 
236 204 
232 208 
236 208 
232 232 
232 208 
232 208 
236 208 
240 204 
232 208 
236 232 
232 208 
232 216 
236 212 
240 208 
232 212 
236 244 
236 212 
232 204 
236 216 
236 216 
236 208 
240 240 
240 204 
232 208 
236 260 
236 220 
236 236 
232 208 
244 212 
232 224 
236 208 
236 208 
236 232 
240 216 
228 204 
232 208 
240 204 
240 208 
236 216 
232 208 
240 212 
232 236 
236 208 
236 208 
348 208 
280 212 
236 216 
228 220 
236 236 
232 208 
228 208 
232 248 
236 264 
588 212 
232 208 
268 212 
264 208 
236 212 
228 212 
228 220 
232 260 
236 208 
232 404 
228 208 
324 232 
232 212 
228 212 
236 208 
244 216 
236 232 
208 212 
236 668 
236 236 
228 204 
324 208 
288 208 
240 216 
232 212 
236 220 
216 212 
240 208 
232 208 
236 232 
232 208 
236 220 
232 212 
236 212 
232 208 
240 248 
240 208 
236 216 
236 208 
236 216 
232 208 
232 212 
232 208 
232 236 
236 212 
236 228 
236 236 
232 212 
232 212 
232 208 
236 236 
232 304 
232 208 
244 212 
232 204 
232 224 
232 240 
232 212 
236 208 
236 228 
236 236 
240 212 
228 208 
240 216 
236 208 
232 212 
232 208 
228 204 
236 216 
228 212 
236 252 
232 208 
232 216 
240 208 
240 208 
232 212 
236 212 
244 236 
236 208 
228 224 
232 224 
240 212 
240 212 
228 216 
248 208 
240 236 
344 212 
240 216 
228 208 
240 224 
236 208 
232 208 
232 228 
236 212 
232 208 
584 216 
240 212 
236 232 
236 208 
236 208 
236 240 
240 208 
292 212 
240 236 
232 452 
232 252 
360 236 
236 208 
236 236 
228 212 
232 208 
232 208 
212 232 
236 656 
240 212 
228 208 
236 212 
252 216 
232 208 
240 204 
240 208 
208 208 
236 216 
232 208 
232 208 
232 228 
44 44 
240 244 
240 208 
232 232 
228 204 
240 208 
228 212 
248 208 
240 216 
236 208 
236 220 
236 212 
228 204 
232 208 
232 216 
240 236 
232 216 
232 212 
236 236 
236 236 
236 208 
244 208 
236 208 
236 232 
236 216 
228 204 
240 236 
232 204 
236 232 
240 224 
48 44 
240 220 
232 208 
232 216 
236 236 
236 236 
240 236 
236 208 
232 204 
240 212 
232 236 
240 208 
236 232 
232 208 
244 208 
244 240 
244 208 
236 236 
240 208 
236 212 
236 208 
228 208 
232 216 
236 240 
236 208 
240 240 
236 216 
232 216 
236 224 
232 40 
236 236 
236 220 
236 232 
228 208 
596 208 
236 244 
232 216 
232 212 
232 216 
240 252 
240 208 
236 208 
204 212 
232 436 
236 224 
232 208 
236 208 
236 212 
236 212 
236 232 
232 216 
224 208 
232 700 
236 236 
236 212 
232 204 
232 212 
232 208 
232 256 
236 260 
212 208 
268 212 
228 216 
356 252 
0 0 
0 0 
0 0 
0 0 
0 0 
0 0 
0 0 
0 0 
0 0 
0 0 
0 0 
0 0 
0 0 
0 0 
0 0 
0 0 
0 0 
0 0 
0 0 
0 0 
0 0 
0 0 
0 0 
0 0 
0 0 
0 0 
0 0 
0 0 
0 0 
0 0 
0 0 
0 0 
0 0 
0 0 
0 0 
0 0 
0 0 
0 0 
0 0 
0 0 
0 0 
0 0 
0 0 
0 0 
0 0 
0 0 
0 0 
0 0 
0 0 
0 0 
0 0 
0 0 
0 0 
0 0 
0 0 
0 0 
0 0 
0 0 
0 0 
0 0 
0 0 
0 0 
0 0 
0 0 
0 0 
0 0 
0 0 
0 0 
0 0 
0 0 
0 0 
0 0 
0 0 
0 0 
0 0 
0 0 
0 0 
0 0 
0 0 
0 0 
0 0 
0 0 
0 0 
0 0 
0 0 
240 216 
232 216 
236 216 
240 204 
236 216 
232 212 
216 252 
228 208 
240 204 
228 208 
236 220 
232 208 
228 208 
236 204 
232 212 
240 216 
240 208 
252 208 
240 232 
236 236 
240 208 
232 232 
236 208 
236 236 
232 252 
232 208 
236 212 
232 216 
244 208 
232 216 
232 208 
232 244 
236 236 
236 236 
232 236 
232 208 
240 208 
232 208 
236 208 
240 244 
232 208 
236 216 
248 216 
232 240 
232 208 
240 208 
232 224 
232 232 
312 208 
240 232 
240 208 
232 204 
232 212 
240 212 
236 244 
232 216 
240 216 
224 224 
236 232 
236 204 
232 212 
236 288 
232 212 
232 212 
236 220 
228 208 
400 240 
228 204 
236 232 
240 208 
236 204 
232 212 
232 208 
232 212 
240 216 
656 220 
236 220 
264 208 
232 208 
232 208 
240 204 
236 216 
232 208 
212 244 
232 504 
236 208 
236 208 
232 208 
236 204 
232 208 
236 228 
236 220 
212 204 
232 720 
236 208 
232 204 
240 216 
232 204 
236 212 
236 212 
232 212 
220 212 
232 212 
240 208 
236 212 
232 248 
244 208 
232 204 
236 232 
236 216 
232 220 
236 216 
240 220 
236 264 
236 228 
232 208 
236 232 
236 216 
240 232 
240 204 
236 228 
236 224 
240 236 
236 216 
236 220 
236 236 
232 212 
232 216 
232 208 
232 208 
228 208 
240 236 
240 204 
232 212 
232 232 
236 216 
44 40 
240 208 
240 228 
232 212 
228 212 
236 216 
232 212 
232 216 
232 208 
228 208 
236 208 
236 208 
232 224 
232 208 
232 204 
232 208 
228 236 
240 208 
240 212 
236 208 
48 44 
236 236 
244 208 
236 236 
236 216 
424 236 
240 236 
232 212 
240 208 
232 208 
496 208 
236 212 
236 212 
240 208 
684 204 
236 212 
240 216 
232 212 
232 216 
232 216 
232 204 
240 216 
220 208 
228 536 
232 208 
232 236 
240 208 
240 240 
340 212 
248 40 
232 208 
212 208 
232 752 
236 216 
240 216 
232 212 
232 208 
240 208 
236 208 
232 224 
228 212 
236 212 
232 216 
240 216 
240 232 
244 208 
232 208 
236 204 
232 208 
232 212 
232 232 
236 212 
240 236 
232 204 
232 220 
236 232 
236 208 
236 236 
240 204 
236 208 
232 264 
240 208 
232 208 
236 236 
236 232 
240 208 
232 208 
232 204 
228 212 
236 208 
236 220 
228 208 
272 212 
236 232 
228 208 
232 252 
240 232 
232 208 
240 216 
240 236 
228 208 
412 208 
236 204 
244 208 
240 216 
232 228 
236 220 
232 208 
240 220 
232 208 
232 260 
208 252 
236 216 
240 212 
240 208 
232 232 
236 208 
236 204 
228 216 
240 236 
452 204 
228 208 
228 208 
232 208 
240 208 
240 208 
232 236 
240 208 
236 212 
692 220 
240 236 
236 208 
232 212 
232 208 
240 224 
236 216 
236 208 
212 212 
232 524 
240 236 
236 208 
236 204 
240 236 
236 208 
228 208 
236 212 
220 220 
236 208 
232 204 
264 212 
232 232 
236 208 
232 232 
232 208 
232 216 
240 208 
232 208 
236 212 
240 208 
232 224 
236 208 
236 208 
236 216 
232 208 
244 216 
236 236 
236 208 
232 212 
232 244 
240 204 
236 260 
240 208 
236 208 
232 228 
228 212 
236 232 
236 204 
228 212 
236 236 
240 208 
232 216 
232 208 
240 220 
240 208 
232 208 
232 216 
232 212 
232 228 
236 204 
232 208 
232 208 
232 232 
232 208 
232 212 
232 232 
240 260 
240 220 
228 220 
236 236 
232 216 
244 208 
256 216 
240 232 
232 204 
232 208 
232 236 
224 220 
240 216 
236 264 
236 208 
232 208 
232 208 
240 208 
236 220 
236 208 
484 232 
236 212 
236 212 
228 208 
228 212 
288 208 
232 208 
232 220 
244 232 
724 208 
236 224 
240 212 
236 232 
236 212 
240 236 
232 212 
236 208 
212 208 
236 516 
232 208 
236 208 
232 208 
248 204 
244 236 
228 208 
236 212 
216 208 
236 212 
240 212 
236 260 
240 220 
236 208 
240 232 
232 208 
232 220 
236 236 
232 208 
232 208 
236 224 
328 212 
236 208 
236 204 
236 264 
240 208 
232 208 
236 236 
236 208 
236 216 
236 204 
232 216 
232 212 
240 220 
228 204 
232 208 
236 212 
236 212 
240 236 
236 208 
236 212 
236 212 
236 212 
236 248 
236 204 
232 208 
232 208 
232 208 
236 236 
232 208 
232 212 
236 40 
236 224 
228 208 
236 216 
228 212 
236 212 
232 212 
240 268 
236 216 
232 216 
236 260 
236 236 
228 212 
232 216 
240 232 
236 204 
232 252 
248 208 
236 204 
40 40 
228 208 
228 212 
232 208 
236 244 
236 220 
232 204 
484 216 
232 204 
232 256 
236 216 
236 232 
240 212 
236 244 
236 236 
228 212 
720 212 
236 240 
240 216 
240 220 
236 216 
232 208 
228 212 
236 236 
212 208 
232 576 
232 208 
232 216 
236 212 
236 44 
236 208 
232 208 
236 204 
216 236 
236 208 
236 208 
228 216 
236 208 
240 204 
240 212 
232 204 
232 212 
236 212 
232 204 
236 236 
236 208 
236 248 
236 236 
232 212 
236 208 
236 232 
240 208 
232 212 
232 208 
240 208 
232 224 
228 208 
232 216 
228 220 
236 244 
240 236 
232 216 
240 256 
232 208 
232 204 
232 208 
232 212 
228 240 
236 212 
244 232 
232 236 
236 208 
236 216 
236 208 
240 208 
236 232 
232 208 
232 216 
236 224 
236 208 
232 208 
232 216 
232 208 
236 212 
228 212 
240 212 
232 212 
228 216 
232 212 
228 244 
232 208 
232 212 
240 212 
264 208 
236 204 
228 216 
232 224 
236 216 
236 212 
228 216 
240 216 
240 232 
516 204 
240 236 
240 212 
228 212 
228 208 
236 236 
236 204 
236 228 
236 216 
744 208 
232 216 
236 232 
240 256 
236 244 
232 204 
232 212 
236 216 
212 204 
240 616 
236 236 
232 208 
240 204 
232 208 
228 208 
236 232 
236 208 
244 204 
228 208 
232 236 
232 208 
232 216 
232 212 
236 236 
248 216 
240 220 
228 232 
232 208 
352 236 
236 216 
236 208 
236 208 
232 224 
232 208 
236 208 
232 208 
240 212 
228 228 
240 232 
244 208 
232 208 
236 236 
236 216 
240 220 
232 208 
232 224 
232 212 
232 208 
252 208 
236 204 
240 220 
232 208 
236 212 
236 204 
232 232 
228 216 
236 236 
236 208 
236 224 
240 204 
232 204 
232 260 
236 212 
240 232 
236 240 
232 208 
240 216 
240 236 
236 212 
232 216 
232 208 
232 208 
236 232 
236 216 
236 232 
240 212 
236 208 
304 224 
240 212 
236 256 
236 208 
240 208 
240 212 
240 284 
228 228 
236 232 
516 212 
232 208 
284 208 
236 216 
236 268 
236 232 
228 248 
232 204 
240 204 
752 240 
236 236 
240 208 
228 208 
236 208 
236 212 
236 236 
240 212 
220 204 
232 604 
232 208 
236 208 
236 244 
240 208 
328 208 
236 232 
240 208 
212 244 
236 232 
232 208 
236 208 
232 208 
232 224 
236 232 
240 236 
240 208 
240 232 
232 204 
236 204 
228 212 
244 208 
236 232 
232 208 
236 216 
228 208 
236 264 
240 204 
232 204 
236 252 
252 208 
240 212 
240 208 
236 212 
232 204 
232 216 
232 208 
240 232 
364 220 
232 212 
236 208 
48 48 
232 216 
228 204 
240 240 
232 208 
240 204 
232 208 
236 228 
236 212 
228 204 
240 204 
236 236 
232 224 
236 208 
236 216 
232 256 
240 208 
228 204 
232 204 
236 208 
236 216 
236 212 
236 260 
236 216 
236 208 
312 208 
240 212 
320 208 
228 216 
236 148 
232 44 
232 212 
240 236 
236 212 
232 212 
236 212 
548 224 
236 208 
228 212 
240 236 
236 228 
236 208 
236 208 
232 216 
232 232 
232 388 
236 212 
232 216 
240 220 
232 208 
232 208 
240 208 
232 212 
212 208 
240 604 
240 224 
232 208 
228 208 
232 44 
236 216 
236 212 
236 236 
212 204 
232 236 
240 236 
236 208 
232 204 
240 212 
232 208 
236 232 
236 212 
236 240 
236 216 
232 208 
236 236 
228 208 
232 204 
236 228 
236 212 
232 208 
228 236 
228 208 
236 236 
236 212 
232 216 
240 232 
232 208 
236 272 
228 212 
240 212 
240 212 
236 208 
236 220 
244 208 
236 208 
232 204 
232 232 
232 212 
236 264 
236 220 
232 212 
232 212 
228 208 
232 208 
236 236 
240 208 
236 220 
232 216 
236 264 
236 212 
232 212 
236 208 
236 216 
240 208 
236 212 
232 204 
236 204 
232 220 
236 216 
236 232 
232 208 
236 208 
452 232 
240 236 
236 236 
240 232 
236 216 
228 212 
228 228 
228 220 
232 208 
576 236 
228 208 
236 256 
236 220 
236 208 
232 216 
236 212 
232 208 
236 220 
232 384 
232 232 
236 320 
240 228 
232 212 
240 212 
260 208 
236 208 
208 208 
232 668 
232 216 
244 208 
348 204 
232 208 
232 212 
232 236 
232 208 
212 212 
240 236 
240 212 
232 208 
232 204 
240 208 
236 208 
240 208 
228 208 
228 212 
236 208 
240 236 
236 216 
232 216 
228 208 
232 208 
236 212 
232 232 
236 216 
236 204 
236 212 
236 236 
232 216 
236 232 
236 236 
240 228 
232 228 
236 224 
240 212 
232 216 
228 212 
228 208 
240 204 
240 216 
232 208 
240 236 
244 216 
236 208 
232 212 
232 208 
232 208 
236 212 
240 204 
232 216 
236 208 
232 208 
232 216 
236 204 
228 232 
236 220 
240 236 
236 228 
236 208 
236 256 
236 208 
236 216 
240 236 
232 208 
236 204 
236 220 
344 208 
240 236 
268 212 
240 212 
236 204 
228 212 
232 212 
228 208 
228 212 
580 204 
232 208 
232 212 
236 248 
236 236 
236 224 
228 204 
240 248 
236 236 
232 408 
232 208 
236 236 
276 212 
232 208 
232 248 
236 236 
232 212 
212 204 
236 668 
232 212 
228 212 
236 212 
232 208 
232 216 
232 212 
228 212 
216 212 
236 208 
232 212 
232 244 
232 208 
240 216 
232 208 
228 212 
232 204 
236 236 
236 204 
244 236 
236 212 
232 212 
244 208 
432 232 
232 212 
244 212 
232 208 
236 208 
236 212 
236 216 
236 212 
236 236 
232 232 
236 224 
236 212 
236 208 
240 212 
240 208 
240 208 
236 208 
240 208 
232 208 
236 232 
236 208 
232 204 
228 212 
240 236 
236 448 
236 236 
236 208 
236 212 
260 212 
236 220 
244 208 
232 232 
236 208 
400 208 
236 204 
236 228 
236 208 
236 240 
232 212 
240 216 
232 212 
232 224 
236 208 
52 44 
236 220 
348 212 
232 208 
236 208 
236 236 
232 272 
228 208 
232 208 
236 208 
232 204 
600 208 
232 208 
236 232 
240 204 
236 208 
236 208 
236 216 
236 236 
224 208 
236 432 
244 204 
232 204 
236 224 
240 232 
240 216 
232 216 
236 212 
44 48 
228 692 
236 212 
232 208 
232 208 
236 220 
232 208 
228 216 
236 236 
220 232 
228 212 
240 260 
236 236 
232 256 
236 216 
232 208 
248 208 
232 212 
236 204 
240 212 
236 208 
232 208 
236 236 
232 204 
236 208 
232 216 
240 204 
232 44 
232 212 
240 236 
236 208 
236 212 
232 236 
236 212 
232 208 
236 232 
236 204 
232 232 
248 208 
240 212 
232 236 
236 208 
236 208 
236 208 
236 240 
236 204 
236 228 
232 208 
236 216 
232 232 
236 208 
232 208 
232 224 
236 216 
232 204 
236 208 
232 272 
236 216 
248 232 
236 232 
232 212 
228 208 
232 208 
232 204 
236 208 
240 232 
236 220 
236 216 
240 208 
412 236 
240 208 
228 204 
228 256 
240 232 
232 208 
236 212 
236 208 
232 228 
624 208 
240 212 
248 236 
232 208 
236 224 
236 236 
228 208 
232 216 
208 212 
236 444 
236 220 
232 208 
344 216 
240 208 
236 216 
236 220 
236 216 
212 256 
236 664 
228 204 
240 272 
232 244 
232 208 
236 208 
232 208 
228 208 
212 212 
228 208 
232 212 
236 212 
240 208 
232 208 
236 208 
232 236 
240 204 
240 336 
240 236 
240 208 
236 208 
240 236 
228 208 
232 208 
236 208 
228 204 
240 204 
240 216 
244 204 
228 208 
244 236 
240 208 
236 208 
232 216 
232 208 
228 212 
240 212 
232 208 
240 216 
232 208 
252 220 
240 216 
232 228 
236 208 
232 208 
236 216 
236 236 
236 208 
236 208 
236 208 
236 204 
236 208 
240 220 
232 212 
240 208 
240 208 
232 212 
244 232 
236 204 
236 252 
236 204 
232 216 
244 212 
236 256 
236 232 
236 208 
232 208 
232 204 
392 216 
236 212 
232 208 
240 208 
240 232 
232 208 
240 204 
240 236 
240 236 
656 212 
232 212 
236 212 
236 244 
228 216 
236 204 
228 208 
236 220 
216 216 
236 484 
236 236 
232 204 
236 204 
232 212 
232 212 
232 208 
236 236 
212 208 
232 712 
232 208 
236 208 
236 236 
236 208 
232 232 
232 216 
236 208 
208 208 
232 212 
232 208 
236 220 
236 208 
284 208 
236 228 
236 204 
240 212 
236 204 
236 228 
236 208 
236 228 
244 208 
236 236 
488 216 
236 212 
236 212 
380 208 
236 264 
232 212 
228 208 
240 236 
244 208 
236 208 
232 212 
232 248 
236 212 
228 212 
236 256 
236 216 
232 204 
280 208 
240 208 
240 204 
240 208 
228 208 
236 236 
236 208 
236 236 
240 208 
232 204 
228 216 
236 208 
228 208 
236 212 
236 232 
236 232 
236 204 
240 236 
236 216 
232 208 
236 228 
232 208 
232 204 
240 204 
232 224 
236 236 
232 208 
232 212 
392 208 
232 212 
240 228 
232 212 
236 204 
232 208 
228 208 
236 204 
240 236 
688 208 
236 240 
232 216 
228 212 
236 228 
232 216 
236 268 
232 216 
220 216 
232 504 
236 232 
232 168 
48 212 
240 208 
236 212 
240 212 
232 212 
216 216 
236 212 
240 208 
232 212 
232 216 
236 236 
236 216 
232 224 
240 232 
240 212 
232 208 
240 208 
232 208 
232 232 
240 232 
232 204 
228 212 
232 208 
236 244 
236 204 
232 204 
236 232 
308 260 
240 236 
44 44 
236 216 
244 224 
228 204 
232 204 
232 208 
232 208 
232 212 
240 336 
232 216 
232 208 
236 216 
236 208 
228 208 
232 204 
232 212 
236 256 
240 208 
236 212 
240 232 
232 212 
232 212 
236 216 
236 232 
236 212 
236 204 
236 204 
236 212 
236 48 
232 212 
236 216 
240 220 
240 236 
232 212 
232 236 
232 220 
220 216 
232 212 
236 232 
240 220 
232 204 
240 220 
228 212 
252 208 
232 220 
436 208 
240 232 
236 208 
232 208 
236 212 
232 208 
232 208 
236 216 
236 208 
688 204 
232 216 
232 208 
240 208 
240 224 
232 204 
232 260 
232 232 
220 220 
236 504 
236 208 
236 208 
232 264 
232 208 
236 236 
236 212 
236 208 
216 212 
232 208 
228 204 
240 236 
236 216 
232 208 
244 208 
244 208 
232 204 
236 212 
236 220 
232 208 
236 212 
236 224 
236 248 
236 232 
240 236 
236 208 
240 208 
240 208 
232 212 
232 236 
248 216 
228 204 
236 232 
236 212 
236 212 
232 208 
232 212 
240 220 
228 208 
236 212 
292 232 
240 216 
232 212 
232 212 
240 212 
236 220 
236 212 
228 208 
236 240 
236 220 
236 208 
236 216 
232 208 
232 208 
232 204 
236 232 
240 208 
232 208 
240 212 
236 268 
232 268 
236 260 
236 216 
244 212 
240 228 
236 204 
236 208 
236 212 
236 216 
228 208 
236 232 
232 208 
232 212 
232 216 
240 216 
236 256 
232 208 
472 212 
232 212 
236 208 
240 240 
232 208 
240 208 
232 212 
232 216 
236 216 
728 204 
236 208 
228 228 
232 204 
228 208 
232 204 
228 212 
236 212 
208 212 
236 544 
240 208 
236 212 
240 236 
240 208 
240 208 
236 208 
232 216 
216 208 
244 224 
232 212 
232 208 
236 212 
236 216 
236 204 
236 212 
236 228 
232 212 
240 232 
236 208 
252 212 
236 216 
236 208 
228 212 
232 224 
232 228 
236 220 
228 208 
232 212 
240 208 
236 228 
240 208 
232 204 
236 208 
232 208 
236 204 
236 232 
236 204 
232 208 
236 236 
232 232 
232 208 
236 228 
232 208 
240 240 
240 204 
236 236 
232 204 
236 212 
232 204 
232 248 
240 236 
232 208 
236 212 
236 212 
240 204 
244 208 
236 212 
236 208 
240 208 
236 216 
228 208 
236 232 
236 208 
236 208 
244 212 
368 212 
236 212 
236 212 
236 208 
232 208 
232 204 
240 224 
236 232 
232 208 
232 204 
236 232 
452 208 
236 204 
236 216 
232 208 
228 208 
232 232 
232 208 
284 212 
240 216 
724 208 
240 208 
232 216 
236 216 
232 236 
228 212 
308 212 
236 236 
208 212 
232 604 
232 204 
228 208 
232 216 
240 216 
240 208 
232 208 
232 208 
216 236 
248 748 
236 260 
240 212 
240 236 
232 204 
232 208 
236 236 
240 208 
236 208 
232 208 
236 232 
48 48 
232 212 
240 236 
236 212 
240 236 
236 220 
240 208 
232 208 
232 212 
236 220 
240 208 
240 212 
236 232 
236 216 
228 208 
232 256 
236 216 
236 212 
232 212 
236 208 
240 252 
236 212 
236 208 
236 232 
236 204 
236 236 
44 44 
240 220 
232 208 
236 220 
232 208 
252 228 
240 224 
232 208 
232 212 
236 216 
240 212 
232 208 
244 236 
232 208 
236 232 
240 212 
236 212 
232 208 
232 208 
236 44 
232 232 
232 208 
272 212 
228 212 
232 236 
236 208 
236 208 
236 216 
244 208 
228 208 
232 208 
484 204 
228 204 
232 212 
236 236 
232 208 
240 208 
236 208 
240 208 
236 232 
232 360 
232 228 
236 208 
240 216 
232 212 
232 240 
244 204 
240 208 
208 212 
228 580 
236 204 
236 212 
244 204 
236 208 
232 208 
228 212 
244 224 
220 228 
232 212 
232 216 
236 204 
232 248 
240 224 
236 212 
236 208 
236 216 
244 216 
236 216 
236 208 
236 216 
232 208 
236 224 
236 216 
240 208 
236 208 
240 208 
232 212 
236 216 
232 204 
588 208 
232 224 
232 216 
240 324 
236 232 
232 204 
236 204 
232 220 
240 208 
236 244 
236 212 
236 208 
228 208 
232 208 
236 236 
236 212 
232 212 
240 204 
228 208 
236 244 
240 256 
240 232 
232 220 
236 228 
240 216 
240 232 
232 208 
236 232 
236 212 
236 204 
232 216 
236 204 
228 208 
232 212 
232 208 
240 232 
228 208 
236 228 
292 212 
240 228 
236 212 
240 208 
236 208 
240 236 
240 232 
240 212 
240 228 
532 236 
236 212 
236 208 
228 208 
232 212 
232 232 
236 208 
232 204 
348 208 
744 204 
228 236 
240 208 
236 236 
232 208 
232 208 
244 204 
236 236 
212 208 
236 532 
232 212 
232 208 
236 232 
236 208 
236 216 
232 208 
240 232 
216 212 
236 212 
236 236 
232 208 
236 220 
232 208 
236 232 
232 208 
236 236 
240 208 
240 248 
232 212 
236 220 
232 232 
232 208 
232 208 
236 208 
240 232 
236 208 
240 208 
240 260 
232 216 
240 212 
228 212 
228 204 
500 208 
232 220 
236 208 
232 212 
236 208 
240 236 
232 252 
240 212 
236 248 
228 236 
232 204 
232 224 
232 208 
236 208 
236 204 
248 212 
240 204 
236 208 
240 216 
232 224 
236 212 
240 232 
236 208 
232 204 
240 216 
244 220 
0 0 
0 0 
196 200 
236 232 
232 232 
232 232 
232 208 
232 192 
236 192 
188 192 
232 192 
228 236 
232 228 
228 232 
512 228 
232 232 
236 212 
208 228 
536 232 
212 232 
232 228 
232 228 
232 228 
236 236 
236 232 
236 232 
216 236 
236 232 
232 232 
232 236 
228 232 
236 232 
228 188 
228 236 
232 232 
212 224 
232 616 
236 228 
236 232 
232 228 
232 232 
236 208 
232 232 
236 228 
208 208 
236 232 
232 192 
232 228 
228 232 
244 204 
328 212 
232 212 
228 208 
240 236 
232 212 
232 220 
236 212 
236 228 
240 212 
232 208 
236 232 
228 208 
236 236 
228 208 
240 248 
240 204 
228 212 
236 220 
240 208 
232 212 
232 212 
232 208 
232 212 
236 248 
236 208 
232 244 
228 208 
240 212 
236 244 
232 208 
280 208 
236 216 
236 208 
236 208 
240 212 
236 216 
236 208 
232 236 
232 212 
228 220 
236 212 
240 216 
228 208 
228 208 
236 236 
236 216 
232 212 
236 236 
236 236 
236 224 
236 212 
240 212 
236 244 
236 208 
344 204 
232 232 
236 216 
232 212 
236 236 
244 208 
240 236 
236 232 
232 212 
556 256 
52 40 
244 216 
232 208 
240 212 
236 212 
236 232 
236 208 
232 208 
240 396 
232 212 
232 232 
236 208 
240 216 
228 212 
232 232 
236 212 
208 212 
232 636 
240 224 
232 220 
232 216 
236 212 
232 208 
236 208 
228 208 
216 236 
236 208 
236 216 
44 40 
232 208 
236 232 
228 212 
232 232 
236 208 
232 244 
244 208 
244 212 
240 204 
232 228 
232 256 
240 220 
236 204 
236 212 
232 248 
232 224 
236 260 
240 208 
228 208 
244 208 
244 208 
240 208 
236 208 
236 212 
232 208 
236 252 
232 208 
232 208 
232 44 
236 212 
228 208 
232 256 
232 208 
232 208 
240 224 
236 208 
232 208 
236 212 
236 208 
232 232 
236 212 
232 208 
232 204 
240 220 
240 232 
236 204 
240 236 
260 208 
236 216 
236 208 
236 212 
232 212 
232 204 
236 208 
240 212 
236 220 
364 220 
236 216 
236 208 
240 232 
232 212 
228 212 
236 260 
232 236 
240 212 
584 208 
236 212 
232 208 
232 208 
240 208 
228 208 
232 212 
236 208 
224 224 
236 424 
236 212 
236 228 
232 204 
244 208 
236 208 
232 212 
236 216 
216 208 
240 596 
228 208 
236 212 
232 208 
232 208 
240 208 
236 220 
232 208 
208 228 
236 208 
236 212 
232 208 
236 208 
240 208 
236 244 
240 208 
232 216 
232 212 
244 212 
236 220 
232 212 
240 240 
232 256 
236 232 
232 208 
232 212 
232 228 
236 208 
240 208 
236 212 
240 232 
292 224 
240 208 
232 208 
236 216 
232 208 
232 208 
240 232 
236 236 
232 216 
236 212 
328 236 
236 212 
240 212 
236 220 
236 208 
240 208 
240 212 
232 208 
232 216 
232 212 
232 248 
236 208 
232 232 
236 236 
240 212 
232 208 
240 212 
236 216 
236 208 
244 224 
240 216 
240 204 
236 208 
236 220 
232 212 
232 208 
236 208 
372 236 
232 204 
236 212 
228 216 
236 232 
240 212 
236 212 
236 212 
236 332 
620 208 
244 240 
240 212 
228 212 
232 240 
232 212 
232 216 
240 220 
216 208 
236 436 
240 228 
244 220 
232 208 
236 232 
232 208 
236 208 
232 228 
212 208 
236 680 
240 208 
232 212 
232 256 
236 208 
232 208 
240 248 
236 224 
220 220 
232 240 
240 220 
236 208 
240 228 
236 316 
236 236 
240 212 
252 216 
236 208 
236 204 
232 212 
232 216 
232 208 
232 212 
232 220 
236 216 
232 228 
236 236 
232 260 
232 216 
240 204 
236 204 
232 212 
240 232 
232 204 
236 232 
240 208 
232 256 
236 208 
232 208 
236 208 
228 212 
228 212 
236 224 
240 216 
236 232 
236 216 
240 208 
236 252 
236 212 
236 212 
240 216 
232 208 
232 208 
232 212 
236 256 
232 208 
240 208 
228 216 
236 216 
232 212 
232 212 
236 236 
236 204 
240 236 
244 208 
236 236 
236 208 
236 248 
388 212 
232 204 
236 260 
240 224 
240 208 
240 204 
236 236 
236 208 
244 204 
616 216 
232 212 
232 212 
236 228 
228 216 
232 208 
240 240 
236 204 
344 240 
232 452 
236 208 
232 212 
240 212 
236 212 
232 256 
132 40 
236 232 
208 208 
228 684 
228 232 
236 248 
236 216 
228 212 
232 208 
236 236 
232 204 
216 244 
240 212 
232 208 
240 208 
236 212 
236 212 
232 208 
240 208 
232 208 
228 208 
236 204 
240 232 
232 208 
228 208 
232 260 
236 212 
232 216 
232 228 
44 44 
236 208 
232 204 
244 208 
232 204 
240 220 
240 208 
236 204 
244 216 
240 212 
236 212 
232 216 
232 208 
236 208 
236 240 
232 208 
232 216 
232 208 
236 212 
236 256 
240 212 
236 228 
232 224 
232 224 
236 264 
232 208 
232 212 
240 212 
232 48 
240 212 
236 212 
228 208 
236 212 
232 212 
244 212 
228 204 
236 232 
236 208 
232 212 
232 208 
236 232 
236 208 
424 208 
228 204 
236 208 
240 216 
236 208 
232 208 
268 208 
232 204 
236 228 
652 216 
236 260 
236 212 
232 208 
236 236 
236 208 
236 232 
236 204 
216 216 
228 520 
236 212 
244 236 
236 212 
240 216 
236 208 
232 208 
228 208 
216 208 
236 748 
236 236 
236 208 
236 212 
236 236 
236 208 
244 208 
236 236 
216 216 
228 208 
236 208 
232 216 
232 212 
236 208 
236 212 
240 204 
232 208 
232 204 
236 208 
232 208 
244 208 
236 208 
228 216 
240 232 
236 212 
236 232 
236 236 
232 232 
236 208 
232 268 
232 220 
228 204 
236 212 
228 204 
236 212 
236 216 
236 228 
236 236 
232 212 
236 208 
232 208 
232 204 
232 236 
236 224 
232 208 
240 232 
236 208 
244 212 
236 212 
232 208 
232 220 
236 220 
236 264 
236 216 
240 216 
232 212 
240 220 
236 224 
240 208 
204 212 
232 204 
236 216 
236 208 
232 204 
232 216 
236 216 
240 216 
240 212 
424 212 
264 204 
228 208 
236 252 
240 220 
236 216 
236 208 
232 204 
252 208 
652 212 
240 232 
240 236 
232 216 
236 232 
228 212 
236 216 
232 208 
208 208 
236 480 
236 232 
232 212 
236 236 
236 204 
236 240 
240 236 
228 212 
212 232 
248 724 
236 208 
232 208 
232 208 
236 212 
232 208 
236 208 
232 208 
252 216 
236 220 
236 252 
244 228 
240 264 
236 232 
228 212 
236 232 
236 212 
240 208 
228 208 
236 208 
228 212 
236 216 
236 212 
232 216 
236 212 
240 208 
232 236 
232 212 
228 208 
236 208 
232 208 
232 208 
232 232 
232 208 
232 212 
232 204 
232 208 
236 260 
232 220 
232 216 
236 212 
240 204 
232 256 
236 208 
232 224 
228 204 
228 208 
232 220 
232 204 
232 208 
232 216 
284 208 
232 232 
232 208 
236 212 
232 208 
240 208 
284 216 
232 208 
240 208 
236 204 
232 204 
236 232 
240 236 
228 208 
232 208 
232 212 
228 208 
504 216 
228 232 
232 208 
236 232 
240 208 
236 236 
236 220 
228 208 
232 256 
692 264 
232 236 
120 44 
236 232 
236 208 
236 208 
232 236 
244 208 
212 208 
236 532 
236 212 
232 244 
236 224 
236 220 
232 212 
232 224 
232 216 
212 208 
240 648 
240 212 
236 208 
244 224 
236 236 
232 208 
236 220 
232 208 
236 216 
236 208 
236 208 
236 232 
240 208 
240 212 
48 40 
240 216 
232 208 
228 212 
236 236 
236 208 
232 212 
236 216 
236 212 
228 204 
236 220 
236 216 
232 208 
236 204 
236 208 
240 220 
228 212 
236 212 
232 212 
236 208 
236 232 
240 212 
232 220 
240 216 
232 212 
236 212 
232 212 
236 48 
236 204 
236 204 
236 240 
236 208 
228 208 
240 224 
236 212 
240 208 
236 216 
232 208 
232 212 
232 212 
232 216 
232 208 
228 208 
232 212 
236 212 
224 216 
236 208 
232 232 
236 212 
236 208 
228 212 
236 208 
228 212 
232 212 
480 208 
232 208 
236 208 
236 224 
236 204 
236 208 
236 232 
240 212 
232 248 
652 216 
240 204 
228 236 
236 208 
280 204 
240 220 
236 212 
236 208 
216 232 
240 520 
236 212 
232 208 
236 236 
236 212 
240 220 
228 208 
228 208 
216 236 
236 212 
236 236 
232 208 
236 228 
228 248 
232 208 
236 236 
236 236 
240 208 
232 212 
236 236 
228 208 
236 212 
236 252 
244 232 
240 208 
240 208 
240 216 
244 228 
236 232 
232 232 
616 204 
232 204 
236 224 
260 208 
244 236 
232 236 
240 232 
240 216 
236 236 
232 212 
236 260 
236 212 
240 212 
232 208 
232 256 
236 224 
236 236 
240 208 
236 208 
240 232 
236 208 
232 212 
236 236 
232 208 
236 236 
236 216 
232 220 
240 208 
248 212 
232 228 
232 212 
236 212 
240 232 
236 208 
236 208 
232 212 
232 212 
236 212 
232 208 
232 204 
232 208 
260 208 
240 232 
236 232 
232 208 
236 204 
236 248 
480 208 
232 212 
232 216 
236 208 
232 204 
368 208 
232 212 
232 208 
236 284 
708 212 
236 208 
232 212 
232 208 
232 208 
232 204 
232 208 
236 212 
208 204 
240 552 
236 208 
236 208 
244 220 
228 212 
228 228 
240 248 
236 208 
216 236 
236 208 
236 220 
236 220 
240 232 
232 212 
232 212 
236 232 
240 208 
236 264 
244 212 
236 204 
232 216 
236 212 
236 220 
240 212 
228 212 
236 232 
232 208 
232 208 
232 232 
284 204 
240 244 
232 216 
236 224 
228 208 
240 256 
244 208 
240 216 
236 208 
244 336 
232 208 
236 232 
236 216 
244 208 
236 232 
240 216 
232 212 
236 208 
228 216 
236 208 
232 256 
236 236 
236 208 
232 248 
232 252 
232 208 
240 216 
232 212 
228 236 
228 208 
232 212 
240 216 
240 212 
240 216 
228 204 
240 228 
232 236 
240 208 
236 212 
268 208 
236 232 
236 204 
240 208 
240 212 
232 208 
236 232 
236 204 
236 208 
528 212 
240 236 
236 224 
236 232 
240 212 
232 204 
252 212 
236 232 
236 216 
732 208 
232 220 
228 204 
240 208 
232 208 
240 208 
236 212 
268 208 
216 208 
240 556 
236 244 
236 212 
232 208 
232 204 
232 212 
240 208 
240 216 
216 216 
236 208 
228 224 
244 216 
236 208 
236 208 
240 216 
236 204 
232 224 
252 212 
240 204 
228 216 
40 44 
232 216 
236 212 
232 248 
232 208 
240 220 
236 212 
232 212 
232 212 
232 236 
232 212 
240 208 
228 208 
232 208 
236 204 
232 208 
236 260 
236 212 
256 220 
244 212 
260 236 
232 232 
236 208 
236 216 
236 204 
232 208 
240 232 
232 220 
232 224 
44 44 
236 216 
232 208 
232 216 
236 252 
236 236 
236 208 
244 236 
240 212 
240 228 
228 212 
232 212 
240 208 
232 216 
232 216 
228 208 
232 212 
236 216 
236 212 
308 40 
232 208 
232 208 
228 208 
232 208 
236 232 
232 212 
232 208 
232 208 
528 208 
236 232 
236 208 
232 212 
232 208 
232 212 
228 204 
236 216 
232 212 
236 296 
232 212 
236 212 
236 248 
240 208 
232 212 
240 216 
236 208 
208 236 
232 596 
240 212 
236 264 
236 236 
236 236 
240 208 
232 208 
236 212 
212 236 
236 204 
240 232 
232 208 
236 220 
236 204 
240 204 
232 208 
236 212 
236 208 
232 208 
232 204 
228 204 
240 220 
240 208 
236 212 
232 208 
244 212 
240 208 
228 212 
236 212 
232 212 
228 224 
236 216 
232 212 
240 236 
244 208 
232 236 
232 208 
236 208 
232 208 
240 216 
236 204 
232 208 
232 224 
236 212 
232 208 
240 216 
232 232 
240 236 
232 276 
232 232 
240 212 
232 208 
232 212 
236 208 
232 208 
236 212 
236 212 
240 208 
232 208 
236 232 
232 208 
240 204 
232 208 
232 204 
236 228 
232 216 
232 208 
236 212 
300 236 
240 208 
240 208 
232 216 
236 236 
236 220 
236 208 
240 208 
232 212 
560 208 
240 204 
232 212 
232 212 
240 208 
232 208 
236 236 
228 204 
232 292 
236 392 
232 232 
236 228 
236 224 
240 212 
232 212 
244 208 
236 216 
212 208 
236 612 
236 236 
228 216 
236 216 
232 212 
228 208 
256 208 
228 208 
212 220 
236 208 
232 252 
236 208 
240 228 
232 208 
232 228 
256 208 
228 208 
232 240 
240 236 
236 228 
232 216 
232 208 
232 208 
236 208 
236 232 
320 264 
236 212 
240 204 
240 208 
236 212 
232 208 
228 208 
232 212 
240 232 
236 208 
236 208 
236 232 
240 208 
232 264 
240 212 
232 208 
236 256 
244 208 
240 236 
236 208 
240 216 
236 204 
228 204 
236 208 
236 208 
232 208 
236 208 
232 212 
240 212 
228 212 
228 224 
236 236 
240 248 
236 212 
240 212 
252 208 
236 232 
232 208 
240 216 
236 216 
232 208 
236 212 
240 216 
312 208 
232 212 
240 208 
232 220 
228 212 
236 232 
232 212 
228 212 
236 260 
576 220 
244 228 
236 228 
236 216 
236 232 
232 208 
232 212 
232 212 
240 236 
236 416 
240 208 
240 212 
236 252 
240 216 
232 208 
240 236 
228 212 
208 212 
228 660 
228 212 
232 216 
232 236 
236 260 
240 212 
236 236 
232 216 
212 212 
236 208 
236 208 
232 236 
236 224 
236 216 
228 208 
240 252 
240 208 
228 208 
232 208 
236 224 
240 212 
232 208 
228 208 
232 208 
236 216 
236 212 
240 236 
244 212 
240 208 
232 208 
240 236 
52 44 
244 208 
236 224 
236 216 
240 252 
236 232 
236 212 
232 216 
236 236 
232 240 
228 220 
232 208 
228 236 
236 204 
240 236 
240 208 
236 208 
236 224 
240 216 
264 212 
236 204 
228 232 
232 208 
236 208 
240 204 
228 212 
232 256 
240 216 
232 148 
236 48 
236 236 
240 204 
232 204 
236 260 
240 232 
236 208 
236 212 
360 212 
236 216 
260 208 
236 208 
252 240 
236 236 
240 208 
236 232 
232 208 
604 220 
228 208 
232 204 
240 208 
232 208 
236 204 
232 208 
232 244 
224 220 
240 376 
240 208 
232 44 
228 212 
236 216 
236 212 
228 204 
240 208 
212 232 
236 664 
236 236 
232 212 
236 236 
240 224 
232 212 
228 204 
248 208 
216 208 
232 208 
232 212 
236 224 
232 212 
236 232 
232 208 
232 208 
232 216 
244 208 
232 208 
236 228 
236 340 
244 232 
236 216 
236 228 
244 212 
228 204 
232 212 
236 236 
240 208 
232 208 
236 216 
240 212 
240 232 
228 212 
232 208 
228 212 
236 208 
232 208 
240 208 
236 216 
236 232 
236 212 
232 204 
232 208 
236 212 
240 236 
232 208 
228 208 
236 216 
232 228 
228 216 
244 232 
240 216 
236 208 
232 244 
240 244 
232 208 
232 208 
236 212 
236 232 
232 208 
232 256 
228 208 
232 204 
240 204 
232 208 
236 208 
236 212 
384 228 
244 236 
236 204 
236 208 
232 208 
232 208 
232 256 
236 220 
236 244 
612 212 
232 216 
236 232 
288 236 
236 208 
240 236 
232 212 
228 212 
220 240 
236 424 
240 212 
236 212 
236 236 
236 208 
236 216 
228 204 
232 212 
208 208 
236 704 
236 216 
232 220 
232 208 
232 212 
244 208 
232 204 
232 208 
212 212 
232 212 
232 204 
228 232 
240 208 
236 208 
236 256 
232 212 
232 208 
236 232 
232 204 
228 208 
232 204 
236 216 
240 204 
236 204 
232 212 
244 208 
232 208 
236 280 
236 212 
228 204 
232 220 
228 208 
236 232 
280 232 
240 208 
232 248 
232 208 
236 224 
232 208 
260 212 
236 208 
232 212 
240 204 
236 208 
240 232 
232 212 
236 216 
232 204 
232 216 
236 208 
228 208 
232 208 
236 232 
232 204 
236 208 
236 212 
232 204 
232 224 
240 232 
236 208 
232 212 
244 216 
232 212 
232 236 
240 208 
232 204 
240 212 
236 212 
388 212 
232 204 
228 212 
236 212 
228 208 
236 220 
240 232 
240 208 
236 252 
616 204 
232 208 
244 204 
236 212 
236 208 
232 216 
240 204 
232 208 
212 212 
236 460 
300 232 
236 208 
232 208 
240 212 
240 212 
228 216 
240 208 
216 232 
240 680 
232 216 
236 220 
232 208 
228 208 
244 232 
236 236 
240 204 
220 208 
236 208 
232 204 
236 216 
232 208 
232 212 
232 208 
232 208 
236 216 
228 216 
236 248 
236 208 
248 220 
232 216 
228 208 
232 208 
236 216 
228 208 
232 232 
232 204 
232 216 
232 208 
232 224 
232 208 
240 232 
248 204 
240 216 
232 212 
240 204 
232 212 
240 236 
232 208 
236 236 
240 216 
228 208 
240 216 
236 232 
232 212 
236 224 
232 204 
236 212 
236 204 
236 204 
232 208 
232 208 
236 220 
240 220 
236 232 
276 216 
232 208 
236 232 
44 44 
240 236 
240 208 
236 208 
236 220 
236 232 
236 220 
240 236 
236 212 
384 212 
232 208 
236 216 
236 208 
232 212 
232 228 
244 208 
236 236 
232 216 
644 244 
232 232 
228 208 
240 204 
232 208 
232 208 
232 256 
232 224 
212 228 
232 488 
240 236 
244 52 
236 40 
232 212 
236 212 
232 204 
232 216 
220 208 
236 692 
232 212 
240 240 
232 204 
236 232 
228 212 
232 232 
236 216 
216 212 
240 220 
232 208 
228 204 
232 216 
240 208 
236 208 
240 220 
232 208 
236 212 
228 220 
236 236 
236 256 
236 212 
232 204 
316 236 
240 216 
240 204 
232 212 
232 204 
232 212 
236 220 
240 208 
236 208 
244 208 
240 208 
236 216 
228 208 
232 208 
236 208 
232 208 
244 212 
236 232 
232 208 
236 208 
228 212 
232 212 
240 204 
232 236 
236 256 
232 208 
232 204 
236 260 
236 208 
236 208 
236 204 
232 216 
236 204 
228 208 
228 212 
232 212 
220 204 
236 212 
232 212 
232 216 
236 220 
236 224 
240 228 
236 212 
236 212 
452 216 
236 232 
236 216 
240 212 
240 216 
232 208 
232 208 
236 244 
240 236 
660 208 
240 216 
236 208 
232 208 
240 216 
232 216 
236 212 
236 212 
248 208 
232 508 
240 208 
236 216 
236 256 
232 204 
232 212 
228 208 
232 212 
212 232 
352 544 
240 208 
236 216 
232 208 
232 232 
232 220 
240 208 
240 220 
220 208 
232 204 
232 252 
236 232 
236 208 
232 208 
236 216 
236 216 
232 232 
240 216 
236 216 
240 244 
240 216 
240 212 
232 208 
252 216 
240 208 
236 208 
248 216 
236 252 
236 236 
240 208 
232 204 
240 224 
232 208 
232 208 
236 236 
236 228 
232 236 
244 280 
240 208 
232 208 
240 220 
228 212 
236 240 
236 240 
240 212 
232 212 
236 236 
236 212 
236 204 
236 236 
236 216 
240 216 
240 208 
232 208 
240 212 
236 208 
240 208 
236 204 
232 208 
208 208 
232 212 
228 212 
232 208 
236 212 
228 204 
232 208 
240 280 
228 212 
428 208 
236 260 
232 208 
232 216 
236 220 
236 236 
240 204 
236 204 
252 212 
664 268 
232 208 
236 236 
232 212 
236 232 
240 220 
232 244 
240 236 
216 232 
232 516 
240 236 
236 208 
232 228 
232 208 
232 204 
240 212 
228 208 
216 232 
232 208 
236 228 
236 228 
240 212 
240 212 
236 236 
236 236 
232 208 
220 236 
236 208 
232 204 
252 212 
244 216 
236 208 
240 212 
240 208 
232 216 
228 204 
232 256 
240 208 
236 204 
232 212 
240 208 
236 204 
232 208 
236 204 
232 208 
240 256 
240 212 
232 204 
228 204 
232 208 
240 232 
228 212 
232 220 
232 216 
268 216 
240 220 
228 208 
236 208 
236 236 
240 208 
232 212 
48 44 
228 204 
236 240 
232 208 
232 208 
236 208 
228 208 
232 228 
236 292 
232 208 
236 228 
232 208 
236 208 
232 208 
236 220 
236 212 
244 208 
232 264 
240 236 
232 216 
232 204 
232 208 
228 276 
240 228 
236 208 
484 236 
232 232 
236 204 
232 216 
196 56 
228 48 
236 232 
232 212 
240 232 
712 208 
260 208 
240 208 
228 208 
240 212 
236 232 
236 212 
228 204 
212 248 
236 524 
236 232 
244 208 
244 208 
232 248 
232 264 
236 236 
232 204 
212 212 
240 208 
240 216 
0 0 
232 236 
236 236 
236 232 
240 208 
232 208 
236 208 
236 236 
232 40 
232 204 
232 208 
232 208 
240 212 
240 236 
232 208 
232 212 
236 232 
236 212 
232 216 
236 232 
232 212 
236 208 
228 208 
240 204 
236 204 
236 204 
240 220 
232 208 
236 236 
232 220 
236 208 
240 256 
240 208 
240 208 
236 232 
236 216 
240 212 
236 208 
236 212 
232 212 
240 208 
244 236 
240 208 
236 236 
228 208 
236 256 
228 256 
232 244 
236 216 
240 212 
236 216 
236 252 
240 212 
232 212 
240 236 
236 212 
240 208 
272 228 
236 220 
236 216 
232 232 
240 208 
236 204 
232 204 
232 224 
232 212 
496 220 
236 236 
244 216 
240 248 
228 204 
232 212 
236 232 
232 208 
236 212 
720 208 
236 212 
240 216 
244 232 
232 232 
236 216 
236 204 
236 264 
212 204 
232 560 
244 216 
240 212 
236 208 
232 204 
236 256 
240 208 
232 208 
212 256 
240 236 
236 224 
232 212 
240 204 
240 236 
232 208 
236 236 
236 204 
236 212 
232 204 
232 204 
228 204 
232 208 
236 256 
240 208 
236 244 
232 208 
232 208 
236 232 
240 208 
244 228 
240 204 
240 232 
232 208 
236 212 
232 204 
232 212 
404 216 
232 216 
228 208 
232 208 
236 232 
236 208 
232 208 
232 220 
236 244 
240 208 
232 216 
232 212 
236 208 
232 208 
240 208 
232 208 
236 236 
240 208 
232 208 
236 208 
236 228 
232 208 
232 212 
236 204 
240 208 
232 212 
236 212 
236 232 
236 208 
232 212 
236 216 
236 208 
268 228 
240 232 
236 228 
232 224 
232 216 
244 208 
236 208 
232 208 
236 212 
496 204 
236 212 
268 216 
236 216 
228 208 
236 208 
236 212 
232 232 
236 204 
736 208 
244 240 
232 208 
240 208 
244 232 
232 208 
232 208 
236 228 
216 236 
232 572 
236 212 
240 212 
236 208 
232 212 
228 204 
236 228 
232 204 
212 232 
232 236 
232 208 
240 212 
232 232 
240 220 
232 208 
232 208 
236 212 
236 256 
236 220 
232 208 
236 212 
232 208 
236 216 
232 300 
232 228 
236 216 
236 208 
236 208 
240 236 
240 208 
236 236 
272 208 
232 208 
236 228 
228 208 
228 208 
236 212 
236 208 
232 212 
232 208 
240 268 
240 212 
236 232 
228 204 
228 216 
228 208 
232 208 
236 208 
236 236 
240 208 
232 204 
236 224 
228 212 
240 232 
232 216 
232 236 
240 208 
232 216 
232 216 
236 208 
232 212 
236 208 
236 236 
240 204 
240 236 
228 208 
228 204 
284 204 
276 204 
236 260 
236 208 
240 204 
232 212 
232 212 
240 216 
236 204 
236 204 
488 208 
232 212 
240 208 
236 208 
240 220 
240 216 
240 212 
236 208 
236 236 
740 212 
228 208 
232 212 
240 340 
232 208 
48 44 
232 260 
232 220 
216 236 
236 580 
232 208 
236 228 
232 216 
232 208 
244 236 
236 264 
244 204 
312 232 
236 232 
236 208 
236 212 
236 208 
236 236 
232 336 
236 232 
240 212 
232 248 
232 208 
236 208 
228 208 
236 212 
240 208 
232 208 
44 44 
232 220 
236 212 
236 204 
236 220 
240 236 
228 208 
236 204 
232 212 
236 228 
236 220 
232 208 
232 212 
236 256 
236 224 
240 212 
232 236 
232 212 
236 212 
236 208 
240 208 
232 204 
236 244 
236 228 
232 208 
232 208 
236 208 
236 212 
236 204 
232 48 
232 216 
236 224 
236 208 
236 216 
236 208 
236 212 
232 232 
232 208 
236 236 
236 232 
232 208 
240 208 
228 208 
232 216 
304 212 
232 224 
240 208 
232 232 
232 204 
240 216 
236 216 
232 212 
232 216 
548 204 
240 216 
232 204 
236 208 
232 212 
228 248 
240 232 
240 232 
228 208 
232 380 
240 212 
240 232 
236 208 
240 232 
236 208 
236 208 
232 212 
216 236 
236 612 
236 208 
240 208 
232 212 
236 212 
232 208 
232 232 
228 208 
220 236 
232 208 
232 208 
236 208 
240 232 
236 212 
236 216 
232 208 
240 208 
228 204 
232 212 
236 228 
236 208 
236 204 
236 216 
232 208 
236 224 
240 208 
236 232 
228 212 
232 216 
236 220 
236 208 
236 208 
236 208 
232 208 
236 208 
240 208 
236 232 
236 208 
240 208 
232 208 
232 232 
236 232 
228 208 
236 236 
240 212 
232 216 
232 208 
232 220 
240 208 
232 212 
236 236 
232 228 
240 208 
236 208 
236 208 
236 212 
236 204 
236 204 
236 204 
236 212 
236 232 
236 224 
236 208 
236 208 
252 208 
240 212 
232 208 
236 212 
312 216 
228 208 
232 240 
232 216 
232 208 
240 232 
244 240 
232 212 
344 232 
568 204 
232 208 
240 212 
244 208 
232 208 
232 208 
240 208 
236 224 
236 212 
704 232 
228 208 
240 208 
232 208 
236 228 
236 212 
232 212 
236 240 
212 212 
232 644 
232 208 
248 208 
252 224 
240 208 
232 208 
236 212 
228 212 
212 208 
240 208 
236 212 
232 224 
236 208 
292 236 
228 208 
232 216 
236 220 
232 260 
240 216 
236 224 
232 260 
248 208 
240 212 
236 204 
228 208 
232 216 
232 216 
240 220 
236 212 
228 228 
236 204 
312 208 
236 232 
232 216 
236 208 
232 208 
232 212 
236 232 
236 232 
228 212 
232 260 
236 216 
228 212 
236 240 
240 208 
228 228 
236 216 
236 236 
240 208 
236 220 
236 208 
244 216 
240 208 
232 204 
236 220 
240 208 
240 208 
236 220 
232 232 
244 212 
352 212 
228 208 
240 264 
232 208 
240 208 
232 212 
228 212 
228 216 
368 208 
236 220 
232 208 
236 216 
236 208 
232 216 
236 236 
236 220 
236 220 
596 212 
236 228 
236 216 
232 208 
236 204 
236 212 
240 216 
228 204 
216 224 
240 444 
236 212 
240 212 
232 208 
252 212 
232 232 
236 208 
232 208 
216 236 
236 644 
232 204 
232 216 
236 216 
236 208 
228 208 
248 208 
232 220 
208 212 
232 208 
240 232 
240 204 
232 208 
232 212 
236 248 
236 208 
236 204 
252 208 
236 216 
232 236 
232 212 
232 208 
232 208 
232 208 
244 216 
236 208 
236 208 
232 256 
240 216 
232 216 
40 48 
232 212 
232 208 
232 212 
240 216 
240 208 
236 220 
240 232 
240 212 
236 228 
228 216 
232 212 
232 212 
240 252 
236 208 
232 216 
240 232 
240 208 
236 208 
236 212 
228 228 
236 204 
236 216 
232 208 
248 212 
236 228 
236 208 
232 208 
236 136 
228 40 
236 260 
276 240 
236 236 
232 208 
236 232 
232 208 
236 208 
264 212 
368 208 
232 212 
232 212 
232 212 
236 212 
236 204 
236 224 
232 208 
232 208 
596 204 
240 208 
240 208 
228 212 
240 236 
240 208 
236 212 
236 236 
220 204 
240 436 
232 216 
232 220 
236 208 
232 208 
232 204 
240 208 
232 208 
220 216 
228 708 
232 220 
236 236 
236 208 
236 212 
236 208 
236 208 
236 204 
212 264 
240 316 
232 212 
240 220 
232 216 
236 208 
232 212 
236 232 
232 208 
236 220 
236 216 
232 216 
260 212 
232 208 
236 216 
240 240 
232 212 
232 208 
236 232 
232 208 
232 220 
244 208 
232 208 
236 220 
232 208 
236 212 
236 204 
232 244 
240 260 
232 208 
228 208 
232 228 
232 260 
232 236 
232 208 
260 208 
240 208 
232 212 
236 236 
236 212 
232 232 
232 204 
232 208 
240 208 
236 232 
240 208 
232 208 
236 260 
240 208 
236 208 
236 228 
232 208 
240 204 
240 208 
232 212 
240 240 
240 236 
232 212 
232 216 
232 240 
404 208 
232 212 
236 208 
232 208 
236 228 
232 208 
232 220 
228 236 
504 212 
632 204 
232 212 
236 232 
236 216 
232 212 
232 216 
232 208 
228 212 
212 228 
236 460 
236 256 
240 216 
236 232 
236 212 
232 208 
236 212 
240 236 
216 212 
240 708 
236 208 
232 208 
236 216 
240 236 
236 232 
236 208 
236 204 
212 208 
240 216 
236 220 
232 204 
236 208 
228 212 
236 216 
236 204 
232 208 
236 208 
240 208 
236 208 
236 212 
236 236 
232 212 
256 208 
228 208 
232 208 
248 224 
244 224 
240 236 
236 232 
236 208 
236 208 
240 208 
232 208 
228 216 
236 204 
248 232 
232 208 
236 216 
232 204 
228 216 
244 212 
236 228 
192 208 
232 252 
232 208 
232 232 
228 192 
232 228 
212 228 
208 232 
228 192 
212 228 
232 212 
236 232 
208 232 
228 228 
212 232 
232 204 
304 228 
208 228 
232 192 
196 212 
232 208 
196 228 
232 212 
228 228 
232 232 
240 228 
228 228 
208 232 
208 240 
232 232 
188 228 
232 232 
236 192 
212 228 
644 232 
232 232 
236 232 
188 232 
232 232 
232 228 
204 208 
232 188 
212 208 
232 484 
232 208 
236 332 
236 236 
220 232 
232 232 
232 228 
236 232 
232 236 
232 724 
208 208 
232 232 
212 204 
232 208 
236 232 
232 232 
188 228 
204 212 
232 192 
212 232 
196 208 
212 192 
232 192 
236 232 
220 228 
232 232 
216 240 
192 232 
232 188 
232 208 
192 208 
228 232 
192 192 
216 228 
192 192 
196 212 
192 232 
188 208 
220 232 
212 208 
188 228 
232 228 
232 232 
232 192 
188 232 
228 188 
196 192 
212 232 
236 204 
208 232 
724 668 
196 232 
196 232 
228 212 
224 208 
216 212 
192 228 
236 232 
212 212 
232 228 
192 228 
228 208 
216 196 
236 232 
208 220 
232 188 
212 192 
228 220 
232 704 
212 208 
232 192 
328 288 
204 232 
388 288 
228 208 
212 212 
336 208 
252 208 
272 232 
316 236 
208 208 
240 212 
208 216 
236 212 
232 224 
212 212 
252 212 
196 212 
216 192 
192 236 
204 208 
200 208 
208 196 
212 192 
208 192 
232 228 
296 204 
232 204 
240 208 
200 212 
188 188 
212 224 
212 212 
216 208 
196 208 
240 204 
244 212 
232 236 
236 204 
212 228 
212 192 
200 216 
220 196 
224 196 
232 188 
212 196 
248 224 
188 212 
200 200 
232 236 
228 220 
212 216 
232 220 
216 208 
208 212 
220 220 
208 224 
200 192 
200 212 
196 208 
208 212 
220 216 
236 248 
236 216 
204 196 
236 256 
636 216 
248 212 
300 232 
256 196 
244 216 
228 196 
200 196 
192 204 
232 216 
196 208 
232 208 
232 228 
232 200 
240 212 
236 236 
232 212 
240 328 
224 232 
240 304 
236 212 
224 212 
220 316 
240 216 
240 220 
224 212 
328 312 
228 204 
228 348 
200 204 
196 268 
200 196 
200 200 
204 188 
240 192 
304 200 
228 220 
492 236 
224 216 
236 200 
224 192 
200 188 
236 224 
236 196 
236 196 
232 200 
320 212 
212 212 
60 44 
240 192 
204 188 
232 212 
216 208 
232 236 
212 248 
224 228 
232 216 
216 208 
228 208 
236 276 
284 224 
240 192 
232 208 
232 204 
232 188 
236 220 
196 200 
200 200 
284 332 
188 208 
268 208 
192 224 
232 204 
268 212 
240 208 
196 192 
232 212 
212 212 
232 192 
52 44 
300 324 
216 208 
212 248 
236 224 
228 192 
240 208 
240 208 
228 232 
232 256 
236 236 
216 276 
208 224 
192 216 
236 208 
196 208 
220 228 
324 324 
232 212 
232 212 
192 196 
204 192 
208 216 
196 232 
236 232 
212 212 
236 212 
236 40 
316 320 
220 208 
236 232 
240 240 
300 200 
240 224 
236 220 
204 232 
208 232 
208 188 
200 236 
236 212 
232 224 
240 200 
232 228 
236 220 
232 680 
228 216 
232 204 
296 320 
224 228 
236 232 
232 232 
308 208 
208 192 
236 552 
340 280 
196 208 
200 192 
228 228 
236 244 
208 212 
232 208 
296 188 
196 256 
264 192 
208 208 
224 196 
196 216 
232 188 
200 196 
216 204 
232 192 
224 212 
212 212 
220 216 
188 228 
236 212 
220 220 
236 236 
232 192 
268 220 
204 200 
204 220 
228 256 
236 288 
240 324 
664 240 
244 204 
220 224 
196 192 
200 196 
236 232 
228 212 
284 248 
312 264 
244 276 
228 240 
196 192 
208 208 
232 208 
212 216 
200 200 
192 224 
196 188 
220 216 
196 208 
236 208 
228 196 
196 236 
196 212 
192 204 
236 216 
232 208 
212 208 
224 192 
196 220 
220 188 
208 212 
200 192 
196 192 
232 232 
232 216 
208 204 
232 212 
192 208 
208 192 
220 196 
200 208 
228 204 
236 220 
208 200 
240 196 
196 248 
236 216 
232 208 
232 196 
220 208 
208 208 
216 208 
208 204 
232 208 
192 196 
240 192 
236 224 
196 196 
196 204 
232 196 
192 220 
196 204 
584 200 
236 252 
232 336 
216 216 
196 224 
216 244 
220 208 
240 212 
216 216 
748 232 
228 216 
232 228 
232 228 
196 220 
228 192 
196 200 
240 216 
288 248 
236 208 
224 232 
232 212 
244 224 
196 212 
236 264 
196 208 
204 208 
324 212 
236 232 
236 264 
236 236 
224 196 
208 192 
204 212 
216 192 
204 208 
204 596 
200 204 
232 340 
328 236 
316 212 
196 200 
204 196 
192 224 
328 200 
224 208 
232 208 
232 208 
236 248 
216 200 
208 188 
528 192 
220 188 
228 216 
228 224 
232 228 
232 188 
236 216 
236 232 
236 200 
224 320 
208 216 
212 200 
224 208 
220 212 
200 188 
228 208 
192 208 
192 208 
192 208 
236 232 
196 220 
236 192 
204 196 
232 188 
192 208 
200 216 
200 228 
216 232 
232 208 
236 216 
324 316 
216 316 
240 220 
208 212 
224 216 
236 216 
220 212 
232 248 
232 232 
232 216 
228 188 
232 196 
236 212 
236 236 
212 192 
260 200 
200 244 
188 212 
236 296 
292 240 
236 208 
236 196 
232 212 
224 232 
204 216 
232 212 
208 208 
212 208 
220 216 
196 224 
196 216 
236 212 
532 208 
224 208 
240 236 
200 216 
196 220 
224 208 
272 192 
236 212 
232 204 
212 224 
236 208 
236 232 
232 204 
232 208 
256 200 
628 268 
248 316 
260 308 
232 232 
304 264 
240 204 
196 192 
232 192 
188 212 
192 204 
196 208 
196 192 
48 44 
236 196 
280 204 
232 596 
216 232 
300 196 
332 232 
232 208 
328 328 
196 196 
196 196 
200 200 
196 204 
192 208 
212 196 
228 196 
288 216 
236 252 
320 208 
208 192 
192 192 
192 188 
216 196 
196 200 
196 248 
204 192 
44 40 
212 44 
716 192 
200 228 
188 188 
432 192 
196 452 
260 296 
240 196 
236 280 
236 316 
316 284 
200 192 
216 212 
236 268 
356 188 
224 188 
368 284 
208 240 
244 320 
232 304 
324 276 
312 320 
212 220 
324 324 
380 356 
208 208 
208 220 
216 196 
200 192 
200 284 
208 208 
196 196 
196 216 
452 216 
220 196 
208 196 
208 196 
200 192 
200 188 
196 220 
212 228 
216 208 
196 204 
192 212 
200 212 
212 188 
196 196 
508 312 
188 196 
228 192 
196 196 
208 192 
196 196 
224 256 
204 196 
232 264 
192 188 
196 224 
192 192 
208 188 
216 192 
192 188 
248 212 
200 220 
212 212 
224 192 
424 208 
196 212 
212 196 
340 232 
196 244 
216 208 
216 280 
240 208 
352 188 
200 192 
204 188 
200 188 
196 208 
196 196 
204 216 
476 196 
232 252 
212 236 
236 196 
272 284 
200 200 
200 296 
192 200 
212 192 
196 196 
196 212 
200 272 
196 252 
196 192 
220 480 
340 216 
204 188 
216 220 
220 268 
216 236 
232 208 
196 228 
248 316 
196 196 
188 196 
200 236 
200 212 
196 192 
192 192 
200 192 
236 528 
192 196 
196 192 
196 228 
204 200 
188 192 
196 236 
196 208 
232 188 
296 196 
212 196 
668 208 
196 188 
192 208 
212 216 
252 296 
216 508 
208 192 
200 232 
212 228 
196 200 
204 208 
200 200 
240 272 
260 228 
616 188 
232 352 
204 196 
200 236 
200 208 
204 192 
344 236 
216 228 
216 188 
220 200 
212 296 
236 244 
236 196 
200 220 
192 212 
192 208 
192 196 
200 188 
220 208 
196 196 
188 188 
224 196 
196 188 
196 196 
200 204 
208 204 
208 220 
232 192 
220 208 
228 208 
192 220 
216 208 
208 200 
208 212 
220 212 
212 200 
208 212 
200 192 
208 212 
224 196 
200 232 
236 208 
620 236 
464 204 
292 208 
320 236 
232 212 
240 212 
216 208 
204 188 
328 212 
192 340 
240 296 
192 320 
216 232 
204 192 
196 188 
204 200 
424 208 
196 224 
268 192 
280 256 
204 208 
196 192 
200 324 
332 320 
360 248 
216 212 
236 228 
424 208 
252 192 
200 188 
208 212 
196 192 
208 192 
212 192 
220 232 
212 204 
208 196 
192 192 
208 196 
232 216 
240 324 
468 228 
200 316 
212 224 
288 192 
216 196 
200 220 
228 208 
196 196 
200 192 
232 192 
212 216 
236 232 
272 232 
336 208 
208 236 
200 292 
192 208 
192 192 
692 404 
200 240 
220 212 
344 216 
212 216 
200 232 
200 188 
192 192 
204 192 
200 228 
228 224 
196 192 
192 192 
224 196 
240 208 
244 264 
224 196 
200 208 
212 188 
192 200 
196 232 
272 240 
272 252 
204 288 
192 192 
228 208 
232 196 
200 212 
200 192 
224 192 
252 200 
228 200 
84 44 
212 188 
236 192 
196 216 
204 276 
224 240 
192 188 
228 208 
196 196 
220 220 
200 200 
196 208 
208 192 
196 196 
264 224 
252 208 
224 328 
212 236 
280 328 
588 188 
204 196 
196 196 
192 184 
196 208 
212 188 
200 192 
256 224 
220 232 
192 196 
44 44 
292 316 
196 208 
216 224 
216 232 
196 280 
196 240 
208 208 
232 204 
224 216 
272 312 
232 228 
328 260 
228 312 
216 216 
220 216 
236 216 
256 300 
192 244 
260 288 
228 188 
196 200 
224 196 
196 196 
216 208 
192 200 
192 248 
688 212 
316 208 
212 40 
200 224 
196 332 
216 528 
236 284 
196 224 
196 196 
200 192 
208 384 
196 200 
200 200 
236 208 
236 192 
200 224 
192 264 
216 220 
236 208 
276 300 
212 236 
352 244 
216 188 
216 260 
308 336 
196 272 
196 224 
212 200 
192 184 
212 232 
200 228 
192 204 
196 192 
200 192 
232 192 
200 200 
192 212 
188 188 
196 188 
220 248 
212 192 
196 284 
228 228 
244 232 
248 220 
236 196 
196 192 
228 212 
200 196 
260 228 
240 212 
204 204 
196 196 
236 248 
196 204 
276 236 
192 212 
208 192 
212 196 
220 600 
196 196 
396 196 
212 204 
480 256 
196 244 
208 204 
224 204 
260 264 
192 200 
192 192 
200 196 
200 212 
196 188 
200 220 
196 200 
196 196 
204 208 
200 192 
196 192 
240 208 
204 192 
196 220 
236 240 
236 212 
196 264 
276 240 
220 212 
236 252 
212 192 
196 196 
328 188 
232 232 
328 204 
280 240 
188 224 
196 192 
212 192 
276 216 
192 200 
192 192 
236 228 
240 216 
196 188 
228 196 
208 216 
244 212 
232 284 
208 260 
216 200 
284 280 
224 200 
192 188 
196 252 
196 196 
244 248 
284 272 
196 300 
200 196 
324 192 
212 192 
240 216 
200 208 
192 196 
208 264 
204 212 
196 188 
220 196 
232 204 
188 236 
240 200 
236 188 
196 240 
212 208 
432 232 
244 324 
248 824 
192 208 
196 192 
212 188 
220 212 
188 232 
196 196 
232 312 
212 508 
236 212 
232 260 
196 196 
208 196 
200 192 
196 220 
212 196 
212 196 
200 216 
192 244 
228 208 
200 192 
236 240 
200 236 
244 252 
216 216 
276 256 
240 488 
232 208 
236 276 
284 212 
376 280 
220 256 
200 204 
220 212 
304 220 
216 200 
200 196 
196 188 
220 204 
204 208 
220 192 
200 196 
192 216 
216 192 
244 228 
232 288 
236 228 
328 228 
192 328 
196 248 
204 208 
192 188 
192 188 
192 216 
196 240 
232 208 
236 320 
212 720 
216 220 
240 196 
220 212 
204 208 
196 212 
196 196 
224 196 
192 312 
220 204 
228 216 
196 208 
284 224 
232 220 
196 196 
252 248 
196 196 
196 244 
220 196 
348 188 
200 204 
196 188 
204 260 
212 228 
212 216 
196 188 
224 220 
192 196 
200 216 
216 212 
228 212 
212 252 
212 216 
228 204 
216 212 
232 212 
188 204 
220 196 
196 192 
196 204 
192 200 
312 236 
264 192 
204 216 
216 216 
208 212 
236 208 
248 508 
204 248 
0 0 
0 0 
0 0 
0 0 
0 0 
0 0 
200 188 
192 208 
196 308 
208 252 
340 224 
192 48 
2184 196 
196 188 
212 196 
204 204 
200 228 
248 252 
232 200 
236 236 
196 240 
192 196 
232 220 
200 212 
228 188 
192 232 
228 192 
328 256 
216 296 
244 340 
236 188 
220 208 
260 208 
216 212 
244 272 
220 244 
268 216 
212 212 
212 204 
48 40 
208 196 
196 212 
200 188 
276 192 
228 188 
200 196 
196 192 
208 428 
192 208 
220 196 
196 224 
232 680 
248 252 
192 272 
196 192 
192 212 
192 212 
196 48 
304 184 
268 288 
188 256 
312 248 
336 280 
196 192 
224 216 
196 224 
232 196 
212 208 
200 200 
216 192 
216 208 
216 204 
216 188 
236 196 
216 188 
192 196 
204 220 
200 212 
192 192 
212 196 
196 244 
212 216 
252 216 
196 240 
248 192 
188 208 
240 204 
200 212 
200 188 
196 208 
244 196 
192 204 
212 204 
344 228 
196 188 
232 248 
368 288 
312 308 
228 644 
236 260 
312 228 
252 232 
192 204 
200 192 
344 204 
200 344 
300 264 
232 232 
200 204 
232 216 
0 0 
224 212 
204 200 
316 212 
396 208 
220 208 
192 228 
196 236 
204 204 
224 200 
212 248 
192 216 
272 192 
232 280 
196 232 
236 240 
208 196 
192 192 
192 196 
200 224 
204 208 
228 324 
340 236 
256 300 
328 320 
196 224 
268 228 
204 260 
352 292 
232 248 
296 304 
200 192 
228 200 
192 664 
200 192 
204 200 
236 192 
196 200 
228 244 
200 324 
212 188 
192 232 
196 192 
204 196 
228 188 
200 212 
216 192 
236 200 
196 188 
284 420 
200 192 
192 192 
204 200 
196 200 
196 192 
204 188 
192 228 
236 200 
248 204 
236 228 
284 332 
192 192 
212 196 
192 192 
244 200 
548 196 
212 212 
196 192 
244 196 
192 212 
200 192 
200 196 
192 192 
208 232 
204 320 
216 208 
212 196 
192 204 
208 196 
220 216 
216 212 
216 220 
200 188 
208 188 
204 192 
236 208 
200 196 
200 192 
196 192 
192 192 
192 200 
204 196 
196 192 
216 208 
200 212 
240 188 
216 212 
192 192 
200 192 
220 192 
216 204 
240 192 
264 272 
236 216 
204 196 
200 188 
212 208 
196 188 
188 216 
204 192 
212 204 
284 192 
228 272 
252 232 
244 192 
240 320 
384 232 
308 308 
216 220 
220 232 
236 304 
232 228 
200 192 
212 204 
200 208 
196 300 
196 196 
192 292 
196 212 
196 220 
212 224 
204 204 
212 220 
220 228 
236 188 
204 192 
220 200 
212 204 
192 188 
192 192 
212 196 
196 188 
208 248 
204 188 
200 208 
192 324 
196 212 
200 200 
228 232 
196 224 
216 208 
196 212 
296 224 
236 276 
216 196 
300 244 
324 192 
232 44 
240 192 
236 296 
216 188 
232 188 
220 196 
208 220 
208 188 
220 204 
216 196 
196 212 
204 228 
208 192 
240 236 
228 220 
192 212 
200 244 
196 192 
204 204 
504 200 
220 208 
200 196 
204 196 
196 216 
196 216 
232 208 
204 196 
192 204 
44 48 
216 196 
236 188 
212 292 
212 188 
280 236 
504 188 
196 204 
204 200 
200 212 
192 236 
192 188 
232 608 
240 196 
216 188 
196 220 
220 216 
212 196 
256 216 
244 44 
212 196 
224 228 
208 212 
232 212 
232 208 
236 236 
216 208 
228 584 
232 208 
236 236 
256 208 
236 208 
232 216 
236 236 
232 208 
212 248 
240 228 
240 212 
236 240 
236 216 
236 248 
236 224 
236 204 
236 212 
236 232 
240 204 
232 208 
236 212 
232 208 
236 212 
236 208 
228 208 
240 208 
240 232 
236 208 
236 224 
336 216 
236 224 
236 212 
232 208 
232 232 
228 208 
236 236 
236 208 
236 208 
240 208 
236 208 
240 224 
240 224 
236 216 
236 204 
236 260 
236 220 
236 208 
236 228 
232 212 
232 204 
236 204 
232 204 
232 204 
232 212 
236 224 
236 208 
232 212 
236 220 
240 236 
232 212 
232 208 
236 228 
236 216 
236 204 
228 212 
240 232 
240 212 
236 208 
252 212 
236 208 
240 232 
228 204 
236 216 
232 204 
232 208 
236 236 
232 208 
492 216 
232 224 
232 216 
236 244 
236 240 
344 208 
244 212 
236 208 
228 208 
712 288 
236 208 
236 240 
240 212 
240 240 
244 208 
228 228 
232 236 
212 208 
236 520 
236 228 
232 236 
232 216 
236 236 
228 212 
228 208 
236 212 
216 216 
232 208 
228 216 
240 236 
236 236 
240 212 
236 232 
240 216 
236 216 
244 236 
240 208 
236 216 
248 208 
236 208 
232 204 
236 212 
240 208 
232 212 
232 208 
232 212 
232 212 
236 216 
236 204 
236 208 
232 208 
232 220 
240 212 
236 220 
232 236 
232 216 
232 208 
236 208 
240 212 
236 236 
228 212 
240 240 
228 208 
236 232 
232 212 
232 208 
232 208 
232 212 
236 240 
236 208 
228 204 
232 208 
240 212 
236 220 
228 208 
228 208 
244 208 
236 228 
240 212 
236 212 
232 208 
232 208 
240 208 
232 208 
232 212 
248 244 
288 216 
236 216 
236 212 
232 208 
236 208 
232 204 
228 212 
236 220 
228 204 
500 236 
236 236 
236 312 
240 216 
232 216 
232 212 
236 208 
232 212 
240 232 
720 216 
236 260 
236 208 
232 232 
236 208 
236 216 
232 208 
236 208 
216 208 
228 584 
228 208 
240 212 
240 216 
240 232 
236 212 
232 208 
228 208 
216 236 
232 208 
232 208 
232 256 
232 292 
232 236 
232 212 
232 236 
244 212 
232 204 
240 932 
244 208 
236 208 
232 212 
236 208 
240 204 
232 244 
232 228 
232 216 
236 204 
232 212 
240 236 
232 208 
240 236 
344 216 
236 236 
240 212 
236 224 
236 208 
232 240 
240 236 
240 224 
228 208 
236 208 
40 48 
232 204 
236 204 
240 236 
240 208 
232 232 
236 208 
236 208 
240 340 
236 236 
232 212 
240 224 
232 212 
228 204 
240 212 
240 232 
240 204 
232 272 
228 220 
232 212 
236 232 
240 212 
240 216 
232 212 
232 212 
236 252 
296 216 
332 212 
40 36 
236 204 
232 208 
228 232 
232 232 
236 228 
236 208 
544 212 
232 208 
236 208 
236 212 
236 212 
232 212 
228 212 
236 212 
236 252 
752 236 
228 204 
236 232 
236 208 
236 220 
232 208 
236 232 
240 216 
212 208 
232 616 
236 236 
232 208 
240 208 
236 208 
232 48 
236 228 
240 216 
216 212 
236 208 
232 216 
248 212 
236 232 
232 204 
236 204 
228 204 
240 208 
232 248 
232 220 
236 208 
232 212 
236 232 
232 212 
236 208 
236 236 
232 212 
232 208 
232 204 
240 212 
232 204 
232 216 
236 212 
240 204 
240 208 
236 208 
236 212 
236 208 
232 208 
232 208 
240 236 
232 220 
240 212 
232 240 
236 208 
232 208 
232 236 
228 208 
244 212 
232 208 
236 256 
240 208 
228 208 
240 256 
244 208 
240 264 
236 216 
236 204 
236 232 
232 212 
232 208 
228 204 
232 208 
236 232 
232 208 
232 204 
240 224 
236 208 
232 204 
320 216 
232 240 
340 208 
232 208 
232 220 
236 220 
236 232 
236 208 
228 208 
572 236 
236 216 
240 236 
232 212 
232 248 
236 220 
228 212 
228 204 
236 236 
228 404 
236 224 
232 204 
240 208 
236 212 
232 204 
232 204 
228 216 
216 208 
244 596 
236 216 
236 232 
240 232 
240 212 
232 228 
240 216 
232 212 
212 256 
236 216 
244 208 
232 212 
240 216 
236 248 
232 204 
240 248 
236 216 
236 208 
232 208 
236 212 
232 204 
232 212 
236 212 
232 204 
240 208 
228 212 
240 232 
232 208 
232 224 
232 212 
236 232 
232 208 
236 216 
232 208 
236 236 
236 216 
236 212 
232 212 
236 212 
236 220 
236 236 
236 208 
236 208 
240 208 
236 204 
236 240 
236 204 
232 204 
240 212 
236 236 
240 216 
232 228 
228 216 
232 204 
236 224 
232 208 
236 204 
232 212 
240 236 
228 208 
232 208 
232 208 
228 220 
232 232 
244 208 
232 208 
240 236 
236 224 
332 240 
232 208 
232 208 
236 216 
236 216 
236 232 
240 208 
236 232 
240 208 
552 212 
236 208 
232 208 
232 216 
236 212 
296 208 
240 208 
228 212 
232 208 
236 408 
240 208 
236 212 
228 204 
232 232 
236 216 
236 212 
228 208 
212 224 
240 632 
244 208 
236 208 
232 212 
240 232 
228 212 
232 204 
232 212 
216 232 
236 204 
236 248 
240 208 
236 232 
232 212 
236 212 
240 212 
232 208 
236 216 
240 216 
232 208 
252 212 
232 216 
236 212 
232 216 
236 208 
236 208 
236 204 
236 208 
232 212 
232 244 
228 208 
240 236 
236 212 
236 212 
240 212 
232 208 
236 232 
240 208 
228 208 
236 208 
236 216 
232 236 
240 208 
232 212 
232 208 
236 208 
236 260 
236 216 
228 204 
312 208 
236 232 
236 204 
236 224 
232 208 
228 208 
236 208 
232 212 
228 212 
240 208 
236 216 
232 212 
236 212 
236 224 
228 208 
232 208 
236 208 
48 48 
240 216 
368 208 
236 208 
232 208 
232 244 
240 212 
236 208 
240 216 
228 208 
236 236 
568 208 
236 224 
236 212 
232 212 
236 220 
240 208 
236 240 
240 212 
224 204 
232 412 
232 212 
240 232 
232 216 
236 220 
236 208 
236 208 
368 204 
44 40 
232 672 
240 208 
240 212 
232 208 
236 332 
236 204 
236 212 
236 232 
212 216 
232 208 
232 224 
236 236 
240 208 
236 240 
232 212 
240 236 
240 240 
236 232 
236 212 
236 236 
228 208 
232 216 
236 248 
240 232 
240 208 
232 212 
236 40 
232 208 
228 208 
236 236 
232 208 
228 208 
236 236 
236 232 
236 208 
228 212 
228 208 
232 256 
232 208 
236 208 
236 236 
236 240 
240 220 
232 204 
232 208 
236 236 
236 216 
236 212 
240 208 
232 212 
232 208 
228 208 
240 236 
236 244 
244 216 
232 204 
228 208 
232 204 
232 264 
232 232 
232 208 
232 208 
240 212 
232 208 
240 208 
232 212 
240 208 
236 236 
368 232 
236 208 
232 208 
232 216 
236 228 
232 228 
236 216 
240 236 
232 208 
596 216 
236 216 
232 208 
244 212 
236 208 
236 212 
232 204 
232 208 
212 212 
236 420 
296 220 
232 208 
232 212 
236 204 
236 212 
228 208 
228 208 
208 320 
228 668 
240 232 
228 216 
232 208 
240 208 
240 224 
240 212 
228 204 
216 208 
236 208 
236 208 
236 208 
240 204 
236 236 
240 208 
236 252 
232 228 
240 228 
236 216 
264 212 
240 236 
236 256 
236 220 
228 204 
228 208 
240 248 
228 208 
232 224 
236 208 
252 212 
236 232 
236 208 
232 208 
232 208 
236 236 
232 212 
232 212 
236 216 
240 204 
240 220 
236 216 
240 212 
232 264 
236 212 
232 208 
244 208 
236 224 
240 236 
232 212 
240 208 
228 208 
236 228 
232 204 
236 208 
236 236 
240 264 
228 208 
236 220 
232 220 
232 208 
236 236 
232 212 
236 236 
228 212 
232 212 
236 212 
232 208 
232 208 
396 208 
244 208 
240 208 
236 204 
236 232 
232 256 
244 216 
236 264 
240 208 
636 208 
236 208 
236 208 
232 236 
248 208 
228 228 
228 212 
232 232 
212 208 
236 392 
232 212 
232 232 
232 208 
232 208 
240 232 
236 208 
236 216 
212 248 
236 712 
236 208 
228 212 
240 236 
236 208 
236 208 
240 204 
232 212 
208 216 
236 208 
236 208 
232 204 
240 236 
240 216 
240 208 
300 208 
232 216 
240 216 
240 212 
236 236 
236 252 
232 208 
232 256 
236 228 
244 232 
236 216 
236 204 
236 236 
240 208 
232 208 
232 212 
236 208 
236 208 
232 208 
236 208 
228 204 
232 208 
232 208 
240 208 
232 208 
228 212 
240 236 
240 208 
232 208 
236 208 
236 220 
240 208 
236 208 
240 208 
240 208 
232 208 
232 208 
248 208 
232 208 
236 204 
236 212 
248 208 
232 208 
236 280 
232 208 
228 216 
240 236 
236 232 
228 216 
236 208 
232 204 
244 208 
236 232 
396 248 
240 208 
236 232 
232 232 
236 204 
336 216 
236 232 
240 208 
240 208 
668 208 
232 216 
232 212 
236 204 
44 40 
240 232 
236 292 
232 208 
212 268 
232 512 
240 212 
240 208 
236 204 
228 204 
240 208 
232 212 
232 208 
208 212 
240 696 
240 208 
232 212 
232 208 
232 208 
240 212 
236 208 
240 216 
212 208 
232 204 
236 212 
236 236 
236 208 
236 232 
40 44 
236 232 
236 208 
236 208 
264 212 
236 236 
232 208 
236 208 
264 208 
260 208 
232 212 
232 252 
240 208 
236 240 
232 216 
236 236 
236 220 
236 208 
236 440 
248 208 
236 208 
240 236 
236 212 
244 264 
232 212 
232 244 
232 212 
232 132 
240 228 
236 244 
232 208 
240 212 
240 208 
228 208 
232 216 
240 208 
228 212 
236 212 
228 208 
236 208 
232 204 
236 228 
236 216 
228 204 
232 212 
224 212 
232 228 
232 208 
240 212 
236 220 
232 216 
276 212 
232 208 
232 204 
432 212 
232 208 
236 208 
236 208 
240 248 
236 236 
236 204 
240 232 
236 208 
684 212 
236 216 
236 220 
240 208 
236 208 
232 208 
236 232 
240 208 
212 236 
232 524 
232 208 
240 208 
236 212 
240 208 
232 216 
232 212 
228 228 
216 232 
228 220 
232 208 
236 208 
228 212 
236 204 
232 228 
232 208 
240 216 
236 208 
240 208 
236 212 
236 208 
240 208 
240 236 
232 208 
240 232 
240 208 
236 204 
232 208 
236 208 
236 208 
240 252 
240 208 
232 208 
232 212 
232 260 
240 212 
236 208 
232 208 
232 208 
232 216 
240 208 
236 232 
232 208 
244 236 
240 212 
236 212 
236 208 
236 220 
240 212 
232 244 
236 232 
236 220 
232 204 
228 208 
236 208 
232 208 
232 216 
228 216 
236 236 
236 216 
232 220 
236 216 
228 212 
232 228 
236 216 
232 220 
236 220 
228 212 
200 236 
240 216 
236 212 
232 212 
236 232 
232 228 
236 216 
236 208 
244 248 
340 252 
232 208 
240 232 
232 208 
236 204 
236 208 
240 300 
236 220 
232 208 
684 236 
228 212 
232 216 
240 212 
232 204 
236 216 
232 232 
236 208 
216 236 
232 528 
236 208 
236 224 
232 216 
232 204 
236 208 
240 208 
236 236 
216 212 
236 212 
236 212 
232 208 
236 208 
232 232 
240 212 
240 208 
236 208 
240 208 
236 208 
236 208 
232 208 
232 236 
236 208 
236 212 
232 216 
236 224 
236 236 
232 212 
236 212 
240 240 
236 236 
232 212 
232 204 
232 224 
232 208 
232 212 
232 204 
236 208 
236 232 
236 204 
232 204 
236 232 
236 216 
232 208 
236 236 
228 212 
236 232 
232 204 
264 208 
236 208 
232 208 
232 228 
228 216 
232 232 
228 212 
240 232 
232 216 
240 208 
232 208 
232 236 
240 208 
232 228 
244 232 
240 228 
228 212 
232 252 
232 208 
236 208 
236 208 
244 208 
232 208 
240 208 
232 228 
236 216 
228 208 
228 212 
232 212 
472 216 
232 256 
240 208 
344 232 
236 224 
236 212 
240 204 
240 212 
240 212 
728 216 
240 228 
232 212 
236 208 
236 208 
236 216 
240 236 
236 208 
212 204 
232 552 
236 240 
236 212 
228 208 
236 248 
232 212 
236 212 
240 216 
212 208 
236 208 
240 208 
232 208 
228 216 
236 232 
232 208 
228 212 
44 48 
236 236 
240 232 
244 212 
236 220 
240 216 
236 212 
240 212 
232 212 
284 212 
236 204 
236 212 
232 208 
228 220 
236 212 
232 208 
236 212 
236 216 
232 236 
248 212 
236 208 
236 216 
232 208 
236 212 
236 232 
236 208 
240 280 
44 40 
236 208 
236 208 
236 232 
232 208 
236 212 
240 232 
236 220 
228 204 
236 236 
232 204 
236 244 
316 204 
236 208 
232 208 
240 240 
232 208 
228 212 
232 204 
240 232 
240 208 
232 204 
232 212 
232 208 
232 208 
248 260 
232 236 
232 204 
232 44 
232 212 
236 216 
236 204 
232 212 
240 208 
508 208 
232 208 
232 236 
232 204 
228 232 
240 208 
228 208 
236 208 
232 212 
720 212 
232 208 
228 216 
244 212 
236 208 
232 208 
232 216 
240 232 
220 208 
232 600 
236 256 
240 236 
236 236 
236 212 
240 208 
244 208 
236 204 
216 212 
228 208 
240 212 
236 204 
232 212 
228 208 
240 216 
240 204 
236 208 
232 264 
244 208 
236 208 
236 204 
232 208 
236 248 
232 208 
232 208 
236 208 
236 232 
288 216 
232 208 
232 212 
240 220 
236 208 
240 216 
240 252 
240 232 
356 212 
228 204 
232 224 
232 208 
232 208 
232 212 
232 236 
236 212 
232 208 
236 208 
240 236 
240 208 
232 212 
240 236 
236 204 
236 204 
248 204 
240 212 
236 212 
236 248 
236 212 
244 216 
236 236 
232 208 
232 208 
236 232 
236 216 
236 212 
236 208 
240 256 
240 216 
232 208 
236 236 
252 212 
232 236 
236 212 
236 208 
232 204 
232 248 
236 208 
228 204 
232 212 
500 208 
236 208 
232 216 
232 212 
236 236 
240 220 
228 208 
232 228 
236 232 
324 260 
232 208 
236 208 
240 232 
228 212 
232 216 
240 236 
240 232 
208 208 
232 596 
236 236 
364 208 
228 208 
232 208 
240 244 
240 240 
240 236 
216 208 
240 256 
240 208 
232 216 
236 232 
236 208 
236 208 
232 204 
240 216 
232 212 
232 208 
240 208 
236 236 
236 220 
228 204 
232 208 
228 208 
236 224 
240 208 
232 208 
228 212 
236 212 
240 216 
236 232 
236 212 
236 236 
232 212 
232 204 
232 216 
236 216 
232 208 
236 208 
236 264 
240 208 
232 212 
240 232 
236 208 
232 208 
240 204 
228 236 
240 216 
240 208 
232 220 
232 216 
236 228 
232 204 
236 236 
240 216 
232 232 
232 236 
236 212 
232 208 
236 232 
236 204 
232 208 
228 204 
236 208 
236 240 
236 216 
232 204 
284 208 
236 212 
236 236 
228 204 
232 208 
240 220 
236 208 
268 204 
236 208 
532 208 
228 204 
236 228 
240 208 
228 212 
236 236 
240 212 
236 216 
232 204 
728 212 
232 264 
244 204 
236 204 
228 204 
228 212 
240 236 
240 208 
212 208 
240 580 
240 212 
236 236 
232 204 
228 248 
232 232 
240 208 
232 208 
216 228 
288 728 
264 208 
236 232 
236 236 
236 204 
232 220 
244 232 
236 208 
232 216 
236 212 
236 216 
232 208 
236 236 
232 204 
232 208 
232 208 
232 204 
236 212 
232 208 
236 220 
236 228 
236 212 
236 216 
232 212 
236 236 
236 236 
236 208 
240 208 
232 236 
48 44 
236 232 
232 208 
244 232 
228 208 
240 204 
240 236 
240 208 
232 204 
236 236 
268 208 
232 232 
228 208 
232 216 
232 208 
236 204 
228 236 
236 224 
236 216 
232 208 
236 232 
236 232 
236 208 
232 204 
232 236 
236 208 
232 212 
236 244 
48 44 
232 204 
324 208 
240 232 
240 212 
232 208 
240 212 
236 212 
236 236 
236 208 
240 212 
568 236 
240 236 
240 212 
236 256 
236 220 
236 208 
240 220 
236 236 
240 208 
236 400 
232 208 
236 208 
240 220 
240 216 
240 204 
240 252 
236 208 
220 324 
240 596 
236 240 
228 208 
232 240 
236 232 
240 220 
240 208 
236 224 
208 208 
240 212 
232 204 
240 204 
240 208 
304 212 
236 264 
240 208 
232 248 
228 212 
236 220 
284 208 
232 216 
232 212 
236 216 
236 244 
240 208 
228 208 
244 236 
232 208 
232 212 
232 208 
236 260 
236 216 
236 220 
236 216 
248 232 
236 236 
236 216 
232 216 
236 216 
232 204 
232 212 
236 212 
236 232 
244 208 
232 232 
232 204 
232 212 
232 212 
232 232 
240 236 
236 212 
236 240 
236 212 
244 212 
232 212 
236 216 
232 208 
240 208 
228 208 
232 244 
232 212 
236 244 
240 224 
236 204 
236 252 
240 212 
304 212 
236 204 
352 208 
236 208 
228 208 
232 228 
240 336 
236 220 
236 216 
232 208 
232 212 
564 212 
236 208 
236 232 
240 212 
236 268 
236 216 
240 208 
236 212 
236 208 
232 400 
236 208 
228 216 
232 212 
240 204 
232 232 
236 276 
240 208 
212 204 
216 324 
0 0 
0 0 
0 0 
0 0 
0 0 
0 0 
0 0 
0 0 
0 0 
0 0 
0 0 
0 0 
0 0 
0 0 
0 0 
0 0 
0 0 
0 0 
0 0 
0 0 
0 0 
0 0 
0 0 
0 0 
0 0 
0 0 
0 0 
0 0 
0 0 
0 0 
0 0 
0 0 
0 0 
0 0 
0 0 
0 0 
0 0 
0 0 
0 0 
0 0 
0 0 
0 0 
0 0 
0 0 
0 0 
0 0 
0 0 
0 0 
0 0 
236 208 
240 208 
232 204 
252 240 
236 216 
236 208 
240 208 
240 216 
232 208 
240 236 
244 224 
244 216 
236 232 
236 248 
240 208 
240 208 
232 208 
236 212 
336 208 
236 236 
240 208 
232 212 
232 208 
232 208 
232 212 
240 236 
240 216 
588 212 
232 208 
232 216 
236 208 
232 208 
236 212 
236 224 
236 232 
236 208 
228 424 
236 220 
240 224 
240 208 
232 212 
232 208 
244 208 
232 208 
216 216 
236 652 
232 212 
232 236 
228 208 
236 204 
236 212 
236 204 
232 212 
216 236 
240 236 
236 224 
228 208 
240 216 
236 204 
228 212 
232 208 
236 236 
232 220 
232 212 
232 216 
232 232 
240 216 
236 236 
236 208 
240 212 
240 208 
232 216 
232 212 
236 232 
236 236 
236 216 
232 216 
232 252 
240 220 
232 244 
236 236 
228 208 
240 208 
236 208 
236 208 
236 216 
232 208 
232 236 
232 212 
232 208 
240 236 
232 216 
240 212 
228 204 
240 212 
232 208 
240 232 
240 204 
232 208 
232 260 
236 224 
48 40 
236 208 
232 208 
236 204 
240 236 
232 208 
236 236 
228 208 
240 240 
240 208 
228 208 
232 208 
388 236 
236 236 
232 208 
232 212 
244 208 
232 208 
236 228 
236 224 
232 212 
612 212 
232 208 
236 256 
236 232 
232 212 
232 216 
232 208 
48 44 
224 232 
236 460 
232 232 
240 204 
232 212 
240 212 
236 208 
236 208 
236 208 
212 212 
232 676 
248 208 
232 232 
228 208 
228 208 
236 232 
236 208 
260 208 
208 212 
240 232 
240 208 
232 208 
236 208 
236 264 
236 208 
236 212 
244 216 
244 208 
236 44 
232 204 
232 228 
232 204 
228 212 
232 204 
228 204 
236 236 
236 208 
236 216 
240 212 
240 212 
236 236 
232 208 
228 240 
232 212 
236 236 
236 204 
240 208 
364 204 
236 212 
240 212 
236 232 
236 208 
232 204 
236 260 
240 228 
232 216 
228 216 
236 220 
232 212 
232 276 
236 216 
232 204 
256 220 
240 208 
232 212 
240 212 
236 212 
236 240 
240 208 
228 204 
236 208 
240 208 
236 208 
236 208 
232 212 
240 228 
232 232 
236 208 
408 260 
228 208 
232 208 
236 236 
236 224 
232 208 
244 212 
228 212 
240 260 
632 236 
236 236 
240 212 
232 208 
236 208 
236 208 
236 216 
232 244 
212 204 
236 476 
240 216 
232 232 
232 224 
236 216 
232 212 
236 232 
232 208 
208 212 
232 700 
236 216 
240 204 
236 212 
236 232 
236 208 
236 228 
232 244 
212 220 
244 208 
244 208 
236 208 
236 208 
232 204 
232 208 
236 216 
228 216 
236 236 
240 208 
236 204 
228 212 
236 208 
232 216 
324 208 
232 212 
232 208 
236 216 
232 208 
228 204 
240 232 
236 236 
232 208 
236 212 
236 208 
232 208 
236 204 
232 236 
236 208 
240 208 
228 232 
232 232 
240 208 
236 212 
232 204 
232 212 
236 212 
228 216 
244 208 
228 208 
228 212 
236 224 
236 208 
232 204 
240 204 
232 212 
228 208 
236 212 
228 212 
236 236 
240 208 
232 208 
232 204 
236 212 
232 204 
240 220 
236 208 
228 212 
232 212 
432 208 
240 208 
236 236 
232 208 
236 228 
240 216 
236 228 
240 208 
232 208 
636 208 
240 208 
252 212 
236 236 
232 208 
240 208 
236 232 
232 208 
208 216 
236 504 
236 236 
240 224 
228 212 
244 208 
236 212 
236 212 
236 212 
212 232 
228 208 
232 216 
236 212 
232 208 
232 208 
232 236 
236 216 
236 208 
212 268 
232 212 
236 244 
236 216 
232 204 
240 208 
236 264 
236 208 
236 208 
228 212 
236 232 
248 240 
232 208 
228 232 
228 216 
232 208 
244 212 
240 236 
232 208 
232 212 
232 216 
240 216 
232 208 
236 208 
240 236 
228 204 
236 212 
236 216 
240 224 
236 208 
240 212 
268 212 
228 216 
228 216 
240 208 
248 208 
248 212 
232 220 
228 208 
232 208 
232 208 
232 208 
240 264 
252 216 
232 204 
236 232 
232 212 
252 212 
232 236 
240 208 
328 208 
220 208 
232 212 
236 216 
232 208 
232 232 
236 236 
244 208 
240 208 
236 252 
428 208 
236 232 
232 208 
236 208 
296 212 
236 208 
48 44 
240 208 
232 208 
660 236 
228 204 
232 208 
236 212 
240 216 
236 232 
232 208 
232 228 
216 208 
232 520 
236 208 
236 204 
232 208 
232 260 
236 208 
232 260 
236 232 
212 212 
236 732 
232 204 
232 212 
240 236 
236 220 
232 220 
48 40 
236 208 
208 212 
232 216 
240 232 
232 208 
240 208 
232 208 
236 236 
236 256 
228 208 
240 208 
236 216 
236 208 
240 220 
232 208 
236 260 
232 216 
232 228 
232 232 
240 216 
236 216 
236 236 
228 212 
240 212 
228 204 
232 204 
236 236 
236 208 
240 48 
236 248 
240 208 
240 216 
236 260 
232 208 
240 212 
244 212 
236 216 
236 212 
236 208 
236 212 
232 228 
236 212 
228 208 
228 224 
240 232 
236 208 
240 236 
240 208 
228 244 
232 244 
240 208 
236 216 
196 208 
240 208 
232 208 
240 208 
236 208 
232 204 
240 208 
232 208 
232 212 
456 212 
232 216 
232 224 
232 208 
236 220 
232 216 
236 232 
232 208 
232 204 
700 204 
232 232 
232 208 
240 248 
236 208 
236 216 
240 232 
236 204 
212 216 
240 488 
232 208 
248 268 
232 208 
232 240 
228 204 
240 224 
228 208 
216 232 
236 208 
232 208 
232 224 
228 204 
232 212 
232 212 
236 216 
236 216 
244 292 
236 228 
240 236 
236 204 
228 216 
232 232 
240 236 
268 212 
236 208 
236 228 
232 208 
232 208 
228 208 
232 208 
236 204 
232 204 
236 252 
240 208 
236 216 
232 212 
232 208 
236 212 
236 232 
236 204 
240 208 
244 236 
236 204 
240 208 
236 216 
240 208 
236 460 
240 212 
240 220 
240 208 
228 208 
232 208 
232 232 
228 208 
240 208 
232 204 
236 204 
240 204 
236 212 
236 216 
232 204 
236 208 
240 212 
236 220 
236 208 
228 204 
232 216 
236 256 
236 208 
236 212 
228 208 
236 232 
240 208 
236 208 
236 208 
236 240 
464 208 
240 212 
228 212 
236 212 
232 212 
236 216 
236 232 
236 204 
236 252 
692 220 
236 208 
236 232 
232 208 
236 212 
232 208 
232 260 
236 208 
220 208 
236 552 
236 236 
228 208 
232 204 
240 212 
240 208 
236 228 
232 212 
212 208 
232 236 
236 216 
236 212 
236 220 
236 208 
236 204 
240 216 
232 212 
240 232 
232 208 
232 208 
256 244 
232 232 
236 236 
232 208 
232 208 
240 232 
240 208 
232 208 
240 232 
232 208 
236 224 
236 208 
240 232 
232 208 
232 208 
236 216 
228 208 
236 232 
232 212 
240 236 
236 212 
240 212 
236 208 
232 204 
232 216 
228 224 
232 212 
232 208 
236 228 
228 204 
228 212 
236 220 
236 216 
232 208 
236 236 
236 208 
236 208 
236 232 
236 208 
236 212 
236 220 
240 204 
236 208 
232 216 
232 216 
240 236 
228 236 
232 216 
252 236 
236 212 
240 212 
232 208 
240 232 
244 208 
228 204 
240 232 
228 208 
476 212 
236 208 
232 232 
232 208 
232 236 
232 208 
232 236 
236 216 
240 212 
728 204 
228 216 
232 208 
232 220 
236 212 
236 204 
232 208 
48 208 
236 208 
236 572 
232 232 
240 208 
236 264 
236 232 
236 212 
236 484 
228 204 
212 204 
232 212 
236 252 
236 204 
232 208 
232 216 
228 212 
240 244 
236 232 
240 204 
236 212 
240 224 
240 216 
244 212 
232 232 
228 208 
240 204 
44 48 
236 232 
236 204 
236 232 
236 236 
236 212 
288 204 
240 236 
232 208 
240 220 
228 208 
240 232 
236 232 
240 208 
232 208 
240 208 
232 204 
252 208 
232 220 
236 212 
228 208 
244 236 
240 216 
240 212 
236 212 
236 228 
232 204 
232 212 
240 208 
236 272 
236 208 
228 212 
236 208 
232 216 
236 236 
236 212 
232 204 
236 232 
232 216 
236 204 
232 208 
232 248 
236 208 
260 236 
236 232 
232 212 
232 208 
236 236 
240 216 
240 220 
232 208 
236 216 
508 204 
228 212 
232 216 
236 232 
232 208 
240 212 
232 212 
236 232 
232 208 
748 216 
236 204 
228 212 
232 212 
236 240 
240 208 
240 204 
244 212 
208 208 
272 556 
236 208 
232 208 
232 240 
240 252 
240 208 
232 232 
236 232 
212 264 
236 232 
236 204 
232 236 
240 208 
236 216 
240 216 
236 208 
232 208 
232 208 
232 208 
236 220 
232 208 
240 204 
236 244 
236 220 
236 232 
244 220 
240 212 
256 212 
240 232 
240 240 
244 208 
228 208 
240 208 
236 216 
236 216 
236 208 
236 212 
232 204 
232 208 
236 232 
232 208 
236 224 
236 212 
236 208 
232 208 
428 208 
232 208 
236 232 
240 220 
240 208 
236 212 
236 236 
232 204 
232 208 
228 208 
228 212 
232 228 
236 208 
228 208 
232 204 
240 212 
240 204 
236 216 
232 208 
236 204 
240 204 
232 212 
236 220 
288 224 
232 212 
236 252 
236 212 
240 208 
228 212 
236 212 
232 216 
236 232 
520 220 
244 216 
236 240 
236 236 
232 212 
236 220 
240 208 
236 232 
228 204 
240 344 
236 220 
236 208 
228 212 
236 236 
232 204 
240 208 
232 236 
216 216 
232 612 
240 208 
232 208 
232 216 
240 212 
244 204 
232 212 
236 220 
212 204 
272 212 
244 236 
232 208 
232 208 
232 248 
236 208 
236 232 
236 224 
236 248 
236 220 
236 204 
240 224 
240 208 
240 208 
240 284 
232 208 
240 212 
236 208 
228 208 
232 204 
232 212 
240 216 
236 204 
240 228 
240 208 
232 212 
244 212 
236 212 
232 212 
236 236 
236 312 
232 208 
228 208 
232 208 
228 208 
236 240 
236 232 
236 204 
236 260 
232 208 
236 204 
236 280 
236 208 
232 208 
240 248 
240 204 
232 220 
236 232 
244 208 
232 216 
232 204 
240 208 
232 236 
236 212 
236 212 
232 208 
236 208 
232 212 
236 204 
324 204 
236 216 
232 208 
232 212 
240 208 
236 224 
232 212 
232 208 
308 208 
560 272 
240 216 
232 208 
232 204 
268 212 
236 216 
240 204 
232 204 
240 244 
232 396 
232 284 
232 208 
232 216 
236 236 
228 232 
48 44 
240 236 
220 208 
236 632 
232 204 
236 208 
240 212 
228 212 
232 232 
236 208 
236 232 
204 208 
232 236 
232 208 
236 212 
236 216 
236 240 
236 248 
236 236 
232 208 
236 212 
232 216 
236 236 
240 208 
232 204 
232 208 
228 204 
236 224 
232 204 
48 48 
232 212 
236 208 
236 220 
232 212 
236 248 
240 208 
232 212 
232 216 
232 232 
236 208 
236 216 
232 208 
240 212 
232 236 
232 220 
232 208 
236 220 
240 212 
236 248 
236 216 
236 236 
232 204 
236 232 
236 216 
232 208 
236 208 
244 212 
232 44 
232 212 
236 236 
228 204 
236 268 
236 216 
232 204 
228 212 
284 276 
232 204 
236 208 
236 244 
252 212 
232 216 
308 204 
236 240 
236 208 
236 212 
228 208 
240 220 
236 212 
232 208 
268 216 
564 208 
244 212 
232 212 
232 208 
236 308 
240 212 
240 216 
236 216 
216 292 
236 388 
232 208 
240 220 
236 208 
232 204 
236 236 
240 208 
236 212 
212 256 
228 664 
232 208 
240 212 
232 208 
240 212 
236 204 
228 204 
232 216 
208 208 
236 224 
240 220 
232 208 
248 212 
232 228 
236 228 
236 216 
232 204 
240 208 
236 216 
236 208 
228 248 
236 236 
232 208 
228 208 
236 252 
232 208 
232 248 
232 232 
240 216 
240 212 
232 216 
232 208 
240 236 
236 208 
268 208 
236 204 
232 208 
236 232 
240 232 
236 264 
236 208 
236 208 
236 212 
232 208 
232 204 
232 208 
264 216 
232 212 
252 212 
232 248 
240 220 
232 212 
236 212 
232 208 
236 208 
236 208 
232 252 
240 232 
232 208 
236 204 
236 208 
232 208 
228 212 
232 204 
232 208 
232 208 
232 216 
236 212 
340 208 
236 232 
232 264 
236 212 
232 208 
228 216 
236 208 
232 244 
240 212 
588 224 
240 232 
236 204 
228 204 
240 204 
232 208 
232 220 
240 204 
236 212 
240 412 
232 212 
240 236 
232 212 
232 216 
240 256 
236 244 
232 208 
216 252 
232 656 
232 212 
236 232 
232 212 
232 204 
236 224 
232 212 
232 212 
208 208 
232 208 
240 232 
232 208 
236 208 
240 232 
232 208 
232 216 
244 208 
232 232 
240 216 
240 220 
240 232 
232 208 
232 232 
244 208 
232 212 
236 236 
236 212 
232 208 
232 208 
236 244 
236 208 
236 212 
232 212 
232 212 
232 204 
236 236 
236 204 
244 212 
236 232 
236 220 
240 208 
232 208 
236 320 
232 204 
236 208 
244 212 
232 228 
236 216 
232 216 
236 232 
232 204 
240 212 
240 264 
232 204 
236 216 
232 208 
228 212 
240 212 
236 232 
236 212 
236 212 
236 212 
236 220 
232 216 
232 212 
228 208 
232 240 
236 220 
380 236 
236 204 
232 232 
252 204 
232 204 
480 208 
240 208 
228 208 
236 236 
624 204 
232 204 
232 204 
288 216 
232 256 
232 208 
228 208 
232 236 
224 204 
236 416 
236 208 
232 208 
236 208 
232 208 
232 208 
236 208 
232 212 
216 216 
240 672 
240 212 
236 216 
228 208 
236 208 
236 256 
240 208 
236 256 
216 212 
236 228 
236 228 
236 220 
236 204 
236 252 
240 232 
236 224 
236 212 
232 208 
228 216 
232 212 
244 236 
236 208 
236 212 
48 44 
232 208 
232 212 
240 216 
228 204 
232 212 
236 212 
228 204 
236 256 
240 212 
232 208 
232 208 
236 208 
232 204 
232 204 
236 204 
236 208 
236 256 
236 236 
236 204 
48 44 
228 208 
240 232 
240 208 
232 204 
232 264 
228 212 
236 232 
240 208 
240 208 
236 236 
240 212 
232 212 
232 216 
236 208 
232 208 
244 236 
232 212 
236 232 
236 236 
228 208 
236 208 
232 208 
240 220 
232 208 
408 216 
236 236 
236 44 
228 208 
232 232 
236 216 
228 208 
236 228 
232 248 
620 216 
236 216 
236 204 
244 232 
240 208 
236 232 
240 208 
232 208 
216 224 
236 436 
232 260 
240 232 
236 264 
232 204 
236 236 
232 208 
232 216 
212 236 
244 680 
236 208 
232 208 
240 264 
232 256 
236 208 
240 228 
240 204 
208 212 
236 208 
232 212 
232 236 
240 212 
240 216 
232 256 
236 208 
236 256 
236 232 
240 208 
228 204 
232 232 
240 236 
236 208 
240 244 
236 236 
240 208 
236 236 
236 212 
236 212 
232 216 
228 212 
240 232 
232 208 
236 236 
232 208 
240 212 
244 236 
240 212 
236 304 
236 212 
236 212 
236 236 
292 224 
236 204 
228 312 
232 212 
240 216 
232 212 
236 216 
240 208 
240 236 
232 216 
240 252 
228 244 
236 220 
236 208 
240 232 
228 216 
236 216 
220 204 
228 208 
240 216 
232 208 
240 216 
240 232 
244 208 
240 232 
236 232 
396 220 
232 216 
236 232 
236 208 
236 212 
232 212 
232 232 
236 236 
232 208 
648 208 
240 236 
236 232 
236 216 
236 236 
240 208 
236 208 
232 212 
212 208 
232 492 
244 212 
232 212 
232 204 
232 208 
236 208 
236 244 
232 216 
212 208 
240 720 
236 232 
240 212 
232 228 
236 216 
232 208 
240 212 
232 212 
208 204 
228 208 
232 232 
236 232 
236 204 
236 240 
236 228 
236 208 
232 204 
232 232 
236 240 
236 236 
236 252 
240 216 
236 216 
236 212 
236 208 
228 236 
236 208 
236 208 
244 208 
236 212 
232 204 
236 260 
236 208 
276 208 
232 216 
228 208 
236 244 
236 232 
232 212 
232 216 
232 208 
240 208 
236 212 
236 220 
240 208 
232 204 
236 208 
232 216 
236 220 
352 216 
236 236 
236 212 
232 212 
228 208 
232 208 
244 232 
232 216 
232 208 
232 208 
236 208 
236 208 
228 212 
240 228 
228 208 
240 216 
240 208 
232 204 
236 232 
448 208 
236 208 
228 208 
244 216 
232 208 
240 212 
232 212 
236 208 
232 212 
676 216 
232 208 
240 236 
232 208 
240 216 
236 220 
236 208 
236 240 
212 208 
244 492 
236 208 
236 240 
240 236 
240 204 
232 204 
236 252 
232 212 
212 240 
280 592 
232 212 
232 212 
232 208 
236 212 
232 236 
232 204 
232 208 
216 208 
240 236 
236 208 
228 208 
236 208 
232 264 
232 236 
232 208 
232 208 
228 208 
232 256 
244 212 
236 208 
44 44 
236 232 
232 208 
240 208 
240 236 
232 212 
236 236 
236 204 
240 208 
236 212 
240 208 
228 204 
232 212 
244 208 
236 232 
232 208 
232 204 
236 232 
236 208 
232 208 
228 212 
236 252 
236 212 
240 204 
236 232 
240 208 
232 212 
48 48 
236 212 
232 204 
240 232 
232 216 
232 228 
236 220 
232 204 
248 220 
240 212 
236 208 
216 216 
228 216 
236 220 
228 212 
232 208 
236 208 
236 212 
236 212 
236 208 
464 216 
236 236 
236 216 
232 220 
240 232 
236 204 
228 212 
304 208 
236 212 
696 44 
236 248 
232 208 
232 208 
236 212 
236 204 
244 208 
228 204 
212 236 
240 532 
232 208 
244 256 
240 216 
240 208 
236 212 
240 236 
236 208 
208 208 
236 212 
232 204 
228 212 
280 208 
236 216 
232 216 
236 236 
240 208 
232 208 
232 208 
232 208 
240 208 
232 212 
232 212 
240 208 
228 212 
232 220 
240 208 
228 212 
236 208 
244 212 
232 208 
232 264 
232 212 
236 324 
264 212 
236 208 
232 212 
236 204 
232 208 
232 208 
232 212 
232 208 
236 256 
240 212 
240 216 
236 204 
248 212 
240 216 
236 244 
236 212 
236 204 
240 208 
232 232 
232 232 
240 204 
232 260 
236 216 
240 236 
236 212 
236 208 
236 244 
232 208 
228 212 
236 212 
236 208 
232 208 
244 216 
240 236 
252 208 
236 208 
236 208 
240 232 
236 208 
232 208 
276 208 
236 212 
232 216 
452 236 
232 216 
240 208 
240 208 
240 208 
236 216 
228 204 
232 208 
240 212 
700 212 
236 236 
240 212 
240 240 
240 208 
236 212 
228 212 
240 232 
212 212 
232 420 
232 260 
236 208 
232 208 
232 212 
240 212 
236 216 
240 208 
208 216 
228 208 
236 212 
232 212 
240 232 
236 216 
228 208 
232 220 
232 208 
228 212 
228 208 
236 208 
232 208 
236 232 
232 208 
232 264 
232 212 
236 256 
232 208 
228 208 
240 208 
236 208 
236 236 
244 212 
236 204 
232 216 
236 208 
236 208 
236 232 
232 208 
236 212 
232 212 
232 212 
240 236 
236 204 
232 224 
240 208 
232 236 
236 204 
232 232 
236 212 
236 208 
240 236 
232 208 
244 240 
236 208 
232 208 
232 208 
240 212 
236 212 
236 212 
248 208 
228 204 
236 212 
240 216 
236 204 
228 252 
240 220 
240 220 
236 216 
260 216 
248 208 
236 208 
236 216 
236 224 
232 204 
244 216 
240 208 
232 208 
512 232 
236 236 
244 216 
236 212 
236 224 
236 212 
232 204 
236 216 
232 208 
720 216 
236 236 
232 208 
232 212 
240 236 
232 208 
232 208 
240 244 
220 208 
232 572 
232 208 
240 236 
