# ./FR-trace starting at Mon Apr 20 19:09:52 2020
################# CONFIG #################
# slot=5000
# samples=10000
# threshold=100
# idle=500
# minlen=500
# runs=10000
# pdathreads=2
# nmonitored=2
#   monitor0=../apps/openssl ec2_mult.c:153 0x1e7854
#   monitor1=../apps/openssl ec2_mult.c:161 0x1e789c
# nevicted=0
# npdatargets=2
#   target0=../apps/openssl bn_gf2m.c:412 0x20bd10
#   target1=../apps/openssl bn_gf2m.c:412+64 0x20bd50
# affinity=all
############## SYSTEM INFO ###############
# mastik_version=
# sysname=Linux
# nodename=lovelace
# release=5.3.7-arch1-1-ARCH
# version=#1 SMP PREEMPT Fri Oct 18 00:17:03 UTC 2019
# machine=x86_64
################## DATA ##################
# run=5849
# datapoints=10000
48 48 
232 228 
236 212 
240 212 
232 212 
236 228 
0 0 
0 0 
0 0 
0 0 
192 228 
232 232 
228 228 
272 208 
208 208 
244 208 
204 232 
236 216 
236 216 
236 236 
240 260 
232 216 
240 208 
232 208 
240 212 
236 212 
240 208 
236 212 
236 232 
232 228 
236 216 
232 212 
236 208 
232 220 
236 208 
376 216 
256 212 
232 276 
236 212 
236 204 
236 212 
236 216 
244 216 
232 216 
600 212 
228 44 
236 212 
232 236 
236 248 
236 212 
228 216 
236 220 
272 212 
236 448 
240 220 
232 216 
236 216 
232 208 
240 212 
236 208 
232 244 
212 264 
248 580 
236 208 
232 216 
236 212 
236 216 
236 216 
236 260 
240 212 
212 240 
236 248 
236 228 
232 216 
244 212 
236 216 
264 220 
240 204 
236 220 
232 208 
232 208 
236 216 
236 212 
236 208 
232 236 
248 212 
232 220 
232 208 
228 208 
236 208 
240 212 
236 224 
228 212 
232 208 
236 216 
236 232 
240 216 
228 240 
236 212 
232 212 
236 208 
236 236 
232 212 
236 236 
240 220 
228 212 
236 216 
236 208 
236 260 
236 236 
232 220 
232 212 
236 212 
240 212 
232 208 
236 204 
240 268 
232 220 
244 216 
228 216 
264 216 
236 220 
232 208 
236 212 
236 216 
236 236 
236 248 
248 212 
240 204 
232 216 
392 244 
236 256 
236 208 
236 208 
232 204 
232 212 
228 236 
232 220 
232 208 
624 224 
240 212 
236 208 
240 240 
232 232 
232 212 
360 212 
236 208 
212 208 
228 516 
232 220 
236 256 
236 216 
240 216 
240 212 
232 208 
236 212 
212 220 
232 720 
240 240 
236 240 
224 236 
236 220 
236 264 
240 220 
240 208 
228 228 
236 216 
236 236 
232 216 
236 244 
232 212 
240 256 
236 204 
236 236 
232 236 
228 212 
236 220 
236 212 
232 212 
240 212 
236 212 
232 208 
232 212 
232 232 
232 216 
232 212 
236 216 
236 208 
240 212 
236 248 
236 228 
236 208 
236 212 
236 216 
232 216 
236 208 
240 240 
240 252 
232 240 
236 212 
236 216 
232 212 
272 216 
236 220 
228 216 
236 240 
232 216 
232 216 
236 204 
232 208 
236 212 
236 236 
232 240 
236 212 
232 232 
232 260 
236 248 
228 252 
236 208 
236 232 
232 228 
232 220 
244 216 
252 212 
344 212 
408 216 
232 240 
232 236 
224 208 
232 212 
236 212 
236 216 
236 236 
240 208 
612 212 
236 232 
236 204 
232 208 
236 236 
232 212 
236 212 
244 212 
220 212 
232 496 
236 212 
232 208 
240 212 
236 244 
240 236 
236 228 
232 236 
212 264 
260 716 
236 216 
228 212 
236 236 
240 208 
244 216 
232 212 
236 212 
232 216 
232 236 
236 220 
224 212 
236 212 
240 212 
236 224 
232 216 
232 212 
236 216 
232 212 
236 232 
236 212 
232 212 
236 216 
232 216 
232 208 
236 240 
236 236 
232 264 
228 228 
236 220 
244 264 
236 212 
240 212 
236 208 
228 216 
240 212 
240 212 
232 216 
232 204 
228 244 
236 212 
236 260 
236 248 
236 212 
236 240 
232 208 
236 216 
236 268 
236 256 
228 212 
240 208 
236 212 
232 216 
232 212 
232 228 
244 212 
232 236 
236 228 
284 212 
204 208 
240 216 
236 208 
232 212 
240 212 
228 216 
232 212 
236 208 
240 208 
420 212 
232 208 
236 208 
240 216 
232 212 
228 220 
236 216 
240 212 
232 212 
692 216 
236 236 
236 272 
232 212 
240 204 
232 208 
236 208 
228 236 
232 212 
232 520 
236 208 
232 216 
232 208 
236 208 
236 212 
232 244 
232 208 
212 228 
236 236 
252 204 
228 216 
40 40 
232 212 
232 232 
232 212 
240 240 
208 256 
232 232 
232 212 
236 212 
236 212 
236 216 
236 216 
244 212 
232 212 
236 212 
244 216 
236 240 
232 256 
248 212 
384 208 
236 212 
236 264 
232 212 
232 216 
236 220 
232 212 
236 232 
240 208 
232 212 
240 212 
44 44 
236 212 
248 208 
236 208 
232 220 
240 216 
236 240 
232 236 
236 216 
236 208 
228 212 
236 212 
232 228 
236 208 
236 216 
236 216 
236 208 
240 212 
236 220 
240 208 
228 228 
236 216 
240 208 
240 236 
236 236 
236 256 
208 240 
232 212 
232 212 
240 236 
232 208 
236 236 
236 220 
236 44 
236 208 
444 228 
236 208 
236 236 
236 216 
232 216 
236 236 
232 220 
232 224 
236 220 
692 212 
232 236 
232 240 
240 204 
236 212 
232 236 
304 212 
236 232 
212 212 
240 512 
236 208 
236 240 
236 260 
236 232 
228 216 
232 236 
252 212 
208 208 
240 228 
236 212 
236 208 
236 236 
236 268 
236 212 
240 260 
236 268 
236 212 
236 208 
232 212 
236 212 
232 288 
228 212 
232 212 
236 208 
236 236 
236 240 
232 212 
228 216 
232 216 
236 208 
236 212 
236 212 
232 216 
236 220 
240 208 
236 240 
236 236 
228 212 
232 212 
236 216 
240 256 
236 212 
236 208 
240 216 
236 216 
236 208 
244 216 
236 240 
232 240 
280 216 
236 232 
232 236 
240 240 
236 208 
232 212 
228 212 
232 208 
236 212 
240 208 
236 216 
232 212 
232 212 
236 212 
240 236 
232 212 
236 220 
236 216 
232 212 
620 212 
236 208 
232 204 
236 212 
232 212 
232 220 
236 220 
236 268 
476 212 
236 236 
236 224 
236 208 
232 236 
228 216 
256 212 
236 208 
228 208 
696 212 
232 216 
228 212 
236 220 
232 216 
236 216 
228 204 
236 208 
212 212 
228 460 
240 232 
236 240 
232 268 
244 240 
232 216 
232 216 
232 212 
212 212 
232 216 
228 212 
236 204 
236 216 
236 216 
236 264 
232 216 
232 212 
236 212 
232 232 
236 248 
232 212 
236 212 
232 216 
236 224 
232 224 
232 208 
232 212 
236 240 
236 236 
236 260 
232 228 
236 212 
236 228 
236 208 
236 208 
232 212 
240 216 
240 212 
236 256 
240 212 
240 208 
236 232 
232 240 
232 212 
236 216 
232 212 
240 208 
232 236 
232 212 
232 204 
236 212 
236 216 
232 248 
236 224 
232 212 
236 216 
232 216 
228 212 
244 216 
236 240 
240 212 
236 212 
244 216 
240 220 
236 216 
232 224 
228 216 
236 232 
260 216 
252 208 
236 208 
228 204 
232 204 
236 208 
236 212 
232 216 
232 264 
488 236 
232 216 
232 212 
232 228 
236 232 
236 212 
232 232 
228 208 
232 224 
736 220 
240 232 
236 212 
308 212 
240 208 
236 240 
232 232 
232 212 
212 204 
232 580 
236 212 
236 240 
236 204 
228 208 
232 216 
236 204 
236 212 
216 212 
236 236 
232 220 
236 208 
232 204 
236 236 
236 208 
236 220 
232 212 
240 220 
236 232 
236 236 
240 208 
236 216 
236 208 
236 208 
236 204 
236 208 
240 212 
232 260 
236 256 
224 276 
240 204 
236 216 
236 236 
232 228 
232 216 
236 208 
236 236 
236 212 
228 212 
232 208 
236 212 
240 216 
236 236 
232 236 
236 208 
232 224 
232 224 
228 212 
228 212 
232 208 
232 224 
232 236 
228 208 
232 216 
264 264 
48 44 
236 224 
244 208 
236 212 
232 216 
236 212 
232 212 
228 208 
232 212 
240 216 
244 212 
232 208 
236 208 
276 228 
236 220 
236 216 
232 212 
240 216 
240 240 
232 252 
240 216 
232 208 
524 208 
232 288 
236 224 
236 236 
240 268 
252 212 
236 204 
232 216 
232 204 
200 44 
232 216 
232 208 
232 216 
236 240 
240 236 
236 212 
236 236 
212 232 
232 564 
236 260 
228 212 
232 204 
232 216 
236 208 
228 212 
240 240 
216 216 
232 208 
272 212 
232 204 
232 208 
236 216 
236 240 
232 212 
248 216 
232 216 
244 216 
236 232 
360 212 
232 48 
236 236 
252 212 
236 236 
232 248 
232 216 
236 220 
232 232 
228 212 
236 204 
240 240 
232 208 
236 212 
236 228 
236 236 
240 240 
236 212 
232 212 
232 216 
236 236 
240 236 
260 212 
232 212 
236 240 
236 252 
232 212 
232 216 
232 208 
236 216 
232 216 
236 240 
236 208 
232 212 
232 212 
232 232 
228 240 
248 212 
236 208 
236 232 
232 244 
236 208 
240 216 
232 208 
236 212 
236 208 
240 208 
240 212 
276 224 
232 212 
236 212 
232 212 
232 208 
236 216 
236 236 
236 216 
248 212 
516 216 
232 208 
232 260 
232 216 
240 212 
320 208 
232 208 
236 236 
232 280 
236 392 
232 216 
232 204 
236 216 
232 216 
232 268 
228 212 
232 208 
212 220 
264 564 
240 264 
240 240 
232 232 
236 208 
236 236 
232 212 
236 248 
216 208 
236 216 
236 232 
236 252 
244 236 
232 216 
232 204 
236 212 
236 212 
228 212 
236 252 
236 236 
232 208 
240 216 
228 216 
240 208 
240 204 
232 212 
236 212 
240 208 
236 220 
232 236 
236 232 
232 216 
268 216 
240 212 
228 212 
240 220 
240 236 
232 208 
232 220 
228 212 
232 216 
232 208 
232 212 
236 208 
236 204 
236 232 
228 208 
232 216 
240 216 
236 244 
232 264 
228 220 
228 204 
240 236 
236 264 
232 212 
248 216 
228 236 
236 208 
292 236 
232 220 
240 216 
236 232 
240 208 
232 208 
232 208 
236 212 
240 232 
296 216 
232 216 
264 220 
236 208 
240 212 
232 212 
236 216 
228 212 
240 236 
540 240 
228 216 
232 212 
240 212 
228 212 
232 220 
232 224 
228 216 
292 256 
240 432 
236 232 
240 204 
268 208 
240 236 
232 212 
232 208 
236 216 
216 216 
224 652 
228 212 
236 216 
236 220 
236 212 
228 212 
236 208 
236 220 
212 240 
228 216 
236 236 
236 248 
244 212 
236 240 
228 212 
232 208 
236 208 
236 216 
232 212 
232 212 
232 212 
228 204 
276 212 
240 256 
228 208 
232 212 
232 216 
236 208 
232 216 
228 224 
236 212 
236 236 
232 212 
236 212 
236 204 
236 216 
228 208 
236 212 
240 220 
236 208 
240 272 
236 232 
228 308 
232 208 
232 208 
244 212 
232 236 
240 236 
236 212 
240 236 
244 240 
240 260 
240 220 
232 212 
236 208 
296 208 
236 212 
236 232 
232 224 
228 232 
232 204 
236 208 
236 208 
236 236 
264 208 
232 216 
236 208 
232 212 
340 220 
240 220 
236 208 
236 236 
236 212 
240 232 
236 236 
232 252 
228 216 
568 216 
236 216 
236 256 
240 236 
236 208 
240 212 
236 220 
232 208 
236 220 
232 428 
236 264 
236 236 
236 256 
236 216 
232 240 
232 212 
232 232 
212 212 
240 668 
236 228 
240 204 
240 212 
232 216 
232 236 
236 212 
236 208 
216 220 
236 212 
228 204 
236 212 
236 212 
232 236 
236 340 
240 212 
232 204 
236 208 
236 208 
236 236 
236 232 
236 212 
228 208 
232 216 
236 208 
240 216 
228 212 
232 208 
232 212 
236 212 
236 212 
244 216 
236 208 
240 292 
228 44 
236 216 
232 236 
248 228 
236 220 
232 212 
236 216 
232 208 
256 212 
236 232 
236 208 
236 208 
232 236 
232 212 
236 204 
232 216 
232 236 
224 216 
244 240 
232 208 
232 216 
44 44 
228 208 
232 220 
360 204 
236 216 
232 220 
232 216 
232 212 
232 212 
240 208 
232 212 
228 212 
236 216 
340 236 
236 220 
232 216 
236 212 
236 216 
236 268 
232 212 
232 208 
240 212 
576 208 
232 208 
236 220 
236 244 
240 212 
232 212 
232 212 
236 208 
220 236 
236 440 
232 228 
236 236 
240 40 
232 248 
272 212 
240 216 
232 212 
212 212 
232 752 
232 208 
232 212 
240 236 
228 212 
232 208 
248 212 
236 208 
216 216 
236 212 
232 208 
312 212 
232 212 
240 236 
240 236 
236 212 
236 208 
236 216 
236 216 
232 248 
232 216 
236 212 
236 212 
236 240 
236 216 
296 216 
232 256 
240 212 
236 204 
236 212 
236 216 
232 212 
236 236 
236 240 
236 232 
228 248 
236 212 
232 216 
232 208 
232 208 
236 208 
240 216 
236 236 
232 240 
244 212 
236 216 
236 224 
240 212 
240 220 
236 208 
236 240 
248 208 
232 208 
236 204 
236 212 
236 268 
232 208 
232 220 
316 208 
236 220 
232 212 
240 216 
236 208 
236 208 
240 216 
228 208 
236 208 
236 212 
372 216 
236 216 
236 212 
232 252 
240 232 
228 228 
236 232 
236 216 
232 236 
592 216 
232 208 
396 208 
232 216 
236 212 
232 212 
240 240 
232 212 
224 212 
236 472 
228 220 
232 216 
228 212 
232 204 
232 208 
328 208 
232 204 
208 208 
236 696 
236 212 
236 232 
232 236 
232 212 
240 212 
232 216 
236 216 
212 220 
232 228 
232 212 
240 216 
236 216 
232 220 
240 212 
236 236 
232 216 
232 228 
228 212 
284 232 
236 212 
240 212 
240 224 
240 260 
228 212 
232 212 
232 208 
232 236 
228 208 
236 216 
236 208 
228 212 
232 212 
236 212 
232 236 
236 244 
232 208 
236 232 
236 256 
232 216 
236 208 
240 236 
232 232 
244 216 
252 212 
236 212 
240 208 
232 236 
240 212 
236 216 
232 236 
384 208 
232 216 
240 212 
240 220 
232 216 
228 212 
240 240 
236 228 
236 208 
240 220 
228 216 
232 216 
232 240 
236 216 
236 212 
236 212 
236 216 
412 216 
232 224 
232 208 
264 216 
236 236 
232 260 
252 212 
236 244 
236 236 
628 216 
232 208 
232 212 
236 236 
228 240 
236 204 
236 212 
232 216 
216 240 
232 484 
236 204 
228 216 
232 212 
236 264 
236 212 
232 232 
308 208 
212 224 
236 676 
240 212 
240 236 
232 220 
236 240 
236 208 
232 212 
364 224 
216 212 
232 236 
228 216 
232 212 
232 208 
236 216 
232 236 
236 212 
232 208 
324 216 
232 212 
232 212 
256 208 
236 216 
232 212 
240 236 
236 236 
232 244 
236 260 
228 212 
240 216 
228 212 
232 232 
228 220 
232 208 
232 208 
240 212 
236 204 
228 216 
228 212 
232 212 
232 220 
232 216 
236 248 
236 256 
236 232 
288 236 
248 208 
240 212 
236 216 
236 240 
236 208 
232 208 
232 204 
236 236 
240 232 
236 224 
236 220 
232 212 
232 208 
232 252 
232 80 
240 208 
236 216 
232 208 
240 236 
256 224 
232 216 
232 208 
232 216 
424 216 
236 232 
232 212 
256 244 
232 220 
236 240 
240 232 
236 204 
240 232 
648 208 
232 208 
244 212 
236 212 
236 204 
240 216 
252 212 
224 212 
208 212 
228 492 
232 208 
228 224 
232 204 
228 220 
236 208 
232 212 
236 212 
40 48 
236 212 
228 268 
232 204 
232 212 
236 212 
240 232 
236 216 
436 204 
212 244 
236 208 
232 208 
236 240 
228 212 
240 216 
236 240 
232 236 
240 240 
228 216 
232 216 
232 216 
228 212 
228 216 
236 240 
240 260 
236 208 
236 236 
240 212 
232 212 
228 208 
232 216 
232 212 
240 204 
236 236 
228 52 
240 208 
236 224 
232 236 
236 212 
240 212 
232 208 
232 216 
236 212 
236 256 
236 212 
236 220 
232 212 
232 212 
232 236 
232 256 
232 236 
232 204 
232 212 
240 216 
240 236 
236 212 
232 220 
232 216 
236 216 
232 216 
196 220 
232 212 
236 212 
240 208 
236 260 
228 212 
240 216 
236 212 
236 240 
556 284 
236 212 
232 220 
236 236 
232 224 
236 208 
232 216 
236 216 
232 212 
672 216 
236 248 
288 212 
232 204 
232 216 
236 240 
236 236 
236 276 
248 212 
240 536 
232 212 
232 216 
236 216 
232 240 
236 216 
232 208 
236 204 
212 260 
236 224 
232 212 
236 212 
236 236 
232 208 
268 208 
228 212 
236 208 
212 236 
240 232 
236 208 
232 216 
268 236 
232 208 
232 212 
236 224 
236 208 
228 216 
236 216 
236 220 
236 212 
236 208 
236 212 
228 212 
232 212 
236 220 
236 264 
236 264 
232 236 
236 216 
232 212 
236 216 
232 216 
240 232 
240 228 
244 220 
236 220 
236 212 
232 216 
236 240 
668 208 
232 208 
236 216 
236 216 
236 216 
252 216 
228 208 
308 212 
232 216 
232 216 
236 216 
352 212 
248 216 
232 208 
236 236 
232 212 
232 212 
236 212 
240 204 
236 208 
236 216 
236 224 
236 216 
232 256 
232 216 
236 208 
232 212 
236 208 
460 236 
236 212 
232 212 
236 240 
236 220 
228 212 
240 236 
268 212 
228 208 
708 208 
236 224 
236 216 
228 208 
232 236 
236 216 
232 208 
232 212 
212 216 
236 424 
240 236 
236 208 
236 208 
236 216 
232 212 
232 212 
236 212 
216 212 
236 208 
244 216 
240 216 
236 216 
236 236 
232 244 
236 236 
232 224 
240 212 
244 212 
236 216 
228 216 
236 220 
240 220 
228 232 
232 212 
232 212 
232 212 
248 216 
236 256 
240 212 
232 212 
232 208 
232 220 
232 264 
240 212 
232 216 
232 208 
236 216 
232 208 
236 268 
232 216 
236 216 
236 212 
244 212 
236 252 
252 216 
232 216 
256 212 
228 212 
228 212 
228 208 
232 208 
232 220 
236 212 
240 216 
228 228 
232 208 
232 208 
240 208 
236 264 
232 212 
232 240 
232 208 
240 212 
236 228 
232 212 
228 212 
236 208 
240 208 
228 216 
228 208 
236 212 
228 236 
232 212 
240 216 
236 264 
236 236 
456 212 
228 212 
236 212 
240 220 
236 220 
232 232 
236 240 
236 216 
236 208 
712 216 
236 212 
232 216 
232 216 
236 212 
236 212 
228 216 
236 212 
208 208 
232 572 
236 236 
232 220 
228 212 
252 208 
232 236 
236 260 
240 216 
208 212 
236 208 
240 240 
240 216 
236 224 
232 252 
236 216 
340 216 
240 220 
240 232 
232 212 
240 208 
228 244 
232 212 
252 208 
240 216 
236 212 
236 236 
236 224 
228 212 
232 216 
236 208 
240 212 
236 212 
236 232 
40 48 
232 260 
280 216 
236 252 
236 232 
232 216 
228 216 
232 248 
264 216 
232 208 
236 216 
236 212 
240 216 
228 212 
228 212 
240 212 
232 216 
232 216 
232 252 
236 228 
232 212 
240 212 
232 208 
232 212 
236 208 
236 236 
236 212 
232 212 
236 212 
236 212 
276 212 
240 228 
44 52 
240 252 
232 260 
252 212 
236 212 
240 212 
232 216 
232 268 
232 212 
232 208 
236 216 
264 208 
512 240 
236 212 
240 216 
240 204 
236 208 
236 236 
228 216 
240 212 
236 208 
716 48 
240 212 
232 212 
236 228 
240 208 
232 212 
236 208 
236 216 
216 212 
236 548 
232 212 
236 212 
232 232 
232 236 
236 244 
228 216 
236 208 
212 208 
236 212 
240 212 
236 216 
236 208 
236 212 
236 236 
236 232 
232 224 
236 208 
232 208 
236 220 
236 252 
232 216 
232 208 
236 236 
236 212 
232 212 
232 236 
228 224 
232 208 
236 212 
240 216 
232 212 
228 224 
232 208 
232 208 
228 212 
324 212 
248 220 
232 216 
228 208 
236 212 
236 216 
236 268 
236 208 
232 228 
272 208 
236 248 
236 208 
232 232 
236 212 
232 228 
232 288 
240 212 
236 212 
236 208 
236 224 
232 216 
236 232 
236 240 
232 212 
232 208 
236 212 
236 212 
236 256 
228 208 
240 344 
228 212 
232 208 
292 240 
236 232 
232 216 
232 208 
236 212 
240 264 
232 264 
240 232 
236 212 
524 216 
232 204 
240 212 
240 240 
228 228 
252 212 
228 216 
232 208 
412 208 
752 216 
232 212 
236 208 
236 208 
236 212 
236 252 
236 216 
232 208 
208 204 
236 520 
232 216 
236 208 
236 216 
232 212 
232 212 
232 216 
232 212 
332 212 
240 224 
260 212 
232 208 
232 216 
236 212 
236 248 
248 216 
236 216 
228 212 
236 216 
232 320 
228 212 
228 220 
232 212 
236 236 
240 256 
228 208 
240 284 
236 216 
244 212 
232 208 
236 212 
232 236 
232 216 
240 208 
236 212 
232 212 
236 212 
232 212 
228 216 
232 216 
236 212 
232 224 
236 260 
236 248 
236 240 
240 212 
236 216 
236 232 
232 220 
232 236 
240 220 
228 208 
232 208 
232 212 
232 236 
240 208 
236 216 
232 220 
244 212 
236 212 
240 220 
232 220 
236 208 
236 220 
236 244 
236 248 
232 216 
232 212 
308 208 
232 216 
236 212 
240 216 
232 212 
240 212 
232 240 
236 240 
236 208 
492 212 
228 320 
236 208 
240 212 
236 212 
236 236 
236 216 
228 208 
244 216 
0 0 
0 0 
0 0 
0 0 
0 0 
0 0 
0 0 
0 0 
0 0 
0 0 
0 0 
0 0 
0 0 
0 0 
0 0 
0 0 
0 0 
0 0 
0 0 
0 0 
0 0 
0 0 
0 0 
0 0 
0 0 
0 0 
0 0 
0 0 
0 0 
0 0 
0 0 
0 0 
0 0 
0 0 
0 0 
0 0 
0 0 
0 0 
0 0 
0 0 
0 0 
0 0 
0 0 
0 0 
0 0 
0 0 
0 0 
0 0 
0 0 
0 0 
0 0 
0 0 
0 0 
0 0 
0 0 
0 0 
0 0 
0 0 
0 0 
0 0 
0 0 
0 0 
40 44 
236 212 
236 236 
232 216 
236 236 
240 220 
236 212 
228 208 
316 212 
236 220 
236 212 
236 220 
232 216 
240 220 
236 268 
260 228 
392 212 
232 220 
236 212 
236 212 
232 208 
44 44 
264 216 
232 236 
548 240 
232 208 
232 212 
236 220 
232 240 
232 216 
228 220 
232 240 
240 212 
268 352 
240 236 
252 212 
236 224 
232 212 
236 208 
240 236 
240 216 
216 44 
232 628 
236 212 
236 240 
240 236 
228 212 
240 208 
232 216 
236 216 
212 220 
232 212 
236 208 
236 212 
264 228 
240 212 
236 220 
236 240 
232 252 
228 212 
232 224 
236 252 
236 216 
228 208 
236 248 
240 216 
232 216 
236 216 
232 248 
228 212 
236 212 
332 216 
236 208 
228 212 
236 212 
240 208 
236 204 
236 228 
260 236 
232 208 
232 248 
228 212 
236 220 
232 216 
236 212 
236 256 
236 208 
248 236 
236 240 
228 216 
232 212 
232 212 
236 236 
260 216 
228 216 
232 212 
236 236 
232 232 
228 204 
236 212 
232 212 
232 208 
236 212 
228 212 
236 212 
236 216 
236 228 
236 212 
236 212 
236 212 
340 204 
236 212 
232 212 
236 236 
248 216 
240 240 
232 216 
228 216 
228 212 
476 216 
248 212 
232 212 
232 212 
232 236 
252 236 
232 212 
232 236 
232 236 
236 356 
236 216 
228 208 
232 208 
240 208 
236 232 
236 224 
236 204 
216 208 
236 644 
236 212 
236 224 
232 204 
240 208 
236 216 
360 216 
228 208 
212 212 
236 212 
236 244 
248 212 
236 208 
232 212 
236 212 
236 212 
236 256 
232 212 
228 212 
228 216 
236 208 
236 220 
232 240 
232 216 
232 208 
236 212 
236 236 
240 212 
236 244 
232 248 
228 240 
240 236 
232 212 
240 236 
236 216 
236 212 
232 212 
236 212 
232 208 
240 212 
232 208 
240 220 
236 244 
248 216 
256 224 
236 272 
232 212 
232 212 
236 208 
240 216 
240 212 
232 212 
232 212 
236 212 
236 240 
240 212 
236 236 
236 236 
236 264 
236 204 
232 216 
236 220 
240 260 
236 236 
248 252 
232 208 
232 208 
236 212 
364 204 
232 208 
232 212 
232 220 
236 232 
232 212 
240 216 
232 208 
236 208 
588 236 
256 208 
236 212 
228 220 
232 216 
240 220 
236 232 
236 240 
232 228 
236 284 
236 220 
236 216 
236 216 
232 212 
232 232 
232 252 
232 216 
208 216 
232 692 
232 208 
232 212 
236 212 
236 208 
236 256 
228 212 
312 296 
216 212 
236 212 
240 240 
244 272 
236 224 
236 212 
228 212 
236 208 
236 212 
232 208 
236 216 
232 208 
240 240 
228 216 
236 216 
236 212 
236 212 
228 212 
228 212 
232 212 
232 208 
232 212 
232 216 
236 224 
232 224 
240 212 
228 212 
236 216 
232 208 
232 212 
236 236 
232 220 
236 212 
236 208 
232 212 
232 216 
232 236 
240 212 
240 244 
236 268 
232 212 
236 220 
236 212 
232 208 
232 212 
236 216 
236 252 
228 212 
232 204 
236 208 
236 212 
236 212 
228 212 
228 216 
236 208 
236 224 
236 256 
232 216 
228 216 
232 208 
376 220 
236 208 
240 216 
236 216 
236 216 
228 212 
232 232 
240 236 
236 240 
620 212 
232 240 
236 208 
236 240 
256 216 
232 216 
236 212 
240 204 
224 212 
232 472 
240 220 
236 212 
236 244 
232 204 
236 216 
232 212 
232 212 
212 212 
44 48 
236 236 
268 208 
236 216 
236 236 
232 212 
236 212 
236 212 
212 212 
232 208 
240 208 
228 216 
228 208 
232 212 
236 224 
240 236 
236 260 
232 212 
240 224 
232 208 
240 212 
232 212 
232 208 
236 256 
236 268 
240 212 
232 212 
236 212 
232 252 
236 212 
236 212 
44 324 
232 216 
236 212 
236 216 
232 244 
232 212 
232 212 
232 208 
232 212 
236 216 
240 264 
232 208 
240 212 
236 216 
244 208 
244 204 
232 208 
236 208 
244 208 
236 216 
232 240 
272 224 
224 212 
232 208 
232 220 
236 236 
232 240 
232 232 
240 208 
236 204 
228 44 
236 216 
240 232 
236 204 
236 216 
360 216 
228 208 
392 236 
236 212 
236 240 
232 208 
236 220 
316 308 
236 212 
232 220 
236 212 
624 240 
236 252 
240 216 
232 240 
236 216 
236 232 
228 212 
228 208 
212 212 
232 480 
236 216 
240 240 
232 204 
236 216 
232 228 
232 212 
236 208 
216 212 
236 712 
228 212 
236 236 
224 208 
236 208 
324 208 
240 240 
232 228 
224 216 
236 212 
228 220 
232 212 
236 216 
232 208 
236 212 
232 208 
236 236 
232 232 
240 212 
228 232 
232 216 
236 208 
236 212 
236 208 
240 236 
232 240 
244 216 
260 236 
356 212 
232 208 
228 212 
236 332 
236 240 
236 232 
224 224 
236 212 
232 208 
236 220 
236 212 
236 224 
232 216 
240 236 
240 240 
228 216 
240 212 
232 204 
236 220 
228 212 
232 224 
228 212 
232 212 
236 216 
232 240 
240 236 
236 236 
232 252 
236 212 
236 216 
236 220 
220 208 
240 204 
236 208 
240 252 
236 204 
236 212 
232 204 
232 212 
232 208 
396 248 
236 216 
232 216 
236 220 
236 220 
240 236 
232 216 
232 208 
240 216 
640 244 
232 212 
236 212 
236 236 
236 224 
240 240 
232 216 
232 216 
212 216 
232 500 
228 208 
236 216 
232 256 
232 216 
232 208 
236 216 
236 240 
240 216 
232 212 
240 236 
240 240 
228 212 
228 212 
232 216 
232 216 
240 240 
216 228 
236 224 
236 236 
236 212 
236 236 
232 208 
236 208 
236 220 
240 212 
236 212 
236 236 
228 208 
236 248 
236 212 
232 216 
236 212 
236 216 
236 212 
228 208 
232 216 
232 216 
232 216 
232 208 
228 212 
236 216 
240 212 
232 208 
232 232 
228 216 
236 212 
236 232 
240 212 
228 212 
240 236 
232 276 
232 208 
232 204 
232 208 
240 212 
232 240 
236 204 
232 212 
232 216 
240 208 
232 212 
240 208 
236 216 
236 204 
232 212 
236 208 
232 216 
216 208 
236 216 
236 216 
240 212 
288 208 
232 212 
236 216 
232 204 
232 212 
448 212 
236 236 
264 216 
236 208 
232 208 
232 208 
236 212 
228 208 
232 236 
660 212 
236 208 
236 236 
248 216 
292 216 
232 244 
236 212 
232 212 
212 228 
232 492 
232 212 
240 220 
236 252 
224 216 
236 212 
232 216 
232 208 
212 212 
232 228 
236 228 
236 240 
236 208 
232 212 
232 208 
240 208 
232 212 
240 208 
232 216 
232 208 
236 204 
228 272 
284 224 
228 232 
232 216 
236 220 
240 236 
232 260 
236 212 
236 232 
228 208 
236 212 
236 228 
240 224 
236 220 
236 236 
236 216 
236 212 
232 208 
228 216 
240 220 
236 212 
236 216 
236 212 
232 248 
252 212 
236 208 
228 216 
236 208 
236 236 
236 216 
236 204 
236 252 
236 224 
236 236 
240 236 
232 216 
236 224 
228 216 
232 216 
232 208 
236 212 
236 208 
232 212 
232 212 
256 220 
236 248 
232 220 
208 212 
240 216 
236 240 
236 208 
224 232 
48 44 
232 216 
232 228 
228 216 
468 212 
236 204 
232 212 
228 212 
240 212 
236 208 
232 216 
232 212 
236 212 
704 236 
232 232 
236 212 
232 216 
232 204 
236 220 
236 240 
232 212 
48 44 
232 504 
232 212 
232 208 
232 208 
236 212 
232 216 
236 212 
236 260 
208 212 
236 268 
232 224 
232 212 
236 212 
236 220 
232 220 
232 208 
232 212 
240 220 
228 216 
236 240 
232 212 
236 212 
236 212 
236 236 
240 232 
232 248 
240 240 
236 204 
232 48 
232 208 
236 220 
236 232 
236 248 
232 220 
240 244 
232 212 
236 216 
232 236 
232 212 
232 208 
236 212 
236 264 
232 208 
232 216 
232 260 
232 212 
232 216 
236 208 
236 236 
240 212 
232 212 
236 212 
236 252 
228 220 
232 212 
252 228 
228 220 
232 220 
236 216 
240 236 
240 212 
232 212 
236 216 
236 244 
236 228 
236 232 
228 204 
236 224 
244 228 
236 268 
236 240 
232 212 
272 228 
232 208 
236 216 
236 220 
236 208 
476 208 
236 208 
236 236 
232 264 
236 216 
232 212 
232 208 
232 208 
236 212 
688 244 
232 232 
236 220 
232 212 
232 208 
240 212 
236 240 
232 216 
212 212 
232 564 
228 216 
232 212 
236 220 
228 208 
232 208 
232 228 
236 236 
208 240 
252 212 
232 220 
236 216 
244 212 
240 208 
236 216 
236 256 
236 216 
228 208 
228 212 
232 204 
236 220 
240 232 
236 252 
232 212 
236 232 
232 224 
236 220 
236 216 
232 216 
232 212 
236 220 
232 236 
240 220 
236 228 
232 204 
236 232 
228 216 
236 216 
236 208 
228 212 
240 240 
236 232 
236 212 
236 264 
236 212 
236 252 
232 216 
232 216 
228 220 
228 212 
236 212 
236 208 
232 208 
228 212 
236 228 
232 216 
236 212 
236 232 
236 244 
244 216 
236 244 
232 208 
232 212 
232 220 
236 208 
236 220 
236 216 
236 208 
260 236 
240 208 
236 212 
236 240 
240 236 
228 216 
228 216 
236 208 
236 212 
484 212 
236 216 
232 248 
232 236 
236 244 
228 212 
388 208 
236 208 
232 212 
724 212 
232 208 
228 216 
232 220 
232 216 
228 224 
232 212 
236 236 
240 220 
236 572 
236 212 
236 212 
224 224 
240 212 
236 264 
228 212 
236 208 
212 260 
228 216 
236 216 
232 212 
240 212 
236 236 
228 212 
228 212 
232 208 
232 212 
236 216 
236 208 
232 236 
232 260 
240 228 
232 208 
240 212 
236 216 
236 260 
232 208 
236 212 
236 216 
236 236 
236 268 
232 264 
272 260 
236 244 
224 224 
232 208 
236 216 
236 216 
236 236 
236 212 
240 220 
236 216 
236 224 
236 216 
236 216 
228 212 
228 208 
236 208 
236 208 
228 216 
232 216 
232 204 
232 212 
232 208 
232 228 
236 232 
236 208 
232 240 
232 308 
232 228 
236 220 
236 212 
236 220 
316 220 
228 216 
232 212 
232 268 
268 212 
236 208 
236 236 
232 256 
236 252 
228 212 
236 212 
452 216 
232 208 
520 208 
232 232 
232 212 
232 212 
232 208 
232 256 
264 220 
240 212 
240 220 
740 228 
236 240 
236 240 
236 244 
236 212 
228 212 
236 208 
236 232 
212 212 
236 576 
236 212 
228 220 
236 208 
236 212 
236 208 
240 212 
236 216 
212 236 
228 212 
232 212 
228 208 
236 236 
232 204 
236 212 
232 212 
236 232 
228 212 
236 220 
240 208 
228 212 
48 48 
236 264 
228 216 
232 232 
232 208 
236 212 
236 216 
232 252 
248 212 
228 240 
232 232 
240 244 
236 212 
232 208 
240 212 
240 236 
240 208 
232 208 
236 216 
232 212 
232 208 
236 212 
304 228 
236 216 
236 220 
236 260 
236 236 
228 212 
244 216 
236 216 
72 44 
240 232 
236 224 
232 248 
232 228 
232 208 
232 244 
228 212 
236 208 
236 216 
236 216 
236 236 
232 232 
232 212 
236 228 
236 212 
236 212 
276 216 
240 212 
232 208 
232 208 
232 208 
228 220 
236 212 
232 212 
232 208 
524 204 
236 220 
232 236 
236 204 
244 212 
232 40 
232 208 
236 224 
236 260 
748 208 
228 224 
232 216 
236 224 
232 260 
236 212 
244 212 
228 216 
212 212 
236 588 
232 220 
228 216 
228 212 
236 296 
232 212 
232 212 
232 216 
220 232 
232 212 
240 208 
236 208 
236 212 
232 212 
236 212 
236 236 
236 216 
236 216 
224 216 
224 220 
228 208 
232 208 
240 216 
236 212 
228 212 
236 256 
232 212 
240 216 
232 212 
256 216 
236 212 
236 216 
236 240 
240 208 
240 236 
236 236 
240 248 
232 232 
224 232 
232 216 
236 208 
236 212 
236 208 
236 212 
236 240 
232 228 
224 208 
232 212 
236 216 
236 212 
232 216 
232 216 
236 208 
236 212 
240 212 
236 220 
228 220 
232 212 
240 212 
236 236 
236 212 
232 208 
236 220 
236 208 
232 236 
236 204 
236 224 
244 220 
312 204 
232 208 
240 216 
244 216 
236 216 
232 288 
236 212 
236 248 
232 208 
656 204 
228 212 
228 212 
232 212 
236 208 
240 216 
232 220 
236 212 
236 236 
228 396 
228 212 
236 212 
240 212 
232 212 
228 212 
236 236 
236 224 
212 248 
236 652 
232 212 
236 212 
240 216 
236 240 
228 212 
232 216 
236 208 
216 236 
236 236 
236 240 
248 216 
236 208 
236 212 
240 236 
236 212 
236 208 
232 212 
232 208 
228 236 
240 208 
236 216 
236 236 
236 236 
240 232 
232 212 
312 216 
236 232 
228 216 
228 212 
232 232 
232 212 
252 212 
240 208 
232 212 
232 216 
236 240 
228 212 
232 216 
236 208 
232 264 
256 212 
232 216 
232 256 
228 212 
236 208 
236 240 
240 236 
232 272 
236 236 
228 208 
232 212 
236 212 
236 212 
236 216 
236 216 
236 204 
232 208 
236 204 
236 208 
236 216 
228 216 
236 212 
232 212 
232 212 
236 208 
232 208 
236 240 
336 208 
236 212 
236 256 
228 212 
232 212 
232 212 
244 208 
236 212 
232 236 
536 272 
232 208 
228 208 
232 216 
232 220 
236 220 
240 216 
236 216 
236 264 
236 400 
260 212 
228 208 
232 208 
236 212 
236 212 
236 244 
236 216 
212 208 
232 656 
240 220 
240 236 
240 260 
240 232 
256 212 
236 220 
236 216 
208 216 
236 212 
236 244 
236 212 
232 212 
236 212 
232 212 
232 212 
232 216 
228 212 
236 232 
236 208 
236 212 
236 212 
236 212 
236 216 
232 212 
240 232 
232 224 
236 212 
236 216 
232 232 
240 220 
236 212 
232 212 
240 208 
236 232 
240 236 
228 212 
232 216 
236 212 
236 236 
232 252 
236 212 
240 216 
240 208 
232 212 
236 208 
232 236 
228 212 
228 216 
236 212 
228 216 
232 208 
232 212 
236 204 
244 240 
232 204 
228 208 
228 240 
232 212 
240 212 
236 212 
236 240 
236 212 
228 212 
244 220 
228 216 
232 208 
232 208 
340 228 
232 220 
228 212 
240 216 
236 212 
236 236 
240 252 
236 204 
232 216 
576 216 
240 208 
232 208 
232 212 
248 212 
232 220 
236 236 
232 212 
220 216 
48 48 
232 220 
228 220 
232 208 
236 216 
228 208 
236 208 
232 212 
208 216 
232 692 
240 236 
236 220 
240 236 
228 220 
240 236 
224 212 
224 212 
208 212 
236 212 
240 240 
236 216 
240 220 
232 220 
232 216 
228 212 
232 212 
236 212 
232 208 
232 208 
236 220 
44 48 
236 212 
240 212 
236 216 
224 212 
232 212 
236 212 
240 240 
240 224 
236 216 
232 232 
236 240 
236 220 
232 256 
232 244 
456 208 
232 212 
232 216 
236 212 
236 236 
232 212 
236 260 
232 268 
228 212 
232 212 
236 208 
236 236 
236 236 
232 212 
232 208 
236 48 
240 212 
236 212 
236 232 
236 248 
232 212 
228 212 
236 212 
228 212 
236 216 
236 264 
232 212 
232 208 
236 220 
240 236 
232 212 
236 272 
364 212 
232 212 
236 212 
232 212 
236 212 
232 212 
232 212 
232 216 
236 216 
624 232 
236 228 
228 212 
232 212 
228 216 
236 216 
232 220 
228 232 
212 240 
232 460 
236 212 
236 216 
236 236 
236 236 
232 204 
240 260 
240 216 
212 212 
232 684 
232 212 
232 216 
236 212 
236 208 
232 208 
236 208 
236 236 
216 236 
240 236 
232 220 
232 208 
236 212 
232 236 
232 212 
232 204 
232 212 
240 220 
236 236 
232 224 
244 208 
232 216 
236 208 
236 212 
236 212 
240 236 
232 212 
232 212 
236 212 
236 208 
236 240 
236 216 
236 264 
232 216 
232 212 
232 220 
236 236 
232 216 
236 260 
240 208 
240 228 
284 236 
236 212 
240 232 
236 216 
236 208 
236 212 
232 208 
236 204 
232 216 
232 224 
232 244 
228 220 
228 232 
232 236 
236 240 
232 208 
236 208 
236 216 
240 208 
244 236 
236 236 
236 208 
236 220 
228 216 
232 208 
236 212 
236 232 
360 212 
232 212 
240 212 
232 216 
228 216 
236 212 
236 236 
236 240 
236 248 
604 208 
236 240 
236 236 
232 212 
244 220 
236 256 
232 208 
236 224 
216 232 
236 472 
244 212 
228 216 
232 264 
236 240 
236 232 
236 208 
236 212 
208 208 
232 720 
232 216 
232 208 
232 232 
236 212 
228 208 
264 208 
228 216 
208 212 
232 212 
236 216 
236 240 
288 244 
468 208 
240 236 
236 212 
236 216 
232 232 
232 212 
232 208 
236 236 
244 212 
432 212 
240 204 
232 216 
240 212 
236 208 
240 212 
228 208 
236 232 
248 212 
368 212 
236 232 
228 212 
232 212 
236 220 
232 212 
240 216 
232 208 
236 212 
228 220 
232 216 
236 208 
240 236 
236 248 
252 212 
236 208 
236 208 
228 212 
232 208 
236 236 
236 240 
232 216 
228 216 
256 220 
232 208 
232 236 
232 232 
236 228 
236 256 
236 212 
240 236 
236 240 
232 212 
236 208 
240 212 
236 236 
236 268 
400 208 
232 236 
244 236 
244 212 
228 284 
236 216 
240 236 
236 256 
232 216 
640 300 
240 220 
236 224 
240 212 
236 264 
232 216 
232 204 
232 212 
220 212 
228 496 
236 216 
232 212 
232 264 
256 212 
236 236 
232 236 
232 212 
208 212 
228 728 
236 220 
232 204 
236 212 
240 212 
236 212 
232 212 
232 212 
216 212 
232 208 
236 216 
236 240 
232 244 
228 212 
236 212 
240 236 
232 204 
232 212 
232 216 
232 212 
236 212 
244 212 
240 220 
228 208 
240 212 
236 212 
232 236 
288 232 
232 208 
236 208 
240 212 
244 212 
228 216 
232 208 
236 212 
236 212 
240 236 
236 216 
236 236 
232 212 
240 216 
232 212 
236 212 
236 212 
236 236 
236 236 
228 212 
48 52 
240 212 
236 236 
232 236 
228 208 
256 212 
236 212 
228 212 
232 208 
232 212 
236 220 
232 216 
200 216 
236 212 
240 212 
236 212 
244 240 
240 256 
236 212 
236 212 
236 216 
428 212 
232 216 
232 224 
228 216 
236 216 
236 212 
232 216 
236 212 
232 212 
664 216 
44 48 
232 212 
232 216 
236 212 
228 288 
236 208 
232 224 
216 216 
232 528 
252 212 
228 220 
236 212 
228 212 
236 208 
232 236 
232 208 
216 208 
240 208 
232 216 
236 240 
232 48 
232 212 
236 220 
244 236 
232 220 
212 248 
236 208 
232 216 
240 204 
240 212 
236 260 
236 240 
236 240 
236 236 
284 216 
228 212 
236 212 
236 212 
228 212 
236 208 
268 208 
232 212 
228 208 
236 240 
236 236 
236 220 
240 208 
236 224 
236 236 
232 252 
236 220 
228 208 
236 216 
236 212 
236 212 
232 248 
240 212 
236 212 
232 212 
236 212 
228 212 
236 236 
236 212 
240 212 
236 212 
236 208 
232 208 
236 220 
228 220 
232 212 
236 228 
232 208 
236 208 
236 240 
232 264 
240 204 
220 208 
236 224 
240 236 
236 212 
232 204 
268 204 
236 232 
236 240 
252 212 
436 236 
232 212 
236 216 
236 208 
236 236 
340 212 
232 244 
288 232 
240 220 
700 236 
232 260 
228 212 
236 208 
232 212 
236 232 
236 208 
232 268 
212 232 
236 476 
236 240 
232 240 
228 212 
236 216 
232 208 
232 216 
232 212 
212 220 
236 232 
236 268 
248 212 
228 216 
240 216 
236 212 
236 236 
236 240 
216 240 
236 212 
236 208 
236 212 
236 236 
236 240 
232 244 
236 248 
236 212 
228 208 
236 240 
228 220 
232 216 
236 248 
236 220 
236 208 
236 208 
232 216 
228 208 
296 208 
236 212 
0 0 
0 0 
0 0 
236 248 
236 212 
236 212 
232 232 
232 212 
236 208 
228 208 
228 212 
236 220 
232 216 
228 216 
232 216 
232 216 
236 208 
232 216 
232 212 
236 260 
232 248 
232 212 
232 236 
236 216 
236 232 
236 212 
232 212 
236 216 
236 212 
232 236 
240 216 
256 212 
236 204 
240 232 
236 216 
236 212 
236 220 
232 232 
232 212 
460 208 
232 216 
240 232 
236 236 
236 204 
232 216 
236 212 
232 216 
236 236 
660 208 
232 208 
232 260 
236 216 
236 236 
236 268 
236 208 
236 240 
212 212 
232 592 
232 212 
240 220 
232 216 
236 236 
236 212 
232 216 
236 216 
212 224 
232 240 
236 208 
236 236 
248 212 
240 204 
236 208 
232 216 
236 208 
228 208 
236 220 
240 216 
236 236 
236 216 
228 224 
232 208 
236 216 
236 220 
232 244 
232 208 
256 208 
240 212 
236 212 
236 212 
236 212 
236 208 
232 216 
236 236 
240 224 
236 212 
236 216 
240 236 
236 208 
232 256 
228 216 
232 216 
232 216 
236 204 
236 216 
232 236 
236 228 
280 212 
228 208 
232 212 
236 208 
240 212 
232 212 
232 216 
236 208 
236 240 
236 212 
236 216 
272 212 
236 232 
256 212 
240 208 
236 208 
228 208 
236 212 
240 216 
244 220 
232 212 
236 212 
232 212 
232 216 
228 228 
236 216 
232 208 
232 212 
492 220 
240 212 
232 212 
236 212 
236 240 
236 236 
236 220 
248 212 
248 216 
748 224 
236 220 
236 236 
228 220 
232 208 
236 216 
240 216 
232 216 
212 212 
236 580 
228 212 
232 216 
236 212 
232 228 
248 216 
232 220 
232 212 
216 208 
44 44 
232 212 
240 216 
240 236 
232 216 
236 216 
232 204 
236 216 
240 216 
236 208 
236 212 
236 248 
236 220 
236 236 
240 236 
228 212 
236 216 
240 212 
240 212 
232 236 
232 220 
236 244 
236 212 
240 208 
240 212 
240 224 
240 208 
232 212 
232 232 
40 76 
232 204 
240 208 
272 212 
232 212 
240 220 
236 204 
236 236 
236 236 
240 244 
236 236 
236 208 
232 208 
236 208 
232 220 
232 236 
236 212 
236 212 
232 240 
236 208 
236 212 
240 216 
232 236 
272 232 
228 220 
232 212 
236 212 
232 212 
232 212 
240 204 
288 216 
236 248 
240 224 
240 44 
240 220 
232 212 
236 220 
232 212 
228 212 
484 212 
232 240 
232 232 
232 208 
244 204 
232 208 
232 208 
232 212 
240 208 
680 208 
228 252 
252 212 
236 228 
236 212 
232 212 
236 216 
232 264 
208 212 
232 596 
236 216 
232 268 
236 216 
236 212 
228 212 
236 212 
240 236 
208 244 
236 212 
232 216 
236 212 
236 224 
232 212 
236 220 
264 208 
236 208 
228 212 
232 216 
236 216 
236 240 
236 208 
232 220 
232 236 
228 220 
228 216 
228 208 
228 212 
236 208 
232 212 
236 208 
236 220 
236 232 
236 216 
232 212 
236 232 
244 204 
236 244 
236 232 
236 216 
232 212 
236 212 
240 208 
232 216 
236 212 
236 220 
236 204 
236 216 
228 212 
236 212 
228 220 
232 212 
236 208 
240 244 
244 236 
232 208 
232 236 
236 212 
232 248 
232 212 
232 212 
240 236 
240 240 
240 236 
236 208 
236 208 
228 212 
232 240 
276 220 
236 236 
236 216 
236 208 
232 212 
240 216 
232 220 
232 216 
228 212 
536 208 
236 212 
228 208 
236 204 
244 208 
240 232 
236 240 
252 212 
240 208 
232 368 
236 268 
224 216 
228 252 
264 208 
232 244 
232 204 
236 220 
224 216 
236 632 
236 212 
240 212 
232 216 
232 260 
236 260 
232 240 
592 208 
208 264 
228 208 
232 212 
228 212 
228 212 
228 212 
236 208 
232 212 
232 212 
236 208 
236 208 
236 220 
236 236 
232 216 
236 244 
240 208 
236 208 
232 220 
236 216 
240 216 
240 212 
228 208 
232 208 
236 212 
236 224 
240 212 
276 216 
236 212 
232 212 
232 216 
236 236 
236 204 
240 216 
232 208 
236 212 
236 236 
252 212 
232 228 
236 212 
232 220 
232 212 
240 236 
232 220 
228 212 
240 264 
236 224 
232 212 
232 212 
232 220 
236 212 
240 212 
236 208 
236 208 
236 212 
236 216 
236 208 
232 212 
228 212 
232 212 
228 216 
324 204 
236 204 
232 212 
236 236 
236 232 
236 212 
232 216 
236 216 
236 216 
560 212 
232 268 
236 236 
232 216 
232 216 
236 240 
236 216 
232 244 
232 212 
240 440 
232 212 
236 212 
240 220 
236 208 
236 212 
232 212 
232 216 
212 228 
236 644 
232 212 
232 204 
228 208 
228 208 
236 216 
236 252 
236 228 
208 216 
248 208 
236 208 
236 212 
236 236 
232 256 
228 212 
236 212 
232 236 
232 212 
240 224 
232 212 
236 216 
232 236 
244 212 
236 240 
248 216 
232 216 
232 208 
232 220 
244 216 
232 208 
232 240 
232 236 
228 212 
236 232 
232 220 
232 252 
236 220 
236 208 
232 208 
236 216 
236 240 
236 232 
236 244 
232 208 
228 212 
228 204 
264 216 
312 208 
232 216 
236 240 
236 256 
232 216 
236 220 
232 236 
232 236 
236 212 
236 208 
232 208 
240 220 
236 236 
236 212 
236 216 
236 232 
236 212 
232 208 
240 232 
236 216 
236 228 
336 216 
232 212 
228 216 
236 208 
236 208 
236 232 
44 48 
236 212 
236 236 
572 216 
232 252 
232 216 
240 212 
232 216 
236 212 
236 208 
228 224 
236 208 
232 416 
236 212 
316 216 
236 228 
240 236 
232 216 
228 212 
236 208 
212 228 
236 664 
236 208 
240 240 
244 216 
292 212 
232 208 
232 216 
236 208 
216 428 
236 208 
44 48 
244 208 
236 248 
228 212 
228 212 
236 220 
232 212 
232 212 
240 272 
236 232 
232 212 
236 236 
236 236 
232 248 
240 212 
240 208 
296 212 
232 212 
240 236 
232 216 
232 216 
232 216 
232 216 
236 212 
236 212 
232 212 
236 220 
236 216 
232 212 
240 208 
232 236 
268 292 
236 212 
236 116 
236 212 
236 236 
232 212 
228 244 
232 208 
232 216 
240 248 
236 208 
232 224 
240 236 
232 216 
232 212 
236 212 
236 208 
232 216 
236 216 
308 208 
232 260 
260 228 
236 212 
296 220 
236 208 
232 256 
232 212 
352 232 
236 236 
236 232 
232 212 
236 236 
228 216 
236 220 
236 204 
272 216 
576 208 
236 240 
232 212 
236 236 
280 212 
232 224 
232 216 
236 212 
236 216 
232 436 
236 212 
236 212 
236 264 
244 216 
232 204 
232 216 
232 212 
212 208 
236 672 
236 216 
236 264 
236 212 
236 220 
236 216 
240 212 
232 208 
216 212 
232 216 
244 212 
232 216 
240 220 
228 216 
232 216 
236 216 
240 208 
240 208 
236 248 
236 236 
232 216 
236 208 
228 216 
236 212 
260 216 
232 240 
232 212 
232 232 
236 252 
236 216 
232 248 
236 212 
236 296 
236 216 
236 236 
232 216 
236 232 
248 208 
236 224 
236 216 
232 212 
232 240 
240 216 
316 208 
232 208 
244 220 
240 212 
236 208 
236 208 
232 248 
236 236 
232 228 
232 228 
232 204 
232 208 
236 224 
236 216 
232 224 
232 216 
240 216 
236 264 
236 248 
228 212 
236 208 
232 212 
236 216 
236 212 
236 212 
352 216 
236 256 
236 228 
232 212 
232 236 
256 208 
236 212 
236 212 
236 212 
604 216 
232 212 
236 240 
228 216 
228 208 
236 216 
240 240 
232 236 
212 240 
232 472 
232 212 
228 212 
236 212 
240 220 
236 212 
228 212 
232 220 
212 240 
236 772 
236 216 
236 236 
236 256 
244 212 
240 208 
232 216 
240 228 
212 232 
240 216 
232 208 
236 212 
268 228 
236 216 
236 212 
240 208 
232 208 
236 232 
240 232 
236 216 
236 208 
240 216 
240 212 
236 212 
236 232 
248 216 
228 220 
236 208 
232 216 
228 208 
232 212 
236 208 
236 244 
232 220 
224 212 
420 212 
236 212 
236 232 
236 216 
236 212 
232 212 
232 232 
236 212 
236 212 
236 228 
232 264 
232 204 
232 228 
236 236 
228 212 
232 212 
232 208 
240 212 
240 232 
244 216 
228 212 
228 212 
236 208 
308 212 
240 212 
236 216 
232 216 
236 212 
236 236 
236 216 
232 208 
236 216 
240 340 
396 216 
236 216 
240 236 
236 216 
232 208 
236 216 
240 208 
232 212 
228 212 
628 216 
236 268 
232 216 
232 212 
232 216 
232 240 
236 212 
236 240 
220 236 
236 484 
244 212 
236 240 
236 232 
240 212 
232 232 
240 236 
228 216 
216 236 
236 728 
232 208 
232 216 
240 212 
236 216 
236 252 
236 208 
240 212 
220 268 
232 216 
232 236 
232 216 
232 212 
236 212 
236 208 
228 216 
228 208 
236 208 
240 216 
236 208 
236 212 
280 224 
252 208 
228 208 
232 212 
236 208 
240 212 
236 236 
232 212 
232 208 
232 212 
240 208 
236 212 
236 208 
240 236 
236 220 
232 236 
236 220 
240 212 
236 216 
228 216 
236 216 
236 224 
452 208 
236 208 
232 240 
228 212 
256 212 
228 212 
232 208 
240 240 
228 212 
244 216 
232 260 
236 208 
48 44 
236 264 
232 212 
240 216 
216 252 
228 212 
236 208 
232 208 
228 208 
236 216 
232 212 
236 212 
236 236 
396 220 
232 212 
232 220 
232 208 
236 240 
240 216 
44 44 
236 208 
236 236 
664 216 
248 216 
232 216 
240 208 
236 208 
248 216 
232 212 
232 212 
212 212 
232 520 
236 224 
232 236 
256 212 
236 212 
232 204 
232 204 
236 216 
220 220 
232 208 
232 208 
236 220 
236 232 
232 240 
232 220 
236 208 
228 212 
216 212 
236 232 
232 248 
232 48 
232 212 
240 212 
236 216 
232 216 
236 236 
232 248 
236 212 
236 208 
236 216 
236 240 
236 204 
228 244 
232 212 
232 212 
240 216 
240 216 
240 232 
240 236 
236 216 
232 216 
236 224 
232 208 
236 236 
236 236 
236 268 
232 216 
236 216 
240 228 
232 216 
232 208 
228 212 
236 212 
240 240 
312 216 
236 212 
228 212 
228 216 
236 208 
284 212 
240 236 
256 212 
236 204 
236 212 
236 212 
240 212 
232 212 
232 224 
212 244 
232 220 
236 216 
236 224 
232 212 
232 216 
236 224 
228 220 
236 204 
448 212 
260 208 
236 208 
232 208 
232 224 
236 228 
248 208 
232 216 
232 216 
668 208 
240 212 
236 212 
236 256 
228 208 
236 208 
240 212 
236 220 
216 236 
232 512 
252 212 
240 236 
232 244 
232 220 
240 208 
236 216 
236 240 
212 212 
228 208 
228 208 
232 212 
240 216 
232 220 
236 216 
236 216 
232 232 
216 216 
236 204 
240 216 
232 216 
236 236 
236 240 
244 232 
228 212 
236 216 
232 216 
240 208 
232 244 
236 212 
236 212 
236 212 
232 208 
232 208 
236 208 
232 212 
240 216 
232 256 
236 256 
232 220 
232 228 
236 208 
236 216 
236 232 
236 236 
232 216 
236 204 
244 212 
236 236 
228 316 
228 212 
232 212 
236 236 
228 216 
236 216 
236 216 
236 212 
236 224 
236 212 
232 216 
236 216 
232 208 
236 216 
228 260 
232 212 
240 220 
236 244 
236 216 
220 212 
228 216 
240 208 
232 216 
236 244 
268 212 
356 208 
240 284 
236 232 
444 216 
232 208 
292 208 
236 208 
228 212 
232 212 
244 248 
228 220 
236 216 
684 208 
232 212 
232 212 
236 212 
240 216 
232 208 
240 220 
232 212 
212 208 
236 508 
228 220 
240 216 
232 236 
228 216 
228 212 
304 212 
236 264 
212 240 
244 212 
236 208 
236 208 
232 240 
232 216 
236 220 
236 212 
236 216 
232 256 
236 248 
232 256 
236 212 
228 260 
232 244 
232 212 
228 208 
236 236 
260 208 
240 212 
236 208 
232 216 
260 208 
232 212 
256 212 
236 212 
236 236 
236 256 
240 224 
276 212 
236 208 
236 204 
232 228 
236 212 
236 208 
232 212 
236 208 
236 212 
236 260 
236 252 
236 212 
232 212 
236 212 
236 208 
232 224 
236 244 
232 208 
232 232 
232 212 
232 212 
236 212 
232 216 
244 220 
236 212 
236 212 
232 216 
228 212 
228 216 
236 212 
236 216 
248 268 
232 212 
236 216 
232 208 
232 212 
236 216 
232 216 
232 212 
236 212 
472 224 
236 212 
236 208 
236 208 
236 208 
236 232 
236 208 
232 208 
236 220 
652 208 
252 216 
228 212 
240 216 
236 236 
236 208 
268 212 
240 216 
208 208 
232 572 
228 216 
236 212 
236 208 
232 204 
236 212 
236 212 
232 236 
220 240 
236 260 
240 204 
244 208 
236 212 
236 268 
232 224 
236 212 
232 212 
240 216 
236 236 
240 320 
236 212 
236 208 
240 204 
236 256 
236 208 
236 240 
240 264 
240 208 
232 212 
608 208 
236 216 
236 232 
228 212 
280 224 
48 44 
232 216 
244 208 
236 208 
232 236 
228 212 
236 216 
236 236 
232 252 
228 212 
236 208 
232 216 
232 252 
268 216 
232 208 
232 212 
232 220 
232 244 
236 216 
228 232 
232 220 
232 216 
312 216 
232 268 
236 236 
236 208 
236 252 
232 212 
232 216 
232 212 
236 216 
48 48 
236 216 
236 236 
248 208 
232 236 
232 232 
232 212 
232 228 
348 212 
228 212 
236 224 
240 212 
500 216 
232 212 
236 212 
240 208 
256 216 
228 212 
232 208 
236 212 
236 208 
736 236 
228 216 
236 224 
232 212 
236 248 
232 212 
232 216 
232 212 
212 208 
236 584 
276 216 
244 44 
228 208 
228 208 
260 204 
240 204 
232 212 
212 204 
240 220 
236 240 
236 240 
284 212 
232 212 
232 212 
240 216 
236 208 
232 220 
232 216 
232 212 
240 216 
232 268 
292 212 
240 208 
236 236 
240 240 
240 260 
236 216 
236 212 
244 212 
232 264 
232 212 
232 212 
240 236 
232 208 
232 212 
224 208 
236 208 
232 208 
228 220 
232 208 
232 244 
360 216 
236 220 
228 224 
236 216 
240 216 
232 220 
232 224 
236 216 
232 216 
236 264 
232 240 
236 208 
240 204 
236 216 
232 212 
228 216 
296 212 
232 248 
224 212 
232 208 
232 208 
232 212 
232 208 
232 220 
232 232 
236 240 
264 212 
228 212 
232 220 
236 224 
236 216 
236 244 
236 212 
232 208 
236 212 
480 208 
228 216 
236 224 
236 208 
236 236 
240 212 
232 212 
240 212 
236 324 
736 208 
236 212 
228 220 
236 216 
244 208 
236 216 
240 216 
232 208 
212 208 
232 604 
236 236 
236 236 
232 216 
232 208 
232 208 
236 268 
256 208 
216 212 
236 208 
232 212 
232 232 
236 260 
228 216 
236 204 
232 208 
232 216 
240 236 
232 212 
240 208 
236 212 
232 232 
228 208 
240 212 
232 212 
232 208 
232 216 
228 216 
240 208 
232 212 
228 216 
236 228 
228 240 
240 208 
236 204 
236 240 
236 232 
228 212 
236 208 
232 216 
236 204 
232 208 
232 204 
232 220 
236 216 
236 212 
232 212 
232 216 
236 252 
240 212 
236 216 
240 216 
236 212 
240 212 
236 236 
236 212 
236 212 
232 212 
232 208 
236 212 
236 236 
232 248 
228 208 
240 268 
240 216 
236 216 
232 220 
232 208 
308 236 
236 236 
240 212 
236 212 
264 216 
260 216 
232 212 
236 212 
240 216 
520 212 
228 216 
244 208 
260 216 
232 208 
228 208 
232 228 
232 216 
232 208 
236 416 
236 208 
232 216 
236 204 
236 216 
228 212 
236 208 
232 236 
208 212 
236 592 
236 208 
236 208 
232 216 
236 216 
236 208 
236 232 
240 236 
208 208 
236 212 
228 208 
232 208 
240 216 
240 216 
240 236 
236 232 
232 232 
232 208 
232 212 
240 324 
232 236 
240 208 
256 216 
236 208 
228 208 
236 212 
236 236 
236 212 
236 308 
236 216 
236 208 
236 212 
232 216 
236 216 
236 216 
232 232 
236 212 
232 216 
236 208 
232 240 
240 304 
232 216 
236 236 
240 208 
240 220 
232 236 
236 240 
228 212 
232 212 
240 212 
236 240 
232 216 
232 236 
236 232 
236 228 
236 208 
236 208 
236 236 
236 232 
240 236 
232 204 
240 240 
232 216 
236 240 
236 220 
236 220 
240 268 
236 208 
304 216 
232 212 
232 224 
236 216 
232 208 
236 248 
312 208 
236 216 
232 208 
552 208 
244 236 
232 224 
236 212 
232 228 
232 204 
232 260 
272 240 
232 204 
232 424 
236 224 
232 216 
236 228 
236 216 
232 244 
236 208 
232 212 
252 224 
40 48 
232 220 
232 212 
232 216 
236 212 
232 212 
232 208 
236 208 
212 216 
236 208 
240 236 
244 216 
236 220 
236 236 
236 208 
236 236 
428 212 
236 220 
232 204 
236 208 
240 212 
236 208 
236 208 
232 208 
252 212 
240 236 
232 212 
228 212 
240 208 
236 224 
228 224 
236 244 
236 216 
44 48 
232 212 
236 212 
232 212 
236 236 
304 208 
236 256 
232 244 
236 208 
240 208 
236 212 
236 212 
240 264 
228 212 
228 208 
232 208 
236 216 
240 220 
236 216 
232 228 
232 224 
240 224 
240 236 
232 232 
232 208 
228 204 
232 212 
228 212 
236 212 
236 240 
236 264 
232 212 
232 48 
268 212 
236 212 
316 212 
236 216 
236 236 
240 252 
232 212 
240 204 
232 212 
240 212 
232 264 
556 212 
240 256 
232 244 
240 228 
236 264 
264 216 
232 212 
232 232 
556 212 
232 400 
252 208 
232 208 
232 212 
232 208 
228 208 
236 212 
232 208 
216 216 
380 516 
232 216 
236 212 
236 236 
232 228 
240 236 
236 264 
228 212 
216 212 
240 208 
236 208 
224 232 
236 236 
228 224 
228 212 
236 220 
228 212 
260 208 
232 212 
336 216 
232 208 
232 212 
232 208 
236 212 
248 212 
228 232 
232 252 
236 216 
232 204 
232 216 
236 212 
236 260 
244 216 
232 212 
236 212 
236 232 
236 236 
232 216 
236 236 
232 216 
236 204 
240 208 
332 216 
232 212 
228 208 
344 212 
232 212 
236 212 
232 236 
228 208 
240 212 
232 236 
240 204 
244 220 
228 216 
232 208 
236 240 
236 240 
236 244 
236 216 
240 244 
288 216 
280 212 
232 220 
228 208 
232 216 
232 232 
240 216 
364 216 
232 216 
228 236 
236 256 
232 208 
232 220 
232 208 
240 216 
240 236 
552 264 
236 208 
232 208 
232 216 
236 220 
236 228 
232 232 
244 208 
216 224 
232 444 
228 220 
232 232 
236 236 
236 212 
232 216 
232 236 
236 236 
204 216 
236 692 
236 252 
228 236 
232 212 
232 204 
236 212 
232 224 
236 264 
212 212 
236 216 
232 216 
236 208 
240 216 
232 264 
232 208 
228 212 
236 216 
236 204 
228 212 
232 228 
236 208 
236 208 
236 216 
232 252 
256 216 
232 212 
232 216 
236 208 
232 212 
228 216 
236 208 
448 220 
236 236 
236 244 
268 216 
232 204 
236 212 
232 256 
232 260 
232 232 
244 228 
232 208 
232 236 
232 252 
236 216 
236 212 
232 216 
236 216 
236 212 
224 224 
236 216 
228 212 
236 212 
232 208 
236 272 
236 256 
268 212 
236 212 
228 280 
232 208 
240 240 
232 236 
232 208 
236 212 
236 236 
236 224 
232 212 
236 212 
384 216 
236 208 
228 216 
232 208 
236 212 
236 236 
232 252 
232 212 
232 228 
468 216 
232 208 
228 212 
232 232 
240 236 
236 240 
256 216 
232 208 
224 212 
236 496 
236 240 
236 240 
236 204 
236 208 
236 216 
232 212 
232 208 
212 212 
236 708 
236 236 
236 236 
240 212 
236 216 
232 232 
236 208 
228 216 
212 208 
232 232 
232 228 
228 208 
240 216 
236 228 
232 204 
232 212 
232 216 
232 248 
240 208 
236 240 
256 212 
232 208 
232 216 
240 220 
232 212 
232 212 
228 216 
232 208 
236 216 
236 236 
236 236 
228 216 
240 212 
232 208 
236 224 
236 212 
232 212 
228 208 
232 212 
236 212 
236 216 
232 208 
232 208 
236 220 
232 212 
232 216 
40 48 
240 240 
236 264 
320 212 
236 240 
252 212 
228 216 
232 232 
236 216 
228 212 
236 208 
232 208 
232 204 
236 216 
228 260 
260 212 
316 212 
228 208 
232 208 
232 208 
240 216 
296 212 
384 252 
236 232 
236 252 
232 208 
236 232 
232 212 
256 300 
48 52 
0 0 
0 0 
0 0 
228 228 
228 216 
188 232 
236 208 
236 212 
236 204 
212 212 
232 500 
236 224 
240 256 
240 216 
228 208 
232 216 
240 212 
240 224 
212 240 
280 656 
240 212 
236 252 
232 212 
232 212 
240 216 
248 204 
236 216 
216 236 
420 212 
236 208 
232 220 
224 204 
232 212 
240 248 
240 208 
232 204 
232 44 
236 260 
236 212 
228 216 
232 212 
232 212 
236 216 
236 232 
240 236 
232 208 
288 212 
232 212 
232 212 
236 236 
232 260 
228 208 
228 216 
232 204 
232 208 
236 212 
232 220 
232 208 
236 216 
232 208 
228 216 
236 208 
236 212 
232 216 
232 212 
232 208 
236 212 
236 208 
236 220 
232 204 
232 284 
232 208 
240 212 
332 212 
232 212 
236 208 
240 208 
236 216 
236 212 
232 228 
236 208 
236 240 
240 216 
232 216 
236 236 
228 212 
232 208 
400 216 
240 208 
236 208 
236 232 
236 212 
228 212 
232 212 
320 212 
236 212 
628 204 
268 208 
228 228 
228 212 
228 212 
236 208 
236 216 
232 216 
212 212 
228 480 
232 216 
236 224 
232 240 
240 220 
232 216 
232 216 
236 212 
280 216 
240 728 
264 216 
228 208 
244 208 
236 240 
236 216 
256 208 
236 208 
216 212 
236 236 
236 216 
232 208 
236 212 
240 212 
240 212 
236 240 
228 224 
236 212 
232 300 
240 212 
240 216 
236 204 
232 240 
232 208 
232 212 
240 212 
236 216 
232 224 
240 216 
240 220 
232 216 
232 216 
232 208 
236 208 
240 236 
236 244 
312 296 
232 236 
232 224 
232 220 
232 216 
232 208 
236 220 
240 236 
240 208 
228 220 
232 212 
356 228 
228 216 
232 208 
236 236 
236 216 
236 240 
248 212 
236 212 
240 216 
236 268 
240 236 
240 208 
220 212 
232 208 
236 212 
232 208 
236 248 
228 208 
232 216 
228 212 
236 224 
444 216 
228 232 
228 212 
236 212 
244 244 
248 208 
236 212 
236 208 
236 212 
684 208 
236 216 
232 216 
232 212 
232 216 
240 216 
236 212 
228 208 
220 212 
232 532 
236 224 
236 248 
236 212 
236 216 
340 216 
236 212 
232 240 
212 212 
236 728 
236 212 
228 232 
240 216 
228 212 
236 208 
228 216 
232 208 
228 240 
240 248 
232 212 
236 212 
232 220 
232 216 
304 236 
236 220 
236 208 
236 212 
240 224 
236 208 
240 212 
236 220 
232 208 
232 212 
252 216 
236 208 
232 212 
232 216 
240 204 
232 212 
232 216 
232 212 
232 212 
240 212 
228 216 
232 208 
228 204 
276 212 
232 208 
284 212 
232 204 
236 220 
232 208 
236 232 
232 236 
228 212 
236 212 
240 216 
236 240 
232 212 
232 244 
224 216 
236 212 
236 264 
236 232 
232 220 
256 212 
232 208 
240 216 
208 212 
232 212 
244 236 
232 212 
232 204 
240 208 
236 240 
236 204 
232 208 
432 220 
236 248 
240 236 
240 212 
236 216 
240 236 
232 256 
232 216 
236 212 
692 236 
240 256 
232 216 
232 260 
236 212 
236 216 
232 216 
244 208 
380 212 
232 560 
232 212 
236 212 
228 208 
232 228 
44 48 
232 212 
228 212 
216 212 
240 216 
240 232 
232 212 
236 212 
236 212 
232 236 
236 216 
228 208 
236 204 
232 220 
232 236 
236 212 
236 212 
236 216 
232 244 
248 208 
232 212 
236 212 
236 216 
236 236 
232 236 
232 212 
232 216 
232 236 
228 216 
240 208 
44 52 
236 256 
232 212 
236 256 
236 232 
224 212 
232 216 
232 212 
236 212 
232 212 
232 216 
240 216 
236 216 
236 212 
236 216 
260 212 
232 240 
232 204 
232 236 
232 240 
232 208 
228 212 
240 212 
228 236 
232 240 
232 212 
228 212 
240 208 
236 224 
232 256 
284 212 
232 212 
228 204 
208 48 
236 236 
236 240 
232 216 
232 208 
236 216 
232 212 
232 212 
228 208 
472 212 
236 216 
236 236 
236 236 
228 220 
236 208 
236 208 
240 216 
240 220 
708 212 
236 260 
236 216 
240 212 
232 216 
236 212 
244 248 
236 240 
212 212 
236 544 
232 208 
240 216 
236 212 
236 300 
236 232 
228 212 
232 216 
220 216 
236 236 
228 212 
236 208 
232 212 
236 212 
256 224 
232 240 
232 256 
260 232 
236 208 
232 212 
236 240 
236 208 
232 232 
232 212 
232 216 
236 268 
228 240 
236 236 
232 236 
232 212 
232 216 
240 212 
236 208 
240 268 
280 212 
240 204 
236 212 
232 212 
232 216 
236 228 
236 208 
228 212 
240 212 
236 232 
236 236 
228 212 
232 208 
236 212 
240 204 
244 208 
232 208 
308 208 
240 232 
236 260 
316 212 
228 212 
232 212 
232 212 
236 212 
232 212 
232 208 
232 216 
232 236 
228 212 
240 268 
236 256 
268 212 
232 208 
252 224 
236 224 
232 208 
236 216 
236 204 
232 232 
232 212 
232 216 
236 212 
480 248 
232 208 
228 220 
232 208 
232 204 
232 216 
236 248 
240 212 
232 236 
728 208 
236 240 
232 208 
240 216 
224 212 
240 212 
240 236 
232 212 
208 216 
236 552 
228 220 
240 256 
232 220 
236 216 
232 212 
232 212 
232 256 
220 212 
232 232 
232 240 
232 212 
236 208 
232 216 
240 208 
228 212 
232 204 
232 212 
236 204 
232 204 
244 216 
240 236 
232 208 
236 232 
236 248 
236 212 
232 236 
232 212 
228 212 
236 216 
236 216 
236 236 
236 240 
232 220 
232 260 
248 212 
232 208 
236 220 
236 232 
236 216 
240 220 
240 212 
236 212 
240 220 
236 220 
228 208 
236 212 
260 212 
224 212 
236 212 
236 220 
236 240 
236 232 
228 232 
232 208 
236 208 
232 204 
228 212 
236 212 
236 264 
232 224 
236 216 
232 208 
228 212 
232 212 
236 212 
236 236 
236 244 
256 208 
236 212 
236 268 
236 208 
236 220 
232 212 
232 236 
236 204 
260 212 
520 208 
236 236 
236 236 
232 216 
232 236 
240 232 
236 220 
236 216 
252 212 
736 212 
228 208 
244 208 
240 224 
276 216 
232 216 
256 216 
240 212 
216 220 
236 620 
240 232 
240 208 
240 216 
232 216 
228 212 
228 212 
232 216 
260 212 
232 244 
232 212 
232 232 
240 216 
232 220 
236 208 
232 260 
236 212 
236 216 
236 240 
236 204 
236 212 
232 208 
232 212 
228 212 
232 212 
232 244 
232 228 
232 208 
236 212 
240 232 
240 232 
228 232 
236 208 
252 224 
232 212 
236 212 
228 216 
232 208 
240 240 
236 240 
232 212 
236 216 
232 212 
264 212 
228 216 
236 216 
236 216 
236 216 
232 236 
232 212 
236 236 
232 216 
236 216 
232 220 
236 212 
232 216 
236 216 
232 212 
240 212 
232 216 
236 212 
232 260 
232 216 
240 232 
232 212 
44 48 
232 208 
232 212 
280 216 
236 276 
232 208 
236 236 
284 216 
236 204 
232 212 
232 216 
236 236 
540 240 
232 216 
240 216 
232 244 
232 212 
232 220 
236 252 
236 264 
232 212 
240 364 
236 224 
280 208 
228 208 
236 212 
236 216 
232 216 
232 212 
216 212 
236 400 
232 216 
232 224 
232 204 
48 40 
232 244 
236 252 
232 208 
208 216 
232 204 
236 208 
232 212 
236 208 
232 216 
240 240 
224 216 
232 212 
232 212 
236 212 
236 212 
236 212 
232 216 
232 208 
236 224 
236 264 
232 212 
232 216 
236 216 
236 212 
236 220 
232 204 
236 232 
236 212 
236 212 
232 212 
232 204 
236 52 
236 212 
232 228 
236 232 
228 208 
236 236 
240 232 
232 212 
232 216 
232 212 
240 324 
236 212 
236 236 
232 224 
236 212 
236 220 
236 212 
244 216 
248 212 
228 216 
236 220 
232 224 
236 208 
236 216 
236 236 
240 252 
244 228 
232 208 
236 212 
232 228 
236 236 
240 220 
300 244 
236 236 
228 212 
252 208 
232 228 
232 212 
236 288 
228 216 
232 224 
556 212 
264 240 
232 224 
232 228 
232 212 
236 216 
240 208 
232 212 
228 208 
236 392 
240 216 
236 212 
236 236 
232 216 
228 208 
236 208 
232 212 
212 208 
264 468 
236 208 
236 220 
236 212 
240 208 
236 244 
232 216 
236 216 
208 212 
232 264 
232 236 
232 220 
236 204 
236 236 
248 216 
232 216 
236 216 
268 220 
240 212 
232 212 
232 212 
240 236 
280 212 
240 208 
236 212 
236 212 
236 220 
236 216 
236 260 
240 240 
228 216 
232 208 
232 208 
228 208 
236 212 
228 236 
236 232 
236 208 
236 216 
240 216 
232 212 
232 216 
236 208 
228 212 
232 232 
256 212 
236 212 
236 232 
236 232 
236 212 
232 216 
324 208 
232 208 
232 212 
236 212 
232 212 
240 216 
232 236 
232 236 
400 208 
240 240 
256 224 
236 212 
240 220 
236 216 
236 212 
228 228 
232 212 
332 240 
236 204 
244 216 
232 232 
228 216 
236 240 
236 224 
236 252 
288 212 
540 236 
232 232 
244 212 
236 212 
240 216 
228 212 
256 212 
320 216 
236 212 
232 396 
232 228 
232 208 
236 212 
232 208 
236 216 
236 220 
240 220 
216 220 
248 648 
232 204 
236 220 
236 220 
236 208 
236 216 
236 208 
232 208 
216 212 
232 212 
232 268 
240 220 
236 220 
232 208 
236 208 
236 204 
236 212 
232 228 
232 208 
340 228 
236 208 
236 244 
232 260 
232 208 
236 216 
232 212 
240 212 
236 212 
232 204 
236 212 
240 260 
228 220 
236 212 
232 212 
240 216 
228 212 
236 212 
236 224 
232 216 
236 212 
232 212 
232 236 
232 228 
236 212 
236 236 
232 212 
236 236 
256 212 
236 252 
232 212 
236 216 
236 212 
236 216 
236 208 
236 212 
236 260 
232 208 
256 212 
240 208 
236 212 
240 208 
236 208 
240 236 
232 212 
228 208 
228 216 
228 212 
236 220 
344 208 
236 208 
236 236 
240 236 
236 264 
236 208 
236 236 
232 216 
228 212 
596 212 
240 208 
236 224 
232 216 
240 212 
236 212 
240 212 
236 212 
212 208 
236 448 
236 216 
232 236 
232 216 
236 220 
228 216 
244 236 
232 240 
212 216 
232 688 
236 212 
236 260 
228 212 
240 248 
236 212 
236 212 
232 236 
216 232 
232 208 
236 216 
232 212 
228 212 
236 216 
236 212 
236 208 
236 220 
232 216 
236 236 
244 252 
232 216 
236 208 
236 236 
240 212 
236 208 
48 48 
236 236 
232 220 
236 212 
236 220 
232 208 
236 240 
232 236 
236 212 
228 208 
240 208 
240 212 
236 236 
228 216 
232 264 
232 236 
240 212 
228 220 
232 208 
232 208 
232 248 
232 208 
232 208 
236 220 
236 208 
236 224 
232 212 
244 208 
236 212 
240 236 
232 248 
240 212 
236 236 
36 48 
240 220 
232 208 
236 212 
232 208 
236 216 
236 212 
232 208 
228 216 
236 212 
392 220 
232 208 
228 212 
236 216 
232 216 
248 236 
240 232 
240 220 
244 212 
484 212 
236 212 
232 208 
236 212 
236 252 
260 212 
232 224 
236 212 
224 212 
236 464 
236 216 
236 216 
232 48 
228 216 
236 212 
236 204 
236 216 
212 212 
236 704 
232 268 
236 236 
232 212 
236 232 
260 212 
228 208 
228 216 
212 212 
240 212 
232 212 
232 216 
228 208 
236 216 
232 212 
236 248 
236 212 
228 204 
232 220 
240 212 
236 204 
228 216 
240 208 
236 220 
240 220 
236 256 
232 232 
236 212 
236 216 
236 220 
228 236 
236 216 
232 216 
236 208 
236 240 
236 212 
232 236 
240 248 
240 212 
228 216 
236 216 
332 212 
236 240 
232 224 
232 208 
228 204 
236 208 
240 260 
232 208 
244 224 
228 220 
228 212 
232 212 
228 208 
232 216 
236 204 
236 268 
232 212 
356 208 
232 216 
236 216 
236 240 
240 208 
232 236 
232 240 
232 212 
232 268 
232 252 
388 240 
228 208 
236 212 
236 236 
236 220 
236 236 
236 208 
232 224 
236 236 
616 216 
236 208 
256 212 
252 208 
228 208 
232 216 
240 212 
236 208 
212 216 
232 480 
236 208 
232 216 
236 216 
232 212 
236 220 
228 208 
236 212 
212 224 
236 692 
232 212 
236 212 
240 216 
236 212 
236 228 
236 236 
232 208 
208 216 
236 240 
232 236 
260 212 
228 212 
232 224 
244 244 
236 212 
232 208 
236 208 
236 232 
236 236 
236 208 
228 208 
232 236 
228 208 
232 216 
228 208 
232 220 
316 220 
228 208 
232 216 
240 216 
236 216 
228 216 
232 204 
232 208 
228 212 
240 236 
240 236 
236 220 
232 212 
228 212 
236 340 
240 216 
236 236 
292 220 
232 216 
236 212 
236 236 
236 212 
232 204 
236 216 
236 212 
232 236 
236 228 
228 212 
236 212 
236 232 
240 252 
232 212 
232 212 
236 216 
236 220 
236 240 
232 208 
228 216 
236 240 
232 236 
240 244 
408 216 
236 212 
236 212 
236 208 
272 212 
232 208 
232 216 
236 208 
424 208 
636 212 
244 216 
232 212 
236 248 
228 212 
232 224 
236 208 
236 220 
212 212 
240 480 
228 216 
232 204 
236 204 
228 212 
240 236 
228 224 
232 212 
212 232 
240 696 
236 212 
232 216 
232 208 
232 216 
252 228 
232 212 
228 216 
208 216 
236 216 
232 244 
236 236 
232 212 
232 212 
236 212 
236 208 
232 208 
232 232 
240 212 
232 212 
228 268 
232 216 
236 232 
232 208 
240 232 
232 212 
232 208 
232 252 
232 216 
232 208 
236 212 
236 208 
296 208 
236 212 
232 256 
232 220 
228 216 
236 236 
232 208 
232 216 
232 212 
236 216 
240 220 
236 212 
236 240 
236 268 
236 208 
228 212 
232 212 
232 216 
232 208 
232 208 
236 236 
232 216 
232 212 
228 212 
240 212 
244 260 
44 44 
220 240 
228 256 
236 244 
268 212 
228 212 
232 212 
236 212 
232 236 
236 212 
432 228 
228 216 
236 212 
236 212 
232 240 
232 244 
240 216 
236 224 
232 216 
664 212 
268 216 
236 212 
236 224 
244 220 
236 232 
228 216 
232 212 
212 220 
236 480 
232 216 
236 216 
48 44 
236 212 
240 240 
236 252 
232 208 
216 212 
236 208 
236 268 
236 212 
232 212 
240 240 
232 244 
232 212 
236 216 
212 216 
232 208 
236 236 
232 264 
236 212 
236 204 
236 212 
236 212 
240 208 
232 208 
232 220 
232 208 
244 224 
232 212 
232 264 
236 212 
240 236 
236 232 
236 268 
236 224 
232 212 
232 212 
236 44 
232 220 
236 236 
236 212 
236 220 
232 252 
236 236 
228 212 
236 208 
236 216 
232 212 
232 212 
236 228 
232 212 
240 212 
492 208 
232 212 
236 260 
236 216 
236 216 
228 208 
232 212 
236 212 
236 224 
228 216 
240 236 
232 236 
228 212 
232 224 
216 212 
236 232 
228 216 
236 216 
232 212 
244 216 
232 224 
232 208 
232 212 
432 212 
436 212 
232 212 
228 208 
236 216 
232 208 
232 204 
236 212 
236 224 
692 304 
232 212 
236 208 
232 212 
236 208 
232 216 
236 204 
244 232 
216 212 
228 548 
232 228 
232 208 
232 212 
232 212 
240 212 
236 240 
236 240 
208 216 
236 212 
236 232 
236 224 
236 232 
228 212 
236 212 
236 240 
236 216 
236 224 
240 220 
244 208 
232 236 
232 244 
240 212 
236 268 
256 212 
232 208 
236 212 
236 216 
236 224 
236 212 
240 208 
240 212 
232 216 
236 232 
232 220 
232 264 
228 216 
232 208 
236 208 
232 216 
236 216 
232 220 
232 212 
236 212 
300 208 
232 212 
236 236 
236 240 
232 236 
248 212 
240 212 
236 208 
236 224 
236 268 
240 216 
272 212 
232 208 
232 220 
228 208 
236 220 
228 208 
236 204 
232 212 
232 208 
236 220 
232 208 
232 208 
228 208 
228 212 
268 208 
232 212 
236 212 
236 240 
232 244 
284 216 
236 212 
236 208 
472 208 
236 216 
236 236 
232 212 
236 208 
240 208 
236 208 
236 228 
244 208 
708 208 
236 220 
236 236 
236 208 
328 208 
236 264 
228 212 
256 208 
208 212 
232 612 
232 208 
240 236 
228 212 
236 216 
232 212 
236 220 
236 212 
216 220 
236 236 
236 264 
236 212 
236 212 
236 212 
308 208 
236 216 
236 212 
232 252 
232 252 
232 220 
236 216 
236 232 
240 212 
232 204 
236 212 
236 204 
232 216 
236 216 
232 236 
236 236 
232 212 
236 236 
236 236 
236 224 
228 212 
228 208 
332 216 
228 208 
236 208 
232 220 
236 208 
228 212 
236 208 
228 216 
236 204 
232 212 
232 212 
232 216 
236 208 
240 308 
236 216 
236 224 
232 212 
236 220 
232 220 
240 212 
236 232 
236 232 
236 208 
232 216 
236 216 
228 240 
228 208 
236 212 
236 236 
232 212 
236 212 
236 236 
264 208 
232 216 
236 216 
236 208 
236 216 
240 204 
236 244 
240 236 
228 212 
472 216 
236 236 
232 216 
232 208 
232 212 
236 208 
236 212 
236 216 
232 212 
724 212 
232 236 
252 212 
236 224 
236 216 
236 212 
232 212 
236 232 
212 228 
236 576 
232 288 
236 220 
236 220 
356 208 
236 256 
228 212 
232 212 
212 240 
232 212 
232 212 
232 212 
236 216 
232 240 
236 212 
236 260 
252 216 
228 212 
312 216 
236 212 
232 232 
236 264 
236 204 
232 212 
232 212 
240 236 
240 264 
232 240 
232 264 
44 48 
236 212 
228 212 
236 208 
240 208 
236 212 
232 212 
228 216 
228 220 
232 212 
232 212 
236 212 
232 264 
236 228 
232 216 
236 212 
228 208 
232 212 
236 236 
232 240 
232 216 
228 212 
232 212 
232 208 
232 212 
236 216 
272 216 
232 216 
236 236 
232 212 
240 244 
232 208 
44 48 
240 236 
236 204 
236 212 
244 232 
228 212 
232 248 
260 212 
276 220 
240 204 
232 208 
232 232 
236 212 
236 252 
236 212 
232 216 
512 208 
236 244 
248 212 
232 224 
236 220 
236 212 
240 240 
228 220 
236 212 
736 212 
236 216 
240 212 
240 216 
236 264 
240 48 
248 216 
232 208 
212 212 
232 596 
232 212 
240 216 
232 212 
236 208 
236 208 
232 212 
224 212 
212 208 
232 216 
252 212 
232 220 
232 212 
232 212 
236 244 
232 272 
236 224 
236 212 
232 212 
232 236 
236 212 
232 212 
240 240 
236 236 
236 244 
240 236 
232 216 
236 244 
236 208 
236 260 
240 204 
236 216 
228 212 
228 208 
232 204 
228 212 
236 212 
240 212 
236 216 
240 220 
236 260 
236 208 
236 220 
232 204 
240 212 
232 236 
236 208 
236 208 
236 240 
236 212 
232 256 
232 216 
236 212 
236 212 
236 236 
240 236 
228 216 
232 244 
236 216 
236 216 
232 232 
236 232 
240 224 
236 220 
236 216 
240 216 
224 212 
232 204 
300 212 
232 212 
236 212 
236 220 
228 216 
236 208 
236 216 
236 216 
232 212 
524 228 
232 220 
236 236 
240 216 
232 208 
232 216 
228 204 
232 212 
236 212 
236 380 
236 212 
236 208 
228 212 
232 216 
236 216 
232 216 
236 236 
216 204 
232 608 
268 232 
240 208 
232 208 
236 240 
236 220 
232 208 
236 212 
208 216 
232 208 
240 252 
228 216 
236 240 
232 264 
232 208 
236 212 
240 212 
280 212 
236 220 
236 216 
232 212 
236 236 
228 220 
236 204 
228 208 
228 208 
232 216 
236 208 
236 204 
236 216 
236 216 
240 220 
244 296 
236 240 
232 216 
236 216 
232 208 
232 208 
236 212 
236 212 
240 208 
236 212 
232 212 
240 220 
236 244 
232 244 
232 244 
224 212 
236 212 
232 216 
228 236 
224 300 
236 216 
248 216 
236 236 
236 236 
236 220 
256 212 
232 216 
232 208 
236 216 
236 220 
232 212 
236 204 
232 212 
232 212 
232 208 
264 336 
316 212 
232 212 
232 224 
232 212 
236 212 
240 220 
340 216 
304 216 
236 216 
564 260 
236 212 
240 208 
232 264 
228 212 
240 212 
236 232 
232 216 
232 212 
172 88 
0 0 
0 0 
0 0 
0 0 
0 0 
0 0 
0 0 
0 0 
0 0 
0 0 
0 0 
0 0 
0 0 
0 0 
0 0 
0 0 
0 0 
0 0 
0 0 
0 0 
0 0 
0 0 
0 0 
0 0 
0 0 
0 0 
0 0 
0 0 
0 0 
0 0 
0 0 
0 0 
0 0 
0 0 
0 0 
0 0 
0 0 
0 0 
0 0 
0 0 
0 0 
0 0 
0 0 
0 0 
0 0 
0 0 
0 0 
0 0 
0 0 
0 0 
0 0 
0 0 
0 0 
0 0 
0 0 
0 0 
0 0 
0 0 
0 0 
0 0 
0 0 
0 0 
0 0 
0 0 
0 0 
0 0 
0 0 
0 0 
0 0 
0 0 
0 0 
0 0 
0 0 
0 0 
0 0 
0 0 
0 0 
0 0 
0 0 
0 0 
0 0 
0 0 
0 0 
0 0 
0 0 
0 0 
0 0 
0 0 
0 0 
0 0 
0 0 
0 0 
0 0 
0 0 
0 0 
0 0 
0 0 
0 0 
0 0 
0 0 
0 0 
0 0 
0 0 
0 0 
0 0 
0 0 
0 0 
0 0 
0 0 
0 0 
0 0 
0 0 
0 0 
0 0 
0 0 
0 0 
0 0 
0 0 
0 0 
0 0 
0 0 
0 0 
0 0 
0 0 
0 0 
0 0 
0 0 
0 0 
0 0 
0 0 
0 0 
0 0 
0 0 
0 0 
0 0 
0 0 
0 0 
0 0 
0 0 
0 0 
0 0 
0 0 
0 0 
0 0 
0 0 
0 0 
0 0 
0 0 
0 0 
0 0 
0 0 
0 0 
0 0 
0 0 
0 0 
0 0 
0 0 
0 0 
0 0 
0 0 
0 0 
0 0 
0 0 
0 0 
0 0 
0 0 
0 0 
0 0 
0 0 
0 0 
0 0 
0 0 
0 0 
0 0 
0 0 
0 0 
0 0 
0 0 
0 0 
0 0 
0 0 
0 0 
0 0 
0 0 
0 0 
0 0 
0 0 
0 0 
0 0 
0 0 
0 0 
0 0 
0 0 
0 0 
0 0 
0 0 
0 0 
0 0 
0 0 
0 0 
0 0 
0 0 
0 0 
0 0 
0 0 
0 0 
0 0 
0 0 
0 0 
0 0 
0 0 
0 0 
0 0 
0 0 
0 0 
0 0 
0 0 
0 0 
0 0 
0 0 
0 0 
0 0 
0 0 
0 0 
0 0 
0 0 
0 0 
0 0 
0 0 
0 0 
0 0 
0 0 
0 0 
0 0 
0 0 
0 0 
0 0 
0 0 
0 0 
0 0 
0 0 
0 0 
0 0 
0 0 
0 0 
0 0 
0 0 
0 0 
0 0 
0 0 
0 0 
0 0 
0 0 
0 0 
0 0 
0 0 
0 0 
0 0 
0 0 
0 0 
0 0 
0 0 
0 0 
0 0 
0 0 
0 0 
0 0 
0 0 
0 0 
0 0 
0 0 
0 0 
0 0 
0 0 
0 0 
0 0 
0 0 
0 0 
0 0 
0 0 
0 0 
0 0 
0 0 
0 0 
0 0 
0 0 
0 0 
0 0 
0 0 
0 0 
0 0 
0 0 
0 0 
0 0 
0 0 
0 0 
0 0 
0 0 
0 0 
0 0 
0 0 
0 0 
0 0 
0 0 
0 0 
0 0 
0 0 
0 0 
0 0 
0 0 
0 0 
0 0 
0 0 
0 0 
0 0 
0 0 
0 0 
0 0 
0 0 
0 0 
0 0 
0 0 
0 0 
0 0 
0 0 
0 0 
0 0 
0 0 
0 0 
0 0 
0 0 
0 0 
0 0 
0 0 
0 0 
0 0 
0 0 
0 0 
0 0 
0 0 
0 0 
0 0 
0 0 
0 0 
0 0 
0 0 
0 0 
0 0 
0 0 
0 0 
0 0 
0 0 
0 0 
0 0 
0 0 
0 0 
0 0 
0 0 
0 0 
0 0 
0 0 
0 0 
0 0 
0 0 
0 0 
0 0 
0 0 
0 0 
0 0 
0 0 
0 0 
0 0 
0 0 
0 0 
0 0 
0 0 
0 0 
0 0 
0 0 
0 0 
0 0 
0 0 
0 0 
0 0 
0 0 
0 0 
0 0 
0 0 
0 0 
0 0 
0 0 
0 0 
0 0 
0 0 
0 0 
0 0 
0 0 
0 0 
0 0 
0 0 
0 0 
0 0 
0 0 
0 0 
0 0 
0 0 
0 0 
0 0 
0 0 
0 0 
0 0 
0 0 
0 0 
0 0 
0 0 
0 0 
0 0 
0 0 
0 0 
0 0 
0 0 
0 0 
0 0 
0 0 
0 0 
0 0 
0 0 
0 0 
0 0 
0 0 
0 0 
0 0 
0 0 
0 0 
0 0 
0 0 
0 0 
0 0 
0 0 
0 0 
0 0 
0 0 
0 0 
0 0 
0 0 
0 0 
0 0 
0 0 
0 0 
0 0 
0 0 
0 0 
0 0 
0 0 
0 0 
0 0 
0 0 
0 0 
0 0 
0 0 
0 0 
0 0 
0 0 
0 0 
0 0 
0 0 
0 0 
0 0 
0 0 
240 204 
44 44 
232 216 
216 224 
232 244 
236 484 
204 212 
212 212 
232 220 
248 216 
680 232 
232 240 
236 212 
196 204 
228 728 
236 304 
320 236 
224 192 
300 216 
220 192 
236 228 
236 240 
256 196 
200 268 
224 208 
196 196 
232 216 
280 204 
208 192 
236 216 
196 188 
216 216 
248 216 
288 44 
296 268 
232 212 
232 216 
200 216 
236 200 
236 224 
236 212 
196 208 
192 212 
228 224 
220 188 
196 220 
280 208 
196 200 
232 228 
232 204 
304 240 
192 192 
212 236 
236 208 
216 232 
232 196 
224 196 
228 216 
212 212 
236 208 
204 208 
332 228 
236 216 
312 252 
308 236 
232 216 
352 192 
216 216 
236 208 
216 216 
212 220 
212 212 
216 296 
452 272 
320 300 
332 200 
232 212 
240 212 
196 216 
196 208 
220 192 
344 248 
292 272 
240 248 
304 244 
188 200 
192 192 
192 192 
200 196 
256 192 
212 188 
216 572 
212 196 
196 196 
192 192 
204 232 
192 192 
216 232 
284 252 
212 200 
324 256 
236 240 
296 324 
332 216 
196 296 
192 260 
208 204 
288 340 
272 240 
200 204 
208 200 
196 196 
232 212 
192 204 
208 212 
200 280 
196 212 
348 200 
284 196 
200 216 
208 308 
260 216 
216 248 
216 600 
232 208 
276 248 
220 192 
216 200 
204 284 
232 220 
236 264 
376 280 
208 232 
236 208 
296 240 
204 208 
200 196 
220 196 
192 196 
212 200 
228 196 
208 208 
220 236 
224 216 
188 208 
228 220 
208 212 
196 196 
208 220 
204 192 
220 192 
200 196 
220 236 
336 208 
236 256 
356 320 
256 244 
232 204 
224 204 
196 196 
192 208 
192 196 
192 196 
192 192 
192 212 
224 196 
216 216 
296 192 
332 224 
292 196 
256 680 
240 196 
216 196 
240 200 
196 228 
196 196 
240 200 
196 200 
208 284 
228 212 
236 216 
212 324 
236 212 
220 220 
212 212 
220 216 
200 216 
204 196 
248 196 
192 232 
196 208 
192 216 
200 192 
200 200 
204 220 
216 196 
192 208 
240 200 
224 200 
204 240 
216 216 
232 192 
192 196 
260 200 
200 212 
236 260 
200 188 
204 216 
192 208 
196 308 
232 192 
216 212 
208 260 
212 216 
296 232 
248 216 
236 332 
360 236 
240 216 
304 212 
268 216 
196 232 
200 188 
212 212 
204 232 
192 196 
216 208 
196 232 
248 208 
252 212 
204 204 
196 232 
204 196 
224 192 
244 196 
248 228 
216 556 
200 196 
212 208 
216 216 
192 192 
716 200 
192 196 
220 196 
236 496 
232 212 
200 204 
212 204 
212 220 
196 192 
204 196 
200 228 
236 236 
224 264 
332 240 
352 320 
336 292 
360 236 
208 196 
276 336 
260 232 
192 232 
204 220 
200 192 
668 196 
216 188 
200 232 
196 212 
212 228 
200 204 
204 200 
256 240 
216 316 
224 204 
236 196 
192 196 
252 192 
196 196 
196 208 
188 196 
196 208 
200 192 
232 192 
192 208 
200 212 
232 404 
240 244 
220 196 
236 244 
360 324 
228 212 
200 240 
236 192 
252 256 
192 196 
200 208 
208 216 
196 200 
252 216 
204 216 
328 216 
216 200 
196 236 
196 220 
196 216 
200 200 
48 44 
208 252 
196 220 
212 216 
208 236 
212 200 
228 208 
196 192 
192 196 
200 188 
196 204 
224 192 
200 192 
232 208 
200 200 
216 204 
224 216 
224 204 
204 200 
204 196 
236 236 
228 228 
204 232 
192 208 
420 196 
188 196 
196 204 
224 188 
196 216 
40 48 
284 248 
256 224 
196 200 
196 192 
200 220 
192 216 
196 192 
196 216 
208 196 
216 276 
216 568 
200 228 
196 324 
264 284 
232 556 
236 256 
192 224 
212 208 
200 196 
200 228 
220 196 
208 220 
196 232 
236 316 
196 204 
376 284 
204 200 
280 200 
196 192 
252 264 
196 204 
204 228 
196 216 
244 196 
220 44 
212 196 
240 240 
216 196 
212 196 
208 196 
220 272 
196 268 
240 252 
232 192 
204 192 
192 196 
192 204 
212 196 
212 216 
200 196 
224 236 
552 192 
236 212 
200 216 
200 216 
192 212 
200 204 
328 320 
268 240 
268 232 
240 216 
200 252 
236 260 
328 304 
352 236 
244 244 
196 240 
240 316 
260 216 
216 724 
468 228 
208 204 
200 192 
196 208 
208 232 
204 192 
292 200 
228 256 
220 196 
212 220 
196 204 
196 192 
216 244 
196 196 
216 216 
236 200 
196 216 
212 256 
216 220 
224 200 
200 196 
212 200 
196 200 
196 196 
240 204 
228 188 
256 304 
196 220 
200 212 
200 196 
200 188 
192 208 
196 196 
204 196 
232 256 
292 240 
220 200 
192 216 
236 200 
304 244 
284 196 
232 196 
316 316 
236 328 
332 248 
196 200 
196 308 
196 204 
228 200 
204 260 
236 192 
312 244 
208 196 
192 208 
196 212 
200 228 
680 248 
204 192 
196 204 
196 192 
212 196 
188 216 
196 196 
208 212 
388 200 
216 348 
232 192 
240 228 
336 268 
208 212 
220 272 
204 208 
208 196 
260 204 
192 220 
196 212 
216 196 
216 196 
196 196 
196 192 
280 188 
240 196 
200 356 
192 200 
196 236 
240 240 
204 200 
240 192 
192 204 
204 224 
232 212 
192 292 
236 244 
228 192 
236 204 
296 196 
196 188 
212 196 
212 224 
216 200 
196 192 
196 204 
196 204 
224 208 
220 196 
196 204 
188 212 
212 208 
224 224 
208 208 
236 208 
260 188 
248 280 
316 216 
196 252 
196 200 
188 228 
208 232 
212 196 
328 204 
192 196 
240 264 
300 236 
248 216 
304 272 
196 196 
196 236 
196 236 
292 248 
212 212 
204 216 
224 256 
236 200 
220 300 
264 212 
252 324 
196 212 
232 356 
216 244 
192 220 
220 200 
232 236 
264 248 
220 220 
236 196 
212 208 
228 232 
216 228 
196 192 
192 212 
188 192 
200 192 
232 216 
200 240 
196 236 
220 200 
208 208 
204 212 
500 224 
192 200 
232 192 
212 192 
200 192 
204 204 
196 184 
212 224 
232 228 
248 200 
292 280 
196 192 
196 236 
236 272 
204 188 
216 704 
216 212 
196 200 
204 192 
232 196 
340 216 
204 232 
236 208 
232 212 
232 196 
244 280 
300 280 
196 200 
232 232 
200 200 
196 196 
460 232 
212 228 
200 196 
192 212 
208 260 
332 208 
220 220 
216 208 
212 212 
216 208 
228 236 
208 232 
336 216 
244 204 
196 208 
192 192 
200 196 
336 212 
236 200 
200 208 
224 216 
236 196 
200 200 
192 196 
196 192 
192 208 
204 196 
212 192 
212 220 
192 204 
232 224 
220 224 
212 212 
216 200 
192 240 
204 220 
216 308 
196 196 
220 208 
196 196 
212 188 
236 212 
200 232 
196 200 
188 188 
196 196 
196 256 
236 216 
236 216 
192 204 
200 192 
220 188 
200 204 
224 220 
216 212 
216 216 
272 324 
208 256 
212 216 
280 264 
164 52 
196 208 
212 568 
236 220 
188 204 
428 200 
192 196 
204 240 
196 200 
232 236 
216 232 
216 228 
236 232 
200 216 
572 224 
220 644 
188 196 
216 228 
200 200 
232 212 
196 208 
228 196 
200 196 
220 244 
196 204 
212 220 
208 196 
216 200 
212 212 
192 196 
240 232 
204 228 
216 212 
40 48 
208 592 
196 196 
216 188 
200 212 
668 224 
224 208 
188 192 
208 200 
236 204 
196 236 
212 204 
200 212 
236 316 
256 212 
304 200 
212 268 
212 252 
212 208 
248 216 
216 200 
240 220 
208 232 
192 204 
192 288 
240 220 
332 196 
208 228 
212 208 
240 276 
256 228 
276 244 
320 196 
256 308 
200 192 
196 52 
200 204 
200 236 
196 196 
196 192 
196 200 
200 196 
220 524 
196 204 
196 208 
196 220 
204 220 
196 196 
196 220 
236 484 
216 536 
236 192 
204 204 
208 208 
196 216 
220 364 
192 200 
236 212 
200 196 
264 200 
224 192 
284 220 
220 208 
244 232 
252 236 
236 232 
236 212 
244 240 
332 256 
208 336 
240 216 
192 192 
200 220 
200 208 
220 200 
236 196 
196 208 
216 316 
216 212 
216 248 
200 196 
196 196 
192 200 
200 260 
192 192 
216 428 
192 212 
196 300 
192 236 
200 188 
212 240 
216 240 
216 304 
204 216 
216 212 
196 276 
208 208 
232 208 
192 312 
232 192 
308 232 
272 300 
316 208 
236 204 
192 204 
196 212 
196 192 
200 192 
244 204 
192 196 
236 200 
192 212 
196 208 
228 204 
212 228 
224 216 
304 284 
200 216 
196 264 
220 216 
296 196 
220 220 
188 192 
200 236 
200 192 
212 208 
212 208 
244 244 
208 192 
196 240 
196 196 
196 208 
192 200 
192 204 
232 232 
228 192 
492 188 
196 192 
208 200 
192 192 
232 192 
268 196 
260 288 
204 204 
248 196 
196 200 
196 192 
208 192 
200 240 
196 216 
208 212 
200 212 
200 200 
196 192 
200 208 
212 200 
200 276 
220 256 
196 200 
208 320 
196 204 
240 204 
200 400 
244 192 
232 200 
208 328 
216 208 
200 200 
208 192 
200 196 
220 188 
220 260 
200 212 
196 196 
220 192 
192 192 
208 204 
208 192 
196 228 
192 204 
196 212 
264 196 
212 260 
212 328 
228 244 
212 276 
240 624 
288 220 
196 236 
192 208 
272 260 
236 204 
240 200 
192 200 
416 200 
196 204 
228 204 
192 200 
228 192 
196 208 
208 196 
196 200 
204 216 
196 220 
208 216 
232 244 
608 204 
228 208 
232 228 
228 340 
192 204 
200 196 
196 200 
192 188 
208 232 
208 420 
196 220 
216 332 
212 212 
232 200 
228 216 
208 244 
212 256 
248 272 
252 256 
232 232 
280 324 
256 296 
200 232 
232 284 
196 192 
196 188 
236 196 
196 212 
196 212 
188 220 
252 208 
192 188 
208 200 
276 208 
196 184 
196 212 
196 204 
200 196 
200 196 
392 200 
196 216 
204 188 
196 212 
232 236 
200 212 
200 196 
192 212 
200 188 
200 196 
204 196 
216 192 
416 428 
680 332 
196 200 
196 188 
196 216 
220 192 
212 196 
200 196 
200 200 
256 216 
212 216 
200 204 
476 212 
224 200 
212 208 
224 212 
196 200 
200 228 
252 548 
188 200 
216 244 
212 200 
208 224 
208 208 
236 212 
212 316 
216 308 
212 212 
216 220 
264 236 
248 300 
252 236 
240 364 
212 228 
224 196 
232 192 
204 196 
232 204 
212 216 
244 260 
192 216 
236 200 
212 196 
208 212 
236 212 
216 224 
268 208 
240 216 
212 220 
216 208 
208 208 
228 260 
216 300 
220 312 
240 236 
240 236 
212 252 
240 220 
44 44 
236 212 
236 212 
236 212 
236 212 
236 256 
236 244 
228 208 
232 220 
240 212 
256 220 
236 212 
236 216 
236 216 
236 220 
232 208 
236 224 
236 236 
232 220 
236 228 
384 212 
236 212 
236 216 
236 244 
236 264 
240 212 
236 220 
236 236 
236 220 
612 216 
236 260 
236 236 
236 208 
48 44 
240 220 
236 208 
236 240 
212 252 
236 476 
232 208 
236 220 
236 240 
232 216 
236 220 
244 212 
232 212 
208 212 
236 748 
236 252 
228 212 
456 216 
232 232 
236 208 
236 236 
232 216 
216 212 
244 216 
236 224 
236 228 
232 228 
236 224 
232 232 
232 208 
244 44 
240 232 
232 212 
232 212 
232 204 
236 220 
236 240 
228 212 
236 212 
240 208 
232 236 
236 248 
236 236 
244 216 
232 208 
228 208 
236 216 
232 324 
240 232 
228 208 
232 212 
236 208 
236 212 
236 224 
232 212 
232 216 
236 216 
236 212 
228 212 
232 328 
236 212 
240 208 
232 212 
240 240 
236 264 
236 212 
232 208 
240 212 
240 212 
232 208 
232 208 
228 216 
236 212 
232 252 
240 220 
232 212 
236 212 
232 216 
260 212 
232 212 
240 216 
232 224 
408 208 
236 212 
232 220 
232 256 
228 212 
236 216 
240 240 
236 320 
312 204 
636 212 
228 208 
232 208 
232 220 
236 204 
236 220 
232 220 
232 216 
212 208 
236 488 
232 208 
232 220 
236 208 
240 204 
240 216 
232 212 
236 220 
212 240 
240 712 
228 216 
240 212 
232 236 
240 216 
236 216 
232 212 
236 208 
216 212 
236 220 
228 216 
232 208 
232 212 
236 256 
232 240 
236 260 
232 232 
232 268 
232 212 
236 212 
232 216 
228 208 
228 204 
232 208 
236 220 
236 224 
236 208 
236 220 
248 208 
232 212 
236 220 
236 216 
236 216 
228 208 
232 208 
236 212 
232 240 
228 216 
232 216 
232 212 
240 216 
232 212 
232 212 
232 212 
228 216 
232 220 
236 212 
232 216 
236 228 
232 220 
232 208 
232 212 
236 212 
240 236 
232 256 
228 216 
228 248 
244 208 
236 232 
200 216 
228 212 
232 212 
236 236 
232 216 
228 216 
236 268 
236 216 
256 212 
448 220 
236 216 
236 240 
232 212 
232 208 
236 216 
236 216 
228 208 
228 208 
664 228 
236 236 
236 236 
240 212 
236 240 
236 224 
232 220 
232 208 
212 212 
240 540 
236 212 
232 212 
236 212 
232 220 
232 212 
228 224 
228 216 
212 232 
240 232 
228 204 
272 212 
236 212 
232 216 
232 236 
240 204 
224 220 
236 212 
232 220 
228 208 
232 228 
244 216 
232 212 
232 240 
236 208 
236 212 
228 216 
236 212 
232 220 
232 212 
236 216 
236 236 
232 264 
236 216 
232 240 
232 212 
236 212 
236 212 
236 220 
236 208 
236 236 
236 208 
236 212 
232 212 
232 212 
236 232 
232 216 
236 208 
232 216 
236 208 
240 224 
228 212 
236 248 
248 212 
240 216 
232 272 
232 212 
232 212 
236 208 
236 212 
236 212 
228 216 
236 208 
232 216 
236 212 
232 220 
236 236 
232 212 
212 216 
236 216 
316 212 
228 220 
236 208 
232 212 
224 212 
232 208 
236 212 
432 212 
228 216 
228 208 
228 212 
232 212 
236 212 
232 212 
228 208 
236 212 
704 248 
232 236 
236 212 
240 212 
236 216 
240 216 
236 208 
232 236 
212 208 
240 540 
232 236 
236 232 
236 208 
228 208 
236 232 
228 212 
232 212 
216 276 
252 220 
240 216 
240 208 
252 220 
244 236 
240 252 
236 256 
232 232 
236 208 
48 64 
236 228 
228 216 
236 208 
232 212 
240 204 
236 220 
236 216 
228 208 
232 212 
488 220 
232 208 
232 208 
232 212 
232 240 
232 236 
236 224 
232 208 
228 208 
232 232 
236 208 
236 212 
236 256 
240 236 
228 212 
232 216 
232 216 
236 212 
244 236 
244 264 
232 252 
160 44 
236 220 
240 236 
240 256 
232 208 
236 208 
236 248 
228 212 
236 208 
232 212 
228 208 
236 216 
236 212 
236 204 
232 212 
236 216 
232 212 
228 212 
232 212 
248 208 
236 212 
232 52 
236 220 
236 216 
232 220 
236 208 
232 220 
236 344 
464 236 
232 212 
236 216 
232 216 
268 208 
236 240 
236 216 
236 240 
276 216 
700 212 
244 212 
232 208 
236 220 
236 268 
232 212 
240 216 
236 240 
212 208 
244 548 
232 240 
232 212 
232 208 
236 204 
236 212 
232 220 
236 212 
208 256 
232 212 
240 220 
236 212 
228 208 
232 208 
244 236 
228 208 
228 216 
236 216 
240 212 
236 220 
264 216 
236 208 
236 256 
240 252 
236 208 
232 212 
240 212 
232 236 
240 236 
240 216 
232 208 
232 244 
236 212 
232 212 
236 228 
236 216 
308 208 
232 212 
232 208 
236 216 
236 216 
228 228 
232 260 
236 224 
232 216 
236 208 
236 264 
232 248 
236 212 
236 216 
240 204 
236 212 
236 216 
232 216 
236 244 
232 208 
236 208 
236 212 
232 240 
236 208 
232 212 
232 212 
232 264 
240 212 
224 212 
232 216 
236 208 
236 208 
248 212 
236 224 
236 236 
232 212 
236 216 
260 208 
240 200 
0 0 
0 0 
0 0 
240 208 
192 236 
228 232 
232 236 
236 224 
232 212 
236 212 
236 208 
716 212 
236 212 
240 208 
228 212 
236 220 
232 244 
236 248 
236 248 
212 244 
240 604 
232 204 
232 216 
232 216 
420 236 
236 208 
236 212 
236 216 
212 240 
232 220 
240 204 
236 212 
232 236 
228 212 
232 220 
232 208 
240 208 
232 216 
240 216 
240 216 
236 232 
236 240 
236 208 
232 232 
228 240 
228 208 
232 252 
232 212 
236 216 
236 264 
236 232 
232 216 
236 216 
236 216 
316 216 
236 240 
232 232 
240 212 
228 208 
236 212 
236 220 
236 212 
236 204 
228 212 
236 236 
240 232 
236 240 
252 212 
232 216 
404 212 
248 224 
232 208 
236 208 
244 236 
236 236 
232 264 
232 240 
232 212 
236 208 
232 212 
236 236 
236 240 
236 216 
232 212 
48 48 
232 212 
232 220 
232 208 
272 224 
236 220 
232 216 
236 240 
228 236 
236 220 
236 216 
236 228 
236 216 
512 216 
240 204 
236 224 
240 212 
232 208 
232 224 
232 264 
236 248 
236 244 
236 388 
240 240 
236 236 
256 220 
232 240 
236 212 
236 212 
228 208 
212 220 
880 212 
48 44 
236 216 
240 248 
236 204 
264 236 
232 208 
232 208 
208 208 
240 212 
232 208 
236 212 
232 208 
236 208 
236 248 
236 220 
236 224 
260 216 
240 212 
236 236 
236 252 
236 212 
236 212 
236 220 
236 208 
236 224 
240 240 
228 216 
232 212 
236 212 
236 208 
236 48 
236 216 
232 216 
236 208 
232 212 
236 208 
236 232 
228 212 
232 208 
236 248 
240 212 
236 228 
232 212 
240 212 
224 216 
236 216 
240 212 
232 252 
228 212 
232 240 
232 260 
232 224 
236 208 
236 212 
228 212 
228 240 
232 208 
232 212 
240 212 
256 212 
320 216 
236 220 
232 224 
236 216 
236 220 
236 240 
232 216 
288 228 
236 208 
244 212 
236 212 
236 216 
232 216 
232 232 
240 208 
240 208 
516 208 
240 220 
228 216 
236 232 
236 224 
252 212 
240 212 
232 212 
236 212 
232 372 
236 212 
244 216 
232 248 
232 236 
492 216 
232 244 
252 216 
212 208 
364 488 
228 216 
236 216 
236 212 
228 208 
236 212 
236 232 
236 252 
208 220 
228 212 
236 220 
240 208 
232 216 
236 252 
228 212 
232 208 
232 212 
232 220 
232 208 
232 204 
240 208 
240 212 
232 212 
236 212 
232 212 
272 260 
236 220 
240 236 
228 212 
236 220 
232 212 
236 204 
236 244 
236 204 
232 220 
244 212 
228 224 
236 216 
236 236 
240 236 
236 264 
236 212 
236 204 
236 212 
236 208 
236 236 
232 260 
228 208 
232 212 
236 212 
240 236 
232 208 
244 220 
236 268 
240 208 
244 240 
236 240 
240 212 
240 208 
232 224 
236 212 
228 216 
236 216 
236 212 
240 216 
236 248 
232 208 
236 212 
320 216 
240 208 
240 224 
240 212 
236 216 
236 220 
232 212 
228 212 
264 216 
544 220 
232 232 
236 220 
228 208 
232 212 
232 240 
232 208 
240 212 
276 216 
232 380 
236 236 
232 268 
240 208 
236 212 
232 236 
236 240 
232 212 
216 216 
236 640 
236 208 
228 212 
232 220 
228 212 
236 208 
228 264 
236 240 
212 252 
228 212 
228 208 
232 208 
228 212 
236 212 
228 216 
232 212 
236 212 
236 216 
240 236 
232 248 
232 208 
228 212 
236 208 
228 216 
236 228 
236 244 
232 208 
236 216 
240 240 
236 212 
236 252 
252 208 
232 220 
236 212 
228 212 
228 212 
236 212 
236 236 
232 220 
240 220 
236 232 
236 208 
232 280 
236 216 
