# ./FR-trace starting at Mon Apr 20 19:09:16 2020
################# CONFIG #################
# slot=5000
# samples=10000
# threshold=100
# idle=500
# minlen=500
# runs=10000
# pdathreads=2
# nmonitored=2
#   monitor0=../apps/openssl ec2_mult.c:153 0x1e7854
#   monitor1=../apps/openssl ec2_mult.c:161 0x1e789c
# nevicted=0
# npdatargets=2
#   target0=../apps/openssl bn_gf2m.c:412 0x20bd10
#   target1=../apps/openssl bn_gf2m.c:412+64 0x20bd50
# affinity=all
############## SYSTEM INFO ###############
# mastik_version=
# sysname=Linux
# nodename=lovelace
# release=5.3.7-arch1-1-ARCH
# version=#1 SMP PREEMPT Fri Oct 18 00:17:03 UTC 2019
# machine=x86_64
################## DATA ##################
# run=5642
# datapoints=10000
40 212 
232 208 
228 208 
236 208 
236 208 
232 216 
236 232 
232 208 
232 208 
236 208 
236 212 
212 208 
232 224 
236 232 
240 212 
240 208 
236 216 
236 228 
232 212 
236 216 
448 232 
236 212 
232 232 
232 208 
232 208 
240 232 
232 216 
232 208 
48 40 
672 208 
232 212 
236 208 
232 208 
240 216 
236 236 
232 204 
228 212 
212 208 
240 512 
236 248 
236 256 
228 204 
236 232 
232 204 
232 208 
228 208 
216 204 
240 232 
244 56 
0 0 
0 0 
0 0 
0 0 
0 0 
0 0 
0 0 
0 0 
0 0 
0 0 
0 0 
0 0 
0 0 
0 0 
0 0 
0 0 
0 0 
0 0 
0 0 
0 0 
0 0 
0 0 
0 0 
0 0 
0 0 
0 0 
0 0 
0 0 
0 0 
0 0 
0 0 
0 0 
0 0 
0 0 
0 0 
0 0 
0 0 
0 0 
0 0 
0 0 
0 0 
0 0 
0 0 
0 0 
0 0 
0 0 
0 0 
0 0 
0 0 
0 0 
0 0 
0 0 
0 0 
0 0 
0 0 
0 0 
0 0 
0 0 
0 0 
0 0 
260 208 
228 216 
236 212 
228 208 
232 216 
232 216 
480 208 
232 208 
232 208 
232 212 
236 220 
240 232 
236 212 
236 212 
240 212 
724 228 
232 208 
228 208 
236 208 
236 208 
240 212 
236 236 
236 212 
212 220 
232 512 
232 212 
236 208 
432 208 
232 256 
248 208 
236 208 
240 264 
208 216 
228 208 
292 212 
236 208 
232 208 
236 236 
228 208 
244 212 
236 248 
232 204 
236 220 
236 232 
232 248 
260 212 
232 212 
284 248 
236 236 
360 232 
240 212 
232 208 
236 260 
236 236 
236 208 
228 208 
232 216 
236 232 
232 236 
228 212 
236 208 
240 212 
236 236 
232 208 
236 208 
272 208 
236 212 
232 220 
232 236 
236 252 
240 216 
236 236 
236 208 
264 208 
240 208 
244 212 
232 208 
236 264 
240 208 
236 208 
232 220 
236 208 
236 256 
244 208 
236 204 
232 204 
232 212 
240 208 
236 232 
232 208 
240 216 
236 228 
240 224 
236 212 
236 216 
228 208 
228 208 
236 252 
244 212 
240 216 
232 220 
468 208 
232 204 
236 212 
244 216 
236 240 
232 208 
240 208 
232 212 
236 204 
736 236 
240 208 
244 216 
240 232 
232 208 
228 236 
232 220 
232 204 
216 236 
228 580 
232 204 
240 236 
236 228 
236 236 
236 208 
228 204 
240 208 
220 232 
236 232 
228 208 
232 224 
232 216 
236 376 
240 236 
236 216 
228 212 
240 212 
240 232 
228 204 
232 208 
228 216 
240 208 
236 208 
236 208 
236 208 
236 236 
232 216 
236 212 
228 208 
228 228 
236 236 
236 208 
240 216 
228 208 
236 228 
236 212 
240 212 
236 204 
232 208 
236 216 
236 224 
236 204 
240 232 
236 212 
228 212 
240 208 
236 224 
232 208 
228 260 
236 208 
232 208 
232 220 
240 212 
236 236 
232 208 
232 220 
468 208 
240 260 
264 208 
236 212 
232 208 
232 212 
252 208 
232 216 
236 208 
236 220 
236 212 
264 216 
44 44 
232 232 
240 208 
232 204 
232 208 
232 208 
236 232 
236 256 
528 224 
236 236 
236 212 
236 216 
236 236 
236 224 
248 216 
232 216 
236 212 
748 404 
232 212 
240 208 
228 212 
236 216 
236 248 
236 248 
236 236 
208 220 
236 572 
48 44 
228 208 
232 208 
236 208 
240 212 
236 212 
236 212 
212 216 
236 248 
232 216 
228 212 
240 212 
232 212 
236 204 
232 264 
236 204 
232 212 
232 208 
232 208 
236 232 
236 208 
232 212 
232 248 
256 208 
236 220 
232 44 
232 204 
244 212 
236 208 
236 208 
236 208 
236 248 
236 204 
232 220 
236 264 
236 208 
236 228 
236 216 
236 240 
232 212 
232 208 
232 212 
240 208 
232 216 
232 256 
228 208 
232 208 
232 236 
236 208 
244 208 
236 208 
236 256 
236 220 
228 208 
240 216 
236 248 
236 244 
236 212 
232 208 
236 232 
260 204 
240 204 
228 208 
236 212 
232 216 
232 208 
248 212 
292 204 
236 212 
236 216 
240 260 
228 212 
232 248 
240 208 
240 216 
228 212 
540 244 
232 212 
240 204 
232 208 
232 204 
236 208 
228 208 
236 208 
236 220 
240 372 
232 208 
240 208 
228 212 
240 208 
244 232 
236 232 
232 216 
212 208 
232 592 
236 212 
228 228 
240 208 
232 232 
240 216 
232 208 
232 208 
216 208 
240 264 
280 204 
232 216 
268 216 
236 232 
236 208 
232 208 
236 236 
236 240 
228 204 
232 208 
236 212 
240 216 
252 204 
240 212 
240 208 
232 224 
228 212 
236 212 
232 204 
236 204 
232 240 
232 224 
228 208 
236 220 
236 264 
232 208 
232 208 
236 212 
244 252 
232 204 
232 204 
240 236 
236 208 
232 212 
236 216 
236 212 
236 232 
232 208 
236 208 
232 232 
236 220 
236 208 
232 208 
240 216 
244 212 
236 212 
240 216 
232 208 
268 212 
240 208 
240 432 
236 236 
232 212 
232 212 
232 208 
240 224 
240 260 
240 208 
328 216 
240 208 
236 208 
232 208 
240 208 
240 236 
236 208 
236 212 
232 236 
560 208 
236 236 
236 204 
232 208 
240 208 
232 236 
236 212 
240 224 
236 256 
236 376 
228 208 
236 232 
232 212 
228 208 
232 208 
240 232 
236 232 
216 256 
264 624 
240 212 
228 208 
232 208 
232 232 
228 208 
236 216 
232 208 
220 216 
236 212 
232 204 
236 216 
232 204 
236 224 
328 320 
236 224 
232 216 
236 252 
232 208 
240 212 
232 204 
256 216 
236 208 
232 232 
240 212 
240 208 
236 208 
236 236 
236 208 
232 212 
236 224 
236 212 
228 208 
236 204 
232 208 
232 208 
236 212 
232 216 
236 216 
232 204 
236 220 
232 208 
240 236 
236 236 
236 212 
260 212 
244 204 
228 204 
232 208 
232 420 
236 256 
236 208 
236 208 
236 208 
236 236 
236 236 
232 244 
228 212 
236 208 
236 168 
44 232 
232 208 
228 216 
232 224 
232 236 
236 208 
232 204 
244 212 
328 208 
232 208 
236 252 
236 212 
240 208 
236 208 
236 212 
236 236 
240 252 
568 208 
240 220 
240 208 
240 216 
240 216 
232 212 
232 216 
228 212 
224 204 
236 436 
44 48 
232 208 
244 220 
232 208 
236 208 
232 236 
236 208 
212 216 
236 612 
236 232 
236 236 
232 208 
236 208 
236 208 
232 208 
228 212 
212 208 
260 208 
236 208 
232 204 
236 208 
228 208 
240 212 
236 208 
236 252 
236 224 
232 208 
236 208 
232 208 
240 44 
232 216 
232 216 
228 216 
232 220 
240 212 
236 236 
260 216 
236 216 
240 208 
236 204 
236 212 
240 208 
240 208 
232 204 
240 208 
240 216 
236 216 
232 212 
232 208 
236 232 
236 236 
232 212 
236 208 
240 208 
232 212 
236 232 
236 212 
236 208 
288 208 
232 216 
236 208 
236 248 
232 212 
232 208 
236 232 
232 228 
232 252 
232 236 
236 232 
236 208 
232 208 
236 208 
236 220 
232 248 
232 244 
236 212 
356 236 
236 216 
228 216 
240 208 
236 212 
236 212 
236 204 
236 240 
236 212 
584 216 
288 204 
232 208 
232 208 
268 212 
236 276 
236 208 
232 212 
240 208 
236 412 
236 208 
240 216 
232 236 
236 256 
232 228 
232 208 
240 216 
220 232 
264 644 
232 212 
236 232 
236 236 
236 232 
232 228 
324 216 
240 216 
212 232 
232 208 
240 208 
236 236 
240 212 
232 208 
232 208 
236 208 
240 224 
236 232 
232 208 
240 260 
232 208 
240 208 
236 204 
236 212 
236 264 
232 208 
236 208 
240 224 
236 260 
236 236 
232 212 
236 264 
236 236 
232 212 
232 212 
236 208 
240 212 
236 220 
232 236 
232 228 
228 204 
236 236 
248 208 
236 220 
236 216 
240 216 
252 208 
236 244 
236 212 
232 204 
240 216 
236 220 
232 208 
244 244 
244 216 
240 240 
244 208 
236 220 
236 208 
240 232 
232 236 
232 212 
240 212 
240 216 
236 232 
232 244 
232 212 
236 208 
360 244 
232 212 
228 208 
240 216 
236 260 
236 212 
244 208 
240 208 
228 208 
600 204 
232 232 
232 236 
228 208 
240 220 
232 208 
240 252 
232 232 
216 212 
228 440 
236 224 
228 212 
232 216 
232 204 
244 224 
228 208 
364 208 
216 208 
236 568 
232 208 
228 204 
240 208 
232 208 
236 232 
236 216 
232 208 
216 236 
232 216 
236 320 
232 208 
236 236 
232 232 
232 212 
232 204 
236 208 
248 212 
232 216 
264 228 
232 212 
240 204 
232 260 
236 212 
232 208 
232 208 
240 208 
228 212 
240 224 
236 216 
236 240 
236 216 
232 208 
236 204 
236 216 
232 208 
232 208 
240 260 
232 260 
236 236 
236 236 
240 260 
228 208 
232 204 
244 208 
240 216 
240 232 
232 212 
240 212 
240 216 
232 248 
236 212 
240 212 
236 204 
232 236 
228 216 
240 212 
232 240 
232 208 
228 204 
232 204 
236 236 
40 48 
232 216 
228 204 
232 208 
232 220 
232 212 
380 212 
232 212 
232 216 
240 424 
232 208 
228 208 
236 216 
236 208 
228 224 
640 204 
236 216 
232 208 
232 208 
236 204 
236 232 
236 232 
232 208 
216 232 
232 468 
236 216 
52 40 
232 204 
236 240 
232 212 
236 212 
232 232 
212 224 
232 692 
232 208 
236 208 
232 220 
232 208 
236 212 
236 264 
232 212 
212 216 
232 208 
236 48 
360 204 
236 216 
236 208 
240 236 
236 244 
236 216 
236 216 
232 208 
240 224 
236 232 
232 212 
236 204 
240 208 
236 232 
240 220 
236 256 
240 212 
232 236 
232 212 
240 208 
240 212 
240 212 
240 236 
236 220 
236 212 
244 208 
236 248 
228 212 
232 228 
244 232 
236 212 
236 208 
236 208 
236 224 
232 244 
236 236 
236 224 
232 212 
232 208 
240 224 
236 216 
228 212 
232 204 
240 216 
236 212 
244 208 
240 216 
240 260 
216 220 
232 256 
232 212 
236 208 
236 208 
232 228 
236 208 
236 232 
236 224 
420 208 
240 232 
236 232 
248 212 
228 220 
232 208 
236 204 
240 208 
232 208 
668 216 
236 236 
232 216 
232 212 
232 216 
252 216 
232 212 
236 240 
220 216 
232 488 
232 208 
248 220 
236 212 
232 232 
240 236 
240 232 
240 236 
216 236 
236 248 
228 212 
232 204 
240 216 
240 212 
236 208 
232 212 
240 204 
216 212 
232 208 
240 208 
240 228 
240 232 
240 264 
240 216 
236 236 
232 212 
236 216 
236 236 
232 212 
228 212 
232 236 
232 204 
232 204 
240 208 
236 232 
240 216 
228 328 
236 220 
232 208 
232 216 
236 208 
236 236 
240 204 
236 208 
236 232 
236 248 
232 212 
232 208 
236 212 
236 208 
240 204 
232 208 
228 208 
240 208 
232 240 
232 208 
232 204 
236 212 
236 252 
232 216 
232 212 
248 236 
236 268 
232 208 
232 208 
236 220 
232 208 
240 208 
212 236 
236 220 
236 216 
232 216 
236 208 
232 208 
244 212 
232 252 
232 208 
292 204 
248 208 
240 208 
236 232 
236 208 
240 216 
236 236 
228 212 
244 208 
660 208 
236 260 
232 212 
236 220 
232 208 
236 220 
236 264 
232 216 
236 208 
228 544 
236 236 
240 208 
236 296 
232 216 
232 212 
244 212 
240 216 
212 236 
240 644 
232 208 
232 212 
232 208 
244 216 
236 208 
236 208 
232 212 
236 208 
240 212 
232 208 
240 216 
236 248 
240 212 
236 256 
232 212 
236 244 
244 232 
240 204 
236 232 
232 208 
236 208 
232 208 
232 208 
232 212 
236 204 
232 208 
236 216 
232 208 
232 208 
236 260 
236 236 
236 216 
236 212 
232 212 
228 212 
232 208 
240 232 
232 208 
228 212 
228 208 
232 208 
240 208 
48 44 
228 208 
236 260 
240 208 
240 224 
236 232 
236 236 
232 208 
236 204 
232 212 
232 212 
232 212 
236 236 
236 256 
240 236 
236 208 
224 208 
360 216 
244 236 
264 212 
232 208 
236 212 
236 236 
236 232 
228 208 
452 216 
236 220 
232 204 
44 40 
232 212 
232 204 
240 212 
232 208 
232 208 
700 212 
232 216 
236 216 
232 208 
236 204 
240 208 
240 208 
236 216 
208 224 
232 508 
228 208 
232 208 
236 208 
236 220 
232 208 
240 212 
240 248 
216 248 
228 208 
232 208 
244 212 
232 204 
236 44 
240 216 
236 224 
236 232 
236 252 
236 220 
252 208 
292 208 
232 240 
228 204 
240 224 
236 212 
232 208 
236 208 
236 204 
240 232 
236 224 
280 208 
232 208 
240 208 
244 208 
228 208 
240 212 
232 212 
236 216 
232 264 
236 240 
236 208 
236 208 
228 228 
228 208 
240 208 
236 248 
244 212 
236 208 
236 252 
244 208 
232 212 
244 208 
240 208 
232 204 
240 212 
236 212 
240 264 
232 212 
232 208 
240 232 
244 208 
236 208 
236 244 
236 236 
232 212 
228 204 
232 212 
232 204 
232 204 
232 220 
240 248 
240 220 
232 216 
232 208 
232 232 
232 208 
240 212 
484 204 
240 232 
236 220 
232 208 
232 208 
232 204 
236 224 
236 244 
236 216 
724 208 
236 252 
240 220 
240 220 
240 228 
236 212 
236 216 
240 248 
212 252 
308 416 
236 208 
236 212 
236 232 
236 260 
232 208 
240 216 
240 208 
220 208 
236 216 
232 204 
240 208 
232 232 
240 236 
236 208 
236 236 
228 212 
236 228 
228 208 
236 212 
232 204 
232 208 
236 208 
236 212 
232 228 
232 212 
232 204 
256 208 
240 208 
236 208 
232 208 
236 204 
236 208 
236 208 
228 204 
236 236 
236 228 
232 260 
232 212 
256 208 
236 220 
236 252 
240 208 
228 204 
236 208 
232 412 
232 208 
236 216 
236 220 
232 212 
232 228 
292 208 
240 228 
240 236 
232 208 
236 224 
236 264 
236 220 
232 204 
236 236 
232 216 
268 208 
232 212 
240 216 
240 216 
236 212 
232 204 
232 208 
236 236 
232 208 
232 208 
236 236 
236 236 
240 232 
232 208 
240 204 
240 216 
500 208 
232 220 
232 244 
236 208 
236 212 
240 232 
240 232 
232 220 
236 208 
712 204 
232 208 
232 212 
228 208 
240 208 
236 224 
232 208 
236 216 
212 256 
236 592 
232 208 
236 208 
236 208 
236 204 
240 212 
240 212 
240 216 
216 212 
232 220 
236 216 
228 216 
232 212 
232 208 
240 232 
240 256 
232 208 
232 244 
236 212 
240 208 
240 208 
236 248 
236 212 
232 204 
232 204 
232 208 
232 208 
240 204 
232 208 
232 212 
256 212 
236 208 
236 208 
232 212 
252 204 
232 236 
260 212 
232 208 
236 208 
240 212 
236 216 
232 216 
236 208 
232 208 
232 212 
236 208 
236 212 
232 264 
276 208 
236 208 
236 224 
236 208 
236 208 
236 208 
236 204 
232 208 
232 208 
232 208 
240 236 
236 212 
268 208 
232 208 
236 236 
44 44 
232 224 
232 212 
232 216 
236 232 
268 212 
240 208 
232 228 
236 212 
232 212 
240 224 
236 208 
236 204 
232 216 
512 236 
236 232 
236 208 
44 48 
232 212 
240 232 
232 208 
240 216 
236 232 
748 208 
236 212 
232 212 
236 208 
232 212 
236 224 
236 232 
236 248 
212 256 
240 584 
268 208 
228 244 
232 204 
228 208 
240 212 
236 208 
236 232 
208 208 
236 252 
228 208 
232 216 
240 212 
240 212 
240 44 
280 208 
232 204 
232 204 
236 208 
240 256 
232 208 
236 212 
236 216 
236 208 
240 296 
240 212 
236 228 
240 244 
236 260 
232 216 
236 208 
240 204 
232 216 
236 208 
240 220 
236 236 
236 208 
228 216 
236 208 
232 224 
228 208 
236 208 
236 208 
236 216 
232 216 
240 216 
236 248 
236 204 
240 208 
232 212 
236 212 
228 204 
284 216 
236 260 
228 208 
256 260 
232 208 
236 204 
280 216 
340 236 
236 216 
236 232 
236 208 
236 208 
232 208 
236 208 
228 212 
244 208 
296 208 
228 216 
236 208 
232 208 
296 208 
232 208 
236 204 
240 216 
236 236 
524 236 
232 208 
240 220 
232 212 
232 216 
236 204 
236 208 
236 236 
232 212 
752 216 
232 208 
232 236 
244 236 
232 208 
236 236 
236 236 
236 208 
208 212 
228 616 
232 216 
240 208 
236 212 
232 220 
228 216 
240 208 
236 236 
212 212 
236 220 
232 212 
228 204 
236 236 
236 208 
232 216 
236 216 
232 208 
232 208 
236 208 
236 216 
232 252 
232 236 
232 212 
236 208 
240 212 
240 208 
240 236 
240 228 
232 212 
236 208 
236 232 
232 204 
232 208 
232 208 
232 204 
240 248 
236 256 
240 204 
236 232 
232 232 
240 252 
240 232 
236 232 
236 208 
228 212 
236 212 
232 212 
244 260 
232 248 
236 208 
228 208 
240 212 
236 208 
240 208 
236 232 
236 212 
228 208 
232 208 
236 208 
240 212 
236 208 
236 232 
236 232 
236 224 
232 216 
240 216 
236 232 
232 212 
316 216 
240 208 
244 216 
356 204 
228 208 
232 212 
232 212 
236 204 
228 212 
520 208 
240 252 
232 212 
236 204 
228 208 
236 220 
232 228 
236 208 
236 276 
236 424 
248 208 
236 208 
232 208 
240 212 
276 208 
236 212 
228 208 
212 224 
236 612 
232 208 
232 208 
240 208 
236 212 
236 232 
236 232 
232 208 
212 212 
236 216 
232 204 
240 208 
236 212 
228 208 
232 208 
240 236 
236 228 
228 208 
236 204 
236 208 
236 236 
232 252 
236 252 
240 208 
236 208 
236 208 
240 216 
236 216 
232 204 
232 208 
236 208 
240 260 
232 208 
236 216 
240 244 
232 212 
236 208 
240 216 
236 224 
232 208 
232 212 
240 224 
236 216 
232 208 
228 212 
228 212 
240 244 
240 220 
232 228 
228 208 
228 212 
240 212 
228 204 
228 208 
232 212 
240 208 
248 208 
232 208 
244 216 
232 236 
236 236 
232 212 
48 40 
232 208 
240 204 
236 236 
236 244 
236 244 
312 204 
232 260 
228 208 
244 216 
236 208 
240 216 
236 216 
232 204 
232 212 
540 208 
232 216 
240 216 
236 460 
236 204 
264 224 
236 212 
240 208 
232 204 
240 420 
236 232 
232 252 
232 216 
48 44 
236 252 
232 216 
232 208 
216 236 
240 660 
232 216 
236 264 
236 208 
236 212 
228 208 
240 208 
236 224 
208 244 
232 208 
228 208 
236 216 
232 208 
236 248 
236 216 
236 208 
232 216 
240 208 
232 236 
240 208 
240 40 
232 232 
264 208 
240 212 
232 228 
232 220 
236 212 
236 212 
236 208 
240 236 
240 212 
232 208 
240 212 
232 204 
236 264 
236 224 
236 204 
240 204 
232 212 
236 228 
236 204 
232 216 
236 224 
260 208 
236 232 
236 232 
276 224 
232 232 
236 216 
232 208 
236 212 
244 212 
240 232 
240 236 
240 248 
244 212 
232 212 
232 212 
236 216 
232 212 
240 224 
236 224 
240 232 
236 236 
232 216 
228 208 
232 208 
236 236 
360 208 
240 208 
236 272 
232 216 
236 208 
236 232 
236 244 
236 208 
240 212 
600 216 
236 208 
240 208 
236 212 
232 212 
232 208 
232 232 
236 264 
208 204 
240 436 
232 224 
236 208 
232 212 
236 232 
240 208 
232 208 
232 204 
212 208 
240 668 
240 232 
232 240 
244 208 
236 204 
236 216 
232 208 
240 208 
208 208 
236 248 
232 212 
236 212 
236 216 
236 216 
232 208 
236 216 
232 204 
236 216 
236 236 
244 208 
236 232 
236 232 
240 208 
240 232 
236 232 
232 204 
240 216 
232 208 
240 216 
236 236 
236 228 
236 328 
228 212 
232 208 
232 208 
236 244 
228 212 
232 208 
240 216 
240 236 
236 344 
236 256 
228 208 
228 212 
236 212 
236 208 
228 212 
236 216 
236 240 
236 236 
236 208 
232 204 
240 212 
232 244 
240 236 
228 208 
240 204 
240 208 
236 228 
236 232 
244 208 
236 212 
240 236 
232 216 
232 208 
240 216 
236 204 
236 248 
360 208 
332 212 
236 216 
236 212 
236 212 
236 224 
240 236 
296 292 
232 212 
616 240 
232 208 
236 212 
236 256 
232 240 
240 232 
236 248 
236 212 
212 216 
236 468 
232 208 
240 216 
236 212 
236 232 
232 212 
232 208 
236 236 
216 220 
232 652 
232 204 
320 208 
228 208 
232 240 
232 208 
236 212 
228 208 
212 212 
236 236 
240 204 
240 208 
236 212 
260 204 
236 212 
236 256 
240 208 
240 220 
236 212 
240 216 
236 216 
232 216 
236 212 
236 216 
232 216 
240 212 
232 212 
240 228 
236 208 
236 208 
236 252 
240 328 
232 208 
236 236 
240 208 
240 232 
236 208 
232 208 
240 208 
232 232 
228 204 
228 212 
232 208 
236 212 
240 256 
232 204 
232 204 
244 208 
56 52 
0 0 
0 0 
0 0 
0 0 
0 0 
0 0 
0 0 
0 0 
232 252 
236 244 
232 228 
232 208 
232 212 
232 208 
236 220 
236 452 
236 236 
232 228 
232 220 
364 212 
240 236 
236 232 
272 216 
236 204 
240 208 
236 232 
232 212 
232 208 
48 40 
236 212 
240 208 
236 228 
240 216 
232 212 
236 240 
236 224 
216 208 
236 456 
236 232 
240 236 
232 260 
232 212 
232 204 
240 216 
240 236 
212 208 
228 708 
232 216 
232 232 
236 212 
240 208 
236 216 
248 208 
232 208 
212 212 
236 52 
240 208 
232 208 
232 208 
240 220 
232 216 
228 216 
236 216 
232 216 
228 208 
236 236 
236 216 
236 216 
236 236 
236 216 
240 208 
240 208 
232 216 
240 208 
236 232 
232 232 
236 232 
236 228 
240 212 
240 216 
240 216 
236 216 
240 208 
240 232 
232 212 
244 216 
292 212 
240 212 
264 212 
236 232 
232 212 
236 260 
232 212 
232 208 
236 216 
240 236 
236 208 
244 232 
240 228 
240 216 
232 232 
232 216 
256 208 
232 212 
236 264 
228 212 
232 208 
232 224 
236 208 
232 212 
232 264 
248 208 
236 212 
240 264 
424 208 
240 212 
228 212 
240 208 
244 208 
240 236 
228 212 
232 232 
236 228 
652 208 
240 224 
236 208 
240 236 
236 232 
236 248 
236 208 
232 212 
216 212 
232 500 
232 212 
236 240 
232 216 
232 212 
232 208 
236 224 
232 208 
240 208 
232 720 
240 208 
232 208 
232 208 
240 232 
232 216 
236 216 
232 212 
212 216 
340 216 
236 232 
236 212 
228 212 
236 204 
228 208 
292 232 
232 236 
236 208 
232 216 
240 208 
240 232 
236 220 
228 208 
232 208 
240 232 
236 208 
240 208 
232 212 
232 212 
232 212 
232 208 
228 204 
236 260 
236 216 
236 208 
244 212 
232 216 
244 208 
360 208 
232 208 
232 208 
240 220 
236 208 
232 204 
228 212 
236 236 
240 204 
236 260 
236 236 
240 208 
236 220 
236 216 
228 212 
240 212 
232 208 
236 232 
236 232 
232 208 
236 208 
228 220 
268 220 
232 212 
236 220 
232 212 
236 232 
232 208 
232 208 
240 216 
436 208 
236 216 
232 236 
228 212 
232 208 
240 212 
240 208 
232 236 
232 208 
656 216 
232 208 
236 236 
232 252 
284 236 
240 268 
236 216 
236 216 
212 224 
236 536 
244 212 
232 220 
240 260 
228 212 
232 208 
236 208 
240 232 
216 216 
240 692 
236 236 
240 208 
228 212 
236 224 
240 256 
236 220 
232 216 
216 216 
236 212 
236 208 
256 220 
232 212 
240 212 
236 224 
236 220 
236 232 
232 240 
232 204 
236 212 
232 212 
236 224 
240 208 
232 212 
236 216 
236 212 
228 208 
236 212 
240 216 
232 212 
240 204 
228 212 
232 220 
232 232 
232 204 
240 236 
232 212 
240 236 
240 216 
236 212 
244 264 
236 244 
240 216 
236 224 
236 212 
240 208 
236 216 
236 216 
236 212 
236 204 
236 208 
240 216 
232 208 
240 232 
232 276 
240 212 
48 48 
236 208 
240 232 
224 212 
232 216 
236 212 
240 220 
236 216 
256 208 
232 208 
240 240 
236 264 
340 208 
232 236 
232 244 
236 216 
240 232 
236 216 
240 204 
236 236 
240 220 
704 204 
324 232 
236 212 
236 236 
232 252 
44 44 
240 256 
236 232 
216 236 
232 536 
232 212 
228 204 
236 236 
232 220 
236 256 
236 208 
232 208 
212 212 
236 208 
240 228 
232 208 
232 208 
328 208 
236 236 
236 232 
232 212 
228 208 
228 208 
240 216 
248 208 
232 208 
232 44 
232 244 
272 208 
236 208 
228 208 
240 236 
296 232 
232 204 
236 208 
240 232 
236 208 
232 212 
236 208 
240 232 
296 204 
240 212 
240 216 
232 236 
236 228 
236 212 
240 260 
240 208 
236 260 
232 208 
232 204 
240 208 
236 236 
368 212 
232 208 
236 216 
240 244 
244 244 
240 212 
256 208 
236 252 
236 208 
236 212 
252 208 
232 208 
240 208 
236 236 
260 212 
228 212 
236 204 
236 212 
328 236 
224 236 
232 212 
236 216 
228 208 
236 208 
236 232 
260 204 
232 208 
232 212 
468 208 
236 212 
236 216 
240 212 
228 208 
240 216 
232 212 
236 208 
240 236 
712 260 
236 208 
236 208 
240 228 
236 232 
240 212 
236 204 
240 216 
212 208 
236 548 
236 264 
240 228 
236 208 
240 228 
232 208 
240 212 
236 232 
216 252 
280 212 
232 208 
240 212 
236 244 
232 216 
232 212 
236 208 
232 236 
240 272 
240 208 
232 232 
228 212 
236 216 
232 220 
244 204 
232 208 
228 208 
232 204 
240 236 
240 208 
240 244 
232 208 
240 204 
240 208 
232 204 
236 208 
236 240 
232 236 
236 212 
236 232 
244 236 
236 212 
236 232 
236 216 
240 208 
236 208 
228 212 
236 252 
232 208 
232 220 
236 212 
236 248 
232 216 
236 236 
236 204 
236 240 
228 216 
232 208 
232 212 
244 208 
232 212 
232 212 
236 236 
228 204 
232 216 
232 208 
232 208 
240 216 
236 208 
248 232 
236 220 
228 216 
260 236 
232 212 
236 264 
236 212 
232 208 
236 232 
496 216 
236 212 
232 204 
244 220 
240 236 
236 208 
236 232 
236 208 
236 240 
712 208 
232 212 
232 204 
236 208 
232 216 
232 208 
236 208 
240 208 
216 216 
240 524 
236 220 
228 224 
232 208 
236 208 
240 212 
236 236 
240 236 
216 232 
236 236 
232 212 
232 308 
240 232 
228 208 
228 204 
232 224 
240 232 
240 244 
268 208 
236 208 
240 236 
240 236 
228 208 
240 216 
236 256 
232 208 
232 212 
232 208 
236 216 
236 232 
268 212 
232 208 
236 216 
304 232 
236 212 
240 216 
232 212 
240 212 
232 220 
236 208 
324 212 
240 208 
236 212 
240 212 
232 208 
228 224 
240 216 
240 232 
236 208 
280 212 
232 236 
236 268 
236 208 
236 232 
236 208 
240 212 
236 220 
228 216 
236 208 
228 216 
236 208 
228 208 
240 208 
236 228 
232 208 
240 208 
236 208 
244 208 
288 208 
232 208 
232 212 
232 244 
228 212 
240 208 
240 208 
228 216 
228 208 
524 40 
52 56 
240 208 
240 208 
240 208 
232 248 
232 216 
232 212 
236 232 
232 360 
232 208 
232 208 
236 208 
240 204 
232 232 
252 216 
236 232 
216 236 
232 616 
276 208 
240 208 
236 260 
232 224 
232 212 
232 208 
240 212 
216 220 
232 208 
48 44 
236 268 
228 212 
244 208 
232 208 
236 236 
236 228 
232 212 
240 216 
236 216 
232 204 
232 204 
236 204 
232 220 
240 216 
228 212 
232 212 
240 212 
236 100 
232 208 
232 204 
240 216 
240 232 
240 268 
228 204 
240 212 
360 236 
236 212 
232 232 
232 232 
236 208 
240 208 
236 216 
232 208 
232 208 
240 212 
232 208 
236 212 
232 228 
232 212 
244 208 
236 208 
232 216 
232 204 
228 208 
236 240 
232 212 
232 204 
232 208 
240 236 
236 236 
236 212 
232 216 
236 228 
232 208 
236 208 
236 216 
236 208 
288 236 
232 208 
232 208 
232 216 
236 232 
236 216 
228 212 
244 212 
236 236 
532 236 
236 236 
236 204 
240 208 
228 208 
240 208 
240 208 
244 220 
232 208 
752 208 
236 208 
236 220 
232 208 
228 216 
236 224 
236 232 
236 208 
212 208 
236 620 
236 216 
240 208 
264 208 
232 208 
232 212 
232 208 
236 208 
212 212 
228 208 
236 212 
240 204 
236 232 
232 248 
236 216 
232 216 
236 252 
232 224 
236 320 
244 252 
228 208 
232 208 
240 236 
276 212 
236 212 
232 208 
236 208 
232 208 
232 208 
228 208 
232 208 
240 216 
240 204 
236 208 
236 220 
232 212 
228 208 
236 232 
236 228 
232 212 
232 264 
228 208 
240 208 
244 236 
236 232 
236 204 
232 208 
236 212 
240 248 
232 220 
232 236 
232 232 
240 236 
232 232 
244 264 
236 208 
244 216 
236 204 
236 236 
240 232 
236 220 
236 208 
236 212 
240 212 
228 212 
236 208 
232 212 
228 252 
292 208 
240 208 
236 316 
232 212 
232 208 
240 236 
232 212 
240 216 
240 232 
556 264 
236 232 
232 248 
232 208 
236 276 
232 204 
240 208 
232 212 
232 216 
232 372 
240 212 
236 220 
240 216 
244 216 
232 208 
236 232 
236 208 
212 208 
236 600 
236 252 
280 208 
240 212 
232 212 
236 236 
232 208 
240 204 
216 236 
232 236 
240 208 
232 220 
232 208 
232 216 
236 208 
236 232 
252 232 
236 212 
236 268 
244 224 
236 212 
236 244 
244 216 
236 256 
236 236 
236 212 
228 216 
240 208 
236 240 
236 248 
236 256 
232 212 
236 204 
232 232 
236 232 
248 212 
232 208 
232 216 
240 212 
240 208 
228 208 
236 208 
240 212 
240 208 
236 208 
236 232 
236 232 
236 236 
232 208 
240 224 
236 248 
232 244 
248 212 
232 208 
240 260 
232 244 
240 240 
228 216 
236 212 
236 212 
236 208 
236 224 
236 204 
240 208 
236 216 
236 212 
236 232 
240 208 
316 204 
232 208 
236 204 
236 220 
288 240 
284 204 
48 40 
228 212 
240 216 
564 212 
232 212 
256 204 
236 216 
236 236 
236 204 
228 204 
236 216 
236 212 
236 408 
240 208 
232 232 
232 212 
236 212 
264 212 
240 208 
232 208 
220 212 
240 648 
268 208 
228 204 
236 208 
244 212 
236 216 
48 56 
236 228 
208 212 
228 208 
236 232 
236 228 
244 212 
228 220 
236 232 
236 232 
232 204 
232 208 
240 208 
236 216 
240 204 
240 216 
232 216 
240 212 
240 212 
232 236 
236 232 
232 216 
232 208 
236 232 
232 236 
232 224 
232 184 
232 232 
236 208 
228 212 
236 208 
232 208 
240 220 
236 232 
236 232 
236 204 
236 232 
228 228 
228 208 
232 204 
240 260 
232 212 
232 208 
240 212 
232 212 
240 232 
240 216 
240 232 
236 208 
236 208 
236 228 
232 208 
236 212 
228 204 
244 212 
232 208 
236 212 
240 212 
232 248 
420 212 
240 236 
232 212 
368 216 
236 212 
232 212 
228 204 
232 204 
228 204 
236 208 
236 216 
236 240 
608 208 
232 208 
240 212 
236 236 
236 208 
228 204 
228 208 
236 252 
236 240 
232 416 
232 204 
240 236 
232 212 
240 228 
356 208 
232 236 
232 208 
216 212 
232 688 
236 220 
228 236 
240 208 
240 208 
240 212 
236 232 
276 212 
216 208 
240 216 
236 212 
236 232 
228 212 
236 204 
236 256 
240 208 
236 232 
240 260 
232 204 
232 220 
236 236 
236 208 
236 212 
240 208 
240 212 
240 216 
232 216 
232 216 
232 212 
240 208 
236 236 
240 236 
236 244 
236 204 
232 208 
236 236 
240 208 
236 236 
236 208 
236 236 
264 212 
232 208 
240 208 
232 212 
232 208 
240 228 
232 208 
236 252 
232 212 
232 208 
236 212 
232 220 
232 204 
240 432 
244 212 
240 208 
236 220 
240 212 
240 212 
232 216 
232 208 
240 240 
232 208 
232 208 
232 216 
232 212 
240 232 
228 264 
388 236 
236 260 
236 236 
228 212 
236 220 
232 204 
236 204 
236 224 
232 240 
716 208 
240 212 
240 216 
232 220 
240 208 
256 236 
236 236 
232 252 
212 216 
236 428 
232 204 
232 208 
240 204 
236 232 
232 208 
232 204 
232 212 
220 204 
240 676 
232 236 
232 212 
236 232 
232 228 
244 212 
236 232 
232 212 
212 212 
232 212 
240 216 
236 208 
240 220 
240 264 
236 216 
236 236 
232 212 
236 212 
232 212 
228 248 
236 204 
240 216 
236 236 
236 208 
236 208 
236 212 
236 208 
236 228 
232 220 
232 204 
232 208 
240 236 
232 208 
232 212 
236 208 
236 212 
236 212 
240 232 
228 208 
236 216 
252 216 
232 212 
236 204 
240 220 
240 236 
240 248 
232 208 
236 208 
236 232 
232 208 
232 208 
236 228 
240 212 
240 248 
236 236 
236 244 
232 252 
236 204 
256 208 
228 216 
240 216 
232 212 
236 216 
232 232 
236 208 
236 208 
236 212 
240 212 
412 248 
240 212 
248 212 
232 212 
228 208 
240 232 
236 220 
232 216 
232 212 
652 216 
44 44 
232 240 
232 208 
236 232 
236 260 
260 208 
236 212 
212 236 
228 504 
232 208 
324 208 
232 212 
232 232 
232 212 
236 204 
240 208 
208 220 
232 720 
236 232 
256 208 
236 212 
236 208 
232 232 
236 240 
228 208 
208 212 
240 208 
52 40 
228 212 
228 224 
232 212 
240 224 
232 232 
240 256 
260 208 
232 208 
240 212 
236 216 
232 204 
236 208 
232 224 
232 208 
236 216 
236 208 
240 216 
232 212 
236 204 
232 208 
236 204 
240 236 
268 208 
236 208 
232 208 
232 44 
236 212 
240 208 
232 212 
240 212 
236 220 
232 232 
236 252 
240 216 
232 216 
240 208 
240 212 
236 208 
256 212 
236 220 
232 220 
244 212 
236 232 
236 252 
236 212 
240 208 
240 208 
232 204 
228 204 
232 208 
240 212 
236 216 
232 208 
232 212 
236 212 
240 232 
236 232 
396 216 
236 212 
240 208 
248 220 
232 216 
236 212 
232 208 
352 208 
232 208 
668 208 
232 208 
240 220 
244 208 
232 216 
228 220 
240 220 
232 212 
208 208 
228 492 
232 212 
232 228 
236 208 
232 208 
228 208 
236 216 
232 204 
208 212 
236 660 
316 236 
232 212 
232 240 
236 212 
240 208 
228 208 
236 236 
216 232 
232 244 
240 208 
236 236 
232 208 
232 244 
244 208 
240 220 
240 236 
232 208 
240 236 
276 232 
236 236 
236 212 
232 212 
236 204 
240 248 
240 232 
240 236 
252 208 
236 464 
236 236 
228 232 
240 208 
232 212 
232 208 
232 208 
236 232 
232 216 
236 208 
232 216 
228 232 
228 208 
240 204 
240 208 
240 248 
232 212 
236 208 
240 208 
236 232 
236 208 
236 232 
236 212 
244 212 
228 204 
240 208 
240 216 
232 204 
240 212 
232 232 
236 212 
216 220 
236 204 
236 232 
232 240 
236 212 
236 208 
240 216 
240 232 
240 236 
428 204 
232 216 
236 212 
240 236 
232 212 
236 204 
236 208 
236 212 
236 236 
676 216 
304 212 
232 244 
240 220 
236 208 
232 208 
232 208 
232 216 
208 212 
240 484 
236 216 
236 236 
236 232 
236 212 
232 212 
236 216 
240 236 
216 236 
232 208 
232 204 
240 220 
236 240 
240 236 
232 212 
240 212 
240 208 
216 212 
240 252 
232 208 
236 208 
240 244 
240 212 
236 204 
240 208 
236 212 
232 208 
228 208 
284 208 
228 208 
232 208 
244 216 
236 224 
240 216 
232 212 
232 228 
236 208 
236 208 
236 212 
240 216 
236 236 
228 212 
240 212 
236 216 
236 212 
236 212 
240 212 
236 212 
240 208 
236 232 
232 204 
236 208 
236 236 
236 204 
240 208 
236 212 
236 232 
228 216 
240 220 
236 236 
232 208 
228 208 
240 204 
240 216 
228 208 
232 212 
228 208 
232 204 
212 208 
240 236 
236 212 
240 216 
240 260 
228 212 
236 216 
240 212 
236 216 
436 216 
244 220 
236 232 
240 208 
232 216 
232 212 
236 208 
240 208 
236 232 
692 208 
252 208 
228 224 
236 208 
240 208 
236 208 
232 204 
232 204 
216 208 
236 536 
236 208 
228 204 
232 208 
44 44 
232 208 
236 236 
236 232 
208 228 
232 208 
228 208 
232 232 
236 212 
232 212 
236 212 
240 208 
232 268 
240 208 
252 216 
240 232 
232 232 
240 236 
232 212 
236 208 
232 208 
236 212 
232 232 
236 244 
236 204 
240 232 
236 232 
52 48 
236 212 
232 220 
232 212 
236 220 
228 212 
236 208 
236 236 
232 212 
232 208 
244 216 
240 216 
240 212 
244 208 
232 220 
236 240 
240 216 
272 212 
268 236 
232 208 
236 236 
236 208 
228 212 
232 208 
228 208 
240 216 
240 236 
236 256 
236 208 
232 208 
264 216 
324 208 
236 48 
236 240 
192 232 
236 228 
212 208 
212 232 
212 236 
216 208 
208 208 
192 208 
208 212 
188 188 
232 212 
232 188 
236 396 
232 216 
272 208 
236 232 
304 232 
208 228 
232 228 
232 216 
192 216 
704 228 
220 232 
236 232 
232 208 
212 228 
232 232 
192 208 
232 232 
236 216 
212 240 
200 196 
232 192 
232 208 
196 236 
288 228 
196 212 
232 208 
208 188 
216 188 
232 232 
216 204 
232 192 
240 228 
216 232 
228 228 
236 232 
232 192 
236 232 
204 232 
232 192 
232 236 
192 232 
232 228 
216 220 
248 232 
228 212 
212 232 
236 232 
228 228 
208 232 
232 208 
236 232 
228 232 
208 228 
232 228 
196 196 
192 208 
208 188 
216 208 
208 224 
196 328 
200 192 
192 188 
208 232 
224 232 
212 232 
192 304 
232 228 
232 232 
232 216 
232 232 
232 192 
232 192 
232 192 
232 192 
232 212 
228 228 
196 192 
232 416 
232 188 
192 224 
192 188 
232 212 
224 216 
204 232 
220 192 
204 192 
196 224 
220 228 
192 208 
216 204 
208 232 
196 232 
236 232 
232 212 
192 232 
308 212 
324 228 
256 192 
192 216 
232 192 
220 224 
236 216 
236 196 
204 216 
236 376 
220 236 
244 200 
232 196 
204 228 
240 216 
236 212 
216 204 
228 208 
200 252 
220 188 
240 212 
220 220 
292 308 
364 236 
244 328 
336 288 
204 284 
232 216 
224 196 
208 192 
192 200 
200 228 
228 188 
232 208 
240 208 
256 216 
236 208 
196 196 
200 240 
232 212 
236 212 
236 236 
228 232 
220 212 
240 244 
232 232 
196 212 
232 188 
200 204 
220 216 
572 216 
228 196 
232 232 
236 224 
236 256 
236 232 
228 244 
236 240 
224 208 
232 252 
232 192 
236 212 
236 200 
220 228 
236 212 
232 204 
212 236 
192 196 
192 224 
204 208 
188 208 
236 192 
220 188 
232 220 
240 208 
232 208 
240 228 
224 200 
200 216 
200 208 
236 204 
208 192 
240 216 
212 196 
224 192 
236 216 
228 248 
240 208 
232 192 
212 196 
216 208 
212 236 
204 192 
200 236 
240 192 
528 192 
208 292 
228 188 
192 208 
212 212 
236 208 
216 260 
196 212 
228 208 
196 264 
240 224 
232 208 
228 220 
212 196 
236 208 
228 196 
236 228 
212 208 
204 192 
228 192 
224 232 
220 192 
204 260 
240 252 
228 228 
228 212 
264 336 
236 224 
212 208 
212 216 
296 260 
260 236 
232 208 
232 196 
200 200 
240 220 
192 196 
208 220 
192 192 
196 216 
236 200 
208 224 
200 188 
284 216 
240 216 
200 224 
236 236 
216 196 
232 212 
200 224 
216 200 
200 196 
244 196 
208 224 
236 240 
196 196 
208 216 
300 212 
200 276 
520 208 
236 212 
188 208 
196 204 
236 212 
236 216 
196 208 
240 200 
236 220 
208 192 
236 212 
204 256 
288 324 
236 208 
216 212 
236 208 
228 220 
320 300 
236 680 
216 196 
220 212 
236 208 
224 224 
212 188 
188 212 
204 200 
232 204 
192 192 
224 188 
192 216 
236 236 
228 208 
196 228 
200 200 
196 220 
212 192 
232 352 
192 224 
240 232 
240 292 
220 272 
240 236 
200 212 
220 216 
196 192 
200 216 
204 228 
228 192 
236 232 
220 304 
236 652 
232 288 
232 208 
228 208 
276 276 
220 212 
224 224 
312 208 
240 236 
208 204 
236 212 
232 208 
220 220 
240 232 
464 212 
204 244 
228 208 
224 224 
212 256 
244 204 
208 220 
208 192 
232 212 
204 212 
192 192 
200 192 
220 192 
224 224 
200 196 
192 216 
212 204 
196 196 
236 720 
216 236 
316 216 
224 216 
208 224 
232 208 
232 228 
208 220 
44 48 
220 204 
204 208 
236 212 
288 228 
216 232 
212 208 
200 196 
228 216 
216 232 
216 188 
212 188 
236 208 
236 240 
200 192 
232 212 
244 228 
48 40 
216 336 
236 208 
236 232 
212 220 
232 208 
220 216 
232 208 
236 204 
232 208 
196 188 
192 208 
220 212 
192 200 
216 228 
320 208 
228 200 
240 236 
212 192 
196 188 
236 240 
236 204 
232 208 
212 216 
548 216 
228 212 
232 228 
204 48 
196 204 
492 192 
192 212 
240 212 
360 252 
296 316 
236 252 
228 208 
240 232 
200 232 
208 228 
232 188 
200 224 
476 296 
240 232 
0 0 
0 0 
204 196 
208 200 
216 224 
0 0 
0 0 
0 0 
212 212 
232 216 
220 216 
220 216 
232 208 
240 248 
236 248 
232 200 
228 228 
208 208 
240 544 
200 188 
224 196 
216 196 
240 208 
232 208 
228 208 
240 216 
240 212 
228 196 
224 196 
240 236 
232 212 
220 208 
236 200 
216 224 
236 204 
208 212 
200 208 
236 204 
208 264 
200 196 
220 200 
204 188 
196 196 
200 212 
236 196 
236 204 
208 260 
232 208 
336 228 
208 212 
232 212 
208 244 
212 216 
220 188 
212 240 
196 196 
196 196 
216 192 
236 216 
212 208 
200 220 
232 212 
224 220 
236 208 
232 212 
260 240 
240 324 
320 248 
196 188 
192 212 
208 212 
292 224 
220 220 
224 216 
252 212 
232 188 
300 216 
228 204 
256 212 
216 232 
232 216 
444 196 
240 196 
240 256 
272 280 
332 308 
240 236 
248 212 
232 208 
232 212 
192 228 
200 188 
232 212 
232 220 
196 216 
212 216 
220 224 
212 212 
232 208 
204 216 
196 224 
196 208 
208 216 
204 192 
200 204 
204 224 
212 196 
188 188 
196 216 
236 212 
236 412 
232 212 
404 204 
232 208 
192 220 
204 216 
196 284 
200 192 
192 200 
204 252 
200 196 
236 260 
208 336 
204 188 
196 220 
196 196 
200 264 
240 204 
216 192 
224 196 
204 192 
196 196 
208 192 
204 228 
252 196 
432 200 
244 192 
208 192 
192 208 
200 236 
216 196 
192 208 
240 192 
212 252 
216 224 
192 204 
208 208 
196 212 
200 212 
204 264 
196 196 
240 196 
192 200 
208 192 
204 196 
188 188 
232 200 
236 192 
264 244 
224 280 
316 296 
296 328 
316 240 
248 244 
240 236 
192 196 
196 196 
240 228 
264 244 
192 188 
200 304 
232 340 
232 192 
224 192 
236 196 
264 220 
232 488 
196 220 
192 200 
272 204 
200 228 
196 192 
208 220 
196 232 
196 232 
228 188 
212 208 
196 216 
488 188 
244 204 
212 208 
212 208 
224 208 
216 216 
228 196 
204 212 
196 192 
308 428 
232 196 
344 196 
200 196 
192 200 
200 228 
284 240 
212 252 
204 272 
40 44 
332 300 
228 212 
200 188 
232 284 
264 276 
348 232 
208 188 
216 196 
204 212 
200 188 
196 192 
200 196 
200 192 
192 228 
212 240 
48 48 
208 212 
200 188 
196 196 
200 192 
188 204 
196 200 
200 232 
204 196 
196 192 
220 196 
196 188 
240 200 
212 196 
192 192 
204 196 
212 208 
640 212 
232 268 
208 208 
204 196 
212 240 
232 192 
196 216 
208 200 
228 192 
216 192 
256 40 
220 212 
216 212 
216 212 
236 344 
216 212 
204 200 
192 192 
192 192 
192 204 
192 196 
188 248 
196 200 
196 212 
220 240 
220 208 
204 188 
204 192 
284 236 
196 188 
196 216 
220 196 
224 220 
220 212 
208 212 
388 240 
200 332 
236 192 
256 324 
212 204 
196 252 
284 292 
236 272 
236 196 
344 196 
204 256 
196 228 
192 228 
200 224 
236 192 
204 196 
200 200 
260 192 
556 244 
356 196 
204 208 
224 188 
216 208 
200 208 
552 188 
244 248 
192 200 
200 312 
232 212 
192 200 
192 188 
196 204 
192 220 
192 196 
236 260 
196 228 
208 192 
236 196 
216 204 
212 188 
196 204 
232 260 
204 232 
200 324 
224 212 
220 204 
220 212 
228 196 
248 244 
228 192 
216 244 
200 208 
228 204 
216 208 
204 196 
208 212 
208 220 
208 232 
208 204 
220 240 
212 196 
212 212 
224 200 
212 196 
212 236 
196 188 
200 200 
196 192 
236 192 
200 376 
232 232 
264 204 
232 200 
212 192 
236 192 
216 220 
196 192 
208 192 
192 196 
196 188 
220 228 
288 220 
240 228 
192 192 
200 236 
252 220 
272 192 
208 204 
188 204 
204 216 
216 192 
192 188 
192 192 
200 196 
200 200 
352 208 
220 408 
208 360 
232 332 
284 316 
272 188 
224 220 
208 196 
204 208 
208 192 
204 200 
240 220 
252 236 
296 240 
256 276 
196 200 
236 192 
192 208 
200 392 
204 232 
200 196 
428 196 
232 436 
192 192 
224 196 
244 208 
196 192 
240 224 
196 248 
232 228 
260 232 
212 232 
188 196 
196 212 
208 188 
212 196 
252 192 
196 220 
196 380 
196 244 
240 244 
200 300 
244 192 
284 228 
200 260 
316 228 
192 188 
264 192 
284 192 
228 192 
204 216 
212 412 
228 188 
200 208 
240 232 
240 244 
216 204 
216 244 
212 308 
208 208 
208 200 
208 192 
196 224 
220 208 
196 228 
268 216 
244 232 
192 212 
196 200 
284 204 
200 184 
196 232 
196 240 
196 204 
200 196 
196 188 
244 196 
204 244 
232 188 
200 192 
236 200 
200 196 
208 200 
196 236 
196 204 
360 188 
168 64 
196 212 
200 204 
236 244 
196 196 
236 196 
204 200 
196 216 
212 192 
236 196 
232 196 
208 208 
196 196 
236 212 
196 192 
192 196 
216 192 
208 192 
196 248 
200 204 
196 196 
224 216 
200 232 
236 244 
196 200 
212 200 
252 228 
344 192 
196 204 
48 44 
232 192 
192 208 
212 232 
204 204 
208 492 
200 224 
228 192 
208 224 
216 208 
264 220 
208 220 
200 276 
192 188 
252 196 
192 212 
236 212 
208 196 
196 200 
192 212 
192 208 
192 212 
196 204 
736 192 
196 208 
204 212 
272 264 
232 192 
284 44 
332 220 
212 464 
720 312 
232 220 
188 204 
236 212 
208 232 
212 268 
240 228 
236 212 
328 328 
212 192 
196 192 
204 192 
196 212 
196 212 
212 196 
196 196 
188 192 
200 200 
232 224 
212 192 
200 196 
196 220 
200 200 
196 208 
188 212 
196 236 
196 224 
204 192 
248 196 
196 188 
196 256 
224 272 
212 192 
196 188 
352 188 
192 204 
208 480 
196 192 
232 192 
204 188 
204 200 
196 216 
200 200 
196 200 
260 204 
196 192 
204 220 
204 208 
220 208 
208 204 
248 332 
196 196 
232 320 
328 408 
192 188 
336 272 
236 236 
200 192 
204 196 
232 196 
208 232 
216 232 
200 540 
192 208 
228 208 
208 720 
412 200 
616 208 
200 236 
236 248 
236 204 
276 280 
340 192 
216 244 
204 188 
208 200 
196 232 
196 208 
348 292 
196 200 
204 196 
288 252 
272 232 
220 196 
188 192 
200 192 
228 212 
200 196 
192 208 
200 196 
236 212 
292 232 
244 252 
252 208 
244 208 
220 228 
216 224 
208 244 
220 208 
204 212 
216 196 
324 208 
192 188 
200 196 
196 224 
228 192 
236 256 
316 236 
192 188 
640 228 
216 192 
192 220 
212 208 
208 216 
208 212 
216 216 
216 216 
220 208 
192 228 
200 192 
200 192 
196 200 
192 188 
200 192 
232 188 
192 220 
200 228 
208 196 
196 204 
196 200 
192 216 
200 232 
212 216 
192 196 
288 192 
192 200 
208 200 
204 208 
228 196 
604 208 
200 204 
216 220 
200 256 
220 208 
240 212 
216 196 
240 236 
268 272 
468 208 
220 548 
212 212 
216 208 
216 212 
216 204 
208 224 
212 212 
196 188 
224 232 
196 212 
188 196 
236 508 
200 220 
212 192 
196 196 
196 216 
212 232 
264 192 
220 228 
196 232 
228 232 
240 216 
280 204 
256 212 
320 344 
256 212 
328 232 
272 300 
220 212 
224 244 
212 204 
192 228 
228 256 
220 212 
216 208 
232 220 
192 208 
216 208 
200 188 
200 236 
232 228 
212 224 
268 208 
220 212 
208 188 
196 192 
196 216 
292 260 
196 188 
328 212 
256 240 
276 236 
196 248 
240 236 
216 192 
192 236 
228 228 
200 212 
208 188 
192 200 
196 228 
204 224 
196 196 
216 216 
220 212 
216 216 
224 236 
220 212 
200 208 
224 200 
212 200 
220 212 
196 192 
44 44 
240 236 
232 292 
192 200 
196 216 
224 256 
200 212 
208 208 
248 224 
212 208 
204 188 
328 240 
224 248 
276 232 
228 228 
212 196 
316 216 
288 196 
216 212 
200 216 
200 200 
296 372 
288 256 
200 188 
220 192 
196 192 
48 40 
200 200 
188 236 
212 220 
212 212 
212 192 
200 184 
232 240 
252 268 
240 188 
208 204 
204 204 
208 220 
188 208 
208 192 
196 196 
236 232 
220 244 
300 260 
212 300 
256 212 
216 212 
208 204 
212 212 
196 196 
332 220 
204 112 
200 196 
196 228 
216 188 
204 224 
204 208 
196 192 
212 212 
200 188 
192 196 
228 188 
196 200 
192 200 
196 200 
196 188 
200 192 
192 212 
200 200 
216 200 
224 252 
196 196 
212 208 
360 196 
248 228 
232 260 
212 212 
228 208 
208 212 
240 328 
216 232 
256 280 
192 188 
316 192 
208 204 
200 216 
296 280 
196 208 
200 228 
468 260 
212 212 
212 304 
216 224 
236 208 
236 208 
220 212 
196 200 
212 196 
228 196 
220 208 
260 196 
192 200 
196 192 
192 188 
200 188 
528 224 
220 232 
204 220 
216 204 
220 256 
192 192 
244 204 
244 208 
200 240 
244 212 
268 344 
200 196 
192 192 
264 292 
292 296 
216 220 
200 232 
212 192 
200 212 
204 288 
192 212 
204 188 
220 216 
192 208 
208 208 
216 212 
192 192 
216 196 
240 208 
192 200 
196 196 
196 204 
196 200 
236 212 
216 252 
224 188 
212 196 
220 188 
192 216 
196 196 
220 236 
188 220 
216 208 
216 220 
196 196 
228 216 
200 232 
196 228 
276 232 
240 208 
240 224 
208 200 
200 192 
208 192 
200 208 
236 216 
220 228 
252 240 
240 232 
208 236 
200 348 
296 196 
240 212 
268 252 
228 188 
204 204 
208 212 
204 188 
224 228 
208 208 
272 264 
228 220 
196 216 
196 188 
196 192 
256 264 
336 192 
200 228 
216 212 
220 216 
236 188 
440 192 
216 188 
228 228 
216 192 
220 216 
196 216 
212 188 
204 228 
200 200 
200 184 
196 196 
212 196 
208 188 
208 196 
196 216 
216 192 
212 204 
272 200 
288 340 
336 276 
232 356 
240 252 
240 216 
228 196 
680 192 
224 188 
216 220 
224 212 
216 252 
216 212 
192 224 
208 208 
204 208 
208 208 
200 196 
208 192 
216 192 
208 188 
196 200 
224 344 
192 200 
212 228 
200 204 
208 196 
220 204 
196 188 
220 252 
192 252 
252 228 
200 224 
208 192 
248 192 
200 220 
200 196 
200 216 
232 208 
220 184 
280 252 
236 236 
308 216 
216 232 
236 236 
360 244 
256 244 
192 204 
204 212 
268 256 
220 200 
196 200 
212 212 
204 192 
240 204 
228 212 
228 208 
220 200 
216 200 
232 192 
212 236 
200 200 
216 208 
196 212 
196 220 
272 324 
216 208 
232 228 
216 216 
228 216 
216 232 
192 188 
196 212 
244 196 
204 228 
212 196 
196 212 
196 212 
196 236 
212 216 
208 192 
196 196 
192 208 
192 196 
196 196 
208 232 
240 196 
256 236 
232 688 
192 212 
212 192 
196 40 
192 204 
200 232 
212 196 
208 204 
232 208 
212 200 
240 208 
232 208 
240 216 
236 216 
216 212 
236 236 
232 208 
240 212 
232 208 
240 232 
236 232 
232 208 
232 212 
232 228 
240 220 
236 232 
236 212 
240 220 
232 208 
232 208 
232 232 
240 212 
44 44 
236 208 
232 208 
232 204 
232 208 
236 212 
236 216 
236 232 
232 244 
236 208 
240 232 
240 224 
236 232 
232 212 
236 208 
236 232 
236 224 
236 208 
232 256 
236 208 
240 208 
236 208 
240 216 
232 208 
236 232 
232 236 
236 208 
240 48 
232 240 
228 208 
228 236 
228 208 
228 216 
232 204 
236 208 
236 212 
244 212 
232 212 
236 204 
236 212 
232 216 
232 208 
332 228 
232 216 
232 212 
236 224 
240 236 
232 208 
232 224 
236 208 
232 208 
556 204 
236 240 
232 204 
240 208 
236 220 
236 208 
236 236 
236 244 
232 212 
232 376 
236 224 
236 212 
240 208 
232 208 
236 208 
232 212 
232 212 
220 208 
248 584 
236 208 
232 208 
236 236 
240 216 
244 208 
328 208 
244 216 
220 208 
240 212 
240 216 
236 232 
232 208 
236 212 
232 204 
236 212 
240 208 
232 236 
232 212 
232 260 
232 208 
236 220 
252 204 
232 212 
232 240 
236 216 
236 212 
236 220 
236 236 
232 212 
232 208 
232 212 
240 224 
232 208 
236 232 
232 216 
264 208 
232 212 
232 212 
240 208 
232 208 
232 216 
232 208 
228 208 
236 248 
232 212 
236 212 
232 208 
240 220 
232 212 
240 208 
236 216 
240 216 
232 216 
232 208 
240 236 
232 212 
232 212 
240 204 
276 208 
236 236 
232 216 
240 248 
240 208 
236 240 
228 208 
236 244 
240 216 
352 212 
232 204 
236 256 
232 212 
236 216 
240 208 
240 232 
236 216 
236 236 
524 240 
236 232 
236 244 
236 208 
232 208 
236 220 
240 236 
232 212 
236 204 
240 424 
240 208 
232 220 
264 216 
240 248 
232 208 
232 212 
240 204 
220 236 
236 664 
244 216 
232 212 
240 208 
232 208 
236 216 
232 220 
252 212 
212 212 
232 212 
236 236 
260 208 
244 216 
236 204 
236 208 
236 208 
232 212 
232 212 
232 224 
236 212 
236 212 
232 220 
232 208 
244 208 
232 212 
240 208 
236 232 
236 224 
308 208 
232 208 
236 212 
232 236 
236 208 
232 208 
260 212 
248 208 
236 212 
232 236 
236 212 
232 212 
464 208 
240 212 
236 208 
240 220 
236 212 
232 216 
236 232 
236 236 
228 216 
232 224 
240 208 
228 216 
232 240 
232 208 
228 204 
232 232 
236 208 
236 212 
236 220 
228 216 
240 232 
236 216 
236 232 
232 208 
232 204 
232 208 
236 212 
232 428 
336 204 
228 204 
228 212 
236 256 
236 252 
232 208 
228 208 
236 212 
228 212 
592 260 
236 208 
236 208 
236 328 
232 212 
236 236 
240 228 
236 208 
628 208 
236 436 
236 216 
236 208 
236 232 
236 236 
256 212 
228 204 
240 208 
216 236 
236 672 
232 208 
240 208 
240 212 
236 236 
300 208 
232 224 
236 204 
208 208 
244 212 
232 208 
232 208 
240 212 
232 212 
240 216 
236 228 
236 216 
236 216 
228 208 
44 44 
236 204 
236 208 
232 216 
236 228 
240 236 
236 260 
232 220 
236 208 
240 252 
240 208 
236 232 
232 208 
232 208 
240 212 
268 212 
236 280 
268 216 
236 216 
240 212 
240 212 
236 212 
240 216 
236 216 
240 228 
240 216 
240 216 
44 44 
232 204 
232 236 
232 208 
232 208 
236 228 
236 216 
232 232 
236 212 
232 232 
228 204 
232 208 
248 216 
236 208 
232 208 
232 236 
236 204 
232 212 
232 48 
236 204 
236 260 
232 208 
380 232 
232 236 
240 228 
232 208 
232 212 
236 220 
236 228 
244 260 
236 204 
604 236 
228 212 
240 208 
232 228 
232 232 
240 216 
232 212 
232 204 
220 204 
232 432 
236 212 
240 208 
236 212 
232 232 
232 204 
232 208 
236 232 
208 216 
248 676 
240 268 
240 208 
236 212 
232 208 
236 232 
232 208 
228 208 
208 212 
228 208 
240 208 
240 212 
232 208 
232 208 
236 216 
284 212 
240 240 
240 208 
236 208 
232 244 
236 220 
232 208 
228 208 
236 208 
236 208 
240 212 
240 212 
232 216 
244 204 
428 208 
240 232 
240 212 
232 220 
232 208 
236 224 
236 208 
236 204 
240 236 
232 228 
236 212 
236 212 
236 208 
232 212 
240 268 
236 220 
240 208 
232 208 
236 216 
236 208 
232 212 
236 228 
236 204 
236 212 
244 212 
228 212 
240 208 
236 216 
236 232 
236 204 
228 212 
228 208 
232 208 
228 208 
248 208 
240 208 
236 216 
240 264 
232 220 
384 220 
240 208 
236 220 
252 208 
236 208 
236 208 
232 216 
232 208 
232 244 
612 220 
240 204 
232 208 
240 216 
232 216 
232 232 
236 224 
232 216 
212 220 
228 476 
240 216 
236 216 
236 236 
232 240 
240 236 
232 232 
276 208 
208 208 
236 688 
236 204 
232 204 
228 208 
236 236 
240 236 
264 208 
260 216 
392 208 
240 212 
240 284 
232 236 
240 236 
236 212 
232 208 
240 208 
236 208 
232 208 
232 216 
240 212 
236 212 
232 204 
240 212 
236 212 
236 216 
232 244 
236 208 
236 208 
228 216 
236 208 
236 208 
236 264 
232 212 
236 212 
236 208 
240 208 
244 212 
240 204 
228 216 
236 204 
236 232 
236 220 
236 208 
236 216 
232 236 
236 220 
236 208 
236 216 
228 232 
236 244 
236 208 
232 208 
240 212 
232 240 
232 248 
236 212 
236 216 
236 208 
236 260 
220 204 
232 212 
228 204 
236 208 
236 232 
236 212 
236 240 
232 212 
236 208 
420 204 
240 208 
240 204 
240 236 
236 236 
236 208 
228 208 
236 216 
240 212 
660 212 
228 208 
244 208 
236 204 
236 216 
260 208 
236 236 
240 224 
208 208 
232 504 
236 216 
236 232 
236 260 
236 236 
240 212 
52 48 
228 204 
220 208 
236 232 
240 240 
240 216 
232 204 
232 208 
240 216 
236 236 
232 232 
268 216 
232 208 
236 204 
240 256 
228 208 
500 208 
236 212 
232 212 
232 228 
236 216 
236 220 
236 208 
236 208 
236 212 
244 208 
232 212 
236 208 
48 76 
240 208 
236 216 
240 232 
232 212 
232 216 
236 260 
236 208 
248 208 
236 208 
236 236 
240 212 
236 236 
232 204 
232 208 
232 208 
236 240 
236 216 
232 220 
240 216 
240 208 
244 208 
228 204 
236 208 
236 208 
236 216 
240 208 
232 212 
240 212 
228 44 
236 216 
240 244 
240 212 
228 208 
208 212 
236 212 
236 236 
236 216 
228 212 
232 208 
236 236 
240 208 
228 208 
424 212 
236 216 
236 220 
236 212 
240 232 
236 220 
232 212 
232 204 
236 204 
688 216 
236 216 
240 236 
232 208 
236 216 
240 208 
228 204 
236 204 
220 216 
228 508 
228 204 
236 212 
232 212 
232 212 
240 216 
232 228 
236 204 
208 204 
240 712 
236 212 
232 212 
236 204 
240 208 
228 208 
228 248 
236 208 
212 208 
236 236 
236 212 
232 208 
232 208 
240 228 
228 232 
236 236 
236 208 
232 208 
232 204 
236 212 
236 232 
232 208 
232 212 
228 212 
236 252 
240 204 
240 208 
232 208 
240 204 
240 232 
240 252 
232 204 
228 212 
264 228 
232 204 
232 208 
240 208 
240 208 
240 212 
232 216 
236 232 
236 220 
232 212 
236 216 
232 232 
236 236 
232 204 
236 208 
236 208 
240 216 
240 236 
236 208 
240 208 
236 264 
232 232 
236 232 
236 212 
236 208 
236 208 
220 212 
240 236 
236 236 
232 208 
236 212 
232 208 
244 212 
240 208 
244 208 
460 216 
228 204 
232 212 
236 212 
232 204 
232 208 
232 208 
236 236 
232 236 
644 228 
240 208 
240 216 
236 256 
236 212 
236 244 
236 212 
236 248 
212 220 
260 444 
236 208 
232 256 
236 216 
228 208 
236 216 
236 236 
240 216 
212 236 
236 232 
236 208 
236 212 
232 212 
236 208 
236 208 
228 208 
232 208 
236 216 
236 208 
232 208 
236 208 
232 208 
240 216 
236 240 
232 228 
236 208 
236 208 
236 252 
236 228 
240 232 
232 208 
236 208 
240 208 
232 208 
240 204 
236 216 
236 208 
236 216 
236 212 
232 208 
232 216 
236 208 
236 208 
240 216 
236 256 
252 204 
236 228 
232 236 
276 212 
228 208 
236 208 
236 216 
240 208 
240 216 
240 236 
240 240 
236 228 
236 224 
244 216 
232 208 
232 208 
232 204 
232 212 
236 208 
232 204 
240 220 
232 224 
236 212 
212 208 
232 208 
232 208 
236 208 
232 208 
228 220 
232 208 
232 208 
236 204 
600 208 
244 216 
236 216 
232 204 
232 208 
240 236 
240 216 
240 208 
236 212 
724 240 
240 208 
232 208 
240 208 
240 288 
240 264 
236 212 
232 212 
212 208 
236 512 
236 248 
236 212 
232 208 
232 220 
236 208 
236 224 
236 208 
212 212 
228 204 
236 236 
364 208 
240 208 
232 256 
236 212 
228 212 
232 208 
236 220 
232 212 
52 44 
236 208 
236 208 
236 224 
236 204 
236 212 
232 208 
248 216 
236 220 
240 212 
240 212 
232 216 
232 212 
232 208 
232 208 
232 208 
232 208 
232 216 
236 208 
240 268 
236 236 
232 212 
232 208 
236 212 
232 212 
240 212 
240 208 
44 44 
244 240 
0 0 
0 0 
252 208 
228 208 
236 212 
236 236 
236 240 
232 216 
228 216 
240 204 
232 216 
240 236 
240 224 
228 216 
232 204 
232 208 
232 212 
236 212 
240 208 
240 212 
244 212 
232 208 
232 216 
236 204 
236 220 
232 208 
236 220 
240 216 
232 212 
500 236 
228 48 
240 232 
232 208 
240 212 
232 220 
240 236 
236 208 
236 236 
704 212 
232 204 
240 232 
232 212 
232 216 
232 208 
240 208 
232 212 
212 212 
232 560 
240 216 
232 212 
244 208 
232 216 
236 236 
232 248 
232 208 
228 212 
236 672 
236 236 
236 252 
232 212 
236 212 
232 212 
240 264 
240 240 
232 212 
228 208 
232 204 
236 244 
232 208 
236 232 
232 212 
240 212 
236 204 
232 208 
240 248 
240 208 
244 208 
232 204 
240 208 
236 232 
240 212 
232 212 
232 216 
15052 212 
0 0 
0 0 
0 0 
320 212 
232 208 
240 256 
240 232 
232 212 
232 212 
240 208 
236 212 
236 236 
236 216 
236 204 
236 208 
232 208 
240 220 
232 308 
228 244 
232 208 
232 212 
264 208 
236 216 
228 216 
236 252 
296 204 
236 208 
236 232 
232 208 
232 228 
244 212 
272 212 
236 212 
228 216 
236 208 
240 236 
236 208 
236 204 
236 232 
232 220 
536 288 
244 208 
240 212 
240 212 
232 212 
228 208 
236 236 
236 232 
236 236 
700 212 
236 212 
240 212 
240 216 
232 220 
236 204 
236 208 
232 208 
216 216 
232 600 
236 220 
236 208 
228 208 
240 216 
236 224 
232 208 
232 212 
220 208 
240 212 
236 216 
232 208 
244 208 
236 232 
348 208 
236 220 
240 236 
236 212 
232 212 
236 240 
228 208 
232 212 
232 208 
240 232 
232 212 
228 204 
236 212 
236 208 
232 228 
236 212 
232 212 
232 232 
232 212 
232 208 
228 204 
232 208 
232 208 
236 252 
232 208 
232 204 
232 204 
232 208 
240 216 
232 212 
232 308 
236 232 
236 256 
236 216 
232 208 
232 212 
240 232 
236 232 
232 288 
228 212 
236 208 
236 208 
244 208 
240 208 
232 208 
244 232 
240 212 
240 208 
232 260 
232 212 
236 208 
236 224 
248 208 
232 216 
288 204 
232 228 
508 212 
232 220 
240 304 
236 224 
236 252 
232 208 
240 216 
548 208 
232 236 
248 232 
236 232 
232 216 
236 224 
232 232 
240 208 
236 212 
232 348 
240 216 
240 212 
236 208 
232 212 
236 260 
236 236 
228 204 
212 204 
236 604 
232 216 
236 208 
236 212 
236 216 
228 212 
240 232 
236 216 
216 208 
240 208 
240 204 
244 212 
240 208 
240 208 
232 204 
232 212 
236 208 
236 232 
240 208 
228 212 
232 208 
232 208 
240 212 
240 216 
232 268 
236 208 
240 212 
236 208 
240 212 
252 212 
236 236 
52 40 
236 208 
228 216 
236 232 
236 256 
244 208 
244 212 
232 208 
236 204 
244 212 
236 212 
236 208 
232 208 
228 208 
240 224 
232 212 
240 216 
232 208 
240 208 
48 40 
232 236 
232 208 
236 212 
236 220 
236 332 
236 208 
236 236 
236 212 
236 204 
236 236 
240 208 
236 220 
236 212 
236 208 
236 212 
232 232 
240 220 
308 236 
236 208 
232 216 
240 236 
232 208 
236 252 
248 236 
236 216 
232 212 
532 48 
236 232 
236 264 
232 260 
232 212 
236 220 
232 232 
236 216 
240 208 
236 372 
236 220 
232 208 
232 208 
232 208 
240 220 
232 208 
236 204 
208 248 
232 632 
232 212 
232 216 
232 204 
240 208 
236 232 
236 220 
236 212 
212 236 
232 208 
236 212 
236 236 
228 208 
232 212 
232 212 
236 208 
232 208 
240 208 
232 212 
248 212 
236 212 
236 236 
232 208 
236 208 
232 212 
240 212 
236 232 
240 228 
232 208 
260 240 
236 236 
236 204 
228 212 
236 208 
232 212 
240 212 
240 208 
236 204 
232 208 
240 236 
236 264 
236 232 
232 236 
236 212 
232 204 
240 224 
240 248 
236 236 
236 208 
228 204 
232 208 
236 236 
236 208 
232 208 
232 208 
232 216 
236 236 
236 216 
232 212 
240 204 
240 216 
232 204 
232 236 
236 232 
232 228 
236 204 
236 216 
232 204 
336 212 
236 208 
232 208 
236 216 
240 216 
232 224 
232 224 
232 216 
232 216 
528 236 
232 216 
228 204 
240 204 
236 232 
240 208 
236 208 
236 256 
428 208 
236 400 
256 204 
240 208 
232 208 
236 236 
232 216 
232 208 
240 204 
216 232 
232 636 
236 208 
236 220 
244 208 
236 236 
236 244 
240 220 
232 208 
220 204 
228 204 
228 208 
228 212 
236 216 
236 208 
236 208 
240 232 
236 208 
232 236 
232 208 
232 232 
232 228 
232 212 
240 204 
240 236 
236 240 
236 232 
232 216 
240 212 
228 208 
232 212 
232 212 
240 208 
232 208 
236 208 
232 256 
236 240 
228 208 
236 208 
236 244 
236 212 
240 212 
232 208 
240 216 
240 208 
232 228 
240 208 
228 208 
236 208 
236 232 
232 228 
232 208 
240 216 
232 212 
236 216 
236 232 
256 216 
232 216 
240 216 
236 236 
236 208 
236 212 
240 216 
236 216 
236 208 
356 212 
236 208 
240 208 
236 304 
356 208 
236 220 
232 208 
228 208 
236 216 
232 236 
232 212 
240 228 
236 216 
600 220 
232 216 
232 208 
236 208 
232 204 
236 212 
232 224 
236 212 
236 212 
232 432 
232 212 
236 236 
232 208 
240 228 
232 204 
232 236 
236 252 
216 236 
236 660 
232 212 
232 260 
240 208 
240 208 
232 212 
228 208 
236 220 
212 208 
240 236 
232 204 
236 224 
232 212 
236 212 
244 212 
232 216 
236 204 
244 216 
236 244 
228 208 
228 204 
240 208 
236 232 
236 212 
232 204 
44 44 
236 252 
240 208 
236 236 
232 216 
240 224 
232 216 
244 208 
244 232 
232 208 
240 212 
236 212 
236 224 
256 208 
232 212 
228 212 
236 216 
236 240 
232 232 
232 260 
236 208 
232 216 
240 220 
232 212 
284 204 
48 44 
232 212 
244 216 
240 212 
240 208 
236 216 
228 204 
236 204 
240 216 
232 216 
236 208 
236 208 
240 208 
232 220 
228 208 
240 236 
240 208 
236 236 
388 212 
236 232 
232 208 
240 224 
236 236 
244 208 
232 208 
240 208 
232 204 
592 60 
236 208 
232 212 
232 208 
236 232 
232 224 
236 208 
232 216 
212 236 
232 436 
236 216 
240 260 
232 208 
236 208 
240 224 
300 212 
236 212 
216 232 
232 696 
240 212 
232 208 
232 208 
240 212 
232 216 
232 212 
232 204 
216 252 
240 236 
244 208 
236 224 
236 212 
240 248 
244 212 
236 208 
232 208 
232 232 
236 236 
232 208 
236 208 
240 212 
236 232 
228 220 
244 232 
232 208 
236 236 
236 212 
228 208 
236 232 
236 228 
232 204 
236 236 
240 204 
232 216 
236 208 
232 244 
236 208 
240 208 
236 216 
236 216 
236 212 
232 208 
236 220 
236 268 
240 220 
232 264 
232 212 
264 212 
240 216 
236 248 
256 212 
240 208 
236 204 
236 204 
236 212 
240 208 
232 208 
232 220 
236 244 
236 212 
240 204 
236 208 
232 236 
232 204 
236 208 
240 236 
236 212 
412 228 
236 208 
260 208 
232 208 
232 208 
236 212 
236 208 
236 212 
240 232 
624 228 
236 208 
228 204 
236 216 
240 212 
228 216 
232 216 
232 216 
228 236 
240 444 
236 212 
232 208 
236 220 
232 232 
256 208 
236 232 
232 208 
212 204 
236 720 
240 204 
236 208 
240 252 
268 208 
236 204 
240 208 
236 244 
212 212 
240 208 
236 212 
236 208 
232 212 
236 204 
236 208 
236 232 
232 212 
236 220 
236 204 
232 204 
232 204 
240 216 
236 228 
236 232 
272 208 
232 212 
236 212 
236 208 
232 208 
240 216 
236 232 
236 260 
232 208 
232 240 
232 212 
232 204 
236 236 
232 216 
232 224 
232 208 
452 208 
240 244 
228 208 
236 236 
240 220 
232 212 
228 212 
228 208 
240 208 
236 236 
248 216 
232 204 
232 208 
240 260 
240 232 
240 208 
236 212 
240 216 
236 252 
220 204 
232 208 
228 208 
240 216 
236 224 
236 224 
232 208 
240 208 
232 240 
392 208 
240 212 
236 220 
236 208 
236 224 
236 216 
236 232 
236 212 
240 228 
632 208 
236 232 
240 224 
228 208 
236 220 
244 212 
228 212 
232 216 
208 212 
236 460 
232 316 
240 264 
236 232 
240 212 
236 208 
240 232 
228 240 
212 208 
244 208 
232 232 
236 244 
228 208 
232 208 
236 220 
236 216 
232 212 
232 208 
232 228 
236 224 
232 212 
232 208 
232 208 
232 204 
236 204 
240 208 
240 228 
232 212 
240 208 
236 220 
240 216 
232 212 
240 232 
348 208 
232 204 
236 204 
240 208 
236 204 
236 212 
236 208 
236 232 
248 216 
236 208 
244 208 
232 212 
232 208 
232 216 
236 232 
48 44 
240 216 
232 204 
248 208 
232 208 
232 216 
236 236 
232 208 
232 212 
236 208 
232 208 
236 236 
240 240 
240 212 
228 216 
236 208 
236 216 
360 208 
236 208 
232 208 
228 236 
236 236 
232 212 
236 208 
236 248 
236 216 
236 188 
44 232 
236 204 
448 212 
232 216 
232 212 
240 212 
240 220 
236 224 
236 232 
240 212 
232 208 
644 232 
236 212 
236 264 
232 216 
236 216 
236 232 
232 212 
228 216 
212 208 
232 528 
236 212 
240 208 
236 236 
232 208 
232 208 
252 204 
232 208 
208 40 
240 208 
232 260 
232 232 
232 248 
236 208 
236 212 
232 208 
236 236 
212 212 
228 212 
236 208 
236 208 
232 208 
236 216 
232 236 
236 212 
236 208 
240 208 
228 212 
236 240 
236 204 
240 208 
244 224 
240 208 
236 212 
244 208 
236 208 
236 244 
240 204 
232 212 
228 212 
232 208 
232 252 
232 216 
240 208 
240 208 
232 208 
240 208 
236 220 
232 232 
240 208 
232 220 
236 236 
240 208 
232 208 
236 204 
236 236 
240 236 
236 232 
232 224 
228 244 
236 208 
240 208 
236 216 
236 216 
240 208 
240 208 
240 236 
236 256 
212 272 
228 208 
236 208 
232 212 
236 212 
232 224 
236 228 
236 236 
236 276 
448 248 
232 212 
236 220 
232 208 
236 212 
240 208 
236 208 
240 204 
240 208 
696 216 
240 212 
240 224 
228 204 
236 224 
232 208 
240 212 
236 212 
212 224 
236 544 
236 212 
236 216 
232 228 
236 208 
236 260 
236 212 
236 208 
248 212 
236 244 
236 204 
232 204 
240 204 
240 212 
236 220 
248 208 
228 212 
232 216 
236 212 
232 208 
232 212 
240 236 
236 248 
236 236 
236 212 
232 204 
232 216 
244 208 
236 208 
236 212 
232 204 
232 204 
236 220 
564 208 
236 228 
240 216 
232 216 
236 212 
236 236 
240 208 
240 232 
232 212 
236 236 
236 212 
236 212 
236 212 
232 232 
228 204 
232 208 
236 204 
232 208 
240 208 
236 208 
228 208 
236 216 
236 208 
232 208 
236 212 
232 208 
232 212 
336 204 
232 208 
236 220 
236 208 
228 208 
240 216 
236 216 
240 224 
252 224 
232 208 
244 232 
236 212 
240 212 
240 212 
240 208 
236 232 
244 236 
420 208 
236 212 
236 220 
236 256 
232 236 
236 212 
232 204 
240 216 
236 216 
1160 204 
240 236 
292 212 
232 228 
236 204 
240 216 
228 208 
232 208 
216 232 
232 552 
244 212 
236 212 
236 208 
236 212 
236 208 
236 236 
232 252 
212 208 
240 220 
232 212 
236 236 
236 228 
232 204 
240 236 
268 208 
236 228 
236 204 
240 236 
256 208 
232 204 
232 208 
232 264 
236 220 
236 208 
232 208 
240 212 
232 248 
240 204 
232 216 
236 216 
236 204 
256 228 
232 220 
236 212 
232 212 
228 240 
232 212 
244 208 
232 212 
232 236 
240 208 
236 216 
236 208 
232 216 
228 208 
236 208 
240 216 
236 236 
236 208 
232 212 
232 224 
236 208 
232 232 
236 204 
236 224 
236 216 
240 208 
240 216 
252 208 
236 212 
232 208 
244 220 
236 232 
236 248 
232 208 
236 208 
232 208 
244 204 
232 216 
44 48 
236 224 
256 212 
240 208 
240 232 
228 212 
232 212 
496 212 
236 208 
236 208 
240 216 
232 236 
240 212 
232 212 
236 208 
232 208 
736 204 
232 244 
232 208 
236 208 
236 212 
232 212 
240 212 
240 232 
216 224 
236 512 
248 208 
44 44 
228 208 
240 216 
236 212 
236 216 
228 208 
212 224 
236 224 
240 232 
232 204 
232 216 
232 208 
236 204 
236 240 
232 212 
232 220 
232 220 
240 208 
240 212 
232 208 
232 208 
236 220 
232 220 
232 212 
228 216 
232 212 
232 228 
240 232 
244 236 
232 44 
240 236 
232 212 
236 204 
232 208 
240 208 
232 204 
240 208 
244 208 
232 204 
240 236 
248 208 
228 208 
236 208 
232 224 
236 208 
232 224 
232 212 
240 260 
232 208 
236 212 
240 204 
236 208 
236 208 
232 212 
232 208 
244 228 
232 204 
248 212 
232 216 
228 208 
236 204 
236 220 
236 224 
232 212 
236 208 
232 232 
244 248 
240 204 
232 208 
232 208 
236 216 
232 232 
232 232 
236 216 
232 232 
500 232 
240 236 
232 216 
236 208 
236 216 
240 220 
236 236 
236 232 
244 208 
748 216 
228 208 
232 212 
232 208 
236 204 
240 208 
232 232 
244 232 
216 204 
236 584 
236 208 
236 212 
232 208 
240 224 
240 232 
364 208 
236 208 
208 204 
240 212 
292 232 
236 244 
276 204 
244 208 
236 208 
236 212 
236 208 
232 204 
236 208 
240 232 
236 232 
236 232 
236 212 
240 208 
232 220 
240 212 
240 220 
228 216 
232 212 
232 216 
240 208 
236 236 
236 236 
240 208 
240 204 
244 208 
236 208 
240 204 
240 220 
240 232 
236 212 
236 208 
232 216 
236 232 
240 208 
232 232 
240 216 
228 208 
232 208 
244 204 
236 216 
236 212 
232 212 
240 208 
232 208 
232 216 
236 248 
232 208 
236 204 
244 224 
232 212 
232 212 
232 216 
236 208 
236 236 
232 216 
240 232 
236 240 
288 228 
240 216 
232 264 
240 232 
240 212 
232 216 
244 216 
236 256 
236 232 
524 208 
236 208 
232 212 
232 208 
240 220 
236 208 
232 208 
236 216 
236 220 
240 348 
240 212 
236 216 
236 204 
236 264 
236 232 
240 248 
252 208 
232 208 
232 592 
236 212 
240 220 
240 248 
236 268 
232 212 
236 208 
240 212 
216 208 
236 208 
236 220 
228 212 
232 216 
236 208 
236 208 
240 212 
232 220 
232 224 
240 212 
232 208 
240 208 
240 220 
232 212 
228 208 
240 212 
236 208 
236 228 
228 208 
232 224 
236 204 
236 208 
232 212 
232 216 
272 208 
236 204 
236 208 
232 212 
236 212 
236 216 
236 248 
236 228 
232 232 
240 236 
240 236 
236 248 
232 212 
232 212 
228 208 
232 208 
232 212 
336 212 
232 208 
244 216 
240 232 
236 224 
236 208 
232 212 
236 232 
236 216 
240 216 
240 204 
232 212 
232 208 
232 204 
236 232 
232 224 
232 208 
232 208 
324 208 
232 232 
48 48 
236 248 
232 212 
248 208 
236 204 
236 208 
232 204 
540 208 
232 212 
232 204 
232 208 
232 212 
240 236 
232 256 
240 244 
232 208 
232 392 
232 212 
240 204 
236 216 
232 212 
232 208 
236 208 
240 236 
208 208 
228 676 
240 208 
232 216 
240 260 
44 44 
232 224 
244 208 
240 208 
216 220 
240 248 
256 212 
232 208 
236 208 
240 212 
232 228 
232 280 
240 236 
240 256 
236 208 
236 208 
236 216 
236 244 
232 208 
240 208 
240 208 
232 212 
232 208 
232 212 
240 216 
252 208 
240 216 
240 236 
236 44 
236 264 
232 216 
232 208 
244 208 
240 216 
236 220 
240 232 
240 244 
260 212 
236 264 
236 232 
232 212 
244 208 
228 208 
236 208 
236 236 
240 212 
240 212 
236 232 
236 228 
228 208 
232 208 
232 212 
240 208 
232 208 
240 236 
264 208 
240 212 
240 268 
236 208 
236 208 
236 232 
228 212 
236 260 
236 208 
312 208 
228 208 
232 216 
240 212 
236 248 
232 252 
232 220 
240 208 
232 212 
596 204 
240 216 
240 244 
236 232 
232 220 
236 212 
236 392 
232 240 
232 208 
236 380 
232 232 
244 252 
248 216 
228 212 
236 208 
236 220 
232 232 
208 204 
236 656 
240 228 
228 204 
260 216 
236 208 
236 260 
232 212 
240 208 
212 220 
236 208 
252 208 
228 212 
240 212 
240 236 
240 208 
236 208 
236 216 
244 208 
236 212 
228 208 
236 216 
280 204 
228 208 
232 260 
236 224 
240 208 
232 208 
240 208 
236 256 
236 208 
240 216 
236 204 
236 220 
240 212 
232 208 
240 204 
244 208 
236 216 
236 212 
236 224 
232 204 
236 204 
332 208 
244 208 
236 208 
284 208 
236 224 
300 212 
232 212 
236 212 
232 244 
232 212 
236 212 
232 212 
236 208 
244 208 
236 212 
240 220 
232 236 
240 212 
236 232 
232 208 
232 212 
232 208 
232 208 
236 212 
236 216 
232 208 
372 220 
232 212 
240 232 
264 208 
240 228 
236 232 
236 208 
240 236 
244 232 
588 204 
232 216 
236 244 
228 208 
240 208 
240 208 
236 220 
232 208 
236 212 
236 420 
236 224 
236 236 
236 240 
232 208 
232 208 
232 212 
240 216 
208 248 
232 656 
232 216 
308 296 
228 208 
236 208 
240 212 
236 212 
240 212 
248 208 
240 232 
232 208 
256 208 
252 208 
236 212 
236 208 
236 232 
232 216 
240 208 
236 236 
232 212 
240 204 
232 236 
232 212 
236 208 
240 216 
236 204 
232 208 
240 260 
232 208 
244 204 
236 220 
236 228 
232 208 
232 212 
232 208 
236 208 
236 208 
228 208 
256 212 
232 208 
512 204 
248 212 
232 212 
236 208 
240 208 
240 208 
236 220 
248 212 
232 208 
232 216 
236 216 
228 208 
236 204 
232 212 
240 212 
240 248 
232 204 
228 208 
240 260 
236 208 
240 212 
236 232 
236 244 
236 216 
236 216 
240 208 
236 236 
236 216 
388 208 
232 228 
236 232 
236 228 
236 228 
236 208 
236 232 
236 208 
232 208 
612 204 
240 232 
232 208 
228 208 
236 208 
236 204 
244 216 
232 208 
240 208 
256 436 
232 208 
236 256 
236 232 
48 44 
236 208 
236 220 
228 208 
212 208 
240 688 
260 212 
232 208 
236 208 
236 232 
264 216 
236 236 
236 236 
216 220 
240 208 
244 208 
240 208 
236 232 
232 212 
236 212 
240 208 
236 236 
244 232 
236 212 
240 232 
228 216 
232 212 
188 40 
236 208 
236 208 
240 208 
236 232 
236 208 
240 208 
236 220 
240 232 
236 220 
232 216 
268 220 
228 228 
232 212 
236 216 
236 232 
228 216 
236 208 
228 208 
236 232 
232 220 
240 228 
240 216 
232 212 
236 220 
240 236 
236 228 
240 208 
240 236 
232 44 
240 216 
236 252 
240 216 
240 208 
236 228 
232 204 
236 216 
240 204 
232 208 
240 212 
240 216 
232 204 
236 232 
232 212 
232 208 
244 216 
396 216 
240 212 
236 208 
236 252 
236 208 
228 204 
240 208 
236 212 
232 212 
632 244 
232 208 
236 208 
232 208 
240 216 
280 212 
232 224 
232 208 
216 204 
232 468 
236 204 
232 208 
240 212 
236 232 
268 208 
240 216 
236 248 
208 212 
236 740 
232 224 
236 216 
232 212 
240 208 
236 216 
244 260 
272 212 
212 216 
268 660 
228 208 
236 220 
236 236 
236 252 
240 212 
232 208 
240 208 
236 212 
228 208 
236 232 
240 208 
236 204 
236 208 
232 212 
232 208 
228 208 
236 204 
240 208 
236 228 
236 236 
232 204 
240 204 
236 224 
232 236 
232 212 
236 216 
232 216 
232 260 
232 248 
240 216 
232 212 
236 208 
228 208 
236 224 
236 236 
236 232 
228 212 
240 216 
236 208 
244 212 
240 208 
236 236 
244 260 
236 260 
244 208 
228 212 
236 208 
236 244 
236 212 
232 216 
232 208 
228 232 
228 208 
232 208 
236 216 
232 220 
232 208 
236 216 
424 236 
240 204 
240 212 
228 216 
244 212 
248 208 
236 204 
232 212 
236 264 
676 260 
236 212 
232 212 
232 204 
232 216 
236 208 
236 228 
236 204 
152 88 
0 0 
0 0 
0 0 
0 0 
0 0 
0 0 
0 0 
0 0 
0 0 
0 0 
0 0 
0 0 
0 0 
0 0 
0 0 
0 0 
0 0 
0 0 
0 0 
0 0 
0 0 
0 0 
0 0 
0 0 
0 0 
0 0 
0 0 
0 0 
0 0 
0 0 
0 0 
0 0 
0 0 
0 0 
0 0 
0 0 
0 0 
0 0 
0 0 
0 0 
0 0 
0 0 
0 0 
0 0 
0 0 
0 0 
0 0 
0 0 
0 0 
0 0 
0 0 
0 0 
0 0 
0 0 
0 0 
0 0 
0 0 
0 0 
0 0 
0 0 
0 0 
0 0 
0 0 
0 0 
0 0 
0 0 
0 0 
0 0 
0 0 
0 0 
0 0 
0 0 
0 0 
0 0 
0 0 
0 0 
0 0 
0 0 
0 0 
0 0 
0 0 
0 0 
0 0 
0 0 
0 0 
0 0 
0 0 
0 0 
0 0 
0 0 
0 0 
0 0 
0 0 
0 0 
0 0 
0 0 
0 0 
0 0 
0 0 
0 0 
0 0 
0 0 
0 0 
0 0 
0 0 
0 0 
0 0 
0 0 
0 0 
0 0 
0 0 
0 0 
0 0 
0 0 
0 0 
0 0 
0 0 
0 0 
0 0 
0 0 
0 0 
0 0 
0 0 
0 0 
0 0 
0 0 
0 0 
0 0 
0 0 
0 0 
0 0 
0 0 
0 0 
0 0 
0 0 
0 0 
0 0 
0 0 
0 0 
0 0 
0 0 
0 0 
0 0 
0 0 
0 0 
0 0 
0 0 
0 0 
0 0 
0 0 
0 0 
0 0 
0 0 
0 0 
0 0 
0 0 
0 0 
0 0 
0 0 
0 0 
0 0 
0 0 
0 0 
0 0 
0 0 
0 0 
0 0 
0 0 
0 0 
0 0 
0 0 
0 0 
0 0 
0 0 
0 0 
0 0 
0 0 
0 0 
0 0 
0 0 
0 0 
0 0 
0 0 
0 0 
0 0 
0 0 
0 0 
0 0 
0 0 
0 0 
0 0 
0 0 
0 0 
0 0 
0 0 
0 0 
0 0 
0 0 
0 0 
0 0 
0 0 
0 0 
0 0 
0 0 
0 0 
0 0 
0 0 
0 0 
0 0 
0 0 
0 0 
0 0 
0 0 
0 0 
0 0 
0 0 
0 0 
0 0 
0 0 
0 0 
0 0 
0 0 
0 0 
0 0 
0 0 
0 0 
0 0 
0 0 
0 0 
0 0 
0 0 
0 0 
0 0 
0 0 
0 0 
0 0 
0 0 
0 0 
0 0 
0 0 
0 0 
0 0 
0 0 
0 0 
0 0 
0 0 
0 0 
0 0 
0 0 
0 0 
0 0 
0 0 
0 0 
0 0 
0 0 
0 0 
0 0 
0 0 
0 0 
0 0 
0 0 
0 0 
0 0 
0 0 
0 0 
0 0 
0 0 
0 0 
0 0 
0 0 
0 0 
0 0 
0 0 
0 0 
0 0 
0 0 
0 0 
0 0 
0 0 
0 0 
0 0 
0 0 
0 0 
0 0 
0 0 
0 0 
0 0 
0 0 
0 0 
0 0 
0 0 
0 0 
0 0 
0 0 
0 0 
0 0 
0 0 
0 0 
0 0 
0 0 
0 0 
0 0 
0 0 
0 0 
0 0 
0 0 
0 0 
236 228 
232 232 
232 232 
232 208 
232 220 
240 232 
236 212 
236 208 
236 212 
236 212 
232 208 
236 204 
236 204 
232 208 
236 212 
232 232 
236 208 
228 208 
240 208 
236 208 
236 236 
232 208 
236 208 
232 212 
236 212 
236 212 
236 212 
236 208 
236 208 
232 212 
240 208 
240 212 
236 216 
236 208 
240 208 
232 256 
236 204 
232 212 
228 204 
244 212 
232 216 
236 208 
240 220 
236 252 
236 212 
236 216 
248 236 
232 212 
232 204 
232 208 
236 236 
236 236 
232 256 
232 212 
228 216 
504 204 
232 208 
232 212 
236 208 
236 216 
236 208 
232 208 
232 208 
236 208 
724 236 
236 260 
236 204 
240 220 
236 236 
236 208 
244 208 
232 216 
216 208 
236 564 
236 208 
232 232 
236 208 
232 208 
232 204 
236 216 
228 204 
212 208 
240 240 
236 236 
232 240 
232 224 
232 204 
232 216 
236 216 
236 208 
236 216 
236 236 
236 208 
236 212 
232 208 
236 216 
236 216 
240 204 
232 212 
236 208 
236 216 
236 208 
232 248 
236 212 
232 212 
232 228 
232 212 
228 212 
244 236 
236 212 
52 48 
236 220 
236 212 
232 264 
240 216 
228 216 
240 208 
236 228 
240 236 
236 212 
240 208 
232 208 
240 224 
236 236 
264 208 
236 204 
236 220 
232 208 
228 212 
232 208 
232 208 
236 236 
392 208 
236 208 
232 208 
240 208 
232 224 
236 208 
72 44 
236 268 
232 212 
288 208 
240 212 
236 248 
228 212 
232 216 
240 212 
240 208 
240 220 
240 224 
524 208 
240 236 
240 236 
236 236 
232 212 
232 208 
232 208 
232 220 
232 232 
748 208 
252 208 
232 204 
240 224 
240 236 
236 212 
240 44 
228 208 
212 208 
232 564 
232 208 
240 232 
244 216 
240 232 
232 212 
236 212 
228 208 
216 220 
236 212 
232 208 
232 208 
236 208 
240 232 
236 228 
236 228 
232 236 
292 208 
232 228 
240 212 
228 208 
232 212 
236 248 
232 232 
240 240 
236 212 
240 208 
236 216 
232 240 
228 208 
232 212 
232 232 
240 212 
232 240 
236 216 
232 212 
256 208 
236 236 
228 220 
240 232 
236 232 
236 212 
232 216 
236 236 
236 204 
232 212 
236 212 
232 204 
228 212 
240 216 
228 216 
232 204 
232 208 
256 208 
232 212 
232 212 
240 208 
232 232 
232 212 
232 208 
236 212 
232 204 
236 228 
236 216 
232 216 
240 212 
236 208 
232 212 
292 232 
236 232 
236 232 
232 220 
232 212 
236 232 
236 216 
240 228 
236 216 
552 236 
236 204 
240 208 
244 204 
232 216 
240 216 
232 212 
232 204 
232 240 
240 364 
236 208 
240 208 
236 232 
236 216 
236 208 
236 212 
228 212 
212 232 
236 596 
232 208 
236 208 
236 212 
236 228 
236 212 
236 208 
240 208 
212 216 
244 224 
236 204 
232 216 
236 256 
232 216 
232 204 
236 204 
240 216 
236 232 
260 212 
236 212 
236 208 
240 232 
232 252 
236 208 
236 216 
236 220 
232 212 
240 228 
236 204 
240 208 
232 216 
260 236 
240 212 
232 208 
236 232 
236 216 
232 224 
240 312 
232 208 
236 208 
240 224 
232 232 
232 208 
232 204 
240 212 
236 212 
232 212 
236 208 
232 208 
240 216 
236 212 
236 204 
228 204 
232 208 
240 204 
240 224 
232 212 
236 236 
240 212 
232 212 
240 212 
236 228 
240 208 
236 208 
232 208 
236 208 
240 236 
236 252 
360 208 
244 208 
236 212 
228 212 
240 212 
236 236 
240 248 
228 212 
256 208 
540 212 
240 208 
240 216 
236 204 
236 236 
232 212 
232 212 
236 208 
252 208 
236 396 
232 228 
236 204 
236 240 
240 232 
236 212 
232 204 
240 208 
212 204 
240 632 
240 220 
236 232 
236 232 
232 212 
232 208 
228 212 
236 212 
216 208 
244 216 
240 208 
240 216 
236 268 
236 236 
240 208 
232 208 
240 208 
236 208 
236 216 
240 216 
240 224 
240 232 
232 236 
236 236 
232 208 
232 208 
240 224 
232 212 
240 236 
232 232 
232 216 
240 208 
240 232 
236 220 
232 212 
240 208 
232 232 
244 204 
228 228 
232 216 
232 208 
240 204 
48 44 
244 248 
232 212 
236 232 
228 212 
236 208 
236 212 
232 212 
240 292 
236 208 
236 208 
236 212 
232 232 
236 216 
236 208 
232 216 
228 208 
236 204 
232 208 
40 44 
240 216 
232 212 
232 208 
240 224 
240 232 
240 244 
340 208 
236 208 
236 212 
236 212 
236 208 
240 208 
232 212 
240 212 
240 208 
556 208 
244 212 
240 208 
236 236 
240 208 
232 208 
232 208 
232 208 
232 208 
756 216 
244 212 
232 208 
232 232 
240 236 
228 212 
240 208 
232 212 
212 44 
236 632 
236 212 
236 208 
236 244 
236 252 
232 208 
232 208 
236 208 
212 232 
236 208 
240 208 
232 212 
248 204 
240 236 
232 208 
232 240 
232 216 
232 208 
240 212 
228 208 
228 208 
240 212 
240 224 
240 268 
268 208 
232 216 
236 228 
232 252 
236 212 
232 212 
232 220 
236 212 
228 208 
232 204 
240 208 
236 224 
244 216 
252 224 
228 208 
240 208 
240 232 
236 204 
236 224 
240 212 
244 216 
236 212 
232 212 
232 208 
232 212 
232 208 
236 220 
236 236 
232 212 
232 216 
236 212 
228 256 
232 256 
240 232 
236 252 
232 208 
236 216 
236 216 
232 216 
232 204 
232 208 
236 204 
236 212 
232 208 
368 248 
228 212 
232 204 
232 208 
232 212 
232 216 
232 212 
232 212 
228 208 
588 204 
244 248 
236 220 
236 212 
232 228 
232 208 
232 212 
240 208 
244 212 
240 404 
232 216 
232 208 
236 236 
240 208 
232 232 
232 204 
232 204 
216 212 
240 652 
232 212 
240 212 
232 208 
236 224 
236 204 
240 208 
232 220 
212 212 
232 208 
232 208 
240 216 
240 216 
232 208 
236 208 
232 204 
232 236 
236 212 
228 212 
316 208 
236 212 
232 212 
244 208 
240 208 
236 208 
232 228 
232 264 
232 228 
232 204 
232 216 
236 208 
240 236 
240 208 
228 208 
232 208 
236 212 
236 232 
232 224 
240 208 
236 232 
232 320 
236 264 
236 248 
236 208 
236 236 
256 208 
228 208 
236 208 
236 208 
236 212 
228 208 
240 208 
236 208 
236 216 
236 232 
244 232 
236 216 
232 204 
232 216 
232 216 
228 228 
240 212 
304 212 
236 232 
228 208 
232 208 
232 208 
244 228 
364 204 
232 204 
236 228 
232 212 
240 220 
236 236 
236 244 
236 240 
232 216 
636 248 
228 208 
240 208 
232 208 
236 208 
232 236 
236 264 
264 208 
212 212 
232 488 
244 216 
232 212 
232 212 
236 204 
236 256 
236 236 
232 216 
212 236 
232 684 
236 212 
236 208 
232 212 
228 208 
236 208 
236 236 
236 228 
268 244 
232 208 
232 212 
232 208 
232 208 
236 204 
236 232 
232 212 
240 208 
232 212 
240 208 
236 232 
236 236 
260 208 
260 208 
228 212 
240 236 
240 208 
240 224 
232 220 
236 232 
232 208 
236 208 
228 204 
228 208 
232 204 
232 216 
236 208 
236 208 
240 236 
240 236 
240 260 
236 256 
240 208 
44 44 
228 240 
228 216 
236 232 
232 240 
236 236 
236 224 
236 216 
236 236 
236 248 
232 208 
240 216 
232 208 
240 232 
236 228 
236 252 
232 208 
236 212 
228 204 
232 228 
232 208 
236 212 
236 220 
236 236 
236 208 
232 252 
52 212 
240 204 
256 212 
232 240 
236 204 
344 236 
240 216 
232 208 
232 212 
612 208 
240 212 
232 204 
244 208 
240 208 
236 208 
236 232 
232 216 
292 208 
232 456 
232 212 
240 224 
236 212 
232 208 
232 204 
244 212 
232 244 
220 208 
236 704 
240 52 
232 208 
232 208 
236 212 
240 248 
236 216 
236 208 
208 216 
232 220 
232 212 
236 244 
236 212 
232 204 
232 212 
240 208 
236 236 
236 256 
232 212 
236 208 
232 208 
240 208 
240 216 
232 208 
236 216 
232 216 
236 232 
240 256 
248 208 
232 216 
232 212 
236 216 
236 208 
236 252 
232 208 
236 208 
232 212 
232 208 
244 208 
236 212 
236 216 
236 264 
240 208 
240 212 
232 232 
240 216 
232 204 
236 236 
236 228 
232 208 
232 204 
240 204 
240 220 
284 212 
236 216 
240 232 
228 208 
236 212 
228 212 
228 204 
240 260 
240 212 
236 208 
236 212 
232 208 
240 208 
240 208 
236 208 
412 216 
240 208 
236 232 
236 204 
232 212 
228 212 
240 212 
236 216 
232 240 
668 204 
232 244 
232 216 
236 212 
240 224 
240 224 
232 212 
232 224 
212 204 
236 488 
240 220 
236 208 
240 216 
236 232 
232 300 
236 228 
268 212 
212 316 
232 716 
232 208 
244 208 
236 232 
296 236 
236 208 
236 260 
232 208 
220 204 
236 236 
236 232 
232 240 
232 208 
240 208 
240 236 
236 204 
232 216 
232 208 
240 224 
236 212 
232 208 
228 228 
228 208 
236 220 
240 212 
232 216 
232 204 
240 212 
240 220 
240 232 
240 232 
236 208 
228 232 
236 208 
236 232 
228 212 
236 212 
240 236 
232 212 
232 208 
232 244 
236 204 
236 220 
228 212 
228 208 
236 216 
232 216 
236 204 
232 212 
232 208 
236 232 
228 212 
232 212 
228 220 
240 228 
268 208 
236 208 
232 204 
236 208 
204 212 
236 208 
236 208 
228 204 
236 236 
232 224 
236 212 
228 208 
236 204 
432 216 
268 208 
240 204 
240 232 
240 208 
232 208 
232 212 
232 212 
232 204 
672 216 
240 208 
232 208 
324 212 
244 212 
232 208 
232 212 
244 260 
400 204 
236 504 
232 204 
236 212 
232 212 
236 204 
232 212 
244 208 
244 212 
212 232 
236 232 
240 236 
240 208 
232 208 
240 208 
232 208 
228 220 
232 224 
240 236 
232 208 
236 212 
236 216 
268 212 
240 208 
264 236 
240 208 
236 236 
232 232 
232 224 
240 212 
288 212 
236 208 
232 212 
236 208 
240 204 
348 212 
240 212 
236 232 
228 240 
236 208 
244 212 
236 216 
236 208 
244 236 
240 212 
236 216 
228 216 
240 224 
240 216 
236 232 
236 236 
236 220 
236 216 
236 212 
232 268 
256 208 
236 208 
228 216 
240 204 
232 212 
228 232 
48 224 
232 208 
236 236 
240 208 
236 208 
232 220 
228 208 
240 236 
220 236 
236 204 
236 228 
232 212 
232 208 
236 204 
236 212 
240 212 
232 324 
460 208 
44 44 
268 216 
232 232 
232 212 
236 248 
236 208 
232 216 
232 204 
708 204 
228 208 
236 208 
236 236 
240 252 
236 232 
268 212 
236 236 
216 240 
228 516 
236 212 
236 220 
236 220 
236 236 
228 212 
236 208 
236 216 
212 236 
256 680 
236 212 
236 232 
240 44 
236 208 
232 208 
260 212 
236 216 
236 212 
236 216 
236 232 
236 220 
232 208 
248 212 
232 208 
228 204 
232 212 
244 208 
240 236 
236 244 
244 216 
232 228 
236 232 
232 216 
236 216 
228 212 
232 236 
240 232 
240 208 
232 212 
236 232 
240 236 
232 208 
236 236 
240 212 
240 212 
236 208 
236 236 
236 212 
232 212 
232 208 
232 220 
232 208 
236 224 
240 212 
232 212 
244 208 
240 208 
240 216 
232 208 
236 212 
236 204 
240 208 
232 204 
236 212 
244 208 
240 256 
232 208 
232 216 
248 212 
232 208 
236 204 
232 204 
236 236 
236 244 
240 212 
232 208 
236 208 
456 208 
236 208 
240 212 
236 212 
260 208 
232 212 
236 220 
240 260 
236 224 
712 216 
240 212 
240 208 
240 236 
228 212 
240 232 
240 244 
236 216 
208 208 
232 464 
236 220 
240 208 
240 224 
232 212 
236 236 
248 216 
232 208 
208 208 
236 208 
236 216 
232 208 
236 204 
232 208 
232 204 
232 208 
236 208 
240 208 
240 220 
232 232 
240 244 
236 212 
240 208 
232 216 
236 216 
236 212 
236 212 
232 216 
236 236 
228 208 
232 208 
236 224 
236 204 
236 204 
232 208 
252 208 
232 212 
256 212 
232 264 
240 208 
236 216 
236 220 
228 220 
236 224 
236 264 
236 252 
236 208 
236 208 
244 236 
240 208 
240 220 
236 252 
240 212 
236 236 
256 208 
240 212 
232 228 
236 204 
228 212 
228 208 
240 212 
236 232 
236 236 
240 216 
256 212 
240 208 
232 208 
392 208 
256 212 
236 212 
236 208 
228 212 
244 212 
236 208 
236 212 
236 252 
240 208 
508 212 
236 208 
236 216 
236 236 
228 216 
236 208 
232 208 
236 208 
240 208 
748 216 
228 208 
236 212 
240 212 
240 208 
232 216 
236 212 
232 212 
220 212 
244 552 
256 208 
240 204 
232 212 
236 204 
244 232 
244 216 
236 256 
208 212 
244 208 
228 208 
232 240 
240 236 
236 212 
232 216 
244 220 
236 204 
244 216 
256 208 
236 232 
232 208 
236 208 
232 208 
232 204 
232 212 
236 212 
228 208 
256 208 
232 208 
232 208 
232 232 
232 208 
236 208 
232 208 
240 212 
236 232 
228 256 
236 256 
232 212 
232 208 
236 216 
236 212 
232 212 
236 232 
232 212 
236 252 
232 212 
232 208 
240 208 
236 216 
232 212 
240 212 
232 204 
244 248 
228 208 
240 232 
228 208 
240 212 
236 208 
236 236 
232 216 
236 208 
232 208 
236 208 
240 232 
236 260 
232 208 
232 228 
48 204 
232 208 
232 212 
232 236 
232 212 
232 208 
240 208 
236 256 
240 212 
504 208 
236 208 
240 216 
232 216 
236 212 
236 204 
236 208 
236 220 
236 232 
228 372 
232 228 
232 212 
240 236 
228 204 
236 216 
236 236 
236 248 
44 40 
236 604 
232 228 
236 252 
232 208 
236 216 
236 216 
236 212 
228 208 
208 208 
232 216 
232 204 
236 252 
232 208 
228 204 
236 232 
236 224 
264 208 
236 216 
232 208 
236 208 
228 212 
232 232 
232 208 
236 216 
240 208 
232 208 
240 208 
240 44 
232 208 
240 204 
236 212 
236 220 
232 208 
236 264 
228 208 
232 204 
240 208 
236 228 
232 204 
240 268 
240 224 
232 208 
236 204 
232 584 
236 212 
236 212 
240 204 
240 212 
232 220 
240 260 
248 220 
232 204 
232 212 
236 252 
240 224 
236 236 
232 212 
232 208 
240 208 
232 216 
236 208 
240 212 
236 208 
232 208 
240 212 
232 212 
236 236 
232 208 
292 216 
252 208 
236 208 
240 212 
232 212 
236 208 
232 204 
232 208 
236 216 
488 216 
240 204 
228 204 
232 208 
236 216 
236 220 
228 208 
240 208 
236 216 
236 388 
244 208 
232 212 
232 236 
232 208 
228 208 
236 208 
236 220 
216 236 
236 584 
232 208 
236 216 
236 216 
236 212 
236 232 
240 220 
244 232 
212 232 
240 220 
236 208 
332 204 
240 208 
244 228 
232 216 
228 204 
236 220 
236 212 
232 208 
236 204 
240 208 
232 212 
236 208 
236 212 
236 220 
236 220 
236 212 
228 204 
240 208 
236 212 
236 256 
232 212 
228 232 
232 212 
228 212 
236 232 
240 212 
236 208 
236 240 
232 236 
240 212 
240 212 
236 208 
240 232 
236 232 
228 208 
236 208 
228 212 
232 204 
232 212 
240 204 
232 208 
236 212 
236 224 
232 212 
232 212 
232 260 
280 208 
240 208 
232 212 
240 212 
232 208 
232 208 
228 216 
236 216 
232 208 
232 208 
228 208 
328 216 
236 212 
236 228 
232 212 
232 220 
236 232 
236 248 
228 208 
236 204 
440 204 
240 208 
228 204 
236 236 
232 240 
228 208 
236 216 
236 204 
240 236 
236 396 
232 236 
236 204 
240 212 
236 236 
228 216 
232 208 
236 204 
208 208 
240 632 
236 224 
236 232 
228 208 
236 232 
240 236 
236 248 
236 220 
224 216 
232 208 
236 232 
236 208 
236 208 
228 204 
236 224 
240 260 
236 232 
236 216 
236 208 
236 216 
236 204 
244 208 
236 236 
236 212 
232 208 
232 204 
232 208 
236 212 
232 208 
228 216 
240 212 
236 204 
240 208 
228 208 
228 208 
232 212 
232 236 
244 220 
232 216 
240 232 
228 212 
236 244 
236 208 
236 212 
240 204 
240 216 
232 232 
236 204 
232 208 
236 208 
244 212 
232 208 
236 204 
232 256 
236 212 
236 212 
236 236 
240 240 
236 216 
240 220 
236 236 
232 212 
232 208 
228 204 
240 216 
236 212 
240 208 
240 204 
332 208 
240 264 
236 264 
236 240 
236 208 
232 216 
232 208 
236 212 
236 232 
572 212 
232 204 
236 208 
232 240 
44 40 
236 204 
236 204 
240 216 
232 224 
240 412 
232 204 
236 212 
236 232 
232 212 
236 232 
236 224 
232 208 
212 212 
236 644 
236 208 
236 220 
240 232 
228 204 
232 228 
236 208 
232 204 
212 220 
232 208 
436 216 
232 224 
232 212 
232 204 
236 204 
48 44 
240 204 
240 236 
232 216 
236 216 
236 208 
236 212 
240 216 
236 220 
228 208 
236 216 
236 208 
232 212 
236 212 
240 208 
236 204 
236 228 
236 228 
236 212 
232 244 
240 212 
236 208 
240 224 
0 0 
0 0 
0 0 
0 0 
0 0 
0 0 
0 0 
240 204 
232 60 
240 204 
232 204 
236 204 
236 264 
232 216 
236 208 
232 208 
236 244 
236 212 
236 216 
228 208 
240 204 
232 208 
236 208 
240 220 
240 204 
236 232 
232 212 
240 204 
236 232 
232 252 
336 204 
232 208 
240 208 
236 228 
236 220 
232 252 
240 236 
236 212 
228 208 
612 208 
232 208 
240 208 
236 232 
232 208 
232 208 
240 208 
236 208 
212 228 
236 416 
236 204 
240 232 
236 204 
232 220 
236 216 
232 216 
232 212 
216 232 
240 676 
232 204 
236 208 
228 216 
236 212 
240 232 
236 204 
232 216 
212 216 
240 224 
240 260 
236 256 
232 248 
232 208 
240 224 
236 248 
240 244 
240 216 
240 228 
244 208 
240 428 
236 236 
232 260 
236 216 
232 216 
236 236 
240 252 
236 208 
240 212 
236 232 
236 212 
232 204 
244 216 
236 204 
240 216 
236 216 
264 208 
232 212 
228 208 
236 208 
240 236 
240 208 
228 208 
240 208 
236 216 
236 236 
244 208 
236 232 
232 216 
232 208 
236 216 
236 228 
252 208 
232 208 
228 208 
232 208 
236 208 
240 212 
240 220 
240 232 
232 208 
232 204 
240 220 
236 244 
232 208 
236 244 
232 208 
232 204 
380 208 
288 220 
232 208 
240 216 
236 216 
232 232 
236 224 
440 212 
236 236 
612 208 
236 236 
232 216 
232 204 
236 208 
244 208 
240 208 
236 208 
212 204 
240 412 
232 232 
240 240 
236 216 
228 240 
232 216 
232 208 
232 212 
260 220 
236 696 
232 216 
232 236 
240 232 
228 208 
232 208 
240 208 
236 216 
216 208 
240 208 
228 308 
240 228 
236 204 
240 224 
228 204 
236 224 
228 208 
232 212 
240 208 
236 208 
236 212 
236 232 
236 212 
232 216 
232 212 
232 208 
236 208 
232 220 
228 216 
240 212 
232 204 
240 208 
240 208 
232 264 
228 224 
228 208 
240 216 
236 236 
232 208 
236 252 
236 208 
232 220 
240 212 
236 208 
236 208 
228 212 
236 204 
232 208 
236 212 
236 216 
232 208 
232 212 
240 204 
236 260 
240 236 
236 212 
232 208 
236 208 
232 208 
236 208 
240 232 
244 208 
228 208 
232 208 
236 208 
236 212 
236 208 
236 208 
384 232 
232 208 
240 224 
236 208 
240 216 
228 212 
228 208 
236 212 
232 236 
628 212 
236 244 
236 204 
236 208 
236 220 
236 248 
232 216 
232 208 
216 228 
232 480 
240 216 
236 232 
240 212 
232 220 
228 212 
228 204 
232 208 
44 44 
236 712 
236 208 
232 208 
232 216 
232 208 
232 208 
228 208 
236 216 
216 216 
236 248 
232 208 
228 204 
232 212 
236 212 
228 204 
232 204 
236 208 
236 212 
240 208 
232 212 
240 224 
240 232 
236 232 
232 212 
232 216 
228 208 
236 212 
236 260 
236 236 
44 56 
232 204 
236 208 
240 212 
228 212 
236 208 
232 208 
240 212 
244 228 
236 232 
236 204 
232 212 
232 212 
240 208 
236 212 
232 256 
232 240 
232 208 
228 208 
236 228 
232 208 
236 220 
244 232 
236 236 
236 228 
232 248 
236 212 
236 40 
240 208 
236 216 
