# ./FR-trace starting at Mon Apr 20 18:53:54 2020
################# CONFIG #################
# slot=5000
# samples=10000
# threshold=100
# idle=500
# minlen=500
# runs=10000
# pdathreads=2
# nmonitored=2
#   monitor0=../apps/openssl ec2_mult.c:153 0x1e7854
#   monitor1=../apps/openssl ec2_mult.c:161 0x1e789c
# nevicted=0
# npdatargets=2
#   target0=../apps/openssl bn_gf2m.c:412 0x20bd10
#   target1=../apps/openssl bn_gf2m.c:412+64 0x20bd50
# affinity=all
############## SYSTEM INFO ###############
# mastik_version=
# sysname=Linux
# nodename=lovelace
# release=5.3.7-arch1-1-ARCH
# version=#1 SMP PREEMPT Fri Oct 18 00:17:03 UTC 2019
# machine=x86_64
################## DATA ##################
# run=540
# datapoints=3498
40 40 
212 228 
232 212 
236 212 
232 204 
240 208 
236 232 
232 212 
236 260 
228 212 
236 212 
256 208 
228 212 
240 236 
236 208 
228 208 
240 208 
232 236 
232 44 
232 236 
276 216 
228 208 
236 204 
236 212 
492 208 
240 236 
236 252 
236 208 
236 212 
236 212 
228 212 
240 208 
236 208 
800 208 
232 212 
236 208 
232 208 
236 216 
236 212 
232 228 
236 232 
252 208 
236 592 
236 208 
244 264 
252 208 
232 228 
240 232 
236 208 
240 212 
216 216 
232 232 
228 228 
232 240 
236 212 
232 208 
236 208 
232 212 
236 232 
232 208 
244 232 
232 208 
236 212 
236 236 
228 212 
232 212 
240 204 
232 208 
240 212 
236 212 
236 224 
228 212 
240 212 
236 212 
232 208 
240 208 
228 252 
236 236 
236 220 
240 204 
236 208 
240 240 
232 216 
344 212 
232 212 
236 216 
236 216 
236 204 
236 240 
232 208 
236 212 
236 208 
236 208 
236 236 
232 212 
232 204 
236 208 
240 212 
244 240 
232 212 
236 208 
244 212 
240 204 
232 204 
236 208 
232 248 
228 208 
228 208 
232 208 
248 216 
260 248 
236 208 
240 208 
232 208 
236 236 
236 236 
228 216 
232 216 
236 216 
500 208 
244 208 
232 224 
232 208 
240 224 
228 212 
232 208 
240 212 
236 260 
748 208 
244 204 
236 252 
236 236 
312 204 
236 208 
236 224 
236 204 
212 204 
232 600 
236 236 
236 236 
232 208 
236 216 
232 208 
236 208 
232 216 
332 212 
232 240 
236 224 
232 220 
232 208 
240 240 
240 232 
228 204 
44 48 
232 204 
232 208 
240 236 
232 216 
228 208 
240 212 
232 212 
236 240 
240 220 
240 236 
244 244 
236 208 
236 232 
240 208 
228 212 
232 204 
232 264 
240 208 
236 212 
228 212 
236 224 
236 208 
236 232 
232 236 
252 208 
236 1200 
236 212 
192 44 
228 212 
236 240 
232 212 
236 212 
236 216 
236 212 
232 216 
236 232 
228 212 
236 208 
252 212 
244 216 
240 208 
228 224 
236 252 
232 208 
228 208 
232 212 
236 208 
236 208 
232 208 
236 208 
240 236 
288 204 
244 216 
240 204 
236 40 
232 208 
240 232 
236 248 
936 220 
240 208 
528 208 
236 204 
232 208 
232 208 
240 208 
288 236 
232 208 
236 228 
236 252 
744 208 
240 212 
240 212 
232 208 
228 212 
236 208 
240 236 
232 216 
220 208 
240 544 
316 208 
240 208 
240 208 
236 216 
232 292 
232 256 
240 252 
224 212 
232 212 
240 208 
236 212 
240 204 
240 208 
232 208 
236 256 
232 212 
236 212 
236 224 
232 212 
236 212 
240 212 
232 204 
240 220 
240 244 
232 204 
236 208 
240 212 
240 212 
236 240 
236 220 
240 216 
236 204 
232 216 
260 236 
232 208 
236 224 
232 204 
236 212 
228 208 
232 212 
236 212 
232 208 
232 208 
236 208 
236 212 
236 212 
236 232 
232 208 
240 208 
232 220 
232 208 
236 232 
236 452 
236 232 
236 212 
236 212 
232 208 
232 220 
236 212 
240 216 
228 216 
236 208 
236 208 
1112 236 
236 212 
240 232 
236 284 
300 224 
236 224 
236 208 
232 204 
236 208 
236 232 
236 208 
232 256 
236 216 
536 216 
232 208 
232 212 
240 220 
240 212 
240 256 
236 208 
240 208 
236 320 
236 372 
232 208 
236 224 
240 216 
236 224 
236 208 
236 212 
236 232 
216 212 
232 620 
232 212 
232 208 
236 236 
240 236 
268 212 
232 204 
232 208 
212 204 
240 228 
240 232 
240 212 
232 208 
232 212 
232 212 
236 212 
240 208 
240 248 
232 204 
240 212 
264 220 
236 228 
236 232 
236 212 
236 208 
236 208 
236 212 
236 208 
236 208 
232 212 
236 216 
232 236 
236 220 
232 212 
232 220 
236 228 
232 212 
240 208 
236 232 
232 244 
232 208 
236 232 
232 212 
236 208 
264 208 
232 212 
236 220 
236 220 
232 208 
236 212 
240 260 
236 208 
236 204 
1052 256 
232 204 
236 216 
240 224 
232 212 
232 236 
232 216 
228 212 
232 208 
236 220 
232 212 
236 208 
232 212 
232 208 
240 224 
308 208 
236 228 
236 244 
236 228 
228 212 
240 260 
244 208 
236 260 
232 208 
508 212 
240 212 
232 212 
232 236 
232 220 
288 204 
232 208 
236 252 
240 264 
236 384 
1076 232 
236 228 
236 220 
232 208 
236 212 
240 232 
236 236 
208 236 
232 656 
232 204 
48 44 
236 236 
240 236 
240 220 
240 236 
236 240 
208 216 
236 208 
236 248 
256 212 
236 212 
228 208 
232 212 
236 212 
240 256 
232 232 
236 212 
236 204 
232 204 
236 216 
272 216 
232 248 
236 208 
504 212 
232 244 
232 212 
240 232 
52 44 
236 212 
232 208 
240 300 
252 212 
236 208 
236 208 
232 208 
232 220 
236 232 
236 212 
240 204 
236 236 
232 212 
232 212 
236 208 
236 284 
240 236 
240 232 
236 228 
232 244 
240 204 
224 236 
228 212 
236 208 
232 212 
240 212 
244 236 
232 236 
236 216 
580 40 
236 216 
236 236 
236 256 
236 212 
240 208 
240 208 
236 240 
240 244 
340 236 
236 212 
232 204 
236 236 
236 236 
236 212 
256 212 
236 216 
940 212 
584 236 
248 212 
236 208 
232 212 
240 236 
240 236 
236 232 
232 216 
228 216 
772 236 
236 212 
240 232 
236 236 
236 212 
232 212 
236 220 
236 220 
216 216 
240 668 
232 208 
236 236 
240 236 
236 216 
228 212 
244 212 
240 208 
212 204 
240 204 
232 208 
236 208 
240 236 
240 220 
588 232 
240 208 
240 208 
232 232 
232 212 
232 212 
236 260 
232 236 
232 208 
232 208 
240 208 
236 244 
236 264 
236 208 
236 212 
240 224 
232 224 
236 212 
260 224 
232 212 
236 208 
236 208 
244 208 
232 208 
236 212 
240 212 
240 232 
240 212 
236 228 
232 268 
232 204 
232 208 
236 208 
232 216 
236 224 
232 208 
236 212 
236 216 
240 208 
232 208 
232 220 
236 208 
240 216 
236 220 
236 204 
240 208 
240 236 
236 240 
244 256 
228 216 
240 212 
232 216 
236 212 
236 208 
368 208 
232 208 
228 208 
240 208 
236 240 
228 208 
236 204 
232 208 
236 236 
564 212 
232 212 
236 216 
236 228 
236 212 
232 236 
236 236 
236 212 
212 204 
240 384 
240 208 
252 204 
232 208 
236 212 
236 216 
232 212 
236 212 
216 232 
240 648 
232 208 
232 208 
560 216 
236 212 
232 224 
232 208 
236 204 
220 240 
236 212 
232 208 
228 212 
232 212 
236 216 
236 224 
236 216 
232 204 
244 208 
236 220 
240 232 
232 208 
240 204 
228 212 
236 212 
236 216 
228 204 
232 208 
240 208 
244 208 
240 224 
236 212 
240 208 
236 216 
240 212 
232 220 
236 208 
236 216 
488 220 
236 212 
408 208 
232 212 
240 248 
236 208 
236 208 
232 208 
228 204 
240 216 
232 212 
236 208 
240 204 
232 212 
232 208 
228 208 
236 232 
236 212 
236 212 
236 212 
232 204 
236 208 
236 208 
232 208 
236 224 
244 212 
228 208 
232 208 
240 208 
240 212 
240 204 
376 228 
240 336 
236 212 
240 204 
232 208 
236 208 
236 212 
232 320 
240 212 
608 232 
228 212 
232 212 
232 212 
240 236 
236 224 
232 208 
232 204 
208 208 
232 448 
548 212 
236 212 
236 236 
236 212 
232 208 
236 236 
236 208 
212 232 
236 724 
232 212 
240 228 
240 232 
228 208 
232 212 
240 212 
232 208 
212 252 
232 264 
40 44 
236 232 
232 208 
240 240 
228 212 
236 228 
236 236 
232 208 
240 208 
240 236 
228 208 
240 236 
224 208 
264 212 
240 224 
232 268 
628 212 
240 232 
232 216 
232 208 
232 212 
236 252 
236 260 
276 208 
236 204 
236 240 
48 48 
236 220 
240 220 
236 204 
240 236 
236 204 
236 228 
236 224 
240 220 
240 236 
236 212 
240 204 
240 232 
236 236 
232 208 
236 212 
236 212 
236 208 
244 232 
240 252 
240 236 
260 208 
232 212 
232 716 
240 236 
232 212 
240 204 
232 44 
240 212 
232 208 
236 204 
236 220 
324 212 
232 208 
232 208 
236 212 
236 212 
236 232 
236 212 
232 216 
228 216 
580 224 
224 232 
232 212 
228 216 
236 204 
236 204 
228 208 
236 216 
216 204 
240 432 
228 216 
232 212 
240 208 
232 208 
240 236 
244 220 
240 268 
336 208 
236 720 
236 212 
240 236 
236 212 
236 224 
244 232 
232 260 
244 212 
220 212 
236 208 
236 204 
228 212 
232 208 
240 212 
348 744 
236 208 
236 284 
232 236 
236 212 
232 212 
232 236 
236 212 
240 216 
236 204 
232 220 
236 208 
232 208 
236 204 
240 212 
240 236 
236 228 
232 212 
232 208 
232 204 
236 208 
236 220 
240 236 
252 228 
232 208 
240 232 
240 240 
232 208 
240 204 
236 208 
244 216 
236 264 
232 208 
232 216 
480 212 
240 212 
244 216 
236 224 
228 208 
236 220 
232 204 
232 208 
232 248 
236 228 
228 216 
220 204 
236 208 
240 232 
232 236 
232 236 
232 244 
228 212 
240 260 
240 264 
416 208 
236 232 
236 216 
236 216 
232 208 
236 208 
240 236 
236 236 
236 212 
656 204 
236 208 
236 208 
240 236 
232 208 
232 208 
236 208 
236 216 
212 336 
236 500 
236 208 
232 212 
232 212 
240 332 
232 212 
232 212 
236 212 
216 216 
236 216 
232 216 
240 208 
236 220 
240 216 
228 288 
236 260 
236 208 
224 216 
240 232 
236 204 
236 208 
240 232 
232 236 
228 212 
232 212 
232 212 
236 220 
240 208 
240 204 
232 212 
236 212 
232 208 
236 236 
232 212 
236 204 
240 216 
236 260 
232 208 
232 204 
232 212 
244 204 
240 232 
228 228 
228 212 
232 212 
236 216 
196 208 
240 252 
232 216 
236 208 
236 212 
236 208 
240 216 
232 208 
236 236 
240 256 
228 244 
236 208 
236 236 
236 212 
232 208 
236 208 
200 204 
0 0 
0 0 
240 188 
236 212 
236 216 
204 236 
236 212 
232 208 
232 208 
232 216 
240 260 
232 204 
240 208 
248 208 
460 216 
232 212 
236 212 
196 232 
240 248 
236 208 
236 208 
228 212 
236 208 
692 208 
232 208 
236 208 
232 208 
240 216 
232 208 
240 236 
240 236 
212 212 
240 520 
232 1184 
240 236 
272 220 
244 212 
240 232 
228 212 
232 220 
216 248 
232 216 
236 216 
240 208 
236 208 
236 204 
236 212 
236 240 
240 224 
228 252 
232 208 
236 204 
232 212 
236 228 
236 208 
240 204 
228 208 
232 216 
240 208 
236 232 
228 212 
292 216 
236 212 
48 48 
236 208 
240 216 
228 220 
240 420 
240 212 
232 244 
236 212 
232 204 
240 324 
240 236 
232 232 
236 216 
276 204 
232 204 
240 208 
240 216 
236 204 
236 208 
236 208 
240 212 
236 216 
232 204 
240 208 
236 236 
240 212 
240 212 
44 48 
232 232 
232 208 
232 212 
236 208 
232 212 
236 212 
240 212 
236 216 
248 208 
224 212 
236 204 
232 208 
236 208 
236 212 
232 232 
228 216 
232 208 
236 208 
424 224 
240 216 
232 208 
236 212 
236 212 
236 216 
232 236 
240 208 
340 44 
644 208 
244 204 
248 208 
236 232 
232 212 
224 256 
236 208 
240 212 
212 204 
232 568 
236 232 
236 212 
228 212 
240 212 
236 212 
236 240 
232 208 
220 236 
232 208 
236 212 
240 236 
256 212 
228 208 
244 220 
236 228 
236 212 
240 208 
244 232 
260 208 
236 212 
240 216 
232 208 
232 204 
236 952 
236 224 
240 232 
236 236 
236 236 
236 224 
236 208 
236 216 
240 212 
236 224 
228 220 
236 212 
232 208 
236 208 
236 264 
236 236 
232 212 
236 224 
244 236 
236 212 
232 208 
236 204 
232 208 
240 204 
240 240 
240 260 
260 212 
236 204 
236 212 
236 212 
240 212 
240 212 
240 212 
824 232 
232 208 
236 208 
236 216 
232 228 
236 204 
232 208 
228 212 
236 212 
240 216 
224 244 
256 212 
244 216 
236 236 
240 212 
240 228 
240 220 
240 232 
236 208 
232 204 
492 212 
240 208 
228 212 
228 208 
232 232 
236 236 
232 208 
228 208 
228 212 
736 216 
240 240 
224 212 
240 212 
232 208 
240 236 
240 236 
236 240 
224 212 
232 564 
236 232 
240 252 
232 216 
232 240 
232 212 
240 208 
236 212 
212 212 
236 216 
236 236 
236 232 
232 216 
232 224 
236 220 
240 216 
276 224 
236 228 
232 212 
236 236 
240 240 
236 212 
236 208 
236 236 
240 248 
228 208 
236 208 
240 212 
236 212 
236 212 
236 212 
232 228 
236 236 
232 208 
232 204 
240 208 
232 208 
236 240 
236 212 
232 216 
232 244 
232 216 
232 208 
236 212 
240 240 
232 212 
1040 208 
232 228 
236 232 
240 212 
240 232 
236 212 
248 208 
236 204 
232 204 
240 212 
236 208 
236 216 
236 236 
232 212 
240 208 
232 256 
244 212 
232 208 
240 232 
236 220 
240 212 
236 208 
264 208 
236 236 
232 212 
232 212 
228 212 
232 204 
232 204 
236 212 
236 208 
492 208 
236 236 
240 220 
236 212 
240 212 
228 208 
236 208 
228 208 
328 212 
748 204 
236 232 
236 208 
236 228 
232 248 
272 220 
236 208 
236 212 
212 224 
236 556 
232 216 
240 232 
232 208 
232 204 
208 644 
196 228 
240 228 
208 212 
232 232 
212 188 
236 228 
228 204 
200 208 
220 228 
188 292 
232 208 
212 188 
192 228 
228 212 
192 192 
228 212 
196 232 
552 228 
236 224 
232 228 
232 228 
232 232 
236 228 
236 192 
236 228 
240 228 
236 216 
240 212 
232 208 
932 228 
236 208 
236 232 
232 216 
236 208 
240 212 
236 268 
236 204 
236 260 
236 208 
236 208 
236 212 
232 208 
232 212 
232 208 
236 212 
236 208 
236 204 
236 212 
228 212 
232 220 
240 224 
240 224 
232 216 
236 236 
48 44 
232 236 
236 228 
232 216 
236 240 
228 212 
232 216 
236 228 
292 212 
924 260 
236 208 
232 208 
228 220 
236 208 
236 204 
228 212 
236 256 
512 212 
244 432 
236 236 
232 236 
244 212 
236 208 
232 208 
236 208 
236 212 
232 384 
236 212 
236 208 
44 44 
236 212 
236 216 
236 236 
232 208 
216 212 
236 588 
236 252 
240 208 
240 232 
232 212 
232 208 
232 236 
192 208 
212 264 
232 212 
240 232 
236 204 
284 44 
240 240 
232 208 
240 236 
232 216 
252 236 
240 220 
240 224 
240 208 
240 216 
232 212 
236 252 
228 220 
232 204 
240 224 
236 236 
236 212 
232 212 
228 212 
232 204 
236 232 
232 208 
236 208 
236 204 
232 216 
232 212 
228 212 
232 204 
236 212 
476 212 
236 216 
232 232 
236 232 
232 236 
300 212 
236 212 
232 208 
236 232 
232 212 
236 212 
236 212 
240 244 
236 220 
232 244 
236 208 
236 216 
816 236 
228 228 
236 212 
236 212 
232 208 
236 212 
236 240 
236 228 
232 212 
232 212 
288 212 
236 204 
240 248 
236 216 
228 208 
236 208 
236 216 
240 236 
236 232 
560 236 
232 208 
276 216 
236 236 
240 256 
236 208 
232 212 
240 212 
240 212 
236 392 
236 236 
240 228 
240 208 
232 212 
788 228 
240 212 
236 248 
212 212 
236 624 
236 232 
232 212 
236 204 
236 260 
236 220 
236 204 
232 208 
216 220 
236 220 
236 208 
228 204 
240 216 
244 212 
232 244 
232 208 
232 208 
240 208 
244 232 
228 212 
232 204 
232 212 
236 212 
236 300 
228 232 
228 216 
240 212 
240 236 
232 208 
236 208 
228 216 
236 204 
236 216 
240 296 
240 236 
240 224 
264 208 
324 212 
232 228 
232 204 
240 236 
236 204 
236 232 
236 252 
240 212 
240 208 
236 244 
228 204 
236 208 
232 212 
240 224 
236 208 
232 216 
236 240 
232 212 
240 216 
236 208 
240 252 
236 256 
236 228 
236 220 
232 216 
232 208 
236 208 
240 212 
236 232 
280 220 
236 252 
224 212 
240 204 
236 212 
232 232 
240 204 
236 208 
240 212 
240 252 
232 204 
572 212 
236 204 
232 212 
732 208 
232 212 
256 208 
236 212 
236 212 
236 232 
236 492 
236 208 
232 208 
232 204 
228 212 
236 212 
244 232 
236 212 
212 244 
236 628 
228 204 
240 228 
240 232 
236 212 
232 212 
232 212 
228 212 
212 208 
240 208 
240 236 
244 216 
240 244 
232 260 
236 204 
232 204 
244 208 
236 232 
232 220 
448 236 
232 208 
240 228 
232 212 
232 204 
240 204 
236 212 
232 204 
232 216 
236 212 
232 212 
236 208 
236 236 
228 208 
232 208 
236 228 
232 232 
236 232 
240 224 
236 216 
236 208 
232 252 
232 204 
236 208 
236 240 
236 204 
236 208 
288 208 
48 40 
236 208 
240 216 
228 236 
232 208 
236 228 
240 204 
236 212 
232 212 
236 208 
240 208 
240 212 
236 216 
240 248 
236 204 
240 208 
236 204 
240 212 
232 232 
240 220 
232 212 
324 220 
544 208 
236 212 
236 208 
236 208 
236 236 
232 208 
236 212 
240 212 
44 44 
240 216 
236 232 
232 228 
232 204 
240 228 
232 208 
232 212 
220 220 
232 448 
236 240 
236 216 
240 232 
240 220 
232 212 
232 216 
240 204 
208 220 
228 652 
236 208 
236 232 
236 236 
248 208 
232 208 
236 248 
236 40 
552 208 
236 248 
232 208 
236 220 
236 232 
240 208 
256 208 
236 208 
232 208 
236 208 
236 236 
236 220 
284 216 
232 212 
236 240 
236 232 
240 260 
236 212 
248 208 
236 232 
236 212 
240 236 
236 216 
236 204 
236 208 
240 220 
232 212 
236 248 
244 208 
240 208 
236 208 
236 232 
232 216 
228 716 
232 212 
240 236 
236 232 
232 204 
228 212 
236 208 
232 208 
232 204 
236 212 
236 236 
236 256 
236 236 
236 268 
236 212 
236 248 
228 208 
232 212 
232 232 
232 208 
236 204 
236 208 
232 228 
236 212 
240 212 
236 208 
232 208 
332 220 
232 216 
236 208 
236 256 
232 212 
240 212 
232 212 
236 212 
236 212 
620 224 
236 212 
232 208 
232 236 
232 216 
236 212 
240 232 
236 224 
204 216 
236 404 
260 216 
240 204 
244 236 
232 212 
480 1020 
240 212 
228 228 
216 208 
240 668 
236 236 
236 216 
236 224 
240 236 
240 208 
240 208 
240 216 
212 216 
248 208 
232 208 
236 236 
240 232 
236 224 
236 208 
232 208 
236 216 
236 224 
232 212 
236 216 
240 240 
232 212 
232 212 
240 208 
236 232 
240 212 
232 208 
232 220 
240 208 
232 216 
208 224 
236 204 
236 236 
236 212 
236 244 
240 208 
236 208 
236 236 
236 208 
236 236 
236 228 
228 208 
232 208 
344 236 
240 228 
236 228 
260 212 
228 212 
236 212 
236 236 
236 232 
236 216 
232 204 
236 212 
236 212 
232 240 
232 208 
232 208 
232 204 
236 208 
240 212 
236 212 
232 216 
240 212 
236 232 
240 216 
236 204 
232 212 
376 212 
232 208 
240 216 
244 212 
232 208 
232 208 
228 236 
232 232 
228 208 
636 208 
236 236 
236 232 
232 1112 
232 236 
248 224 
236 236 
240 212 
220 212 
232 452 
232 232 
236 236 
236 248 
236 236 
232 216 
236 208 
236 212 
220 212 
232 724 
236 208 
240 212 
236 208 
232 220 
236 236 
236 204 
236 212 
212 248 
240 208 
240 260 
240 236 
236 208 
240 236 
240 208 
236 204 
232 208 
228 208 
232 212 
240 236 
240 240 
248 300 
228 212 
232 212 
236 208 
228 216 
236 216 
236 212 
236 208 
316 208 
240 252 
240 232 
232 212 
232 208 
236 208 
236 212 
236 212 
244 208 
232 208 
240 268 
232 212 
232 212 
236 264 
240 256 
252 208 
236 208 
240 232 
236 208 
232 212 
240 216 
232 236 
240 264 
236 208 
232 212 
232 212 
52 40 
236 212 
260 212 
232 212 
248 216 
240 220 
236 236 
232 216 
236 244 
240 212 
240 208 
236 236 
228 212 
412 308 
236 860 
232 212 
236 208 
236 208 
236 216 
236 256 
240 212 
236 220 
628 212 
228 216 
248 212 
232 212 
232 248 
252 40 
236 204 
232 212 
216 212 
236 512 
240 224 
236 212 
232 204 
236 208 
240 212 
236 232 
236 208 
220 232 
240 712 
236 232 
240 216 
236 212 
228 208 
236 216 
232 208 
240 208 
208 224 
240 236 
236 216 
236 212 
232 212 
240 208 
236 44 
236 212 
236 212 
340 232 
240 236 
240 220 
232 204 
232 208 
240 268 
236 256 
232 232 
232 204 
232 208 
240 220 
232 212 
232 232 
232 204 
236 208 
232 216 
236 232 
240 208 
232 212 
240 208 
240 236 
232 236 
240 204 
236 208 
236 208 
240 272 
228 208 
232 204 
232 212 
232 204 
236 224 
236 220 
236 208 
236 208 
236 232 
240 208 
232 208 
236 232 
280 212 
228 252 
236 208 
236 808 
216 212 
240 212 
236 212 
236 216 
240 204 
236 248 
236 244 
236 208 
240 212 
540 208 
232 204 
240 232 
232 264 
232 212 
232 208 
236 208 
232 208 
232 272 
644 252 
236 216 
228 220 
244 208 
232 212 
240 216 
236 232 
228 208 
212 208 
232 544 
240 216 
236 208 
240 212 
236 224 
232 220 
232 920 
240 264 
212 244 
236 216 
232 204 
232 212 
240 236 
236 216 
232 208 
232 212 
232 252 
240 208 
228 212 
236 212 
240 232 
232 232 
240 220 
232 208 
232 208 
236 248 
236 204 
228 208 
236 212 
228 212 
244 212 
236 204 
232 208 
240 216 
236 232 
228 204 
240 212 
236 208 
240 212 
676 212 
236 220 
240 208 
276 212 
232 208 
240 216 
240 212 
240 208 
236 204 
236 236 
236 276 
240 264 
236 216 
232 208 
232 236 
240 236 
236 212 
236 216 
232 212 
228 232 
452 208 
232 208 
240 216 
240 236 
236 232 
240 236 
256 208 
244 208 
236 204 
208 208 
244 228 
240 216 
236 236 
232 232 
240 236 
236 244 
236 212 
236 212 
460 212 
232 208 
228 212 
232 208 
236 212 
236 232 
232 212 
236 208 
236 208 
648 212 
236 208 
236 212 
236 232 
236 212 
236 212 
236 236 
232 216 
216 248 
236 536 
240 204 
236 220 
232 244 
236 208 
236 204 
232 212 
236 244 
212 208 
228 208 
232 212 
232 212 
232 236 
248 208 
232 212 
236 212 
236 212 
244 264 
236 224 
228 212 
236 268 
228 204 
232 212 
240 260 
228 296 
236 204 
236 236 
240 208 
904 220 
232 208 
256 208 
240 232 
236 216 
236 236 
280 224 
240 208 
236 216 
236 216 
236 216 
236 256 
232 212 
236 212 
236 232 
236 208 
236 216 
236 236 
236 220 
360 232 
232 212 
232 216 
236 208 
236 212 
236 208 
232 212 
236 208 
240 212 
236 252 
232 216 
244 212 
232 216 
240 236 
240 220 
240 216 
240 208 
236 248 
236 212 
236 204 
232 44 
44 40 
232 208 
232 204 
236 216 
236 212 
232 212 
228 228 
236 204 
240 212 
456 212 
256 208 
236 208 
236 212 
236 264 
232 240 
232 212 
240 212 
232 208 
716 236 
240 208 
240 236 
240 236 
236 216 
240 212 
232 208 
236 208 
44 44 
240 524 
228 204 
240 212 
236 236 
232 208 
236 212 
240 208 
240 212 
204 212 
236 216 
236 212 
228 208 
236 208 
240 264 
236 240 
260 208 
232 220 
856 236 
236 224 
260 208 
236 232 
256 208 
236 208 
244 212 
232 224 
232 212 
232 44 
240 236 
232 208 
232 228 
228 212 
232 204 
236 208 
236 232 
236 208 
244 212 
232 212 
232 212 
232 208 
236 208 
236 212 
240 260 
236 264 
236 208 
232 204 
240 208 
244 236 
236 216 
240 244 
248 208 
232 204 
844 204 
236 204 
236 216 
228 208 
332 212 
240 208 
232 216 
232 204 
240 216 
240 204 
236 208 
236 220 
240 208 
236 208 
232 212 
232 204 
240 216 
252 212 
232 212 
232 212 
236 204 
236 212 
236 236 
236 248 
232 212 
228 208 
496 208 
232 208 
236 208 
236 208 
240 208 
236 240 
236 220 
216 212 
232 208 
744 204 
240 208 
232 208 
232 212 
228 204 
232 216 
236 228 
236 216 
212 208 
232 564 
232 204 
244 208 
236 212 
240 232 
236 204 
236 212 
236 204 
208 232 
236 212 
232 208 
228 204 
236 216 
236 208 
240 208 
236 228 
236 204 
232 208 
236 212 
236 208 
240 208 
236 216 
232 212 
200 208 
236 208 
224 204 
240 208 
236 212 
236 236 
236 212 
232 204 
236 208 
236 208 
236 236 
232 236 
232 208 
236 208 
236 208 
236 236 
236 236 
716 232 
236 232 
232 212 
232 212 
236 208 
240 236 
240 252 
280 208 
232 208 
312 220 
236 208 
232 212 
236 216 
236 212 
236 208 
236 236 
352 284 
236 212 
232 204 
372 208 
240 212 
240 204 
236 232 
236 220 
236 204 
232 208 
236 208 
240 212 
260 212 
236 212 
236 232 
228 208 
232 204 
620 208 
240 208 
232 212 
232 212 
516 208 
240 208 
236 264 
236 264 
232 220 
236 208 
232 216 
236 236 
288 204 
740 204 
240 240 
236 224 
268 212 
236 208 
236 232 
232 220 
240 240 
212 248 
268 516 
300 208 
240 220 
232 208 
232 208 
236 212 
236 236 
264 220 
208 212 
236 236 
232 212 
236 208 
240 212 
240 216 
236 268 
240 224 
236 208 
236 208 
232 216 
228 212 
236 208 
240 204 
232 204 
236 212 
228 212 
232 212 
232 208 
240 208 
236 212 
232 228 
240 212 
236 212 
236 232 
236 212 
232 212 
236 208 
232 232 
232 216 
236 208 
232 212 
240 220 
240 232 
236 228 
232 212 
232 208 
232 212 
232 204 
232 208 
236 204 
228 208 
232 216 
244 220 
236 240 
232 252 
236 208 
236 208 
232 208 
240 252 
236 216 
240 236 
232 236 
236 236 
344 236 
240 204 
236 212 
236 224 
236 236 
288 260 
288 208 
236 212 
236 212 
236 212 
236 220 
232 220 
236 208 
236 212 
236 220 
520 212 
240 208 
228 204 
232 212 
240 212 
228 204 
240 232 
232 252 
244 208 
228 404 
48 48 
236 256 
240 240 
236 232 
272 236 
232 212 
232 204 
212 216 
236 572 
416 216 
236 212 
244 212 
276 224 
232 212 
232 216 
240 208 
208 208 
236 236 
236 220 
240 244 
228 208 
236 236 
232 208 
236 212 
236 232 
244 244 
240 220 
52 92 
236 208 
232 236 
244 208 
232 212 
236 232 
268 208 
232 204 
236 256 
232 204 
236 212 
236 212 
256 208 
236 216 
240 232 
236 236 
240 216 
232 212 
228 212 
232 224 
236 208 
236 208 
240 208 
236 232 
232 212 
236 208 
236 268 
232 204 
360 208 
232 40 
240 256 
232 212 
536 204 
236 240 
236 208 
232 208 
236 216 
236 236 
236 216 
232 204 
240 232 
232 208 
236 204 
268 220 
236 240 
232 208 
232 204 
244 232 
240 208 
312 224 
232 212 
236 288 
236 208 
236 240 
236 248 
236 216 
228 240 
240 208 
568 236 
232 212 
240 208 
228 256 
236 212 
236 204 
232 212 
232 208 
384 204 
232 368 
236 208 
236 208 
236 212 
232 212 
236 248 
236 216 
232 212 
208 212 
232 608 
232 208 
232 204 
240 208 
232 204 
232 236 
236 232 
240 208 
204 212 
232 208 
236 236 
236 232 
232 248 
232 256 
244 336 
236 204 
236 232 
236 236 
236 208 
236 212 
232 204 
232 208 
236 216 
348 212 
228 208 
236 212 
236 208 
236 212 
236 236 
244 208 
232 216 
236 208 
240 220 
232 204 
236 248 
232 208 
236 208 
240 224 
236 240 
236 212 
236 220 
232 212 
240 212 
232 204 
236 208 
236 232 
232 212 
240 204 
244 208 
232 216 
232 216 
236 212 
236 212 
280 212 
240 212 
224 212 
232 208 
232 208 
236 224 
232 212 
236 212 
236 208 
236 208 
224 208 
236 232 
236 204 
232 212 
240 220 
348 216 
240 228 
236 236 
236 240 
236 232 
1032 220 
236 220 
236 212 
232 208 
568 220 
236 216 
596 208 
236 220 
236 244 
236 216 
228 204 
240 232 
232 208 
236 392 
236 208 
236 232 
236 212 
236 212 
232 212 
232 212 
232 208 
220 212 
236 620 
228 208 
232 208 
236 216 
236 208 
236 232 
236 208 
348 208 
212 208 
232 208 
240 236 
232 208 
216 216 
240 244 
236 216 
236 208 
228 208 
232 212 
236 212 
240 260 
236 208 
236 212 
240 204 
240 228 
236 248 
232 208 
228 236 
236 208 
360 212 
240 220 
236 204 
236 208 
244 216 
236 220 
240 208 
236 204 
284 212 
240 236 
236 232 
232 212 
236 208 
240 232 
240 216 
256 212 
236 212 
236 220 
236 212 
232 232 
232 232 
232 252 
232 220 
236 216 
232 236 
232 212 
236 212 
244 208 
228 212 
228 216 
232 204 
240 256 
240 240 
236 224 
236 968 
232 208 
236 212 
360 232 
232 208 
236 220 
352 212 
236 208 
240 204 
236 204 
236 212 
240 216 
236 208 
236 208 
232 212 
560 212 
232 216 
240 232 
240 268 
236 208 
236 204 
276 220 
240 236 
220 212 
236 408 
232 208 
236 216 
244 332 
236 208 
236 208 
236 252 
232 204 
44 48 
236 652 
236 216 
240 288 
240 216 
236 236 
236 240 
236 204 
236 208 
220 212 
240 248 
228 212 
228 216 
260 212 
236 204 
232 208 
232 212 
240 284 
236 204 
236 208 
236 212 
232 212 
228 240 
228 212 
236 220 
236 208 
232 216 
232 216 
52 216 
240 232 
228 208 
236 208 
232 208 
236 232 
240 236 
232 216 
232 208 
232 208 
240 204 
240 236 
272 204 
232 260 
232 220 
236 204 
236 216 
236 208 
228 204 
240 220 
236 228 
232 204 
236 212 
236 208 
240 876 
240 532 
240 212 
236 208 
232 204 
240 44 
232 212 
232 208 
236 224 
236 204 
240 204 
240 236 
240 212 
240 260 
232 204 
228 208 
236 212 
500 212 
228 208 
236 232 
236 236 
236 300 
240 216 
236 220 
232 204 
232 212 
612 212 
236 232 
236 260 
228 208 
236 208 
236 208 
236 220 
232 232 
1280 256 
236 404 
236 232 
236 244 
240 212 
240 240 
232 212 
228 212 
240 212 
236 208 
240 668 
232 228 
244 216 
240 208 
236 212 
240 220 
0 0 
0 0 
236 188 
216 240 
188 208 
236 208 
240 208 
252 208 
232 216 
236 212 
240 204 
240 208 
240 220 
232 216 
232 204 
240 236 
232 220 
232 216 
232 212 
236 212 
236 212 
240 236 
236 212 
236 212 
240 216 
232 212 
236 212 
240 220 
232 208 
236 208 
232 212 
240 208 
236 208 
232 212 
1232 224 
236 216 
236 236 
236 212 
236 236 
236 212 
236 208 
232 216 
284 224 
240 204 
236 208 
240 212 
228 208 
232 204 
236 212 
236 232 
236 224 
240 212 
236 236 
228 216 
236 216 
232 208 
236 208 
236 232 
236 212 
232 240 
288 212 
236 236 
368 216 
236 208 
360 216 
236 244 
240 216 
232 204 
1148 236 
236 340 
232 208 
608 212 
232 204 
232 224 
240 212 
232 208 
236 232 
236 212 
232 248 
212 204 
236 424 
236 212 
240 208 
236 216 
228 212 
232 220 
260 212 
236 204 
216 212 
236 712 
236 208 
232 232 
244 236 
248 208 
232 204 
236 212 
240 236 
212 220 
240 216 
228 208 
236 220 
648 212 
236 212 
228 208 
236 204 
236 204 
236 208 
240 256 
240 204 
228 212 
236 212 
316 216 
236 212 
240 212 
236 232 
232 228 
228 212 
44 44 
228 228 
236 228 
232 228 
256 212 
204 188 
192 216 
232 216 
232 192 
232 232 
220 208 
188 188 
232 212 
208 192 
196 236 
216 196 
248 196 
220 188 
452 744 
208 188 
232 204 
208 208 
232 228 
208 192 
232 216 
204 232 
192 208 
192 500 
340 232 
232 196 
196 192 
212 228 
240 208 
192 288 
188 200 
232 192 
236 232 
232 228 
232 228 
196 208 
404 188 
232 232 
232 208 
240 228 
228 188 
232 188 
232 192 
236 228 
204 184 
628 232 
232 228 
236 1228 
196 200 
208 216 
232 212 
232 208 
208 228 
236 228 
228 520 
232 232 
232 208 
232 208 
232 228 
232 228 
232 232 
212 228 
212 232 
236 740 
728 188 
232 228 
228 188 
232 232 
232 228 
228 228 
232 228 
216 204 
228 236 
232 228 
228 228 
232 228 
236 232 
232 232 
236 232 
236 228 
232 208 
232 228 
232 208 
196 192 
188 228 
208 228 
212 204 
192 228 
224 208 
188 248 
204 188 
236 232 
224 192 
208 280 
220 208 
240 192 
200 208 
236 276 
188 292 
204 192 
208 228 
232 188 
192 208 
232 228 
232 228 
228 236 
228 232 
232 232 
236 232 
236 228 
232 228 
228 228 
232 268 
236 276 
260 192 
232 196 
188 188 
192 192 
232 228 
196 192 
228 228 
196 232 
216 232 
196 232 
228 192 
212 228 
232 232 
232 204 
192 188 
192 196 
196 196 
192 228 
208 188 
232 228 
232 188 
228 228 
192 216 
232 236 
188 192 
236 192 
196 192 
232 228 
212 208 
228 228 
208 212 
228 240 
1172 208 
212 208 
724 232 
212 504 
232 228 
216 204 
208 228 
192 216 
232 232 
188 212 
228 188 
216 208 
228 228 
212 544 
232 192 
208 208 
232 228 
356 228 
196 192 
232 228 
196 188 
212 204 
188 188 
232 232 
196 192 
240 224 
196 188 
236 228 
188 208 
212 192 
188 188 
232 192 
208 192 
196 208 
208 208 
192 208 
768 228 
236 192 
228 196 
228 236 
232 224 
232 228 
192 192 
232 232 
228 216 
196 192 
232 232 
232 232 
232 240 
192 228 
236 232 
232 232 
236 232 
232 232 
232 236 
232 232 
232 232 
232 232 
232 232 
228 228 
228 232 
232 228 
232 228 
208 232 
192 228 
232 188 
236 228 
236 228 
208 228 
208 232 
228 228 
220 232 
240 228 
192 228 
232 228 
232 240 
208 208 
232 232 
232 228 
192 232 
220 284 
232 208 
228 204 
248 192 
216 188 
232 216 
232 228 
212 228 
232 228 
192 336 
212 188 
228 228 
236 228 
236 228 
240 232 
196 192 
196 192 
188 188 
300 196 
264 224 
196 192 
192 188 
192 192 
232 188 
220 224 
192 208 
232 240 
212 200 
216 208 
212 272 
192 192 
388 320 
272 248 
188 220 
224 276 
212 192 
224 196 
260 208 
216 212 
220 204 
628 192 
252 196 
236 188 
192 344 
232 192 
208 216 
252 328 
296 232 
196 196 
268 244 
208 196 
256 196 
208 220 
196 204 
192 268 
196 232 
232 192 
1092 216 
204 208 
212 216 
256 188 
236 204 
248 216 
204 208 
192 192 
192 188 
208 188 
204 196 
236 196 
228 224 
332 216 
256 224 
232 216 
816 192 
192 216 
196 196 
232 252 
236 208 
320 252 
324 316 
192 200 
188 208 
200 1300 
228 188 
196 192 
212 196 
192 196 
196 200 
200 188 
196 192 
240 228 
232 204 
252 208 
204 280 
192 196 
240 228 
196 192 
224 200 
264 236 
732 232 
208 248 
252 316 
220 228 
224 188 
212 244 
276 196 
296 228 
196 208 
212 288 
192 228 
280 268 
232 216 
220 200 
284 192 
228 204 
208 216 
208 212 
212 264 
244 240 
220 212 
228 272 
192 228 
316 296 
328 1196 
200 232 
204 196 
220 212 
224 304 
264 208 
212 248 
212 220 
200 228 
408 272 
232 224 
212 220 
200 188 
272 224 
208 216 
256 264 
216 244 
220 204 
236 208 
192 208 
192 192 
280 248 
296 296 
244 200 
220 188 
192 304 
232 208 
200 212 
204 236 
204 192 
200 196 
236 236 
252 208 
320 340 
620 328 
228 188 
220 188 
204 212 
1084 408 
200 200 
192 188 
200 188 
204 292 
192 196 
236 200 
228 248 
192 216 
200 216 
292 188 
192 200 
204 192 
256 200 
1052 212 
252 232 
192 280 
288 316 
276 252 
1128 292 
316 248 
200 648 
196 208 
212 188 
276 216 
200 212 
224 216 
272 376 
276 228 
228 208 
416 196 
204 192 
208 1160 
308 204 
208 212 
212 212 
196 208 
260 208 
192 204 
236 232 
328 252 
328 260 
376 184 
300 196 
208 192 
196 212 
216 224 
248 204 
248 192 
196 232 
412 260 
196 224 
192 232 
204 192 
300 320 
196 208 
224 196 
228 216 
252 216 
232 228 
228 196 
208 196 
228 196 
332 316 
212 204 
200 312 
512 192 
208 192 
212 208 
240 280 
200 236 
200 188 
196 196 
240 228 
200 328 
260 312 
192 284 
188 196 
192 240 
196 1104 
428 228 
188 200 
212 192 
200 204 
680 200 
212 228 
224 200 
232 228 
204 232 
196 224 
204 296 
200 200 
208 192 
192 268 
196 196 
236 236 
404 272 
264 256 
344 252 
232 328 
232 216 
244 216 
188 192 
192 212 
212 196 
188 212 
200 192 
268 420 
220 212 
216 208 
