# ./FR-trace starting at Mon Apr 20 18:55:15 2020
################# CONFIG #################
# slot=5000
# samples=10000
# threshold=100
# idle=500
# minlen=500
# runs=10000
# pdathreads=2
# nmonitored=2
#   monitor0=../apps/openssl ec2_mult.c:153 0x1e7854
#   monitor1=../apps/openssl ec2_mult.c:161 0x1e789c
# nevicted=0
# npdatargets=2
#   target0=../apps/openssl bn_gf2m.c:412 0x20bd10
#   target1=../apps/openssl bn_gf2m.c:412+64 0x20bd50
# affinity=all
############## SYSTEM INFO ###############
# mastik_version=
# sysname=Linux
# nodename=lovelace
# release=5.3.7-arch1-1-ARCH
# version=#1 SMP PREEMPT Fri Oct 18 00:17:03 UTC 2019
# machine=x86_64
################## DATA ##################
# run=1025
# datapoints=10000
44 72 
236 208 
236 220 
232 236 
236 248 
232 216 
236 212 
232 208 
236 236 
228 212 
236 220 
232 212 
236 244 
232 212 
236 216 
236 212 
236 232 
236 228 
232 212 
232 236 
236 220 
232 212 
240 212 
232 212 
240 208 
236 232 
240 236 
44 48 
232 208 
236 220 
228 216 
236 228 
240 204 
232 212 
236 204 
236 212 
232 228 
244 216 
0 0 
0 0 
0 0 
0 0 
0 0 
0 0 
0 0 
0 0 
0 0 
0 0 
0 0 
0 0 
0 0 
0 0 
0 0 
0 0 
0 0 
0 0 
0 0 
0 0 
0 0 
0 0 
0 0 
0 0 
0 0 
0 0 
0 0 
0 0 
0 0 
0 0 
0 0 
0 0 
0 0 
0 0 
0 0 
0 0 
0 0 
0 0 
0 0 
0 0 
0 0 
0 0 
0 0 
0 0 
0 0 
0 0 
0 0 
0 0 
0 0 
0 0 
220 204 
232 208 
256 188 
208 228 
228 232 
232 228 
228 224 
208 236 
192 220 
232 232 
244 236 
304 192 
360 284 
192 252 
208 228 
212 196 
232 232 
212 196 
188 196 
196 208 
212 428 
212 284 
212 212 
208 244 
208 228 
196 232 
212 196 
208 620 
232 220 
232 232 
212 220 
204 200 
276 204 
208 208 
192 212 
228 232 
232 244 
232 232 
232 232 
236 232 
240 224 
228 232 
228 232 
208 232 
192 196 
228 420 
236 232 
228 236 
228 232 
232 228 
236 228 
232 196 
232 228 
228 232 
232 324 
232 232 
232 228 
228 228 
232 228 
232 228 
232 232 
228 228 
228 240 
556 232 
212 232 
228 232 
240 228 
232 224 
232 232 
232 228 
228 208 
232 228 
232 396 
232 228 
236 196 
228 232 
232 228 
228 236 
232 232 
200 208 
232 204 
212 684 
188 236 
228 228 
192 232 
216 228 
220 212 
232 192 
236 228 
212 192 
228 192 
232 228 
236 228 
228 228 
228 228 
232 236 
232 228 
204 228 
212 208 
208 236 
200 240 
228 232 
188 228 
216 232 
232 228 
208 232 
228 236 
244 192 
200 192 
196 192 
188 236 
208 192 
212 228 
228 216 
232 236 
232 236 
220 232 
240 228 
232 232 
240 232 
240 228 
232 232 
232 232 
212 192 
240 228 
228 240 
304 228 
228 228 
192 192 
236 236 
240 228 
232 320 
216 988 
228 232 
236 236 
196 204 
248 232 
232 196 
208 228 
228 228 
636 228 
232 228 
280 228 
192 208 
228 232 
228 232 
228 232 
232 232 
232 232 
328 232 
236 212 
236 216 
236 236 
240 212 
236 236 
228 212 
232 216 
228 208 
548 208 
228 212 
236 208 
236 212 
236 216 
228 216 
236 220 
236 212 
252 1100 
236 420 
240 244 
236 216 
232 208 
232 240 
236 44 
240 236 
260 212 
208 244 
232 656 
232 208 
232 216 
236 216 
240 244 
232 220 
236 208 
232 212 
208 212 
236 228 
236 220 
232 244 
236 216 
236 236 
232 220 
228 216 
236 264 
236 208 
232 204 
236 212 
236 212 
236 236 
236 216 
236 236 
240 212 
236 236 
236 220 
232 208 
232 212 
240 224 
232 220 
232 212 
240 216 
232 252 
252 208 
232 212 
236 212 
236 216 
232 212 
232 212 
236 876 
232 212 
232 212 
232 216 
236 208 
236 208 
232 208 
236 228 
240 264 
236 212 
232 208 
232 216 
228 212 
232 212 
236 216 
232 212 
228 260 
228 212 
232 228 
256 224 
228 208 
236 208 
228 208 
228 212 
236 212 
232 204 
272 220 
240 216 
416 216 
232 220 
236 236 
232 244 
316 208 
232 208 
240 936 
228 216 
232 212 
584 212 
236 208 
232 212 
236 240 
232 252 
236 216 
232 248 
232 236 
348 216 
236 452 
232 228 
232 240 
236 212 
236 212 
232 208 
236 212 
236 224 
216 220 
240 696 
232 208 
236 212 
236 220 
236 236 
248 216 
228 208 
232 212 
216 216 
228 216 
236 220 
236 240 
888 220 
232 212 
232 208 
228 208 
232 216 
236 212 
240 212 
240 208 
232 216 
236 216 
236 256 
232 216 
232 212 
236 208 
228 208 
232 212 
236 256 
236 208 
232 212 
240 216 
236 256 
232 220 
264 208 
236 212 
232 216 
244 212 
236 224 
236 212 
228 212 
236 212 
260 220 
240 212 
232 216 
240 252 
236 236 
236 236 
232 256 
220 248 
240 204 
236 216 
236 364 
264 208 
232 208 
236 212 
236 216 
232 204 
232 236 
236 204 
232 208 
232 212 
232 216 
232 252 
324 216 
240 208 
236 228 
340 212 
328 204 
236 216 
228 212 
240 212 
240 236 
232 208 
232 212 
228 220 
236 208 
604 212 
232 216 
232 208 
236 212 
236 220 
276 256 
232 236 
232 212 
212 216 
716 212 
236 216 
232 244 
240 212 
232 208 
228 212 
232 236 
236 212 
212 224 
236 688 
816 316 
232 236 
236 212 
232 216 
236 252 
236 208 
232 208 
208 212 
244 240 
236 216 
232 212 
228 212 
268 212 
232 212 
232 208 
236 212 
232 212 
236 220 
240 212 
228 212 
240 216 
232 208 
228 208 
264 252 
236 208 
236 208 
232 220 
236 236 
236 204 
236 232 
224 216 
240 212 
240 212 
236 244 
236 264 
232 220 
232 268 
232 216 
236 212 
232 216 
232 224 
236 256 
228 212 
232 228 
260 212 
336 236 
236 216 
228 240 
240 208 
236 268 
228 212 
236 216 
280 232 
232 208 
236 212 
232 228 
236 236 
228 208 
232 212 
232 212 
240 208 
236 208 
236 212 
240 208 
232 212 
236 208 
240 220 
384 232 
236 236 
240 212 
40 44 
40 48 
232 212 
236 208 
240 212 
236 216 
616 260 
228 216 
228 208 
228 212 
232 240 
240 208 
232 212 
236 216 
500 220 
228 528 
240 244 
232 240 
276 220 
232 204 
232 212 
236 236 
240 252 
212 220 
240 724 
236 248 
236 236 
236 240 
232 220 
224 44 
68 56 
236 220 
220 244 
244 216 
228 216 
244 212 
236 216 
232 236 
232 216 
236 204 
232 204 
240 216 
232 216 
240 212 
236 216 
228 220 
232 256 
232 208 
936 240 
236 220 
228 212 
236 212 
232 252 
272 212 
232 216 
228 208 
236 208 
232 220 
364 48 
232 208 
232 236 
232 264 
236 212 
236 212 
232 212 
232 212 
240 212 
236 212 
244 212 
236 236 
236 252 
228 212 
232 208 
232 216 
236 236 
320 212 
236 212 
228 208 
232 232 
232 212 
240 212 
352 216 
232 220 
236 240 
232 216 
236 216 
232 212 
232 216 
236 220 
240 228 
232 216 
232 228 
424 236 
236 212 
232 220 
232 208 
240 236 
228 212 
236 208 
232 212 
232 228 
632 208 
232 208 
232 236 
232 252 
236 212 
236 240 
232 240 
228 216 
212 240 
232 504 
264 212 
236 212 
236 220 
232 216 
236 236 
236 252 
232 220 
212 236 
236 688 
232 204 
232 212 
236 208 
232 216 
236 208 
240 220 
236 224 
212 256 
288 228 
236 216 
232 208 
236 216 
836 216 
236 224 
236 212 
232 236 
240 244 
240 252 
228 212 
232 204 
228 208 
240 216 
228 236 
232 212 
244 256 
244 212 
236 216 
232 236 
232 208 
236 236 
232 212 
236 208 
236 216 
232 224 
236 212 
232 208 
236 240 
236 268 
232 208 
236 212 
240 240 
232 240 
236 236 
232 216 
228 212 
600 216 
372 220 
228 208 
236 212 
236 224 
240 204 
232 220 
232 216 
232 212 
232 216 
232 236 
236 236 
240 212 
220 204 
232 212 
236 212 
236 216 
240 216 
232 208 
232 212 
232 208 
236 212 
404 212 
236 256 
240 228 
236 208 
264 212 
236 212 
240 208 
236 236 
236 216 
664 212 
228 208 
240 208 
232 272 
236 216 
228 216 
236 208 
236 240 
212 216 
236 512 
236 216 
232 236 
232 244 
228 212 
236 208 
236 264 
232 212 
212 216 
232 220 
240 216 
256 208 
232 212 
236 212 
228 216 
228 216 
232 208 
240 212 
232 236 
264 216 
236 252 
240 296 
236 376 
236 208 
240 220 
240 240 
236 224 
236 236 
236 240 
240 216 
236 212 
236 208 
236 224 
232 208 
240 204 
236 216 
236 236 
236 252 
240 212 
232 216 
232 212 
236 240 
232 232 
236 232 
508 240 
232 208 
232 216 
240 216 
236 204 
232 204 
236 216 
232 216 
232 340 
240 212 
236 212 
236 228 
228 212 
264 212 
236 480 
236 236 
240 216 
232 212 
244 212 
232 236 
236 216 
232 212 
236 220 
240 216 
232 280 
236 208 
232 240 
240 240 
236 216 
236 212 
240 228 
228 216 
280 212 
452 212 
488 260 
232 212 
236 212 
240 220 
232 212 
232 212 
236 212 
236 208 
696 216 
272 212 
228 248 
228 212 
236 204 
236 252 
232 216 
260 212 
212 212 
260 524 
228 212 
240 296 
236 216 
232 212 
240 212 
240 212 
236 220 
212 236 
236 208 
48 44 
236 268 
228 216 
236 244 
240 212 
240 236 
236 216 
300 224 
240 208 
236 232 
236 208 
232 212 
232 208 
240 212 
232 244 
240 208 
232 216 
232 204 
240 212 
232 212 
240 236 
232 216 
236 208 
476 212 
240 236 
236 244 
236 216 
228 212 
232 212 
236 216 
236 216 
240 208 
236 236 
48 48 
236 212 
236 216 
232 208 
240 260 
228 212 
228 228 
232 232 
232 212 
236 216 
228 208 
236 212 
240 216 
236 212 
232 212 
236 208 
236 232 
236 236 
232 212 
236 252 
228 216 
240 208 
240 212 
236 208 
352 208 
224 208 
240 208 
236 236 
248 212 
344 216 
244 212 
232 212 
236 212 
236 216 
476 216 
236 212 
236 136 
232 212 
236 216 
260 212 
236 212 
304 216 
236 212 
720 216 
228 212 
232 208 
236 220 
244 212 
272 216 
236 216 
232 208 
216 212 
240 540 
240 236 
232 248 
244 216 
232 212 
236 216 
236 240 
240 236 
208 236 
248 212 
232 212 
232 212 
232 236 
240 236 
232 228 
236 220 
236 256 
236 208 
236 228 
240 212 
236 216 
236 240 
232 228 
240 316 
232 260 
232 212 
236 236 
228 220 
332 220 
244 212 
236 216 
236 232 
236 220 
240 220 
232 212 
232 212 
228 212 
260 224 
232 220 
248 232 
228 204 
232 212 
236 212 
232 216 
236 208 
232 212 
232 204 
228 212 
236 260 
232 212 
236 232 
236 216 
236 268 
232 208 
232 248 
1168 208 
232 212 
236 212 
232 236 
232 208 
240 212 
240 208 
236 212 
236 216 
228 208 
236 208 
232 204 
232 216 
228 208 
272 232 
232 216 
232 212 
236 220 
236 212 
232 236 
232 252 
236 208 
500 212 
232 208 
236 216 
236 216 
236 208 
232 212 
232 216 
232 212 
232 212 
732 212 
236 212 
236 236 
232 212 
236 216 
236 216 
232 212 
232 244 
212 208 
228 568 
236 236 
236 212 
232 212 
236 236 
228 208 
236 216 
236 232 
212 220 
232 212 
232 208 
236 212 
232 216 
236 224 
260 212 
236 212 
248 212 
236 232 
232 212 
236 220 
232 220 
236 208 
240 212 
228 208 
236 212 
240 236 
240 240 
232 248 
264 216 
236 228 
232 236 
232 216 
340 216 
236 260 
236 208 
240 220 
260 216 
256 216 
236 232 
232 212 
232 252 
236 208 
236 216 
236 204 
232 1100 
240 216 
236 212 
232 212 
240 236 
236 236 
232 268 
232 212 
228 208 
228 212 
236 212 
236 220 
240 216 
236 208 
236 212 
236 236 
320 212 
256 220 
232 212 
236 252 
236 208 
232 212 
232 216 
268 208 
256 240 
284 208 
232 220 
236 208 
232 208 
236 212 
240 212 
236 216 
236 208 
508 212 
236 216 
232 212 
236 256 
232 216 
236 208 
236 216 
236 244 
232 212 
232 372 
236 216 
236 216 
232 256 
232 256 
228 212 
232 216 
236 212 
212 232 
228 620 
236 224 
460 212 
240 212 
228 224 
236 216 
236 236 
228 220 
216 264 
264 220 
232 212 
232 204 
236 216 
232 236 
236 236 
232 212 
228 220 
240 236 
236 280 
328 236 
232 212 
248 212 
240 212 
236 220 
256 212 
232 220 
232 212 
256 216 
232 212 
232 216 
244 256 
232 208 
236 212 
236 1024 
228 252 
232 212 
232 204 
232 208 
240 208 
244 204 
44 48 
236 220 
236 216 
240 216 
240 240 
236 240 
448 208 
304 208 
228 212 
228 216 
668 568 
232 228 
228 232 
228 228 
232 228 
228 228 
228 232 
236 232 
208 208 
216 216 
232 232 
228 232 
232 232 
232 228 
232 232 
232 228 
232 232 
228 1028 
288 232 
240 236 
232 212 
236 340 
232 212 
288 212 
240 216 
236 212 
232 228 
520 212 
232 212 
236 212 
244 232 
232 204 
232 212 
236 236 
284 212 
236 208 
252 360 
228 212 
232 212 
236 264 
300 208 
236 212 
236 212 
240 216 
204 216 
232 48 
44 44 
236 204 
236 204 
236 204 
236 208 
244 212 
236 208 
212 212 
236 220 
236 208 
232 208 
272 220 
240 268 
248 228 
228 208 
232 208 
240 216 
232 216 
240 212 
232 204 
232 244 
232 972 
232 216 
244 208 
236 216 
244 204 
228 212 
228 212 
232 204 
232 216 
232 44 
232 212 
240 216 
236 264 
228 216 
244 212 
236 228 
232 208 
236 244 
236 208 
228 216 
232 216 
240 240 
236 236 
236 232 
232 216 
232 216 
232 212 
232 260 
232 212 
236 232 
236 244 
240 212 
228 212 
232 236 
260 804 
236 208 
232 236 
236 216 
232 204 
236 212 
236 216 
236 220 
232 252 
236 212 
232 212 
256 212 
308 236 
236 236 
232 208 
252 212 
236 220 
236 208 
236 212 
232 212 
236 212 
540 212 
240 216 
232 220 
232 252 
236 240 
268 212 
232 208 
236 212 
232 244 
240 384 
236 256 
268 220 
832 212 
236 208 
232 212 
236 220 
232 236 
212 216 
232 628 
232 216 
232 252 
248 216 
240 212 
232 204 
232 208 
232 216 
216 240 
260 212 
228 208 
232 208 
236 236 
236 232 
232 252 
244 220 
236 236 
236 212 
236 220 
236 212 
236 216 
240 216 
236 236 
244 216 
232 212 
228 208 
236 212 
236 212 
236 212 
228 212 
240 212 
232 212 
232 224 
236 236 
240 212 
236 212 
236 204 
228 208 
264 216 
236 236 
236 240 
232 212 
236 212 
236 212 
228 212 
232 244 
236 220 
228 212 
236 204 
236 208 
236 216 
232 244 
236 288 
228 204 
248 244 
240 220 
260 212 
236 208 
236 212 
228 212 
236 212 
236 232 
236 252 
232 216 
236 232 
240 208 
240 224 
320 212 
328 216 
224 220 
232 216 
240 216 
232 208 
232 228 
240 216 
236 240 
232 220 
568 216 
960 240 
232 212 
232 208 
240 212 
236 212 
240 212 
232 208 
232 212 
752 220 
232 224 
232 208 
236 216 
236 208 
240 220 
240 212 
232 220 
212 204 
232 640 
236 212 
236 220 
232 212 
236 244 
232 212 
232 212 
236 240 
212 248 
236 224 
228 212 
232 216 
272 224 
232 208 
232 292 
232 272 
236 212 
240 208 
272 252 
236 212 
232 260 
240 236 
280 212 
224 220 
232 212 
236 212 
228 208 
236 240 
236 216 
236 208 
236 216 
236 208 
228 236 
232 212 
228 212 
236 212 
236 208 
236 208 
236 212 
232 216 
236 212 
232 216 
228 212 
232 212 
236 288 
236 208 
276 216 
236 260 
236 236 
232 240 
232 216 
240 212 
236 208 
240 212 
240 268 
236 220 
236 216 
240 236 
228 208 
236 216 
228 212 
236 212 
232 212 
236 212 
232 208 
236 216 
232 216 
856 268 
348 236 
236 216 
236 472 
236 212 
236 232 
236 252 
236 208 
236 212 
236 240 
588 220 
232 208 
236 208 
232 216 
236 208 
232 212 
236 204 
240 212 
240 216 
240 416 
240 212 
236 232 
236 236 
232 208 
232 208 
240 220 
236 236 
212 216 
236 676 
236 268 
240 236 
224 216 
232 220 
240 236 
884 236 
232 208 
216 208 
232 236 
284 216 
228 208 
232 212 
236 212 
236 236 
236 224 
236 216 
48 56 
236 236 
268 240 
240 204 
296 240 
236 216 
236 208 
232 216 
236 232 
244 208 
236 212 
236 208 
244 220 
236 244 
240 212 
232 212 
236 216 
236 216 
236 236 
236 216 
232 216 
236 208 
236 208 
236 208 
236 208 
232 216 
240 236 
240 236 
264 216 
232 208 
44 44 
232 216 
232 208 
236 212 
232 216 
232 216 
236 216 
240 268 
232 240 
236 216 
240 208 
232 212 
236 212 
240 208 
236 240 
232 220 
244 212 
320 212 
236 216 
236 216 
228 216 
364 208 
232 208 
232 208 
236 208 
240 236 
236 208 
232 208 
232 44 
236 212 
612 216 
236 216 
240 212 
236 220 
232 232 
232 212 
236 204 
236 208 
236 212 
240 436 
236 212 
240 212 
236 216 
784 212 
232 208 
236 220 
232 224 
216 268 
236 684 
236 212 
240 236 
240 268 
232 216 
232 208 
236 220 
256 212 
216 256 
232 212 
232 212 
240 216 
232 212 
244 232 
232 208 
236 204 
232 212 
236 212 
228 232 
240 220 
236 212 
236 240 
240 240 
264 212 
232 208 
232 208 
236 216 
236 216 
568 208 
236 220 
232 212 
236 208 
240 224 
240 208 
228 216 
236 208 
236 216 
236 208 
232 216 
228 220 
236 236 
232 264 
236 216 
232 212 
232 212 
236 216 
236 204 
228 208 
236 216 
232 208 
232 216 
236 216 
232 204 
232 220 
228 212 
232 216 
232 216 
232 248 
236 252 
232 208 
236 216 
232 236 
224 212 
232 216 
236 212 
240 212 
232 232 
232 212 
380 208 
232 212 
232 212 
236 216 
236 272 
236 212 
228 212 
236 220 
236 268 
612 216 
236 216 
236 212 
236 220 
244 208 
236 228 
228 208 
232 204 
212 208 
240 424 
344 216 
228 204 
232 212 
236 232 
232 216 
232 212 
228 208 
212 216 
236 692 
236 208 
228 208 
232 208 
236 204 
232 212 
236 204 
232 212 
216 220 
236 212 
236 236 
248 212 
240 208 
232 208 
232 216 
232 208 
232 216 
328 212 
236 212 
236 236 
236 304 
232 216 
236 208 
232 208 
236 216 
240 216 
236 256 
236 212 
236 212 
236 232 
236 236 
228 236 
236 216 
236 212 
232 212 
232 212 
232 220 
236 216 
240 204 
236 212 
236 240 
236 264 
232 212 
236 236 
236 228 
236 236 
236 240 
232 264 
228 240 
224 212 
236 212 
544 208 
240 216 
236 212 
232 236 
240 216 
236 232 
240 220 
232 212 
216 208 
328 208 
236 216 
232 208 
232 204 
240 212 
236 212 
228 216 
228 220 
400 208 
232 216 
236 220 
232 208 
236 236 
240 216 
236 212 
236 260 
236 212 
652 240 
228 212 
232 216 
236 220 
236 248 
232 208 
236 212 
236 240 
392 220 
228 512 
240 212 
236 236 
236 208 
236 232 
236 212 
232 216 
236 264 
212 236 
232 728 
232 212 
228 212 
236 216 
232 216 
264 212 
384 212 
236 212 
212 224 
228 220 
232 212 
232 208 
232 212 
232 268 
228 212 
232 208 
232 208 
236 212 
232 268 
232 260 
232 212 
232 216 
236 220 
232 232 
240 212 
232 212 
236 212 
232 208 
236 212 
232 208 
236 252 
236 208 
236 212 
232 236 
236 260 
236 264 
236 220 
232 208 
236 220 
228 208 
48 52 
236 264 
236 220 
240 208 
232 208 
232 212 
240 212 
236 236 
232 252 
236 204 
232 212 
240 208 
236 236 
232 236 
228 220 
232 208 
264 260 
236 216 
228 216 
200 236 
232 208 
236 220 
232 216 
236 240 
240 216 
240 216 
236 216 
236 208 
440 212 
44 48 
252 212 
236 236 
236 216 
232 216 
232 208 
236 216 
236 232 
672 272 
236 212 
232 212 
240 220 
232 212 
236 252 
236 236 
236 220 
224 216 
236 512 
240 224 
232 236 
240 236 
232 208 
368 204 
236 216 
232 220 
216 216 
240 724 
236 208 
232 48 
264 228 
232 204 
232 216 
252 208 
236 212 
240 216 
232 212 
236 212 
240 236 
232 212 
272 216 
420 212 
236 212 
240 268 
236 216 
240 228 
232 212 
236 232 
236 212 
236 208 
232 212 
236 224 
236 252 
232 248 
236 208 
980 264 
236 212 
248 212 
232 220 
228 208 
232 220 
236 236 
236 232 
232 252 
248 224 
232 232 
240 212 
228 208 
232 212 
232 208 
232 236 
232 224 
236 216 
240 212 
236 308 
232 212 
236 216 
236 216 
236 236 
228 216 
236 300 
236 208 
236 212 
240 236 
236 216 
232 208 
216 212 
236 268 
232 212 
228 216 
236 236 
232 208 
232 208 
236 216 
232 260 
452 216 
232 208 
228 212 
236 216 
240 232 
228 216 
232 216 
236 216 
236 212 
688 208 
348 212 
232 224 
236 212 
236 220 
240 212 
232 208 
232 216 
212 212 
236 544 
240 256 
236 220 
232 236 
236 244 
236 216 
228 232 
236 220 
212 212 
236 236 
392 256 
0 0 
0 0 
0 0 
0 0 
0 0 
0 0 
0 0 
0 0 
0 0 
0 0 
0 0 
0 0 
0 0 
0 0 
0 0 
0 0 
0 0 
0 0 
0 0 
0 0 
0 0 
0 0 
0 0 
0 0 
0 0 
0 0 
0 0 
0 0 
0 0 
0 0 
0 0 
0 0 
0 0 
0 0 
0 0 
0 0 
0 0 
0 0 
0 0 
232 216 
232 208 
236 220 
236 220 
240 240 
232 236 
236 252 
272 228 
232 208 
228 212 
232 216 
232 216 
232 216 
236 268 
232 208 
232 216 
240 212 
236 232 
216 240 
224 208 
232 220 
228 212 
236 208 
236 240 
228 252 
232 208 
244 212 
476 216 
236 212 
236 236 
232 212 
232 236 
236 212 
232 256 
268 212 
232 212 
692 212 
240 208 
240 232 
236 216 
296 216 
260 212 
232 208 
228 208 
232 212 
232 588 
232 208 
236 212 
236 220 
348 216 
232 216 
232 208 
236 216 
212 204 
240 216 
232 208 
236 208 
236 212 
240 212 
232 220 
232 964 
236 232 
236 212 
236 684 
240 216 
232 212 
228 208 
236 212 
236 220 
232 236 
240 224 
236 216 
228 212 
240 236 
240 236 
236 252 
236 224 
504 216 
228 212 
232 212 
240 216 
228 228 
236 216 
232 212 
236 216 
236 240 
240 208 
236 216 
236 236 
240 252 
236 220 
236 244 
232 220 
232 248 
260 928 
228 212 
228 212 
236 208 
240 236 
232 208 
236 212 
232 240 
240 212 
236 208 
236 236 
236 212 
232 212 
228 212 
236 208 
228 236 
232 216 
236 224 
232 236 
228 220 
228 212 
236 208 
232 216 
236 208 
232 240 
236 216 
236 216 
236 256 
476 236 
228 212 
232 212 
236 244 
236 232 
236 212 
232 208 
232 228 
244 212 
696 224 
236 216 
232 232 
228 220 
236 216 
240 216 
40 52 
232 228 
212 220 
236 580 
244 212 
236 236 
240 216 
880 376 
228 216 
232 212 
236 216 
212 304 
236 204 
236 216 
240 220 
236 216 
240 236 
236 208 
236 208 
236 240 
232 208 
236 232 
236 236 
236 236 
236 248 
232 240 
232 232 
228 204 
240 216 
44 44 
232 204 
236 212 
240 212 
232 220 
240 212 
232 224 
236 256 
236 212 
236 212 
240 220 
228 208 
1112 240 
232 216 
236 212 
236 212 
236 212 
236 212 
236 212 
236 212 
232 212 
232 224 
240 220 
236 236 
248 224 
228 208 
232 212 
236 212 
228 216 
236 244 
232 216 
232 40 
236 208 
232 240 
236 212 
228 216 
232 212 
232 212 
236 228 
240 224 
236 212 
232 216 
256 212 
228 208 
236 264 
724 208 
228 216 
232 216 
236 212 
236 264 
240 208 
516 216 
228 212 
236 208 
244 212 
232 216 
240 268 
232 236 
240 212 
232 212 
732 212 
236 236 
316 208 
232 208 
236 216 
232 260 
232 232 
236 240 
212 264 
236 584 
236 208 
236 240 
240 236 
232 232 
236 216 
236 208 
236 232 
212 272 
236 212 
232 212 
232 212 
236 208 
228 212 
244 216 
236 236 
252 212 
236 224 
236 216 
236 212 
236 216 
240 212 
236 216 
232 212 
232 208 
232 236 
236 236 
232 224 
244 220 
232 236 
232 208 
228 216 
236 216 
228 212 
232 208 
232 208 
236 220 
236 216 
240 224 
232 236 
232 224 
240 216 
236 240 
236 216 
240 232 
232 240 
256 256 
232 212 
232 212 
240 208 
232 208 
228 216 
240 236 
232 216 
232 208 
244 216 
232 240 
228 212 
232 208 
236 208 
836 216 
236 220 
232 212 
344 212 
228 216 
232 204 
276 224 
232 228 
280 216 
228 208 
236 208 
236 204 
236 284 
232 212 
236 212 
236 220 
236 216 
536 212 
236 224 
244 212 
232 208 
236 208 
244 212 
232 208 
236 208 
232 208 
236 372 
232 204 
232 212 
232 236 
232 208 
228 212 
236 228 
232 208 
216 208 
232 612 
236 236 
232 212 
256 216 
232 208 
236 216 
240 240 
256 232 
212 240 
228 212 
236 216 
228 208 
236 236 
236 244 
232 228 
236 240 
236 236 
236 232 
236 212 
232 208 
232 216 
236 220 
236 240 
236 236 
236 208 
240 208 
232 216 
236 216 
236 236 
236 212 
236 244 
228 208 
232 216 
240 208 
236 216 
232 208 
236 208 
236 236 
240 240 
232 212 
232 208 
236 212 
232 224 
232 240 
232 208 
236 212 
252 212 
236 208 
236 208 
676 256 
236 208 
232 212 
232 220 
236 212 
236 240 
232 248 
240 216 
232 216 
228 216 
240 212 
240 212 
232 204 
232 212 
240 216 
228 208 
228 212 
232 236 
348 208 
320 212 
236 212 
236 240 
240 236 
228 216 
232 208 
228 212 
240 212 
232 212 
568 212 
232 232 
232 236 
236 208 
236 212 
236 240 
692 240 
236 264 
244 216 
232 396 
232 212 
236 212 
236 208 
240 208 
240 248 
240 236 
236 216 
212 232 
244 644 
240 220 
236 208 
236 216 
236 216 
236 212 
232 212 
232 212 
216 212 
232 252 
232 212 
228 240 
236 212 
236 208 
236 208 
276 216 
228 220 
236 216 
236 216 
236 248 
232 212 
356 216 
240 220 
232 212 
236 220 
232 248 
240 252 
232 216 
236 216 
236 236 
236 212 
236 208 
236 228 
236 212 
232 208 
232 208 
44 44 
240 244 
228 232 
232 212 
232 212 
276 256 
236 240 
228 208 
232 216 
256 216 
240 204 
244 212 
232 216 
240 212 
232 212 
232 212 
240 208 
236 216 
236 216 
232 212 
232 220 
48 48 
236 244 
232 208 
236 204 
236 216 
236 212 
236 216 
236 212 
276 216 
236 216 
232 216 
324 208 
232 220 
232 212 
236 240 
632 216 
228 212 
236 216 
240 236 
344 228 
552 216 
232 216 
240 232 
232 216 
232 208 
232 216 
228 240 
236 212 
236 208 
236 216 
240 44 
240 224 
236 236 
232 216 
236 232 
268 212 
228 212 
216 228 
236 664 
236 212 
232 212 
232 212 
240 272 
232 236 
232 208 
236 212 
216 208 
236 208 
396 232 
240 208 
236 220 
232 212 
236 216 
236 220 
240 268 
236 216 
232 212 
232 216 
232 212 
236 216 
232 208 
240 216 
236 240 
252 208 
232 212 
236 212 
236 248 
248 212 
236 208 
236 212 
232 216 
236 220 
236 240 
228 224 
232 212 
232 212 
236 216 
240 224 
236 212 
240 208 
236 220 
232 216 
236 204 
236 208 
236 212 
236 224 
232 212 
236 224 
228 212 
268 236 
236 232 
236 212 
232 212 
236 216 
236 220 
236 212 
236 204 
236 228 
232 208 
236 208 
228 212 
240 260 
232 240 
256 216 
236 224 
236 212 
332 204 
236 208 
232 212 
232 208 
240 236 
232 212 
232 208 
240 212 
236 216 
572 220 
236 216 
232 212 
236 208 
236 252 
232 236 
228 212 
232 216 
236 212 
232 448 
236 296 
236 220 
232 212 
236 208 
232 208 
348 212 
232 216 
316 212 
232 680 
232 212 
228 228 
232 236 
236 220 
240 212 
240 268 
236 212 
208 268 
228 212 
240 216 
240 212 
292 212 
236 212 
236 232 
232 248 
240 208 
236 212 
236 236 
236 256 
232 216 
324 212 
232 212 
232 208 
236 212 
232 216 
256 208 
236 248 
236 232 
232 212 
236 208 
296 208 
232 212 
428 208 
236 216 
240 232 
236 208 
236 212 
236 212 
236 208 
236 220 
240 212 
244 240 
256 208 
240 204 
236 212 
236 224 
232 212 
236 216 
236 256 
252 216 
236 248 
232 236 
232 224 
232 216 
244 236 
232 256 
232 208 
232 216 
236 236 
232 220 
236 212 
236 212 
240 236 
236 216 
232 212 
236 224 
240 212 
364 236 
232 236 
232 216 
232 212 
232 220 
236 216 
236 240 
232 204 
236 232 
616 216 
228 212 
240 216 
228 212 
232 208 
240 232 
324 216 
236 212 
220 216 
232 440 
232 220 
240 224 
236 216 
236 260 
232 224 
236 216 
236 212 
216 216 
236 716 
236 260 
232 212 
232 216 
232 208 
232 212 
236 232 
232 212 
220 236 
236 212 
232 216 
236 216 
232 212 
236 236 
236 240 
228 228 
240 208 
228 336 
232 236 
228 212 
236 224 
240 212 
260 208 
244 216 
232 236 
232 236 
228 208 
228 212 
228 216 
232 208 
236 216 
232 232 
232 212 
228 228 
228 212 
232 216 
232 216 
232 236 
232 236 
232 212 
236 236 
232 208 
236 224 
232 212 
232 212 
232 204 
236 212 
232 236 
44 44 
244 236 
236 268 
240 236 
260 212 
236 212 
232 216 
232 208 
232 216 
232 212 
240 292 
240 220 
232 212 
236 208 
236 232 
232 208 
256 220 
232 208 
236 212 
236 220 
392 208 
268 212 
44 48 
232 212 
252 216 
232 204 
236 240 
232 212 
232 216 
640 212 
236 212 
232 220 
244 224 
236 236 
240 248 
236 212 
232 236 
212 220 
236 460 
232 212 
236 240 
236 216 
236 260 
236 212 
232 212 
236 212 
212 212 
228 724 
236 240 
252 248 
232 208 
320 208 
236 240 
236 56 
228 212 
216 224 
236 236 
836 216 
232 212 
232 208 
236 248 
224 216 
232 212 
236 240 
232 212 
232 212 
236 216 
240 260 
232 232 
232 212 
276 208 
232 208 
236 216 
240 212 
236 236 
248 208 
232 212 
232 220 
236 208 
240 216 
236 212 
240 220 
252 216 
228 208 
232 224 
228 208 
236 212 
236 224 
248 212 
240 212 
320 212 
228 212 
232 216 
240 212 
236 212 
244 208 
240 220 
236 248 
228 208 
232 220 
232 208 
240 212 
228 212 
236 212 
236 212 
232 212 
232 216 
236 208 
236 608 
236 216 
228 212 
232 212 
240 212 
236 236 
228 264 
392 208 
228 212 
232 208 
232 212 
232 216 
268 236 
236 204 
236 212 
360 212 
608 208 
232 236 
252 216 
236 212 
236 232 
232 212 
232 212 
236 212 
212 216 
236 484 
232 204 
236 208 
236 212 
236 216 
232 212 
236 220 
236 236 
216 1044 
240 692 
236 212 
232 204 
236 216 
236 216 
232 244 
236 212 
240 212 
212 204 
232 232 
232 212 
232 208 
236 212 
236 220 
236 240 
228 216 
232 220 
236 216 
232 204 
236 212 
240 216 
232 216 
232 216 
236 224 
236 212 
240 220 
244 212 
232 208 
236 212 
232 208 
240 212 
228 248 
236 208 
236 212 
232 224 
232 212 
232 216 
232 256 
236 208 
232 204 
272 212 
236 212 
232 236 
232 220 
232 216 
232 212 
232 216 
244 248 
240 240 
240 240 
240 212 
228 208 
236 208 
344 212 
232 208 
228 212 
232 212 
232 220 
232 212 
236 236 
232 220 
240 236 
244 208 
252 220 
232 212 
236 208 
316 216 
236 216 
396 216 
236 208 
236 264 
232 216 
228 208 
232 212 
236 216 
352 208 
228 208 
664 212 
232 212 
236 216 
232 220 
304 228 
232 208 
1184 224 
236 212 
216 212 
232 496 
236 224 
236 212 
236 220 
236 208 
236 236 
228 212 
232 208 
228 252 
240 744 
236 216 
236 236 
228 208 
232 216 
360 212 
232 220 
236 216 
212 292 
228 212 
232 212 
240 216 
236 208 
256 216 
232 216 
236 208 
232 216 
232 212 
232 212 
228 212 
232 208 
236 212 
1192 216 
236 216 
236 220 
232 212 
444 212 
240 216 
228 208 
240 216 
232 208 
236 212 
236 208 
236 212 
240 236 
236 236 
232 216 
232 208 
236 208 
232 212 
236 240 
236 216 
232 208 
236 236 
236 212 
284 208 
44 48 
236 252 
240 224 
232 228 
236 216 
232 236 
236 236 
236 248 
236 212 
236 212 
236 208 
232 228 
232 236 
208 236 
232 220 
228 212 
232 212 
244 240 
232 268 
228 208 
236 212 
236 212 
428 208 
236 208 
236 212 
240 208 
1140 220 
228 212 
44 48 
232 216 
240 212 
696 236 
232 212 
236 212 
236 208 
240 236 
236 208 
236 212 
232 208 
212 208 
236 540 
236 236 
240 212 
236 208 
236 244 
232 208 
236 212 
232 44 
216 212 
240 236 
240 212 
240 216 
232 212 
240 212 
236 236 
232 208 
232 216 
236 212 
236 236 
248 212 
1068 260 
232 256 
232 228 
240 208 
236 212 
232 216 
236 204 
240 216 
236 212 
232 208 
236 216 
236 292 
236 216 
232 240 
236 236 
236 220 
228 208 
244 208 
232 212 
236 224 
240 252 
232 236 
236 204 
236 208 
236 216 
240 204 
236 208 
232 212 
232 212 
236 212 
240 248 
236 216 
236 240 
440 232 
236 208 
232 212 
236 216 
236 212 
236 256 
236 228 
276 216 
232 208 
240 240 
240 212 
232 228 
240 208 
228 208 
232 208 
212 208 
236 224 
240 240 
232 216 
236 212 
236 256 
232 216 
232 216 
232 208 
476 224 
240 212 
236 212 
236 208 
232 212 
232 216 
236 212 
236 212 
236 216 
712 208 
236 248 
236 212 
236 220 
236 212 
232 236 
232 212 
244 212 
216 208 
236 504 
240 216 
232 208 
244 220 
236 240 
240 224 
240 224 
232 208 
212 208 
232 216 
236 240 
240 240 
232 216 
236 208 
232 212 
236 212 
240 224 
240 208 
236 220 
240 256 
236 212 
236 216 
232 208 
236 216 
240 216 
228 212 
228 212 
236 220 
228 212 
232 228 
232 208 
236 240 
232 212 
228 212 
236 212 
236 208 
236 240 
256 208 
232 216 
236 212 
232 216 
236 216 
864 216 
236 212 
232 240 
244 216 
244 216 
228 216 
232 208 
228 212 
236 212 
232 212 
236 232 
232 216 
236 216 
232 216 
236 212 
236 236 
312 220 
240 220 
236 256 
236 256 
236 220 
232 220 
228 212 
236 220 
248 220 
240 212 
240 208 
232 216 
232 224 
240 208 
236 204 
240 244 
236 240 
232 208 
212 212 
496 208 
236 216 
236 212 
236 216 
232 256 
240 220 
240 216 
232 216 
236 244 
740 220 
228 236 
244 216 
228 252 
236 216 
236 212 
232 208 
232 212 
216 228 
232 580 
232 212 
236 240 
236 208 
232 216 
236 236 
232 268 
232 212 
212 212 
236 212 
236 240 
252 216 
228 212 
228 204 
236 212 
236 220 
236 208 
232 220 
256 216 
232 216 
240 240 
236 224 
228 212 
236 400 
236 232 
256 244 
240 236 
232 232 
244 232 
232 212 
228 212 
592 216 
260 212 
232 212 
232 212 
232 236 
236 212 
264 232 
232 236 
236 208 
236 212 
236 236 
236 232 
240 260 
236 244 
240 236 
228 212 
236 212 
236 256 
232 216 
232 324 
232 212 
240 220 
232 216 
236 236 
236 252 
236 248 
260 216 
400 212 
232 208 
240 216 
236 212 
228 208 
232 204 
232 212 
812 216 
236 216 
236 212 
256 252 
240 240 
236 208 
252 216 
232 208 
240 220 
236 208 
236 208 
228 208 
512 204 
236 240 
232 224 
236 216 
228 212 
228 212 
236 216 
236 216 
44 48 
724 248 
236 236 
232 236 
236 248 
236 256 
236 232 
228 212 
236 268 
220 212 
232 600 
236 212 
236 220 
232 212 
236 212 
236 212 
236 208 
236 216 
216 212 
236 220 
236 260 
232 204 
232 208 
236 208 
236 232 
232 216 
240 208 
232 212 
48 44 
232 216 
236 224 
236 232 
236 212 
232 212 
232 208 
236 208 
236 212 
304 256 
240 208 
236 208 
232 260 
484 212 
232 220 
232 224 
232 212 
240 216 
252 212 
236 220 
224 212 
232 228 
232 208 
240 216 
232 240 
232 228 
232 208 
232 44 
240 212 
236 220 
232 216 
236 256 
236 208 
232 212 
240 240 
240 244 
404 232 
228 216 
236 216 
236 216 
236 212 
236 216 
240 236 
236 252 
236 216 
240 212 
232 220 
232 216 
232 208 
236 208 
276 216 
232 216 
236 236 
240 216 
240 220 
236 264 
232 228 
236 212 
228 212 
496 212 
240 236 
232 240 
236 236 
240 208 
236 232 
236 212 
236 208 
232 216 
228 388 
260 236 
228 212 
240 212 
240 216 
236 216 
236 260 
232 216 
216 220 
240 624 
240 224 
240 212 
236 212 
232 216 
228 224 
236 212 
236 216 
220 236 
264 216 
244 216 
236 236 
240 260 
232 216 
236 212 
236 208 
240 220 
236 220 
232 232 
232 240 
256 212 
236 216 
256 212 
232 216 
236 212 
236 212 
240 236 
236 216 
236 208 
232 232 
232 212 
232 216 
236 216 
240 236 
252 212 
236 216 
236 208 
232 232 
224 212 
232 216 
232 208 
232 212 
236 756 
236 212 
236 220 
232 208 
236 208 
232 212 
232 236 
232 212 
236 232 
236 208 
236 264 
236 256 
284 216 
236 212 
236 236 
236 216 
236 232 
272 212 
232 236 
232 216 
232 216 
232 208 
232 212 
240 216 
232 216 
236 208 
300 208 
232 208 
232 216 
236 208 
484 212 
232 208 
236 228 
236 240 
244 216 
520 208 
232 212 
236 212 
232 212 
236 212 
236 236 
236 240 
240 236 
228 216 
232 412 
236 212 
248 212 
224 212 
228 208 
236 212 
236 268 
352 208 
212 208 
236 644 
232 228 
228 212 
236 216 
236 212 
232 216 
240 208 
244 220 
216 212 
232 216 
236 236 
236 252 
236 208 
232 244 
232 212 
344 208 
236 228 
240 216 
236 212 
236 220 
236 208 
232 208 
236 216 
240 212 
232 228 
236 232 
232 208 
232 212 
232 208 
240 220 
236 212 
236 204 
236 208 
236 212 
240 228 
232 212 
232 216 
232 212 
252 212 
240 224 
236 240 
232 208 
232 204 
236 256 
228 212 
236 212 
236 268 
236 212 
232 212 
236 244 
232 212 
232 212 
232 248 
232 244 
232 256 
232 212 
236 208 
236 212 
232 244 
232 216 
232 212 
228 208 
236 228 
236 208 
240 236 
368 216 
240 244 
240 224 
332 212 
232 208 
236 204 
236 208 
236 236 
232 212 
232 264 
240 236 
236 216 
564 212 
236 216 
236 212 
236 236 
236 272 
328 208 
232 208 
236 208 
236 224 
240 376 
228 212 
236 216 
232 216 
236 216 
236 236 
232 212 
232 212 
216 224 
232 604 
228 216 
232 216 
240 216 
232 216 
236 212 
232 216 
244 224 
220 216 
236 216 
240 212 
232 212 
228 212 
236 212 
236 212 
232 212 
44 48 
232 208 
236 216 
236 212 
236 320 
236 212 
232 248 
232 212 
236 212 
236 212 
236 224 
228 216 
236 212 
232 212 
236 212 
240 216 
236 256 
232 252 
236 208 
228 216 
236 216 
236 212 
240 220 
232 212 
236 260 
236 216 
236 216 
232 208 
232 212 
236 204 
232 208 
48 48 
240 236 
236 252 
236 208 
236 212 
240 208 
232 208 
276 1200 
232 220 
268 264 
236 236 
236 248 
260 232 
276 260 
236 208 
232 236 
236 220 
240 216 
236 264 
232 216 
236 236 
292 216 
236 204 
228 212 
236 240 
248 212 
236 224 
228 156 
272 212 
228 220 
568 212 
232 208 
236 228 
236 216 
228 208 
240 220 
236 208 
236 236 
236 216 
232 432 
856 220 
232 256 
244 224 
232 240 
228 212 
240 212 
228 204 
208 268 
228 672 
228 212 
236 212 
232 216 
240 240 
232 264 
260 212 
236 236 
448 208 
236 220 
316 208 
232 232 
232 212 
236 212 
236 232 
232 240 
232 252 
232 212 
392 220 
232 220 
232 212 
228 216 
236 212 
228 224 
236 212 
236 212 
232 220 
232 236 
232 212 
236 216 
240 216 
236 220 
228 212 
228 208 
236 256 
236 204 
232 216 
232 212 
232 212 
232 208 
236 216 
240 236 
272 216 
228 1080 
240 212 
228 212 
240 216 
228 212 
232 208 
240 216 
232 236 
244 208 
328 204 
240 208 
232 240 
232 204 
236 208 
232 208 
240 204 
236 256 
232 212 
232 208 
236 228 
236 236 
236 260 
236 212 
236 208 
360 204 
376 208 
240 212 
236 232 
236 236 
236 256 
236 216 
232 236 
236 216 
1136 220 
652 216 
240 212 
236 208 
228 204 
236 268 
232 220 
232 208 
240 220 
244 236 
236 464 
260 216 
232 244 
236 212 
236 208 
232 212 
236 216 
240 212 
208 216 
228 676 
236 236 
232 208 
236 216 
228 208 
240 220 
232 208 
240 236 
216 212 
232 216 
236 204 
240 236 
232 216 
264 204 
236 208 
236 228 
228 240 
236 240 
236 216 
236 208 
236 224 
236 212 
240 220 
228 208 
240 216 
228 212 
236 204 
232 216 
240 240 
236 268 
232 236 
236 212 
232 216 
236 212 
236 220 
236 240 
232 244 
232 212 
236 212 
236 232 
236 264 
228 216 
240 232 
232 208 
236 208 
232 208 
236 208 
232 212 
244 240 
0 0 
0 0 
196 228 
232 228 
232 232 
236 232 
188 212 
228 232 
228 236 
228 228 
232 228 
232 232 
228 232 
228 232 
228 228 
232 236 
1288 232 
228 236 
232 228 
416 232 
232 228 
232 232 
232 232 
228 228 
236 232 
232 232 
232 236 
232 228 
620 240 
228 236 
232 232 
208 216 
212 240 
228 236 
228 232 
232 232 
192 236 
232 484 
228 228 
228 232 
232 228 
232 228 
232 228 
240 228 
232 228 
212 236 
236 716 
232 212 
236 212 
240 216 
1112 236 
232 208 
236 212 
236 264 
212 260 
232 228 
232 212 
232 220 
236 236 
240 208 
236 216 
232 212 
236 212 
236 216 
236 228 
232 208 
228 216 
228 220 
236 256 
232 212 
232 232 
232 208 
236 212 
236 212 
228 208 
232 224 
232 212 
232 216 
236 212 
232 208 
232 212 
240 208 
236 232 
232 208 
240 236 
240 212 
232 240 
228 212 
232 236 
236 252 
228 220 
236 204 
236 208 
236 208 
232 212 
232 212 
232 212 
232 224 
236 212 
236 208 
1020 212 
228 204 
240 208 
232 268 
236 244 
216 216 
232 236 
236 208 
232 208 
232 208 
244 264 
240 208 
240 212 
236 204 
424 236 
236 212 
232 208 
232 216 
240 236 
236 264 
236 212 
256 212 
240 216 
576 236 
236 208 
232 208 
236 208 
236 216 
232 212 
236 212 
232 204 
48 44 
244 456 
236 236 
1012 252 
272 216 
236 216 
236 212 
236 256 
232 204 
212 236 
228 692 
232 216 
236 216 
236 260 
232 264 
236 232 
240 212 
232 260 
244 208 
232 44 
48 44 
232 204 
236 208 
232 220 
232 212 
232 212 
232 212 
232 212 
232 228 
256 244 
232 216 
236 272 
228 216 
236 240 
232 252 
240 212 
232 212 
236 272 
236 236 
236 208 
236 216 
228 212 
232 212 
232 212 
236 208 
232 220 
236 212 
236 216 
236 44 
232 220 
232 208 
232 216 
240 212 
232 208 
232 204 
236 212 
236 268 
232 224 
236 212 
240 220 
232 208 
228 208 
236 212 
240 236 
240 236 
232 216 
240 212 
240 220 
232 228 
244 240 
232 260 
232 208 
236 216 
236 220 
236 212 
240 208 
232 248 
236 212 
420 252 
240 236 
228 216 
232 212 
228 220 
236 212 
236 252 
232 212 
232 208 
668 260 
240 212 
240 232 
240 236 
240 212 
236 212 
236 212 
236 212 
216 240 
232 508 
228 208 
236 216 
240 256 
236 208 
232 212 
240 212 
236 212 
216 212 
236 716 
240 228 
240 216 
236 212 
232 212 
232 216 
236 224 
232 216 
236 208 
232 208 
228 208 
240 216 
228 212 
236 216 
232 208 
236 216 
236 232 
240 240 
236 216 
232 212 
408 228 
228 224 
232 232 
516 212 
236 208 
232 208 
236 212 
236 212 
240 212 
228 216 
236 216 
232 212 
236 220 
240 212 
232 208 
232 212 
232 208 
236 236 
236 216 
232 208 
248 212 
236 212 
236 244 
2564 220 
0 0 
232 212 
240 248 
236 212 
236 316 
232 204 
236 216 
232 216 
232 208 
232 220 
236 256 
232 236 
232 212 
236 212 
240 212 
356 208 
300 220 
240 220 
240 236 
236 268 
236 244 
232 208 
240 220 
232 212 
456 212 
228 212 
232 208 
240 216 
232 232 
232 224 
248 220 
260 212 
232 204 
676 220 
232 208 
232 212 
232 216 
236 208 
236 212 
232 216 
236 236 
208 216 
232 548 
232 216 
236 208 
232 212 
232 208 
236 208 
236 216 
240 264 
208 212 
232 212 
236 252 
236 204 
236 268 
244 236 
240 212 
244 236 
236 236 
232 220 
240 212 
232 208 
228 212 
232 220 
236 212 
236 212 
232 260 
232 228 
252 216 
236 216 
236 204 
236 220 
236 236 
236 208 
236 252 
232 260 
232 212 
236 272 
232 216 
236 236 
228 212 
236 208 
232 212 
232 208 
232 240 
228 208 
232 212 
236 208 
236 212 
232 212 
232 228 
236 212 
224 216 
232 208 
236 220 
232 232 
232 240 
232 236 
236 256 
236 212 
232 248 
240 212 
232 216 
236 216 
236 212 
236 340 
268 212 
236 212 
232 224 
236 232 
216 216 
236 224 
236 208 
236 208 
232 236 
236 220 
232 212 
232 212 
232 264 
456 208 
232 244 
232 208 
236 212 
232 220 
244 216 
236 208 
232 212 
236 216 
720 216 
232 232 
228 212 
232 256 
48 48 
236 212 
240 220 
228 216 
248 216 
228 592 
232 208 
236 236 
232 216 
236 220 
232 208 
244 204 
236 220 
212 212 
232 268 
232 220 
232 204 
236 208 
280 216 
232 212 
228 216 
236 212 
240 224 
232 236 
232 212 
236 340 
232 208 
236 212 
240 240 
236 216 
232 208 
48 44 
236 236 
236 256 
240 208 
236 204 
232 208 
236 212 
232 212 
236 208 
236 212 
232 212 
236 216 
244 232 
236 236 
236 232 
236 244 
244 204 
232 208 
236 240 
236 264 
236 216 
236 240 
252 212 
236 212 
228 212 
240 216 
232 216 
232 216 
232 232 
232 76 
228 212 
232 208 
256 208 
232 224 
232 212 
232 216 
236 208 
232 208 
296 216 
240 240 
232 220 
232 216 
248 208 
232 212 
236 236 
228 212 
232 292 
240 256 
232 216 
232 224 
1008 220 
476 212 
232 208 
236 212 
236 252 
268 212 
232 212 
232 208 
240 216 
232 212 
724 212 
228 208 
228 228 
236 216 
236 236 
228 216 
236 216 
236 232 
212 264 
228 596 
232 216 
236 216 
228 220 
236 236 
236 208 
236 212 
236 216 
204 216 
232 220 
232 212 
240 216 
228 212 
240 216 
232 212 
236 216 
236 236 
236 220 
232 216 
232 212 
240 208 
236 236 
228 216 
640 212 
240 204 
236 216 
228 212 
236 232 
236 208 
240 236 
236 240 
836 256 
232 212 
236 212 
232 212 
232 208 
284 208 
232 208 
232 212 
236 212 
232 216 
232 212 
236 212 
232 216 
232 236 
236 236 
236 268 
236 228 
232 216 
232 216 
236 212 
228 212 
236 212 
236 212 
228 216 
232 232 
240 212 
232 252 
232 212 
236 212 
236 220 
236 216 
232 236 
236 204 
236 212 
412 428 
240 212 
232 236 
264 212 
236 208 
240 236 
232 216 
228 212 
236 212 
236 216 
236 208 
236 208 
488 208 
236 208 
232 208 
232 212 
236 208 
232 208 
236 212 
240 232 
236 236 
756 236 
236 220 
232 224 
236 208 
236 208 
232 208 
236 236 
232 232 
216 212 
240 540 
276 228 
232 216 
532 236 
236 232 
232 212 
228 212 
292 204 
216 212 
236 220 
232 212 
240 224 
236 264 
272 208 
232 204 
248 208 
240 216 
240 256 
236 212 
236 212 
232 224 
228 216 
236 236 
236 208 
232 260 
264 216 
232 208 
232 292 
236 212 
232 212 
236 208 
236 220 
236 268 
236 216 
232 208 
240 212 
236 236 
236 212 
232 212 
228 208 
236 212 
236 224 
232 244 
236 212 
232 208 
236 212 
232 224 
228 208 
240 216 
236 212 
276 216 
228 212 
236 208 
236 228 
252 216 
236 216 
236 212 
228 216 
236 336 
232 212 
236 236 
236 204 
236 244 
240 216 
228 216 
232 212 
236 220 
236 224 
280 212 
260 264 
232 224 
232 220 
232 208 
236 208 
232 232 
236 268 
232 236 
540 220 
232 208 
240 256 
232 224 
228 212 
236 220 
236 256 
232 252 
232 236 
236 368 
732 216 
236 244 
240 252 
276 208 
232 204 
240 212 
228 220 
232 216 
236 644 
232 208 
236 216 
236 216 
240 220 
236 216 
232 212 
236 220 
216 240 
232 216 
236 236 
236 208 
240 240 
236 220 
272 212 
232 212 
232 208 
232 212 
348 216 
240 228 
232 208 
236 208 
240 216 
232 208 
232 212 
236 300 
240 208 
244 216 
232 212 
236 216 
228 232 
44 252 
232 208 
232 208 
232 268 
232 268 
248 252 
236 208 
228 212 
236 240 
236 224 
232 220 
236 216 
240 220 
232 208 
236 240 
232 224 
236 224 
232 208 
228 208 
236 212 
232 212 
236 216 
232 212 
240 208 
236 240 
236 236 
232 240 
232 232 
244 224 
248 212 
336 204 
232 212 
40 48 
228 208 
232 212 
232 212 
236 256 
312 220 
232 224 
236 208 
232 204 
368 212 
232 220 
224 212 
232 212 
808 244 
536 212 
236 232 
236 216 
232 216 
236 240 
240 220 
232 224 
236 216 
236 212 
232 352 
228 208 
228 48 
240 212 
236 208 
236 224 
232 212 
236 212 
212 212 
240 628 
236 212 
240 228 
232 208 
240 216 
244 232 
232 208 
236 264 
216 236 
228 208 
236 212 
236 212 
232 216 
236 212 
232 212 
716 212 
232 212 
236 264 
232 220 
236 212 
236 212 
236 216 
232 216 
236 212 
232 208 
232 212 
272 228 
232 204 
236 268 
268 220 
228 212 
236 208 
236 220 
232 240 
232 212 
236 232 
232 208 
232 208 
232 216 
236 224 
236 208 
232 208 
236 252 
236 240 
232 224 
236 216 
240 220 
236 232 
232 216 
228 212 
236 220 
236 212 
232 208 
232 224 
236 240 
232 212 
236 212 
232 208 
232 208 
240 236 
232 216 
232 212 
240 228 
236 248 
232 212 
228 212 
232 208 
236 228 
336 216 
232 264 
240 220 
240 208 
232 244 
236 256 
236 236 
232 228 
228 208 
548 216 
236 216 
232 268 
228 208 
228 216 
236 220 
232 232 
236 240 
236 216 
236 404 
244 212 
236 212 
236 236 
232 216 
232 212 
236 208 
236 208 
208 248 
228 676 
232 212 
232 212 
236 236 
644 208 
240 204 
240 212 
232 212 
208 212 
236 212 
236 236 
232 236 
236 208 
240 208 
236 212 
232 216 
236 216 
236 220 
232 212 
232 212 
232 212 
232 216 
252 208 
236 236 
292 236 
228 216 
232 204 
236 216 
240 212 
228 208 
236 216 
236 220 
236 336 
236 216 
268 220 
236 212 
236 216 
408 204 
236 212 
232 216 
232 212 
236 212 
236 232 
232 256 
232 216 
236 212 
232 216 
232 216 
228 224 
236 216 
232 212 
232 212 
236 208 
252 216 
240 224 
236 212 
232 208 
232 212 
232 208 
236 204 
236 212 
236 208 
232 236 
236 220 
228 216 
236 216 
232 212 
236 212 
340 216 
232 236 
232 220 
240 232 
228 216 
236 216 
236 212 
232 224 
248 212 
600 208 
240 236 
236 244 
228 212 
240 208 
264 212 
236 232 
236 236 
244 216 
236 432 
228 1148 
236 216 
232 244 
236 252 
228 216 
236 212 
240 212 
212 212 
236 684 
240 236 
236 236 
224 212 
232 212 
240 212 
244 236 
232 216 
208 212 
236 212 
264 236 
228 212 
232 212 
232 236 
256 228 
236 220 
236 260 
260 216 
236 236 
240 240 
236 256 
232 208 
236 240 
232 220 
240 264 
236 260 
332 216 
240 208 
228 216 
236 228 
236 248 
232 216 
240 224 
236 232 
232 236 
236 244 
236 212 
240 236 
228 212 
236 212 
236 220 
240 216 
236 216 
236 224 
236 232 
232 244 
232 204 
232 216 
236 216 
232 264 
236 216 
236 208 
236 220 
228 216 
236 212 
236 224 
232 216 
240 216 
236 236 
232 216 
196 224 
232 208 
244 216 
240 324 
160 44 
232 208 
272 208 
228 212 
348 212 
232 208 
228 212 
240 208 
236 232 
352 216 
236 228 
236 216 
236 204 
624 204 
236 224 
236 236 
232 256 
232 236 
232 220 
236 236 
232 236 
292 228 
236 464 
236 212 
228 212 
240 220 
244 208 
232 212 
232 208 
236 212 
216 216 
236 696 
40 44 
232 216 
224 216 
232 268 
232 240 
240 236 
236 228 
212 212 
236 296 
240 204 
232 212 
232 212 
240 256 
236 220 
216 224 
236 240 
232 240 
236 212 
236 208 
236 212 
240 212 
236 212 
236 216 
240 236 
236 216 
232 248 
244 212 
228 212 
236 212 
232 208 
236 268 
232 92 
236 244 
232 232 
244 212 
236 212 
236 236 
296 220 
232 236 
236 248 
232 216 
240 212 
240 236 
236 268 
232 236 
236 208 
244 212 
236 236 
212 228 
244 224 
272 260 
232 212 
236 208 
236 216 
236 208 
236 264 
232 240 
236 264 
236 208 
236 224 
240 208 
236 216 
232 216 
236 236 
236 1348 
240 212 
236 232 
396 332 
240 212 
232 208 
236 244 
236 256 
256 212 
236 208 
228 232 
236 232 
604 208 
240 208 
236 208 
240 236 
240 216 
232 224 
232 260 
228 220 
216 216 
236 464 
236 260 
236 216 
232 204 
236 260 
228 216 
232 212 
236 208 
212 212 
232 724 
232 256 
236 232 
236 216 
236 1288 
240 220 
236 216 
236 236 
216 212 
236 212 
232 232 
240 208 
252 208 
236 216 
228 220 
236 236 
236 264 
232 212 
236 212 
232 208 
236 212 
232 228 
228 216 
232 212 
236 252 
228 212 
268 216 
228 216 
240 208 
236 208 
236 220 
240 216 
236 212 
236 220 
232 212 
232 224 
228 208 
1016 220 
232 216 
232 212 
236 220 
236 212 
236 208 
252 212 
232 212 
236 220 
240 224 
232 216 
236 208 
232 208 
232 208 
236 212 
240 216 
232 216 
236 236 
244 228 
228 224 
232 212 
240 220 
236 248 
228 212 
240 208 
232 216 
232 208 
236 220 
244 244 
232 212 
236 212 
416 216 
232 232 
236 252 
232 228 
236 216 
236 208 
252 216 
236 260 
276 228 
640 216 
280 240 
236 236 
236 232 
232 208 
236 208 
240 216 
232 228 
212 216 
232 504 
232 212 
240 984 
228 208 
236 208 
232 216 
232 208 
236 212 
212 236 
260 688 
240 216 
236 212 
236 212 
228 212 
232 212 
232 212 
228 216 
212 240 
232 212 
232 208 
228 212 
240 240 
232 220 
236 216 
232 208 
236 240 
232 212 
236 216 
240 216 
240 216 
228 208 
232 208 
236 252 
236 216 
236 240 
228 896 
236 208 
236 216 
232 212 
240 208 
336 212 
232 256 
232 212 
232 208 
236 212 
236 212 
236 220 
236 236 
240 212 
240 240 
224 216 
236 208 
232 208 
232 228 
232 220 
236 328 
236 236 
232 208 
232 216 
232 224 
228 212 
236 212 
228 216 
236 212 
232 212 
240 212 
224 228 
240 236 
236 212 
232 204 
236 224 
232 216 
236 220 
256 216 
236 212 
232 216 
228 224 
428 208 
232 208 
240 212 
236 252 
232 212 
232 212 
236 212 
232 236 
244 212 
656 228 
232 208 
240 236 
232 224 
236 212 
232 216 
232 212 
232 232 
208 216 
244 516 
252 212 
236 212 
232 232 
232 228 
236 228 
236 212 
232 204 
232 212 
236 204 
236 224 
232 236 
232 208 
232 212 
244 212 
240 212 
236 212 
212 236 
232 208 
232 216 
232 212 
236 236 
236 260 
232 264 
1032 208 
240 212 
236 244 
40 44 
236 212 
232 236 
232 208 
232 208 
236 208 
236 212 
236 216 
236 224 
236 208 
228 212 
236 212 
236 204 
232 216 
232 248 
248 212 
232 208 
228 232 
232 208 
236 216 
236 208 
236 216 
236 260 
240 220 
232 208 
240 216 
236 252 
228 216 
44 48 
228 212 
240 208 
740 208 
232 244 
252 224 
264 216 
236 208 
232 212 
236 212 
236 208 
236 216 
236 240 
216 240 
228 216 
228 208 
240 212 
236 240 
232 252 
240 212 
236 216 
256 216 
464 208 
236 204 
240 216 
240 240 
244 208 
232 248 
228 208 
232 212 
236 240 
684 44 
236 248 
236 264 
236 220 
236 252 
232 212 
232 220 
348 220 
220 208 
228 528 
232 208 
236 208 
232 204 
232 212 
232 208 
236 216 
240 240 
220 236 
236 656 
240 212 
240 236 
236 256 
968 204 
240 212 
236 224 
236 256 
236 212 
236 220 
236 244 
260 208 
300 212 
236 208 
236 236 
232 236 
228 220 
236 224 
260 212 
232 212 
240 212 
232 216 
240 212 
240 260 
236 264 
236 212 
232 208 
240 204 
232 208 
244 272 
232 244 
252 216 
236 260 
232 212 
236 212 
236 216 
232 216 
236 208 
360 220 
232 204 
236 212 
236 216 
232 212 
236 204 
232 212 
232 220 
232 216 
232 208 
236 236 
236 260 
240 220 
228 216 
232 212 
236 268 
236 216 
232 260 
292 216 
240 240 
232 240 
224 216 
236 224 
236 212 
236 216 
236 212 
232 212 
232 232 
228 216 
236 216 
440 212 
236 244 
240 212 
388 220 
240 208 
236 208 
236 268 
232 208 
236 208 
712 208 
236 212 
236 212 
236 264 
300 208 
240 212 
240 244 
232 212 
212 220 
236 532 
232 260 
232 220 
240 212 
240 216 
232 212 
236 220 
232 212 
208 228 
236 216 
240 224 
240 264 
236 212 
232 208 
232 208 
236 240 
236 212 
240 232 
248 212 
236 212 
236 220 
232 216 
240 220 
236 212 
236 216 
240 216 
232 212 
236 236 
228 212 
228 212 
232 216 
336 240 
232 212 
236 232 
236 232 
228 212 
240 208 
232 244 
240 216 
232 216 
232 208 
240 220 
240 204 
232 232 
236 204 
228 228 
236 264 
232 224 
236 208 
232 204 
236 212 
240 248 
236 224 
236 204 
236 216 
240 216 
236 220 
232 236 
228 212 
240 236 
240 252 
236 212 
236 208 
232 224 
232 216 
228 212 
236 216 
236 208 
244 204 
468 240 
232 220 
232 236 
232 208 
236 212 
228 236 
228 212 
232 204 
480 216 
236 212 
240 220 
236 232 
236 212 
232 212 
232 208 
236 208 
240 212 
744 208 
236 236 
240 256 
236 252 
240 208 
236 216 
236 220 
236 212 
208 212 
232 572 
236 224 
244 220 
236 264 
236 204 
236 204 
232 212 
236 232 
208 212 
236 236 
232 212 
232 212 
236 220 
236 248 
232 212 
232 216 
236 208 
216 220 
236 236 
244 220 
236 240 
236 212 
236 232 
236 216 
236 228 
232 212 
236 216 
236 212 
232 212 
236 216 
232 260 
232 212 
232 212 
232 216 
236 212 
232 240 
236 212 
308 212 
236 204 
40 48 
240 212 
240 208 
240 216 
276 228 
232 208 
236 208 
236 212 
236 240 
236 248 
236 212 
236 208 
228 212 
236 220 
236 260 
276 216 
240 212 
268 236 
236 216 
900 220 
228 208 
240 208 
228 216 
236 212 
232 224 
240 236 
236 248 
232 212 
236 208 
264 216 
232 240 
40 48 
236 208 
236 220 
236 224 
236 260 
236 240 
236 216 
500 216 
236 236 
236 256 
228 212 
232 208 
236 212 
236 212 
236 236 
228 212 
744 204 
232 224 
236 232 
236 216 
232 212 
236 208 
632 208 
236 212 
212 212 
240 592 
244 216 
232 212 
232 216 
232 208 
236 216 
232 212 
236 212 
220 212 
232 268 
232 212 
232 216 
236 220 
236 240 
236 216 
336 212 
236 216 
232 212 
236 208 
236 216 
240 216 
236 240 
232 212 
228 208 
228 216 
236 212 
236 240 
240 212 
232 208 
236 208 
232 212 
232 216 
236 212 
240 220 
232 204 
228 212 
240 272 
232 212 
236 208 
236 224 
244 216 
304 212 
240 212 
240 236 
228 228 
228 208 
232 212 
240 220 
236 212 
236 216 
232 216 
232 220 
236 212 
236 208 
236 212 
240 232 
244 220 
228 208 
232 212 
236 248 
232 212 
236 212 
236 232 
232 236 
236 212 
228 212 
240 212 
232 216 
280 212 
236 212 
240 236 
240 212 
232 208 
232 216 
236 216 
232 232 
228 212 
480 236 
236 212 
228 212 
232 212 
488 212 
236 216 
236 248 
260 208 
236 216 
236 368 
240 212 
232 240 
232 224 
236 236 
228 212 
240 212 
232 236 
208 220 
236 632 
228 212 
232 212 
232 248 
240 260 
236 208 
232 220 
260 220 
208 208 
244 236 
240 272 
236 204 
236 204 
240 228 
228 232 
260 220 
232 276 
236 216 
236 216 
312 212 
236 244 
260 232 
232 204 
232 252 
228 208 
232 204 
228 212 
232 212 
224 248 
232 232 
236 232 
236 240 
232 212 
232 212 
232 212 
240 208 
236 220 
232 208 
232 216 
236 212 
236 212 
232 208 
232 208 
236 212 
236 220 
236 236 
232 212 
236 212 
236 224 
232 232 
240 212 
236 236 
228 216 
228 216 
240 228 
236 216 
232 212 
236 232 
236 216 
232 204 
236 212 
228 212 
236 208 
236 264 
240 240 
232 216 
228 212 
244 216 
284 228 
236 972 
236 204 
232 212 
232 208 
240 236 
228 212 
236 212 
236 208 
532 216 
236 220 
240 240 
228 216 
232 208 
240 220 
228 208 
240 236 
232 208 
236 372 
232 212 
236 244 
236 212 
240 212 
236 236 
232 212 
236 212 
212 220 
236 236 
0 0 
0 0 
208 232 
196 216 
240 220 
236 216 
240 216 
232 208 
244 220 
48 44 
232 212 
236 212 
236 236 
228 252 
276 232 
232 208 
236 216 
232 208 
228 220 
236 212 
236 204 
240 236 
240 264 
236 212 
240 236 
292 224 
236 216 
40 44 
232 236 
236 220 
232 204 
236 268 
236 264 
236 256 
232 220 
232 248 
228 212 
232 212 
232 212 
228 216 
232 212 
312 208 
344 216 
232 204 
232 212 
236 236 
236 308 
232 216 
232 212 
228 220 
232 212 
232 216 
236 236 
228 216 
240 212 
232 228 
236 212 
232 308 
236 212 
236 212 
236 44 
228 212 
252 208 
232 204 
240 212 
236 208 
236 232 
300 224 
328 220 
236 216 
260 212 
236 212 
232 216 
236 212 
240 216 
232 220 
564 224 
232 208 
244 208 
248 216 
244 212 
236 212 
232 208 
236 208 
216 212 
232 432 
236 208 
236 244 
228 208 
236 248 
232 208 
220 212 
236 216 
216 212 
236 632 
232 208 
228 256 
248 212 
236 212 
240 212 
232 216 
236 212 
208 220 
232 208 
236 224 
236 228 
240 212 
236 208 
228 216 
240 212 
236 212 
236 236 
236 228 
232 212 
232 212 
236 216 
232 272 
324 220 
240 208 
232 208 
240 216 
228 212 
232 212 
228 208 
236 208 
216 212 
232 228 
232 224 
236 248 
292 208 
224 216 
236 208 
232 216 
232 208 
232 216 
232 236 
232 236 
312 212 
232 208 
232 212 
236 220 
232 200 
232 224 
228 216 
240 212 
236 216 
232 208 
236 212 
240 212 
232 224 
236 212 
240 208 
232 216 
236 252 
228 208 
236 216 
232 208 
236 216 
244 248 
232 248 
236 272 
252 212 
348 212 
232 220 
232 208 
232 220 
236 216 
236 212 
236 212 
236 232 
236 236 
600 212 
312 228 
228 216 
236 212 
232 1052 
236 216 
232 208 
228 212 
212 208 
236 416 
236 220 
228 236 
228 212 
232 212 
236 208 
236 212 
232 236 
216 236 
236 692 
228 212 
232 220 
232 208 
232 220 
240 236 
232 236 
232 256 
212 208 
236 212 
236 216 
232 212 
232 212 
240 220 
236 204 
232 212 
232 212 
244 228 
236 212 
824 216 
240 220 
232 252 
256 208 
232 216 
232 208 
240 240 
236 204 
236 208 
232 236 
236 204 
236 212 
236 232 
236 208 
232 224 
232 212 
260 208 
236 224 
232 212 
236 216 
232 220 
232 212 
232 216 
236 208 
240 232 
236 216 
236 260 
232 216 
316 212 
232 212 
240 216 
232 212 
232 208 
236 232 
232 204 
236 216 
232 212 
236 208 
244 208 
232 208 
228 216 
228 208 
232 212 
256 208 
236 208 
248 212 
236 212 
236 236 
240 240 
0 0 
0 0 
228 940 
236 224 
272 236 
232 212 
236 240 
240 224 
236 212 
604 216 
228 212 
236 216 
240 212 
236 208 
272 212 
228 208 
228 212 
208 212 
236 484 
236 240 
236 208 
232 212 
236 216 
236 232 
228 212 
232 212 
216 208 
236 680 
232 220 
240 208 
236 212 
240 232 
240 256 
232 220 
236 212 
892 344 
232 216 
232 208 
236 220 
236 220 
236 208 
232 248 
232 212 
236 212 
236 220 
240 236 
228 212 
236 212 
240 208 
240 236 
236 212 
236 216 
236 216 
232 224 
228 212 
236 220 
236 216 
232 216 
48 184 
236 232 
248 212 
232 216 
236 236 
232 244 
236 220 
232 212 
232 212 
232 212 
236 240 
228 260 
236 252 
236 244 
276 212 
236 216 
232 216 
232 212 
240 256 
236 212 
236 232 
236 248 
232 236 
232 216 
236 208 
240 212 
236 208 
228 212 
232 212 
44 52 
236 216 
232 212 
236 216 
236 248 
236 208 
232 212 
228 208 
376 216 
236 216 
228 212 
244 208 
236 252 
264 212 
236 208 
232 212 
232 220 
624 216 
236 208 
236 220 
236 208 
236 252 
240 220 
232 252 
232 212 
412 212 
232 472 
236 220 
232 228 
240 236 
232 256 
240 212 
924 216 
240 204 
208 208 
236 700 
240 212 
232 216 
244 236 
236 236 
236 256 
236 240 
256 208 
216 212 
236 212 
232 228 
244 216 
240 216 
236 256 
232 208 
236 212 
232 248 
240 208 
232 212 
236 304 
236 220 
232 212 
236 216 
232 216 
236 216 
236 236 
236 212 
228 216 
236 220 
236 236 
236 236 
264 528 
232 208 
236 248 
236 212 
228 216 
236 240 
236 208 
236 208 
236 204 
232 212 
236 208 
232 216 
236 212 
228 208 
232 216 
228 228 
236 264 
236 212 
252 212 
232 212 
236 208 
232 232 
236 212 
236 208 
240 220 
236 232 
232 244 
232 224 
236 212 
232 212 
236 204 
232 204 
236 216 
232 208 
228 220 
236 212 
244 212 
392 232 
240 216 
228 208 
236 208 
236 228 
292 216 
240 212 
228 212 
228 208 
624 216 
236 208 
236 204 
240 212 
872 236 
236 208 
236 232 
232 212 
212 216 
236 432 
232 248 
232 204 
232 208 
232 208 
236 248 
228 212 
232 212 
212 216 
240 700 
236 208 
232 236 
320 224 
236 236 
232 212 
236 216 
236 216 
260 212 
240 212 
236 212 
236 216 
232 244 
232 212 
236 212 
232 216 
236 232 
232 228 
228 216 
236 212 
896 240 
232 208 
240 212 
232 224 
236 260 
228 216 
352 220 
236 236 
232 212 
236 212 
268 212 
232 216 
232 212 
228 212 
236 216 
236 216 
240 216 
244 216 
232 236 
228 208 
236 228 
236 260 
236 256 
232 212 
276 212 
228 212 
232 236 
232 216 
228 212 
236 204 
236 212 
232 220 
236 240 
396 236 
236 204 
228 216 
244 216 
228 212 
240 208 
204 220 
236 252 
236 236 
232 216 
236 212 
228 216 
240 208 
236 216 
232 220 
416 232 
236 232 
232 216 
240 216 
228 212 
236 252 
240 216 
232 208 
228 216 
664 216 
264 212 
236 228 
232 216 
236 236 
232 216 
232 212 
236 216 
212 216 
236 484 
232 252 
236 232 
236 216 
232 212 
244 212 
236 228 
232 244 
212 216 
240 208 
240 208 
228 224 
244 256 
228 220 
236 212 
232 212 
232 216 
224 236 
232 212 
240 208 
236 260 
232 240 
232 216 
232 220 
232 216 
232 260 
232 220 
228 220 
232 212 
232 212 
236 212 
240 212 
236 216 
236 236 
232 220 
240 212 
232 212 
236 208 
236 208 
236 208 
236 228 
228 216 
236 212 
232 208 
236 236 
236 220 
232 236 
232 212 
228 208 
240 236 
264 212 
696 212 
228 212 
232 212 
272 216 
236 268 
240 220 
228 208 
236 232 
236 212 
272 212 
228 208 
232 212 
236 212 
236 236 
236 240 
232 240 
228 212 
52 48 
236 212 
232 228 
232 208 
236 212 
240 236 
236 264 
236 264 
236 212 
428 224 
228 240 
240 212 
232 208 
256 208 
236 228 
232 208 
232 216 
212 228 
700 212 
232 212 
236 212 
240 216 
236 208 
236 212 
228 212 
232 236 
212 212 
232 516 
228 208 
232 212 
240 216 
236 224 
40 48 
240 216 
256 212 
212 232 
232 216 
236 204 
232 208 
232 216 
232 216 
240 216 
236 216 
232 212 
240 236 
236 244 
236 220 
232 220 
236 212 
240 224 
236 208 
232 212 
236 248 
232 216 
232 212 
228 212 
232 216 
232 208 
240 212 
236 216 
240 220 
224 212 
228 212 
236 212 
240 48 
236 212 
236 216 
984 216 
232 232 
260 212 
232 208 
236 208 
232 220 
236 212 
236 204 
232 236 
232 204 
240 252 
232 216 
240 208 
236 208 
232 208 
240 212 
232 240 
240 212 
236 208 
232 264 
236 208 
232 212 
236 204 
264 204 
232 208 
232 212 
236 216 
232 212 
240 216 
232 212 
232 220 
236 208 
240 216 
236 216 
416 216 
232 232 
236 236 
476 212 
236 216 
240 236 
228 208 
236 212 
232 220 
280 232 
236 208 
376 208 
712 212 
232 228 
232 212 
236 208 
276 212 
236 236 
236 208 
236 236 
292 220 
232 556 
232 236 
236 228 
240 212 
236 216 
232 236 
232 224 
232 220 
208 208 
236 208 
240 232 
236 216 
232 208 
232 212 
244 212 
236 212 
240 224 
232 208 
232 212 
236 240 
240 236 
288 212 
236 224 
228 216 
232 208 
232 212 
232 220 
240 212 
236 236 
236 268 
232 224 
232 208 
264 220 
236 240 
232 264 
236 252 
232 220 
232 208 
236 216 
236 216 
236 208 
232 236 
240 212 
232 212 
232 212 
236 216 
232 208 
236 208 
232 208 
236 212 
236 224 
232 232 
228 216 
232 248 
232 212 
236 212 
240 236 
292 220 
232 208 
236 216 
236 212 
232 260 
228 212 
356 216 
228 208 
236 220 
232 216 
236 212 
260 232 
256 212 
236 216 
236 204 
232 280 
232 208 
236 236 
228 216 
272 208 
496 236 
228 208 
236 216 
236 212 
228 212 
236 208 
232 208 
232 208 
232 216 
708 208 
236 240 
236 216 
232 208 
236 208 
236 212 
232 208 
232 208 
212 212 
240 560 
256 208 
244 216 
240 236 
232 256 
240 204 
232 212 
260 212 
220 216 
240 264 
236 220 
228 212 
232 224 
236 220 
228 272 
236 216 
232 236 
240 236 
240 268 
232 212 
228 216 
244 216 
344 240 
232 228 
232 212 
232 212 
232 216 
236 212 
236 216 
236 216 
232 236 
252 212 
232 240 
228 208 
240 208 
236 224 
228 212 
232 212 
232 212 
240 212 
228 216 
236 208 
228 216 
240 240 
244 248 
228 220 
236 212 
236 208 
236 212 
236 212 
232 236 
232 980 
236 212 
240 252 
232 216 
232 220 
232 248 
232 224 
236 212 
232 212 
228 216 
272 224 
236 212 
236 212 
236 212 
240 236 
236 268 
228 232 
280 212 
232 208 
236 216 
240 212 
228 212 
232 212 
232 208 
236 236 
224 216 
492 240 
244 248 
232 216 
228 240 
232 224 
232 208 
232 224 
244 236 
200 212 
708 212 
236 216 
236 212 
236 216 
228 220 
236 212 
232 216 
232 208 
216 212 
252 580 
268 216 
232 228 
232 212 
236 212 
228 212 
236 208 
236 224 
216 236 
240 212 
232 212 
232 212 
232 212 
252 216 
44 48 
232 212 
232 208 
236 212 
236 236 
244 212 
240 216 
236 236 
236 212 
236 216 
232 216 
236 212 
232 212 
236 216 
236 212 
232 240 
232 212 
232 208 
232 208 
236 208 
240 204 
232 204 
236 220 
232 212 
256 212 
320 208 
232 1096 
232 248 
236 244 
228 220 
340 212 
232 212 
44 44 
232 232 
228 216 
240 240 
248 236 
232 212 
232 212 
236 212 
236 212 
240 208 
228 216 
232 208 
236 212 
232 212 
232 212 
236 212 
236 212 
352 224 
236 216 
240 240 
232 260 
236 240 
288 212 
232 264 
228 212 
236 220 
224 212 
236 44 
232 240 
232 212 
236 216 
520 212 
240 216 
236 212 
236 236 
232 220 
236 216 
236 216 
240 212 
236 264 
228 376 
240 236 
236 224 
232 220 
236 208 
232 208 
232 212 
232 268 
212 216 
228 688 
232 208 
236 212 
228 212 
244 216 
228 212 
244 212 
232 220 
208 208 
236 216 
240 212 
240 208 
248 216 
240 240 
240 208 
240 264 
228 212 
236 208 
228 292 
236 236 
232 212 
236 208 
236 208 
236 208 
232 232 
236 232 
236 236 
236 212 
232 216 
232 1044 
228 212 
292 212 
228 212 
236 220 
236 212 
236 216 
228 216 
236 216 
228 208 
232 208 
264 220 
236 212 
236 208 
240 216 
228 208 
236 212 
236 212 
232 216 
232 212 
236 428 
236 240 
228 216 
236 216 
232 212 
232 216 
232 212 
236 264 
236 220 
236 264 
232 252 
232 212 
236 232 
236 216 
236 972 
232 204 
236 240 
236 220 
232 212 
316 220 
236 220 
232 212 
236 212 
232 216 
232 220 
232 216 
232 220 
236 240 
532 220 
232 216 
232 212 
240 208 
240 216 
232 268 
236 212 
236 256 
232 212 
228 396 
228 208 
232 208 
236 208 
292 216 
236 240 
236 208 
232 216 
208 216 
232 640 
492 236 
224 216 
232 212 
236 212 
232 216 
236 212 
232 236 
216 236 
240 236 
236 212 
236 208 
236 216 
228 212 
232 236 
236 220 
240 204 
232 208 
236 208 
232 240 
236 216 
232 216 
236 260 
232 216 
236 220 
232 228 
228 212 
232 208 
232 212 
236 236 
236 216 
236 212 
228 212 
232 212 
232 212 
232 232 
240 232 
240 240 
236 268 
232 244 
228 216 
228 212 
232 220 
232 236 
236 212 
236 264 
232 236 
228 212 
228 212 
232 208 
236 216 
236 216 
440 212 
232 208 
236 236 
248 212 
240 220 
332 224 
232 216 
232 204 
232 208 
232 212 
236 220 
232 208 
232 208 
236 212 
236 240 
232 248 
308 208 
236 220 
232 236 
240 216 
236 208 
236 256 
228 216 
232 212 
236 204 
572 212 
236 216 
236 220 
236 208 
240 216 
228 224 
232 208 
232 208 
1008 216 
228 428 
232 208 
232 216 
236 212 
240 236 
232 212 
232 204 
232 212 
212 212 
228 664 
232 212 
240 208 
240 328 
228 216 
236 208 
292 208 
240 240 
212 208 
236 236 
232 212 
236 208 
236 228 
236 212 
240 252 
228 216 
236 208 
232 220 
228 224 
236 212 
232 212 
232 220 
236 220 
232 216 
236 216 
232 208 
228 204 
232 248 
232 252 
232 216 
240 268 
236 232 
236 216 
236 248 
228 260 
228 212 
232 204 
344 212 
232 216 
236 208 
228 216 
240 220 
240 208 
236 208 
232 212 
236 236 
240 216 
240 236 
232 208 
224 208 
236 212 
240 208 
232 232 
232 260 
236 224 
236 236 
236 212 
44 44 
208 220 
236 208 
236 220 
232 212 
228 208 
236 232 
236 224 
236 236 
232 216 
228 212 
336 216 
232 208 
232 204 
240 236 
240 216 
232 212 
892 216 
228 244 
236 268 
580 244 
232 208 
228 216 
236 208 
236 216 
232 208 
236 216 
236 248 
216 236 
240 404 
236 216 
40 60 
236 264 
232 244 
240 232 
232 248 
232 216 
220 212 
232 684 
264 268 
236 224 
232 208 
240 212 
232 256 
260 208 
232 212 
208 212 
292 208 
232 216 
228 212 
232 208 
824 240 
228 208 
228 212 
232 208 
236 236 
236 212 
232 220 
236 212 
232 224 
232 220 
236 212 
236 216 
228 40 
232 204 
264 212 
304 212 
232 212 
236 212 
240 220 
236 232 
232 212 
232 212 
236 216 
236 240 
232 260 
232 216 
236 208 
232 208 
236 208 
232 212 
236 212 
228 220 
236 220 
236 212 
236 216 
232 216 
232 216 
232 204 
236 216 
236 248 
236 216 
276 256 
240 220 
236 216 
228 212 
232 220 
232 208 
240 208 
232 220 
256 212 
760 220 
236 212 
232 208 
232 216 
252 208 
348 212 
232 208 
232 212 
236 224 
224 208 
240 216 
228 208 
236 236 
236 208 
608 208 
240 268 
236 208 
236 236 
240 236 
236 260 
236 212 
232 212 
220 208 
232 480 
232 220 
236 236 
240 216 
232 208 
236 220 
272 212 
236 212 
216 216 
236 700 
244 208 
796 228 
236 240 
236 248 
244 220 
248 212 
228 212 
216 216 
236 256 
232 208 
228 212 
236 212 
232 220 
232 208 
236 212 
236 212 
240 232 
228 220 
236 220 
232 208 
236 216 
232 212 
236 212 
224 208 
268 212 
236 212 
232 228 
236 248 
232 212 
236 212 
232 208 
236 212 
232 268 
236 208 
448 208 
236 252 
236 232 
268 212 
236 244 
248 216 
236 208 
272 220 
236 236 
236 216 
240 220 
232 216 
236 236 
232 208 
236 220 
236 216 
232 224 
232 208 
240 216 
232 256 
236 212 
232 212 
236 216 
232 212 
232 236 
240 208 
232 212 
236 224 
236 216 
244 224 
228 228 
232 236 
236 220 
400 216 
236 256 
236 240 
240 208 
232 236 
236 208 
232 212 
232 216 
240 232 
632 208 
240 212 
236 240 
236 224 
232 212 
228 216 
240 216 
232 220 
208 208 
236 456 
232 204 
232 208 
236 236 
236 260 
232 220 
228 212 
232 212 
212 208 
236 732 
236 212 
232 240 
232 216 
228 216 
228 212 
232 208 
232 212 
216 208 
232 212 
228 212 
268 220 
248 212 
248 212 
236 220 
236 216 
232 208 
236 212 
236 216 
232 216 
240 212 
224 216 
236 216 
244 232 
456 212 
232 208 
240 212 
236 212 
236 260 
244 208 
232 212 
236 212 
236 232 
320 212 
232 220 
240 240 
352 208 
228 216 
228 212 
236 204 
236 212 
236 252 
228 212 
232 212 
232 212 
232 216 
232 212 
236 236 
268 212 
236 216 
232 216 
236 220 
240 220 
236 212 
236 220 
236 216 
236 212 
228 212 
236 236 
236 236 
236 212 
276 212 
232 216 
236 208 
232 216 
236 208 
236 224 
232 204 
432 236 
232 256 
232 212 
232 236 
248 232 
232 216 
232 208 
232 264 
232 248 
636 216 
224 228 
276 204 
232 268 
236 232 
232 208 
232 212 
240 220 
216 232 
236 484 
316 212 
236 212 
236 212 
240 292 
228 212 
236 216 
232 212 
216 212 
232 720 
232 212 
232 216 
232 216 
232 208 
240 236 
232 208 
244 220 
212 236 
248 208 
236 212 
240 248 
44 48 
428 212 
236 208 
236 212 
260 216 
256 208 
240 212 
228 208 
236 208 
236 224 
236 212 
236 216 
232 212 
232 236 
240 220 
232 240 
228 216 
236 248 
236 216 
232 236 
236 212 
236 212 
244 220 
232 240 
236 208 
228 212 
236 212 
236 236 
236 224 
44 48 
228 212 
228 244 
236 220 
232 212 
232 208 
444 220 
236 224 
236 260 
232 212 
236 204 
232 236 
236 212 
236 212 
240 232 
236 208 
232 212 
236 208 
432 208 
236 236 
236 208 
240 212 
236 232 
232 212 
228 220 
236 236 
228 212 
420 212 
228 208 
232 48 
232 212 
232 208 
232 212 
236 208 
240 220 
236 224 
660 224 
232 248 
236 236 
236 208 
236 212 
232 240 
232 212 
240 212 
212 208 
240 508 
236 208 
236 236 
236 248 
228 212 
228 208 
232 212 
228 212 
220 212 
232 216 
236 220 
240 220 
228 216 
228 204 
232 212 
232 212 
236 228 
212 216 
236 212 
228 212 
236 212 
364 220 
228 212 
232 208 
232 216 
236 212 
232 216 
236 232 
232 216 
232 208 
236 212 
240 212 
232 220 
236 208 
240 240 
240 232 
228 212 
236 212 
236 212 
236 204 
232 216 
240 212 
232 216 
236 224 
236 224 
208 244 
232 216 
240 208 
232 260 
236 224 
232 220 
232 220 
236 240 
240 236 
240 208 
232 212 
240 216 
240 212 
228 208 
236 212 
232 216 
232 208 
232 228 
240 232 
236 208 
232 212 
232 216 
244 220 
240 232 
232 228 
228 208 
236 216 
236 240 
236 212 
244 236 
228 212 
232 216 
448 208 
220 208 
236 232 
232 240 
232 232 
236 208 
232 216 
256 212 
232 232 
676 216 
228 212 
224 216 
236 212 
232 208 
232 216 
232 216 
232 208 
208 208 
1152 224 
236 224 
236 204 
232 216 
236 216 
232 208 
232 208 
240 220 
208 208 
228 212 
236 240 
224 212 
228 236 
232 208 
232 212 
236 208 
240 228 
236 216 
232 208 
232 212 
244 212 
236 216 
236 208 
232 248 
232 216 
228 208 
228 212 
240 208 
236 228 
232 220 
232 208 
236 216 
236 252 
1176 212 
228 212 
228 204 
232 208 
240 216 
232 204 
228 212 
236 216 
232 236 
232 236 
232 216 
228 216 
240 216 
236 212 
236 216 
236 216 
236 220 
240 236 
236 236 
236 232 
232 232 
232 232 
244 212 
240 212 
236 212 
232 208 
236 212 
236 240 
240 216 
260 216 
232 208 
232 212 
236 212 
236 212 
240 232 
240 232 
240 216 
240 232 
236 208 
232 208 
236 208 
232 212 
236 216 
232 220 
476 216 
236 212 
240 240 
236 264 
224 212 
232 212 
232 228 
236 224 
240 212 
724 236 
232 228 
228 212 
232 208 
240 244 
232 208 
236 236 
236 232 
212 208 
236 536 
236 212 
236 224 
236 212 
232 240 
240 228 
240 216 
240 236 
212 216 
232 208 
236 224 
232 216 
236 216 
236 264 
232 220 
244 212 
236 208 
236 208 
236 236 
240 212 
280 212 
232 216 
228 1024 
236 212 
232 212 
252 212 
232 244 
232 212 
232 248 
236 268 
236 216 
232 212 
236 216 
236 236 
232 216 
232 212 
232 212 
236 260 
252 240 
232 240 
236 236 
232 248 
232 212 
232 208 
240 216 
236 224 
236 252 
52 52 
0 0 
0 0 
0 0 
0 0 
0 0 
0 0 
0 0 
0 0 
0 0 
0 0 
0 0 
0 0 
0 0 
0 0 
0 0 
0 0 
0 0 
0 0 
0 0 
0 0 
0 0 
0 0 
0 0 
0 0 
0 0 
0 0 
0 0 
0 0 
0 0 
0 0 
0 0 
0 0 
0 0 
0 0 
0 0 
0 0 
0 0 
0 0 
0 0 
0 0 
0 0 
0 0 
0 0 
0 0 
0 0 
0 0 
0 0 
0 0 
0 0 
228 216 
240 204 
228 216 
236 216 
232 268 
244 212 
216 208 
232 212 
240 220 
360 832 
248 216 
236 216 
240 232 
236 212 
236 208 
236 212 
240 216 
240 208 
232 216 
232 216 
236 212 
252 216 
284 236 
236 228 
240 208 
236 224 
232 208 
232 208 
240 208 
232 212 
236 236 
236 220 
232 212 
232 208 
232 424 
228 216 
232 240 
228 216 
280 208 
232 208 
236 208 
272 216 
240 236 
228 840 
244 208 
236 236 
236 236 
232 220 
240 232 
236 216 
236 268 
232 208 
240 212 
228 216 
236 212 
236 212 
236 252 
228 216 
232 208 
236 216 
232 240 
232 212 
232 220 
240 236 
232 208 
240 208 
260 208 
232 208 
232 212 
232 208 
232 212 
232 208 
240 236 
232 204 
236 212 
512 212 
456 228 
232 252 
240 208 
232 348 
236 216 
232 208 
232 204 
236 212 
752 208 
228 228 
232 212 
232 236 
240 216 
236 216 
236 216 
228 212 
212 216 
236 580 
228 212 
236 220 
228 212 
232 204 
232 212 
236 216 
232 208 
212 212 
232 204 
240 216 
236 224 
236 236 
236 264 
240 256 
232 212 
232 220 
236 212 
232 208 
236 216 
232 208 
236 224 
232 232 
228 204 
236 212 
236 216 
236 224 
232 236 
236 208 
236 236 
240 232 
236 208 
236 212 
240 208 
1132 228 
240 236 
236 216 
232 212 
236 236 
244 236 
232 268 
240 216 
232 208 
232 216 
236 216 
232 208 
236 240 
228 208 
236 224 
232 208 
232 208 
284 216 
236 204 
232 208 
232 212 
240 220 
236 212 
236 236 
236 212 
236 236 
292 204 
236 208 
228 212 
232 204 
232 220 
236 208 
236 236 
944 236 
260 212 
236 216 
236 232 
232 208 
232 212 
236 220 
236 216 
240 220 
232 204 
536 208 
236 212 
248 208 
236 208 
232 212 
236 232 
228 212 
228 216 
232 212 
232 392 
236 232 
236 236 
236 208 
296 212 
232 220 
240 216 
232 216 
208 208 
232 620 
236 216 
488 204 
236 208 
236 212 
232 212 
252 212 
228 212 
208 224 
236 208 
228 208 
236 208 
236 208 
236 236 
232 220 
228 208 
228 240 
256 220 
228 208 
236 212 
232 216 
236 232 
232 212 
236 240 
232 240 
236 220 
240 236 
232 236 
236 224 
232 212 
236 212 
508 212 
44 48 
232 208 
232 212 
232 216 
236 220 
236 216 
236 220 
244 232 
236 224 
232 212 
240 236 
236 212 
232 212 
236 208 
236 212 
232 216 
236 216 
232 212 
228 224 
236 208 
232 212 
44 48 
228 208 
232 208 
752 204 
232 220 
244 212 
240 216 
236 220 
232 216 
236 224 
236 212 
236 224 
228 212 
236 212 
232 216 
280 212 
228 208 
232 248 
236 220 
232 224 
232 216 
248 216 
232 212 
232 332 
556 208 
232 216 
236 212 
228 204 
232 220 
356 212 
236 208 
232 44 
232 240 
240 384 
232 208 
232 212 
236 212 
792 216 
228 216 
232 244 
236 208 
216 280 
228 644 
232 232 
232 256 
236 224 
240 212 
232 208 
236 224 
240 224 
208 220 
228 220 
232 216 
240 232 
228 220 
240 312 
236 220 
228 232 
240 216 
236 208 
228 264 
232 228 
224 248 
228 212 
232 212 
232 212 
236 212 
236 216 
240 232 
236 240 
236 244 
240 216 
236 212 
236 216 
240 212 
240 212 
236 208 
236 212 
236 216 
236 232 
236 216 
236 236 
264 212 
232 212 
236 212 
236 212 
236 212 
676 216 
232 212 
236 212 
232 212 
232 212 
228 208 
236 212 
236 208 
236 212 
240 236 
232 216 
236 208 
232 212 
232 212 
236 208 
236 208 
232 208 
236 216 
236 216 
228 208 
236 272 
240 240 
232 208 
312 216 
228 212 
236 208 
232 220 
240 220 
244 212 
236 216 
232 220 
240 212 
576 208 
236 240 
636 232 
236 232 
232 204 
236 208 
240 208 
232 216 
232 256 
232 428 
228 212 
240 216 
240 252 
228 216 
236 236 
236 216 
236 208 
216 216 
236 692 
228 208 
236 248 
232 260 
232 240 
252 212 
232 212 
236 212 
216 212 
248 204 
312 220 
228 212 
232 224 
236 260 
232 212 
232 208 
232 216 
312 216 
236 212 
232 212 
236 212 
236 212 
236 236 
232 216 
228 212 
236 216 
232 212 
236 216 
236 212 
240 216 
228 212 
228 212 
240 208 
260 232 
236 224 
228 212 
232 220 
236 220 
224 212 
236 212 
228 208 
232 224 
236 212 
236 216 
240 232 
236 208 
312 296 
236 204 
232 280 
232 208 
236 232 
236 212 
240 216 
232 236 
248 216 
232 212 
236 212 
236 216 
300 264 
232 212 
236 232 
240 212 
236 212 
240 236 
224 208 
240 216 
228 204 
236 420 
348 216 
232 212 
236 216 
236 212 
232 212 
248 208 
236 236 
232 220 
228 216 
576 272 
236 208 
232 220 
240 216 
228 216 
236 224 
236 236 
240 252 
232 212 
236 396 
236 236 
232 208 
232 212 
236 208 
236 208 
236 208 
236 216 
216 236 
236 680 
248 212 
236 212 
240 216 
240 216 
240 212 
452 232 
232 208 
208 208 
236 236 
232 264 
240 208 
236 208 
232 240 
232 272 
232 208 
236 436 
236 260 
276 212 
240 212 
240 216 
236 212 
236 212 
240 240 
240 240 
232 252 
240 212 
236 216 
232 208 
236 232 
240 208 
240 216 
244 212 
428 216 
236 212 
232 252 
240 216 
228 212 
232 204 
232 216 
236 212 
240 212 
228 212 
240 212 
236 216 
240 212 
236 220 
240 240 
236 220 
240 236 
236 236 
236 208 
236 208 
44 48 
228 208 
236 292 
228 216 
240 248 
244 216 
236 212 
236 212 
240 216 
236 212 
236 216 
236 216 
240 216 
236 212 
240 208 
372 216 
232 236 
240 244 
236 208 
312 216 
232 208 
236 220 
236 236 
232 208 
596 212 
240 236 
232 208 
232 208 
236 216 
232 216 
48 52 
236 268 
248 216 
228 468 
240 236 
240 240 
224 212 
276 216 
232 216 
232 212 
236 208 
216 216 
232 684 
236 248 
228 208 
236 208 
404 208 
240 212 
240 212 
240 216 
208 236 
236 208 
240 216 
232 224 
240 236 
232 208 
228 208 
232 44 
232 232 
232 212 
232 236 
232 236 
232 216 
228 216 
232 212 
236 204 
232 212 
236 204 
232 208 
236 216 
592 212 
424 220 
236 252 
236 208 
236 208 
236 224 
236 216 
240 208 
236 252 
236 212 
236 232 
232 236 
232 212 
240 216 
236 220 
232 212 
232 212 
228 208 
232 216 
236 208 
232 208 
232 212 
232 232 
256 216 
240 208 
236 224 
236 220 
232 216 
232 252 
228 212 
232 212 
232 208 
232 208 
236 208 
236 236 
232 244 
240 212 
232 212 
240 236 
232 216 
400 212 
240 216 
232 220 
232 212 
240 236 
228 216 
236 212 
236 208 
236 224 
604 208 
228 216 
236 216 
236 216 
232 240 
240 236 
232 208 
232 216 
328 216 
236 452 
232 220 
232 216 
236 240 
236 212 
228 232 
252 216 
236 244 
212 208 
244 696 
236 212 
236 216 
236 212 
236 208 
232 208 
232 212 
236 216 
208 252 
240 212 
232 212 
236 208 
236 212 
236 216 
232 216 
232 220 
236 212 
240 240 
192 204 
236 212 
236 244 
236 260 
232 252 
232 208 
224 212 
236 208 
232 212 
240 236 
236 232 
232 212 
228 224 
260 212 
232 212 
244 212 
240 216 
236 220 
236 224 
236 244 
232 224 
232 232 
352 216 
236 240 
240 204 
236 220 
236 204 
240 208 
228 208 
236 224 
232 216 
228 212 
236 208 
232 208 
236 212 
236 216 
232 220 
232 212 
228 216 
228 212 
240 212 
232 208 
236 208 
236 212 
240 220 
228 216 
228 236 
232 212 
232 208 
228 212 
408 1108 
236 216 
240 216 
232 216 
236 208 
232 216 
236 212 
232 256 
244 216 
724 256 
232 212 
236 208 
236 236 
228 224 
240 216 
232 216 
236 212 
216 240 
228 508 
232 216 
232 212 
236 208 
236 208 
232 228 
232 216 
236 208 
212 216 
240 724 
232 212 
240 220 
236 236 
232 228 
228 216 
1100 216 
236 232 
220 212 
232 224 
236 208 
232 260 
232 212 
236 212 
232 220 
236 264 
232 252 
236 220 
228 212 
228 212 
236 208 
236 236 
236 252 
236 212 
232 252 
272 212 
232 312 
236 208 
232 260 
236 212 
232 220 
236 220 
232 212 
236 216 
232 264 
252 212 
240 212 
236 212 
232 204 
236 264 
228 212 
232 216 
232 212 
240 228 
228 220 
236 236 
232 244 
228 208 
244 216 
232 212 
236 212 
256 208 
232 236 
236 236 
236 236 
232 244 
232 216 
236 212 
236 220 
236 216 
240 204 
236 208 
236 244 
236 236 
232 212 
236 212 
228 216 
232 244 
412 212 
236 208 
236 208 
232 232 
232 212 
232 220 
264 220 
232 212 
232 212 
648 204 
308 240 
236 216 
232 248 
40 44 
236 212 
244 216 
232 208 
212 216 
236 472 
228 208 
232 212 
244 216 
236 848 
232 216 
240 212 
236 212 
216 236 
232 260 
240 212 
240 208 
240 208 
232 212 
228 212 
232 216 
236 240 
212 216 
232 248 
260 228 
228 212 
232 208 
236 236 
232 212 
384 212 
48 52 
236 212 
232 240 
232 212 
232 208 
236 212 
232 208 
232 224 
252 216 
232 212 
232 212 
236 208 
236 216 
236 216 
240 228 
236 220 
232 212 
232 216 
236 208 
240 212 
272 208 
232 216 
236 268 
232 216 
268 216 
232 220 
232 208 
236 216 
228 224 
236 220 
228 44 
228 236 
232 208 
236 220 
236 240 
240 224 
228 228 
228 212 
236 212 
232 212 
236 216 
232 208 
228 208 
228 208 
236 228 
232 208 
228 216 
232 212 
228 208 
236 216 
236 212 
232 208 
448 216 
236 212 
236 220 
228 212 
236 212 
240 208 
236 220 
236 212 
228 208 
688 252 
232 228 
1120 240 
236 228 
236 260 
236 212 
232 240 
236 212 
208 204 
232 552 
236 216 
236 208 
244 212 
236 208 
240 220 
232 212 
240 208 
324 224 
236 204 
236 236 
244 208 
236 212 
232 212 
240 216 
232 212 
236 204 
240 212 
232 232 
236 220 
236 216 
224 216 
236 208 
236 212 
236 212 
236 212 
228 212 
1068 220 
236 252 
232 252 
228 216 
232 212 
244 216 
228 216 
232 208 
232 208 
240 236 
236 256 
232 224 
240 212 
228 212 
236 220 
236 248 
240 208 
232 204 
232 212 
236 212 
236 212 
232 248 
232 208 
236 212 
232 216 
256 212 
232 204 
232 236 
248 216 
232 216 
240 224 
236 212 
236 208 
560 220 
240 208 
228 208 
236 256 
232 208 
232 212 
228 208 
236 212 
228 236 
236 260 
236 212 
228 208 
228 204 
236 208 
232 212 
232 212 
236 264 
432 208 
228 212 
240 208 
232 212 
236 204 
236 220 
236 208 
232 216 
232 216 
592 216 
236 236 
232 240 
236 216 
236 216 
244 220 
236 212 
240 220 
236 204 
232 572 
308 224 
236 220 
272 212 
228 240 
236 216 
236 212 
236 224 
208 212 
236 216 
236 208 
236 220 
232 208 
236 212 
244 236 
232 204 
936 216 
236 216 
228 212 
236 244 
228 208 
232 212 
232 212 
232 216 
236 244 
240 216 
232 216 
236 212 
228 212 
236 212 
236 248 
232 212 
236 212 
248 216 
236 216 
232 208 
232 220 
232 216 
236 208 
232 216 
228 236 
232 244 
232 212 
228 212 
232 212 
236 212 
236 204 
236 220 
236 204 
740 236 
236 236 
236 224 
232 216 
236 228 
232 248 
236 212 
236 216 
228 220 
232 212 
232 216 
228 212 
236 208 
236 212 
228 216 
232 220 
236 208 
240 256 
236 236 
232 212 
232 212 
232 216 
232 212 
236 212 
232 216 
244 220 
240 212 
236 228 
480 224 
236 212 
236 236 
232 212 
236 208 
236 212 
240 216 
260 220 
236 212 
732 216 
240 304 
236 216 
244 232 
236 232 
240 208 
232 256 
236 228 
212 252 
240 564 
232 212 
232 212 
232 208 
272 228 
232 212 
236 216 
228 212 
204 212 
236 212 
232 208 
236 216 
236 204 
236 204 
228 216 
228 208 
228 216 
240 216 
224 240 
236 208 
236 204 
228 212 
236 212 
232 208 
232 208 
236 224 
232 228 
236 236 
232 212 
268 208 
260 216 
236 236 
232 216 
272 212 
232 208 
240 212 
236 216 
236 256 
740 216 
232 264 
232 212 
232 204 
236 248 
48 48 
264 208 
228 216 
232 216 
236 208 
232 244 
236 212 
232 208 
236 224 
232 220 
244 212 
232 212 
232 212 
236 224 
236 208 
232 212 
240 216 
240 236 
236 224 
236 216 
228 208 
232 212 
236 272 
236 252 
224 216 
280 208 
232 212 
224 212 
44 48 
736 220 
232 212 
236 208 
236 212 
236 232 
504 208 
236 212 
240 220 
232 248 
244 240 
232 208 
232 220 
236 208 
228 208 
732 220 
236 208 
236 216 
228 212 
236 216 
236 216 
232 220 
232 220 
212 212 
232 592 
236 248 
236 212 
236 216 
236 212 
232 208 
236 220 
232 240 
208 208 
228 44 
236 212 
236 212 
228 208 
232 208 
236 212 
240 236 
232 232 
232 228 
236 216 
244 216 
236 236 
236 252 
236 232 
236 204 
240 208 
236 208 
240 212 
684 220 
232 208 
236 216 
240 208 
236 212 
236 316 
228 208 
236 212 
236 236 
256 212 
232 216 
236 240 
228 216 
236 212 
240 208 
232 212 
236 208 
232 216 
236 212 
236 216 
236 224 
240 216 
232 212 
236 220 
232 216 
236 212 
236 216 
232 212 
236 216 
232 240 
260 212 
240 216 
232 212 
232 212 
636 236 
232 236 
324 280 
232 208 
232 216 
232 216 
232 232 
276 232 
232 208 
236 212 
236 212 
236 224 
224 212 
232 208 
236 212 
260 212 
544 240 
232 212 
232 216 
240 216 
232 236 
236 236 
236 232 
232 268 
232 264 
232 368 
256 220 
236 216 
236 212 
236 216 
364 208 
232 208 
228 208 
196 216 
240 628 
232 212 
232 212 
224 220 
232 208 
236 212 
236 212 
236 204 
208 208 
236 240 
236 216 
240 208 
228 212 
228 212 
232 208 
232 208 
232 212 
232 260 
260 212 
232 216 
232 212 
232 208 
232 216 
232 260 
236 208 
236 236 
256 208 
236 216 
232 208 
228 256 
240 236 
240 232 
256 208 
232 212 
232 216 
232 240 
240 216 
236 212 
232 224 
240 216 
240 212 
232 216 
240 212 
236 216 
232 208 
236 216 
232 204 
232 208 
236 212 
232 964 
232 212 
232 216 
236 232 
236 232 
236 232 
236 260 
232 212 
236 216 
240 216 
240 228 
228 212 
232 212 
232 236 
240 216 
232 220 
232 212 
236 248 
264 216 
288 216 
232 212 
236 208 
232 204 
240 232 
240 240 
244 216 
232 216 
236 208 
528 208 
232 220 
232 212 
228 208 
240 212 
240 240 
292 212 
236 212 
240 236 
232 376 
296 208 
236 220 
232 224 
232 236 
232 208 
236 252 
240 212 
208 208 
232 628 
232 232 
236 208 
236 236 
240 216 
232 216 
228 212 
268 232 
304 260 
236 216 
232 264 
236 208 
236 212 
228 216 
232 212 
256 212 
236 220 
232 240 
228 212 
244 216 
236 236 
236 212 
232 240 
240 212 
236 220 
244 212 
232 204 
236 212 
232 252 
232 216 
236 212 
236 392 
240 216 
232 240 
232 212 
240 212 
236 224 
228 240 
260 212 
224 212 
232 216 
236 216 
236 212 
236 212 
236 208 
236 256 
228 232 
268 212 
236 236 
236 204 
236 220 
228 232 
232 256 
284 236 
228 212 
236 212 
232 220 
228 216 
232 212 
236 212 
364 212 
228 216 
236 208 
236 212 
236 224 
236 220 
236 212 
308 216 
316 212 
228 212 
240 212 
228 236 
288 252 
240 224 
232 212 
228 208 
236 208 
572 212 
236 300 
236 236 
236 208 
40 44 
228 208 
236 216 
232 212 
236 208 
232 452 
232 220 
228 208 
232 208 
240 212 
236 208 
232 208 
228 212 
212 216 
240 680 
236 216 
236 212 
232 236 
232 216 
236 236 
232 212 
236 216 
216 212 
232 216 
244 212 
224 212 
236 244 
228 212 
232 212 
240 216 
236 212 
44 40 
228 208 
232 208 
236 212 
240 216 
228 220 
236 216 
232 212 
236 248 
228 212 
240 220 
232 212 
236 216 
232 232 
236 212 
232 212 
236 220 
240 260 
236 208 
236 216 
236 236 
228 216 
228 208 
232 208 
236 224 
240 212 
236 240 
236 52 
240 236 
232 216 
232 212 
236 208 
232 212 
236 208 
236 204 
228 216 
232 216 
264 208 
228 212 
228 212 
228 212 
232 220 
244 212 
236 220 
316 356 
244 240 
232 228 
232 208 
232 212 
236 212 
236 208 
364 240 
232 240 
236 244 
236 244 
236 204 
228 216 
228 220 
232 216 
232 204 
572 208 
236 224 
232 212 
236 212 
236 208 
236 240 
232 260 
236 236 
232 212 
236 464 
236 236 
232 216 
240 228 
236 216 
232 208 
240 212 
236 212 
224 260 
196 212 
232 212 
232 212 
232 208 
228 208 
236 216 
236 208 
236 216 
216 236 
236 240 
252 212 
228 216 
232 208 
228 220 
232 204 
236 204 
236 1136 
232 216 
236 216 
232 212 
232 212 
228 212 
236 220 
236 208 
236 212 
240 220 
236 212 
236 244 
228 232 
232 212 
232 208 
232 212 
236 236 
228 220 
236 220 
236 212 
232 208 
236 244 
232 212 
236 208 
232 208 
232 212 
240 216 
236 212 
244 220 
236 248 
232 220 
236 236 
236 236 
236 212 
236 1044 
236 236 
248 244 
228 212 
236 212 
232 212 
236 224 
236 212 
240 240 
236 236 
240 240 
228 212 
232 236 
252 208 
232 216 
240 212 
232 204 
236 216 
360 212 
228 212 
256 216 
228 212 
232 212 
232 216 
240 212 
236 208 
464 212 
592 216 
232 212 
232 208 
232 224 
240 240 
232 216 
1016 240 
224 212 
228 212 
740 212 
232 212 
236 216 
232 236 
240 216 
236 236 
232 208 
236 216 
216 208 
236 516 
232 228 
232 212 
236 208 
240 220 
236 232 
236 260 
228 220 
212 216 
228 208 
236 208 
388 212 
228 208 
240 216 
252 216 
236 216 
240 216 
232 212 
232 212 
312 208 
232 212 
240 232 
228 220 
232 212 
236 212 
236 216 
236 216 
236 228 
236 260 
228 212 
236 216 
236 224 
228 216 
232 216 
236 220 
240 208 
232 268 
236 240 
232 264 
236 212 
232 208 
232 212 
240 208 
236 208 
232 208 
236 212 
236 212 
232 212 
232 208 
236 212 
236 216 
240 232 
232 212 
236 212 
236 224 
260 216 
228 216 
232 212 
228 208 
240 212 
232 216 
228 236 
244 216 
236 224 
236 208 
232 260 
232 212 
236 212 
404 212 
232 204 
236 216 
232 216 
1168 236 
240 232 
236 236 
236 224 
232 220 
620 212 
236 212 
308 208 
232 216 
236 216 
228 212 
236 236 
232 208 
212 212 
232 480 
232 208 
236 208 
236 220 
228 212 
236 260 
236 224 
228 216 
212 216 
232 712 
228 224 
232 212 
240 212 
236 212 
228 212 
236 236 
232 240 
212 212 
228 252 
248 208 
232 212 
228 212 
404 212 
44 44 
236 240 
236 236 
228 220 
232 208 
232 204 
228 208 
236 204 
236 216 
272 228 
236 208 
228 220 
240 212 
232 212 
236 212 
232 212 
232 216 
232 212 
236 208 
236 208 
236 224 
240 236 
232 256 
232 244 
228 208 
236 256 
228 208 
240 212 
228 208 
232 212 
240 232 
236 208 
236 212 
124 48 
232 212 
232 212 
232 208 
236 208 
236 236 
240 208 
236 244 
228 208 
236 208 
232 216 
228 232 
232 212 
232 212 
988 216 
232 216 
240 212 
236 208 
236 220 
232 212 
240 208 
380 212 
236 204 
236 224 
240 236 
236 212 
236 212 
236 216 
236 212 
236 220 
616 240 
240 216 
236 48 
236 236 
236 236 
232 224 
236 208 
232 236 
236 240 
0 0 
0 0 
0 0 
0 0 
232 232 
232 232 
232 240 
228 228 
208 232 
972 232 
232 232 
192 232 
228 236 
200 232 
228 192 
232 232 
232 228 
224 216 
228 228 
228 228 
228 232 
228 236 
228 232 
228 184 
232 236 
228 232 
232 212 
232 232 
232 232 
212 232 
236 228 
232 232 
228 228 
232 232 
224 228 
232 236 
232 232 
228 232 
232 232 
212 232 
228 228 
228 232 
304 232 
236 228 
228 232 
232 224 
236 232 
208 228 
240 228 
228 240 
228 232 
232 232 
228 228 
208 232 
228 232 
232 236 
232 228 
240 228 
232 232 
192 232 
228 232 
232 232 
232 232 
236 232 
236 228 
232 228 
236 232 
232 232 
216 228 
212 228 
232 232 
228 228 
232 228 
232 236 
236 228 
232 228 
232 232 
428 232 
232 232 
228 232 
232 232 
236 232 
232 236 
232 232 
232 232 
228 212 
644 232 
228 232 
228 236 
228 228 
236 228 
228 228 
232 232 
860 228 
208 228 
228 548 
232 228 
236 228 
232 232 
212 212 
232 232 
236 228 
228 232 
212 232 
228 228 
228 232 
232 232 
232 232 
228 232 
228 232 
228 228 
212 232 
240 200 
188 232 
228 232 
228 232 
228 228 
224 212 
232 232 
228 228 
192 220 
232 212 
232 232 
192 232 
232 236 
228 228 
672 232 
232 240 
232 232 
228 228 
228 232 
228 236 
232 228 
228 228 
232 228 
232 232 
232 228 
228 228 
232 232 
236 228 
232 232 
232 236 
232 232 
236 232 
228 232 
228 228 
236 228 
236 232 
228 236 
228 236 
232 232 
232 228 
228 232 
232 232 
236 228 
208 216 
240 232 
228 232 
228 212 
236 308 
236 256 
240 236 
240 268 
200 216 
236 228 
236 212 
236 204 
228 208 
236 212 
296 220 
232 212 
232 216 
436 216 
244 204 
236 240 
236 212 
232 212 
264 212 
236 212 
240 208 
232 216 
700 212 
236 212 
224 328 
232 240 
232 228 
240 212 
236 212 
240 220 
212 208 
300 452 
228 208 
232 216 
232 212 
232 248 
228 216 
236 236 
232 256 
208 216 
232 212 
236 208 
232 260 
252 212 
232 204 
240 212 
228 216 
236 208 
232 204 
232 244 
232 204 
744 208 
232 212 
240 212 
236 216 
232 208 
236 208 
232 216 
236 216 
240 236 
224 320 
232 208 
236 208 
228 216 
236 220 
236 272 
236 236 
232 212 
228 216 
236 212 
232 216 
236 240 
232 212 
232 208 
240 232 
232 264 
228 212 
236 216 
228 216 
232 216 
236 212 
236 252 
236 240 
236 232 
236 208 
852 212 
232 208 
236 212 
236 236 
240 208 
232 212 
232 216 
240 212 
232 224 
240 264 
228 212 
236 208 
236 212 
236 236 
220 220 
232 228 
232 212 
236 208 
232 216 
232 212 
236 220 
236 212 
236 212 
476 216 
232 216 
240 216 
232 208 
236 240 
236 216 
336 212 
236 236 
236 232 
700 220 
232 212 
232 212 
228 216 
232 216 
232 236 
236 220 
228 220 
208 212 
228 548 
248 208 
236 216 
232 208 
236 212 
232 248 
264 264 
232 236 
212 216 
516 232 
232 212 
240 208 
232 236 
256 212 
236 208 
236 236 
228 204 
232 216 
236 232 
236 216 
232 208 
240 232 
232 208 
228 204 
232 208 
236 216 
236 236 
236 220 
256 216 
236 216 
236 204 
228 212 
