# ./FR-trace starting at Mon Apr 20 19:00:11 2020
################# CONFIG #################
# slot=5000
# samples=10000
# threshold=100
# idle=500
# minlen=500
# runs=10000
# pdathreads=2
# nmonitored=2
#   monitor0=../apps/openssl ec2_mult.c:153 0x1e7854
#   monitor1=../apps/openssl ec2_mult.c:161 0x1e789c
# nevicted=0
# npdatargets=2
#   target0=../apps/openssl bn_gf2m.c:412 0x20bd10
#   target1=../apps/openssl bn_gf2m.c:412+64 0x20bd50
# affinity=all
############## SYSTEM INFO ###############
# mastik_version=
# sysname=Linux
# nodename=lovelace
# release=5.3.7-arch1-1-ARCH
# version=#1 SMP PREEMPT Fri Oct 18 00:17:03 UTC 2019
# machine=x86_64
################## DATA ##################
# run=2537
# datapoints=10000
44 48 
228 212 
244 236 
232 220 
232 224 
232 212 
236 208 
236 216 
216 236 
232 996 
236 204 
236 212 
240 236 
236 260 
252 216 
232 212 
228 212 
212 224 
236 212 
232 212 
236 216 
236 212 
248 216 
236 212 
236 212 
232 216 
236 212 
236 240 
40 44 
228 208 
236 208 
236 236 
236 228 
236 204 
236 212 
236 212 
240 216 
236 236 
232 224 
232 220 
232 212 
236 236 
236 236 
236 236 
236 248 
240 212 
228 216 
232 208 
232 208 
236 236 
236 232 
236 212 
232 212 
236 212 
236 212 
236 224 
236 256 
232 44 
228 212 
224 320 
264 212 
236 216 
236 208 
232 212 
232 236 
232 216 
240 216 
228 212 
232 208 
236 216 
236 232 
232 236 
228 212 
232 212 
232 228 
236 224 
236 216 
312 224 
244 212 
232 208 
232 216 
236 212 
232 212 
236 208 
236 212 
236 216 
540 216 
236 212 
236 248 
236 236 
236 236 
232 252 
240 244 
232 856 
232 212 
232 408 
232 212 
228 212 
236 212 
228 216 
228 212 
228 212 
252 208 
208 216 
236 600 
236 216 
232 212 
228 244 
240 256 
236 256 
236 236 
236 236 
244 220 
228 244 
232 208 
236 216 
268 264 
232 220 
236 212 
240 224 
236 240 
244 216 
228 212 
236 236 
236 208 
236 240 
232 204 
204 208 
236 236 
232 216 
232 212 
328 208 
240 240 
236 220 
236 228 
352 208 
232 212 
232 208 
232 208 
240 224 
236 216 
236 220 
232 208 
232 236 
240 220 
232 236 
236 212 
232 216 
244 216 
236 216 
280 212 
228 208 
236 228 
236 268 
232 256 
232 212 
228 216 
236 208 
228 220 
232 204 
232 208 
236 212 
232 236 
240 236 
236 240 
236 228 
236 216 
228 216 
232 212 
236 212 
240 216 
236 212 
324 232 
236 216 
228 244 
232 208 
232 212 
240 1028 
236 212 
228 208 
236 212 
0 0 
0 0 
0 0 
228 212 
232 212 
236 208 
240 228 
236 208 
236 236 
236 392 
272 228 
232 212 
236 212 
236 240 
236 244 
232 260 
228 212 
216 212 
232 636 
272 236 
236 212 
272 212 
240 212 
236 220 
236 212 
232 212 
208 220 
276 220 
228 208 
232 212 
232 212 
236 212 
236 216 
236 264 
272 212 
232 208 
232 208 
232 208 
232 224 
232 240 
236 212 
236 232 
236 204 
236 236 
236 236 
232 252 
236 212 
236 216 
228 220 
240 220 
232 212 
228 212 
232 224 
236 212 
240 240 
244 212 
228 248 
228 212 
232 208 
280 216 
240 232 
236 232 
240 268 
864 220 
232 212 
228 208 
232 216 
236 212 
232 248 
228 212 
240 220 
236 212 
232 212 
236 264 
232 252 
236 244 
240 220 
232 212 
236 212 
240 216 
232 968 
236 208 
240 208 
232 216 
240 212 
228 284 
344 244 
236 212 
236 212 
236 212 
232 208 
240 216 
256 212 
232 208 
236 208 
596 212 
232 208 
236 212 
236 220 
236 236 
240 256 
232 208 
232 216 
224 212 
256 392 
236 240 
236 208 
232 212 
236 220 
232 224 
236 212 
228 208 
208 216 
748 236 
236 236 
240 232 
236 236 
44 48 
240 240 
236 256 
240 232 
208 212 
232 208 
240 220 
236 236 
236 236 
236 220 
232 204 
232 212 
236 236 
232 216 
236 212 
324 232 
236 212 
236 216 
236 224 
240 208 
236 208 
232 212 
236 208 
236 212 
236 220 
236 252 
232 236 
236 236 
240 220 
232 216 
668 48 
232 212 
232 208 
236 212 
232 248 
232 256 
236 212 
232 212 
240 216 
236 240 
232 212 
228 216 
236 208 
232 220 
228 216 
236 212 
240 212 
228 212 
236 212 
232 212 
232 208 
236 220 
232 212 
232 212 
232 276 
232 236 
264 216 
232 216 
232 208 
232 216 
228 48 
236 220 
236 260 
240 244 
236 568 
236 236 
236 220 
240 212 
236 236 
236 208 
236 216 
232 224 
236 244 
576 208 
240 216 
232 220 
236 208 
228 212 
228 224 
232 208 
236 224 
216 236 
236 432 
232 212 
228 208 
232 208 
240 236 
228 220 
236 212 
240 204 
220 212 
236 676 
236 212 
232 212 
236 236 
236 220 
236 204 
228 212 
236 212 
212 212 
236 220 
236 232 
232 212 
236 264 
240 224 
228 212 
240 244 
228 260 
232 212 
228 236 
228 212 
236 212 
240 216 
236 216 
680 232 
232 240 
236 232 
236 248 
228 216 
236 216 
240 216 
228 212 
240 212 
232 212 
228 216 
228 212 
232 216 
232 224 
236 208 
236 212 
228 220 
232 204 
232 256 
232 204 
232 212 
240 228 
240 236 
232 216 
228 212 
236 212 
232 224 
236 208 
232 212 
232 212 
232 216 
236 240 
240 240 
228 212 
232 208 
240 212 
236 244 
236 204 
236 208 
236 212 
236 220 
236 216 
232 256 
236 204 
236 220 
384 204 
236 216 
232 212 
236 252 
228 208 
236 212 
232 212 
232 232 
236 208 
604 216 
228 212 
236 204 
236 212 
236 220 
240 216 
228 228 
232 212 
208 208 
236 464 
240 216 
236 212 
232 212 
240 220 
236 240 
236 208 
260 212 
332 208 
236 712 
236 216 
236 216 
232 208 
240 240 
232 212 
228 216 
232 204 
212 236 
228 216 
232 208 
228 208 
888 212 
228 208 
236 304 
232 216 
236 236 
232 216 
228 232 
244 212 
232 208 
236 216 
232 212 
236 236 
232 204 
232 216 
236 240 
232 208 
236 248 
232 212 
236 220 
236 220 
236 216 
236 204 
232 204 
232 236 
240 212 
236 208 
228 216 
232 212 
232 208 
232 208 
260 212 
236 212 
228 204 
296 212 
228 212 
240 220 
232 212 
232 212 
236 216 
240 268 
236 216 
240 224 
228 212 
232 216 
232 212 
236 212 
236 272 
236 212 
232 208 
240 236 
236 220 
236 228 
244 212 
240 236 
232 232 
236 208 
396 216 
236 204 
228 208 
232 208 
232 216 
240 212 
228 216 
232 216 
236 216 
636 212 
232 244 
472 208 
236 216 
240 236 
236 244 
232 212 
236 236 
348 204 
232 504 
228 220 
228 240 
232 208 
232 236 
236 264 
232 240 
240 232 
212 208 
240 608 
836 240 
236 212 
232 212 
228 208 
256 212 
236 216 
236 244 
212 260 
236 212 
232 212 
228 208 
232 212 
236 212 
236 236 
236 256 
228 212 
232 236 
228 208 
236 212 
236 256 
236 212 
228 212 
232 236 
236 236 
240 252 
236 216 
236 216 
232 212 
236 216 
228 208 
232 208 
248 212 
236 208 
236 248 
236 216 
232 212 
236 212 
40 48 
236 216 
236 208 
232 208 
236 272 
236 236 
244 208 
232 216 
236 268 
236 268 
240 212 
232 216 
232 212 
232 208 
236 268 
236 240 
232 236 
232 208 
232 208 
236 204 
232 224 
220 212 
232 224 
232 216 
228 216 
236 208 
232 212 
232 220 
232 208 
316 204 
556 208 
232 44 
236 48 
236 224 
232 216 
228 212 
232 208 
236 212 
236 240 
648 216 
240 332 
236 212 
232 224 
232 212 
300 212 
232 212 
236 244 
216 216 
232 512 
240 212 
232 212 
232 236 
228 212 
236 212 
232 212 
236 232 
216 208 
232 220 
236 216 
236 208 
236 236 
244 48 
236 216 
240 236 
228 212 
212 260 
228 216 
232 220 
232 208 
232 212 
232 216 
228 220 
228 208 
240 232 
232 232 
228 208 
232 220 
232 216 
240 216 
256 212 
232 212 
232 208 
236 216 
232 252 
236 236 
232 252 
228 208 
236 212 
232 208 
236 236 
236 264 
236 300 
228 216 
236 216 
232 220 
236 212 
268 216 
240 212 
232 212 
232 212 
228 208 
240 224 
236 212 
232 236 
236 212 
232 216 
232 216 
236 208 
240 244 
236 212 
232 236 
236 212 
232 208 
228 212 
600 212 
236 272 
224 240 
228 236 
232 216 
360 208 
276 240 
236 260 
240 232 
232 208 
232 204 
420 232 
236 216 
236 260 
240 216 
232 220 
232 236 
236 224 
240 236 
236 236 
680 224 
236 204 
232 224 
228 220 
240 216 
236 212 
232 220 
236 240 
344 220 
236 524 
232 264 
236 232 
236 252 
236 212 
236 208 
236 212 
240 216 
212 208 
240 212 
236 212 
260 216 
236 256 
228 208 
232 208 
236 212 
228 212 
228 212 
236 216 
240 208 
228 216 
236 208 
236 220 
236 216 
232 212 
232 208 
232 216 
300 216 
236 208 
232 244 
232 216 
236 212 
236 216 
244 236 
240 236 
240 232 
232 240 
228 216 
216 204 
232 212 
236 212 
232 256 
232 220 
232 216 
236 212 
236 220 
232 208 
232 212 
240 208 
232 212 
236 220 
228 212 
292 220 
236 212 
232 212 
332 212 
236 236 
236 220 
232 216 
232 216 
236 216 
240 212 
236 212 
240 232 
232 212 
232 244 
256 216 
236 208 
224 216 
236 208 
236 204 
240 232 
232 252 
232 280 
236 208 
232 240 
240 236 
468 212 
236 212 
240 268 
244 232 
236 272 
232 216 
232 212 
236 216 
236 212 
672 212 
228 228 
240 216 
232 212 
236 216 
232 224 
240 220 
232 244 
216 260 
232 556 
236 204 
240 228 
236 212 
232 220 
232 216 
228 212 
232 220 
212 204 
244 236 
292 212 
236 212 
236 216 
236 208 
236 240 
240 232 
236 216 
240 216 
236 204 
236 212 
236 216 
232 204 
232 216 
232 216 
236 212 
240 216 
228 216 
236 244 
232 216 
236 224 
232 204 
236 216 
236 236 
236 240 
236 236 
240 216 
244 220 
232 204 
232 208 
228 208 
232 212 
236 212 
248 220 
1096 264 
236 360 
240 216 
240 212 
240 216 
240 212 
340 216 
236 248 
232 212 
232 208 
232 208 
240 208 
232 220 
260 224 
232 204 
236 232 
236 212 
240 220 
236 212 
232 216 
240 212 
236 236 
236 252 
44 44 
232 220 
208 216 
236 212 
232 208 
228 204 
236 236 
232 268 
228 236 
236 236 
232 204 
676 820 
232 216 
232 204 
236 212 
236 216 
240 260 
236 236 
236 208 
236 240 
712 208 
228 224 
236 216 
236 232 
228 232 
244 216 
232 208 
236 212 
216 212 
236 560 
236 212 
240 208 
40 44 
236 236 
240 212 
232 208 
236 244 
216 216 
240 208 
236 216 
276 208 
236 212 
340 292 
236 208 
232 212 
232 208 
232 208 
236 216 
240 236 
228 212 
236 212 
240 208 
232 212 
232 212 
284 212 
236 236 
232 248 
236 256 
240 236 
240 208 
228 48 
232 232 
228 232 
228 232 
232 212 
232 232 
232 228 
228 208 
192 232 
328 208 
600 212 
228 228 
188 208 
192 228 
232 232 
196 192 
228 232 
228 232 
208 200 
228 208 
232 236 
228 232 
232 232 
228 236 
208 232 
228 220 
232 228 
228 232 
232 216 
228 232 
212 224 
232 236 
208 232 
232 236 
232 232 
1152 232 
232 232 
244 232 
228 228 
232 232 
196 192 
296 196 
228 228 
228 228 
228 228 
232 240 
492 236 
228 228 
228 232 
232 228 
228 232 
232 228 
228 236 
228 232 
232 228 
740 232 
232 232 
216 228 
228 236 
232 232 
228 232 
244 232 
208 200 
212 188 
232 596 
228 228 
232 228 
236 268 
236 236 
272 212 
232 220 
228 212 
204 216 
232 204 
236 216 
236 212 
232 212 
236 216 
240 220 
236 240 
236 256 
228 208 
232 212 
232 212 
228 208 
236 264 
248 220 
232 216 
236 232 
236 236 
236 236 
232 328 
224 240 
236 208 
240 216 
240 212 
236 260 
232 216 
232 224 
232 220 
240 244 
236 256 
236 208 
236 220 
232 212 
232 220 
380 208 
228 212 
240 212 
244 216 
232 268 
240 204 
236 208 
236 236 
232 236 
236 212 
232 212 
232 204 
232 212 
240 824 
240 232 
236 212 
236 212 
232 216 
236 236 
232 228 
232 212 
236 216 
236 204 
228 208 
236 216 
236 208 
300 248 
236 212 
240 212 
232 236 
232 212 
236 212 
236 208 
236 236 
236 240 
520 212 
232 208 
228 220 
232 208 
232 208 
236 212 
236 236 
236 236 
240 268 
232 380 
236 216 
236 224 
232 228 
232 212 
236 212 
236 212 
240 236 
216 224 
232 660 
240 216 
228 208 
236 244 
240 212 
232 208 
236 208 
232 212 
216 216 
236 236 
236 256 
240 236 
236 264 
244 212 
236 212 
232 208 
236 224 
236 232 
232 208 
232 216 
236 208 
232 208 
232 212 
232 244 
232 216 
236 204 
240 240 
888 204 
232 232 
244 220 
236 268 
236 208 
240 212 
232 236 
232 216 
236 220 
240 232 
228 216 
236 244 
232 212 
228 216 
228 216 
232 208 
240 216 
236 892 
232 204 
236 216 
228 208 
228 212 
236 208 
232 224 
228 252 
236 212 
232 208 
228 216 
236 212 
236 216 
236 212 
236 212 
240 216 
232 240 
232 204 
232 208 
236 208 
232 212 
236 232 
232 208 
232 212 
296 232 
236 272 
232 224 
268 240 
236 228 
232 216 
232 208 
236 212 
236 220 
816 220 
236 236 
236 256 
228 212 
232 212 
232 236 
232 208 
232 216 
232 204 
236 404 
232 212 
228 220 
240 212 
232 216 
232 216 
240 216 
240 208 
488 212 
228 664 
232 220 
232 212 
236 216 
236 224 
228 224 
228 216 
240 212 
232 256 
240 260 
236 236 
228 216 
240 216 
232 212 
236 216 
240 212 
708 212 
236 208 
236 212 
240 208 
232 208 
236 224 
236 224 
232 244 
236 208 
232 208 
244 212 
228 220 
236 236 
240 208 
236 240 
236 236 
244 248 
236 264 
240 248 
260 216 
236 216 
232 216 
236 232 
236 204 
228 212 
232 236 
236 236 
236 236 
240 216 
232 216 
232 204 
236 236 
228 212 
232 208 
240 268 
232 212 
236 212 
236 268 
236 236 
228 208 
232 208 
232 204 
232 212 
236 220 
236 256 
228 212 
240 204 
228 216 
232 212 
252 228 
228 216 
228 212 
328 212 
236 216 
240 208 
240 232 
308 236 
332 212 
240 236 
244 212 
232 232 
580 240 
232 252 
232 212 
232 216 
232 244 
236 248 
264 260 
40 48 
244 208 
236 376 
236 240 
232 236 
228 228 
232 220 
232 216 
236 212 
260 216 
216 232 
232 624 
232 208 
240 236 
236 240 
244 236 
568 232 
228 216 
232 212 
212 212 
232 228 
48 44 
236 252 
240 212 
228 212 
236 208 
232 208 
236 240 
240 216 
228 212 
232 208 
240 216 
240 208 
232 204 
232 212 
268 208 
232 216 
240 260 
236 304 
236 264 
232 208 
232 212 
236 212 
228 212 
232 208 
236 216 
228 224 
236 48 
236 212 
236 212 
232 212 
236 220 
232 204 
240 272 
236 236 
232 212 
232 236 
232 208 
300 212 
236 220 
228 308 
228 212 
232 208 
236 244 
236 240 
228 216 
232 236 
228 208 
320 204 
232 220 
244 212 
240 208 
232 208 
232 212 
236 212 
240 236 
240 216 
240 212 
224 224 
324 212 
232 208 
228 212 
240 212 
236 220 
232 236 
232 240 
228 232 
236 216 
564 224 
240 236 
232 248 
236 212 
236 216 
236 208 
236 232 
232 240 
220 236 
236 412 
236 216 
256 232 
816 212 
232 236 
236 260 
252 208 
236 216 
208 216 
232 648 
244 212 
236 208 
232 212 
240 236 
232 212 
236 220 
252 212 
212 208 
236 216 
232 208 
244 232 
240 232 
240 208 
232 212 
236 216 
236 236 
236 240 
232 216 
236 208 
236 208 
236 208 
236 212 
240 220 
240 256 
236 260 
248 212 
208 208 
236 220 
236 212 
232 212 
232 212 
236 236 
236 212 
228 216 
240 208 
232 232 
236 220 
280 208 
240 244 
224 220 
232 212 
236 212 
240 224 
240 216 
232 212 
240 220 
224 216 
232 208 
236 216 
236 236 
236 248 
240 212 
236 208 
232 208 
228 220 
232 212 
232 208 
236 204 
232 220 
228 216 
348 212 
236 220 
228 208 
232 212 
236 212 
236 236 
240 236 
340 204 
228 252 
228 208 
236 240 
232 244 
240 216 
240 212 
232 216 
236 212 
612 208 
588 220 
252 216 
236 216 
232 216 
236 216 
240 204 
240 212 
212 212 
236 380 
236 216 
232 212 
236 228 
240 216 
236 216 
236 236 
236 256 
212 224 
236 672 
240 212 
240 208 
592 208 
232 216 
228 216 
236 208 
240 204 
208 208 
228 208 
236 236 
232 236 
232 212 
232 212 
232 208 
236 212 
236 212 
232 212 
236 212 
308 224 
228 216 
240 212 
236 208 
236 212 
236 236 
232 256 
236 208 
236 212 
236 232 
232 260 
236 232 
232 236 
268 208 
232 212 
232 208 
240 240 
236 240 
236 212 
232 212 
232 212 
232 212 
264 204 
252 212 
228 212 
236 240 
236 236 
232 224 
232 256 
236 216 
232 208 
308 208 
232 208 
232 240 
256 208 
228 224 
232 212 
236 208 
236 216 
232 212 
232 208 
236 212 
228 224 
236 216 
236 232 
264 212 
236 216 
232 208 
232 216 
380 204 
236 212 
236 228 
228 212 
228 212 
236 208 
228 212 
236 240 
240 212 
632 260 
236 212 
232 208 
236 204 
232 216 
236 212 
240 232 
232 216 
212 216 
232 492 
236 236 
240 212 
232 212 
236 208 
232 216 
236 224 
236 236 
212 236 
240 684 
232 216 
232 204 
236 212 
232 204 
232 204 
232 212 
44 48 
212 212 
236 236 
240 292 
232 204 
232 208 
260 216 
232 204 
232 212 
232 260 
228 208 
236 216 
264 208 
228 212 
236 208 
232 208 
240 212 
232 204 
232 296 
236 216 
236 212 
228 212 
240 232 
232 228 
240 208 
236 236 
236 208 
232 208 
232 208 
240 208 
40 44 
236 248 
304 240 
232 236 
244 212 
228 212 
236 208 
232 208 
232 212 
236 204 
236 236 
228 216 
228 216 
236 224 
236 236 
240 232 
232 252 
236 260 
232 208 
236 212 
236 212 
240 236 
236 220 
232 212 
240 212 
232 208 
240 220 
240 240 
232 208 
228 44 
232 212 
396 216 
228 216 
228 208 
232 216 
232 208 
228 220 
240 232 
232 264 
232 216 
636 208 
232 248 
236 256 
228 212 
236 212 
232 208 
232 216 
236 240 
212 216 
244 484 
236 216 
236 216 
240 1088 
236 216 
232 208 
228 252 
232 216 
212 236 
228 704 
236 212 
236 236 
232 212 
232 212 
232 212 
236 212 
228 208 
212 204 
236 204 
240 220 
236 216 
236 224 
236 236 
236 208 
232 220 
232 212 
236 212 
232 212 
236 216 
240 220 
236 208 
244 208 
236 208 
232 220 
236 240 
236 268 
236 236 
288 204 
232 220 
236 212 
236 220 
236 216 
240 208 
232 208 
232 216 
232 212 
244 212 
244 212 
236 236 
236 268 
236 224 
228 228 
232 216 
232 208 
224 212 
232 216 
232 212 
236 208 
236 220 
248 212 
232 268 
240 220 
236 252 
248 220 
236 212 
232 212 
236 212 
236 216 
220 212 
236 216 
236 256 
232 208 
236 208 
232 212 
232 220 
232 244 
236 212 
412 204 
272 244 
228 216 
236 208 
236 228 
236 212 
232 216 
232 208 
232 208 
660 216 
240 208 
236 220 
244 256 
236 236 
236 312 
236 216 
236 220 
212 224 
236 484 
236 216 
224 216 
240 212 
236 212 
272 240 
236 216 
232 212 
208 216 
236 240 
232 232 
236 216 
232 208 
236 216 
232 208 
236 212 
236 208 
216 212 
240 232 
228 220 
232 232 
240 220 
232 216 
236 204 
232 212 
476 216 
232 260 
236 212 
232 236 
232 212 
236 240 
264 220 
236 204 
232 208 
236 212 
232 220 
232 220 
236 208 
228 204 
324 208 
228 252 
248 212 
232 212 
232 216 
240 220 
236 212 
244 212 
236 220 
236 220 
236 216 
232 216 
232 212 
228 212 
232 244 
236 212 
232 236 
232 204 
232 212 
228 208 
1140 228 
236 268 
232 240 
236 240 
232 256 
228 208 
232 212 
228 208 
236 208 
232 240 
236 212 
236 208 
452 216 
228 220 
236 212 
240 216 
240 224 
232 216 
436 212 
236 236 
236 236 
236 220 
236 212 
236 216 
228 208 
240 220 
236 240 
656 208 
240 216 
236 216 
296 208 
240 216 
232 212 
236 212 
236 212 
216 212 
232 560 
236 212 
240 216 
236 216 
236 240 
236 204 
232 260 
232 208 
220 212 
236 212 
236 208 
232 212 
232 208 
236 212 
236 212 
236 212 
236 220 
224 236 
232 216 
240 216 
260 208 
236 212 
240 220 
236 212 
236 216 
236 240 
236 236 
236 236 
260 216 
236 216 
232 216 
236 236 
232 248 
228 208 
232 216 
256 212 
232 224 
236 228 
236 236 
236 260 
236 256 
252 216 
232 216 
240 204 
240 212 
236 216 
236 216 
232 208 
1184 212 
244 236 
232 240 
232 204 
236 212 
240 212 
236 204 
40 48 
236 260 
236 216 
236 220 
236 240 
240 236 
240 240 
232 220 
232 236 
228 216 
236 208 
236 236 
236 268 
236 212 
236 236 
236 260 
240 240 
240 220 
232 216 
236 240 
232 212 
236 208 
472 212 
236 212 
236 212 
228 236 
232 220 
232 212 
236 212 
236 208 
236 208 
44 44 
232 212 
232 208 
228 212 
228 208 
236 212 
232 220 
236 244 
216 268 
232 548 
236 424 
232 208 
228 212 
236 212 
232 224 
232 216 
236 212 
216 220 
236 212 
244 208 
232 212 
232 212 
236 240 
236 256 
228 248 
256 212 
236 208 
236 204 
232 212 
268 208 
236 208 
236 48 
232 248 
232 208 
236 212 
228 220 
240 208 
240 216 
240 224 
236 236 
236 208 
236 212 
240 232 
228 212 
300 224 
236 212 
324 772 
236 240 
232 208 
236 228 
232 208 
232 208 
232 236 
236 252 
236 216 
268 236 
236 212 
236 216 
236 248 
236 220 
232 216 
232 204 
232 208 
228 212 
236 216 
236 212 
232 212 
236 212 
240 256 
236 236 
236 244 
232 208 
228 216 
236 248 
228 212 
320 212 
240 240 
236 256 
232 248 
232 208 
228 216 
236 212 
228 212 
236 240 
232 212 
236 212 
492 212 
236 236 
232 236 
244 212 
236 224 
232 212 
260 224 
236 212 
284 204 
740 236 
236 236 
232 212 
240 208 
232 212 
232 212 
228 212 
232 208 
212 212 
240 532 
236 272 
240 212 
236 212 
256 212 
240 216 
236 216 
232 208 
220 212 
1196 216 
232 224 
232 240 
236 216 
232 208 
232 220 
240 212 
236 236 
232 208 
236 212 
236 264 
236 228 
228 208 
232 208 
232 208 
236 204 
236 208 
1088 236 
236 236 
236 236 
0 0 
0 0 
236 220 
236 212 
236 228 
232 244 
204 212 
232 220 
228 216 
236 264 
232 216 
232 208 
232 216 
236 212 
236 208 
232 212 
236 232 
244 208 
232 216 
236 224 
236 208 
232 216 
232 212 
232 228 
236 212 
236 220 
236 220 
232 240 
236 220 
236 216 
660 216 
240 208 
232 212 
236 216 
232 236 
232 236 
228 216 
228 212 
232 212 
280 216 
236 216 
240 236 
232 304 
236 208 
236 244 
240 236 
236 240 
232 212 
520 236 
236 212 
232 212 
236 216 
232 212 
236 236 
236 208 
236 232 
232 208 
744 204 
232 216 
232 224 
236 212 
256 220 
232 236 
232 212 
712 216 
216 236 
236 532 
240 228 
232 216 
236 216 
236 220 
228 216 
236 224 
236 208 
208 212 
236 216 
236 216 
236 220 
232 236 
240 236 
236 232 
236 212 
240 216 
232 220 
40 44 
232 212 
236 232 
236 220 
240 312 
232 216 
236 212 
228 216 
232 212 
236 208 
232 228 
236 212 
240 216 
228 212 
676 216 
232 208 
240 212 
236 268 
228 216 
236 232 
240 212 
232 48 
228 48 
240 248 
232 260 
232 212 
232 212 
228 208 
232 208 
236 216 
236 216 
232 212 
236 212 
232 220 
228 212 
236 216 
236 208 
240 208 
240 216 
232 256 
236 228 
232 220 
232 220 
236 240 
236 260 
228 220 
232 216 
236 220 
280 204 
232 216 
280 212 
268 44 
236 212 
240 296 
232 224 
228 208 
232 224 
236 208 
232 232 
524 216 
232 240 
236 216 
232 212 
236 236 
668 208 
236 212 
236 220 
240 216 
244 360 
236 212 
232 224 
232 212 
236 216 
264 208 
236 212 
232 220 
216 208 
236 612 
288 212 
232 216 
232 204 
264 212 
232 212 
232 216 
232 268 
212 204 
284 780 
236 212 
232 208 
232 220 
236 212 
232 208 
272 212 
236 220 
240 212 
232 212 
236 208 
228 208 
232 212 
232 236 
232 216 
232 216 
232 212 
232 216 
232 212 
232 212 
236 236 
236 228 
260 220 
232 208 
232 208 
228 208 
232 232 
236 212 
228 212 
232 220 
232 216 
236 212 
236 212 
244 208 
236 220 
236 212 
236 232 
232 212 
232 212 
232 208 
228 212 
236 216 
236 236 
240 220 
228 216 
236 220 
240 236 
236 208 
232 204 
232 216 
232 212 
232 212 
228 232 
228 212 
232 216 
240 232 
232 212 
236 236 
236 264 
280 204 
232 240 
232 212 
688 216 
228 212 
228 208 
232 204 
236 216 
240 216 
532 208 
236 208 
236 212 
236 220 
232 216 
244 212 
232 212 
232 208 
236 208 
236 388 
240 236 
232 216 
228 216 
320 208 
236 212 
236 216 
268 216 
212 244 
236 592 
236 208 
232 212 
232 208 
236 216 
236 216 
236 232 
228 216 
208 216 
232 212 
232 220 
252 208 
228 212 
236 240 
232 240 
240 264 
268 208 
236 236 
232 208 
236 216 
232 212 
244 216 
232 224 
236 244 
236 260 
240 220 
228 220 
228 212 
224 216 
236 216 
232 216 
240 212 
240 236 
236 300 
236 208 
240 236 
232 216 
232 212 
236 232 
236 236 
240 256 
236 212 
232 204 
700 216 
236 232 
236 236 
236 248 
236 236 
240 240 
228 212 
232 204 
232 204 
228 208 
232 208 
228 212 
232 212 
244 212 
236 236 
236 240 
232 240 
724 216 
232 208 
236 212 
228 212 
232 216 
232 216 
228 216 
232 204 
332 220 
236 212 
256 220 
236 248 
228 212 
232 208 
240 212 
240 240 
240 284 
552 216 
232 208 
236 212 
240 236 
240 216 
236 216 
240 236 
236 252 
236 220 
232 408 
232 204 
236 216 
232 240 
240 204 
236 212 
232 224 
240 240 
212 220 
240 596 
240 216 
240 216 
232 232 
240 264 
232 228 
232 212 
232 216 
212 208 
236 232 
236 204 
236 208 
232 212 
240 216 
228 208 
236 236 
236 212 
232 212 
236 212 
232 240 
232 212 
244 232 
268 204 
236 216 
244 216 
232 208 
228 212 
232 212 
236 212 
232 232 
236 220 
228 216 
520 212 
236 212 
236 264 
296 232 
232 212 
232 208 
48 48 
236 240 
284 208 
236 204 
236 208 
232 212 
232 216 
236 212 
228 208 
236 216 
244 1148 
236 236 
232 212 
236 264 
236 216 
236 236 
232 216 
236 220 
232 212 
236 212 
232 212 
232 208 
240 208 
232 212 
236 208 
236 232 
236 216 
236 248 
240 236 
48 52 
320 212 
232 212 
236 208 
236 232 
228 212 
232 216 
236 212 
244 224 
236 236 
596 232 
240 236 
232 216 
240 236 
232 252 
236 1160 
232 240 
236 232 
288 268 
232 420 
240 216 
228 216 
232 208 
232 204 
236 212 
240 236 
232 44 
208 216 
252 616 
232 212 
236 212 
232 216 
236 208 
232 244 
240 264 
232 216 
216 208 
232 260 
264 212 
240 204 
236 212 
232 212 
236 232 
236 208 
240 232 
232 208 
236 220 
236 212 
232 212 
236 232 
228 216 
240 208 
236 208 
236 208 
232 212 
236 220 
224 220 
236 268 
232 212 
236 212 
240 208 
236 252 
236 216 
232 216 
236 248 
232 208 
236 212 
236 208 
232 212 
236 236 
240 212 
232 204 
260 236 
236 216 
232 212 
236 212 
240 220 
240 212 
240 212 
236 204 
232 208 
232 212 
236 216 
236 204 
236 216 
236 240 
272 216 
232 212 
236 216 
228 220 
232 224 
232 212 
232 216 
240 212 
236 208 
240 248 
376 220 
236 236 
240 268 
236 984 
236 216 
236 212 
232 208 
228 212 
232 212 
660 240 
232 208 
240 236 
240 232 
240 236 
236 268 
236 212 
228 212 
216 232 
232 440 
232 208 
232 208 
232 208 
236 216 
240 236 
260 208 
236 212 
208 216 
236 676 
236 236 
232 232 
240 232 
236 212 
232 220 
236 212 
236 220 
212 212 
236 216 
208 216 
236 212 
236 212 
236 228 
232 216 
232 212 
236 212 
224 216 
232 208 
228 208 
240 212 
236 208 
236 216 
236 248 
236 232 
232 224 
240 204 
232 212 
232 212 
232 208 
236 212 
236 208 
232 264 
236 268 
236 268 
240 220 
236 212 
232 232 
236 252 
232 212 
232 204 
232 212 
240 216 
232 220 
232 212 
236 208 
232 212 
232 208 
232 216 
240 244 
236 272 
240 240 
240 264 
236 236 
240 216 
236 212 
228 212 
232 212 
232 236 
236 236 
236 1144 
232 212 
232 212 
240 212 
236 212 
232 212 
236 256 
232 212 
372 216 
236 208 
232 264 
232 256 
232 208 
232 216 
236 252 
232 268 
232 220 
236 540 
232 240 
228 224 
236 236 
240 212 
232 208 
240 212 
236 220 
212 216 
236 472 
236 264 
236 216 
240 208 
228 208 
264 212 
240 216 
852 236 
212 212 
228 720 
236 236 
236 236 
240 236 
232 212 
232 212 
232 204 
232 212 
212 216 
228 216 
232 252 
236 212 
236 220 
236 208 
236 212 
236 216 
236 236 
236 244 
240 236 
236 212 
256 208 
232 208 
232 256 
236 212 
236 216 
236 212 
236 220 
236 208 
232 212 
236 328 
236 204 
236 208 
328 680 
232 216 
228 208 
236 212 
232 212 
232 204 
232 232 
232 208 
236 252 
240 236 
236 264 
236 212 
240 208 
228 212 
236 212 
236 216 
236 208 
236 1084 
240 240 
236 236 
236 244 
232 212 
232 212 
232 224 
236 216 
236 208 
236 212 
220 220 
232 224 
236 212 
236 224 
232 260 
360 216 
236 228 
48 44 
236 260 
412 212 
232 208 
228 212 
232 212 
236 236 
240 232 
232 208 
232 212 
232 212 
652 212 
232 208 
232 216 
236 232 
252 212 
236 212 
228 208 
236 212 
304 208 
240 488 
232 212 
240 228 
240 236 
240 236 
232 244 
228 212 
232 212 
212 236 
44 52 
240 236 
236 236 
240 240 
232 212 
300 216 
244 236 
232 264 
212 252 
232 212 
232 220 
432 212 
236 260 
312 208 
232 212 
236 212 
232 216 
240 208 
228 216 
232 228 
240 204 
948 232 
236 204 
240 212 
240 216 
236 236 
240 256 
232 244 
468 212 
240 48 
232 208 
240 212 
240 244 
232 212 
236 212 
236 236 
232 216 
232 212 
236 204 
272 216 
236 212 
268 220 
236 208 
232 212 
236 204 
236 212 
240 224 
240 236 
236 248 
240 208 
232 212 
232 228 
236 212 
232 208 
236 208 
236 216 
232 212 
236 212 
232 212 
228 212 
240 204 
232 220 
240 212 
232 244 
232 208 
240 208 
232 236 
232 256 
352 224 
244 220 
232 208 
236 216 
236 212 
232 212 
232 212 
236 212 
236 208 
668 216 
232 208 
240 212 
240 212 
236 212 
236 212 
232 220 
236 236 
212 236 
232 444 
232 212 
236 212 
232 212 
232 208 
232 216 
224 236 
236 212 
212 216 
232 228 
236 216 
232 216 
236 212 
240 212 
232 256 
236 208 
236 212 
208 292 
232 208 
1100 208 
240 216 
232 224 
236 216 
236 208 
232 212 
236 212 
236 208 
232 212 
228 212 
236 208 
232 208 
228 212 
232 236 
240 240 
236 240 
232 212 
240 216 
236 236 
236 236 
232 216 
244 212 
236 208 
228 236 
228 212 
228 212 
288 212 
232 208 
232 212 
292 212 
228 208 
236 212 
240 224 
228 216 
236 240 
240 236 
236 244 
236 252 
260 208 
236 208 
236 236 
240 236 
232 232 
236 236 
236 236 
232 216 
236 236 
236 220 
228 208 
204 208 
240 240 
236 236 
240 236 
244 212 
244 224 
236 208 
272 220 
236 224 
460 236 
236 220 
232 220 
236 244 
236 212 
232 212 
236 212 
232 224 
232 260 
540 404 
232 212 
232 212 
236 216 
280 212 
232 212 
236 216 
232 220 
212 236 
240 532 
232 244 
232 212 
228 212 
240 304 
236 212 
232 208 
228 212 
852 760 
236 236 
232 212 
240 240 
240 272 
236 272 
232 212 
232 212 
236 212 
212 220 
240 204 
236 216 
232 216 
360 272 
232 212 
236 208 
232 212 
228 208 
248 212 
232 216 
228 208 
232 208 
228 216 
232 228 
236 208 
232 216 
236 208 
236 212 
240 220 
236 212 
232 212 
232 212 
236 212 
432 216 
232 216 
236 204 
232 220 
228 212 
232 204 
232 216 
236 216 
236 212 
232 204 
236 212 
240 216 
236 232 
232 236 
228 216 
292 228 
236 208 
232 208 
232 208 
232 212 
236 232 
236 236 
236 224 
236 212 
232 212 
244 252 
236 228 
220 216 
244 212 
232 212 
240 240 
236 212 
232 228 
236 212 
732 204 
236 212 
464 212 
228 228 
232 212 
228 212 
236 216 
240 208 
232 216 
236 208 
232 212 
704 220 
236 264 
236 216 
240 204 
232 208 
232 212 
232 212 
228 212 
212 212 
236 536 
268 256 
228 212 
236 212 
240 216 
240 212 
240 216 
240 212 
224 220 
232 236 
256 212 
236 216 
240 208 
232 212 
548 212 
236 240 
240 236 
236 212 
236 208 
228 212 
244 212 
236 212 
236 212 
48 48 
240 264 
232 240 
236 244 
228 216 
232 208 
232 212 
240 208 
240 212 
232 212 
232 212 
232 208 
236 216 
236 236 
228 280 
232 208 
232 212 
232 244 
240 208 
236 212 
236 212 
236 256 
240 236 
232 212 
236 212 
240 208 
236 220 
228 232 
236 212 
240 216 
48 52 
236 240 
232 216 
356 244 
232 220 
232 204 
232 208 
236 236 
232 240 
236 212 
240 204 
548 216 
236 240 
236 212 
232 224 
220 236 
236 220 
236 216 
240 216 
236 252 
236 216 
236 216 
240 236 
232 220 
456 208 
236 212 
228 212 
236 232 
236 208 
240 236 
228 52 
260 212 
236 220 
736 208 
228 212 
232 208 
236 220 
240 240 
236 216 
232 212 
236 216 
212 212 
236 540 
244 212 
272 204 
240 232 
264 220 
496 212 
236 216 
232 236 
208 212 
232 220 
232 308 
236 220 
228 208 
228 208 
236 212 
232 212 
236 212 
240 212 
232 208 
236 216 
236 256 
240 208 
244 212 
320 220 
240 216 
232 216 
232 236 
236 216 
240 240 
236 212 
232 212 
236 236 
232 220 
240 208 
236 216 
232 212 
232 216 
232 208 
232 216 
232 236 
228 216 
232 224 
236 212 
240 208 
232 232 
244 244 
236 220 
236 212 
232 212 
240 208 
232 224 
228 216 
232 216 
636 208 
232 204 
236 208 
236 212 
236 212 
236 488 
240 236 
236 208 
228 212 
228 208 
232 212 
236 212 
348 208 
232 204 
236 236 
268 216 
232 212 
232 224 
232 212 
236 216 
228 212 
236 216 
240 204 
236 244 
488 212 
232 212 
236 236 
236 240 
232 232 
236 212 
236 212 
240 232 
228 212 
740 216 
236 216 
236 212 
240 216 
236 224 
236 216 
232 208 
232 204 
208 208 
240 552 
232 220 
232 212 
232 212 
236 220 
236 232 
232 232 
232 220 
216 340 
240 236 
232 220 
232 216 
236 212 
240 204 
228 208 
232 220 
232 208 
228 212 
232 228 
228 212 
240 240 
236 220 
236 224 
236 260 
236 260 
260 216 
232 220 
236 212 
232 204 
236 216 
232 212 
232 252 
236 216 
228 208 
236 216 
232 236 
232 232 
236 216 
232 260 
228 212 
228 212 
232 216 
800 212 
236 208 
236 212 
228 220 
236 236 
232 232 
240 212 
240 216 
232 216 
232 252 
240 212 
236 216 
236 204 
236 216 
236 208 
236 208 
236 212 
236 216 
232 212 
232 212 
236 212 
236 216 
236 240 
228 208 
232 212 
228 212 
268 212 
240 224 
236 208 
240 212 
244 236 
236 208 
232 208 
228 280 
236 212 
504 220 
232 236 
244 248 
240 240 
232 208 
232 220 
232 208 
236 212 
232 220 
232 384 
232 216 
236 236 
236 236 
240 244 
244 212 
224 212 
236 216 
216 216 
236 588 
240 240 
232 208 
236 216 
232 208 
228 208 
236 224 
236 212 
208 212 
236 216 
240 212 
240 220 
232 212 
236 216 
236 216 
272 232 
236 212 
232 212 
232 204 
236 232 
232 208 
244 236 
232 212 
236 264 
232 236 
232 208 
232 212 
232 212 
232 216 
232 236 
236 1488 
232 216 
236 224 
240 212 
236 208 
232 240 
232 240 
236 264 
356 320 
244 216 
240 232 
236 224 
236 216 
236 216 
236 212 
232 240 
240 252 
236 216 
232 208 
232 212 
44 44 
228 212 
232 208 
236 216 
236 272 
236 240 
224 212 
236 212 
240 224 
236 208 
240 212 
236 208 
232 208 
244 208 
232 1012 
236 212 
236 208 
236 232 
284 212 
264 208 
240 212 
244 208 
240 236 
236 232 
236 220 
240 216 
232 212 
548 208 
48 48 
232 208 
240 212 
244 212 
232 248 
236 212 
236 212 
248 204 
232 392 
232 216 
228 212 
236 212 
232 208 
232 212 
228 216 
240 208 
208 236 
232 564 
232 212 
228 212 
268 208 
236 212 
232 216 
228 44 
236 236 
212 240 
236 236 
236 248 
228 212 
236 232 
232 208 
232 212 
232 228 
240 216 
236 216 
232 240 
236 236 
236 212 
236 208 
236 212 
240 212 
240 212 
236 252 
228 216 
228 232 
292 208 
236 212 
232 208 
236 232 
236 240 
232 232 
240 212 
228 216 
232 212 
236 220 
232 208 
228 216 
240 208 
232 240 
236 228 
236 212 
236 220 
232 216 
240 212 
236 208 
232 212 
232 208 
236 204 
232 216 
232 256 
236 216 
228 220 
228 208 
232 212 
240 212 
240 216 
236 244 
292 220 
228 292 
240 216 
228 212 
236 244 
228 208 
240 212 
236 212 
300 212 
232 224 
232 208 
232 212 
236 212 
236 212 
232 216 
236 212 
236 228 
552 220 
268 220 
232 204 
232 212 
236 208 
236 248 
260 208 
232 212 
232 252 
232 416 
236 212 
232 232 
232 240 
236 208 
228 216 
240 212 
236 208 
212 220 
232 640 
236 208 
236 264 
272 212 
236 212 
240 212 
232 256 
228 208 
208 216 
232 224 
236 212 
236 208 
236 232 
296 216 
240 240 
236 268 
236 220 
232 252 
260 212 
232 208 
232 212 
348 212 
232 232 
232 224 
240 212 
240 212 
236 236 
236 208 
232 216 
232 212 
240 212 
236 212 
236 212 
236 212 
236 264 
232 216 
232 260 
232 216 
240 208 
240 208 
232 208 
236 236 
236 236 
264 216 
268 208 
240 212 
232 220 
240 216 
236 216 
236 224 
236 216 
320 212 
236 224 
236 236 
252 208 
232 248 
232 232 
232 208 
228 216 
324 224 
236 256 
236 268 
236 216 
232 208 
236 216 
232 212 
236 216 
452 212 
328 212 
236 236 
236 260 
228 212 
232 208 
232 208 
240 216 
228 220 
328 236 
584 220 
228 228 
232 236 
236 212 
236 236 
228 216 
228 208 
232 204 
396 224 
232 440 
244 212 
240 212 
236 208 
232 216 
232 208 
240 216 
244 236 
216 216 
236 664 
228 224 
236 212 
236 216 
232 216 
232 208 
236 208 
232 208 
272 216 
268 208 
236 212 
236 216 
232 212 
232 216 
236 260 
236 212 
240 216 
236 212 
236 204 
236 212 
236 216 
236 220 
240 212 
240 248 
232 240 
232 204 
236 212 
240 220 
236 236 
236 220 
232 212 
240 220 
236 216 
236 212 
228 212 
232 212 
232 212 
240 236 
240 216 
236 232 
236 212 
240 224 
236 212 
236 236 
232 244 
228 216 
232 220 
240 212 
236 228 
236 212 
236 216 
236 224 
236 220 
232 216 
236 240 
236 212 
228 212 
236 212 
232 236 
232 236 
232 232 
236 240 
244 216 
232 204 
240 216 
44 52 
232 208 
236 208 
360 212 
236 236 
236 220 
276 224 
244 208 
232 208 
236 212 
236 216 
236 232 
644 216 
236 212 
232 208 
232 212 
224 220 
236 216 
236 212 
232 236 
296 208 
44 48 
228 216 
452 216 
232 236 
236 220 
228 216 
228 208 
236 216 
220 220 
240 672 
236 236 
228 208 
236 212 
236 264 
240 220 
240 212 
236 212 
216 216 
232 236 
724 208 
232 208 
240 212 
236 268 
240 208 
228 212 
232 208 
232 208 
232 216 
236 212 
228 48 
228 204 
232 208 
236 212 
232 220 
232 244 
232 220 
244 212 
236 248 
236 208 
232 208 
236 220 
236 208 
240 212 
236 212 
236 216 
236 256 
228 232 
236 216 
236 236 
228 224 
232 236 
236 240 
236 236 
236 216 
232 212 
236 224 
236 220 
236 224 
236 232 
248 256 
228 216 
232 208 
236 208 
236 236 
228 252 
236 208 
228 212 
236 216 
236 272 
236 220 
236 212 
236 212 
232 224 
236 220 
236 212 
236 212 
232 208 
372 212 
232 256 
232 212 
236 260 
228 212 
232 212 
236 224 
228 212 
232 212 
212 212 
236 232 
240 212 
232 216 
236 204 
240 212 
324 216 
236 216 
252 212 
228 456 
240 328 
236 232 
240 256 
252 212 
236 224 
232 208 
232 1140 
216 212 
232 692 
232 216 
236 264 
236 236 
244 212 
228 208 
240 216 
236 212 
212 212 
240 216 
236 220 
228 216 
232 208 
236 236 
232 252 
228 212 
236 212 
236 232 
236 216 
236 208 
236 208 
232 208 
236 212 
240 232 
240 260 
232 216 
236 212 
240 212 
236 216 
236 236 
236 220 
232 208 
236 1044 
232 256 
232 216 
232 220 
236 212 
240 212 
236 212 
236 208 
396 216 
232 264 
236 236 
264 212 
232 212 
236 220 
236 228 
236 236 
236 268 
236 212 
232 204 
232 252 
236 208 
232 212 
236 208 
236 236 
236 212 
236 216 
232 208 
236 212 
236 216 
236 236 
236 268 
232 236 
236 220 
252 208 
232 212 
232 212 
400 236 
240 244 
232 212 
236 212 
240 208 
236 232 
232 236 
236 208 
236 224 
632 212 
232 212 
232 208 
232 208 
236 212 
240 232 
240 212 
244 208 
216 208 
808 232 
236 236 
236 212 
236 212 
236 236 
236 264 
232 216 
248 208 
212 216 
236 684 
232 268 
236 268 
236 264 
256 212 
244 216 
236 236 
236 236 
216 216 
236 224 
236 316 
232 212 
236 216 
240 224 
236 220 
236 220 
236 260 
272 216 
232 212 
240 216 
240 216 
232 1112 
236 216 
240 212 
236 208 
228 216 
232 212 
232 204 
236 208 
236 208 
232 260 
240 236 
236 240 
236 240 
236 236 
228 212 
236 220 
236 216 
232 216 
240 232 
228 212 
232 208 
232 212 
232 212 
268 224 
232 236 
232 216 
232 208 
228 216 
232 212 
236 216 
232 208 
232 216 
232 212 
324 236 
192 216 
236 208 
232 216 
236 220 
200 212 
240 204 
240 212 
236 236 
232 212 
228 228 
236 220 
52 56 
0 0 
0 0 
0 0 
212 212 
192 208 
44 48 
232 208 
232 212 
232 44 
236 220 
644 224 
228 212 
236 208 
236 216 
236 248 
252 212 
232 208 
228 216 
212 256 
232 492 
236 216 
236 212 
236 224 
236 236 
252 212 
236 220 
340 220 
220 212 
228 212 
236 216 
232 212 
236 236 
236 232 
228 212 
232 208 
236 212 
224 208 
236 212 
236 224 
240 220 
232 212 
240 224 
232 204 
232 216 
236 208 
240 212 
232 240 
232 208 
232 212 
232 220 
232 216 
236 224 
232 212 
236 208 
232 220 
236 224 
236 272 
240 208 
228 212 
236 236 
236 212 
232 212 
228 216 
236 208 
236 216 
236 212 
228 216 
236 212 
236 208 
232 208 
236 216 
828 240 
228 208 
236 212 
236 228 
240 236 
236 216 
232 216 
232 208 
260 212 
236 236 
260 212 
236 208 
236 212 
240 212 
232 212 
228 220 
220 212 
232 208 
240 212 
236 236 
236 248 
236 216 
236 208 
236 216 
276 216 
436 212 
228 232 
232 212 
236 212 
236 212 
240 240 
244 212 
232 216 
228 208 
356 1448 
228 212 
236 244 
240 204 
232 208 
236 208 
232 212 
236 212 
212 216 
236 532 
248 272 
236 208 
232 216 
240 212 
232 216 
236 240 
232 212 
212 1168 
240 240 
232 216 
228 220 
224 220 
232 232 
236 212 
232 240 
232 216 
236 208 
236 212 
236 216 
232 216 
228 212 
288 216 
236 236 
228 212 
228 208 
232 232 
228 208 
232 204 
232 216 
236 232 
240 216 
236 212 
236 256 
232 216 
236 216 
232 208 
236 212 
236 264 
256 216 
400 212 
240 236 
232 208 
236 212 
232 208 
232 208 
236 236 
236 268 
244 256 
236 212 
236 204 
236 212 
232 208 
236 208 
232 212 
232 228 
228 212 
228 212 
236 260 
236 216 
236 208 
236 236 
240 236 
236 232 
232 212 
232 224 
232 212 
228 208 
232 212 
300 212 
228 212 
232 216 
236 236 
228 212 
236 208 
1044 212 
256 212 
468 236 
240 212 
232 208 
232 216 
236 216 
236 232 
236 236 
232 260 
236 220 
708 216 
448 208 
236 208 
236 236 
236 208 
232 220 
232 212 
232 212 
220 208 
236 524 
236 212 
236 240 
228 264 
228 208 
236 212 
232 212 
236 208 
212 224 
236 236 
356 216 
236 208 
232 216 
236 240 
232 204 
232 220 
236 204 
232 256 
232 212 
236 216 
232 212 
236 208 
236 216 
244 208 
228 212 
236 208 
232 204 
236 212 
236 212 
240 220 
232 216 
236 212 
348 220 
236 208 
232 212 
240 204 
232 240 
240 216 
232 264 
236 216 
244 216 
376 212 
228 216 
240 220 
236 212 
260 212 
236 260 
240 204 
228 212 
232 212 
240 216 
252 216 
232 208 
236 212 
332 220 
236 260 
232 240 
256 212 
232 328 
236 220 
232 240 
232 212 
228 216 
232 208 
40 956 
240 212 
248 216 
232 220 
252 212 
236 236 
236 240 
228 212 
236 220 
232 212 
236 220 
232 216 
232 212 
464 212 
236 212 
236 216 
240 232 
232 220 
236 216 
232 232 
48 228 
228 208 
740 212 
240 208 
232 212 
232 220 
236 212 
232 232 
232 212 
236 236 
208 212 
228 584 
236 212 
236 240 
236 204 
236 212 
236 240 
268 232 
228 212 
208 220 
360 568 
236 212 
236 248 
228 248 
272 212 
232 208 
232 212 
236 48 
232 216 
232 236 
232 228 
244 240 
240 212 
236 216 
236 216 
228 204 
240 212 
236 240 
236 236 
236 208 
236 212 
232 216 
324 216 
228 216 
236 216 
240 208 
236 240 
444 244 
228 212 
232 208 
296 216 
236 216 
236 416 
232 204 
232 212 
232 212 
236 232 
236 268 
232 244 
232 208 
236 220 
228 216 
228 216 
236 236 
932 232 
236 208 
232 208 
236 212 
236 212 
236 256 
232 208 
232 212 
232 212 
236 220 
240 208 
236 228 
232 212 
244 212 
232 212 
252 216 
236 212 
236 228 
236 208 
236 216 
240 268 
236 212 
232 212 
228 212 
480 216 
236 216 
244 236 
240 216 
228 216 
240 236 
232 220 
264 216 
592 208 
536 220 
232 212 
228 208 
228 208 
236 208 
232 216 
236 236 
236 220 
248 216 
228 596 
232 204 
232 212 
232 208 
344 228 
240 224 
232 240 
232 208 
212 220 
228 216 
236 240 
236 232 
236 212 
228 212 
236 208 
232 216 
236 216 
232 212 
236 212 
232 212 
232 204 
236 208 
236 236 
236 220 
232 248 
712 204 
232 252 
236 212 
312 216 
232 208 
236 260 
232 240 
232 212 
232 216 
232 216 
240 216 
236 240 
232 208 
236 228 
236 208 
232 216 
236 212 
232 212 
232 212 
232 208 
300 208 
196 208 
228 236 
232 232 
228 232 
232 232 
232 224 
228 208 
232 208 
252 208 
240 212 
228 236 
236 260 
236 212 
232 208 
236 212 
236 216 
240 236 
232 212 
244 244 
236 236 
240 228 
228 212 
276 216 
240 236 
268 212 
232 248 
232 216 
236 216 
248 216 
236 208 
228 208 
500 220 
240 216 
232 216 
236 212 
236 224 
236 236 
236 240 
236 216 
232 208 
236 372 
228 212 
232 212 
232 212 
236 212 
232 340 
232 204 
228 208 
208 204 
232 616 
236 216 
236 212 
236 216 
240 208 
228 212 
236 236 
232 216 
212 208 
232 212 
236 212 
232 208 
236 220 
232 224 
580 212 
236 236 
236 236 
236 252 
236 204 
240 212 
232 208 
228 212 
236 212 
240 208 
236 216 
236 216 
236 212 
236 216 
236 236 
232 244 
232 212 
232 212 
232 224 
236 208 
236 216 
236 236 
252 208 
232 212 
236 216 
232 232 
232 232 
232 212 
232 204 
236 212 
240 264 
236 236 
252 236 
236 240 
232 236 
236 212 
236 216 
236 260 
232 248 
232 212 
224 212 
228 212 
232 212 
236 212 
232 220 
232 236 
240 260 
236 208 
236 220 
236 232 
236 240 
228 216 
236 204 
232 216 
312 208 
236 216 
232 212 
228 208 
236 204 
240 232 
232 212 
236 236 
244 300 
532 212 
244 232 
228 216 
232 216 
236 212 
236 208 
240 236 
236 212 
232 208 
232 388 
236 212 
60 48 
232 236 
236 220 
236 252 
260 208 
236 212 
208 212 
236 636 
240 236 
232 208 
532 268 
232 212 
236 212 
236 212 
232 236 
212 264 
228 212 
236 296 
236 216 
232 212 
232 208 
232 216 
232 220 
232 216 
232 208 
232 228 
48 48 
244 208 
228 208 
236 212 
264 228 
228 212 
232 212 
236 212 
232 232 
236 212 
232 208 
240 212 
236 216 
228 212 
236 252 
232 208 
236 212 
236 220 
232 224 
236 208 
236 212 
232 208 
236 248 
236 228 
236 212 
232 216 
232 224 
232 208 
240 224 
240 44 
236 216 
240 212 
236 220 
236 212 
232 212 
232 228 
244 244 
232 236 
236 244 
236 220 
240 216 
232 212 
232 212 
228 212 
228 216 
232 212 
236 236 
228 216 
468 216 
328 236 
236 236 
268 212 
232 216 
236 216 
280 212 
232 216 
232 216 
228 208 
552 208 
348 228 
232 220 
236 208 
236 212 
236 208 
236 216 
232 236 
228 220 
236 412 
300 212 
236 252 
232 212 
236 236 
232 208 
236 240 
236 236 
212 260 
228 680 
228 212 
236 216 
240 232 
236 252 
240 212 
232 208 
228 212 
216 216 
236 288 
232 216 
240 224 
232 208 
232 224 
240 220 
232 208 
232 216 
232 204 
232 212 
232 212 
236 224 
236 212 
228 212 
236 236 
236 236 
288 1044 
236 236 
268 208 
232 212 
236 212 
232 220 
232 204 
232 216 
228 212 
232 204 
236 212 
240 212 
232 216 
232 236 
276 212 
232 212 
236 216 
240 268 
236 204 
232 212 
236 208 
232 224 
236 236 
232 236 
236 212 
236 212 
236 216 
232 208 
232 216 
228 208 
244 208 
232 212 
232 244 
232 212 
356 208 
224 208 
236 208 
232 212 
232 208 
236 216 
236 236 
232 220 
232 208 
360 216 
240 216 
236 236 
228 236 
236 208 
236 220 
232 264 
232 1048 
236 232 
592 236 
232 212 
236 204 
236 204 
236 212 
236 208 
232 208 
232 204 
232 208 
232 460 
232 240 
228 212 
232 212 
236 212 
236 220 
236 212 
232 248 
208 264 
232 688 
232 208 
240 216 
236 208 
232 220 
236 264 
236 256 
240 212 
212 272 
232 216 
236 212 
236 212 
236 236 
232 212 
236 944 
232 212 
240 212 
236 212 
236 216 
232 208 
236 208 
228 220 
240 208 
248 208 
236 212 
228 208 
252 216 
236 216 
232 216 
256 212 
236 212 
236 216 
232 292 
232 212 
240 216 
232 236 
236 236 
236 212 
236 224 
236 204 
236 212 
232 228 
228 216 
236 212 
232 208 
232 208 
236 212 
252 212 
192 212 
232 216 
236 264 
236 252 
240 272 
228 212 
228 216 
232 216 
236 208 
232 212 
236 212 
236 240 
232 212 
232 212 
232 212 
236 208 
232 216 
236 220 
236 220 
280 240 
380 216 
240 216 
236 240 
232 244 
236 252 
232 208 
232 208 
232 212 
236 208 
588 220 
232 212 
232 208 
236 212 
260 208 
236 208 
232 212 
236 212 
212 224 
240 468 
236 232 
236 296 
232 204 
228 220 
232 216 
236 212 
236 212 
216 212 
236 684 
232 212 
232 220 
232 1040 
264 212 
236 216 
236 216 
232 212 
208 216 
236 212 
232 208 
240 208 
232 220 
236 212 
240 236 
236 240 
236 244 
232 208 
316 212 
232 208 
236 208 
236 268 
232 240 
232 192 
44 220 
232 236 
240 208 
236 212 
232 220 
244 252 
236 208 
236 212 
232 236 
236 240 
228 212 
236 208 
232 204 
192 228 
236 212 
236 228 
236 212 
232 212 
240 216 
240 216 
236 232 
404 212 
232 212 
236 208 
236 212 
240 212 
232 208 
232 212 
232 212 
44 44 
228 212 
236 236 
236 204 
236 212 
236 292 
236 204 
232 212 
240 232 
240 220 
236 208 
236 204 
236 204 
260 208 
236 208 
384 220 
232 220 
236 236 
236 232 
232 220 
316 212 
240 208 
236 248 
244 212 
640 212 
232 248 
232 212 
232 212 
232 212 
232 220 
232 212 
232 48 
224 236 
240 452 
228 1152 
228 216 
236 212 
228 208 
228 208 
228 212 
352 260 
216 216 
232 696 
240 212 
232 212 
240 216 
232 208 
236 220 
240 208 
240 216 
216 220 
288 224 
232 204 
232 216 
236 228 
292 220 
236 212 
236 212 
228 212 
232 212 
236 212 
236 236 
236 232 
232 252 
228 208 
236 252 
228 212 
788 212 
236 216 
240 212 
236 212 
236 256 
252 216 
232 216 
228 212 
236 216 
232 244 
232 216 
232 212 
244 208 
236 236 
236 244 
224 216 
228 212 
232 216 
236 216 
236 208 
236 212 
236 236 
236 228 
232 256 
236 228 
236 216 
232 212 
236 216 
236 216 
232 216 
232 220 
232 220 
232 212 
236 212 
820 236 
240 208 
236 212 
236 240 
236 272 
236 216 
252 208 
232 216 
232 212 
404 212 
240 212 
236 236 
232 220 
228 212 
232 212 
232 212 
232 212 
240 964 
624 236 
264 212 
228 220 
240 216 
236 228 
232 208 
232 216 
232 216 
236 216 
236 480 
228 240 
232 220 
236 204 
272 208 
236 224 
228 212 
236 204 
216 212 
236 212 
240 216 
232 212 
232 212 
236 268 
240 244 
236 232 
240 236 
208 220 
236 208 
236 256 
228 216 
228 216 
236 208 
228 216 
236 212 
236 212 
236 240 
228 212 
236 208 
236 212 
236 224 
228 232 
240 208 
244 236 
236 212 
228 220 
236 208 
432 208 
232 216 
236 208 
236 208 
232 208 
236 220 
236 236 
236 244 
236 216 
240 208 
236 216 
236 220 
232 264 
236 212 
240 216 
236 220 
236 236 
236 232 
232 208 
236 208 
904 220 
232 212 
232 220 
228 204 
236 212 
236 212 
232 216 
236 236 
232 208 
236 208 
236 212 
216 216 
232 208 
240 224 
236 244 
232 252 
232 208 
232 236 
236 232 
256 228 
424 220 
236 212 
232 212 
232 232 
236 220 
236 212 
232 216 
232 208 
232 208 
676 244 
256 208 
232 236 
236 220 
236 208 
236 212 
236 216 
236 268 
228 220 
252 400 
232 212 
236 208 
232 216 
236 228 
232 208 
236 212 
236 216 
212 220 
236 748 
240 212 
232 208 
236 252 
232 212 
232 212 
236 208 
240 208 
216 216 
236 264 
240 216 
236 216 
236 212 
232 212 
232 204 
240 240 
236 236 
232 240 
244 220 
232 212 
232 204 
228 228 
356 208 
232 212 
232 212 
236 216 
232 212 
228 208 
244 212 
232 212 
236 208 
240 216 
236 212 
240 224 
240 236 
236 208 
232 212 
1032 212 
228 212 
240 220 
236 216 
232 216 
232 216 
232 208 
228 208 
240 204 
236 208 
236 244 
232 212 
348 212 
240 228 
232 216 
232 212 
228 212 
236 212 
236 216 
232 44 
48 48 
232 240 
220 216 
324 224 
228 216 
232 208 
236 212 
292 240 
236 212 
236 236 
236 204 
448 216 
232 212 
240 204 
232 212 
228 216 
236 204 
228 216 
232 208 
236 208 
672 216 
236 220 
236 220 
232 212 
236 220 
236 232 
236 236 
232 268 
220 212 
232 516 
236 236 
48 48 
272 236 
236 208 
236 216 
232 232 
236 212 
216 264 
240 220 
232 244 
232 212 
236 208 
236 208 
232 208 
236 220 
236 212 
244 220 
324 488 
232 212 
232 216 
244 208 
236 216 
236 48 
252 212 
228 212 
236 212 
236 232 
240 252 
232 256 
236 268 
236 216 
236 208 
240 212 
228 212 
356 212 
228 208 
240 212 
232 216 
236 212 
236 212 
232 240 
232 208 
232 216 
232 212 
232 252 
228 212 
232 212 
232 212 
240 212 
236 216 
240 208 
236 212 
232 208 
232 212 
236 232 
232 216 
240 212 
240 216 
236 204 
236 208 
236 208 
232 212 
232 212 
244 212 
240 220 
232 232 
236 224 
448 380 
232 228 
236 208 
236 212 
236 236 
240 220 
236 208 
232 212 
236 208 
448 212 
240 220 
236 240 
232 216 
232 212 
232 212 
240 340 
236 236 
232 236 
712 216 
232 208 
236 224 
236 208 
236 216 
232 204 
236 208 
224 212 
212 216 
232 540 
244 212 
240 208 
236 216 
236 208 
236 212 
236 212 
316 220 
208 212 
240 212 
232 224 
236 204 
236 208 
236 220 
236 212 
228 220 
232 204 
240 208 
236 208 
232 228 
232 208 
264 212 
232 224 
252 216 
228 208 
236 212 
240 208 
240 216 
336 212 
240 208 
236 244 
236 212 
228 232 
236 216 
232 216 
228 216 
236 212 
232 260 
236 216 
236 208 
236 220 
556 244 
232 208 
236 236 
228 216 
236 236 
236 224 
228 216 
228 228 
240 212 
236 224 
236 208 
232 260 
252 212 
232 212 
228 256 
232 212 
232 208 
240 216 
232 208 
236 228 
236 240 
236 244 
236 244 
232 220 
236 236 
240 212 
240 216 
224 212 
232 256 
236 232 
236 256 
240 244 
228 212 
240 212 
240 236 
232 212 
484 220 
232 216 
240 208 
232 220 
232 212 
232 220 
232 212 
236 216 
232 236 
708 228 
224 208 
240 208 
228 216 
232 208 
444 212 
236 208 
232 212 
212 208 
236 556 
232 216 
236 212 
236 236 
236 212 
232 208 
232 212 
232 208 
212 264 
240 212 
276 224 
236 248 
236 208 
236 204 
236 300 
232 204 
232 208 
236 216 
240 232 
236 204 
232 256 
232 212 
240 244 
252 208 
232 208 
232 208 
236 212 
240 236 
232 248 
236 236 
236 208 
232 236 
244 212 
232 220 
232 208 
244 212 
232 212 
232 212 
240 236 
236 212 
232 212 
240 208 
232 216 
236 220 
232 252 
232 232 
236 212 
228 212 
228 212 
236 208 
240 208 
232 212 
228 220 
228 212 
232 236 
236 216 
228 212 
228 216 
284 212 
240 208 
228 212 
232 212 
236 212 
232 208 
232 208 
236 236 
236 240 
232 216 
280 212 
232 240 
232 252 
232 216 
228 212 
236 220 
232 216 
232 208 
228 212 
500 216 
236 240 
232 208 
444 232 
232 212 
236 208 
240 204 
236 236 
252 212 
748 212 
228 212 
236 212 
232 212 
236 212 
232 212 
44 72 
228 216 
208 216 
228 608 
228 216 
232 216 
236 212 
236 212 
236 208 
236 212 
236 212 
220 320 
236 212 
232 232 
232 252 
236 204 
228 212 
236 212 
236 212 
232 220 
232 212 
244 208 
236 212 
236 264 
232 260 
228 212 
228 212 
236 220 
236 236 
232 208 
236 216 
228 208 
236 208 
40 48 
240 268 
232 236 
236 224 
232 228 
236 212 
232 212 
236 212 
240 212 
240 216 
232 216 
236 208 
240 216 
236 232 
232 216 
236 216 
240 240 
236 228 
236 212 
236 212 
228 208 
236 236 
240 256 
232 212 
236 208 
236 212 
236 212 
232 204 
232 208 
244 220 
236 48 
236 220 
232 208 
232 208 
232 212 
232 212 
228 208 
228 208 
268 216 
572 212 
240 224 
232 264 
236 212 
236 220 
236 236 
232 236 
236 216 
500 216 
232 216 
300 240 
236 212 
232 272 
232 240 
236 216 
228 212 
236 220 
740 216 
236 216 
232 212 
236 212 
236 212 
236 236 
236 256 
236 212 
212 288 
232 616 
228 224 
236 220 
228 216 
236 216 
240 208 
228 208 
232 1124 
208 208 
232 212 
232 212 
240 212 
236 264 
236 244 
232 212 
236 228 
240 212 
236 216 
236 212 
232 208 
232 204 
232 208 
236 212 
236 208 
232 216 
232 208 
236 232 
236 264 
236 212 
232 216 
228 216 
244 220 
236 232 
232 208 
236 220 
240 236 
236 216 
232 216 
232 220 
236 212 
232 212 
312 220 
236 220 
240 232 
228 228 
384 208 
240 212 
260 208 
236 212 
232 204 
232 212 
232 212 
232 212 
232 208 
268 220 
240 216 
236 208 
232 900 
228 224 
236 204 
236 212 
236 216 
232 212 
236 212 
236 212 
236 208 
232 220 
228 208 
288 216 
232 220 
232 216 
232 228 
236 232 
232 212 
228 216 
228 204 
236 308 
548 220 
236 232 
232 252 
232 224 
232 244 
232 212 
340 212 
256 212 
232 212 
236 404 
236 208 
236 208 
232 208 
228 248 
232 908 
228 216 
232 208 
216 216 
228 636 
236 208 
236 236 
240 240 
236 208 
228 208 
236 208 
252 216 
216 216 
232 252 
232 212 
240 220 
232 236 
248 240 
228 216 
232 216 
236 216 
236 212 
232 208 
236 212 
264 208 
236 212 
236 216 
236 232 
232 224 
236 216 
236 208 
236 212 
236 236 
240 208 
188 216 
272 208 
236 236 
232 208 
236 208 
236 236 
236 208 
232 216 
240 212 
236 216 
236 208 
232 224 
232 212 
236 212 
236 216 
232 236 
228 216 
236 260 
232 212 
236 224 
228 216 
232 208 
236 208 
240 264 
248 212 
232 244 
316 216 
240 208 
236 220 
236 232 
236 232 
236 236 
240 248 
260 212 
236 228 
236 216 
228 220 
236 216 
284 212 
236 252 
236 216 
228 212 
240 236 
236 220 
240 208 
232 208 
228 208 
560 212 
240 248 
236 212 
240 280 
236 212 
232 212 
240 240 
236 232 
236 216 
236 376 
236 208 
236 224 
236 240 
236 220 
236 252 
232 232 
236 208 
220 228 
236 648 
240 224 
236 236 
232 216 
232 216 
236 212 
232 212 
240 240 
208 216 
240 216 
232 208 
232 212 
236 216 
232 216 
236 212 
236 216 
236 216 
240 232 
236 252 
212 252 
236 212 
232 216 
236 224 
236 240 
236 236 
228 208 
232 220 
236 212 
236 208 
228 212 
40 48 
228 208 
232 212 
236 212 
232 236 
240 244 
236 212 
236 240 
240 244 
236 208 
236 236 
240 236 
232 208 
232 224 
232 216 
256 244 
236 236 
236 212 
232 208 
240 212 
232 232 
232 240 
232 224 
232 212 
228 212 
236 216 
236 224 
236 244 
240 240 
48 52 
236 216 
236 236 
240 248 
236 220 
236 208 
232 208 
236 212 
280 208 
348 236 
232 1036 
240 244 
236 264 
288 208 
232 212 
236 220 
240 236 
232 256 
560 48 
228 216 
236 212 
232 216 
236 216 
236 240 
236 236 
236 216 
232 212 
236 416 
236 216 
236 232 
232 212 
240 208 
232 248 
232 216 
236 212 
216 208 
232 664 
232 212 
236 248 
240 204 
236 208 
232 208 
228 212 
664 216 
216 232 
232 212 
232 212 
228 232 
232 236 
236 216 
232 208 
240 216 
232 216 
228 216 
204 208 
0 0 
0 0 
228 208 
236 236 
236 220 
232 240 
232 220 
228 208 
232 208 
232 208 
232 212 
236 220 
228 212 
236 216 
236 256 
232 248 
236 256 
232 212 
240 216 
236 224 
284 236 
232 244 
972 204 
232 212 
240 240 
236 240 
236 212 
232 212 
236 216 
236 236 
232 240 
228 216 
232 216 
236 220 
236 236 
236 216 
228 212 
232 216 
236 240 
240 860 
236 208 
232 288 
232 208 
232 212 
236 268 
228 220 
236 236 
232 216 
236 208 
356 212 
236 212 
232 212 
232 208 
236 236 
232 208 
236 212 
232 216 
232 224 
608 232 
236 212 
236 220 
236 212 
240 272 
232 212 
236 236 
236 232 
216 212 
236 456 
236 208 
236 208 
228 212 
232 216 
240 212 
228 216 
236 212 
220 208 
236 684 
232 224 
232 260 
232 216 
236 220 
236 216 
236 212 
236 268 
216 212 
236 212 
236 216 
300 224 
228 216 
232 208 
240 228 
236 236 
232 212 
240 212 
232 208 
236 220 
232 220 
232 212 
232 216 
236 212 
236 236 
236 212 
232 212 
232 216 
232 212 
236 208 
720 212 
236 216 
228 212 
232 216 
424 212 
232 216 
236 240 
232 256 
248 212 
224 216 
236 212 
236 240 
236 212 
236 216 
264 208 
240 236 
228 216 
232 208 
236 208 
236 212 
240 208 
236 228 
236 212 
236 236 
232 212 
236 208 
236 220 
232 216 
232 208 
228 212 
236 224 
228 216 
228 212 
276 212 
236 236 
232 208 
236 208 
236 236 
368 208 
236 212 
232 252 
232 208 
232 212 
236 208 
240 236 
236 268 
236 224 
620 216 
232 216 
448 212 
244 216 
232 208 
228 212 
240 232 
232 212 
212 212 
232 460 
232 208 
240 216 
240 264 
236 220 
240 240 
236 232 
244 216 
204 216 
236 692 
232 236 
232 236 
236 252 
228 212 
236 204 
236 232 
232 232 
212 264 
228 216 
232 208 
236 208 
240 240 
236 216 
232 204 
236 212 
236 216 
240 204 
236 212 
944 228 
232 212 
232 220 
236 208 
232 216 
232 208 
236 212 
236 208 
232 208 
236 216 
236 252 
240 236 
236 244 
228 216 
228 212 
228 240 
232 212 
248 212 
232 248 
232 208 
232 216 
232 208 
236 212 
240 216 
236 236 
228 224 
228 212 
236 208 
44 44 
228 216 
228 216 
620 208 
260 240 
228 212 
240 204 
232 208 
236 212 
232 208 
240 208 
236 236 
228 216 
232 228 
232 216 
232 212 
232 212 
324 212 
240 204 
236 208 
40 48 
376 208 
244 212 
236 216 
236 212 
240 212 
236 236 
232 236 
232 212 
240 208 
632 216 
232 272 
232 216 
232 216 
360 212 
232 208 
236 216 
236 216 
208 216 
404 212 
236 216 
236 208 
232 236 
252 212 
448 212 
256 212 
236 216 
332 216 
232 712 
236 204 
236 52 
252 208 
240 212 
236 212 
236 212 
236 248 
1080 260 
236 220 
232 248 
232 208 
252 216 
232 236 
228 216 
236 216 
240 212 
236 208 
232 216 
228 208 
236 212 
232 212 
236 256 
232 216 
236 212 
236 208 
232 204 
236 284 
232 212 
232 216 
232 216 
244 208 
232 212 
232 228 
228 212 
228 212 
236 212 
232 212 
228 208 
236 212 
236 236 
636 208 
232 212 
256 236 
236 224 
240 208 
232 220 
236 216 
236 240 
232 208 
232 216 
236 216 
232 236 
240 216 
228 216 
232 208 
232 212 
236 208 
232 216 
224 264 
236 260 
272 216 
232 216 
236 212 
236 212 
240 240 
232 220 
232 240 
416 208 
228 220 
228 216 
236 208 
236 212 
232 212 
240 208 
224 208 
232 260 
680 212 
324 220 
236 236 
232 236 
240 212 
240 208 
228 268 
236 216 
216 216 
240 504 
232 248 
224 212 
248 216 
236 256 
232 208 
232 204 
236 208 
212 212 
232 684 
236 224 
232 212 
236 212 
232 212 
236 212 
236 216 
236 212 
220 208 
236 212 
232 212 
236 220 
240 244 
236 212 
236 220 
228 232 
232 208 
236 220 
236 216 
236 212 
228 208 
360 212 
236 216 
228 208 
236 212 
236 212 
236 236 
240 208 
232 212 
236 272 
236 216 
232 208 
232 216 
240 208 
232 240 
260 208 
232 216 
232 216 
228 212 
232 208 
236 208 
232 228 
236 212 
232 232 
232 208 
232 212 
236 212 
232 236 
232 212 
228 208 
236 212 
240 212 
236 208 
228 212 
280 208 
228 212 
236 212 
240 216 
236 236 
216 216 
236 208 
236 216 
236 216 
240 212 
344 216 
240 232 
232 260 
228 216 
404 212 
236 216 
236 212 
236 208 
236 204 
236 236 
236 212 
240 212 
228 212 
676 212 
240 240 
232 212 
228 212 
228 208 
236 212 
232 216 
236 236 
216 236 
232 520 
236 204 
228 208 
236 212 
232 224 
232 216 
232 208 
232 216 
220 236 
236 724 
240 216 
236 204 
236 236 
228 212 
236 224 
232 224 
232 240 
240 212 
232 208 
252 212 
236 240 
236 212 
236 216 
228 212 
240 208 
236 216 
232 212 
236 220 
236 212 
232 220 
232 216 
236 232 
236 236 
236 252 
232 220 
228 212 
232 208 
236 212 
240 212 
236 224 
228 248 
224 220 
232 216 
236 216 
240 204 
232 204 
236 236 
236 240 
236 212 
228 216 
232 208 
236 220 
236 208 
236 208 
232 224 
236 216 
236 228 
232 212 
320 212 
236 216 
224 216 
232 212 
508 204 
240 216 
232 220 
264 212 
232 208 
232 212 
292 220 
236 236 
236 236 
236 208 
228 216 
232 216 
232 208 
232 212 
240 220 
460 208 
232 212 
48 44 
236 236 
224 212 
240 208 
236 208 
232 216 
236 208 
712 236 
236 236 
236 236 
228 216 
236 236 
236 236 
236 256 
236 240 
212 236 
232 704 
236 216 
236 236 
248 216 
236 252 
232 212 
236 248 
236 220 
212 244 
232 208 
228 212 
228 232 
232 212 
44 88 
232 276 
236 216 
232 220 
232 212 
228 212 
228 208 
232 224 
232 208 
248 216 
236 212 
252 208 
236 212 
236 204 
240 244 
232 216 
240 328 
236 208 
236 268 
236 44 
236 236 
236 208 
236 216 
236 220 
236 236 
236 240 
236 240 
240 224 
236 212 
236 212 
232 216 
228 212 
232 204 
244 212 
232 240 
232 244 
232 220 
236 240 
384 212 
236 220 
228 216 
228 208 
236 216 
236 240 
236 220 
232 252 
232 212 
232 212 
236 224 
232 212 
236 208 
232 204 
236 220 
236 236 
228 220 
240 216 
232 216 
236 216 
236 220 
236 240 
232 208 
232 208 
232 216 
240 236 
416 212 
232 208 
232 212 
236 212 
236 240 
228 236 
236 216 
232 1012 
228 216 
712 212 
228 212 
236 208 
236 216 
232 212 
236 208 
232 240 
236 236 
212 236 
268 504 
232 224 
232 212 
236 236 
232 256 
236 216 
240 208 
236 212 
212 212 
236 212 
236 216 
228 212 
232 220 
236 228 
232 212 
232 212 
236 212 
232 248 
228 212 
232 220 
236 236 
228 216 
236 208 
236 212 
236 208 
236 208 
236 212 
240 208 
236 248 
232 232 
232 208 
236 216 
240 236 
228 228 
236 244 
224 268 
232 212 
236 220 
232 236 
340 748 
232 220 
232 212 
228 212 
240 208 
236 212 
236 256 
240 260 
236 220 
236 216 
236 204 
228 212 
236 236 
240 220 
240 240 
232 220 
236 208 
240 208 
228 208 
232 208 
240 236 
228 212 
236 240 
236 212 
232 212 
232 208 
236 212 
236 220 
236 212 
276 208 
232 212 
232 216 
240 216 
236 208 
1124 204 
236 236 
232 272 
232 220 
504 260 
232 212 
232 208 
236 212 
236 220 
236 236 
232 216 
232 208 
236 244 
712 208 
228 216 
240 212 
232 212 
232 232 
228 216 
232 212 
232 212 
208 212 
236 576 
240 212 
232 208 
232 220 
232 212 
236 216 
240 216 
236 248 
208 220 
236 220 
236 212 
232 236 
236 236 
240 232 
236 208 
236 216 
232 220 
236 220 
236 212 
232 220 
236 216 
232 216 
232 204 
236 212 
236 220 
232 216 
224 224 
232 216 
236 248 
232 216 
232 244 
232 212 
232 204 
240 212 
232 208 
236 208 
324 208 
236 260 
236 216 
236 212 
232 212 
228 208 
236 216 
236 208 
272 212 
236 212 
232 224 
232 240 
232 208 
236 204 
232 216 
236 212 
236 212 
236 212 
236 220 
232 212 
240 236 
236 236 
236 236 
236 260 
232 268 
232 256 
1156 236 
232 212 
236 236 
236 264 
232 236 
236 220 
296 208 
236 212 
252 256 
236 248 
232 240 
232 220 
232 212 
232 208 
240 296 
536 212 
236 212 
232 204 
232 228 
48 48 
232 216 
232 212 
228 212 
236 224 
236 388 
232 248 
252 216 
232 212 
232 212 
236 212 
228 208 
228 208 
208 212 
236 604 
236 224 
232 204 
236 212 
232 224 
236 212 
240 220 
240 208 
212 240 
228 212 
232 212 
236 220 
232 212 
232 216 
40 48 
240 216 
240 232 
236 248 
240 208 
332 208 
236 220 
232 232 
232 244 
236 212 
236 224 
228 216 
228 216 
236 212 
244 208 
232 216 
232 208 
232 212 
240 216 
236 44 
236 212 
240 208 
224 212 
236 204 
232 216 
232 212 
236 216 
236 236 
232 212 
236 208 
236 216 
232 220 
236 236 
236 208 
232 204 
232 208 
232 212 
236 908 
244 208 
232 212 
236 212 
232 208 
232 216 
236 216 
240 208 
236 240 
236 208 
228 216 
232 216 
236 208 
236 240 
236 260 
228 232 
232 228 
652 208 
236 224 
236 252 
240 256 
236 212 
236 232 
236 220 
228 204 
232 208 
536 212 
244 260 
240 216 
232 208 
236 296 
232 208 
236 204 
792 208 
240 236 
236 352 
232 212 
240 212 
236 212 
232 216 
228 216 
232 208 
236 248 
212 228 
232 624 
228 208 
236 220 
232 236 
232 248 
240 216 
228 208 
236 232 
216 228 
224 208 
232 212 
236 212 
236 212 
236 220 
232 212 
236 212 
232 208 
236 212 
236 248 
236 220 
236 232 
244 236 
236 228 
708 212 
232 208 
232 216 
236 228 
236 208 
236 212 
232 220 
232 212 
236 208 
232 212 
236 208 
340 216 
228 208 
240 240 
240 236 
228 220 
236 220 
1120 228 
236 232 
232 260 
236 208 
244 216 
232 212 
244 204 
264 216 
228 212 
232 216 
236 208 
236 212 
248 216 
260 228 
232 228 
236 240 
268 212 
236 236 
240 220 
244 208 
228 212 
232 212 
232 208 
236 212 
240 212 
236 212 
240 236 
232 212 
332 216 
236 212 
236 212 
232 272 
236 220 
240 212 
236 216 
232 236 
276 224 
568 212 
236 208 
240 212 
240 212 
236 240 
232 208 
236 220 
232 228 
236 220 
236 384 
232 236 
232 236 
236 240 
236 252 
232 212 
240 212 
240 212 
212 208 
240 632 
232 268 
252 216 
236 208 
240 212 
232 208 
308 208 
236 216 
236 212 
232 236 
236 212 
232 324 
668 236 
232 216 
236 212 
236 236 
256 212 
236 212 
236 212 
240 232 
236 220 
232 216 
232 236 
232 208 
264 208 
236 208 
232 236 
236 236 
236 216 
236 208 
232 208 
232 212 
236 212 
236 204 
240 216 
236 240 
232 228 
236 212 
236 220 
240 208 
236 236 
236 220 
232 208 
236 216 
228 208 
232 212 
228 208 
228 228 
236 240 
236 212 
232 216 
228 216 
236 212 
240 232 
236 236 
236 224 
236 232 
232 212 
232 212 
236 212 
240 216 
236 208 
232 216 
232 212 
232 208 
236 212 
300 208 
332 220 
348 216 
228 208 
236 252 
232 224 
232 248 
236 212 
232 216 
236 212 
288 212 
588 216 
232 212 
232 212 
232 212 
240 216 
236 220 
232 208 
236 216 
236 236 
232 428 
236 212 
236 208 
236 212 
236 216 
228 220 
232 220 
232 208 
216 212 
236 672 
804 236 
236 212 
236 236 
240 208 
232 212 
236 248 
248 204 
208 212 
232 264 
232 244 
276 208 
236 264 
232 208 
232 212 
236 212 
232 232 
48 208 
236 216 
232 216 
232 216 
232 208 
236 236 
236 268 
232 216 
236 216 
232 212 
240 224 
236 212 
232 212 
232 240 
236 216 
232 264 
228 236 
236 212 
232 204 
228 216 
232 212 
232 204 
228 208 
236 212 
236 264 
228 264 
232 204 
236 212 
44 44 
228 204 
236 212 
236 216 
236 236 
232 216 
232 208 
228 244 
228 212 
232 212 
232 232 
236 204 
236 208 
232 216 
228 208 
232 212 
232 216 
236 240 
232 212 
232 212 
228 212 
232 216 
240 236 
372 216 
232 208 
228 208 
240 208 
236 208 
228 44 
232 244 
252 212 
236 236 
592 240 
240 228 
248 212 
236 236 
232 208 
232 212 
236 236 
236 232 
728 228 
236 448 
232 208 
236 212 
236 216 
236 216 
236 212 
240 216 
236 216 
252 212 
228 672 
236 216 
236 208 
236 212 
236 212 
236 236 
236 244 
232 212 
216 208 
240 208 
236 208 
232 280 
236 212 
236 212 
236 220 
236 236 
236 208 
236 208 
236 212 
236 300 
240 216 
240 212 
236 236 
212 232 
236 228 
228 212 
232 228 
232 216 
328 204 
236 216 
232 208 
236 212 
232 212 
232 212 
236 216 
236 220 
232 216 
236 244 
232 212 
236 236 
236 208 
232 208 
232 208 
232 212 
236 244 
236 240 
236 216 
268 212 
236 204 
228 212 
236 212 
232 212 
232 236 
232 216 
236 232 
228 212 
240 220 
408 204 
232 216 
232 212 
228 212 
240 212 
236 236 
236 232 
232 212 
236 216 
236 216 
240 220 
376 208 
232 240 
232 212 
236 212 
236 208 
236 1112 
236 240 
236 264 
228 220 
616 216 
236 216 
240 240 
240 236 
232 236 
232 212 
236 212 
240 232 
236 212 
240 440 
244 212 
244 252 
240 240 
240 212 
232 224 
232 204 
228 204 
212 216 
236 628 
236 264 
236 264 
240 240 
232 208 
232 240 
228 216 
236 212 
212 224 
232 204 
232 248 
240 252 
236 232 
240 208 
236 228 
236 216 
236 224 
236 216 
236 212 
236 216 
232 208 
232 208 
236 212 
236 212 
232 208 
240 212 
232 240 
232 216 
240 208 
244 216 
232 212 
236 208 
228 212 
228 232 
236 216 
236 236 
240 212 
240 216 
232 212 
236 212 
236 216 
236 232 
256 208 
232 212 
232 212 
232 212 
236 268 
236 236 
236 220 
232 208 
228 208 
236 216 
236 212 
236 224 
232 208 
232 232 
232 212 
232 212 
240 212 
236 216 
240 212 
228 216 
236 212 
236 244 
232 224 
228 212 
264 212 
236 216 
520 220 
240 212 
236 212 
236 240 
232 216 
236 208 
232 212 
236 212 
236 216 
628 236 
236 212 
232 212 
240 212 
240 212 
236 236 
236 236 
236 220 
284 224 
236 496 
236 260 
232 208 
232 212 
236 212 
236 224 
232 264 
232 244 
212 212 
232 696 
232 1220 
236 240 
232 216 
232 240 
236 268 
236 232 
236 212 
212 212 
232 216 
236 212 
236 212 
236 232 
240 208 
228 212 
232 212 
236 208 
240 212 
232 204 
232 212 
232 212 
240 216 
240 216 
232 212 
236 220 
236 204 
232 212 
244 208 
236 244 
228 216 
236 216 
236 212 
232 260 
240 212 
236 212 
380 216 
236 216 
236 208 
232 220 
232 216 
228 216 
284 212 
236 212 
232 216 
228 212 
236 216 
236 232 
236 212 
236 216 
236 212 
240 216 
240 212 
236 212 
236 220 
232 212 
52 48 
232 212 
232 240 
232 240 
236 220 
236 204 
276 208 
236 216 
296 216 
236 204 
240 236 
232 216 
236 212 
232 644 
236 260 
260 216 
232 216 
228 212 
232 212 
236 220 
240 224 
236 212 
668 236 
232 260 
232 212 
236 204 
232 212 
344 224 
236 212 
232 204 
48 64 
236 492 
236 228 
236 216 
240 240 
236 240 
236 240 
232 212 
236 212 
216 216 
232 216 
232 212 
236 212 
232 216 
232 236 
244 216 
240 208 
240 212 
212 212 
232 248 
288 216 
236 212 
236 236 
236 240 
244 220 
232 208 
236 204 
232 216 
236 48 
232 212 
232 220 
228 208 
236 212 
236 212 
240 208 
236 208 
236 204 
236 208 
232 204 
236 212 
240 208 
236 216 
240 240 
240 216 
232 208 
344 212 
228 212 
236 208 
232 208 
236 208 
232 212 
232 212 
236 212 
232 216 
272 256 
248 208 
236 212 
236 220 
228 208 
248 216 
236 204 
240 212 
240 212 
228 208 
232 208 
236 212 
232 220 
1144 220 
232 212 
216 236 
232 216 
228 248 
240 208 
240 256 
236 208 
236 208 
232 212 
228 216 
452 212 
240 208 
232 224 
232 212 
232 212 
236 212 
232 216 
232 212 
236 216 
676 216 
228 212 
236 216 
236 216 
244 212 
236 212 
240 212 
232 212 
220 220 
236 516 
228 212 
228 208 
236 216 
340 208 
232 212 
236 208 
240 224 
212 216 
232 208 
232 216 
228 212 
236 216 
236 212 
236 236 
248 212 
228 212 
232 228 
236 208 
232 212 
236 212 
1020 216 
228 220 
284 216 
236 208 
236 236 
236 268 
232 212 
228 216 
236 212 
228 216 
240 236 
244 216 
228 212 
236 212 
236 212 
232 212 
236 212 
232 216 
236 212 
236 220 
236 236 
236 240 
236 236 
232 216 
228 212 
232 212 
236 216 
232 260 
236 236 
236 216 
232 212 
232 236 
228 212 
232 208 
1020 208 
232 208 
240 208 
232 220 
236 212 
232 216 
236 264 
240 216 
236 216 
232 212 
232 208 
236 208 
236 240 
224 212 
236 208 
232 212 
240 208 
232 212 
240 220 
232 208 
232 208 
232 212 
452 216 
236 212 
232 220 
236 240 
236 232 
228 208 
236 208 
228 212 
236 208 
684 212 
232 232 
232 224 
236 208 
232 208 
232 212 
232 212 
232 212 
216 216 
236 484 
236 208 
228 208 
236 220 
236 248 
236 220 
288 220 
228 212 
232 216 
236 212 
236 216 
232 212 
232 252 
236 208 
236 236 
236 248 
240 212 
240 284 
232 216 
236 252 
232 212 
228 208 
232 220 
232 224 
236 208 
228 204 
228 208 
232 208 
460 212 
240 212 
236 212 
236 220 
236 240 
236 260 
232 212 
236 212 
284 212 
236 216 
236 216 
236 264 
236 260 
228 212 
240 212 
232 208 
1008 236 
232 208 
232 212 
232 208 
236 212 
232 212 
236 216 
236 240 
228 228 
228 208 
236 212 
236 240 
232 264 
232 220 
232 208 
240 204 
232 212 
228 212 
248 204 
240 264 
236 240 
236 264 
232 208 
236 228 
212 212 
232 208 
236 216 
240 240 
236 212 
236 268 
240 216 
232 216 
236 232 
472 208 
228 208 
228 216 
236 240 
236 252 
236 212 
232 216 
236 208 
236 208 
732 216 
236 216 
236 208 
236 212 
236 212 
232 216 
236 260 
236 208 
216 236 
228 584 
232 220 
228 208 
44 48 
240 212 
232 256 
232 216 
228 208 
212 212 
236 212 
236 216 
240 240 
236 268 
228 216 
416 212 
232 208 
236 224 
252 212 
232 224 
240 208 
236 212 
236 232 
236 236 
40 44 
236 220 
236 212 
232 208 
360 216 
232 208 
236 212 
244 212 
236 208 
232 208 
308 748 
228 212 
232 212 
236 220 
236 268 
236 232 
236 204 
232 204 
232 212 
232 216 
236 220 
364 204 
236 240 
236 268 
232 236 
232 212 
232 44 
524 220 
228 208 
232 212 
236 212 
236 212 
232 212 
236 216 
236 252 
232 216 
228 212 
236 216 
236 216 
228 204 
236 216 
236 320 
232 212 
436 240 
236 208 
256 216 
236 212 
236 216 
232 212 
236 212 
236 216 
236 256 
236 208 
240 224 
516 212 
232 216 
236 228 
236 212 
236 220 
228 216 
232 208 
236 216 
236 260 
740 208 
228 208 
228 212 
236 212 
232 220 
232 216 
240 208 
236 236 
212 220 
236 572 
252 212 
232 212 
232 240 
240 216 
588 240 
228 220 
228 208 
208 208 
236 216 
236 232 
232 212 
232 216 
232 212 
236 216 
232 212 
232 236 
236 216 
328 216 
236 208 
232 212 
228 212 
1068 216 
232 212 
236 216 
232 216 
236 208 
232 208 
236 212 
240 220 
236 208 
320 208 
232 208 
232 208 
236 212 
228 216 
228 208 
236 228 
232 264 
232 236 
232 240 
232 208 
232 220 
240 208 
232 208 
228 208 
236 208 
240 236 
236 260 
236 252 
240 212 
228 208 
236 216 
236 224 
228 272 
236 252 
232 212 
232 212 
236 236 
236 264 
236 240 
236 244 
236 252 
236 216 
240 236 
204 236 
0 0 
0 0 
252 232 
192 188 
216 212 
232 232 
228 228 
228 232 
228 228 
228 228 
232 232 
492 228 
232 232 
228 232 
232 188 
228 236 
228 228 
232 192 
228 232 
232 212 
228 412 
228 232 
192 208 
680 228 
196 188 
228 224 
228 228 
232 228 
204 232 
232 624 
228 236 
228 232 
232 232 
232 228 
232 236 
228 228 
232 232 
208 208 
232 232 
244 232 
240 228 
232 228 
232 236 
228 232 
228 232 
228 228 
228 212 
228 228 
208 228 
232 256 
228 232 
232 232 
228 232 
232 232 
232 228 
224 212 
192 232 
232 196 
208 232 
232 188 
232 228 
212 232 
232 228 
232 228 
232 236 
228 232 
232 236 
228 236 
236 228 
228 228 
224 236 
228 232 
228 212 
240 232 
228 236 
232 228 
232 236 
228 228 
236 232 
232 536 
196 236 
208 208 
228 188 
192 192 
232 192 
228 232 
232 232 
232 240 
228 232 
232 228 
208 236 
232 212 
188 232 
188 200 
228 236 
232 236 
188 212 
208 240 
232 232 
232 232 
228 232 
236 232 
228 212 
200 224 
228 228 
212 232 
516 232 
708 236 
232 232 
228 236 
236 232 
228 232 
228 228 
224 228 
236 228 
232 408 
236 232 
228 232 
232 236 
232 236 
232 228 
228 228 
232 228 
212 228 
192 228 
232 228 
200 208 
232 232 
208 212 
236 232 
228 228 
240 228 
208 208 
232 236 
208 232 
232 228 
232 228 
232 232 
228 232 
224 232 
228 236 
232 220 
228 232 
232 232 
228 228 
232 232 
232 232 
228 232 
236 192 
232 232 
212 192 
192 192 
228 232 
232 232 
232 232 
192 208 
232 228 
232 232 
232 192 
228 228 
232 188 
232 228 
232 228 
240 228 
228 212 
624 232 
232 192 
232 232 
232 236 
232 232 
196 228 
228 232 
192 208 
220 192 
188 192 
208 232 
232 228 
232 232 
228 232 
232 232 
232 232 
232 232 
228 228 
236 236 
228 228 
240 232 
232 208 
236 232 
232 232 
232 232 
228 232 
608 236 
340 228 
232 208 
228 232 
232 232 
236 232 
236 228 
232 232 
236 228 
228 360 
540 192 
232 232 
228 232 
216 232 
208 232 
224 228 
232 236 
232 232 
232 228 
232 420 
228 228 
228 232 
232 232 
232 228 
232 236 
228 232 
232 240 
212 232 
232 188 
232 228 
232 232 
228 232 
232 208 
208 232 
236 232 
228 196 
208 216 
188 236 
232 240 
232 236 
228 232 
228 232 
232 228 
232 232 
232 232 
232 212 
224 220 
232 240 
196 232 
232 232 
232 228 
232 228 
228 228 
232 228 
232 232 
212 208 
188 232 
232 228 
236 232 
236 212 
228 228 
196 228 
232 228 
232 236 
232 236 
232 232 
232 216 
196 236 
244 232 
228 228 
228 236 
232 228 
240 236 
228 232 
224 228 
208 236 
212 192 
232 228 
232 232 
232 228 
228 232 
228 236 
232 232 
232 924 
228 232 
236 228 
236 252 
228 212 
228 216 
232 212 
236 212 
236 220 
228 188 
240 240 
232 240 
240 212 
336 208 
236 212 
236 204 
232 216 
236 224 
232 216 
236 212 
232 208 
228 212 
564 212 
228 212 
232 256 
272 212 
236 212 
240 236 
236 216 
236 208 
232 220 
840 212 
228 212 
232 216 
236 1116 
240 236 
280 212 
236 232 
232 256 
220 248 
232 688 
240 240 
232 244 
232 212 
232 212 
240 208 
228 208 
236 208 
216 240 
228 208 
232 256 
236 212 
232 208 
240 224 
228 216 
236 216 
236 212 
236 216 
232 212 
236 212 
232 212 
236 208 
240 236 
228 212 
240 208 
236 216 
232 208 
236 208 
240 212 
236 264 
240 212 
232 208 
232 212 
232 216 
232 204 
232 216 
236 256 
236 208 
236 208 
236 216 
236 212 
240 224 
240 216 
240 236 
232 228 
228 216 
236 208 
232 220 
232 212 
236 208 
236 212 
236 208 
232 208 
236 216 
236 220 
232 232 
232 244 
236 232 
232 216 
236 208 
228 212 
236 216 
236 236 
232 228 
232 216 
232 240 
228 212 
236 232 
356 236 
236 212 
232 232 
44 48 
232 216 
240 208 
236 212 
236 240 
236 252 
624 220 
236 1020 
232 292 
232 260 
236 220 
236 212 
232 212 
232 208 
344 212 
236 444 
236 208 
232 212 
228 216 
292 216 
232 212 
236 212 
228 236 
296 228 
240 728 
236 220 
232 216 
336 216 
40 44 
232 208 
236 224 
232 212 
212 208 
232 212 
240 216 
236 220 
232 212 
240 216 
236 204 
240 232 
236 264 
236 216 
228 216 
236 220 
232 272 
256 208 
232 216 
236 48 
232 232 
232 208 
236 220 
232 236 
248 240 
248 208 
232 228 
232 212 
368 212 
232 216 
236 212 
252 216 
240 236 
232 240 
260 236 
228 212 
236 212 
228 212 
236 296 
236 216 
236 236 
236 256 
236 252 
284 212 
228 216 
236 216 
236 232 
236 208 
232 208 
236 216 
236 212 
240 212 
232 240 
240 232 
232 212 
232 208 
224 212 
248 216 
228 208 
232 204 
232 212 
236 236 
232 220 
240 204 
384 216 
232 204 
236 224 
232 212 
236 212 
232 260 
232 208 
232 212 
232 208 
608 216 
232 220 
236 212 
232 252 
232 212 
232 216 
232 212 
236 212 
204 212 
240 440 
236 260 
232 220 
236 212 
232 212 
236 220 
232 216 
268 232 
208 216 
236 716 
236 236 
236 232 
236 212 
232 212 
236 212 
436 216 
228 212 
224 220 
240 212 
240 216 
232 268 
236 208 
236 208 
232 208 
244 212 
232 208 
232 208 
248 208 
236 236 
228 216 
232 212 
240 216 
228 212 
236 208 
236 212 
232 216 
236 268 
276 216 
268 208 
240 212 
232 216 
228 244 
228 212 
232 208 
232 208 
236 220 
236 220 
240 240 
1136 216 
236 208 
236 216 
244 216 
232 216 
232 220 
232 212 
228 216 
236 208 
236 212 
236 216 
232 220 
228 212 
236 208 
236 208 
232 208 
236 220 
232 212 
232 208 
228 208 
232 212 
236 208 
240 264 
236 244 
232 216 
232 224 
228 212 
228 212 
236 244 
408 216 
244 216 
236 228 
232 212 
236 220 
232 248 
228 216 
232 204 
232 212 
628 212 
236 216 
228 208 
228 220 
236 304 
232 228 
232 212 
240 224 
248 208 
240 444 
236 216 
236 208 
948 212 
236 212 
236 212 
240 216 
236 216 
216 216 
232 216 
236 236 
232 216 
236 216 
248 216 
232 220 
232 208 
232 208 
212 212 
228 216 
232 216 
236 224 
236 208 
232 212 
232 208 
236 256 
236 208 
232 212 
240 236 
232 216 
232 216 
240 208 
236 208 
232 216 
232 236 
228 216 
356 216 
240 212 
332 648 
232 212 
236 216 
236 208 
236 236 
228 208 
232 208 
228 208 
244 228 
228 212 
232 212 
240 240 
236 204 
232 216 
232 208 
236 212 
240 220 
232 208 
236 208 
240 220 
232 216 
240 240 
232 208 
232 212 
236 212 
240 212 
232 212 
232 208 
232 212 
232 208 
288 212 
224 212 
240 212 
236 264 
228 212 
224 212 
232 212 
232 208 
236 212 
288 204 
420 212 
232 212 
228 212 
236 216 
228 216 
232 216 
236 208 
244 212 
232 216 
640 208 
236 216 
236 212 
232 212 
232 208 
236 212 
232 208 
236 216 
232 208 
232 492 
228 216 
236 212 
236 212 
228 228 
44 48 
236 264 
236 236 
216 212 
228 692 
316 212 
236 208 
228 208 
228 212 
232 220 
232 212 
236 212 
212 216 
228 212 
232 208 
232 208 
244 212 
232 240 
236 224 
232 236 
232 212 
376 212 
236 236 
236 212 
236 208 
232 212 
232 208 
328 216 
224 204 
232 216 
44 48 
236 212 
236 212 
236 212 
236 272 
260 212 
236 208 
232 212 
236 224 
240 228 
236 216 
236 212 
236 236 
232 256 
232 216 
232 216 
232 216 
232 216 
236 232 
236 216 
232 208 
236 216 
236 240 
232 252 
264 240 
236 212 
232 224 
360 40 
228 212 
236 220 
228 216 
236 212 
232 220 
216 236 
232 212 
272 212 
232 208 
232 212 
232 208 
232 252 
240 208 
236 212 
416 212 
232 252 
232 240 
228 248 
232 256 
380 208 
232 216 
240 216 
228 208 
668 220 
228 216 
236 236 
228 212 
228 208 
240 208 
236 212 
240 212 
216 212 
240 488 
232 216 
240 216 
232 204 
228 208 
364 224 
232 240 
236 212 
220 216 
232 212 
232 216 
236 212 
236 216 
236 204 
240 212 
1104 208 
232 212 
240 204 
228 208 
240 212 
236 216 
232 212 
236 220 
240 208 
240 212 
228 216 
276 224 
232 212 
236 232 
236 212 
232 208 
236 216 
412 240 
232 216 
240 212 
236 240 
336 216 
236 208 
228 212 
236 212 
236 236 
232 232 
232 216 
228 208 
228 216 
236 216 
240 244 
232 224 
512 204 
236 212 
232 236 
236 216 
248 212 
240 220 
232 212 
228 208 
236 208 
236 232 
292 212 
232 208 
236 212 
236 212 
232 232 
236 236 
244 216 
240 224 
236 212 
236 236 
208 212 
232 208 
232 208 
236 212 
236 208 
236 220 
236 244 
236 208 
228 220 
460 216 
240 220 
236 240 
232 208 
228 208 
448 212 
240 212 
236 216 
232 236 
664 240 
232 264 
232 220 
228 216 
232 212 
228 216 
236 344 
240 212 
220 208 
236 548 
236 212 
232 228 
236 240 
876 264 
232 212 
236 212 
236 212 
212 216 
232 216 
232 208 
236 204 
232 212 
236 216 
236 236 
240 236 
232 256 
204 224 
240 212 
228 232 
228 212 
236 240 
236 264 
236 212 
232 212 
232 212 
236 208 
236 220 
232 240 
240 248 
232 216 
236 232 
236 224 
236 236 
232 216 
232 216 
228 212 
236 216 
232 212 
272 212 
240 216 
232 212 
228 212 
232 260 
236 208 
236 236 
236 248 
232 212 
232 224 
240 212 
232 240 
228 208 
240 204 
240 216 
236 212 
236 264 
236 216 
252 224 
236 212 
240 224 
236 232 
236 236 
232 208 
240 248 
236 224 
232 216 
244 216 
236 236 
236 208 
232 216 
232 216 
612 212 
228 212 
240 212 
232 208 
232 252 
228 216 
480 236 
232 216 
236 216 
332 212 
236 208 
232 204 
236 212 
232 208 
244 208 
724 212 
228 208 
236 240 
236 244 
248 212 
232 208 
232 220 
232 228 
212 208 
240 564 
232 236 
236 236 
232 220 
252 216 
236 212 
232 232 
236 208 
264 212 
236 216 
232 232 
252 216 
292 208 
236 232 
228 224 
228 236 
236 212 
236 204 
240 212 
228 208 
228 240 
232 216 
228 212 
236 216 
232 224 
232 224 
232 212 
236 264 
248 212 
228 208 
240 216 
240 208 
240 236 
240 236 
236 212 
232 224 
240 240 
236 236 
236 216 
228 212 
228 212 
236 216 
236 240 
236 220 
228 236 
240 232 
236 256 
240 212 
40 48 
232 268 
232 208 
240 208 
236 212 
236 208 
500 208 
232 212 
236 208 
232 220 
240 204 
232 232 
600 224 
236 212 
224 212 
232 216 
228 216 
236 236 
244 244 
236 216 
264 216 
244 220 
232 208 
232 204 
232 216 
236 220 
240 236 
232 236 
240 228 
440 216 
48 44 
236 208 
244 208 
240 208 
236 264 
232 212 
228 220 
228 212 
700 212 
236 268 
232 216 
236 204 
232 212 
236 216 
228 204 
232 208 
216 232 
228 596 
232 284 
236 236 
228 212 
240 44 
232 208 
232 224 
232 208 
216 232 
228 212 
232 212 
236 212 
232 220 
236 212 
232 212 
232 220 
236 208 
236 236 
232 208 
232 208 
236 212 
236 232 
240 232 
236 260 
232 212 
236 212 
228 208 
240 240 
248 220 
240 208 
236 216 
236 212 
260 232 
236 272 
236 212 
252 228 
232 216 
236 212 
232 208 
232 216 
240 224 
228 212 
232 212 
228 212 
228 208 
232 212 
236 208 
260 212 
232 208 
768 208 
232 208 
236 212 
236 212 
236 212 
240 212 
232 208 
232 216 
240 212 
236 248 
236 208 
236 216 
232 212 
244 208 
236 208 
236 208 
236 236 
232 248 
236 212 
284 240 
232 208 
236 240 
240 216 
236 212 
232 236 
236 236 
236 224 
232 232 
512 212 
236 204 
236 236 
240 208 
240 220 
224 212 
252 208 
232 212 
240 216 
740 212 
232 216 
228 208 
232 212 
236 252 
232 208 
228 248 
236 208 
216 212 
228 624 
240 240 
228 212 
236 208 
236 220 
236 220 
240 240 
240 224 
212 216 
236 240 
228 212 
240 220 
228 212 
228 220 
236 236 
236 240 
228 212 
232 224 
232 212 
232 208 
236 212 
568 208 
236 212 
236 236 
232 216 
236 204 
232 212 
236 212 
232 236 
232 248 
236 240 
232 216 
236 236 
232 260 
252 212 
236 216 
236 232 
316 768 
228 208 
236 208 
232 212 
236 236 
236 248 
608 216 
260 204 
232 212 
240 232 
240 212 
232 228 
236 216 
232 216 
232 208 
228 232 
232 216 
236 236 
236 220 
232 240 
228 216 
244 208 
232 208 
236 212 
236 204 
236 208 
292 220 
236 216 
236 232 
236 212 
236 216 
316 208 
272 208 
232 208 
236 1068 
236 236 
236 216 
236 220 
232 208 
236 212 
528 224 
236 204 
232 232 
224 212 
232 208 
232 232 
232 216 
236 208 
232 212 
236 380 
236 264 
236 224 
232 236 
224 212 
240 204 
232 208 
240 236 
208 244 
240 632 
236 208 
236 212 
236 240 
240 212 
240 236 
236 220 
236 208 
220 224 
232 248 
232 204 
240 212 
232 212 
232 212 
236 212 
236 216 
236 232 
232 216 
236 216 
268 216 
236 216 
236 208 
240 204 
232 212 
236 212 
236 212 
236 236 
328 216 
240 216 
236 236 
228 220 
236 212 
228 212 
228 212 
236 212 
232 212 
236 212 
252 216 
236 216 
232 208 
236 216 
232 240 
232 216 
240 236 
240 216 
236 208 
236 212 
236 212 
228 216 
232 220 
232 220 
232 240 
236 216 
236 236 
236 240 
228 212 
236 212 
236 232 
236 216 
236 228 
228 952 
236 212 
244 216 
240 204 
228 212 
232 208 
232 212 
236 224 
288 208 
248 216 
240 212 
240 216 
228 212 
232 216 
232 236 
232 216 
232 208 
552 208 
232 212 
264 212 
232 208 
232 212 
232 208 
48 48 
232 220 
240 216 
232 424 
244 220 
232 204 
236 204 
232 208 
232 232 
244 208 
236 212 
212 208 
236 656 
240 208 
232 208 
240 208 
232 208 
244 232 
232 224 
232 216 
208 220 
228 212 
236 216 
236 208 
236 216 
240 240 
236 244 
232 212 
196 44 
232 236 
236 236 
248 220 
236 208 
232 212 
236 220 
244 232 
232 216 
228 212 
236 212 
256 212 
260 224 
240 228 
240 228 
228 216 
732 212 
240 204 
340 212 
236 208 
236 236 
236 216 
236 212 
240 216 
236 212 
244 236 
232 236 
236 244 
232 204 
236 208 
228 48 
228 268 
232 208 
236 288 
236 216 
232 212 
248 216 
256 212 
232 212 
236 220 
232 212 
236 208 
236 212 
236 216 
240 212 
248 216 
232 252 
232 212 
236 212 
224 212 
236 216 
236 236 
284 208 
228 212 
232 212 
236 212 
240 216 
232 212 
232 216 
236 240 
236 208 
596 220 
232 212 
232 208 
232 216 
236 220 
240 248 
212 212 
232 212 
236 212 
236 404 
236 240 
236 256 
256 216 
232 208 
236 212 
236 216 
236 232 
216 216 
232 676 
232 212 
240 204 
232 212 
232 216 
236 260 
232 260 
236 204 
208 288 
236 208 
228 240 
232 216 
240 208 
232 208 
232 216 
236 232 
236 256 
236 252 
236 216 
232 216 
236 236 
940 272 
232 216 
236 216 
236 236 
232 236 
232 212 
232 212 
236 216 
236 216 
232 260 
228 216 
232 216 
228 212 
232 208 
232 212 
232 228 
232 240 
232 1040 
236 236 
236 212 
244 244 
236 212 
236 208 
232 212 
236 216 
228 216 
260 212 
236 212 
228 212 
232 212 
240 220 
232 216 
244 212 
232 244 
236 220 
232 212 
236 208 
240 220 
240 212 
236 240 
236 232 
236 228 
228 216 
240 216 
232 208 
240 244 
232 220 
348 224 
236 212 
236 212 
896 208 
236 216 
236 236 
236 236 
232 224 
236 244 
608 216 
232 208 
240 208 
236 212 
236 232 
240 236 
232 212 
264 208 
232 240 
236 432 
232 236 
232 208 
232 208 
236 208 
236 240 
236 212 
232 216 
212 212 
232 624 
232 216 
260 208 
232 208 
232 212 
236 216 
236 236 
236 232 
212 216 
236 212 
912 208 
228 212 
236 244 
240 232 
232 212 
236 208 
232 212 
240 216 
268 212 
232 296 
236 216 
236 236 
232 204 
232 212 
236 224 
236 216 
236 212 
236 204 
236 228 
236 220 
236 244 
332 212 
228 216 
236 236 
236 216 
236 236 
236 224 
232 208 
236 212 
236 236 
272 240 
236 220 
240 212 
236 212 
240 224 
228 216 
236 212 
240 248 
244 236 
228 212 
236 216 
232 248 
244 208 
232 216 
232 216 
240 212 
232 212 
232 224 
244 232 
236 212 
236 212 
236 212 
236 236 
236 236 
236 236 
236 212 
232 212 
232 248 
380 208 
240 212 
236 212 
240 220 
232 264 
236 228 
232 212 
232 208 
232 204 
628 212 
236 212 
236 220 
236 208 
232 208 
236 236 
244 236 
232 264 
208 216 
228 464 
232 212 
236 212 
232 216 
232 208 
236 212 
232 216 
232 224 
840 216 
232 720 
240 208 
232 216 
232 212 
228 212 
240 212 
228 216 
232 208 
208 204 
236 216 
232 208 
232 208 
236 216 
228 216 
236 248 
232 204 
232 236 
232 264 
240 208 
236 268 
236 212 
48 44 
236 212 
240 236 
236 212 
236 212 
232 208 
232 208 
240 240 
236 244 
264 236 
236 260 
228 212 
232 244 
236 236 
236 232 
236 244 
236 212 
424 208 
232 212 
236 212 
232 216 
244 224 
236 212 
236 212 
240 212 
232 236 
264 216 
232 216 
232 212 
232 208 
48 48 
236 216 
232 208 
232 236 
236 244 
236 212 
232 212 
232 208 
240 208 
232 220 
236 204 
232 240 
232 208 
240 216 
264 240 
232 208 
228 216 
400 216 
232 204 
236 44 
232 212 
240 444 
228 212 
236 236 
232 212 
228 208 
656 212 
236 220 
236 236 
236 220 
236 240 
236 240 
620 216 
232 224 
216 220 
356 344 
236 212 
328 212 
232 208 
232 224 
256 216 
236 208 
232 216 
212 212 
232 748 
272 260 
236 216 
232 212 
236 216 
240 208 
236 208 
236 236 
216 236 
236 216 
240 208 
236 212 
240 212 
256 212 
236 208 
232 220 
232 212 
232 224 
232 216 
236 216 
232 252 
752 216 
236 208 
236 212 
236 208 
240 208 
236 212 
240 212 
236 236 
236 228 
236 232 
236 260 
236 232 
240 232 
236 236 
236 256 
244 216 
236 216 
240 212 
236 208 
232 204 
236 212 
240 232 
232 208 
244 212 
232 212 
236 212 
236 232 
236 260 
232 248 
232 204 
232 204 
244 240 
236 216 
312 208 
648 208 
236 208 
236 212 
236 212 
220 236 
236 248 
232 248 
232 216 
236 244 
228 216 
228 208 
236 212 
232 236 
424 208 
232 256 
228 212 
232 212 
772 216 
232 208 
236 228 
228 236 
236 236 
648 216 
236 208 
236 212 
228 212 
236 212 
232 208 
228 212 
240 216 
208 220 
232 512 
232 220 
280 232 
232 212 
232 216 
232 208 
236 208 
236 216 
216 220 
236 644 
236 224 
240 236 
232 232 
236 212 
228 212 
232 212 
228 216 
232 236 
232 216 
232 212 
236 216 
232 236 
236 256 
236 256 
264 208 
232 212 
236 212 
236 236 
240 264 
232 216 
232 220 
228 216 
236 208 
240 208 
232 208 
228 244 
236 212 
236 208 
236 212 
240 216 
236 224 
232 264 
232 260 
236 212 
236 212 
236 232 
236 240 
232 240 
236 240 
232 260 
228 216 
240 204 
240 208 
296 216 
236 260 
228 212 
232 212 
232 216 
240 208 
232 236 
240 216 
232 208 
236 212 
232 212 
236 212 
236 224 
240 212 
232 204 
224 208 
232 268 
236 204 
240 212 
236 212 
228 224 
236 216 
236 216 
288 220 
448 208 
236 220 
236 212 
232 208 
236 212 
236 244 
240 216 
228 212 
232 216 
644 220 
268 208 
240 212 
232 224 
236 228 
236 224 
236 236 
240 216 
216 208 
232 528 
240 236 
240 228 
232 216 
236 212 
292 216 
232 224 
228 212 
208 212 
232 696 
240 212 
232 212 
232 212 
240 212 
232 204 
236 212 
232 204 
236 236 
0 0 
232 228 
232 228 
236 212 
216 212 
240 220 
240 212 
48 44 
236 208 
236 212 
52 52 
236 208 
232 208 
236 216 
244 212 
240 212 
232 212 
232 212 
236 252 
232 208 
240 220 
236 212 
236 228 
236 228 
344 236 
236 220 
232 208 
232 232 
236 212 
232 228 
236 212 
232 204 
240 212 
236 236 
236 232 
228 216 
232 212 
232 236 
236 212 
232 212 
232 216 
228 44 
232 212 
236 212 
328 220 
236 232 
228 216 
236 212 
232 256 
232 216 
228 216 
236 212 
240 236 
236 236 
232 212 
236 212 
240 240 
228 216 
216 212 
464 212 
228 212 
228 216 
232 216 
236 212 
236 220 
228 208 
236 220 
228 212 
688 212 
232 220 
232 216 
236 208 
240 252 
236 228 
232 204 
236 216 
216 212 
236 500 
236 260 
240 212 
236 216 
236 212 
236 216 
244 236 
252 212 
212 212 
232 212 
232 236 
240 232 
232 212 
232 216 
232 208 
236 212 
232 208 
236 204 
236 208 
232 236 
244 236 
236 212 
232 212 
232 208 
260 224 
236 228 
232 216 
232 212 
240 216 
240 232 
244 212 
544 208 
228 216 
236 216 
236 212 
228 220 
240 212 
232 212 
240 224 
232 240 
348 208 
232 212 
236 212 
236 208 
240 260 
236 212 
228 216 
236 208 
232 216 
240 244 
240 212 
232 212 
236 208 
236 212 
232 220 
228 208 
232 220 
232 216 
240 216 
280 212 
232 232 
236 260 
236 236 
232 236 
240 208 
232 208 
232 208 
240 216 
240 240 
232 212 
232 212 
240 212 
236 240 
232 236 
232 228 
232 212 
232 212 
500 208 
236 236 
236 216 
232 216 
232 212 
232 212 
236 208 
232 208 
232 216 
708 236 
236 256 
228 212 
236 232 
236 212 
232 212 
236 212 
236 236 
464 204 
240 536 
240 252 
