# ./FR-trace starting at Mon Apr 20 18:58:47 2020
################# CONFIG #################
# slot=5000
# samples=10000
# threshold=100
# idle=500
# minlen=500
# runs=10000
# pdathreads=2
# nmonitored=2
#   monitor0=../apps/openssl ec2_mult.c:153 0x1e7854
#   monitor1=../apps/openssl ec2_mult.c:161 0x1e789c
# nevicted=0
# npdatargets=2
#   target0=../apps/openssl bn_gf2m.c:412 0x20bd10
#   target1=../apps/openssl bn_gf2m.c:412+64 0x20bd50
# affinity=all
############## SYSTEM INFO ###############
# mastik_version=
# sysname=Linux
# nodename=lovelace
# release=5.3.7-arch1-1-ARCH
# version=#1 SMP PREEMPT Fri Oct 18 00:17:03 UTC 2019
# machine=x86_64
################## DATA ##################
# run=2264
# datapoints=3335
44 40 
216 216 
236 208 
240 220 
232 240 
232 216 
240 220 
232 236 
236 216 
236 220 
236 236 
252 208 
232 212 
232 208 
236 208 
236 212 
236 216 
240 212 
232 212 
236 236 
236 44 
232 208 
236 208 
232 208 
240 208 
236 256 
236 232 
232 208 
216 216 
236 216 
232 208 
244 232 
240 208 
240 208 
236 264 
240 208 
236 452 
744 252 
232 204 
232 208 
236 208 
232 212 
236 212 
240 208 
236 208 
236 212 
688 208 
228 204 
236 208 
232 232 
252 212 
232 208 
232 208 
240 208 
356 216 
232 504 
236 244 
236 208 
236 220 
236 212 
232 204 
228 208 
240 204 
212 208 
236 216 
240 208 
236 208 
232 208 
236 204 
236 216 
272 208 
228 216 
236 212 
236 232 
228 212 
236 208 
232 212 
240 220 
232 204 
232 208 
236 208 
236 208 
236 212 
236 224 
228 204 
240 232 
244 204 
236 244 
236 208 
240 248 
276 216 
236 220 
236 260 
240 212 
232 208 
228 208 
236 256 
240 216 
236 216 
236 236 
236 212 
236 208 
236 232 
236 212 
432 208 
228 208 
240 316 
228 216 
240 224 
236 240 
232 216 
232 204 
236 220 
232 232 
232 208 
228 212 
232 208 
236 208 
240 268 
240 212 
240 208 
544 232 
436 212 
224 236 
228 228 
228 208 
236 212 
236 208 
240 232 
232 228 
264 212 
236 208 
460 208 
232 212 
236 264 
240 208 
232 232 
232 208 
236 216 
240 208 
240 224 
712 232 
232 208 
48 40 
228 208 
232 208 
232 212 
236 208 
228 208 
216 208 
240 480 
240 212 
240 208 
244 244 
228 208 
236 212 
236 228 
232 208 
212 208 
232 212 
236 256 
228 208 
232 208 
236 216 
228 208 
232 208 
236 208 
236 212 
240 208 
236 228 
236 212 
236 212 
72 36 
236 208 
236 212 
232 224 
232 208 
240 204 
240 212 
228 236 
240 208 
240 208 
236 208 
240 208 
236 240 
248 212 
236 208 
240 216 
348 208 
480 216 
236 232 
232 236 
232 204 
232 208 
236 212 
232 208 
236 232 
232 212 
232 208 
236 208 
232 212 
240 232 
228 248 
232 208 
360 1112 
236 212 
236 204 
236 212 
232 212 
236 216 
236 236 
240 216 
244 220 
228 204 
232 208 
236 236 
252 212 
240 212 
256 208 
236 432 
236 212 
236 212 
236 212 
232 208 
232 208 
232 208 
244 240 
484 232 
240 212 
236 232 
232 212 
240 212 
236 232 
236 228 
232 228 
236 208 
708 212 
236 208 
228 216 
228 232 
236 224 
232 212 
236 208 
236 204 
212 216 
236 576 
240 212 
232 212 
236 208 
236 208 
244 208 
236 212 
228 216 
212 212 
232 212 
236 212 
232 220 
240 208 
236 208 
236 212 
240 212 
236 204 
236 208 
232 240 
236 248 
248 212 
236 208 
232 208 
240 224 
232 212 
236 216 
240 236 
528 208 
236 220 
272 212 
232 212 
236 212 
236 220 
236 208 
232 208 
236 208 
232 236 
236 252 
236 208 
232 204 
236 236 
240 224 
232 216 
236 208 
240 236 
232 216 
232 204 
236 232 
232 252 
232 208 
232 216 
232 208 
236 208 
240 208 
232 208 
236 232 
232 240 
240 216 
232 216 
236 208 
232 204 
232 212 
232 208 
240 208 
236 232 
236 216 
240 236 
236 240 
260 212 
232 232 
240 220 
240 224 
236 232 
236 228 
232 216 
240 232 
232 232 
500 956 
240 232 
232 212 
240 216 
240 244 
232 208 
240 212 
228 208 
236 224 
736 216 
240 216 
232 208 
236 208 
236 208 
228 204 
240 264 
236 208 
212 260 
232 596 
236 232 
244 208 
236 212 
236 208 
232 216 
232 216 
232 204 
256 216 
232 208 
244 224 
228 236 
232 212 
232 208 
236 260 
236 256 
344 204 
240 208 
232 212 
232 216 
236 212 
232 232 
236 232 
236 212 
228 208 
232 208 
232 204 
232 208 
232 240 
236 232 
232 208 
340 208 
228 228 
232 208 
236 256 
228 208 
232 232 
236 208 
236 260 
236 208 
240 212 
232 212 
244 224 
236 236 
236 216 
236 224 
236 208 
236 208 
232 232 
232 208 
236 216 
228 212 
228 212 
232 208 
236 264 
232 216 
240 236 
232 216 
244 208 
232 212 
240 216 
228 208 
232 208 
240 236 
236 220 
232 208 
240 208 
264 252 
304 212 
240 208 
244 236 
236 208 
232 208 
232 212 
236 208 
240 224 
240 216 
516 208 
240 212 
232 204 
236 216 
236 212 
236 216 
228 204 
236 316 
232 208 
744 212 
44 40 
236 236 
240 208 
240 216 
240 260 
236 256 
260 208 
208 212 
240 620 
240 236 
232 204 
232 208 
1008 228 
240 208 
240 220 
232 208 
212 220 
236 204 
236 212 
228 220 
232 208 
240 204 
236 232 
232 204 
240 204 
236 236 
232 228 
48 40 
232 204 
240 220 
236 212 
236 264 
252 216 
232 224 
232 224 
240 204 
232 212 
236 236 
240 232 
240 236 
236 212 
236 236 
232 208 
252 216 
232 216 
240 236 
1300 208 
236 204 
232 212 
232 208 
228 208 
236 208 
232 208 
236 204 
236 40 
232 212 
240 212 
232 208 
232 220 
240 208 
240 204 
236 208 
232 232 
236 216 
232 212 
240 208 
240 216 
240 236 
236 208 
232 220 
236 212 
236 248 
232 208 
232 208 
240 208 
232 212 
296 208 
232 216 
236 204 
236 244 
240 232 
236 212 
236 252 
236 208 
240 216 
568 264 
232 212 
236 220 
236 232 
240 240 
240 208 
236 248 
232 220 
244 216 
228 380 
240 216 
236 220 
236 216 
236 208 
232 204 
240 216 
232 216 
232 208 
236 624 
232 216 
232 208 
232 216 
236 208 
232 236 
232 216 
240 212 
220 208 
236 208 
236 212 
236 212 
236 212 
240 208 
236 208 
236 236 
244 236 
236 208 
240 208 
236 208 
236 232 
228 324 
240 208 
240 212 
232 208 
236 216 
240 244 
1088 212 
300 212 
236 256 
240 208 
236 208 
236 236 
240 208 
236 208 
240 228 
232 232 
244 208 
232 208 
232 212 
236 236 
240 236 
240 232 
232 216 
240 212 
240 208 
236 236 
236 208 
240 212 
232 212 
232 212 
232 208 
240 208 
236 216 
236 212 
240 216 
236 248 
248 208 
260 212 
236 212 
244 204 
236 232 
236 232 
240 236 
232 216 
236 216 
236 208 
304 284 
312 208 
236 212 
232 204 
240 228 
236 208 
236 208 
240 236 
236 232 
236 236 
552 236 
236 204 
240 460 
232 208 
236 236 
264 212 
268 204 
232 216 
232 204 
232 412 
236 216 
240 236 
228 216 
240 208 
236 208 
236 204 
232 208 
212 232 
232 652 
236 208 
240 208 
236 208 
264 208 
232 208 
232 212 
240 208 
216 236 
232 212 
228 208 
240 204 
228 212 
236 208 
272 232 
236 256 
236 816 
236 224 
236 208 
236 208 
232 204 
232 228 
272 220 
232 208 
232 208 
236 204 
236 216 
236 216 
240 256 
236 212 
232 204 
228 208 
232 232 
236 216 
232 208 
236 212 
240 208 
236 212 
232 236 
232 204 
232 208 
236 232 
232 228 
240 208 
232 228 
232 208 
236 212 
236 208 
228 204 
236 208 
232 696 
236 216 
228 212 
236 216 
240 216 
240 236 
240 232 
240 236 
228 208 
236 204 
228 208 
232 208 
236 228 
232 208 
240 256 
232 224 
232 204 
240 228 
368 208 
228 212 
240 212 
236 232 
236 232 
232 212 
228 244 
236 212 
240 212 
552 232 
264 276 
236 212 
240 232 
232 208 
236 260 
708 212 
240 208 
220 232 
240 380 
288 204 
236 208 
236 232 
260 208 
228 208 
236 212 
232 208 
220 220 
236 668 
360 212 
48 40 
232 208 
236 236 
392 948 
232 212 
236 208 
224 212 
236 220 
232 212 
236 240 
236 204 
236 204 
236 208 
236 204 
244 232 
232 232 
248 208 
232 208 
236 220 
236 236 
240 232 
236 212 
236 208 
236 228 
236 224 
232 208 
232 232 
48 44 
232 212 
236 224 
240 236 
232 208 
232 208 
232 216 
240 216 
232 212 
804 212 
228 212 
240 208 
236 208 
228 208 
232 252 
240 232 
232 212 
232 208 
228 208 
236 236 
236 236 
236 244 
324 208 
236 208 
236 208 
232 216 
232 232 
240 44 
240 212 
240 224 
236 256 
228 208 
232 212 
240 268 
236 208 
236 232 
232 216 
240 220 
232 216 
360 212 
240 208 
236 220 
236 252 
848 208 
232 204 
236 208 
236 208 
236 208 
620 216 
240 236 
236 212 
232 208 
228 208 
232 212 
236 228 
240 208 
204 208 
240 456 
228 212 
236 236 
236 212 
232 240 
240 208 
236 212 
232 208 
220 204 
244 676 
232 244 
236 212 
248 208 
232 244 
236 208 
232 208 
240 224 
232 208 
228 212 
248 216 
240 216 
232 212 
240 236 
240 228 
280 208 
236 244 
264 208 
228 208 
232 208 
240 236 
236 208 
236 232 
236 208 
232 236 
232 224 
232 208 
260 228 
236 236 
236 204 
240 240 
236 236 
232 240 
236 212 
232 208 
232 208 
240 240 
236 232 
236 204 
240 208 
236 216 
236 208 
264 212 
236 236 
228 208 
240 236 
244 212 
228 208 
240 208 
228 208 
232 212 
240 216 
228 216 
228 208 
232 204 
232 216 
236 236 
236 212 
228 208 
236 256 
232 212 
772 208 
232 212 
244 208 
236 212 
236 236 
228 208 
232 212 
412 236 
244 208 
232 260 
232 208 
240 212 
240 236 
236 244 
264 216 
232 208 
564 208 
240 236 
236 216 
232 212 
232 216 
228 208 
236 212 
236 248 
236 208 
232 452 
236 212 
240 208 
236 216 
236 232 
236 216 
240 208 
236 216 
212 236 
232 700 
232 228 
228 212 
232 216 
228 208 
240 208 
236 264 
232 228 
212 212 
232 220 
240 208 
240 216 
240 232 
236 236 
232 208 
232 212 
236 224 
232 236 
236 232 
232 204 
232 260 
236 232 
236 216 
232 212 
236 208 
236 208 
236 220 
240 208 
228 232 
260 216 
236 204 
240 204 
232 208 
236 232 
236 212 
240 228 
240 212 
232 268 
236 220 
232 216 
244 216 
240 232 
240 232 
232 208 
232 208 
232 212 
244 228 
240 220 
236 212 
240 224 
972 208 
236 212 
252 212 
236 216 
240 212 
236 208 
240 208 
236 228 
236 232 
228 224 
240 204 
240 204 
268 216 
232 212 
236 208 
228 220 
236 208 
236 212 
416 224 
236 232 
240 236 
236 236 
236 232 
236 236 
232 212 
232 208 
236 228 
640 236 
232 208 
232 212 
236 236 
236 232 
236 208 
212 212 
240 216 
392 208 
236 472 
240 236 
236 224 
240 212 
236 208 
244 216 
232 212 
240 212 
216 212 
236 704 
240 216 
236 216 
236 208 
236 212 
236 220 
236 208 
232 212 
212 216 
236 212 
236 232 
244 244 
236 236 
236 232 
228 208 
228 208 
232 208 
228 216 
232 212 
88 44 
232 208 
232 232 
360 208 
232 208 
236 212 
236 236 
244 236 
280 212 
240 208 
232 208 
200 412 
0 0 
396 228 
232 232 
228 204 
52 44 
256 216 
0 0 
0 0 
0 0 
228 208 
240 208 
244 216 
236 208 
228 44 
240 208 
240 264 
240 204 
232 240 
236 208 
236 208 
236 224 
232 208 
236 204 
236 208 
232 212 
228 212 
232 208 
236 208 
208 216 
236 212 
236 212 
236 208 
240 208 
232 208 
232 212 
236 232 
248 212 
448 220 
240 208 
228 232 
232 212 
240 208 
232 208 
232 212 
232 204 
236 212 
668 208 
236 236 
232 208 
240 236 
244 252 
228 204 
236 264 
236 208 
248 212 
232 520 
236 208 
232 208 
236 208 
236 228 
232 208 
236 212 
240 232 
212 232 
236 688 
232 208 
260 204 
240 208 
240 248 
228 284 
236 216 
240 216 
216 212 
236 208 
228 216 
260 208 
236 220 
240 236 
236 208 
232 208 
232 208 
240 264 
236 208 
232 208 
240 236 
232 208 
236 208 
236 232 
240 232 
232 212 
236 208 
236 1200 
264 216 
236 216 
236 208 
232 208 
236 204 
236 264 
232 212 
260 208 
232 212 
240 224 
236 248 
264 208 
232 216 
236 216 
232 208 
232 212 
240 240 
236 216 
240 208 
236 232 
320 220 
232 208 
236 208 
228 204 
264 208 
228 208 
232 224 
232 208 
244 212 
248 216 
240 208 
228 208 
240 212 
240 1244 
240 236 
240 232 
236 216 
236 212 
236 216 
232 208 
444 208 
232 208 
236 232 
240 208 
240 208 
232 212 
232 244 
232 204 
236 240 
700 240 
228 204 
276 220 
240 208 
240 236 
232 220 
232 212 
240 208 
216 204 
232 488 
228 204 
236 220 
240 204 
240 204 
232 212 
240 212 
240 252 
212 212 
344 620 
232 204 
236 208 
236 236 
236 216 
232 208 
236 248 
232 212 
236 208 
232 232 
240 240 
236 236 
240 220 
236 212 
232 204 
236 220 
240 228 
252 220 
232 212 
236 216 
236 236 
240 220 
240 204 
232 212 
236 208 
232 216 
240 216 
240 236 
236 236 
236 244 
236 224 
236 236 
236 208 
236 220 
236 212 
236 232 
232 212 
240 208 
232 204 
240 204 
240 212 
236 216 
240 208 
268 216 
232 212 
232 236 
236 208 
240 220 
232 216 
236 276 
232 1040 
240 220 
228 216 
240 232 
240 208 
240 296 
244 236 
240 208 
240 208 
220 208 
228 208 
240 208 
236 232 
244 236 
232 212 
232 212 
236 216 
240 204 
436 216 
240 232 
240 232 
236 244 
232 212 
236 212 
236 208 
232 208 
232 204 
732 208 
236 212 
244 256 
236 240 
228 208 
236 204 
232 208 
232 212 
224 212 
228 544 
228 220 
232 208 
232 208 
236 208 
228 208 
244 208 
240 240 
216 212 
240 208 
236 232 
228 204 
188 208 
216 216 
48 48 
232 212 
232 212 
232 236 
236 212 
240 216 
236 236 
232 212 
236 240 
228 212 
236 220 
236 212 
236 208 
232 208 
240 232 
236 224 
232 208 
228 220 
240 264 
232 212 
236 208 
236 216 
240 256 
240 208 
240 212 
244 216 
240 212 
232 208 
48 44 
232 236 
232 216 
240 204 
228 208 
240 264 
244 1336 
232 216 
236 208 
240 212 
236 216 
240 208 
240 248 
232 208 
232 208 
240 212 
236 236 
236 212 
240 216 
240 232 
236 212 
232 204 
240 208 
236 208 
236 256 
240 256 
252 208 
228 48 
232 208 
232 212 
236 256 
236 208 
240 208 
232 208 
236 236 
424 208 
236 208 
240 212 
236 208 
956 216 
236 212 
232 208 
240 204 
240 260 
736 208 
232 240 
232 208 
240 208 
256 212 
232 212 
232 212 
232 212 
208 208 
240 544 
232 208 
232 208 
244 212 
232 212 
232 216 
232 212 
232 268 
208 208 
232 208 
236 232 
240 212 
232 208 
240 212 
240 208 
236 232 
228 232 
240 216 
236 204 
240 208 
960 212 
232 212 
240 208 
236 228 
232 212 
232 204 
232 204 
232 208 
236 236 
240 208 
240 204 
236 204 
232 212 
232 204 
244 208 
236 216 
240 208 
232 444 
236 236 
236 212 
228 212 
232 208 
240 208 
236 216 
236 208 
228 220 
236 212 
232 228 
236 212 
240 208 
240 208 
232 252 
240 248 
228 208 
232 208 
236 216 
236 220 
236 212 
232 208 
232 228 
240 208 
236 236 
236 220 
228 204 
240 212 
236 232 
232 208 
236 252 
272 220 
240 208 
236 264 
232 224 
232 208 
232 212 
236 236 
240 212 
236 236 
516 216 
236 232 
240 232 
232 212 
260 300 
236 220 
236 212 
244 232 
240 212 
728 208 
232 208 
252 204 
240 208 
232 204 
228 208 
232 208 
236 236 
216 208 
232 564 
236 248 
236 276 
232 212 
232 212 
232 216 
232 212 
228 204 
208 208 
296 588 
228 204 
232 236 
236 208 
236 232 
228 216 
240 236 
244 208 
232 336 
236 220 
240 232 
232 224 
236 216 
240 208 
236 236 
232 208 
232 212 
236 216 
236 216 
228 216 
240 208 
240 216 
240 260 
236 216 
268 208 
240 212 
228 208 
232 228 
240 228 
240 212 
236 256 
240 204 
232 212 
236 212 
328 208 
236 264 
236 208 
232 208 
236 236 
236 232 
268 232 
232 208 
240 232 
236 264 
232 208 
232 208 
236 208 
232 216 
236 212 
236 216 
240 232 
244 220 
240 216 
244 228 
240 220 
236 256 
236 232 
232 208 
236 208 
280 208 
232 208 
232 208 
236 208 
240 204 
240 232 
232 208 
228 204 
208 212 
528 208 
240 212 
240 236 
236 208 
240 216 
240 244 
236 212 
236 208 
240 220 
236 384 
240 328 
232 224 
240 212 
240 212 
236 216 
240 208 
1096 232 
208 232 
228 624 
228 212 
236 232 
240 228 
240 212 
236 212 
240 212 
236 208 
220 212 
236 228 
236 216 
232 204 
236 232 
236 228 
240 212 
240 216 
232 248 
228 212 
228 260 
232 228 
232 212 
232 212 
240 208 
236 208 
236 232 
232 204 
44 40 
236 236 
232 236 
232 212 
236 208 
236 208 
236 544 
236 244 
240 212 
240 208 
236 208 
244 216 
236 220 
232 212 
232 208 
236 280 
236 236 
232 208 
228 208 
236 220 
236 208 
240 252 
236 204 
240 208 
232 208 
260 212 
428 208 
232 208 
44 48 
232 212 
244 284 
232 212 
232 208 
240 212 
236 212 
232 208 
236 212 
240 220 
252 220 
660 232 
232 208 
240 212 
320 232 
232 208 
244 212 
236 252 
232 212 
232 208 
232 216 
236 216 
236 216 
548 244 
232 208 
232 208 
244 208 
236 208 
1044 40 
228 204 
236 216 
236 216 
240 364 
232 208 
232 216 
228 212 
232 204 
236 228 
232 216 
232 212 
208 212 
240 628 
232 208 
232 248 
236 228 
320 208 
240 232 
240 256 
232 248 
212 208 
232 204 
236 212 
236 236 
236 224 
236 208 
236 216 
240 208 
232 208 
236 208 
240 208 
240 216 
616 208 
236 208 
232 204 
236 204 
236 224 
236 208 
236 248 
232 240 
236 204 
236 236 
236 212 
232 208 
236 212 
232 204 
240 212 
240 212 
236 256 
236 208 
236 212 
240 204 
236 208 
232 208 
232 216 
232 208 
232 208 
244 232 
232 216 
232 204 
240 208 
236 208 
232 212 
232 208 
236 212 
236 236 
616 208 
240 212 
244 244 
236 216 
232 216 
236 260 
240 212 
232 208 
240 212 
240 236 
236 212 
232 208 
240 212 
240 208 
324 208 
244 204 
232 208 
236 232 
232 212 
232 208 
236 212 
232 208 
232 208 
568 208 
232 232 
232 216 
232 204 
240 212 
236 236 
236 220 
240 252 
216 208 
240 416 
228 228 
240 208 
244 208 
240 236 
240 208 
232 212 
236 232 
216 216 
240 612 
236 212 
236 220 
232 212 
236 208 
236 232 
232 224 
236 212 
220 208 
228 212 
236 212 
232 228 
232 204 
232 208 
240 232 
228 204 
236 208 
240 208 
240 244 
232 244 
248 244 
240 228 
232 208 
236 204 
236 220 
232 208 
240 216 
236 224 
236 216 
232 216 
236 208 
228 212 
232 220 
232 208 
232 212 
232 236 
228 216 
232 208 
236 216 
236 260 
264 208 
236 216 
236 224 
620 216 
240 236 
232 208 
232 208 
232 208 
240 208 
244 216 
232 240 
240 208 
236 232 
236 236 
240 208 
236 212 
236 216 
232 208 
232 204 
240 212 
236 216 
232 212 
240 208 
240 236 
240 212 
236 208 
228 204 
232 208 
332 208 
236 208 
228 212 
240 212 
232 232 
228 232 
236 208 
236 204 
232 204 
572 256 
240 208 
240 208 
240 260 
236 236 
236 212 
232 212 
236 208 
232 208 
232 444 
236 248 
232 208 
236 208 
240 208 
240 216 
244 212 
232 208 
212 260 
284 600 
232 208 
236 228 
244 216 
236 232 
240 212 
232 212 
240 208 
212 208 
244 208 
232 212 
232 208 
236 208 
236 216 
232 208 
264 212 
232 208 
236 232 
236 236 
256 212 
232 208 
236 208 
232 208 
228 208 
232 216 
232 212 
236 208 
236 224 
236 208 
236 256 
236 208 
232 212 
704 232 
48 44 
240 212 
232 204 
256 204 
232 208 
240 204 
232 244 
240 228 
232 228 
236 224 
232 208 
236 236 
236 208 
232 208 
240 224 
236 236 
232 208 
236 236 
256 212 
240 212 
236 224 
240 232 
236 244 
232 212 
236 204 
232 212 
236 208 
232 44 
44 44 
244 264 
240 204 
232 212 
236 212 
236 212 
236 204 
380 208 
232 208 
240 212 
232 208 
240 208 
228 204 
236 208 
236 232 
240 212 
608 208 
236 232 
236 216 
236 220 
236 204 
240 252 
244 236 
236 216 
232 216 
236 444 
236 224 
236 44 
228 212 
232 232 
252 208 
236 208 
232 208 
216 212 
232 668 
232 212 
228 224 
240 216 
192 208 
236 236 
236 256 
232 232 
216 236 
232 208 
232 212 
232 204 
236 212 
236 224 
232 212 
232 220 
240 208 
240 232 
232 248 
228 208 
240 208 
632 208 
236 208 
236 212 
236 232 
240 216 
252 212 
232 208 
236 208 
228 212 
236 220 
232 212 
232 212 
232 208 
232 208 
236 212 
236 208 
240 204 
236 216 
228 208 
236 220 
236 420 
232 208 
236 212 
232 220 
240 208 
244 212 
232 240 
236 216 
228 208 
236 204 
240 224 
236 260 
232 208 
232 1132 
240 212 
232 208 
236 232 
236 236 
232 212 
236 212 
232 232 
232 208 
240 236 
232 208 
236 208 
240 220 
232 204 
400 212 
240 208 
308 208 
240 208 
240 208 
236 228 
236 228 
232 204 
232 236 
620 232 
240 212 
240 208 
232 204 
240 216 
232 252 
232 212 
264 212 
212 212 
236 472 
232 212 
232 208 
236 204 
236 204 
248 208 
236 236 
240 264 
208 208 
248 668 
240 220 
232 216 
228 208 
232 212 
236 212 
236 220 
244 204 
216 212 
236 1016 
228 204 
240 216 
236 244 
232 208 
228 216 
240 260 
240 252 
232 208 
232 220 
240 204 
240 236 
236 216 
236 208 
232 208 
248 212 
236 204 
236 228 
236 208 
236 216 
232 208 
240 208 
240 236 
236 216 
236 216 
240 236 
240 220 
236 236 
236 212 
232 212 
236 208 
240 212 
244 236 
236 216 
232 1012 
236 208 
232 204 
232 212 
240 216 
236 212 
236 208 
236 260 
236 296 
232 228 
240 216 
236 212 
236 208 
232 204 
240 204 
244 212 
236 220 
236 208 
240 228 
240 256 
236 208 
232 232 
240 228 
232 208 
236 212 
424 208 
236 208 
236 216 
236 236 
236 240 
244 208 
240 208 
232 208 
236 216 
212 612 
232 208 
236 232 
236 212 
232 212 
240 208 
240 208 
228 204 
216 208 
232 460 
236 228 
320 212 
236 248 
240 236 
236 232 
232 216 
236 212 
208 212 
236 700 
236 236 
232 208 
240 204 
328 208 
244 208 
248 216 
232 224 
220 220 
236 208 
236 208 
232 204 
236 212 
228 208 
240 208 
240 208 
248 216 
228 208 
240 208 
240 256 
236 208 
236 208 
324 216 
236 212 
232 216 
236 208 
240 216 
236 208 
236 208 
236 240 
228 212 
240 232 
232 988 
236 236 
236 244 
232 208 
236 208 
232 224 
232 212 
236 212 
44 44 
236 212 
236 232 
236 268 
236 232 
236 212 
232 204 
240 212 
240 208 
236 220 
236 216 
232 212 
236 228 
240 236 
236 204 
232 232 
232 244 
232 208 
236 212 
200 216 
236 232 
236 204 
232 232 
256 216 
232 220 
232 212 
248 212 
228 204 
440 192 
44 212 
236 216 
236 232 
244 208 
236 236 
232 256 
272 208 
240 208 
660 204 
240 312 
236 208 
236 240 
228 236 
240 208 
232 216 
236 232 
212 236 
236 508 
236 236 
232 212 
232 208 
232 208 
296 208 
240 232 
236 216 
212 228 
240 224 
240 208 
240 232 
240 236 
236 228 
236 44 
232 236 
232 212 
232 208 
236 236 
232 236 
260 208 
232 208 
240 216 
236 212 
236 232 
236 240 
228 208 
232 236 
232 208 
232 208 
236 1072 
236 224 
232 208 
232 212 
240 212 
240 216 
236 244 
232 212 
240 208 
232 208 
232 220 
236 228 
240 236 
236 236 
232 216 
232 244 
228 212 
244 208 
232 208 
232 208 
236 208 
236 232 
240 204 
232 224 
236 236 
236 208 
228 208 
236 208 
240 216 
236 224 
236 216 
240 232 
236 236 
608 236 
240 236 
240 236 
236 296 
236 204 
212 208 
228 208 
244 208 
232 264 
228 208 
236 208 
240 260 
232 216 
236 236 
464 208 
236 216 
240 212 
236 216 
240 208 
236 208 
232 204 
228 208 
232 208 
684 208 
236 212 
232 212 
232 216 
240 204 
240 220 
236 232 
236 212 
248 236 
232 552 
232 208 
920 236 
232 208 
236 212 
248 212 
232 208 
236 232 
212 212 
316 564 
240 208 
244 208 
236 232 
240 228 
232 212 
232 208 
236 208 
240 216 
240 216 
236 1064 
232 208 
232 208 
240 208 
232 232 
232 212 
244 228 
232 208 
232 208 
232 208 
240 212 
232 204 
240 232 
232 208 
236 212 
236 212 
236 208 
232 212 
232 212 
236 212 
300 208 
236 212 
232 204 
232 204 
232 204 
228 204 
232 208 
228 208 
244 208 
236 236 
236 244 
232 248 
240 204 
236 204 
232 208 
236 204 
232 208 
240 220 
232 208 
232 220 
236 260 
240 208 
240 236 
244 216 
240 212 
232 216 
236 208 
236 228 
240 208 
244 224 
232 208 
240 252 
232 208 
232 216 
240 212 
228 208 
240 232 
232 208 
472 248 
244 208 
236 216 
232 216 
232 212 
240 208 
236 236 
236 260 
236 212 
820 208 
236 232 
236 240 
232 208 
504 208 
232 212 
236 236 
236 232 
208 276 
236 528 
236 236 
236 216 
240 216 
232 212 
232 212 
240 236 
240 204 
216 208 
232 692 
236 216 
232 216 
232 208 
240 208 
236 248 
240 212 
244 228 
212 212 
228 220 
232 208 
232 208 
232 208 
236 208 
236 236 
236 232 
236 236 
232 212 
244 204 
232 212 
236 208 
228 212 
264 208 
236 248 
244 208 
232 240 
232 208 
232 204 
240 236 
236 252 
236 208 
232 208 
232 248 
232 224 
236 212 
232 212 
236 216 
232 240 
236 224 
232 212 
236 212 
232 216 
232 216 
240 208 
236 248 
240 208 
236 208 
236 216 
232 216 
232 208 
240 208 
232 212 
236 216 
236 236 
244 208 
236 208 
236 220 
240 232 
232 128 
48 212 
236 212 
236 236 
240 208 
236 244 
292 216 
232 204 
1100 208 
232 212 
480 212 
232 220 
240 208 
232 208 
232 208 
240 212 
240 232 
232 212 
236 212 
720 208 
240 208 
236 232 
232 248 
236 256 
232 208 
236 252 
44 40 
208 208 
236 540 
236 212 
236 224 
236 208 
240 208 
232 204 
232 208 
236 212 
216 212 
236 208 
228 208 
236 208 
236 232 
244 208 
264 208 
232 208 
228 204 
212 208 
236 212 
232 212 
232 240 
232 208 
228 208 
236 236 
236 212 
228 44 
236 212 
236 212 
236 216 
236 248 
236 208 
240 216 
244 204 
232 216 
236 208 
240 236 
236 236 
236 268 
236 248 
236 212 
228 212 
232 208 
236 208 
236 208 
232 208 
232 208 
240 208 
460 220 
228 208 
240 212 
236 216 
228 220 
232 212 
240 212 
236 212 
228 204 
236 212 
236 208 
240 208 
240 208 
232 236 
236 240 
232 224 
236 216 
912 232 
240 220 
232 216 
240 204 
248 256 
236 208 
240 212 
236 260 
236 204 
236 208 
232 208 
240 208 
240 232 
504 216 
236 252 
228 232 
232 256 
228 208 
236 208 
236 236 
240 216 
236 220 
728 212 
236 208 
236 208 
232 204 
232 204 
236 204 
232 208 
232 204 
212 208 
232 572 
236 396 
504 212 
236 216 
232 220 
232 208 
236 208 
244 220 
216 236 
232 216 
232 208 
232 212 
236 240 
240 236 
236 212 
240 208 
240 220 
236 232 
236 232 
232 212 
232 208 
236 216 
240 208 
232 208 
240 212 
240 232 
240 204 
236 204 
236 212 
232 212 
236 208 
228 208 
240 252 
232 228 
232 216 
232 224 
412 208 
228 212 
228 208 
236 232 
240 216 
236 236 
240 208 
232 212 
240 208 
232 236 
236 232 
232 212 
236 256 
232 232 
232 208 
236 216 
240 264 
236 236 
296 212 
236 212 
236 228 
240 228 
228 204 
236 204 
244 228 
240 204 
240 204 
236 236 
244 232 
232 212 
240 208 
236 208 
324 220 
236 236 
236 232 
232 212 
232 208 
232 212 
228 216 
236 208 
240 232 
532 216 
232 208 
232 208 
240 212 
236 232 
232 252 
232 208 
236 204 
240 224 
236 376 
232 280 
228 204 
240 232 
236 260 
232 212 
228 208 
236 228 
212 208 
236 604 
240 212 
240 240 
228 208 
232 204 
284 216 
276 216 
228 212 
212 204 
364 588 
236 208 
240 212 
232 212 
240 208 
232 224 
236 232 
240 204 
232 216 
232 208 
240 208 
240 212 
240 224 
240 236 
264 212 
236 220 
556 208 
240 220 
240 212 
240 212 
236 236 
232 208 
232 212 
236 256 
232 244 
232 208 
236 204 
228 208 
236 216 
236 208 
240 204 
240 236 
232 212 
236 252 
228 212 
240 208 
236 236 
236 264 
236 228 
240 212 
236 232 
232 212 
232 216 
236 216 
236 264 
232 212 
236 208 
232 232 
232 208 
240 212 
456 204 
240 212 
232 216 
232 212 
236 216 
236 220 
236 204 
236 216 
236 208 
292 212 
232 204 
232 208 
240 212 
232 208 
236 212 
240 220 
236 232 
228 208 
552 212 
236 236 
232 208 
232 208 
236 208 
236 220 
324 232 
52 40 
240 212 
236 360 
240 244 
228 224 
232 216 
236 208 
236 208 
240 228 
236 216 
208 204 
240 616 
240 232 
236 228 
240 216 
240 208 
232 216 
236 248 
232 208 
212 212 
236 212 
236 212 
232 212 
236 216 
236 264 
540 208 
236 216 
52 44 
240 208 
236 216 
236 216 
232 208 
236 208 
228 212 
228 208 
240 212 
236 212 
232 208 
236 208 
236 216 
292 312 
248 212 
236 208 
240 236 
236 216 
240 216 
240 252 
240 228 
236 208 
232 208 
236 212 
232 220 
236 216 
236 44 
248 212 
232 208 
236 208 
232 208 
236 220 
236 208 
236 232 
228 208 
228 208 
232 208 
236 212 
232 252 
236 224 
228 216 
232 228 
292 208 
236 276 
232 212 
236 264 
236 208 
236 216 
236 208 
236 228 
260 212 
344 216 
352 208 
228 232 
236 220 
232 212 
232 212 
232 208 
236 208 
240 232 
232 212 
592 208 
472 208 
236 244 
240 208 
196 208 
236 216 
236 208 
240 232 
236 248 
232 404 
228 208 
228 208 
232 232 
240 212 
240 228 
232 216 
236 204 
220 248 
236 768 
236 216 
236 216 
284 244 
236 208 
236 208 
232 208 
240 212 
216 208 
240 208 
236 208 
232 224 
236 220 
240 208 
240 232 
232 216 
240 208 
232 204 
244 216 
236 216 
244 248 
236 216 
232 208 
236 268 
232 236 
240 256 
232 208 
232 208 
236 220 
236 212 
232 208 
232 212 
232 224 
232 208 
228 208 
240 212 
232 1108 
248 204 
228 204 
240 208 
232 208 
232 216 
236 232 
232 212 
228 208 
232 216 
236 204 
236 236 
236 212 
236 232 
228 204 
232 208 
232 208 
236 216 
232 216 
236 212 
236 224 
228 208 
232 208 
232 208 
232 216 
240 240 
232 248 
236 220 
236 236 
232 252 
240 236 
232 212 
348 216 
236 208 
232 248 
228 212 
240 212 
240 212 
240 232 
232 212 
232 192 
240 236 
0 0 
0 0 
236 212 
196 192 
236 212 
232 192 
196 228 
212 196 
212 952 
196 196 
232 228 
196 228 
236 208 
208 208 
188 208 
212 232 
216 208 
196 232 
212 208 
228 208 
244 200 
220 212 
212 196 
212 188 
212 192 
228 204 
196 192 
196 228 
236 208 
196 188 
192 232 
196 236 
192 228 
208 188 
212 192 
196 192 
212 216 
236 224 
192 228 
212 188 
232 192 
232 208 
236 856 
196 228 
236 228 
232 232 
236 232 
232 232 
236 192 
712 232 
236 228 
228 236 
232 232 
232 232 
232 1212 
196 232 
220 240 
232 192 
236 192 
232 224 
236 232 
236 228 
228 228 
232 228 
232 232 
232 232 
232 232 
232 232 
228 232 
232 232 
232 228 
228 232 
236 228 
232 208 
228 228 
232 232 
196 232 
228 236 
212 228 
232 228 
228 228 
236 232 
236 228 
236 232 
228 232 
388 232 
232 232 
232 228 
236 244 
208 212 
212 208 
196 236 
232 212 
208 188 
212 192 
328 208 
192 196 
376 228 
232 232 
232 208 
1192 212 
1088 208 
212 204 
192 192 
200 216 
216 204 
212 196 
192 196 
328 252 
228 232 
236 228 
208 228 
232 692 
232 228 
232 228 
232 228 
232 228 
232 228 
228 232 
232 228 
224 232 
192 188 
320 232 
192 216 
236 236 
204 188 
1304 192 
216 188 
236 232 
188 232 
232 232 
236 232 
196 188 
336 232 
192 208 
192 208 
196 192 
232 236 
196 192 
212 212 
192 192 
228 232 
308 196 
232 232 
192 208 
236 228 
212 208 
228 208 
212 208 
188 212 
208 228 
216 212 
232 232 
208 188 
232 228 
216 208 
192 212 
208 212 
240 228 
188 216 
232 232 
208 208 
236 292 
212 208 
236 208 
216 208 
216 208 
228 212 
232 216 
252 232 
192 188 
232 544 
196 192 
196 192 
192 192 
228 232 
192 192 
236 220 
208 192 
192 204 
196 188 
188 192 
188 232 
240 236 
228 208 
208 192 
232 232 
240 228 
232 228 
624 232 
232 228 
196 232 
228 228 
192 228 
192 192 
232 224 
232 232 
212 228 
232 232 
232 228 
232 232 
232 232 
228 264 
216 228 
232 232 
224 224 
212 232 
232 192 
232 228 
228 228 
228 912 
232 228 
232 232 
232 232 
232 232 
208 208 
216 208 
212 208 
216 212 
248 208 
216 208 
212 208 
232 212 
232 208 
232 212 
232 228 
236 232 
208 232 
192 232 
236 208 
232 236 
208 208 
192 212 
192 208 
212 228 
212 228 
212 208 
192 232 
212 232 
244 212 
232 208 
216 188 
236 232 
640 208 
224 192 
232 228 
312 232 
196 208 
236 192 
196 208 
228 188 
192 232 
216 260 
192 232 
232 192 
232 192 
208 232 
212 220 
224 312 
204 208 
232 204 
212 228 
220 192 
224 196 
200 228 
192 188 
196 188 
208 196 
200 212 
220 1056 
284 324 
200 208 
212 740 
236 280 
208 272 
320 240 
200 256 
820 192 
200 192 
240 264 
200 200 
196 192 
208 216 
228 192 
236 200 
224 188 
216 232 
288 268 
216 316 
320 288 
212 212 
236 212 
356 252 
232 284 
196 996 
212 232 
212 216 
212 192 
192 196 
268 344 
284 276 
208 236 
232 216 
196 188 
204 256 
208 204 
432 208 
212 212 
192 232 
192 220 
236 188 
188 188 
224 200 
340 340 
304 308 
248 252 
208 272 
276 204 
204 192 
212 432 
212 212 
296 344 
276 188 
200 208 
264 324 
200 192 
224 184 
196 192 
264 248 
196 200 
220 220 
208 212 
192 216 
196 192 
200 212 
348 272 
252 276 
336 284 
200 192 
204 220 
512 760 
212 216 
232 212 
204 192 
188 192 
224 264 
228 188 
216 272 
220 228 
188 200 
284 192 
208 416 
232 212 
192 188 
192 196 
212 200 
204 200 
392 344 
296 296 
276 340 
200 224 
1184 212 
216 224 
192 212 
212 204 
204 216 
208 208 
200 196 
216 204 
344 324 
