# ./FR-trace starting at Mon Apr 20 18:56:16 2020
################# CONFIG #################
# slot=5000
# samples=10000
# threshold=100
# idle=500
# minlen=500
# runs=10000
# pdathreads=2
# nmonitored=2
#   monitor0=../apps/openssl ec2_mult.c:153 0x1e7854
#   monitor1=../apps/openssl ec2_mult.c:161 0x1e789c
# nevicted=0
# npdatargets=2
#   target0=../apps/openssl bn_gf2m.c:412 0x20bd10
#   target1=../apps/openssl bn_gf2m.c:412+64 0x20bd50
# affinity=all
############## SYSTEM INFO ###############
# mastik_version=
# sysname=Linux
# nodename=lovelace
# release=5.3.7-arch1-1-ARCH
# version=#1 SMP PREEMPT Fri Oct 18 00:17:03 UTC 2019
# machine=x86_64
################## DATA ##################
# run=1378
# datapoints=3476
48 40 
220 228 
236 208 
232 212 
232 248 
232 208 
236 208 
324 232 
236 216 
232 224 
232 208 
244 256 
232 212 
236 232 
232 208 
236 232 
228 216 
232 208 
232 212 
240 208 
240 244 
236 208 
228 208 
236 204 
232 212 
236 212 
232 204 
564 208 
244 208 
240 208 
232 228 
268 208 
232 236 
232 208 
240 208 
232 216 
240 260 
236 232 
236 208 
236 216 
240 216 
236 240 
232 212 
232 236 
240 220 
236 204 
236 212 
240 208 
232 224 
52 40 
236 208 
232 232 
236 236 
240 236 
228 216 
236 212 
244 236 
232 248 
236 208 
400 216 
244 212 
236 212 
240 212 
240 264 
236 240 
236 208 
236 216 
364 208 
628 236 
48 48 
232 212 
236 224 
236 244 
236 216 
232 208 
232 216 
208 204 
232 1336 
232 252 
236 216 
228 208 
236 232 
232 212 
224 204 
232 208 
216 208 
236 732 
236 236 
236 236 
236 240 
236 212 
236 208 
236 216 
236 236 
248 216 
232 204 
240 216 
236 208 
232 228 
236 204 
236 204 
232 212 
236 208 
232 204 
236 212 
236 208 
232 208 
232 208 
240 212 
236 216 
240 232 
608 232 
232 244 
240 212 
236 204 
232 212 
232 208 
240 208 
244 236 
232 216 
236 212 
232 208 
236 212 
236 208 
236 208 
232 208 
240 244 
240 212 
232 208 
232 208 
236 264 
236 232 
244 212 
232 252 
232 216 
232 216 
236 216 
252 208 
232 212 
240 208 
236 212 
236 204 
232 228 
240 208 
232 208 
580 208 
240 208 
232 204 
240 236 
236 240 
232 232 
236 236 
232 268 
236 204 
416 260 
236 232 
236 208 
232 208 
236 212 
268 216 
236 232 
224 212 
236 212 
628 204 
240 208 
240 208 
240 236 
228 220 
236 208 
236 216 
236 212 
216 212 
236 444 
240 236 
240 244 
236 212 
240 264 
240 232 
236 208 
296 212 
212 220 
228 664 
236 228 
240 208 
240 220 
228 216 
228 208 
236 216 
236 212 
216 212 
232 208 
236 212 
236 232 
236 208 
236 212 
232 216 
232 232 
240 212 
232 244 
240 204 
240 212 
240 244 
228 212 
240 216 
236 212 
232 236 
240 208 
236 208 
236 208 
240 208 
228 208 
236 236 
236 236 
236 228 
232 232 
236 216 
236 216 
236 204 
240 204 
236 220 
232 216 
236 220 
240 232 
360 208 
232 216 
236 208 
232 236 
236 216 
232 216 
412 212 
228 208 
236 208 
232 208 
240 216 
236 216 
228 212 
236 212 
240 236 
236 264 
292 212 
236 204 
236 208 
232 232 
232 212 
232 204 
232 216 
240 216 
228 216 
232 252 
432 212 
236 212 
236 212 
240 220 
232 208 
232 212 
236 208 
236 268 
232 212 
668 216 
240 208 
240 240 
236 244 
252 212 
236 208 
240 224 
236 240 
212 220 
228 500 
236 212 
236 204 
240 204 
240 224 
236 236 
228 208 
240 204 
212 216 
244 732 
228 212 
240 212 
236 228 
232 208 
236 232 
236 256 
228 212 
208 216 
232 204 
236 212 
44 44 
236 212 
240 228 
240 204 
236 204 
240 212 
232 208 
236 236 
236 212 
236 208 
232 208 
236 212 
236 212 
240 208 
236 268 
236 232 
232 208 
240 232 
228 208 
236 208 
236 232 
236 220 
232 204 
240 212 
252 208 
1052 256 
44 44 
240 264 
232 232 
232 208 
236 216 
236 208 
236 208 
228 208 
236 212 
236 236 
232 208 
236 208 
240 204 
236 228 
236 204 
240 232 
236 240 
240 216 
232 216 
244 212 
232 212 
240 216 
220 236 
232 236 
228 216 
232 212 
232 212 
232 44 
232 252 
240 212 
236 208 
432 208 
232 220 
236 216 
236 236 
240 252 
240 220 
236 212 
232 208 
236 208 
676 204 
232 208 
244 212 
228 212 
240 212 
232 212 
236 208 
240 232 
260 208 
232 548 
236 208 
240 228 
232 208 
236 220 
236 236 
236 212 
240 228 
216 240 
232 208 
244 216 
236 212 
232 212 
236 212 
236 216 
236 204 
224 208 
220 208 
236 224 
236 216 
232 236 
232 208 
236 212 
236 212 
232 204 
232 204 
244 212 
236 312 
228 208 
232 212 
232 220 
232 208 
240 216 
232 248 
240 932 
240 228 
232 208 
236 208 
236 228 
232 216 
408 208 
232 208 
232 212 
236 208 
236 212 
240 252 
232 208 
236 208 
244 208 
240 236 
232 208 
232 208 
240 212 
236 244 
232 208 
232 220 
236 216 
232 212 
240 208 
232 208 
236 212 
240 208 
236 260 
236 212 
236 204 
232 208 
236 212 
232 208 
396 212 
232 208 
224 208 
236 208 
240 208 
236 240 
232 220 
232 232 
236 212 
452 208 
236 216 
236 244 
236 212 
232 212 
240 232 
232 204 
232 208 
236 212 
684 220 
240 208 
236 256 
232 208 
240 208 
236 220 
256 212 
232 212 
212 236 
240 540 
236 208 
232 204 
236 212 
236 212 
228 212 
236 212 
232 216 
212 220 
240 748 
268 208 
236 220 
236 220 
236 204 
232 208 
236 212 
236 208 
228 228 
232 212 
240 236 
236 244 
232 216 
240 208 
232 860 
240 224 
236 236 
232 208 
236 216 
240 212 
240 232 
232 208 
232 208 
236 232 
236 236 
236 212 
236 204 
232 204 
240 236 
232 236 
232 212 
216 324 
236 212 
240 208 
240 244 
236 204 
232 208 
264 212 
240 216 
236 212 
376 208 
240 216 
240 228 
236 204 
236 224 
236 216 
232 212 
240 208 
232 720 
228 208 
240 212 
228 208 
228 208 
240 208 
236 212 
236 232 
232 212 
232 208 
232 208 
260 212 
236 256 
236 236 
236 224 
232 204 
232 212 
240 212 
236 220 
236 228 
464 204 
240 236 
248 208 
232 224 
232 204 
232 208 
232 212 
228 212 
236 212 
704 232 
240 236 
264 224 
232 212 
232 216 
236 216 
236 212 
236 208 
212 220 
236 564 
232 212 
236 224 
232 204 
236 204 
236 208 
240 244 
240 212 
216 216 
232 236 
260 212 
232 212 
340 704 
240 236 
236 212 
240 212 
228 216 
240 216 
232 208 
252 212 
232 212 
232 212 
240 212 
224 212 
232 208 
236 228 
232 216 
228 212 
232 212 
48 44 
236 232 
232 240 
236 212 
240 224 
236 208 
240 260 
236 236 
272 216 
236 256 
232 204 
240 208 
236 244 
236 240 
232 204 
240 216 
232 212 
488 220 
244 232 
240 232 
240 236 
240 240 
252 212 
232 204 
232 216 
240 212 
232 208 
228 228 
52 48 
240 204 
232 204 
236 212 
236 248 
236 212 
236 220 
228 208 
236 208 
236 208 
232 208 
252 212 
232 208 
232 212 
244 236 
232 212 
236 236 
240 212 
244 208 
232 236 
508 212 
232 224 
832 208 
240 208 
236 208 
236 236 
228 208 
236 44 
232 208 
736 236 
232 204 
240 224 
236 216 
244 268 
252 208 
232 212 
240 208 
212 208 
228 560 
236 224 
236 208 
232 220 
236 212 
240 236 
232 216 
240 212 
216 212 
240 208 
240 216 
288 232 
228 212 
240 220 
236 232 
232 212 
236 232 
232 212 
228 212 
232 208 
228 204 
240 220 
236 228 
232 212 
236 256 
228 208 
236 212 
244 208 
240 236 
240 232 
240 236 
236 212 
236 204 
236 216 
236 240 
236 236 
240 212 
244 208 
232 208 
240 208 
240 208 
240 260 
232 236 
260 212 
228 212 
228 212 
236 212 
236 240 
240 236 
236 232 
236 216 
232 240 
232 208 
236 220 
232 212 
232 212 
232 208 
236 232 
236 208 
232 236 
260 236 
228 212 
240 216 
256 232 
232 208 
232 212 
240 204 
240 212 
424 576 
240 208 
232 204 
272 224 
240 228 
236 212 
236 212 
236 212 
240 212 
512 212 
232 208 
236 216 
240 236 
232 208 
236 212 
240 212 
240 224 
240 216 
724 212 
232 212 
240 236 
240 232 
236 240 
236 216 
232 232 
236 208 
220 308 
236 612 
240 208 
236 204 
232 212 
236 220 
232 208 
236 228 
236 260 
216 232 
236 212 
236 232 
240 232 
236 208 
276 216 
236 216 
232 208 
228 212 
240 236 
236 212 
236 208 
240 236 
228 208 
244 212 
236 208 
236 248 
236 236 
228 216 
232 204 
236 204 
236 232 
232 212 
240 232 
252 212 
236 212 
236 212 
236 208 
236 204 
236 212 
232 212 
236 212 
236 208 
528 212 
236 232 
248 212 
240 208 
276 208 
232 216 
240 220 
236 204 
232 204 
236 232 
232 208 
232 220 
236 204 
240 212 
232 216 
236 236 
876 204 
236 232 
232 204 
240 212 
232 228 
244 216 
236 216 
232 204 
232 208 
240 208 
244 212 
296 212 
236 224 
232 208 
240 208 
236 240 
236 236 
244 212 
232 208 
232 212 
540 216 
232 256 
236 204 
236 216 
240 224 
232 212 
232 216 
236 248 
240 212 
236 376 
232 208 
236 236 
236 236 
236 236 
792 216 
236 244 
236 236 
216 232 
240 512 
232 204 
240 216 
236 208 
300 220 
232 212 
236 216 
224 212 
208 252 
236 236 
240 208 
236 204 
236 208 
244 208 
236 212 
232 212 
240 216 
232 236 
236 208 
232 212 
232 208 
232 208 
476 212 
240 212 
236 212 
240 212 
240 232 
236 232 
236 208 
196 208 
236 260 
232 208 
240 204 
236 236 
236 256 
244 212 
236 212 
228 204 
236 236 
240 236 
236 204 
232 208 
236 212 
236 216 
236 236 
232 212 
236 216 
228 208 
236 220 
240 216 
44 44 
232 236 
236 228 
240 224 
240 232 
232 208 
428 236 
240 212 
236 260 
272 232 
240 208 
240 208 
236 232 
232 208 
232 208 
236 208 
232 216 
232 212 
320 228 
232 208 
232 208 
232 212 
252 220 
292 208 
232 208 
232 208 
240 236 
548 44 
232 48 
236 232 
628 204 
228 204 
232 208 
240 212 
240 212 
240 212 
240 412 
236 204 
236 208 
240 236 
232 212 
240 212 
236 208 
240 216 
220 216 
232 644 
236 212 
236 212 
240 232 
240 264 
236 224 
228 212 
228 216 
212 208 
240 216 
232 208 
228 48 
236 208 
236 212 
236 236 
236 252 
244 212 
232 216 
352 232 
236 232 
232 212 
240 264 
236 212 
232 212 
232 212 
232 212 
232 208 
240 208 
268 204 
236 236 
228 216 
232 208 
232 204 
240 208 
236 232 
236 204 
236 216 
228 208 
232 208 
244 212 
244 208 
232 232 
236 212 
232 220 
232 208 
236 208 
236 212 
232 208 
236 212 
240 248 
244 228 
236 204 
240 208 
284 220 
232 204 
236 208 
232 208 
236 212 
236 228 
232 212 
232 220 
236 264 
236 208 
236 208 
236 212 
232 212 
232 228 
236 220 
332 1108 
232 208 
236 212 
232 204 
232 208 
280 224 
264 204 
232 216 
236 236 
564 212 
232 252 
232 204 
232 212 
236 236 
236 212 
232 216 
236 212 
236 208 
240 396 
236 220 
248 220 
236 208 
240 208 
240 208 
240 212 
240 232 
216 232 
232 668 
236 212 
236 216 
240 208 
232 212 
252 204 
232 212 
268 204 
216 212 
240 220 
236 216 
240 204 
236 204 
232 216 
232 208 
236 208 
236 212 
240 216 
248 208 
236 208 
232 208 
232 212 
236 204 
252 212 
232 248 
236 228 
236 224 
236 212 
236 216 
240 212 
236 212 
240 264 
228 212 
236 208 
232 212 
228 216 
296 212 
232 204 
236 248 
240 236 
236 204 
744 212 
228 208 
236 208 
236 236 
236 232 
244 212 
232 208 
240 212 
236 208 
232 216 
236 212 
236 212 
244 236 
236 212 
236 216 
236 232 
232 208 
232 204 
232 212 
240 236 
240 224 
256 208 
232 212 
232 212 
228 212 
248 208 
232 212 
356 212 
240 240 
0 0 
232 228 
208 188 
232 212 
236 216 
240 268 
236 212 
596 216 
228 232 
240 244 
232 240 
232 212 
232 212 
236 212 
240 208 
236 212 
232 432 
228 228 
236 244 
240 208 
236 204 
196 236 
240 228 
244 268 
216 212 
232 688 
236 208 
236 204 
248 216 
236 228 
232 208 
236 236 
232 208 
216 216 
236 228 
236 212 
232 204 
248 212 
236 220 
232 212 
236 204 
240 212 
236 240 
228 212 
232 208 
232 208 
236 212 
236 232 
232 212 
240 212 
232 252 
232 212 
240 432 
236 236 
232 212 
244 212 
240 236 
236 208 
232 216 
228 212 
228 208 
236 212 
240 240 
232 204 
232 208 
228 208 
232 208 
236 236 
236 204 
232 204 
232 212 
232 204 
324 204 
236 212 
232 212 
236 216 
228 212 
240 232 
244 236 
236 208 
240 204 
240 208 
236 260 
236 224 
232 208 
232 208 
236 208 
240 208 
232 208 
240 216 
236 224 
232 208 
236 220 
360 212 
232 204 
236 212 
236 212 
236 208 
236 236 
236 204 
240 260 
48 44 
624 212 
240 232 
232 228 
236 212 
236 220 
236 216 
232 208 
236 208 
364 208 
232 456 
232 208 
232 256 
232 212 
240 260 
232 208 
240 208 
236 204 
216 212 
240 708 
228 212 
236 220 
260 212 
232 204 
240 236 
228 208 
236 208 
220 216 
48 44 
236 232 
236 236 
236 212 
244 208 
240 208 
240 220 
224 208 
232 208 
916 456 
232 208 
232 208 
236 212 
236 216 
232 208 
236 240 
232 236 
232 208 
232 208 
236 232 
236 208 
232 244 
228 208 
232 208 
244 212 
236 220 
232 44 
232 212 
232 220 
232 204 
232 208 
240 208 
240 232 
232 208 
232 212 
476 204 
236 204 
232 204 
236 208 
236 212 
260 212 
236 208 
240 212 
236 212 
240 224 
228 208 
236 204 
236 212 
236 212 
232 208 
232 204 
240 212 
232 228 
232 208 
232 204 
236 212 
236 208 
232 220 
232 236 
412 216 
240 1120 
236 216 
240 236 
256 208 
504 208 
244 208 
236 208 
240 208 
648 204 
236 244 
240 208 
232 212 
236 208 
232 236 
232 212 
232 208 
216 208 
328 384 
232 204 
232 216 
236 208 
232 252 
240 204 
236 212 
236 236 
212 212 
232 716 
240 204 
240 236 
236 236 
236 244 
236 264 
232 212 
236 824 
212 212 
308 212 
232 236 
232 212 
232 236 
236 248 
332 208 
236 212 
236 208 
236 232 
236 216 
232 208 
236 208 
236 208 
236 204 
232 208 
232 208 
232 228 
240 212 
240 208 
236 232 
244 236 
240 248 
236 204 
240 208 
240 232 
240 212 
232 212 
236 208 
236 236 
232 204 
248 208 
240 204 
236 372 
236 204 
236 204 
236 224 
240 212 
236 224 
232 212 
240 236 
240 208 
232 204 
236 236 
236 236 
240 244 
252 208 
240 208 
236 216 
236 236 
236 212 
240 236 
232 244 
240 220 
232 220 
236 208 
232 212 
240 208 
240 252 
232 208 
416 220 
252 208 
240 220 
236 236 
232 212 
236 208 
236 232 
236 212 
240 216 
668 216 
228 212 
236 216 
236 232 
236 236 
236 208 
232 204 
240 212 
216 216 
240 480 
232 216 
236 220 
232 212 
240 212 
1148 212 
240 208 
236 232 
216 232 
232 248 
236 204 
236 320 
232 212 
236 204 
232 208 
236 236 
236 216 
216 220 
232 224 
236 208 
240 220 
236 256 
236 208 
240 220 
240 232 
232 224 
232 212 
232 208 
232 236 
232 212 
232 212 
236 204 
236 208 
232 208 
236 204 
228 216 
232 208 
240 236 
236 212 
1196 208 
236 204 
240 204 
236 208 
240 236 
232 212 
228 204 
232 216 
236 212 
228 216 
240 216 
232 208 
232 212 
236 212 
240 212 
240 232 
244 208 
232 212 
244 212 
240 212 
228 212 
240 216 
252 220 
236 212 
232 236 
236 212 
240 240 
240 212 
244 212 
216 212 
236 216 
232 208 
236 236 
236 224 
236 212 
232 208 
236 204 
232 216 
444 232 
236 208 
232 208 
236 212 
232 216 
232 252 
236 208 
232 204 
236 208 
672 212 
232 208 
236 216 
1148 216 
240 232 
272 224 
232 208 
240 280 
212 208 
48 648 
236 208 
232 204 
244 208 
236 208 
236 216 
236 216 
232 216 
240 212 
236 208 
236 224 
232 212 
240 204 
232 208 
240 236 
240 208 
236 208 
244 216 
236 212 
236 208 
236 232 
232 212 
232 224 
236 212 
236 216 
236 208 
52 40 
240 252 
1088 236 
232 208 
232 212 
232 208 
244 236 
236 212 
232 212 
232 208 
232 208 
228 208 
236 256 
328 232 
240 216 
248 212 
236 208 
232 240 
236 208 
236 204 
240 212 
232 208 
228 208 
236 208 
232 212 
236 204 
236 216 
240 40 
240 232 
236 208 
232 264 
232 208 
236 216 
244 236 
248 208 
676 216 
232 212 
232 208 
232 212 
236 212 
236 236 
240 264 
196 204 
240 212 
228 212 
236 212 
240 220 
236 220 
232 208 
228 212 
240 212 
476 252 
232 208 
228 212 
232 212 
240 212 
228 216 
228 212 
232 208 
236 208 
692 208 
236 268 
324 212 
240 224 
236 208 
236 208 
236 244 
236 212 
216 232 
240 532 
236 216 
236 204 
236 216 
240 256 
232 208 
284 212 
228 216 
212 208 
232 236 
236 216 
236 232 
232 208 
236 216 
240 204 
236 208 
236 208 
240 212 
240 208 
232 208 
232 208 
240 236 
236 212 
232 204 
232 212 
240 216 
232 216 
228 208 
232 212 
232 208 
240 216 
232 212 
240 208 
232 208 
236 212 
232 208 
240 212 
236 248 
232 212 
236 216 
236 208 
232 228 
236 204 
240 208 
232 204 
236 216 
232 208 
232 220 
232 236 
236 228 
716 236 
232 208 
236 204 
232 212 
240 240 
240 212 
236 212 
236 208 
240 236 
232 212 
232 212 
236 208 
232 208 
232 208 
232 216 
236 236 
232 204 
236 208 
236 208 
236 212 
232 248 
236 236 
240 228 
240 212 
232 212 
232 212 
240 208 
456 208 
284 208 
232 212 
232 240 
236 208 
240 212 
232 208 
292 264 
232 212 
692 212 
240 212 
232 240 
236 216 
236 204 
236 204 
236 212 
236 236 
256 232 
236 540 
228 208 
232 236 
232 208 
236 236 
236 220 
252 208 
228 208 
216 216 
240 232 
232 208 
236 212 
240 224 
236 212 
240 212 
232 212 
236 208 
236 212 
236 236 
240 208 
236 208 
240 268 
256 212 
520 208 
236 240 
232 204 
240 212 
236 264 
232 208 
240 208 
252 212 
232 204 
236 212 
236 212 
228 204 
236 216 
236 224 
236 216 
232 208 
628 208 
240 204 
232 228 
232 208 
240 232 
240 236 
232 212 
232 208 
240 224 
236 216 
236 252 
236 212 
240 212 
236 212 
240 264 
240 212 
240 204 
236 216 
240 212 
240 236 
236 232 
228 208 
236 208 
236 208 
240 208 
240 268 
236 208 
236 232 
232 216 
268 220 
232 212 
240 212 
236 220 
228 212 
596 236 
236 252 
244 232 
236 264 
508 232 
240 208 
236 212 
236 208 
240 236 
240 236 
232 212 
236 204 
236 204 
720 208 
232 204 
232 204 
244 232 
228 212 
232 236 
232 212 
240 232 
256 212 
232 44 
52 40 
232 208 
236 212 
240 236 
248 208 
232 208 
240 232 
216 232 
236 268 
236 216 
236 248 
236 216 
236 204 
236 232 
232 224 
236 212 
232 212 
244 208 
232 224 
232 208 
232 216 
236 204 
244 236 
236 260 
236 224 
236 260 
232 212 
240 236 
240 208 
232 40 
256 44 
236 236 
288 224 
240 208 
236 236 
236 236 
236 204 
232 208 
240 208 
236 248 
236 216 
232 208 
236 208 
236 204 
244 232 
236 260 
228 208 
228 208 
240 208 
228 212 
232 252 
232 216 
236 212 
236 212 
236 236 
232 208 
284 212 
236 44 
240 208 
232 244 
236 236 
620 212 
232 212 
240 208 
240 220 
236 252 
264 208 
280 216 
240 212 
232 208 
236 216 
232 204 
232 208 
240 208 
236 208 
236 212 
520 208 
240 212 
232 212 
240 256 
236 244 
232 212 
240 232 
232 212 
232 208 
692 244 
240 236 
264 208 
240 204 
232 212 
240 236 
268 208 
236 260 
212 256 
260 588 
240 224 
240 220 
236 236 
232 216 
228 208 
240 208 
244 220 
208 220 
232 208 
232 208 
232 212 
232 208 
232 208 
236 224 
232 208 
236 236 
232 208 
232 204 
240 240 
240 208 
236 232 
224 232 
236 216 
232 208 
232 208 
240 220 
240 260 
236 208 
240 208 
248 212 
236 232 
236 208 
236 260 
236 204 
236 208 
236 208 
236 216 
232 216 
236 208 
232 208 
240 216 
228 212 
240 236 
236 212 
240 212 
236 232 
232 232 
228 212 
236 224 
228 208 
232 208 
236 212 
236 252 
240 212 
236 232 
240 208 
240 260 
236 232 
236 260 
240 212 
232 212 
236 220 
236 204 
232 212 
240 248 
232 208 
236 252 
308 208 
232 220 
228 204 
240 208 
236 256 
236 212 
232 208 
240 212 
232 220 
508 232 
240 232 
232 212 
236 212 
232 208 
236 204 
236 216 
228 212 
236 208 
232 380 
236 432 
236 236 
236 208 
236 208 
232 228 
240 208 
236 208 
216 216 
236 620 
236 212 
236 256 
232 240 
228 212 
232 204 
232 220 
236 208 
220 212 
240 220 
252 216 
240 208 
236 232 
240 236 
236 208 
232 212 
232 212 
228 280 
236 236 
232 212 
236 208 
236 232 
228 296 
232 204 
240 216 
236 220 
240 212 
236 216 
232 208 
240 208 
236 236 
232 212 
236 224 
236 204 
236 212 
232 208 
232 208 
240 212 
232 208 
240 208 
232 208 
236 208 
236 228 
236 216 
240 252 
240 236 
232 228 
236 212 
240 208 
236 232 
236 224 
240 220 
236 260 
240 244 
232 268 
236 208 
236 208 
236 236 
236 224 
240 212 
236 224 
236 260 
236 216 
256 208 
236 208 
236 208 
236 244 
228 208 
4228 252 
236 212 
236 224 
232 244 
232 208 
232 208 
232 220 
236 212 
232 212 
572 232 
232 208 
240 236 
236 212 
244 232 
232 224 
232 212 
240 240 
236 208 
236 388 
236 220 
240 212 
236 212 
236 232 
228 208 
236 212 
236 212 
212 212 
236 604 
232 208 
232 208 
232 232 
228 208 
236 244 
236 224 
240 212 
48 40 
236 252 
228 204 
236 208 
236 208 
240 236 
232 300 
236 212 
232 236 
240 216 
236 212 
240 216 
236 208 
240 236 
240 236 
240 216 
228 208 
240 208 
240 204 
228 212 
236 208 
232 208 
240 208 
236 208 
244 224 
240 252 
236 208 
240 216 
44 48 
232 208 
232 204 
236 208 
236 244 
228 212 
236 208 
236 264 
232 212 
236 228 
236 208 
236 208 
236 208 
232 212 
232 228 
248 212 
236 216 
240 212 
236 204 
236 216 
232 236 
228 212 
236 256 
236 268 
232 208 
232 216 
236 48 
236 208 
240 228 
228 212 
236 224 
232 212 
328 212 
236 264 
240 208 
240 208 
232 208 
236 208 
228 212 
236 228 
232 208 
556 252 
236 208 
240 208 
236 228 
232 256 
236 212 
228 212 
232 212 
236 208 
236 392 
228 208 
240 264 
236 236 
240 232 
240 216 
236 220 
236 232 
212 212 
236 664 
240 232 
232 212 
236 212 
228 212 
236 216 
228 212 
236 236 
216 212 
232 208 
256 204 
232 212 
240 236 
372 208 
228 208 
228 236 
240 208 
236 208 
240 232 
232 208 
232 212 
240 236 
236 236 
240 224 
232 216 
228 260 
236 216 
236 220 
232 208 
236 208 
240 208 
240 212 
240 212 
240 208 
232 216 
236 212 
236 232 
236 244 
232 212 
236 212 
236 260 
240 212 
232 204 
232 212 
236 220 
232 216 
232 204 
228 212 
240 208 
236 212 
240 208 
228 208 
228 212 
236 204 
236 212 
240 232 
236 220 
236 208 
244 212 
236 208 
232 244 
236 212 
228 208 
240 208 
240 212 
240 256 
240 252 
228 212 
384 208 
232 208 
236 236 
240 220 
236 232 
232 212 
236 208 
240 224 
240 236 
608 208 
232 208 
236 228 
236 236 
236 216 
232 240 
236 212 
244 208 
260 212 
232 416 
244 232 
228 208 
236 208 
236 212 
236 208 
236 212 
232 208 
208 208 
236 680 
232 208 
228 208 
256 208 
232 208 
236 204 
236 208 
232 216 
220 212 
236 212 
232 208 
236 208 
236 232 
240 212 
236 236 
228 208 
236 212 
228 208 
236 212 
240 224 
352 208 
236 216 
236 212 
236 216 
244 212 
236 216 
236 220 
232 236 
236 208 
240 212 
504 240 
232 256 
240 208 
236 232 
240 236 
236 212 
240 208 
240 212 
228 208 
232 208 
236 204 
240 212 
240 208 
232 208 
228 212 
236 212 
228 208 
236 204 
236 236 
232 220 
232 248 
236 228 
236 208 
236 224 
240 232 
240 216 
240 208 
240 256 
240 240 
236 208 
236 216 
232 256 
272 204 
660 208 
232 228 
232 216 
236 240 
292 232 
364 216 
232 232 
228 204 
240 208 
360 208 
236 236 
236 216 
236 260 
228 224 
604 212 
240 232 
252 236 
236 236 
236 212 
236 240 
236 264 
228 208 
216 208 
228 464 
228 212 
240 208 
228 216 
236 216 
240 232 
236 208 
236 236 
212 236 
232 692 
236 216 
232 296 
232 208 
228 216 
236 216 
240 240 
236 212 
212 244 
236 204 
232 220 
232 208 
232 212 
240 208 
240 212 
236 204 
236 204 
232 208 
240 316 
232 256 
228 216 
236 208 
240 232 
240 216 
52 44 
236 212 
232 208 
244 236 
236 256 
236 212 
236 212 
240 212 
232 208 
240 212 
240 212 
236 208 
232 208 
236 212 
236 244 
232 204 
236 212 
240 240 
240 236 
240 256 
236 216 
232 212 
232 208 
236 212 
236 216 
236 212 
232 208 
240 212 
244 248 
48 48 
236 248 
228 212 
236 208 
236 224 
240 212 
240 236 
232 208 
228 212 
236 208 
232 232 
232 208 
240 248 
228 212 
352 212 
408 208 
232 208 
236 212 
236 220 
236 212 
232 212 
236 212 
236 208 
228 204 
588 212 
248 208 
240 216 
236 236 
248 208 
232 48 
236 212 
232 236 
220 212 
424 208 
232 204 
236 204 
236 212 
232 212 
232 216 
228 208 
232 216 
212 208 
256 696 
232 212 
236 432 
240 240 
228 208 
232 212 
236 212 
232 208 
212 264 
236 208 
240 236 
240 212 
236 232 
232 212 
236 212 
236 208 
236 236 
232 212 
228 216 
236 216 
232 208 
236 208 
240 236 
236 208 
240 216 
232 216 
232 208 
304 220 
232 212 
236 240 
236 212 
240 208 
236 212 
236 212 
244 212 
236 244 
320 216 
244 236 
264 220 
236 212 
240 208 
680 208 
236 212 
232 208 
236 204 
244 212 
228 212 
236 212 
240 220 
236 216 
228 204 
232 212 
236 208 
236 208 
232 208 
236 236 
236 224 
232 216 
228 208 
224 212 
244 204 
240 232 
240 216 
232 208 
236 228 
232 204 
236 204 
232 212 
408 208 
240 240 
224 216 
236 208 
232 212 
236 232 
240 212 
192 256 
232 212 
664 208 
240 212 
228 208 
236 208 
232 212 
228 208 
232 212 
236 236 
208 208 
228 504 
232 204 
228 204 
232 208 
240 212 
236 216 
236 204 
236 280 
208 236 
236 732 
240 236 
236 244 
236 212 
232 208 
236 212 
240 232 
236 228 
220 212 
236 208 
232 208 
236 212 
240 236 
236 208 
240 212 
236 236 
240 252 
236 208 
236 212 
236 208 
240 236 
236 204 
232 208 
236 232 
232 216 
240 236 
240 252 
232 212 
236 208 
236 212 
240 236 
232 208 
236 220 
236 236 
236 228 
236 208 
236 232 
240 212 
232 208 
240 224 
236 208 
236 216 
236 224 
232 208 
240 220 
304 208 
232 232 
236 232 
228 220 
240 212 
236 208 
236 208 
228 208 
236 208 
236 212 
240 232 
240 204 
232 216 
240 216 
200 220 
236 208 
236 240 
240 260 
1008 232 
236 224 
236 216 
232 212 
232 216 
424 204 
236 324 
232 212 
236 208 
232 208 
240 208 
240 236 
228 212 
244 216 
680 216 
240 212 
244 260 
228 212 
236 224 
244 212 
240 288 
232 212 
216 208 
240 464 
240 204 
236 208 
236 236 
236 240 
232 252 
236 212 
240 212 
340 236 
232 204 
236 216 
244 212 
240 236 
240 208 
236 220 
240 256 
232 208 
232 208 
240 236 
232 216 
236 216 
232 208 
232 212 
236 212 
232 208 
240 212 
240 248 
236 208 
236 284 
236 236 
232 208 
232 208 
236 208 
236 248 
240 212 
232 208 
236 212 
240 244 
236 208 
236 212 
236 212 
240 244 
268 212 
240 236 
240 236 
240 208 
236 220 
336 208 
240 232 
240 232 
236 208 
44 44 
228 208 
236 224 
236 212 
236 208 
240 208 
236 204 
236 212 
232 212 
240 224 
236 924 
232 208 
244 236 
236 208 
248 208 
232 212 
240 212 
224 244 
228 216 
240 204 
236 236 
232 204 
232 204 
236 240 
228 208 
232 212 
448 212 
228 208 
228 212 
236 208 
236 208 
232 204 
48 40 
244 208 
232 212 
692 236 
240 204 
236 220 
232 212 
240 212 
244 212 
236 208 
236 204 
216 212 
232 540 
236 204 
236 260 
236 212 
240 220 
236 244 
236 212 
240 208 
212 204 
240 208 
232 248 
236 244 
236 212 
232 204 
444 212 
232 44 
232 224 
244 216 
236 204 
232 212 
232 208 
232 208 
232 268 
236 208 
236 204 
232 216 
236 212 
232 208 
232 208 
236 208 
236 216 
236 220 
240 216 
236 212 
232 224 
236 208 
236 232 
236 220 
240 216 
236 204 
232 212 
236 232 
240 208 
228 220 
236 212 
248 212 
232 208 
240 208 
240 236 
236 212 
280 864 
240 216 
236 216 
236 212 
276 208 
240 212 
236 236 
240 236 
236 244 
232 212 
236 232 
228 204 
240 208 
236 212 
236 236 
236 244 
240 244 
216 236 
232 260 
236 208 
236 232 
232 212 
228 212 
240 216 
232 208 
232 216 
232 216 
476 208 
232 208 
236 208 
244 208 
284 208 
232 208 
236 208 
236 996 
232 208 
728 232 
240 232 
236 248 
240 212 
232 208 
236 204 
236 232 
236 208 
216 372 
236 520 
252 216 
232 208 
364 224 
236 216 
236 204 
236 212 
240 220 
216 236 
236 252 
236 208 
232 208 
232 208 
240 232 
236 212 
236 216 
236 208 
228 236 
236 204 
232 208 
232 216 
236 212 
236 232 
196 216 
240 208 
232 208 
240 224 
232 204 
236 236 
236 208 
232 204 
236 212 
232 208 
232 208 
240 208 
228 208 
232 204 
240 236 
240 212 
1120 216 
236 216 
236 240 
236 204 
236 208 
236 248 
236 224 
232 244 
240 208 
236 208 
236 208 
232 204 
240 216 
240 216 
240 240 
232 212 
236 208 
232 204 
232 208 
232 212 
240 212 
232 248 
232 208 
232 212 
232 208 
236 260 
236 248 
240 212 
244 236 
240 212 
232 244 
232 208 
236 228 
236 208 
1040 220 
244 204 
240 208 
232 204 
508 204 
240 220 
232 212 
232 208 
236 212 
236 240 
236 212 
236 212 
232 220 
720 248 
232 208 
236 232 
240 208 
232 208 
240 208 
240 208 
240 212 
212 232 
232 584 
236 212 
232 212 
236 240 
248 236 
240 208 
304 212 
240 236 
220 204 
228 212 
232 208 
812 208 
228 216 
232 208 
236 204 
240 236 
236 224 
240 212 
240 208 
236 208 
236 208 
240 212 
248 208 
236 212 
236 232 
236 212 
232 204 
236 212 
236 212 
232 208 
240 212 
236 236 
232 212 
240 208 
232 208 
240 208 
228 276 
236 212 
236 228 
236 208 
236 232 
232 212 
236 208 
232 204 
232 208 
236 208 
236 212 
236 248 
236 208 
236 208 
236 236 
236 248 
228 212 
236 204 
240 256 
232 212 
236 212 
236 208 
236 216 
236 212 
236 248 
228 224 
232 228 
232 228 
236 212 
240 236 
52 48 
236 208 
276 228 
240 236 
240 244 
236 208 
236 212 
232 208 
232 212 
228 208 
232 208 
528 216 
240 216 
236 212 
240 216 
260 212 
240 204 
236 212 
260 204 
232 212 
736 208 
240 212 
232 208 
236 208 
232 236 
232 224 
240 220 
232 208 
212 228 
688 228 
192 232 
208 208 
232 204 
192 232 
212 208 
228 212 
208 300 
208 188 
232 228 
224 208 
208 356 
228 200 
212 204 
220 192 
192 200 
208 200 
220 208 
208 244 
236 208 
196 192 
224 264 
0 0 
376 216 
208 236 
188 192 
208 188 
228 188 
208 188 
192 224 
212 232 
204 188 
208 620 
208 220 
236 212 
208 188 
192 208 
208 192 
232 228 
232 228 
208 208 
228 204 
232 224 
232 236 
196 232 
232 224 
232 208 
224 228 
336 232 
208 228 
232 228 
232 232 
212 192 
208 212 
232 208 
196 188 
228 232 
232 208 
228 228 
232 228 
236 228 
232 228 
228 228 
236 228 
228 228 
232 228 
232 232 
232 192 
296 232 
232 228 
232 228 
236 208 
228 228 
232 228 
228 236 
232 228 
232 232 
536 228 
232 208 
232 228 
232 232 
232 232 
232 228 
232 228 
588 228 
232 232 
688 224 
192 1032 
220 192 
208 208 
212 208 
232 212 
336 188 
192 188 
304 228 
232 644 
212 192 
196 208 
196 260 
348 352 
212 204 
192 188 
196 192 
248 188 
192 188 
192 208 
232 232 
236 228 
232 228 
232 228 
236 232 
228 228 
232 208 
232 228 
232 228 
232 228 
212 192 
240 188 
524 188 
244 224 
192 212 
232 208 
188 188 
192 188 
192 188 
236 188 
192 188 
192 196 
232 232 
192 188 
200 192 
228 188 
476 228 
188 228 
228 228 
192 188 
196 232 
188 232 
236 228 
192 192 
236 192 
232 228 
232 228 
224 216 
208 188 
228 228 
212 208 
192 228 
204 208 
208 228 
196 188 
192 232 
212 204 
232 228 
204 228 
196 196 
212 208 
196 208 
228 228 
212 192 
232 232 
192 212 
212 232 
284 212 
236 228 
236 212 
228 196 
192 188 
192 188 
192 208 
196 192 
192 228 
196 192 
348 228 
224 196 
196 188 
192 208 
232 232 
188 188 
200 192 
208 228 
232 408 
228 228 
232 232 
232 236 
232 232 
228 232 
232 228 
232 228 
208 232 
228 676 
232 228 
232 232 
232 228 
228 228 
236 228 
236 232 
236 232 
212 208 
228 228 
232 232 
232 228 
492 228 
228 228 
232 228 
228 228 
232 232 
232 208 
232 228 
232 228 
232 228 
228 228 
232 232 
232 224 
232 228 
232 240 
232 212 
240 224 
232 232 
192 288 
232 232 
228 204 
196 204 
196 232 
212 228 
192 232 
228 228 
228 228 
212 228 
232 228 
228 188 
236 192 
192 232 
196 216 
268 188 
348 188 
328 188 
212 212 
208 208 
196 192 
192 192 
212 228 
236 236 
192 192 
228 188 
208 192 
204 244 
192 216 
232 228 
224 236 
196 216 
196 192 
192 248 
196 196 
296 196 
244 240 
212 316 
216 212 
276 192 
300 248 
404 220 
192 332 
444 204 
208 188 
208 188 
316 264 
196 228 
256 320 
228 224 
196 204 
196 192 
228 192 
204 196 
240 216 
188 252 
232 1084 
204 300 
268 404 
188 192 
236 192 
264 220 
192 192 
192 208 
204 212 
220 212 
212 1108 
252 192 
212 192 
196 188 
352 1184 
192 312 
224 188 
212 564 
248 248 
228 340 
328 228 
276 268 
224 224 
220 268 
196 264 
200 204 
204 200 
192 200 
268 216 
348 308 
708 188 
192 252 
196 204 
252 208 
192 188 
192 220 
324 324 
288 188 
232 228 
232 216 
196 220 
364 192 
208 1076 
212 200 
240 204 
212 192 
216 292 
224 204 
252 252 
196 292 
212 188 
196 188 
192 212 
196 288 
196 196 
208 200 
212 208 
188 288 
232 208 
288 276 
220 212 
196 204 
188 192 
240 212 
196 184 
192 196 
336 208 
212 188 
232 264 
188 236 
252 256 
220 380 
208 196 
268 236 
192 208 
1440 288 
212 188 
216 504 
552 216 
196 200 
292 260 
220 212 
228 232 
200 196 
220 204 
212 212 
1216 336 
196 188 
216 212 
192 272 
228 216 
1052 236 
256 528 
252 260 
264 976 
192 204 
212 192 
276 208 
1196 208 
216 208 
252 228 
200 224 
300 196 
272 200 
204 192 
188 196 
188 192 
848 208 
220 212 
188 220 
228 196 
224 192 
272 256 
204 264 
232 256 
252 248 
284 284 
224 208 
216 220 
260 188 
232 292 
200 192 
256 276 
296 228 
212 196 
348 292 
264 244 
300 244 
252 324 
208 196 
264 228 
208 188 
200 192 
192 200 
200 220 
252 196 
192 200 
1084 212 
1232 204 
244 204 
216 228 
300 220 
204 188 
196 192 
200 188 
216 200 
204 204 
200 200 
364 244 
216 196 
328 248 
288 200 
288 188 
300 296 
196 192 
200 192 
192 196 
208 200 
196 200 
220 188 
380 1280 
288 188 
208 204 
196 264 
204 196 
192 196 
224 268 
260 284 
312 196 
228 216 
200 192 
228 1100 
228 196 
300 324 
1120 256 
292 256 
204 212 
248 212 
2236 212 
200 208 
356 208 
260 228 
236 196 
224 228 
364 272 
208 200 
212 192 
200 216 
252 200 
204 280 
204 300 
212 216 
256 292 
224 280 
204 208 
188 188 
328 304 
