# ./FR-trace starting at Mon Apr 20 19:07:11 2020
################# CONFIG #################
# slot=5000
# samples=10000
# threshold=100
# idle=500
# minlen=500
# runs=10000
# pdathreads=2
# nmonitored=2
#   monitor0=../apps/openssl ec2_mult.c:153 0x1e7854
#   monitor1=../apps/openssl ec2_mult.c:161 0x1e789c
# nevicted=0
# npdatargets=2
#   target0=../apps/openssl bn_gf2m.c:412 0x20bd10
#   target1=../apps/openssl bn_gf2m.c:412+64 0x20bd50
# affinity=all
############## SYSTEM INFO ###############
# mastik_version=
# sysname=Linux
# nodename=lovelace
# release=5.3.7-arch1-1-ARCH
# version=#1 SMP PREEMPT Fri Oct 18 00:17:03 UTC 2019
# machine=x86_64
################## DATA ##################
# run=4894
# datapoints=10000
132 40 
228 208 
236 264 
244 212 
208 208 
228 444 
232 228 
232 216 
236 216 
232 208 
312 212 
236 236 
240 216 
208 208 
232 692 
240 240 
228 208 
228 212 
236 232 
236 208 
236 260 
240 216 
220 208 
228 208 
232 216 
1052 232 
248 208 
228 208 
236 204 
44 44 
236 232 
240 208 
284 236 
232 212 
232 224 
236 220 
232 212 
236 208 
232 208 
236 252 
240 208 
232 208 
240 224 
232 208 
232 208 
236 228 
240 236 
236 208 
240 236 
232 232 
232 208 
236 208 
236 220 
240 236 
236 208 
236 220 
236 40 
300 236 
476 208 
240 340 
240 228 
228 208 
240 236 
232 204 
232 208 
272 212 
232 208 
228 224 
240 208 
232 212 
228 212 
232 240 
236 232 
240 216 
244 208 
236 232 
236 260 
248 212 
236 212 
236 204 
236 236 
236 216 
408 212 
232 216 
232 212 
236 216 
240 216 
232 208 
236 260 
236 236 
232 204 
628 224 
728 204 
236 212 
236 236 
240 216 
236 220 
232 208 
232 240 
216 220 
240 484 
236 208 
324 208 
240 212 
256 204 
232 208 
232 204 
228 212 
220 216 
932 400 
232 224 
232 280 
232 256 
232 208 
232 212 
236 224 
240 204 
212 216 
232 212 
232 208 
236 216 
232 208 
232 212 
236 204 
232 256 
236 220 
236 232 
236 216 
240 212 
236 208 
232 208 
232 208 
236 208 
240 208 
232 208 
232 212 
236 236 
240 216 
236 212 
240 232 
240 232 
236 212 
232 208 
232 208 
236 260 
236 212 
240 208 
228 220 
240 208 
228 208 
232 212 
232 216 
240 208 
236 208 
232 208 
236 232 
228 284 
232 208 
228 208 
232 208 
240 208 
232 204 
236 264 
236 208 
236 208 
256 216 
236 216 
236 240 
232 216 
236 216 
236 212 
228 204 
288 208 
236 216 
236 212 
232 208 
604 216 
408 208 
240 216 
228 212 
240 228 
236 216 
232 208 
236 208 
236 232 
232 212 
680 204 
236 212 
240 208 
232 208 
260 204 
240 216 
228 212 
520 216 
204 260 
240 504 
228 204 
240 208 
232 236 
232 204 
228 208 
232 240 
236 232 
212 208 
240 216 
236 216 
228 208 
240 252 
236 212 
236 212 
228 204 
236 216 
232 244 
236 212 
236 256 
240 208 
232 212 
236 208 
236 236 
236 212 
232 208 
244 216 
236 216 
228 216 
240 208 
240 212 
240 224 
236 216 
236 208 
236 252 
236 216 
236 208 
240 216 
240 208 
236 208 
232 208 
236 208 
236 220 
240 216 
232 208 
236 208 
240 216 
240 240 
232 208 
236 208 
232 216 
240 208 
236 224 
240 216 
228 208 
244 208 
232 228 
300 224 
232 208 
236 208 
232 212 
236 208 
236 212 
236 204 
236 208 
612 212 
236 236 
236 216 
208 228 
232 212 
248 212 
240 208 
232 216 
228 216 
236 208 
236 204 
228 212 
420 208 
240 232 
236 216 
236 208 
228 204 
232 208 
240 220 
236 212 
232 208 
676 216 
260 232 
232 208 
232 216 
236 224 
240 208 
236 212 
236 208 
208 212 
240 500 
236 244 
244 208 
232 268 
236 236 
244 204 
240 208 
240 220 
220 216 
240 232 
236 280 
236 204 
232 212 
240 216 
240 208 
240 208 
240 224 
48 44 
232 208 
232 208 
236 240 
248 208 
240 204 
232 248 
236 228 
236 216 
236 220 
356 204 
232 216 
236 212 
236 232 
232 204 
236 208 
232 208 
236 212 
240 248 
328 216 
260 208 
236 232 
240 212 
240 232 
240 236 
236 276 
228 232 
44 44 
236 232 
280 212 
232 208 
232 224 
240 208 
232 208 
236 216 
236 232 
232 232 
600 208 
232 236 
228 232 
236 212 
236 312 
232 204 
228 208 
240 216 
244 208 
228 212 
236 252 
236 232 
240 212 
420 212 
200 208 
236 208 
236 212 
236 248 
240 208 
236 240 
240 212 
240 208 
236 216 
440 240 
240 236 
236 216 
232 208 
236 208 
232 208 
236 208 
240 212 
236 216 
716 208 
284 212 
232 208 
240 232 
236 216 
236 236 
236 204 
232 212 
208 212 
236 544 
236 232 
236 232 
236 236 
236 208 
244 232 
236 208 
228 212 
212 224 
232 232 
276 208 
240 232 
236 236 
236 232 
236 232 
236 224 
232 208 
236 208 
236 220 
228 204 
232 216 
236 248 
236 216 
232 208 
248 212 
232 208 
236 208 
228 204 
236 208 
232 208 
240 212 
236 248 
232 208 
232 232 
236 216 
228 204 
232 220 
232 212 
236 220 
232 204 
232 212 
236 212 
232 920 
240 212 
232 240 
244 212 
240 228 
240 232 
236 208 
232 204 
240 212 
232 216 
240 208 
240 208 
232 212 
236 236 
240 208 
232 212 
236 220 
232 208 
308 216 
236 236 
236 212 
232 208 
232 212 
228 232 
236 212 
228 216 
240 208 
232 216 
240 208 
236 208 
236 208 
232 208 
240 212 
236 236 
232 1120 
480 212 
232 204 
236 220 
240 212 
228 208 
236 220 
232 208 
236 232 
232 236 
708 216 
232 232 
240 208 
240 224 
240 208 
232 204 
232 208 
236 260 
216 216 
240 508 
256 216 
240 236 
260 208 
320 236 
228 212 
232 220 
240 232 
216 212 
236 216 
236 216 
236 208 
236 208 
232 320 
236 236 
232 208 
236 216 
240 208 
356 236 
232 212 
240 208 
232 208 
232 292 
240 216 
236 220 
236 212 
232 208 
236 212 
232 212 
236 208 
236 224 
240 212 
232 212 
240 236 
236 208 
236 204 
236 212 
240 232 
236 208 
244 212 
232 216 
228 204 
232 212 
244 208 
232 212 
236 208 
232 208 
232 224 
240 268 
232 208 
236 232 
244 212 
228 208 
232 208 
240 212 
236 208 
240 204 
240 212 
236 256 
232 216 
236 208 
232 212 
232 204 
236 208 
268 212 
232 1204 
236 264 
236 212 
256 208 
236 232 
232 208 
236 208 
232 208 
232 208 
236 208 
272 220 
236 220 
508 216 
236 232 
236 220 
236 228 
236 224 
240 212 
232 208 
232 208 
320 260 
728 208 
240 236 
240 208 
232 236 
232 208 
240 208 
236 236 
236 208 
208 212 
244 588 
236 232 
232 212 
232 212 
212 204 
236 236 
228 208 
232 208 
220 208 
240 204 
232 204 
232 260 
236 240 
232 204 
236 212 
228 212 
232 212 
232 208 
236 212 
236 208 
232 212 
236 212 
236 236 
236 236 
232 216 
236 252 
236 204 
232 212 
236 208 
240 260 
232 204 
232 212 
236 240 
236 216 
236 208 
232 220 
44 44 
236 208 
236 232 
240 208 
240 224 
236 212 
236 232 
240 208 
228 204 
236 208 
236 208 
240 216 
232 212 
236 204 
232 212 
240 208 
236 208 
236 264 
240 360 
232 212 
232 208 
240 220 
236 208 
228 208 
232 208 
240 220 
236 216 
232 268 
236 204 
48 44 
236 232 
232 208 
260 212 
236 232 
236 204 
236 264 
236 216 
236 212 
228 232 
232 204 
232 208 
524 216 
232 208 
232 204 
236 228 
240 208 
232 208 
236 208 
240 212 
240 208 
748 208 
232 208 
216 212 
236 208 
236 240 
232 212 
236 44 
232 208 
208 216 
240 580 
236 232 
244 208 
240 208 
228 212 
236 208 
240 208 
236 220 
208 208 
240 208 
232 208 
236 212 
236 220 
240 204 
232 212 
236 236 
232 208 
232 208 
232 212 
236 212 
236 232 
244 216 
232 212 
236 216 
240 232 
240 216 
996 236 
232 212 
244 208 
232 220 
236 232 
240 212 
400 208 
240 208 
240 248 
236 204 
292 212 
236 236 
228 204 
228 208 
236 212 
236 212 
236 208 
240 996 
236 216 
232 208 
236 216 
236 260 
240 216 
232 204 
236 236 
236 236 
236 216 
240 208 
236 208 
236 208 
232 208 
236 208 
240 220 
232 208 
236 232 
228 216 
236 212 
232 204 
232 208 
240 208 
240 236 
228 216 
292 212 
240 204 
236 264 
232 212 
236 212 
236 208 
232 208 
232 208 
884 220 
532 232 
232 232 
236 204 
228 208 
236 208 
228 208 
232 224 
232 220 
232 204 
228 384 
236 212 
232 216 
236 208 
236 208 
232 208 
236 216 
236 212 
232 212 
308 440 
228 212 
232 208 
232 208 
240 208 
232 208 
228 212 
236 260 
212 220 
332 612 
236 216 
236 232 
240 232 
236 204 
232 232 
948 232 
232 212 
240 232 
244 236 
296 208 
236 208 
228 212 
232 240 
240 212 
232 208 
228 212 
232 224 
228 204 
232 208 
228 208 
232 208 
236 212 
244 208 
236 232 
232 232 
232 208 
232 208 
236 208 
236 232 
228 208 
240 236 
236 248 
236 220 
232 204 
232 212 
236 232 
240 204 
240 208 
236 236 
236 212 
236 204 
240 212 
244 208 
236 236 
284 216 
236 208 
228 208 
240 216 
232 212 
236 260 
236 220 
240 208 
228 244 
252 212 
236 212 
236 232 
232 212 
232 212 
340 208 
232 216 
232 212 
236 204 
236 212 
232 224 
236 204 
236 232 
240 212 
572 208 
244 208 
236 224 
236 268 
232 208 
232 208 
236 216 
268 212 
228 208 
232 396 
232 208 
228 216 
236 236 
236 208 
232 208 
236 208 
236 216 
212 236 
232 652 
240 216 
240 208 
240 212 
792 232 
232 204 
236 204 
240 212 
212 232 
232 204 
236 212 
232 208 
232 204 
228 208 
236 236 
152 232 
0 0 
0 0 
0 0 
0 0 
0 0 
0 0 
0 0 
0 0 
0 0 
0 0 
0 0 
0 0 
0 0 
0 0 
0 0 
0 0 
0 0 
0 0 
0 0 
0 0 
0 0 
0 0 
0 0 
0 0 
0 0 
0 0 
0 0 
0 0 
0 0 
0 0 
0 0 
0 0 
0 0 
0 0 
0 0 
0 0 
0 0 
0 0 
0 0 
0 0 
0 0 
0 0 
0 0 
0 0 
0 0 
0 0 
0 0 
0 0 
0 0 
0 0 
0 0 
0 0 
0 0 
0 0 
0 0 
0 0 
0 0 
0 0 
0 0 
0 0 
0 0 
0 0 
0 0 
0 0 
0 0 
0 0 
0 0 
0 0 
0 0 
0 0 
0 0 
0 0 
0 0 
0 0 
0 0 
0 0 
0 0 
0 0 
0 0 
0 0 
0 0 
0 0 
0 0 
0 0 
0 0 
236 224 
232 212 
212 216 
232 204 
244 216 
228 212 
236 208 
460 212 
248 208 
232 204 
236 216 
236 204 
232 236 
228 212 
232 220 
236 208 
236 232 
240 220 
236 44 
232 212 
664 204 
240 224 
236 208 
240 204 
236 236 
228 212 
232 208 
228 204 
232 216 
236 232 
228 208 
228 216 
240 232 
236 212 
236 236 
236 220 
240 232 
236 220 
244 232 
232 208 
240 236 
232 212 
232 236 
232 232 
232 236 
236 252 
236 212 
232 256 
236 216 
240 220 
228 204 
240 204 
244 212 
236 232 
760 208 
240 232 
352 208 
236 236 
240 212 
232 208 
236 228 
240 208 
352 212 
232 252 
236 236 
236 212 
232 208 
236 236 
232 256 
236 212 
232 204 
928 216 
240 208 
236 212 
236 236 
236 220 
232 232 
240 204 
232 208 
228 208 
232 440 
240 236 
232 208 
232 292 
236 240 
232 212 
232 212 
236 236 
204 212 
232 688 
236 208 
232 236 
232 208 
240 236 
236 208 
232 236 
240 212 
212 208 
232 224 
240 208 
228 204 
236 208 
240 232 
232 212 
228 204 
236 212 
232 208 
232 212 
236 236 
236 208 
240 204 
232 212 
236 252 
240 212 
236 256 
232 216 
236 204 
236 216 
232 204 
236 232 
232 212 
236 236 
236 256 
236 212 
240 208 
236 228 
236 236 
232 204 
236 216 
240 208 
236 256 
240 232 
236 212 
232 236 
232 224 
232 216 
240 232 
240 204 
284 240 
236 236 
236 204 
228 212 
240 220 
240 208 
240 212 
240 208 
232 208 
232 260 
232 228 
236 240 
240 208 
236 220 
232 204 
236 216 
236 236 
236 220 
232 208 
388 236 
232 224 
232 208 
240 208 
236 212 
240 208 
240 208 
240 208 
232 232 
616 232 
236 236 
236 208 
256 212 
236 256 
236 220 
232 228 
232 208 
216 240 
240 456 
236 204 
236 232 
232 208 
232 208 
232 208 
232 236 
228 208 
212 216 
304 628 
240 208 
236 212 
240 212 
236 208 
240 252 
236 208 
232 204 
216 232 
236 212 
232 236 
232 208 
236 244 
232 208 
236 232 
232 212 
236 212 
240 232 
228 212 
236 216 
232 208 
232 208 
240 208 
232 216 
236 236 
232 212 
236 232 
236 204 
236 232 
232 216 
240 208 
240 232 
232 232 
236 220 
240 212 
232 220 
236 208 
232 204 
468 208 
232 212 
240 212 
236 224 
232 212 
236 204 
236 204 
228 212 
236 236 
236 212 
236 208 
232 220 
236 232 
232 208 
236 208 
232 208 
236 212 
236 208 
236 236 
236 208 
236 216 
240 288 
48 44 
232 216 
232 248 
236 212 
236 240 
232 216 
232 232 
236 240 
408 208 
232 216 
228 208 
232 208 
232 204 
268 208 
236 240 
236 236 
232 208 
664 208 
240 228 
232 208 
236 220 
240 208 
240 212 
232 204 
232 204 
212 232 
232 464 
236 208 
236 264 
48 44 
232 236 
236 216 
232 220 
236 232 
216 228 
236 704 
236 204 
240 244 
232 204 
236 224 
228 224 
236 236 
252 208 
216 232 
240 208 
212 204 
228 280 
232 252 
240 212 
236 208 
228 204 
236 228 
236 208 
232 204 
236 216 
240 216 
240 44 
232 232 
236 212 
244 208 
236 208 
236 208 
508 204 
232 204 
228 216 
244 208 
232 208 
236 216 
232 208 
240 208 
240 216 
232 216 
236 212 
232 212 
232 232 
236 208 
236 204 
244 212 
240 232 
240 208 
236 208 
232 220 
240 208 
232 216 
240 228 
236 208 
232 208 
240 208 
236 208 
232 212 
240 216 
232 208 
236 212 
244 216 
368 208 
232 232 
240 212 
232 212 
244 212 
232 208 
232 212 
240 236 
232 208 
432 208 
244 212 
232 216 
236 208 
232 204 
232 208 
236 216 
232 204 
240 212 
668 1108 
240 208 
240 232 
236 208 
228 212 
240 212 
236 236 
240 212 
212 232 
240 460 
236 232 
236 212 
228 208 
236 212 
232 208 
240 212 
232 220 
232 208 
228 716 
236 224 
240 216 
236 216 
228 208 
236 212 
232 212 
236 212 
212 208 
236 224 
240 216 
236 280 
240 228 
236 236 
236 232 
232 856 
228 204 
240 208 
232 208 
232 212 
232 208 
232 208 
232 204 
236 212 
232 212 
232 220 
232 228 
236 212 
236 216 
236 236 
244 204 
312 232 
240 228 
240 208 
240 204 
236 224 
228 212 
236 208 
240 212 
236 208 
232 212 
240 256 
240 220 
240 212 
232 216 
232 240 
248 212 
232 212 
232 220 
248 240 
236 232 
232 212 
240 208 
232 208 
236 216 
232 232 
228 208 
232 212 
232 216 
208 236 
236 236 
236 216 
236 232 
236 212 
240 204 
232 228 
232 216 
232 208 
440 212 
240 216 
236 256 
236 212 
236 216 
236 212 
232 208 
236 236 
236 208 
684 208 
232 208 
232 208 
236 236 
236 208 
228 216 
236 228 
236 212 
216 212 
236 496 
232 212 
232 228 
236 208 
244 232 
232 208 
236 236 
236 208 
216 224 
228 208 
232 208 
236 204 
232 212 
232 208 
232 212 
236 236 
240 208 
236 208 
232 216 
236 212 
228 208 
232 208 
240 212 
232 208 
236 224 
236 204 
228 204 
236 232 
240 216 
240 212 
232 208 
240 236 
232 208 
232 212 
232 204 
236 224 
240 236 
236 204 
228 212 
244 292 
244 232 
232 208 
248 208 
236 236 
240 208 
240 224 
228 208 
232 932 
232 212 
240 220 
236 208 
236 204 
232 216 
236 208 
236 236 
232 216 
232 212 
228 216 
240 224 
236 228 
236 216 
232 228 
240 268 
236 212 
236 224 
236 208 
236 204 
232 204 
208 216 
236 216 
240 208 
236 232 
236 220 
236 236 
232 208 
236 232 
228 208 
476 228 
240 208 
232 212 
232 212 
228 212 
232 208 
244 232 
240 212 
48 44 
688 208 
236 208 
228 212 
232 208 
240 212 
232 216 
232 208 
236 208 
208 212 
232 540 
240 212 
232 208 
240 208 
236 232 
236 236 
240 208 
232 208 
216 232 
240 212 
236 204 
228 220 
240 212 
236 260 
236 220 
236 208 
236 208 
52 44 
232 208 
232 240 
240 236 
228 208 
240 212 
236 212 
232 204 
232 208 
236 212 
232 212 
228 212 
236 232 
236 208 
236 212 
236 236 
232 212 
232 224 
236 208 
228 1324 
232 220 
236 212 
240 236 
236 208 
236 208 
232 224 
232 208 
232 208 
236 216 
256 44 
228 208 
240 212 
232 232 
228 208 
236 236 
232 212 
240 208 
232 216 
240 216 
232 236 
228 212 
232 212 
232 208 
240 212 
232 208 
244 212 
232 208 
232 212 
320 272 
232 224 
232 252 
228 236 
240 236 
264 208 
232 208 
244 232 
232 260 
240 232 
248 232 
232 236 
484 236 
236 228 
272 208 
228 216 
232 220 
236 208 
240 236 
240 232 
236 216 
712 208 
232 208 
228 208 
236 212 
236 232 
240 212 
236 252 
240 212 
228 212 
240 524 
236 208 
236 212 
244 264 
236 208 
232 208 
240 212 
240 216 
1556 224 
236 212 
232 212 
236 208 
236 216 
228 208 
240 208 
236 208 
236 216 
232 248 
236 208 
236 216 
240 208 
232 208 
232 220 
232 212 
236 208 
232 1112 
228 208 
228 208 
232 216 
240 208 
232 204 
236 220 
232 236 
232 212 
232 212 
232 232 
252 204 
236 212 
232 216 
240 204 
240 260 
236 236 
232 220 
240 220 
232 208 
236 236 
236 212 
232 208 
232 216 
232 236 
244 216 
232 212 
236 264 
240 236 
236 240 
236 208 
236 208 
236 212 
540 316 
236 220 
236 216 
232 208 
240 212 
232 212 
236 204 
236 204 
232 212 
240 208 
268 208 
236 212 
232 208 
232 208 
228 208 
228 212 
232 208 
236 204 
236 212 
488 208 
240 208 
236 204 
232 208 
240 208 
232 212 
232 216 
228 208 
240 228 
736 212 
236 204 
240 208 
232 212 
236 236 
232 208 
996 208 
232 224 
220 212 
284 512 
236 232 
236 204 
228 208 
228 252 
300 220 
236 204 
244 212 
212 208 
240 208 
236 212 
232 212 
320 212 
236 232 
232 216 
244 216 
236 220 
236 232 
236 208 
236 220 
232 244 
228 208 
232 208 
244 208 
236 204 
232 240 
236 208 
236 216 
232 208 
232 212 
236 208 
232 204 
232 208 
236 244 
236 224 
232 208 
236 220 
236 244 
236 204 
240 216 
232 204 
236 208 
232 204 
232 208 
232 208 
236 208 
232 212 
232 212 
232 212 
236 208 
236 260 
232 208 
232 232 
240 208 
232 220 
240 212 
236 232 
228 272 
240 208 
232 212 
236 216 
232 208 
236 216 
232 208 
232 208 
232 208 
240 204 
240 212 
264 208 
236 216 
236 228 
236 216 
232 208 
240 232 
240 212 
232 208 
428 208 
492 208 
240 208 
236 212 
232 208 
652 236 
228 208 
232 216 
244 212 
236 232 
240 360 
236 236 
232 212 
236 228 
232 212 
236 232 
236 212 
240 208 
212 208 
232 608 
228 204 
232 208 
240 236 
236 208 
48 40 
232 208 
236 212 
208 208 
232 204 
240 212 
232 208 
240 232 
236 276 
232 232 
228 208 
232 212 
228 208 
232 244 
232 216 
236 256 
232 208 
240 248 
240 212 
236 208 
232 212 
240 208 
232 208 
236 232 
240 212 
228 208 
240 212 
240 216 
48 44 
232 208 
228 204 
236 208 
232 208 
236 216 
232 208 
236 240 
236 216 
236 256 
232 216 
236 212 
236 228 
240 236 
228 220 
240 208 
232 208 
232 232 
232 232 
232 212 
232 212 
240 216 
244 208 
232 208 
244 232 
232 208 
236 208 
236 264 
232 48 
240 236 
240 208 
228 212 
236 228 
236 208 
240 236 
280 232 
240 208 
872 232 
240 236 
240 204 
232 212 
236 236 
232 208 
240 220 
544 212 
236 216 
232 212 
236 236 
228 208 
236 208 
240 216 
232 208 
236 212 
236 384 
232 208 
236 236 
240 208 
244 208 
232 208 
236 236 
240 240 
224 208 
240 600 
236 208 
232 208 
236 216 
228 208 
236 212 
244 220 
232 208 
296 208 
236 236 
232 216 
236 212 
232 208 
228 220 
232 212 
240 208 
236 204 
236 240 
296 204 
228 208 
232 208 
240 232 
236 212 
240 212 
236 252 
236 208 
232 212 
228 212 
232 208 
232 208 
228 224 
236 212 
240 208 
232 208 
236 208 
228 212 
236 212 
232 208 
240 216 
228 208 
236 240 
268 208 
488 208 
240 204 
236 212 
232 208 
240 208 
248 208 
236 216 
244 232 
228 236 
228 220 
232 236 
232 216 
232 208 
236 208 
244 208 
232 208 
236 232 
788 264 
240 220 
232 232 
232 204 
236 212 
236 256 
236 220 
232 224 
236 212 
320 212 
236 220 
256 208 
236 220 
240 208 
232 208 
240 268 
232 232 
236 216 
572 208 
228 208 
236 204 
244 212 
232 208 
232 204 
236 236 
232 216 
236 240 
236 412 
232 220 
228 208 
232 208 
232 204 
232 212 
232 232 
236 228 
216 208 
240 620 
244 224 
236 212 
236 224 
236 208 
232 204 
236 208 
232 208 
212 216 
240 232 
244 208 
232 208 
236 212 
236 260 
232 216 
236 232 
232 204 
228 204 
236 216 
240 212 
232 208 
232 236 
232 220 
232 208 
236 212 
232 208 
232 224 
300 212 
236 232 
232 208 
236 236 
208 212 
236 208 
236 216 
232 216 
260 212 
232 208 
232 212 
236 212 
244 212 
240 212 
232 208 
236 208 
232 264 
236 216 
236 220 
232 216 
232 204 
236 208 
232 268 
232 240 
236 236 
232 216 
228 208 
236 208 
240 288 
232 208 
232 220 
240 216 
240 240 
236 216 
236 204 
240 208 
232 208 
284 208 
232 208 
236 208 
240 212 
352 212 
240 208 
240 204 
228 208 
236 236 
236 208 
232 216 
240 212 
232 232 
568 212 
232 212 
236 212 
232 212 
236 204 
228 212 
232 240 
236 236 
240 208 
232 208 
240 212 
240 220 
240 212 
236 232 
236 208 
236 208 
240 208 
224 212 
236 636 
236 208 
228 236 
236 260 
236 208 
236 212 
232 208 
236 208 
208 208 
232 208 
228 220 
236 208 
228 212 
240 232 
244 232 
232 212 
228 216 
244 216 
232 212 
236 340 
548 204 
240 208 
240 236 
236 228 
236 208 
236 204 
232 212 
232 220 
232 216 
236 212 
236 232 
44 48 
232 216 
232 208 
232 208 
232 212 
236 208 
232 208 
236 236 
232 208 
232 212 
232 212 
228 212 
240 208 
236 216 
240 216 
236 208 
232 204 
240 208 
236 248 
228 208 
228 212 
236 216 
240 208 
240 208 
240 216 
236 204 
236 212 
236 40 
44 44 
228 208 
240 212 
236 212 
232 212 
228 244 
236 232 
236 212 
240 204 
372 212 
244 208 
240 208 
236 264 
240 212 
232 208 
244 208 
236 208 
236 208 
608 216 
236 236 
240 204 
232 204 
236 220 
236 232 
236 204 
232 208 
212 208 
236 480 
188 48 
232 212 
236 236 
244 216 
232 208 
240 204 
236 212 
216 264 
284 532 
236 232 
236 204 
228 208 
232 212 
232 208 
240 208 
232 208 
216 220 
616 204 
232 208 
240 216 
232 204 
236 216 
232 216 
236 240 
240 212 
228 212 
236 236 
236 208 
232 208 
232 208 
236 208 
240 212 
232 204 
232 208 
236 204 
232 216 
240 236 
240 208 
236 208 
232 212 
236 264 
232 216 
240 256 
236 208 
232 208 
240 224 
228 212 
240 212 
236 216 
228 212 
240 236 
236 216 
240 208 
240 232 
236 212 
240 204 
232 208 
236 204 
236 252 
228 208 
236 216 
236 208 
240 212 
232 204 
236 244 
232 212 
240 220 
228 208 
236 228 
232 216 
236 216 
236 236 
236 232 
236 232 
236 228 
232 204 
196 544 
232 212 
228 212 
212 192 
192 188 
192 228 
208 228 
232 228 
236 228 
628 232 
236 232 
236 228 
236 232 
232 220 
192 196 
228 228 
232 232 
212 232 
232 460 
236 232 
232 232 
232 232 
228 232 
232 232 
1120 208 
236 232 
208 232 
232 232 
228 228 
232 228 
208 228 
232 188 
232 188 
240 232 
196 232 
208 204 
232 228 
232 232 
228 228 
232 216 
232 192 
236 232 
236 232 
236 232 
192 236 
236 228 
232 232 
312 228 
232 228 
232 228 
236 220 
236 232 
232 232 
236 232 
212 228 
232 224 
240 228 
232 232 
236 888 
240 236 
232 208 
236 236 
236 208 
240 236 
240 232 
232 204 
232 208 
240 216 
232 208 
256 216 
232 212 
232 208 
240 224 
236 232 
236 224 
232 244 
232 208 
236 208 
236 216 
236 236 
236 236 
240 220 
232 252 
232 212 
236 236 
236 208 
228 208 
232 212 
228 208 
232 208 
228 212 
232 232 
228 204 
228 208 
240 204 
396 236 
236 224 
232 212 
240 216 
232 228 
236 208 
240 216 
232 204 
232 220 
628 208 
232 208 
228 224 
236 208 
228 220 
236 232 
236 212 
232 208 
220 212 
232 508 
232 208 
240 212 
240 212 
236 252 
236 208 
232 212 
232 208 
216 212 
232 724 
244 208 
232 212 
244 236 
240 208 
232 220 
236 236 
232 212 
212 208 
240 216 
236 236 
240 212 
240 208 
232 204 
232 240 
228 216 
240 216 
228 212 
236 212 
232 260 
1100 220 
240 236 
240 212 
232 212 
232 208 
236 232 
236 224 
232 220 
232 208 
240 264 
236 232 
236 216 
260 212 
232 208 
232 212 
236 228 
236 232 
232 212 
236 208 
232 208 
232 208 
232 212 
236 224 
232 208 
236 228 
232 228 
236 212 
236 208 
232 204 
236 212 
244 236 
240 212 
240 236 
236 224 
228 208 
240 248 
232 232 
232 204 
240 208 
236 248 
236 208 
228 208 
236 236 
240 208 
228 212 
232 208 
240 212 
232 204 
428 216 
232 204 
252 208 
236 216 
232 204 
232 212 
252 212 
236 236 
240 208 
660 208 
236 232 
240 204 
232 212 
240 204 
236 204 
232 208 
236 216 
216 212 
236 468 
236 212 
240 212 
232 260 
232 204 
240 208 
232 208 
232 204 
212 208 
232 724 
232 204 
236 260 
240 216 
240 212 
232 236 
240 208 
336 220 
216 208 
248 932 
236 208 
232 208 
240 204 
232 216 
232 212 
236 236 
236 216 
232 208 
232 208 
236 208 
236 212 
232 216 
232 208 
236 232 
44 48 
228 216 
228 216 
236 208 
240 260 
232 276 
236 204 
236 208 
232 232 
236 236 
240 216 
228 204 
236 204 
232 236 
240 212 
236 212 
228 208 
236 232 
236 212 
240 216 
232 208 
232 208 
228 208 
232 220 
240 212 
272 212 
240 236 
236 236 
52 40 
232 208 
236 236 
232 220 
232 232 
240 212 
236 208 
220 264 
232 240 
228 208 
236 216 
240 208 
236 208 
232 220 
236 208 
280 216 
436 208 
236 212 
236 224 
228 208 
236 232 
240 232 
232 208 
228 208 
784 232 
696 208 
236 208 
232 208 
236 232 
228 48 
232 212 
232 212 
228 220 
216 208 
236 508 
236 204 
240 240 
240 216 
240 212 
232 232 
240 208 
240 848 
212 236 
236 208 
240 224 
236 260 
240 208 
236 208 
232 212 
236 216 
236 208 
256 212 
232 208 
240 232 
236 208 
232 212 
236 236 
236 224 
240 216 
228 208 
232 216 
240 208 
232 224 
228 208 
232 236 
240 216 
236 208 
240 236 
232 208 
232 212 
236 188 
232 208 
232 244 
244 212 
684 232 
236 216 
248 208 
236 236 
240 208 
240 256 
240 208 
232 248 
236 204 
236 224 
232 208 
228 228 
244 236 
236 208 
236 204 
236 208 
228 212 
228 204 
240 208 
228 208 
236 216 
236 220 
232 208 
236 208 
252 208 
240 232 
228 208 
236 256 
208 232 
232 220 
236 208 
236 216 
232 212 
232 208 
732 204 
236 208 
240 240 
412 208 
232 208 
236 232 
236 232 
240 236 
236 208 
236 216 
232 208 
232 248 
708 224 
236 236 
232 204 
236 232 
236 232 
232 208 
248 212 
236 224 
216 236 
236 544 
232 212 
240 208 
232 208 
236 204 
236 208 
236 212 
232 208 
212 212 
236 240 
232 212 
232 204 
240 208 
228 208 
348 212 
240 236 
232 204 
236 212 
232 212 
236 228 
236 208 
240 212 
232 232 
232 204 
256 216 
232 208 
232 212 
236 208 
240 228 
240 208 
236 252 
236 208 
228 208 
232 208 
240 216 
232 208 
240 236 
240 212 
236 204 
232 208 
228 208 
232 244 
236 208 
236 224 
232 212 
228 208 
232 212 
232 236 
236 204 
240 236 
240 212 
232 208 
236 208 
236 204 
248 216 
236 232 
236 212 
236 216 
236 232 
232 212 
232 212 
232 208 
236 216 
788 208 
236 224 
240 208 
232 208 
232 204 
212 228 
240 204 
236 224 
236 232 
236 248 
232 216 
236 236 
240 224 
332 212 
492 232 
236 212 
232 212 
232 204 
232 224 
232 208 
236 208 
232 212 
228 212 
712 212 
236 204 
232 204 
236 224 
232 208 
236 208 
236 232 
232 216 
216 208 
232 564 
240 216 
232 204 
232 208 
236 232 
240 208 
232 208 
236 208 
216 228 
236 216 
240 208 
240 212 
228 208 
236 208 
232 212 
232 212 
236 224 
236 208 
236 208 
236 236 
232 208 
232 232 
236 208 
236 208 
248 208 
236 212 
236 220 
236 204 
232 212 
240 224 
228 208 
236 236 
240 212 
232 208 
236 232 
232 204 
240 220 
232 208 
236 260 
236 208 
232 232 
232 212 
232 208 
232 232 
240 216 
228 212 
240 212 
48 44 
228 204 
232 208 
236 208 
244 208 
708 236 
236 216 
236 236 
240 208 
240 212 
236 208 
236 232 
232 212 
240 236 
240 216 
236 192 
0 0 
0 0 
212 200 
228 192 
236 204 
268 212 
236 236 
232 208 
240 232 
240 208 
236 212 
248 212 
240 228 
232 260 
516 212 
232 212 
236 208 
228 224 
48 208 
232 212 
232 208 
248 208 
532 208 
744 208 
232 224 
240 212 
236 208 
240 208 
240 236 
232 212 
236 208 
216 236 
240 572 
236 204 
232 236 
236 208 
236 208 
236 48 
232 212 
232 208 
212 300 
236 208 
236 208 
240 220 
236 208 
232 204 
256 204 
240 208 
232 216 
268 208 
236 216 
244 212 
232 224 
232 208 
236 228 
236 232 
540 212 
236 236 
232 204 
236 208 
228 204 
232 208 
236 232 
232 212 
232 208 
236 208 
232 208 
232 252 
240 208 
240 272 
232 208 
240 208 
244 224 
876 208 
232 212 
232 204 
232 204 
232 264 
236 208 
236 212 
232 212 
236 212 
240 236 
236 216 
236 236 
232 212 
236 252 
240 212 
228 208 
232 208 
240 212 
240 208 
236 204 
232 244 
236 232 
232 232 
236 208 
236 232 
240 212 
244 208 
268 208 
232 224 
240 236 
232 208 
236 212 
232 204 
228 212 
232 268 
240 216 
508 208 
232 212 
232 212 
236 232 
244 248 
232 212 
240 220 
236 204 
236 208 
744 212 
236 232 
236 256 
236 208 
240 212 
232 220 
232 220 
228 204 
212 236 
232 624 
236 232 
228 208 
228 208 
236 244 
232 232 
232 216 
236 208 
212 204 
240 208 
232 204 
236 208 
256 248 
200 212 
240 216 
232 212 
236 208 
232 244 
236 220 
232 216 
236 204 
240 212 
240 208 
236 232 
228 204 
236 208 
236 208 
236 216 
236 216 
228 208 
236 208 
236 256 
244 208 
228 208 
248 208 
236 204 
232 212 
232 232 
240 212 
232 208 
240 204 
232 208 
232 212 
236 212 
240 208 
236 208 
232 208 
236 204 
232 216 
236 236 
236 208 
236 224 
236 216 
232 208 
232 212 
236 212 
232 212 
236 216 
256 208 
240 216 
236 208 
236 212 
232 208 
256 208 
232 232 
248 216 
232 204 
232 212 
316 208 
232 208 
232 220 
232 212 
236 204 
236 212 
240 216 
232 216 
240 212 
520 212 
232 240 
240 212 
240 208 
236 212 
240 216 
236 208 
244 208 
236 232 
236 392 
236 236 
240 208 
236 208 
232 240 
240 220 
240 212 
236 212 
208 212 
232 612 
232 248 
496 204 
236 208 
240 208 
232 212 
232 224 
232 216 
208 212 
232 208 
240 204 
236 244 
240 216 
240 232 
236 204 
228 208 
236 232 
236 236 
244 216 
236 208 
240 212 
244 208 
228 212 
232 212 
232 216 
232 220 
240 232 
236 208 
232 208 
232 212 
236 208 
236 212 
232 208 
236 216 
232 208 
236 240 
232 208 
232 208 
236 232 
376 212 
240 236 
240 216 
240 232 
232 248 
240 212 
236 212 
244 212 
240 268 
236 208 
236 216 
236 240 
236 236 
236 1160 
236 212 
228 208 
232 208 
240 212 
232 208 
236 208 
232 212 
232 236 
236 208 
232 208 
236 236 
384 224 
236 208 
236 208 
236 208 
332 232 
240 248 
240 208 
240 232 
240 216 
236 204 
232 220 
48 40 
240 208 
552 216 
236 216 
240 240 
228 212 
228 208 
232 208 
240 260 
308 208 
228 208 
784 212 
236 232 
236 208 
240 232 
232 208 
236 212 
236 232 
244 208 
324 220 
240 632 
236 220 
232 208 
232 208 
236 232 
240 208 
236 204 
240 216 
100 48 
236 208 
236 236 
236 212 
244 232 
236 216 
232 204 
236 216 
236 216 
236 216 
232 208 
228 208 
232 208 
244 208 
244 260 
244 208 
232 208 
228 212 
236 204 
232 212 
232 236 
236 236 
232 208 
240 212 
232 208 
232 208 
236 208 
236 204 
232 212 
248 212 
236 216 
244 40 
236 208 
228 208 
236 224 
240 216 
236 204 
228 208 
236 240 
236 216 
228 212 
240 216 
236 208 
240 212 
232 212 
232 208 
276 216 
232 208 
232 216 
236 236 
244 208 
232 204 
236 228 
236 208 
244 208 
236 232 
240 208 
232 212 
236 212 
240 208 
360 228 
240 216 
232 208 
236 236 
236 208 
232 208 
948 236 
236 240 
236 232 
584 232 
236 208 
228 204 
240 208 
248 236 
236 232 
232 208 
240 208 
232 208 
236 400 
236 208 
232 208 
232 212 
240 236 
240 208 
232 204 
232 244 
216 212 
236 664 
244 216 
232 216 
232 216 
236 240 
240 236 
236 212 
236 208 
212 204 
236 232 
232 208 
232 208 
236 208 
1184 232 
232 216 
236 208 
232 216 
240 212 
232 212 
228 216 
232 208 
236 204 
232 208 
236 248 
236 256 
240 240 
232 212 
240 232 
236 216 
232 212 
228 340 
236 208 
260 212 
232 268 
236 264 
232 208 
236 208 
240 212 
236 204 
228 208 
236 208 
240 236 
240 216 
236 204 
232 212 
236 232 
236 208 
240 212 
236 212 
232 216 
228 208 
232 204 
228 208 
236 208 
236 212 
232 208 
232 204 
232 208 
236 224 
240 212 
244 208 
232 232 
236 212 
232 224 
236 232 
232 208 
240 208 
232 256 
364 232 
232 208 
240 216 
232 208 
236 232 
236 208 
228 208 
236 216 
252 212 
592 212 
236 212 
240 208 
236 248 
236 224 
232 208 
236 216 
240 208 
236 208 
232 424 
236 208 
236 216 
232 232 
228 208 
232 208 
236 220 
232 208 
208 208 
240 684 
240 212 
1084 236 
236 212 
232 208 
236 212 
232 204 
232 212 
212 216 
228 204 
232 208 
236 208 
232 208 
240 236 
228 212 
232 208 
232 208 
236 240 
236 208 
236 212 
228 212 
232 212 
232 204 
232 208 
232 236 
236 212 
236 224 
236 208 
232 232 
236 216 
232 220 
236 216 
236 232 
236 212 
228 216 
232 208 
244 212 
240 220 
236 216 
236 204 
232 216 
240 236 
240 232 
236 236 
232 208 
236 232 
236 204 
228 204 
236 208 
236 260 
236 232 
236 208 
232 204 
232 208 
236 232 
232 208 
236 208 
236 228 
240 232 
244 208 
236 212 
240 216 
236 208 
280 228 
236 212 
236 224 
244 216 
236 220 
388 212 
232 212 
232 252 
232 216 
232 208 
232 212 
240 216 
232 208 
232 312 
596 212 
232 232 
236 204 
232 236 
244 212 
232 208 
236 208 
236 212 
212 172 
88 1272 
232 208 
236 236 
236 212 
236 208 
232 212 
240 208 
240 232 
208 208 
240 680 
232 248 
232 232 
240 212 
236 208 
232 208 
232 216 
236 232 
212 228 
236 208 
236 256 
232 204 
236 208 
240 208 
236 208 
236 208 
236 236 
240 232 
236 212 
236 232 
48 48 
236 208 
236 204 
244 212 
236 204 
232 220 
228 208 
240 236 
320 208 
236 208 
236 204 
236 236 
236 216 
236 208 
228 208 
236 236 
236 216 
236 208 
232 204 
240 236 
244 236 
228 212 
236 216 
236 212 
232 208 
232 232 
232 44 
240 208 
232 208 
236 236 
240 208 
236 220 
232 208 
232 216 
236 236 
236 212 
232 212 
232 208 
664 260 
236 208 
232 212 
244 208 
236 236 
240 216 
240 232 
232 208 
240 208 
236 212 
376 288 
232 232 
236 212 
240 244 
232 220 
240 216 
240 208 
1100 212 
244 216 
644 208 
236 260 
232 208 
232 208 
240 232 
240 232 
236 236 
240 208 
220 204 
236 476 
236 212 
236 208 
236 204 
240 236 
232 208 
232 208 
232 212 
212 208 
236 724 
232 236 
236 204 
240 228 
236 244 
236 204 
232 232 
232 208 
212 220 
232 212 
232 208 
232 236 
228 204 
580 220 
232 216 
232 212 
228 208 
240 212 
236 260 
240 208 
232 252 
236 248 
236 208 
476 208 
236 240 
240 208 
232 204 
232 248 
236 220 
232 264 
240 208 
240 232 
232 212 
232 216 
236 204 
236 204 
236 212 
236 208 
236 220 
244 212 
232 208 
236 212 
232 212 
236 256 
236 212 
236 208 
232 220 
596 208 
236 232 
232 204 
236 208 
236 208 
240 216 
228 208 
232 208 
236 232 
236 216 
232 216 
232 236 
240 212 
232 204 
232 212 
240 208 
232 232 
236 208 
232 212 
232 208 
232 236 
420 208 
228 208 
232 264 
236 212 
236 232 
232 212 
236 208 
236 216 
232 208 
636 232 
232 208 
240 216 
232 212 
228 232 
240 224 
348 204 
240 208 
208 212 
228 500 
244 232 
240 208 
236 208 
236 212 
228 208 
236 208 
236 204 
212 208 
232 208 
232 212 
236 216 
232 212 
236 224 
228 208 
236 232 
232 208 
208 208 
236 204 
244 236 
240 232 
236 208 
240 208 
236 208 
236 208 
232 232 
236 224 
236 216 
236 208 
236 208 
232 208 
240 236 
232 208 
232 212 
244 228 
236 208 
236 216 
228 208 
232 212 
232 232 
232 208 
228 204 
236 212 
240 204 
252 212 
576 212 
236 208 
232 208 
236 208 
240 232 
232 208 
236 216 
232 212 
244 232 
232 208 
244 228 
240 212 
232 212 
236 232 
240 232 
236 208 
236 332 
236 212 
232 208 
236 204 
232 208 
240 232 
236 212 
220 220 
236 212 
228 212 
232 212 
232 212 
228 204 
232 204 
236 260 
232 212 
460 212 
232 212 
248 212 
236 232 
240 208 
228 212 
232 208 
232 212 
232 208 
656 212 
240 232 
232 212 
232 204 
232 204 
232 208 
312 220 
240 232 
216 204 
240 496 
236 212 
236 208 
236 216 
240 216 
240 208 
236 204 
228 212 
212 264 
236 212 
236 212 
232 212 
236 212 
236 212 
236 216 
236 204 
240 212 
224 236 
236 208 
232 212 
232 236 
232 208 
48 48 
244 208 
236 236 
232 208 
236 212 
228 216 
428 208 
240 220 
232 216 
240 224 
228 236 
240 204 
596 208 
232 212 
236 236 
240 212 
236 248 
236 212 
236 232 
228 212 
232 204 
236 212 
236 224 
236 220 
520 208 
236 232 
240 208 
232 208 
236 212 
48 44 
232 204 
236 232 
232 216 
232 208 
232 216 
236 236 
244 204 
236 244 
228 208 
232 208 
228 208 
240 236 
240 216 
232 208 
236 216 
216 208 
204 212 
228 204 
228 212 
236 208 
232 204 
228 212 
232 236 
236 208 
232 208 
464 208 
232 236 
236 44 
228 212 
236 220 
348 208 
240 232 
240 236 
236 212 
700 208 
236 236 
232 204 
236 208 
236 260 
236 212 
232 208 
228 212 
216 208 
232 532 
260 212 
240 208 
236 212 
240 208 
232 208 
332 204 
236 220 
212 208 
240 212 
232 216 
232 216 
236 208 
232 204 
236 228 
240 232 
232 212 
236 212 
236 208 
228 208 
236 240 
240 232 
240 236 
496 220 
240 204 
232 212 
236 232 
248 208 
232 208 
236 212 
240 208 
240 212 
240 216 
236 204 
232 208 
236 232 
232 208 
228 212 
228 212 
228 212 
232 232 
232 328 
236 232 
228 208 
232 212 
236 240 
240 204 
232 212 
240 236 
240 232 
232 208 
236 260 
236 204 
240 208 
236 212 
232 204 
232 1316 
228 208 
236 220 
232 216 
236 212 
232 212 
232 208 
236 236 
228 204 
232 216 
240 208 
232 216 
224 208 
236 216 
236 204 
232 216 
236 232 
232 216 
236 208 
236 232 
236 204 
460 216 
236 212 
236 232 
232 208 
232 212 
228 216 
236 236 
240 208 
236 208 
704 208 
252 248 
232 220 
236 228 
228 212 
236 216 
240 216 
236 228 
212 212 
236 544 
228 212 
268 208 
236 216 
236 208 
236 216 
236 216 
232 216 
212 208 
232 208 
244 208 
232 1168 
236 212 
236 216 
244 216 
232 208 
240 232 
236 208 
244 208 
232 208 
236 208 
232 208 
236 232 
236 220 
236 212 
228 216 
240 212 
232 208 
236 256 
236 220 
232 216 
236 216 
236 212 
232 208 
232 212 
232 212 
236 236 
236 204 
240 232 
236 208 
228 220 
236 220 
240 212 
240 204 
240 216 
232 1032 
232 212 
236 212 
236 224 
232 208 
232 208 
236 224 
236 220 
236 212 
232 236 
240 232 
240 232 
236 260 
240 212 
240 216 
236 216 
232 208 
232 212 
236 236 
232 216 
256 212 
236 208 
232 208 
268 208 
272 208 
240 236 
236 208 
240 208 
228 208 
228 212 
240 208 
228 208 
516 208 
228 204 
280 208 
232 232 
236 216 
236 252 
232 212 
236 216 
232 208 
736 212 
244 236 
236 212 
228 212 
236 216 
232 216 
232 208 
232 216 
260 216 
228 580 
236 208 
236 216 
232 212 
240 232 
236 212 
228 208 
232 208 
208 216 
236 228 
236 212 
240 232 
236 216 
228 208 
236 212 
232 208 
240 232 
292 216 
240 208 
232 232 
232 208 
232 204 
236 216 
236 212 
264 212 
236 212 
232 204 
236 208 
236 268 
240 204 
228 208 
232 240 
228 204 
232 216 
236 1084 
232 212 
232 208 
236 236 
244 216 
228 240 
240 236 
236 208 
236 204 
236 208 
236 208 
236 208 
236 208 
232 204 
232 228 
236 204 
232 212 
48 40 
236 232 
240 208 
236 220 
228 212 
236 232 
232 212 
232 212 
232 216 
232 212 
228 204 
232 208 
228 208 
236 236 
228 204 
232 208 
236 204 
416 208 
236 216 
240 212 
228 212 
232 208 
232 212 
228 208 
276 212 
240 208 
500 212 
228 212 
236 208 
48 44 
236 208 
240 212 
240 236 
240 208 
236 216 
740 228 
236 216 
232 208 
236 212 
236 208 
244 204 
240 208 
232 212 
216 216 
228 616 
236 236 
244 212 
244 240 
236 208 
232 216 
240 204 
244 212 
212 212 
240 236 
232 204 
232 228 
232 220 
236 208 
232 44 
240 212 
236 220 
232 212 
232 208 
236 264 
236 236 
236 212 
240 208 
232 236 
240 208 
232 208 
236 208 
380 208 
240 208 
232 240 
232 212 
236 216 
228 212 
232 220 
240 244 
232 212 
236 216 
236 216 
228 204 
232 212 
236 236 
236 204 
304 216 
236 208 
240 232 
240 216 
240 208 
236 232 
232 216 
236 232 
240 208 
240 208 
232 208 
240 228 
240 220 
232 216 
856 212 
268 208 
232 236 
236 212 
240 208 
232 308 
236 212 
228 204 
232 208 
240 232 
232 204 
236 204 
280 208 
232 208 
244 212 
236 204 
240 220 
228 212 
236 232 
236 208 
236 236 
536 208 
252 212 
236 236 
232 208 
236 224 
240 236 
232 204 
232 236 
236 220 
236 368 
240 208 
228 216 
236 220 
1176 208 
236 224 
236 208 
232 212 
216 212 
232 624 
244 212 
232 216 
232 216 
232 208 
232 212 
244 208 
240 216 
216 204 
236 244 
236 216 
232 212 
240 1032 
232 208 
232 208 
236 208 
232 208 
232 212 
236 224 
236 208 
236 236 
236 208 
236 212 
232 208 
236 212 
236 216 
228 204 
232 208 
236 208 
236 236 
232 208 
300 236 
236 204 
264 212 
236 208 
232 212 
236 236 
244 212 
228 208 
228 212 
236 208 
236 216 
232 208 
232 212 
236 208 
232 224 
240 212 
240 212 
236 216 
232 224 
236 228 
236 228 
232 204 
240 216 
232 208 
232 212 
240 208 
232 208 
236 216 
240 208 
232 208 
232 224 
240 232 
228 204 
232 208 
240 232 
228 208 
232 232 
312 236 
240 208 
232 228 
232 204 
240 216 
232 208 
232 204 
236 248 
236 208 
576 208 
236 256 
952 232 
236 236 
232 212 
236 236 
240 208 
244 208 
240 232 
236 384 
244 208 
228 216 
232 208 
236 264 
240 220 
232 232 
236 208 
208 232 
236 632 
240 208 
236 212 
228 232 
236 212 
236 216 
232 212 
236 240 
220 208 
240 236 
260 216 
240 216 
232 212 
236 236 
236 208 
228 212 
240 208 
228 208 
232 208 
236 260 
236 216 
236 228 
244 208 
232 232 
232 216 
232 236 
240 232 
232 208 
236 220 
232 208 
236 232 
232 208 
240 232 
240 208 
288 216 
232 208 
240 212 
232 216 
236 208 
240 232 
228 208 
240 212 
240 216 
240 240 
236 212 
236 236 
240 260 
236 208 
236 220 
236 232 
232 208 
232 212 
236 208 
240 216 
240 208 
232 216 
240 208 
236 228 
232 204 
236 212 
236 220 
236 216 
236 208 
236 208 
232 216 
236 212 
228 204 
232 212 
1096 232 
256 212 
232 208 
232 212 
228 204 
228 208 
236 296 
236 244 
232 208 
588 212 
236 212 
44 44 
236 208 
236 228 
236 212 
236 216 
236 212 
212 208 
232 404 
232 208 
240 228 
232 204 
228 212 
236 216 
240 208 
236 232 
212 204 
256 664 
236 212 
232 324 
236 232 
232 240 
236 232 
240 204 
252 212 
216 216 
232 208 
232 220 
228 196 
40 204 
236 236 
240 220 
240 216 
236 216 
252 212 
236 232 
236 216 
232 208 
236 252 
260 212 
240 212 
236 208 
232 208 
236 216 
232 212 
236 236 
240 212 
268 208 
236 208 
232 204 
236 212 
232 204 
228 212 
240 212 
236 244 
236 208 
232 216 
600 48 
236 216 
236 220 
244 212 
236 232 
236 212 
232 208 
236 232 
240 208 
232 204 
236 220 
240 208 
240 212 
236 220 
240 208 
236 212 
236 236 
896 236 
244 208 
232 252 
232 216 
236 212 
232 204 
252 212 
240 204 
240 212 
232 224 
236 208 
368 228 
236 204 
236 232 
248 212 
240 236 
236 212 
232 228 
236 208 
236 216 
616 208 
240 216 
236 204 
228 236 
228 208 
232 212 
236 252 
232 208 
212 236 
244 408 
232 208 
236 232 
232 208 
600 220 
232 208 
240 232 
236 236 
212 208 
236 708 
236 208 
232 232 
236 260 
232 208 
240 212 
232 208 
236 212 
220 208 
228 208 
232 252 
232 212 
236 228 
236 204 
232 212 
236 208 
236 212 
240 212 
240 208 
236 236 
236 216 
240 208 
232 208 
228 212 
236 216 
240 220 
232 212 
236 264 
236 216 
712 216 
232 212 
232 208 
236 208 
236 220 
236 208 
240 260 
232 208 
236 208 
232 220 
236 284 
244 216 
252 212 
240 236 
236 212 
232 212 
232 208 
236 208 
236 220 
228 208 
240 236 
240 208 
240 208 
232 212 
244 216 
232 232 
236 208 
232 212 
236 236 
236 208 
232 212 
240 240 
240 232 
240 208 
236 372 
236 204 
228 212 
236 232 
232 208 
388 208 
236 236 
236 208 
236 212 
240 208 
232 208 
232 208 
228 212 
240 236 
660 208 
240 260 
236 208 
232 212 
236 216 
232 208 
240 204 
240 204 
212 212 
240 448 
232 232 
236 228 
232 216 
236 208 
232 208 
240 208 
232 212 
208 216 
236 700 
240 216 
240 208 
236 236 
240 260 
236 208 
236 212 
232 208 
216 216 
236 236 
244 204 
232 204 
236 236 
236 264 
240 204 
240 228 
236 208 
240 216 
312 232 
236 208 
232 228 
264 208 
228 204 
236 212 
240 208 
236 208 
240 212 
236 236 
240 208 
232 216 
232 224 
232 208 
240 216 
232 208 
236 228 
240 240 
236 216 
232 204 
236 256 
232 208 
244 208 
232 212 
232 208 
240 204 
232 208 
232 204 
236 224 
232 240 
236 232 
240 208 
236 208 
232 220 
232 256 
232 212 
240 204 
228 212 
240 228 
236 208 
236 208 
236 212 
244 208 
236 228 
240 252 
236 204 
232 208 
240 208 
248 208 
236 212 
404 208 
232 236 
232 212 
236 252 
236 224 
232 208 
236 236 
236 208 
240 208 
648 228 
236 216 
232 212 
232 212 
236 232 
240 208 
236 236 
228 208 
224 208 
236 464 
232 208 
236 208 
232 220 
236 216 
240 208 
236 212 
236 208 
208 204 
236 688 
236 208 
236 212 
244 256 
44 44 
228 208 
232 232 
772 208 
212 212 
228 208 
236 208 
236 232 
232 212 
236 232 
236 208 
236 212 
272 232 
228 204 
236 208 
236 220 
232 208 
236 212 
236 228 
236 216 
236 232 
236 208 
232 208 
232 216 
240 204 
232 208 
232 232 
236 288 
236 232 
52 44 
232 208 
240 212 
232 208 
236 248 
236 204 
240 220 
212 212 
232 212 
232 220 
244 212 
232 212 
236 212 
232 208 
236 256 
236 208 
232 212 
232 204 
236 208 
228 208 
232 208 
232 212 
240 204 
236 208 
240 208 
236 232 
236 216 
236 212 
236 216 
232 44 
236 208 
236 232 
232 208 
236 208 
232 224 
416 208 
232 208 
232 208 
236 208 
236 232 
236 208 
216 240 
232 212 
236 216 
672 208 
228 204 
236 232 
240 212 
236 256 
236 208 
240 212 
232 208 
216 236 
872 208 
232 212 
232 216 
232 216 
236 216 
716 228 
232 236 
236 212 
208 204 
232 212 
240 204 
232 208 
232 212 
240 208 
248 248 
0 0 
0 0 
0 0 
0 0 
0 0 
0 0 
240 236 
232 208 
232 212 
304 244 
240 232 
240 204 
236 208 
236 224 
232 212 
240 208 
236 208 
236 212 
232 212 
236 232 
236 212 
232 208 
232 212 
236 1080 
236 236 
240 208 
232 224 
228 212 
236 228 
228 208 
236 208 
240 236 
236 208 
228 212 
240 236 
232 212 
240 216 
236 220 
232 208 
232 216 
240 208 
232 208 
228 212 
236 212 
232 212 
236 216 
236 208 
236 244 
236 208 
240 216 
240 228 
236 236 
244 204 
216 208 
232 236 
236 208 
232 212 
232 208 
232 208 
232 208 
228 212 
232 272 
456 208 
232 216 
240 236 
232 208 
232 208 
232 212 
240 212 
232 204 
228 208 
688 204 
236 236 
240 1112 
240 236 
228 204 
236 208 
236 220 
236 224 
212 204 
232 508 
236 236 
232 212 
244 208 
232 204 
236 212 
236 220 
232 208 
212 244 
236 688 
236 208 
236 228 
236 228 
228 208 
232 204 
236 216 
240 204 
212 216 
232 204 
236 208 
236 204 
236 216 
236 208 
228 208 
240 208 
240 216 
236 204 
236 988 
232 236 
240 216 
232 204 
232 208 
240 220 
264 208 
244 208 
240 212 
232 228 
236 236 
228 208 
228 212 
240 212 
236 232 
236 208 
232 208 
232 208 
232 212 
236 208 
240 232 
232 212 
232 236 
236 224 
236 220 
240 220 
232 204 
228 212 
240 208 
236 208 
236 208 
236 240 
236 232 
232 216 
196 204 
284 232 
244 216 
232 236 
236 212 
232 208 
232 208 
228 240 
232 212 
240 208 
236 216 
240 208 
232 208 
228 212 
236 220 
236 212 
452 220 
232 212 
236 232 
236 208 
228 232 
236 212 
240 204 
236 232 
240 216 
712 212 
240 208 
236 212 
236 212 
244 208 
232 212 
232 204 
236 216 
220 208 
232 548 
232 228 
240 212 
232 208 
360 236 
228 208 
232 232 
244 204 
216 204 
232 212 
236 232 
232 208 
228 212 
240 212 
236 236 
236 232 
232 988 
240 212 
316 212 
232 208 
236 208 
236 232 
228 212 
368 204 
236 212 
236 216 
236 208 
236 212 
236 208 
236 212 
232 232 
236 204 
236 212 
240 212 
236 232 
236 212 
232 212 
240 232 
232 236 
240 208 
240 236 
228 208 
236 208 
48 44 
236 208 
236 244 
232 216 
232 208 
236 212 
236 236 
208 208 
236 228 
236 236 
232 248 
240 208 
232 208 
244 232 
236 208 
228 216 
236 212 
232 212 
240 236 
232 208 
240 212 
236 212 
236 236 
260 208 
256 208 
252 204 
232 212 
228 212 
56 44 
232 264 
232 216 
228 212 
236 212 
236 236 
468 208 
228 208 
240 208 
236 208 
236 232 
232 208 
236 212 
240 212 
232 236 
712 208 
232 208 
240 256 
236 212 
232 204 
228 208 
236 204 
236 212 
216 260 
236 552 
232 204 
236 224 
232 208 
232 44 
236 1184 
240 224 
232 236 
208 204 
232 208 
236 216 
240 208 
232 208 
240 212 
232 208 
228 208 
236 204 
232 236 
232 208 
228 212 
240 208 
240 236 
236 232 
240 212 
232 208 
240 212 
236 204 
240 216 
260 208 
232 208 
236 216 
236 212 
240 216 
236 260 
236 204 
240 216 
232 208 
240 232 
732 236 
232 212 
236 236 
232 212 
236 208 
228 212 
236 216 
256 212 
232 216 
236 216 
236 216 
232 216 
232 236 
236 260 
236 216 
232 208 
228 204 
232 212 
236 212 
240 208 
232 208 
232 212 
232 208 
240 220 
236 208 
236 208 
236 236 
240 216 
228 208 
232 236 
248 212 
240 208 
228 208 
232 228 
988 212 
240 216 
236 208 
236 216 
236 216 
492 212 
236 240 
232 204 
240 208 
232 208 
232 212 
240 244 
236 236 
232 208 
792 232 
236 208 
236 208 
236 860 
240 204 
228 208 
236 216 
236 208 
208 212 
232 600 
232 208 
240 208 
240 212 
236 208 
228 208 
236 236 
240 208 
212 216 
236 240 
240 212 
228 212 
240 208 
240 216 
240 208 
236 212 
236 220 
232 208 
232 212 
236 208 
236 216 
236 232 
228 212 
236 208 
236 236 
228 208 
232 212 
232 208 
236 208 
232 292 
236 212 
228 204 
228 248 
240 236 
236 208 
228 252 
240 236 
236 240 
236 212 
228 208 
236 236 
232 208 
236 236 
240 224 
228 204 
232 208 
236 212 
232 212 
236 208 
232 216 
232 204 
236 240 
232 236 
232 208 
232 216 
236 208 
236 216 
232 216 
236 236 
232 208 
236 212 
840 232 
228 208 
236 208 
228 212 
232 212 
232 212 
232 232 
292 208 
232 208 
232 208 
232 208 
240 236 
236 232 
232 204 
228 208 
232 208 
524 264 
232 208 
236 216 
240 236 
236 208 
240 208 
232 256 
240 236 
300 208 
236 356 
236 260 
236 324 
232 208 
232 212 
232 208 
240 232 
236 220 
212 208 
228 600 
228 212 
236 212 
236 208 
240 204 
232 216 
236 208 
228 204 
216 212 
236 236 
236 212 
236 212 
236 216 
232 212 
240 208 
240 208 
236 240 
232 208 
228 208 
340 264 
236 212 
232 208 
236 252 
236 236 
232 204 
236 212 
236 236 
236 240 
240 208 
232 208 
236 216 
240 208 
236 212 
236 208 
232 208 
240 240 
236 216 
232 216 
232 212 
232 212 
232 204 
236 204 
232 260 
236 208 
232 224 
232 232 
240 216 
240 236 
236 212 
236 232 
1020 212 
236 208 
240 236 
240 236 
236 208 
232 216 
236 216 
232 204 
240 224 
236 204 
232 204 
236 208 
236 208 
228 208 
228 256 
232 236 
232 228 
48 48 
296 260 
232 208 
232 208 
236 208 
344 216 
228 208 
232 208 
228 228 
236 208 
520 232 
236 208 
240 232 
240 236 
232 208 
232 208 
232 232 
232 228 
256 208 
240 492 
48 40 
236 232 
232 204 
236 204 
232 208 
232 212 
240 208 
208 212 
232 612 
236 208 
232 236 
236 208 
236 216 
228 208 
240 236 
240 244 
212 208 
232 208 
232 256 
232 208 
232 252 
236 212 
236 216 
236 224 
240 208 
236 208 
232 232 
232 208 
232 40 
228 212 
792 208 
228 208 
236 216 
228 212 
232 208 
236 212 
236 216 
232 212 
228 208 
236 216 
240 232 
236 264 
240 208 
228 212 
236 244 
244 212 
236 220 
868 216 
232 208 
232 204 
240 212 
236 216 
228 204 
232 224 
232 212 
232 216 
236 208 
236 208 
232 216 
236 224 
232 208 
232 204 
240 208 
236 252 
232 208 
236 228 
232 232 
236 212 
236 236 
228 216 
232 208 
240 204 
232 216 
240 208 
232 204 
240 216 
332 208 
228 204 
236 228 
232 208 
692 208 
228 212 
240 212 
232 236 
232 204 
552 220 
232 212 
232 212 
236 236 
232 212 
236 240 
236 224 
236 208 
236 204 
252 384 
236 208 
240 220 
228 216 
236 212 
236 236 
236 212 
228 208 
216 256 
236 636 
228 208 
236 228 
236 204 
240 208 
236 208 
236 268 
240 212 
212 248 
236 236 
228 208 
472 208 
232 224 
240 208 
236 208 
240 204 
232 208 
244 212 
240 204 
236 204 
228 212 
236 208 
232 208 
236 208 
244 212 
240 232 
236 256 
232 248 
240 212 
240 236 
232 236 
228 212 
236 208 
236 228 
236 244 
236 236 
236 224 
240 208 
240 208 
240 208 
236 304 
228 216 
232 208 
228 204 
232 212 
232 224 
236 208 
232 212 
232 212 
232 208 
236 208 
236 232 
236 208 
240 204 
240 236 
244 236 
232 212 
236 204 
232 216 
232 212 
232 252 
236 204 
236 232 
236 208 
232 212 
232 208 
240 264 
240 208 
356 212 
236 208 
232 208 
236 236 
240 240 
240 204 
236 212 
236 232 
236 212 
576 208 
236 228 
232 204 
232 212 
236 236 
240 212 
240 220 
232 212 
220 212 
232 416 
236 212 
372 212 
232 208 
236 244 
236 208 
232 208 
256 208 
216 240 
288 508 
228 208 
232 208 
228 216 
232 232 
232 208 
240 224 
240 204 
208 208 
296 824 
240 244 
236 236 
236 236 
232 208 
236 240 
232 212 
236 208 
232 220 
232 216 
236 212 
236 256 
236 232 
236 212 
236 236 
240 208 
232 212 
236 248 
240 208 
236 232 
240 232 
236 212 
232 208 
240 256 
236 216 
236 208 
236 260 
256 208 
240 208 
240 220 
240 212 
228 216 
232 212 
236 220 
228 204 
240 216 
236 232 
240 212 
232 216 
232 204 
228 232 
236 220 
232 216 
232 212 
232 216 
236 212 
240 208 
236 248 
236 216 
240 212 
228 232 
232 208 
232 208 
232 208 
236 256 
236 208 
48 44 
236 208 
232 208 
360 216 
228 208 
232 204 
244 232 
236 212 
232 212 
236 216 
228 224 
236 244 
580 208 
232 208 
232 268 
236 208 
228 208 
236 208 
236 212 
580 204 
212 212 
244 444 
232 208 
240 232 
232 208 
232 212 
232 256 
232 208 
48 44 
216 212 
228 696 
228 208 
232 208 
236 244 
232 212 
240 236 
232 208 
240 216 
216 212 
232 212 
232 208 
240 216 
236 208 
232 208 
236 216 
236 216 
236 224 
232 212 
240 216 
232 208 
240 212 
240 228 
240 236 
236 220 
236 204 
240 212 
236 44 
232 208 
240 208 
240 212 
232 264 
240 216 
228 208 
240 232 
240 208 
228 208 
252 220 
236 236 
236 216 
240 216 
236 216 
240 212 
240 204 
232 204 
232 224 
236 216 
228 208 
232 212 
232 208 
236 212 
240 204 
232 216 
240 236 
232 212 
228 212 
232 208 
240 216 
232 208 
232 208 
232 212 
232 208 
240 236 
236 232 
236 212 
240 216 
236 212 
236 228 
236 212 
372 208 
232 212 
232 236 
236 204 
236 260 
436 212 
240 208 
236 216 
232 208 
628 208 
240 212 
240 256 
240 204 
236 204 
236 232 
236 216 
236 220 
212 212 
232 384 
232 212 
240 204 
240 208 
228 212 
232 208 
236 216 
228 216 
212 216 
236 696 
236 208 
236 208 
244 224 
236 256 
232 208 
232 220 
236 256 
212 204 
236 208 
232 212 
232 780 
240 208 
236 204 
228 208 
236 236 
228 208 
236 252 
240 208 
228 268 
280 208 
240 236 
232 340 
240 236 
236 208 
236 236 
236 212 
232 208 
228 216 
244 236 
236 216 
236 208 
232 204 
236 236 
240 208 
228 220 
236 216 
240 216 
236 236 
232 236 
236 208 
240 240 
236 208 
232 260 
232 204 
236 236 
240 216 
232 204 
232 204 
240 212 
240 204 
236 208 
228 208 
232 208 
240 236 
244 208 
236 216 
232 236 
236 220 
240 232 
232 212 
232 716 
236 204 
236 244 
236 232 
240 208 
232 204 
236 208 
512 216 
236 220 
236 252 
232 216 
236 208 
236 204 
236 212 
232 208 
236 232 
628 212 
232 228 
240 216 
240 208 
232 216 
236 216 
240 208 
228 212 
212 208 
240 460 
236 212 
228 208 
232 212 
236 232 
232 212 
236 216 
236 208 
224 228 
236 192 
236 208 
236 224 
232 208 
232 256 
240 216 
232 208 
248 208 
216 208 
236 252 
236 212 
232 232 
232 208 
244 208 
228 216 
232 220 
236 236 
240 236 
236 208 
240 208 
236 236 
232 204 
236 232 
228 208 
244 228 
228 204 
240 236 
240 236 
232 212 
232 236 
232 216 
232 208 
236 208 
236 236 
212 216 
236 236 
232 204 
236 204 
236 236 
228 220 
232 208 
236 208 
244 240 
228 204 
232 220 
228 212 
236 232 
236 284 
244 224 
240 228 
240 204 
232 208 
236 240 
232 208 
228 208 
236 232 
232 208 
232 204 
236 212 
232 204 
236 236 
240 212 
232 208 
236 208 
240 212 
232 204 
236 208 
232 232 
412 300 
232 204 
236 260 
232 204 
248 236 
232 212 
236 232 
236 208 
240 236 
652 216 
48 44 
232 216 
232 208 
236 224 
236 228 
240 208 
1156 216 
216 236 
236 476 
232 212 
232 208 
244 212 
232 204 
236 248 
236 204 
232 220 
216 236 
236 740 
240 204 
236 220 
236 216 
232 208 
236 228 
236 212 
240 212 
224 208 
232 208 
236 208 
240 232 
232 44 
52 44 
236 228 
232 212 
228 208 
232 212 
232 208 
240 208 
232 244 
236 204 
236 212 
408 208 
240 212 
232 208 
236 232 
244 300 
236 212 
232 208 
272 216 
232 212 
236 220 
232 224 
232 204 
228 208 
232 228 
236 264 
236 216 
232 252 
240 208 
232 44 
240 208 
240 220 
232 208 
232 220 
240 220 
228 204 
236 216 
232 212 
236 232 
232 220 
236 208 
236 208 
236 208 
236 208 
236 256 
236 212 
236 212 
224 208 
240 216 
232 208 
232 216 
228 208 
236 208 
236 212 
232 204 
236 232 
440 228 
240 232 
244 204 
232 208 
232 252 
236 940 
236 220 
240 232 
236 208 
696 212 
228 204 
236 212 
228 208 
236 232 
240 208 
232 212 
232 228 
220 208 
232 524 
240 220 
232 212 
240 204 
232 216 
236 220 
236 236 
240 216 
216 212 
236 224 
236 208 
232 208 
236 220 
232 208 
236 208 
240 236 
232 208 
248 208 
232 236 
236 216 
640 232 
244 264 
240 204 
240 232 
232 208 
228 208 
236 236 
240 204 
236 208 
236 212 
240 212 
232 208 
232 208 
232 224 
236 212 
236 232 
232 208 
232 204 
232 208 
240 212 
244 208 
232 208 
248 208 
228 204 
232 232 
232 212 
232 208 
236 212 
240 208 
232 244 
232 208 
236 204 
240 224 
236 240 
876 248 
228 212 
240 212 
240 212 
240 204 
244 232 
232 208 
236 208 
232 212 
244 236 
240 216 
240 232 
240 240 
240 212 
228 216 
244 208 
232 212 
236 932 
232 208 
240 212 
236 224 
232 208 
232 212 
444 208 
236 212 
240 220 
232 208 
236 208 
236 236 
240 208 
304 204 
236 208 
728 208 
232 212 
232 208 
236 232 
232 208 
232 208 
240 216 
236 204 
220 216 
232 528 
232 208 
232 264 
236 216 
232 216 
232 208 
228 212 
240 220 
216 208 
236 224 
232 208 
232 232 
232 208 
232 212 
236 212 
236 208 
232 204 
236 212 
232 208 
236 204 
236 220 
236 208 
228 208 
240 212 
236 208 
236 228 
232 212 
240 212 
232 212 
232 212 
244 208 
232 208 
232 208 
228 208 
236 212 
236 212 
240 208 
232 208 
236 240 
236 240 
236 236 
236 208 
236 204 
692 204 
232 208 
232 216 
232 204 
236 268 
236 208 
232 212 
240 228 
236 204 
228 204 
236 212 
240 232 
244 236 
240 212 
232 208 
240 236 
240 208 
232 204 
236 232 
232 208 
236 208 
228 208 
232 208 
236 260 
236 208 
232 208 
232 212 
236 216 
236 208 
236 220 
228 208 
232 212 
236 216 
232 208 
460 208 
236 336 
236 236 
236 212 
236 212 
232 232 
244 208 
232 208 
232 208 
728 260 
236 216 
240 212 
232 212 
236 268 
232 216 
236 232 
232 208 
216 216 
252 512 
236 236 
240 208 
240 208 
232 208 
232 204 
240 204 
228 208 
212 208 
236 204 
232 216 
244 208 
240 216 
52 48 
236 212 
240 208 
228 208 
232 212 
236 240 
236 244 
232 208 
236 212 
236 232 
232 236 
236 208 
232 204 
236 208 
228 208 
240 232 
236 208 
244 208 
240 208 
960 216 
236 220 
232 208 
236 216 
232 208 
236 208 
228 208 
228 208 
236 240 
228 208 
48 40 
236 236 
236 208 
236 216 
232 212 
228 212 
236 216 
216 232 
236 220 
232 208 
272 208 
232 204 
240 212 
232 208 
236 204 
232 236 
232 236 
236 216 
236 224 
236 208 
228 204 
232 204 
236 264 
236 216 
236 232 
232 216 
272 208 
236 232 
232 212 
232 40 
240 212 
236 204 
228 212 
236 208 
232 212 
480 208 
236 208 
240 236 
236 208 
240 208 
352 204 
236 224 
236 212 
240 228 
720 216 
240 208 
232 216 
236 212 
236 212 
232 208 
232 208 
232 212 
248 212 
236 544 
228 216 
232 204 
228 208 
328 224 
232 216 
232 212 
236 240 
220 208 
236 232 
236 232 
236 208 
232 208 
236 208 
232 216 
232 204 
236 212 
236 212 
232 204 
236 208 
236 224 
900 236 
236 216 
232 208 
240 208 
236 212 
236 208 
268 208 
240 232 
236 208 
232 212 
232 244 
232 208 
232 208 
236 216 
232 208 
240 208 
232 208 
232 208 
236 236 
236 208 
236 208 
260 212 
236 208 
236 256 
236 212 
240 208 
236 216 
240 204 
236 236 
236 208 
232 204 
236 232 
232 208 
300 208 
240 236 
232 204 
236 252 
236 232 
240 212 
236 204 
228 204 
232 208 
240 232 
236 212 
232 212 
240 232 
232 220 
272 212 
228 204 
240 212 
236 204 
236 212 
236 224 
236 224 
228 208 
232 208 
516 252 
232 208 
236 232 
244 208 
236 224 
228 204 
236 224 
240 220 
228 208 
240 360 
232 208 
444 204 
232 224 
324 208 
236 264 
236 212 
236 240 
216 208 
232 604 
232 248 
236 260 
248 224 
240 208 
232 212 
228 212 
236 212 
212 212 
244 208 
236 208 
232 208 
236 220 
232 216 
236 236 
236 216 
240 208 
232 216 
236 208 
236 212 
236 212 
244 216 
236 208 
232 212 
232 208 
236 220 
232 208 
232 212 
232 204 
236 208 
240 220 
236 208 
232 208 
236 236 
232 212 
236 232 
288 204 
236 216 
232 232 
236 224 
236 236 
232 216 
232 212 
236 224 
232 208 
236 204 
240 204 
200 212 
236 212 
232 232 
244 236 
228 188 
240 208 
232 220 
236 208 
236 212 
240 208 
236 208 
192 204 
224 192 
232 236 
232 232 
236 228 
192 188 
232 228 
196 188 
228 204 
196 188 
632 240 
236 200 
228 232 
212 228 
240 204 
208 228 
212 228 
236 228 
232 228 
232 188 
196 228 
232 228 
220 204 
212 232 
212 212 
228 232 
236 232 
212 232 
212 192 
216 232 
236 192 
196 192 
236 232 
220 232 
284 232 
192 232 
232 232 
224 228 
216 228 
236 228 
212 192 
232 228 
212 732 
208 228 
232 232 
196 208 
212 232 
236 208 
192 228 
232 208 
188 232 
228 232 
232 192 
212 196 
232 228 
212 236 
236 232 
284 228 
236 208 
232 232 
196 232 
212 232 
232 204 
212 192 
216 232 
216 232 
236 232 
236 232 
236 232 
232 188 
232 188 
232 224 
232 228 
212 228 
192 212 
228 236 
232 232 
236 232 
212 208 
232 232 
232 232 
228 228 
192 232 
232 212 
232 208 
236 228 
212 228 
216 204 
232 188 
212 228 
228 228 
196 208 
232 212 
236 232 
208 232 
224 228 
236 228 
216 228 
228 228 
208 192 
236 232 
240 256 
200 236 
204 228 
232 232 
232 188 
188 208 
236 236 
320 260 
324 304 
200 196 
224 196 
220 232 
232 660 
220 196 
232 232 
232 196 
228 192 
232 236 
220 232 
200 196 
236 316 
212 232 
232 412 
336 320 
216 204 
212 192 
236 300 
320 240 
304 300 
312 304 
216 212 
208 656 
216 212 
216 188 
216 196 
196 212 
200 192 
196 192 
196 232 
228 196 
192 224 
232 208 
228 196 
192 208 
252 232 
220 232 
192 224 
232 200 
204 208 
192 216 
244 196 
232 220 
212 208 
208 216 
240 192 
236 252 
236 196 
340 256 
208 252 
204 212 
232 208 
200 192 
208 208 
232 388 
196 200 
196 232 
324 324 
196 236 
228 196 
232 260 
220 236 
248 208 
248 372 
232 216 
268 188 
244 208 
228 224 
240 216 
220 192 
232 212 
236 208 
212 204 
332 212 
192 204 
208 236 
48 44 
200 192 
236 232 
200 320 
232 208 
216 220 
240 228 
232 196 
200 228 
224 200 
228 208 
236 216 
216 224 
200 240 
232 208 
208 196 
228 192 
224 208 
236 324 
216 208 
236 208 
232 204 
240 212 
592 192 
208 228 
232 220 
236 212 
48 40 
232 216 
228 196 
204 192 
204 188 
232 224 
228 192 
220 192 
212 192 
212 256 
236 216 
200 208 
240 216 
212 212 
1000 192 
216 228 
192 216 
200 192 
200 224 
220 236 
204 232 
216 204 
196 212 
236 204 
188 196 
208 208 
208 40 
316 224 
236 188 
208 212 
224 212 
196 212 
232 200 
236 236 
232 212 
212 212 
240 216 
232 484 
236 204 
200 236 
220 236 
200 256 
236 208 
252 228 
200 192 
208 188 
236 252 
220 228 
212 356 
256 192 
216 204 
216 212 
236 296 
216 208 
208 208 
244 280 
200 204 
220 200 
232 188 
196 208 
220 212 
212 216 
240 236 
216 212 
236 208 
236 592 
204 236 
0 0 
0 0 
232 212 
320 256 
296 312 
228 208 
572 220 
216 200 
204 228 
224 196 
200 192 
268 196 
364 232 
308 244 
476 208 
196 200 
212 296 
236 228 
212 188 
196 212 
232 188 
200 220 
228 188 
216 204 
572 196 
236 324 
208 228 
192 192 
232 232 
220 196 
192 204 
928 452 
324 232 
196 224 
196 200 
272 312 
196 208 
200 196 
216 196 
248 212 
236 196 
232 216 
244 276 
236 200 
216 232 
196 204 
204 312 
232 216 
196 224 
208 236 
332 200 
188 208 
228 204 
236 212 
200 216 
236 192 
232 204 
260 220 
236 200 
236 232 
212 212 
236 204 
220 244 
192 192 
516 212 
192 196 
236 192 
220 300 
316 240 
304 212 
236 208 
220 208 
216 216 
196 260 
228 192 
212 196 
204 232 
440 304 
300 316 
216 224 
236 236 
196 212 
212 208 
224 216 
204 228 
232 216 
232 216 
228 228 
240 216 
220 272 
192 192 
208 208 
200 208 
196 208 
236 192 
236 232 
220 204 
216 216 
528 272 
196 224 
200 232 
228 208 
192 236 
216 324 
212 212 
232 208 
212 216 
200 220 
192 304 
208 200 
0 0 
0 0 
196 216 
232 196 
208 192 
204 196 
200 196 
224 216 
200 192 
196 196 
232 216 
228 220 
224 216 
212 188 
192 208 
208 188 
204 224 
364 488 
204 188 
196 200 
208 188 
228 208 
220 188 
196 196 
204 208 
232 208 
236 212 
212 208 
240 204 
208 208 
240 236 
264 208 
192 228 
236 236 
236 220 
296 204 
232 216 
228 204 
280 192 
196 216 
220 336 
196 292 
232 276 
240 344 
232 216 
232 208 
232 228 
240 236 
216 200 
216 236 
220 208 
232 208 
232 208 
200 224 
228 192 
196 224 
200 216 
192 208 
316 276 
200 260 
236 348 
212 208 
240 212 
192 232 
236 208 
320 196 
204 224 
196 192 
232 268 
232 200 
200 200 
212 220 
272 204 
220 192 
220 192 
200 284 
240 276 
412 192 
224 200 
196 232 
216 196 
236 200 
240 208 
196 192 
240 232 
220 216 
212 212 
232 212 
228 220 
232 212 
232 212 
208 212 
52 40 
192 228 
232 196 
216 208 
232 368 
232 208 
192 224 
216 208 
228 220 
236 204 
236 328 
200 260 
632 216 
228 212 
192 232 
236 204 
240 248 
232 212 
236 208 
216 212 
404 212 
236 460 
196 220 
232 204 
192 192 
228 192 
196 200 
232 200 
224 324 
48 164 
236 244 
228 208 
700 228 
192 248 
200 208 
396 192 
200 192 
228 216 
220 220 
196 196 
248 188 
232 200 
196 236 
192 192 
232 716 
240 216 
232 268 
200 308 
204 212 
196 204 
200 216 
188 208 
192 192 
212 308 
228 272 
240 220 
236 232 
192 40 
264 260 
236 216 
300 324 
244 212 
708 344 
224 216 
460 192 
212 192 
200 192 
220 192 
196 200 
272 208 
264 308 
360 192 
232 264 
196 236 
244 216 
272 200 
260 260 
276 300 
212 236 
212 196 
212 384 
196 200 
200 212 
188 196 
192 188 
192 188 
300 264 
188 228 
216 256 
192 192 
196 200 
192 192 
216 200 
196 192 
196 188 
216 200 
196 220 
920 252 
196 212 
228 196 
224 256 
220 244 
320 216 
240 200 
212 232 
192 236 
256 256 
200 196 
372 304 
244 272 
236 208 
244 184 
240 332 
188 228 
264 188 
368 204 
264 256 
232 304 
264 312 
208 296 
344 216 
216 216 
256 264 
220 192 
216 444 
200 188 
216 196 
188 196 
212 236 
204 196 
216 352 
328 192 
204 192 
220 216 
212 216 
196 188 
216 200 
200 196 
196 196 
208 200 
236 192 
200 196 
196 188 
220 272 
216 228 
208 220 
192 192 
228 232 
744 216 
196 204 
232 192 
196 216 
232 192 
196 212 
232 204 
192 212 
228 220 
196 208 
200 224 
208 192 
196 256 
196 196 
608 200 
200 196 
208 204 
240 196 
224 224 
208 196 
212 204 
236 212 
212 276 
208 208 
196 192 
192 204 
244 212 
192 192 
196 192 
200 208 
192 192 
232 208 
220 192 
196 1112 
196 216 
196 192 
192 188 
572 224 
188 192 
240 200 
192 248 
216 188 
232 200 
204 200 
196 200 
220 216 
212 200 
256 204 
192 208 
236 228 
228 316 
260 228 
196 208 
212 224 
192 192 
200 208 
208 204 
196 188 
220 232 
212 220 
192 204 
248 200 
284 216 
204 336 
216 212 
196 192 
196 196 
200 196 
196 216 
192 208 
208 192 
196 308 
208 216 
192 220 
244 284 
236 192 
196 236 
212 200 
192 200 
192 232 
220 200 
236 196 
240 248 
252 1248 
304 292 
208 208 
236 212 
192 208 
196 216 
232 200 
392 192 
408 348 
200 192 
192 216 
256 216 
240 220 
276 300 
204 324 
200 232 
216 192 
196 188 
200 332 
292 256 
236 276 
216 272 
204 196 
196 192 
200 196 
196 196 
200 192 
196 220 
196 188 
200 216 
196 232 
200 192 
356 432 
236 192 
212 1040 
216 224 
232 212 
188 224 
312 264 
200 196 
192 236 
200 212 
304 228 
208 496 
292 236 
208 236 
196 232 
260 212 
220 380 
208 212 
240 360 
212 188 
236 188 
236 244 
212 192 
256 196 
236 276 
236 224 
200 220 
192 240 
196 196 
268 236 
196 280 
280 244 
232 208 
332 276 
232 236 
236 228 
332 208 
272 284 
196 220 
48 44 
196 216 
236 216 
192 188 
356 192 
204 216 
212 200 
224 200 
204 208 
196 216 
224 632 
228 212 
196 512 
240 316 
216 316 
216 192 
200 216 
232 200 
188 208 
200 216 
196 192 
200 224 
204 220 
196 188 
212 212 
300 196 
232 228 
312 232 
204 192 
200 200 
52 44 
252 200 
220 208 
204 304 
212 216 
216 252 
200 212 
208 212 
216 188 
188 192 
208 200 
196 284 
240 204 
236 308 
212 208 
212 548 
196 208 
1180 196 
192 192 
192 192 
192 220 
192 192 
196 208 
336 184 
296 248 
200 196 
208 188 
196 208 
200 44 
224 188 
300 192 
216 712 
248 204 
272 216 
196 200 
220 228 
204 192 
196 208 
192 196 
212 212 
232 228 
220 216 
280 192 
192 232 
200 196 
196 216 
256 196 
192 212 
188 192 
236 252 
236 196 
196 196 
240 224 
212 208 
236 188 
192 212 
200 196 
216 216 
216 192 
316 232 
228 192 
196 192 
212 212 
200 200 
220 208 
228 212 
208 192 
232 208 
232 200 
196 208 
268 280 
188 240 
288 224 
212 204 
320 312 
212 196 
200 232 
224 532 
208 212 
212 336 
228 192 
196 188 
204 196 
200 220 
196 188 
208 196 
192 224 
192 216 
200 192 
200 564 
252 232 
204 188 
408 212 
264 212 
212 232 
224 232 
220 224 
236 232 
196 196 
208 192 
204 200 
212 1060 
328 196 
264 196 
244 196 
240 188 
208 240 
196 232 
240 236 
236 208 
288 292 
196 204 
360 228 
232 188 
248 192 
224 192 
216 300 
200 212 
232 188 
224 224 
192 188 
212 228 
192 200 
208 228 
208 200 
192 196 
196 204 
188 216 
200 204 
232 196 
240 192 
196 196 
212 244 
268 224 
756 188 
200 360 
392 208 
196 188 
244 320 
196 208 
200 340 
212 192 
196 196 
208 240 
196 236 
388 276 
208 212 
220 192 
208 208 
200 216 
208 196 
196 192 
196 192 
204 208 
256 204 
216 204 
228 192 
192 220 
192 196 
196 212 
200 196 
192 188 
204 224 
188 212 
232 192 
300 224 
212 216 
204 204 
524 456 
196 192 
196 224 
200 244 
212 212 
280 276 
196 232 
284 228 
216 196 
228 256 
196 192 
200 228 
256 252 
204 264 
212 204 
196 212 
236 188 
196 1068 
216 228 
288 204 
284 228 
240 196 
200 192 
220 224 
200 212 
216 228 
216 196 
208 320 
240 204 
224 232 
192 196 
200 196 
200 196 
192 188 
232 208 
288 192 
232 216 
196 188 
196 252 
200 204 
196 224 
236 200 
200 204 
204 208 
196 208 
216 224 
200 240 
200 204 
212 208 
196 240 
304 224 
244 248 
224 192 
208 232 
200 196 
216 232 
248 256 
500 476 
212 200 
200 192 
240 200 
188 192 
196 196 
208 188 
192 232 
216 188 
276 208 
208 208 
224 204 
192 200 
200 200 
220 212 
212 200 
216 220 
192 200 
228 220 
204 196 
204 192 
192 204 
212 208 
236 232 
240 224 
232 212 
276 232 
796 276 
212 216 
256 204 
376 228 
192 184 
196 208 
548 196 
196 200 
196 196 
196 212 
240 188 
192 224 
200 196 
200 232 
204 196 
260 296 
296 192 
220 196 
296 236 
300 260 
200 216 
196 208 
232 192 
216 224 
200 192 
196 188 
48 40 
216 192 
208 212 
212 208 
224 192 
216 208 
220 192 
200 208 
192 188 
228 228 
224 188 
204 196 
192 188 
196 192 
196 196 
204 196 
312 208 
212 188 
236 196 
288 196 
192 188 
192 196 
192 196 
196 204 
196 220 
216 212 
48 52 
200 192 
200 192 
200 200 
252 228 
196 724 
240 196 
208 212 
200 236 
232 212 
240 196 
200 196 
212 188 
196 192 
200 196 
208 196 
196 212 
196 204 
192 200 
196 208 
212 228 
380 216 
284 212 
248 212 
212 212 
344 244 
216 300 
240 232 
192 40 
204 212 
200 208 
196 224 
892 204 
204 248 
216 240 
200 208 
212 216 
200 224 
192 200 
220 216 
232 192 
192 196 
220 216 
192 192 
232 256 
236 252 
196 452 
196 196 
212 204 
204 196 
196 196 
192 200 
292 212 
500 224 
192 200 
192 212 
356 252 
192 232 
200 224 
220 212 
216 208 
220 208 
208 192 
224 196 
208 220 
224 192 
192 200 
220 192 
220 208 
196 200 
196 212 
192 196 
196 192 
200 192 
208 208 
224 228 
204 212 
200 200 
296 200 
208 252 
212 200 
204 196 
192 192 
196 196 
200 192 
268 196 
196 260 
320 308 
192 228 
332 272 
264 252 
200 196 
188 196 
212 192 
208 188 
212 188 
212 228 
212 212 
236 232 
392 240 
204 240 
196 200 
192 188 
196 196 
196 208 
208 576 
192 208 
196 192 
196 192 
200 196 
240 216 
240 196 
196 188 
196 196 
236 192 
204 200 
1280 200 
276 232 
192 192 
292 188 
196 288 
272 232 
240 280 
372 292 
228 236 
208 208 
272 240 
260 248 
196 192 
300 228 
200 192 
212 208 
208 192 
200 224 
236 232 
208 208 
196 188 
220 196 
220 236 
224 236 
216 240 
208 208 
260 208 
208 216 
528 196 
200 192 
196 192 
204 192 
196 200 
452 196 
196 216 
232 464 
228 212 
204 492 
196 212 
200 196 
196 220 
296 212 
200 256 
276 240 
228 252 
240 212 
240 284 
196 192 
288 196 
232 308 
340 216 
204 192 
192 204 
200 188 
192 212 
196 228 
220 192 
196 192 
236 668 
236 208 
236 212 
200 192 
204 212 
208 216 
196 196 
248 208 
204 196 
668 200 
196 208 
196 188 
200 196 
232 200 
212 204 
196 216 
204 200 
196 192 
232 216 
192 196 
304 224 
236 232 
232 320 
296 232 
244 216 
228 208 
192 188 
188 188 
212 196 
196 236 
200 232 
200 256 
252 208 
200 192 
708 432 
200 200 
200 252 
220 192 
188 216 
196 224 
212 696 
292 192 
228 232 
224 208 
708 216 
232 188 
200 208 
200 208 
200 232 
212 192 
236 200 
200 192 
228 220 
200 196 
496 216 
192 240 
196 212 
196 224 
216 220 
192 208 
204 188 
192 208 
200 236 
204 224 
212 188 
296 216 
192 208 
196 220 
196 196 
200 208 
212 188 
228 204 
192 196 
232 220 
500 444 
336 200 
196 224 
232 204 
412 256 
324 304 
576 216 
220 216 
220 216 
232 212 
252 212 
204 196 
196 200 
192 200 
188 228 
212 248 
228 212 
212 192 
216 668 
652 192 
200 212 
256 400 
296 196 
192 192 
188 192 
204 192 
192 196 
196 212 
196 220 
204 192 
196 188 
208 44 
200 188 
240 212 
240 208 
192 212 
216 236 
196 196 
212 196 
236 204 
204 196 
228 240 
192 268 
240 236 
280 308 
236 252 
240 248 
192 296 
228 204 
324 324 
196 188 
208 216 
240 196 
200 192 
192 224 
196 260 
388 240 
208 196 
320 228 
48 48 
560 248 
192 192 
196 216 
212 212 
256 192 
216 224 
204 216 
236 208 
220 236 
208 212 
216 208 
196 200 
188 196 
232 196 
192 208 
196 196 
244 192 
476 208 
192 196 
240 236 
196 192 
204 328 
228 224 
212 220 
188 208 
212 200 
232 196 
216 188 
216 188 
200 44 
204 204 
224 192 
196 216 
388 208 
220 212 
240 212 
216 200 
236 208 
192 208 
232 200 
236 208 
236 232 
236 208 
420 212 
236 208 
228 212 
232 196 
236 212 
228 228 
232 208 
228 212 
240 208 
232 236 
236 232 
228 208 
236 228 
236 192 
220 196 
236 196 
236 228 
236 216 
236 204 
228 208 
236 204 
236 216 
212 212 
232 196 
240 212 
236 208 
240 216 
228 208 
236 260 
232 260 
236 216 
240 232 
236 208 
232 204 
236 212 
240 208 
236 208 
236 212 
248 212 
236 216 
240 236 
236 204 
244 236 
240 212 
236 232 
244 204 
236 212 
228 204 
232 204 
236 252 
236 216 
236 236 
388 216 
236 212 
232 208 
236 212 
236 232 
236 212 
240 208 
236 216 
232 212 
624 232 
232 232 
232 212 
232 212 
232 212 
232 236 
236 236 
232 204 
216 264 
236 440 
232 212 
236 212 
236 216 
232 220 
240 204 
232 208 
232 208 
216 208 
232 700 
228 208 
232 228 
240 220 
232 208 
220 236 
232 208 
236 216 
220 208 
232 204 
232 208 
232 236 
236 208 
236 208 
232 236 
236 208 
240 248 
244 212 
228 204 
232 204 
236 232 
240 208 
236 224 
240 212 
228 216 
236 212 
240 224 
232 204 
232 212 
236 208 
236 240 
232 204 
244 208 
236 212 
236 204 
228 228 
260 216 
236 208 
236 1032 
232 208 
236 232 
232 232 
260 208 
232 208 
240 208 
232 208 
236 240 
236 220 
236 252 
240 212 
236 216 
232 208 
240 212 
232 208 
240 212 
232 208 
240 208 
232 212 
236 236 
240 216 
232 212 
228 204 
232 232 
240 208 
236 220 
236 208 
236 260 
240 204 
388 208 
240 216 
232 204 
240 232 
480 212 
232 208 
232 212 
236 212 
232 212 
632 248 
236 232 
240 212 
232 208 
240 208 
236 212 
236 216 
236 208 
212 212 
236 452 
248 232 
236 776 
232 208 
240 212 
48 40 
236 212 
236 236 
220 216 
232 712 
236 232 
236 208 
236 212 
236 208 
280 268 
240 208 
232 208 
216 212 
240 236 
232 264 
232 208 
232 212 
244 232 
232 208 
240 216 
232 232 
232 212 
236 260 
232 240 
232 212 
240 208 
232 212 
240 232 
232 208 
272 208 
236 152 
44 952 
240 216 
232 212 
232 216 
236 212 
232 204 
232 212 
236 240 
236 208 
232 216 
236 232 
232 212 
232 244 
228 208 
232 228 
236 236 
236 208 
236 216 
236 208 
232 208 
232 216 
240 208 
240 212 
232 232 
232 208 
232 208 
232 228 
236 216 
232 44 
236 208 
236 248 
232 216 
220 208 
232 204 
284 204 
240 208 
232 212 
232 212 
236 232 
232 208 
240 208 
408 236 
232 204 
232 208 
232 212 
236 260 
236 208 
240 272 
232 208 
232 204 
672 208 
232 204 
232 208 
236 216 
232 216 
236 216 
328 212 
228 212 
220 208 
236 484 
232 208 
232 208 
232 212 
232 236 
236 208 
236 212 
236 232 
216 236 
232 212 
236 212 
232 212 
228 208 
236 236 
236 208 
236 204 
228 212 
212 208 
236 228 
236 252 
236 236 
244 212 
232 204 
240 252 
236 204 
464 540 
236 208 
228 212 
236 208 
240 216 
236 216 
232 208 
236 224 
236 208 
236 236 
236 212 
244 212 
236 208 
228 212 
232 232 
236 216 
236 216 
240 208 
236 204 
236 204 
236 224 
232 204 
232 248 
232 204 
236 212 
232 208 
232 204 
240 232 
232 208 
232 256 
232 212 
244 204 
232 232 
232 208 
240 328 
232 212 
236 232 
236 208 
232 208 
236 280 
228 208 
236 212 
232 212 
228 216 
228 204 
236 236 
244 212 
232 204 
232 208 
232 216 
232 208 
240 236 
420 208 
240 208 
232 212 
232 208 
240 240 
236 208 
240 212 
236 220 
232 212 
652 212 
244 236 
236 232 
244 208 
240 212 
236 208 
228 212 
236 208 
212 216 
232 520 
232 208 
272 208 
232 212 
244 232 
228 208 
228 208 
236 236 
212 360 
232 216 
236 208 
240 232 
228 208 
288 236 
1276 208 
240 236 
236 208 
216 216 
236 208 
232 216 
228 212 
240 208 
232 216 
240 232 
232 208 
232 204 
240 220 
236 212 
240 232 
232 260 
236 232 
236 236 
244 208 
240 212 
228 208 
232 208 
232 212 
232 252 
232 212 
232 204 
236 260 
240 204 
232 208 
228 204 
232 232 
236 208 
240 208 
616 236 
232 208 
232 212 
236 208 
240 232 
236 216 
232 252 
236 212 
240 208 
236 208 
236 204 
228 208 
240 216 
232 208 
232 204 
236 264 
236 216 
240 232 
228 212 
240 236 
236 212 
244 224 
236 208 
228 248 
240 204 
232 204 
228 212 
232 212 
236 208 
232 208 
448 264 
232 216 
232 208 
236 260 
636 220 
240 236 
232 220 
240 208 
240 216 
692 212 
232 232 
232 208 
232 208 
236 236 
236 208 
236 204 
236 216 
216 232 
232 540 
240 224 
228 212 
348 792 
236 220 
240 236 
232 204 
236 228 
212 204 
232 252 
232 236 
236 212 
232 216 
236 212 
232 208 
236 208 
232 216 
240 208 
232 208 
236 224 
232 212 
236 208 
236 208 
236 260 
240 208 
416 212 
240 248 
240 204 
240 236 
236 208 
236 212 
232 208 
232 232 
236 208 
232 204 
236 224 
44 40 
228 208 
236 208 
228 204 
232 204 
236 236 
244 224 
232 212 
236 208 
232 212 
244 212 
240 220 
228 204 
240 232 
236 204 
232 212 
236 236 
240 208 
240 212 
232 212 
232 204 
232 208 
240 208 
232 212 
236 236 
244 208 
232 324 
236 212 
48 48 
236 204 
240 224 
240 252 
252 212 
232 236 
820 204 
236 252 
236 208 
236 208 
240 212 
232 208 
232 216 
476 256 
264 212 
240 212 
232 208 
236 228 
228 212 
232 208 
232 208 
232 208 
728 232 
236 236 
232 208 
232 208 
236 232 
236 228 
244 44 
232 208 
208 212 
232 556 
240 216 
232 212 
232 216 
232 208 
236 232 
236 216 
236 220 
216 212 
240 220 
236 208 
232 208 
236 208 
232 208 
232 228 
236 220 
236 208 
244 236 
232 208 
236 232 
232 212 
236 260 
236 212 
236 208 
232 212 
232 208 
232 236 
240 204 
240 236 
240 208 
240 208 
240 204 
232 212 
236 220 
232 208 
236 204 
236 212 
236 236 
256 208 
232 208 
232 208 
236 212 
232 236 
240 212 
232 236 
228 216 
232 236 
232 220 
232 208 
236 216 
236 212 
232 252 
356 228 
232 208 
232 204 
240 216 
236 256 
240 216 
244 220 
740 232 
244 216 
232 220 
232 208 
236 232 
236 336 
244 208 
236 204 
236 244 
240 216 
232 208 
236 260 
240 204 
236 208 
240 208 
228 212 
236 232 
284 216 
480 212 
236 220 
240 212 
236 228 
236 244 
232 212 
240 208 
236 232 
240 208 
736 240 
240 232 
240 216 
240 216 
232 208 
240 208 
236 208 
236 208 
212 208 
240 564 
232 208 
228 224 
240 232 
252 208 
232 236 
228 208 
232 212 
216 256 
232 212 
236 208 
236 212 
232 224 
232 208 
240 212 
232 216 
236 208 
240 216 
236 208 
240 208 
232 212 
236 208 
440 204 
232 212 
236 220 
232 216 
232 208 
236 260 
232 216 
232 204 
232 208 
388 204 
236 212 
232 216 
236 208 
236 204 
232 208 
232 208 
232 224 
240 216 
232 224 
240 220 
240 208 
228 208 
232 236 
232 228 
236 216 
240 212 
832 260 
232 208 
232 216 
232 212 
240 240 
236 236 
236 236 
236 220 
228 212 
240 204 
236 216 
236 208 
236 216 
236 204 
232 212 
236 244 
236 204 
240 216 
232 212 
232 244 
236 216 
236 208 
236 224 
236 208 
236 208 
232 208 
232 212 
244 244 
232 208 
524 208 
240 208 
244 232 
232 240 
336 208 
236 212 
240 208 
256 212 
236 216 
232 368 
236 232 
232 212 
236 204 
236 252 
236 216 
232 204 
228 208 
220 212 
228 632 
236 236 
232 212 
232 208 
148 240 
0 0 
0 0 
0 0 
0 0 
0 0 
0 0 
0 0 
0 0 
0 0 
0 0 
0 0 
0 0 
0 0 
0 0 
0 0 
0 0 
0 0 
0 0 
0 0 
0 0 
0 0 
0 0 
0 0 
0 0 
0 0 
0 0 
0 0 
0 0 
0 0 
0 0 
0 0 
0 0 
0 0 
0 0 
0 0 
0 0 
0 0 
0 0 
0 0 
0 0 
0 0 
0 0 
0 0 
0 0 
0 0 
0 0 
232 208 
236 212 
232 208 
236 236 
236 224 
236 208 
236 220 
228 208 
232 212 
236 216 
232 208 
236 212 
240 216 
236 208 
252 208 
236 208 
236 208 
312 208 
236 232 
44 48 
236 232 
236 208 
228 208 
240 252 
236 216 
228 208 
524 208 
236 228 
324 212 
236 204 
232 260 
232 216 
240 220 
240 208 
244 220 
232 392 
232 212 
232 252 
228 244 
240 212 
232 204 
240 208 
240 208 
216 212 
232 616 
232 236 
240 220 
232 44 
232 232 
232 208 
244 208 
228 208 
216 212 
444 648 
228 212 
240 220 
244 204 
236 208 
236 260 
236 232 
232 208 
284 208 
244 208 
228 204 
236 220 
240 204 
236 208 
232 204 
236 212 
232 216 
236 216 
236 220 
232 208 
236 208 
240 240 
236 204 
236 212 
236 232 
236 212 
236 224 
236 216 
236 208 
236 236 
232 212 
232 208 
232 212 
232 216 
236 208 
232 212 
228 212 
244 208 
240 208 
236 208 
328 216 
232 200 
232 208 
236 204 
236 212 
236 248 
236 204 
240 236 
232 240 
232 208 
236 1168 
228 208 
236 240 
240 208 
240 212 
232 208 
232 224 
236 208 
236 208 
324 212 
232 256 
236 208 
236 252 
236 260 
236 236 
232 208 
236 208 
236 252 
548 208 
228 216 
232 208 
228 212 
240 216 
240 208 
232 208 
236 216 
232 208 
236 408 
232 212 
240 208 
236 212 
232 216 
240 208 
236 236 
252 236 
212 204 
232 680 
244 216 
236 212 
264 216 
236 216 
232 232 
240 208 
232 208 
208 212 
236 240 
236 212 
236 260 
236 208 
232 212 
240 236 
236 236 
232 208 
248 212 
236 212 
232 208 
228 208 
236 228 
240 208 
256 224 
228 216 
232 256 
240 208 
244 224 
232 208 
232 232 
236 212 
240 208 
232 216 
236 220 
240 204 
232 212 
240 216 
240 228 
232 208 
240 204 
236 232 
232 212 
236 208 
236 208 
232 208 
244 236 
236 208 
232 208 
240 208 
240 212 
236 236 
236 204 
236 236 
236 208 
232 236 
232 208 
232 208 
240 232 
240 236 
232 204 
232 212 
232 248 
240 208 
236 232 
236 224 
232 204 
240 236 
240 208 
328 208 
232 220 
236 208 
232 216 
236 232 
236 220 
236 208 
232 208 
232 208 
576 212 
236 232 
236 208 
240 212 
232 212 
276 204 
236 252 
236 232 
236 208 
236 396 
232 208 
236 212 
236 204 
232 212 
236 264 
232 216 
236 236 
216 232 
244 784 
236 236 
240 208 
232 216 
240 224 
232 232 
236 204 
240 220 
212 208 
236 220 
236 212 
232 264 
244 212 
232 216 
236 236 
228 212 
236 232 
240 208 
300 208 
236 236 
232 832 
240 232 
232 208 
240 212 
228 208 
236 252 
240 208 
236 204 
248 244 
236 228 
240 216 
236 212 
236 216 
236 208 
232 208 
232 212 
236 232 
240 208 
236 212 
240 216 
320 228 
232 212 
232 212 
240 216 
228 204 
236 208 
232 212 
240 236 
240 236 
236 216 
228 212 
236 208 
232 208 
232 208 
232 208 
232 212 
236 228 
236 248 
232 212 
232 212 
232 212 
236 212 
232 220 
240 208 
232 212 
232 260 
240 208 
236 256 
320 212 
44 44 
1128 236 
228 208 
236 204 
236 208 
236 264 
236 208 
236 212 
616 216 
240 236 
236 216 
232 208 
236 212 
236 232 
240 208 
232 212 
208 204 
236 420 
236 208 
236 208 
232 204 
236 204 
236 236 
232 220 
240 204 
212 232 
236 672 
236 236 
232 228 
48 44 
236 232 
240 236 
236 220 
236 232 
212 208 
1048 392 
236 232 
236 208 
240 212 
228 212 
228 216 
232 208 
244 212 
232 208 
240 212 
232 232 
244 208 
232 208 
232 232 
240 208 
236 208 
232 220 
236 216 
232 236 
240 236 
232 208 
232 208 
240 48 
232 208 
232 212 
236 208 
228 204 
236 240 
236 208 
236 232 
240 204 
236 212 
236 232 
236 216 
240 208 
232 208 
232 208 
228 208 
236 236 
236 220 
232 212 
232 204 
232 208 
232 212 
236 216 
240 220 
236 204 
236 204 
232 208 
240 212 
240 236 
236 208 
240 208 
232 208 
232 228 
232 232 
232 208 
232 216 
232 240 
388 236 
240 212 
244 232 
232 208 
236 208 
236 212 
232 204 
236 208 
240 216 
500 212 
232 212 
236 236 
236 236 
236 212 
236 212 
232 244 
236 236 
208 220 
232 460 
236 204 
232 208 
232 240 
328 212 
236 236 
240 208 
1060 216 
216 220 
232 704 
276 220 
236 224 
228 204 
236 208 
232 212 
228 220 
236 208 
216 212 
236 204 
252 212 
240 204 
256 212 
240 220 
228 208 
240 232 
236 224 
228 204 
232 208 
240 220 
232 212 
232 220 
236 204 
232 212 
240 236 
240 236 
232 208 
232 244 
236 220 
240 212 
236 216 
232 212 
240 576 
236 208 
236 208 
240 208 
228 212 
240 208 
236 232 
240 236 
232 204 
236 256 
240 208 
236 208 
232 208 
244 236 
236 212 
232 212 
240 236 
240 212 
228 208 
240 232 
236 248 
232 212 
232 212 
236 216 
240 212 
232 204 
232 220 
232 204 
236 236 
236 212 
232 236 
228 208 
236 216 
236 204 
240 232 
236 204 
388 208 
236 204 
236 208 
232 208 
232 212 
488 208 
236 212 
240 248 
236 224 
652 212 
232 208 
228 204 
236 208 
228 208 
1204 236 
236 208 
236 204 
212 212 
236 480 
256 212 
236 216 
232 224 
232 208 
252 212 
236 236 
240 208 
208 212 
240 696 
236 208 
252 212 
232 216 
236 208 
236 208 
240 232 
232 208 
212 216 
240 212 
232 212 
236 236 
236 212 
240 204 
236 248 
240 224 
236 224 
240 236 
232 208 
236 212 
360 268 
236 248 
240 332 
236 236 
240 208 
236 224 
236 208 
232 212 
240 208 
232 232 
236 216 
236 216 
236 244 
236 212 
232 208 
232 208 
232 204 
236 204 
236 232 
240 204 
232 384 
236 208 
232 216 
240 208 
232 208 
232 212 
240 236 
228 208 
236 216 
236 220 
232 208 
236 240 
236 204 
232 208 
748 208 
236 232 
232 208 
232 224 
240 204 
224 212 
232 304 
232 212 
464 208 
228 204 
228 208 
236 208 
236 204 
236 220 
420 212 
236 236 
236 216 
1116 232 
244 212 
236 236 
236 220 
232 240 
232 212 
636 212 
240 204 
232 260 
228 216 
232 236 
232 212 
232 208 
236 208 
204 208 
236 472 
240 232 
240 212 
240 212 
232 208 
236 236 
240 208 
232 208 
216 236 
236 712 
236 208 
44 40 
236 228 
304 208 
236 212 
232 212 
232 208 
212 260 
236 216 
232 252 
240 212 
228 208 
228 204 
236 212 
232 208 
240 232 
228 204 
232 212 
236 208 
228 208 
240 220 
228 204 
236 208 
236 232 
236 208 
232 216 
232 212 
236 216 
240 208 
160 44 
232 232 
232 220 
236 208 
236 232 
236 204 
232 212 
240 232 
232 208 
232 208 
232 204 
240 208 
232 208 
652 208 
240 232 
236 216 
240 208 
240 220 
236 224 
236 232 
228 212 
236 208 
232 208 
232 208 
240 208 
240 232 
232 208 
236 232 
240 212 
204 44 
232 212 
236 204 
240 212 
236 204 
232 208 
232 208 
236 232 
236 208 
436 212 
236 264 
232 232 
240 232 
240 208 
240 208 
236 208 
244 208 
232 280 
680 212 
240 232 
240 204 
236 212 
232 204 
232 224 
240 208 
232 208 
216 232 
280 456 
236 212 
232 216 
236 220 
232 208 
276 208 
236 220 
240 212 
216 260 
236 216 
232 220 
236 220 
232 264 
292 208 
236 224 
232 208 
232 204 
232 208 
232 236 
236 212 
232 212 
240 212 
236 252 
232 212 
236 208 
236 236 
232 208 
228 208 
232 208 
232 208 
240 208 
236 220 
232 212 
240 228 
236 216 
244 236 
236 208 
236 232 
236 208 
248 208 
228 304 
760 236 
236 224 
228 204 
236 204 
232 208 
232 212 
236 232 
240 212 
232 208 
232 208 
232 208 
232 212 
240 208 
240 236 
236 204 
232 212 
236 208 
236 216 
240 208 
236 236 
244 208 
228 208 
236 228 
232 216 
232 212 
248 212 
236 208 
228 212 
228 216 
236 220 
240 208 
228 208 
236 224 
240 232 
236 204 
236 260 
464 208 
236 236 
244 208 
236 232 
240 208 
260 208 
232 204 
236 236 
228 212 
708 208 
232 208 
240 216 
228 204 
240 208 
232 236 
240 204 
232 208 
216 232 
232 552 
232 208 
232 236 
232 212 
236 212 
232 208 
232 304 
228 208 
212 208 
236 564 
228 208 
252 212 
240 208 
332 204 
236 236 
240 232 
232 252 
236 212 
236 212 
232 208 
228 228 
228 208 
268 224 
228 212 
236 236 
232 236 
232 212 
236 236 
240 208 
240 208 
732 208 
240 232 
236 212 
232 204 
232 244 
236 216 
236 212 
236 212 
244 212 
240 232 
240 212 
236 208 
240 256 
240 208 
240 220 
236 232 
240 208 
240 232 
232 216 
240 216 
232 204 
232 212 
236 216 
232 208 
232 212 
236 204 
232 252 
236 208 
236 204 
236 208 
236 316 
228 208 
236 240 
284 212 
236 208 
232 216 
228 208 
236 224 
232 216 
232 208 
236 216 
232 240 
232 208 
236 264 
240 208 
236 208 
236 212 
476 208 
228 208 
228 208 
232 212 
228 212 
240 224 
236 216 
236 232 
232 276 
728 212 
240 208 
228 208 
228 212 
236 240 
232 232 
240 204 
236 208 
220 216 
232 584 
232 204 
208 208 
240 248 
240 216 
240 216 
236 208 
236 244 
216 212 
228 212 
236 204 
232 236 
236 224 
232 208 
228 212 
236 248 
236 216 
280 212 
236 984 
236 212 
236 204 
232 208 
232 208 
228 208 
232 208 
228 208 
236 236 
228 212 
236 236 
236 208 
232 204 
228 212 
232 232 
240 208 
232 208 
240 212 
288 236 
48 40 
232 204 
232 208 
232 208 
236 216 
236 232 
232 212 
236 208 
240 232 
240 256 
236 208 
236 232 
240 212 
228 216 
236 232 
232 208 
240 208 
236 240 
232 212 
236 260 
240 236 
240 220 
232 204 
240 204 
236 232 
240 208 
232 224 
240 236 
48 44 
236 204 
232 212 
272 220 
236 236 
232 208 
240 252 
240 240 
232 208 
236 208 
240 208 
232 208 
524 212 
240 208 
232 208 
228 224 
240 212 
232 208 
232 208 
232 228 
228 204 
692 208 
240 208 
232 216 
240 208 
232 208 
236 208 
232 284 
232 212 
212 56 
236 564 
232 208 
240 204 
232 212 
236 236 
236 224 
232 208 
236 232 
208 208 
236 240 
236 244 
228 212 
236 216 
232 216 
236 224 
236 212 
240 220 
232 224 
236 212 
228 204 
232 204 
244 208 
232 208 
232 212 
232 208 
236 228 
240 208 
236 220 
236 236 
232 212 
236 228 
236 232 
236 216 
240 216 
236 220 
236 208 
236 216 
240 208 
236 224 
236 216 
232 212 
244 1132 
236 208 
244 208 
232 228 
228 208 
240 212 
232 208 
236 240 
228 204 
232 208 
236 212 
232 212 
240 236 
236 208 
240 236 
236 216 
228 204 
240 212 
240 232 
228 208 
236 212 
232 212 
236 208 
232 236 
232 212 
248 212 
236 204 
296 212 
232 236 
232 204 
236 208 
240 236 
244 232 
232 204 
264 204 
236 204 
508 224 
228 232 
232 212 
236 220 
240 216 
236 208 
236 236 
264 208 
236 208 
752 208 
244 220 
236 208 
232 212 
232 212 
232 208 
232 224 
232 208 
216 228 
236 600 
236 208 
256 212 
252 204 
240 216 
236 216 
232 212 
232 232 
212 204 
232 208 
236 232 
232 208 
228 208 
236 220 
236 212 
232 208 
232 212 
236 248 
236 232 
240 208 
308 208 
232 212 
236 208 
240 208 
228 204 
232 208 
236 236 
236 216 
236 208 
232 212 
240 224 
236 212 
228 224 
248 212 
228 208 
240 208 
236 264 
240 212 
228 208 
236 212 
232 232 
236 216 
232 212 
232 208 
236 212 
232 216 
232 208 
232 216 
236 240 
232 212 
228 248 
232 204 
232 208 
232 216 
240 220 
332 208 
240 208 
236 260 
236 216 
232 212 
236 208 
232 208 
232 204 
236 212 
200 204 
232 216 
240 212 
236 220 
300 208 
232 208 
244 216 
232 216 
240 308 
236 236 
232 204 
236 212 
240 208 
548 208 
232 208 
240 208 
236 252 
232 204 
240 252 
236 208 
228 208 
236 208 
236 356 
232 208 
240 216 
232 204 
232 216 
232 208 
232 236 
232 208 
208 236 
232 536 
240 236 
1212 208 
232 208 
232 216 
240 236 
236 208 
236 212 
212 232 
232 212 
236 212 
236 204 
236 264 
228 208 
236 204 
228 216 
236 208 
240 212 
228 204 
236 416 
232 212 
240 224 
236 236 
236 208 
236 216 
228 220 
240 232 
236 216 
232 208 
236 208 
232 208 
232 204 
232 212 
232 212 
236 208 
232 216 
236 212 
232 208 
272 212 
236 216 
236 208 
240 208 
236 212 
236 208 
228 208 
236 244 
228 208 
228 208 
232 208 
228 44 
48 44 
240 236 
948 224 
236 220 
232 220 
232 204 
232 208 
232 212 
236 232 
232 208 
244 208 
236 208 
232 212 
236 208 
228 208 
260 212 
240 236 
232 228 
304 216 
232 208 
236 236 
236 204 
236 208 
232 212 
264 208 
240 208 
232 216 
548 212 
44 48 
232 216 
232 208 
232 212 
236 232 
232 208 
232 216 
236 212 
504 900 
236 208 
228 212 
236 212 
236 232 
332 208 
232 208 
244 236 
212 208 
236 664 
236 236 
236 228 
236 208 
236 224 
240 256 
232 208 
232 208 
212 208 
236 212 
236 236 
232 208 
240 324 
240 44 
236 236 
232 212 
240 208 
232 208 
228 216 
236 216 
240 204 
232 208 
236 236 
240 208 
236 204 
236 220 
232 232 
240 208 
236 212 
236 232 
236 208 
268 212 
240 212 
236 208 
240 236 
236 216 
244 204 
228 208 
240 232 
240 324 
228 204 
232 204 
232 204 
232 212 
244 212 
236 232 
240 232 
236 208 
232 232 
236 240 
236 240 
232 236 
236 212 
232 208 
236 236 
240 216 
240 208 
232 260 
240 236 
228 224 
236 212 
236 208 
236 216 
240 216 
232 208 
232 208 
240 232 
236 208 
360 216 
244 236 
232 216 
240 208 
232 264 
240 236 
236 208 
880 216 
240 228 
496 236 
240 208 
236 256 
236 228 
232 208 
232 212 
228 228 
240 208 
228 212 
236 416 
236 212 
236 224 
236 208 
236 220 
240 236 
