# ./FR-trace starting at Mon Apr 20 19:04:53 2020
################# CONFIG #################
# slot=5000
# samples=10000
# threshold=100
# idle=500
# minlen=500
# runs=10000
# pdathreads=2
# nmonitored=2
#   monitor0=../apps/openssl ec2_mult.c:153 0x1e7854
#   monitor1=../apps/openssl ec2_mult.c:161 0x1e789c
# nevicted=0
# npdatargets=2
#   target0=../apps/openssl bn_gf2m.c:412 0x20bd10
#   target1=../apps/openssl bn_gf2m.c:412+64 0x20bd50
# affinity=all
############## SYSTEM INFO ###############
# mastik_version=
# sysname=Linux
# nodename=lovelace
# release=5.3.7-arch1-1-ARCH
# version=#1 SMP PREEMPT Fri Oct 18 00:17:03 UTC 2019
# machine=x86_64
################## DATA ##################
# run=4078
# datapoints=3295
44 40 
240 232 
240 236 
232 240 
240 212 
236 208 
236 220 
240 208 
236 216 
240 236 
348 204 
232 212 
228 208 
232 216 
240 232 
240 248 
244 208 
236 208 
232 224 
236 216 
44 44 
232 44 
240 212 
236 220 
236 240 
232 208 
236 208 
244 208 
228 208 
244 208 
240 216 
240 236 
232 256 
236 228 
360 208 
232 212 
240 208 
240 216 
236 224 
236 208 
236 208 
256 212 
236 236 
612 256 
232 208 
232 212 
232 208 
232 208 
240 224 
236 220 
232 212 
212 204 
240 440 
240 208 
236 220 
260 224 
232 212 
240 264 
280 208 
232 212 
212 244 
232 684 
236 208 
232 236 
236 208 
304 216 
236 212 
232 208 
232 208 
212 216 
236 224 
236 208 
232 208 
236 204 
240 212 
240 232 
240 232 
232 224 
656 212 
240 232 
236 236 
236 208 
236 212 
236 236 
236 208 
240 208 
236 232 
236 236 
236 292 
236 216 
236 236 
236 236 
236 212 
232 204 
232 212 
236 204 
240 208 
232 212 
236 232 
232 204 
236 216 
232 236 
296 208 
236 208 
236 216 
240 232 
232 208 
232 204 
236 240 
236 252 
228 228 
236 256 
252 204 
236 260 
236 220 
232 212 
236 220 
236 204 
232 220 
248 212 
232 208 
240 208 
236 236 
236 208 
232 208 
240 220 
236 216 
232 248 
228 208 
376 236 
236 240 
232 220 
236 212 
240 220 
240 236 
236 260 
240 236 
236 256 
632 212 
240 216 
316 216 
232 212 
232 208 
236 208 
232 212 
240 204 
212 232 
236 468 
240 216 
244 232 
228 208 
232 232 
232 208 
244 216 
232 280 
216 232 
232 716 
240 224 
240 208 
240 256 
236 212 
232 208 
724 228 
232 252 
220 212 
232 212 
236 208 
240 216 
236 236 
232 208 
228 204 
232 220 
236 236 
232 204 
232 208 
232 212 
240 232 
240 212 
236 208 
244 208 
236 260 
240 212 
244 208 
232 208 
232 208 
236 264 
236 232 
228 208 
232 212 
240 236 
236 232 
236 208 
228 208 
280 208 
228 212 
192 248 
240 240 
232 204 
240 208 
236 220 
236 212 
236 208 
236 208 
232 212 
244 208 
232 208 
240 208 
240 204 
236 232 
240 268 
236 208 
240 208 
240 220 
244 236 
236 204 
236 232 
236 216 
240 216 
240 232 
232 220 
236 204 
232 212 
232 208 
228 204 
416 252 
236 212 
236 236 
232 216 
236 228 
452 204 
236 248 
232 208 
232 208 
648 232 
240 236 
240 232 
236 248 
236 208 
228 208 
244 212 
232 212 
208 212 
44 44 
236 232 
236 232 
236 212 
704 212 
232 248 
236 216 
240 236 
220 208 
236 708 
232 208 
228 208 
240 216 
236 260 
228 208 
232 204 
232 212 
208 212 
236 208 
236 204 
236 232 
268 204 
240 208 
236 212 
232 212 
240 224 
236 236 
324 208 
236 212 
48 48 
236 208 
240 216 
236 240 
232 208 
232 208 
228 204 
236 208 
244 212 
236 216 
236 236 
236 232 
268 212 
232 208 
232 204 
244 216 
232 236 
232 208 
240 208 
232 244 
236 232 
236 216 
232 220 
232 212 
236 232 
236 232 
232 216 
232 216 
236 40 
236 212 
236 212 
228 204 
236 216 
236 216 
240 236 
252 212 
240 228 
240 212 
232 208 
236 208 
240 212 
236 216 
348 208 
232 228 
236 204 
236 208 
240 240 
232 216 
440 232 
240 204 
236 208 
236 228 
236 264 
236 212 
236 236 
364 236 
236 216 
684 208 
244 208 
236 256 
236 208 
236 204 
232 212 
240 216 
236 232 
208 224 
236 432 
236 208 
236 216 
232 208 
232 204 
240 212 
244 212 
236 208 
216 224 
240 684 
232 204 
232 208 
240 216 
240 212 
232 228 
236 204 
240 208 
220 204 
232 208 
236 232 
236 212 
232 232 
236 220 
252 208 
232 208 
236 236 
232 204 
236 204 
232 208 
232 216 
232 208 
240 208 
236 236 
236 208 
232 204 
240 224 
240 216 
236 208 
236 232 
248 212 
232 208 
232 260 
232 220 
236 232 
320 212 
240 208 
236 208 
236 208 
236 236 
236 236 
236 204 
236 212 
236 208 
228 204 
236 212 
232 260 
236 212 
236 212 
232 220 
232 216 
476 204 
236 216 
232 208 
236 212 
236 204 
236 216 
240 208 
240 216 
204 232 
236 216 
232 216 
240 232 
232 208 
228 236 
228 208 
236 236 
232 208 
420 216 
240 232 
236 208 
232 228 
236 216 
232 216 
232 208 
232 208 
240 208 
684 236 
236 204 
240 212 
236 212 
236 204 
236 232 
228 212 
236 236 
220 232 
232 528 
236 208 
240 204 
240 204 
240 232 
228 232 
236 212 
232 260 
216 240 
236 208 
236 232 
228 212 
232 208 
232 208 
236 208 
236 320 
236 212 
236 224 
232 212 
236 216 
232 216 
236 232 
252 212 
232 212 
236 220 
232 216 
232 216 
228 208 
324 296 
232 208 
232 208 
236 212 
380 204 
232 212 
236 204 
232 212 
236 236 
236 216 
236 208 
232 208 
232 208 
232 208 
232 208 
232 204 
236 212 
240 212 
232 208 
232 216 
228 216 
408 208 
232 208 
228 208 
232 236 
240 216 
232 236 
228 212 
236 208 
236 216 
236 232 
236 212 
236 212 
276 208 
232 220 
236 204 
232 212 
236 236 
236 232 
252 212 
228 212 
236 204 
228 208 
236 404 
236 252 
232 212 
240 208 
236 204 
232 208 
444 208 
240 208 
232 216 
232 216 
244 232 
232 208 
236 208 
260 208 
264 208 
720 232 
240 216 
240 208 
228 208 
240 252 
236 212 
228 208 
240 208 
208 212 
236 544 
236 232 
236 236 
236 212 
232 208 
232 208 
248 208 
236 232 
216 256 
236 216 
228 212 
232 216 
236 212 
48 40 
236 204 
240 232 
240 208 
240 208 
236 220 
240 244 
232 212 
240 208 
236 212 
240 212 
236 208 
232 208 
232 208 
228 252 
236 216 
244 216 
236 236 
240 208 
232 212 
232 216 
240 208 
236 260 
240 208 
1168 224 
236 216 
240 220 
332 236 
44 48 
236 236 
236 212 
240 220 
236 236 
228 208 
240 208 
240 216 
240 204 
232 208 
232 216 
232 224 
232 208 
228 208 
232 224 
232 208 
232 208 
236 208 
240 216 
232 212 
232 212 
236 208 
228 208 
240 232 
236 224 
232 212 
236 44 
240 240 
228 212 
240 264 
1028 220 
236 220 
240 212 
232 208 
232 232 
228 208 
484 216 
240 208 
236 228 
236 240 
232 204 
232 208 
240 208 
232 208 
232 220 
720 216 
240 212 
236 304 
232 248 
236 220 
260 208 
232 212 
236 208 
212 232 
240 500 
228 216 
232 208 
228 232 
232 208 
240 212 
232 212 
228 208 
212 236 
236 216 
240 212 
232 208 
236 224 
236 228 
236 212 
236 208 
236 236 
240 452 
240 212 
240 224 
236 204 
232 224 
240 228 
240 228 
232 208 
240 208 
236 208 
232 232 
236 212 
232 208 
232 212 
232 208 
240 224 
236 252 
240 208 
232 216 
236 216 
240 212 
232 216 
232 208 
236 208 
236 208 
240 220 
236 236 
232 216 
240 216 
236 208 
228 212 
232 208 
232 208 
256 208 
240 232 
240 236 
368 236 
240 212 
244 208 
236 232 
240 216 
236 260 
236 208 
504 232 
236 236 
236 248 
232 212 
240 260 
236 208 
240 336 
304 212 
276 208 
236 212 
232 208 
240 208 
240 220 
344 208 
232 208 
236 204 
236 224 
512 256 
240 208 
232 208 
236 216 
236 232 
228 224 
236 212 
232 208 
236 212 
716 212 
236 208 
232 208 
228 204 
236 204 
240 208 
236 204 
228 208 
236 232 
236 596 
236 204 
240 208 
240 208 
236 236 
240 212 
232 212 
240 236 
212 236 
236 208 
232 208 
240 208 
236 212 
236 428 
236 216 
244 216 
232 204 
232 220 
232 232 
228 208 
232 208 
240 216 
232 232 
240 216 
236 212 
228 212 
240 208 
240 232 
232 248 
232 212 
236 204 
248 216 
240 252 
236 256 
236 212 
332 212 
240 212 
232 240 
232 212 
232 208 
240 208 
240 236 
484 208 
240 216 
232 208 
236 212 
228 208 
236 208 
236 212 
232 916 
236 208 
232 216 
232 212 
232 208 
232 224 
240 216 
236 244 
236 256 
240 212 
240 252 
236 220 
240 208 
236 212 
392 208 
228 208 
228 208 
228 212 
232 208 
288 208 
236 232 
240 240 
236 208 
244 216 
232 216 
240 208 
232 232 
228 208 
520 236 
236 208 
228 208 
232 212 
236 208 
228 204 
232 208 
236 208 
236 208 
232 376 
236 204 
228 204 
240 232 
240 212 
232 212 
236 232 
236 212 
220 208 
236 576 
232 212 
236 208 
240 204 
228 208 
236 208 
240 228 
232 208 
216 252 
232 232 
232 208 
232 208 
236 212 
236 232 
236 248 
232 256 
236 208 
236 244 
236 212 
236 204 
240 232 
600 236 
236 232 
232 212 
232 236 
236 236 
236 208 
236 212 
236 208 
236 208 
240 216 
240 208 
236 232 
240 208 
236 208 
236 156 
40 236 
232 212 
1092 216 
236 208 
232 208 
236 208 
236 208 
232 220 
236 212 
244 208 
236 204 
232 212 
228 216 
236 208 
232 208 
232 208 
232 212 
236 232 
232 208 
236 208 
232 208 
236 236 
236 236 
232 240 
236 212 
236 236 
44 44 
232 208 
236 224 
236 236 
236 232 
236 212 
208 220 
236 208 
236 212 
896 212 
232 204 
232 232 
236 212 
232 208 
236 216 
564 220 
232 216 
232 212 
232 204 
236 212 
232 208 
240 216 
240 228 
236 232 
748 212 
240 232 
236 248 
236 236 
240 220 
232 44 
236 204 
232 208 
600 208 
236 636 
240 208 
232 204 
236 208 
236 208 
236 236 
236 208 
240 212 
212 212 
236 212 
528 208 
236 208 
236 208 
232 228 
232 224 
236 212 
228 212 
240 312 
236 212 
228 216 
240 208 
236 232 
240 216 
232 216 
232 224 
236 204 
232 204 
232 208 
236 212 
228 208 
236 208 
232 208 
244 216 
240 232 
232 208 
228 208 
236 232 
232 232 
240 228 
228 224 
240 208 
240 264 
236 212 
228 204 
240 212 
228 212 
232 208 
232 216 
228 212 
232 208 
236 208 
236 224 
236 208 
236 208 
232 208 
240 208 
236 212 
236 208 
236 232 
244 208 
236 212 
240 248 
232 212 
228 208 
232 236 
240 232 
232 248 
232 204 
320 216 
236 224 
236 216 
240 236 
236 260 
236 212 
236 236 
236 244 
236 208 
560 208 
228 236 
236 208 
232 216 
232 208 
240 208 
232 216 
236 208 
232 204 
704 212 
232 220 
232 244 
236 204 
232 208 
240 204 
232 212 
228 204 
660 208 
236 608 
232 264 
232 216 
236 208 
232 236 
248 204 
228 204 
232 216 
216 208 
236 208 
236 228 
236 208 
232 208 
240 208 
232 232 
236 212 
236 208 
232 208 
244 216 
232 204 
232 208 
232 204 
236 212 
240 208 
228 212 
236 212 
236 216 
232 236 
236 208 
236 212 
232 208 
232 208 
236 236 
232 248 
232 208 
232 208 
240 236 
232 236 
240 204 
236 208 
236 216 
232 208 
236 212 
240 220 
236 236 
232 268 
236 204 
236 236 
228 208 
232 208 
236 256 
236 236 
240 212 
240 232 
236 232 
232 212 
236 236 
236 220 
324 212 
240 216 
240 256 
236 240 
228 212 
228 208 
228 208 
236 216 
240 208 
240 212 
336 216 
232 212 
236 208 
236 204 
240 216 
232 216 
232 232 
240 220 
232 216 
600 208 
232 208 
232 252 
228 208 
236 212 
236 212 
676 236 
236 232 
240 208 
240 380 
240 236 
236 212 
232 212 
244 216 
236 212 
244 216 
232 224 
212 208 
236 648 
232 216 
232 212 
240 216 
236 224 
232 216 
232 208 
232 212 
212 236 
232 208 
232 212 
236 212 
228 212 
232 232 
236 208 
240 208 
236 232 
236 232 
236 248 
236 248 
236 240 
228 208 
236 208 
236 240 
232 212 
240 204 
244 208 
232 232 
240 212 
236 212 
228 208 
232 208 
236 204 
240 212 
236 232 
232 240 
236 204 
236 212 
236 256 
228 208 
244 208 
236 212 
232 260 
236 208 
236 236 
240 208 
236 208 
236 208 
236 208 
236 224 
232 212 
240 236 
236 252 
444 208 
240 208 
296 208 
48 44 
232 208 
236 208 
232 204 
244 208 
236 256 
232 236 
228 208 
232 212 
228 212 
228 204 
228 216 
380 212 
236 220 
232 208 
236 204 
656 212 
232 208 
240 236 
236 256 
236 236 
588 224 
240 224 
236 236 
236 236 
232 228 
48 48 
236 260 
236 216 
224 208 
228 480 
232 248 
236 204 
248 208 
236 204 
236 256 
232 240 
232 208 
208 208 
228 696 
236 204 
236 232 
232 220 
236 228 
236 212 
236 232 
236 220 
216 236 
244 204 
232 216 
236 232 
236 212 
236 232 
236 208 
236 256 
232 88 
236 208 
244 208 
232 204 
236 208 
236 224 
236 204 
240 212 
468 208 
232 204 
236 208 
240 236 
236 212 
232 208 
236 212 
232 220 
236 236 
228 204 
240 208 
244 212 
232 208 
232 204 
232 260 
236 248 
232 212 
232 212 
240 216 
236 216 
224 208 
236 220 
240 260 
228 212 
240 204 
232 212 
236 212 
232 212 
240 220 
260 204 
228 204 
232 248 
236 204 
232 208 
240 208 
236 236 
236 1128 
232 220 
236 208 
228 208 
228 204 
236 212 
240 208 
232 256 
364 212 
232 208 
232 216 
244 208 
240 212 
236 212 
232 212 
232 212 
240 212 
608 228 
232 208 
228 208 
232 216 
240 208 
240 212 
272 212 
232 244 
208 212 
240 484 
236 232 
236 212 
236 208 
232 212 
236 208 
236 224 
236 236 
216 1220 
236 676 
232 204 
228 236 
232 212 
228 212 
236 232 
236 204 
236 212 
212 204 
236 220 
232 240 
236 232 
240 232 
232 208 
240 212 
228 208 
244 216 
240 204 
232 204 
240 216 
236 216 
232 236 
236 236 
244 208 
240 208 
232 208 
228 208 
228 208 
244 216 
236 256 
244 208 
236 208 
200 244 
0 0 
0 0 
0 0 
236 212 
196 208 
244 220 
0 0 
0 0 
0 0 
0 0 
236 236 
236 208 
240 204 
236 216 
236 232 
248 208 
236 208 
236 240 
232 208 
244 212 
236 260 
240 208 
236 220 
232 212 
232 212 
236 216 
272 204 
232 224 
240 216 
232 244 
236 212 
228 208 
240 208 
232 212 
232 212 
412 236 
232 212 
236 212 
240 212 
236 264 
232 212 
236 212 
236 208 
240 208 
612 232 
236 224 
236 212 
236 208 
240 232 
240 228 
232 1096 
232 212 
212 240 
232 476 
236 208 
240 208 
232 208 
236 232 
240 208 
240 212 
236 232 
208 212 
236 688 
240 220 
236 208 
236 236 
240 204 
232 216 
228 212 
236 216 
220 208 
240 212 
240 216 
236 260 
232 208 
232 244 
236 212 
232 208 
228 208 
240 212 
232 204 
240 208 
236 216 
236 252 
192 212 
232 208 
236 208 
236 216 
232 212 
232 212 
232 208 
228 204 
232 208 
232 232 
232 216 
228 208 
236 208 
240 208 
240 232 
232 208 
236 316 
232 212 
236 232 
248 212 
48 44 
236 208 
240 208 
232 232 
232 208 
240 340 
236 224 
232 252 
240 212 
240 208 
232 212 
236 240 
236 208 
228 216 
232 208 
236 212 
244 216 
216 328 
232 212 
236 208 
232 212 
232 220 
228 204 
236 256 
236 236 
236 212 
436 212 
48 44 
236 208 
232 252 
232 208 
240 212 
236 236 
232 208 
236 208 
608 212 
236 212 
236 240 
240 208 
232 212 
236 212 
308 212 
236 204 
208 204 
240 480 
240 232 
240 232 
236 208 
232 208 
232 228 
240 208 
232 204 
216 220 
236 744 
232 44 
240 212 
236 208 
240 212 
232 208 
236 208 
232 232 
212 220 
240 204 
916 208 
232 204 
236 232 
236 212 
228 248 
240 208 
236 208 
236 228 
236 216 
228 208 
240 220 
240 208 
236 208 
240 208 
232 232 
232 336 
236 232 
236 204 
240 212 
236 212 
232 212 
236 216 
236 212 
240 204 
232 208 
236 208 
228 208 
240 224 
232 208 
240 212 
240 220 
232 212 
236 208 
244 212 
1064 252 
280 212 
236 236 
236 212 
232 212 
236 208 
240 212 
240 248 
232 240 
236 208 
236 204 
236 236 
236 204 
236 208 
232 212 
208 212 
232 208 
240 1044 
228 212 
228 212 
232 212 
236 236 
236 240 
232 216 
456 212 
240 236 
236 212 
236 208 
240 208 
232 224 
232 208 
232 208 
240 236 
672 212 
236 236 
232 236 
244 232 
236 212 
232 208 
240 220 
228 212 
220 212 
232 516 
232 208 
232 208 
236 208 
236 232 
232 208 
240 204 
240 208 
240 216 
232 696 
236 208 
240 256 
280 224 
236 212 
228 212 
232 208 
236 212 
228 208 
236 204 
232 228 
236 232 
232 228 
236 208 
232 208 
236 208 
236 216 
236 212 
236 212 
236 232 
240 212 
240 208 
232 212 
228 208 
240 224 
240 208 
236 232 
232 208 
228 212 
232 240 
236 228 
236 208 
232 208 
944 220 
236 212 
236 208 
228 216 
232 236 
232 220 
236 204 
236 236 
232 240 
232 208 
228 208 
232 208 
236 212 
228 216 
232 204 
236 212 
236 212 
240 208 
232 208 
232 208 
232 216 
236 236 
244 212 
236 208 
236 208 
236 216 
224 236 
232 216 
236 216 
236 216 
240 260 
244 216 
244 208 
232 224 
236 208 
528 248 
232 212 
232 208 
232 204 
236 208 
232 236 
240 236 
232 232 
240 216 
672 212 
232 220 
248 212 
240 212 
232 208 
232 220 
260 212 
236 212 
212 236 
232 468 
264 208 
228 232 
232 232 
240 212 
232 208 
236 208 
244 208 
220 208 
240 236 
236 220 
232 208 
240 216 
240 208 
476 208 
236 212 
236 220 
244 284 
240 208 
236 244 
236 208 
232 204 
240 208 
240 236 
240 228 
236 220 
236 216 
236 224 
236 212 
240 216 
236 260 
1188 212 
236 224 
232 208 
232 204 
232 208 
236 212 
240 216 
232 216 
240 228 
236 208 
236 256 
236 208 
236 232 
240 208 
232 204 
236 212 
240 252 
236 260 
228 208 
236 216 
236 264 
232 212 
244 212 
232 208 
232 216 
48 48 
232 216 
232 208 
240 208 
236 236 
228 208 
236 208 
244 204 
236 204 
236 212 
232 204 
240 252 
252 212 
236 232 
228 208 
236 216 
240 208 
240 256 
232 260 
240 212 
244 224 
488 208 
236 204 
232 208 
232 236 
236 236 
240 236 
240 216 
228 152 
44 232 
724 232 
236 208 
236 212 
232 244 
236 236 
240 208 
252 208 
232 212 
296 220 
236 548 
228 208 
240 236 
704 212 
240 236 
240 212 
236 212 
232 204 
216 204 
240 208 
240 236 
236 228 
240 208 
236 212 
236 220 
236 204 
240 44 
236 208 
240 208 
240 236 
1140 268 
232 212 
236 208 
240 208 
232 208 
232 208 
236 232 
236 204 
236 220 
240 248 
244 208 
232 216 
240 212 
240 220 
236 212 
240 212 
236 216 
232 244 
232 208 
240 204 
240 208 
240 216 
240 216 
232 208 
232 208 
236 208 
240 208 
232 236 
236 212 
232 212 
240 208 
232 240 
236 216 
696 204 
256 244 
232 208 
236 208 
236 232 
236 208 
240 224 
236 232 
236 208 
236 232 
244 208 
236 208 
256 204 
240 212 
228 208 
256 236 
232 212 
232 208 
236 204 
236 216 
232 208 
232 244 
236 236 
232 224 
504 216 
240 212 
240 232 
236 236 
236 280 
232 208 
228 204 
236 208 
240 224 
756 212 
472 216 
228 208 
236 232 
232 204 
240 204 
236 232 
236 224 
208 212 
232 576 
236 204 
232 208 
240 212 
236 208 
236 228 
236 216 
232 208 
216 208 
236 220 
236 264 
236 232 
236 236 
236 204 
240 208 
240 252 
240 244 
236 212 
236 212 
236 236 
228 208 
228 212 
252 208 
232 204 
236 216 
236 236 
228 208 
248 208 
236 228 
232 220 
232 208 
236 212 
236 208 
232 208 
240 204 
232 216 
232 224 
232 204 
232 208 
232 208 
240 232 
236 216 
236 228 
236 224 
232 208 
236 232 
240 232 
236 252 
236 224 
240 212 
232 212 
232 208 
228 212 
240 256 
236 216 
236 216 
232 208 
232 212 
232 216 
236 220 
236 208 
240 208 
232 264 
240 268 
260 208 
236 208 
236 212 
236 204 
292 212 
232 212 
236 232 
240 232 
232 236 
232 216 
232 212 
228 208 
920 236 
496 208 
232 204 
232 216 
236 232 
236 260 
232 208 
232 208 
236 208 
232 212 
240 368 
232 212 
228 216 
240 216 
232 216 
236 256 
240 208 
232 212 
564 208 
240 604 
240 248 
244 212 
236 204 
236 208 
236 248 
232 212 
232 208 
212 216 
236 216 
236 216 
236 264 
228 212 
240 204 
240 212 
232 204 
236 224 
240 240 
360 204 
236 208 
240 212 
236 212 
232 232 
240 216 
240 208 
236 216 
272 208 
236 220 
232 204 
236 204 
232 208 
240 208 
236 216 
232 240 
236 220 
232 212 
236 216 
236 216 
232 220 
232 220 
232 208 
232 208 
236 216 
232 224 
240 212 
240 208 
236 220 
236 272 
232 212 
244 212 
232 204 
240 232 
236 232 
232 216 
240 208 
244 212 
240 212 
236 240 
228 208 
232 208 
232 208 
232 212 
232 236 
236 204 
232 208 
732 216 
232 208 
236 208 
316 256 
240 240 
236 208 
44 44 
232 208 
236 248 
240 208 
236 208 
240 216 
540 208 
252 204 
232 212 
232 208 
232 204 
236 224 
236 212 
236 208 
232 232 
236 364 
232 208 
232 208 
236 216 
228 208 
240 236 
236 216 
236 240 
212 228 
228 644 
244 208 
236 216 
240 212 
240 208 
48 84 
240 212 
236 208 
212 220 
240 228 
228 212 
244 208 
240 232 
236 204 
240 208 
236 264 
228 208 
244 220 
240 212 
236 228 
228 208 
236 212 
232 220 
232 212 
236 208 
236 204 
240 240 
232 236 
232 212 
236 212 
240 216 
236 212 
232 208 
232 44 
236 232 
232 228 
236 212 
232 208 
228 204 
244 232 
232 216 
212 224 
232 192 
232 232 
196 208 
228 212 
196 212 
212 208 
212 208 
236 232 
236 216 
228 236 
200 192 
208 192 
192 232 
304 520 
212 188 
232 212 
200 228 
192 204 
196 232 
216 188 
236 232 
252 192 
232 192 
764 208 
232 232 
212 232 
368 208 
228 232 
192 232 
192 192 
284 192 
192 232 
228 232 
212 192 
232 212 
212 204 
236 232 
232 232 
192 208 
196 208 
192 212 
192 196 
212 196 
196 208 
192 632 
212 208 
192 192 
232 192 
232 232 
204 192 
188 192 
232 232 
208 208 
196 196 
196 204 
212 208 
192 196 
212 228 
232 232 
212 192 
200 188 
208 192 
232 232 
192 188 
192 188 
196 232 
192 188 
232 188 
196 236 
216 188 
216 204 
216 204 
236 256 
232 212 
216 192 
228 212 
192 260 
232 256 
204 192 
188 208 
208 192 
192 232 
212 208 
256 260 
192 208 
232 192 
192 188 
196 212 
196 216 
232 192 
232 192 
192 192 
196 192 
208 204 
212 192 
192 232 
232 360 
212 192 
192 208 
196 204 
192 192 
232 188 
232 208 
232 228 
204 192 
224 192 
232 224 
232 228 
208 228 
212 228 
196 188 
212 236 
456 232 
192 232 
196 192 
212 208 
208 236 
216 232 
232 232 
196 200 
236 232 
492 192 
232 228 
232 228 
232 208 
236 212 
244 192 
192 188 
232 228 
220 196 
236 528 
188 188 
268 204 
212 204 
240 200 
240 192 
220 192 
212 192 
192 196 
192 192 
1032 196 
212 212 
232 236 
236 232 
232 208 
232 192 
192 196 
188 208 
232 688 
232 212 
192 196 
312 248 
196 292 
200 244 
232 192 
228 192 
212 224 
212 260 
212 484 
280 292 
200 196 
212 212 
216 192 
196 228 
228 228 
220 236 
196 192 
212 208 
312 188 
188 196 
196 208 
192 228 
208 632 
724 236 
236 196 
232 212 
232 228 
232 320 
216 192 
216 192 
212 208 
196 220 
220 208 
212 192 
192 228 
192 192 
216 192 
200 232 
220 188 
192 188 
212 188 
200 188 
196 208 
212 236 
228 220 
192 228 
200 228 
196 216 
220 192 
208 188 
200 196 
216 208 
232 232 
208 216 
200 212 
192 228 
200 188 
192 232 
292 252 
232 236 
200 196 
192 188 
192 232 
232 484 
192 232 
188 192 
216 328 
204 296 
224 196 
216 192 
232 192 
192 216 
240 224 
232 220 
196 196 
596 192 
244 196 
196 204 
196 196 
236 220 
220 212 
224 208 
280 208 
236 264 
308 208 
196 216 
196 268 
216 208 
276 228 
224 236 
240 208 
236 212 
200 232 
200 268 
196 212 
240 204 
236 200 
192 220 
412 196 
208 192 
200 184 
280 216 
192 208 
324 252 
236 236 
216 212 
216 212 
236 488 
220 192 
228 204 
228 212 
216 192 
344 188 
236 308 
212 192 
204 196 
212 224 
204 188 
200 224 
216 192 
240 212 
192 196 
240 196 
212 208 
236 208 
612 192 
196 200 
188 208 
224 216 
232 216 
192 208 
248 328 
212 216 
232 200 
232 620 
236 216 
200 212 
692 212 
224 196 
212 192 
236 208 
240 212 
236 192 
208 192 
208 196 
200 192 
228 208 
216 196 
232 224 
236 196 
236 240 
212 192 
348 208 
216 236 
304 264 
232 208 
200 204 
232 192 
228 188 
236 208 
236 220 
204 240 
196 272 
204 196 
296 288 
236 224 
212 208 
248 232 
228 212 
192 204 
204 224 
208 280 
196 220 
208 212 
216 212 
240 212 
216 216 
188 188 
192 188 
228 200 
236 332 
236 216 
240 232 
244 288 
232 212 
212 188 
200 208 
204 244 
224 228 
236 208 
256 208 
228 208 
236 212 
324 336 
244 256 
216 224 
324 212 
48 228 
236 208 
268 220 
196 192 
240 216 
276 208 
212 208 
260 216 
196 212 
208 196 
196 188 
200 188 
200 188 
200 192 
256 256 
240 208 
224 196 
220 212 
240 260 
532 204 
240 216 
192 316 
224 200 
236 200 
1180 196 
328 320 
232 216 
216 252 
232 196 
312 44 
228 192 
216 276 
212 216 
236 228 
232 192 
236 216 
224 208 
196 188 
232 208 
216 208 
240 324 
224 228 
284 220 
240 236 
216 196 
192 212 
288 208 
220 328 
192 216 
232 252 
356 328 
236 216 
260 212 
212 216 
668 236 
232 216 
236 236 
320 200 
240 48 
260 300 
440 392 
232 244 
208 232 
216 212 
196 216 
240 220 
216 204 
220 208 
200 192 
232 212 
208 216 
216 188 
236 196 
200 192 
232 224 
192 224 
216 188 
228 236 
200 204 
240 212 
192 212 
196 260 
236 232 
240 196 
208 200 
220 216 
212 196 
224 208 
232 208 
232 208 
212 204 
476 340 
236 216 
216 212 
204 228 
220 204 
200 200 
240 208 
240 216 
196 212 
236 492 
232 212 
240 212 
236 260 
236 212 
228 208 
236 208 
200 188 
608 192 
324 196 
216 224 
208 216 
224 188 
232 228 
224 220 
236 208 
240 308 
192 208 
208 212 
236 216 
200 264 
232 208 
236 208 
228 212 
208 192 
208 216 
204 208 
196 220 
200 256 
200 192 
192 200 
216 220 
220 196 
232 232 
236 244 
300 252 
320 240 
228 228 
232 196 
232 192 
240 196 
196 224 
244 208 
200 268 
200 204 
324 192 
220 192 
232 236 
200 188 
224 200 
200 220 
324 212 
232 208 
216 252 
384 248 
208 220 
220 196 
200 228 
196 196 
520 192 
216 204 
228 204 
244 212 
236 212 
232 212 
196 188 
192 212 
200 192 
312 208 
192 204 
192 216 
256 216 
196 252 
208 208 
224 248 
208 208 
236 232 
220 208 
224 216 
212 192 
208 216 
192 200 
192 196 
276 192 
216 208 
236 220 
196 204 
244 252 
228 192 
200 208 
248 208 
204 220 
228 212 
196 216 
216 256 
232 228 
332 264 
220 220 
296 216 
192 244 
236 216 
236 208 
216 212 
216 216 
224 192 
216 196 
240 204 
236 208 
528 208 
196 232 
212 192 
244 220 
212 204 
216 216 
304 260 
232 208 
228 236 
200 184 
236 208 
232 232 
228 208 
232 208 
244 212 
236 232 
228 204 
228 224 
232 212 
672 196 
220 204 
336 188 
232 232 
660 224 
236 208 
244 200 
196 200 
192 244 
232 188 
196 212 
212 212 
272 212 
212 228 
232 284 
192 208 
256 336 
320 348 
248 272 
236 236 
300 196 
220 192 
196 208 
224 208 
200 196 
236 192 
216 188 
236 232 
212 212 
292 316 
236 188 
200 228 
616 208 
284 228 
196 212 
236 204 
540 200 
236 252 
196 192 
484 288 
192 188 
200 196 
212 244 
240 264 
244 336 
196 272 
204 268 
244 192 
300 248 
200 196 
224 228 
192 188 
196 192 
200 220 
204 204 
192 200 
256 196 
228 212 
300 244 
236 208 
244 236 
236 236 
276 268 
220 236 
200 240 
248 208 
236 192 
232 252 
232 204 
196 232 
216 192 
236 232 
220 268 
288 260 
276 236 
240 236 
328 196 
332 280 
220 304 
240 212 
228 640 
240 204 
1532 40 
44 48 
220 192 
216 192 
216 192 
196 196 
220 204 
216 196 
196 208 
204 260 
188 228 
196 220 
196 232 
216 192 
204 320 
196 192 
196 200 
196 204 
200 188 
228 192 
196 192 
244 252 
200 192 
200 196 
224 204 
192 188 
124 40 
236 228 
200 220 
232 224 
192 196 
200 204 
192 196 
192 200 
484 212 
216 648 
212 196 
212 460 
204 200 
188 252 
212 184 
532 248 
232 656 
224 232 
688 232 
208 212 
196 196 
292 188 
208 196 
216 264 
200 196 
240 192 
200 188 
216 236 
244 200 
308 236 
332 208 
192 204 
248 40 
192 236 
204 192 
308 368 
220 256 
216 192 
216 188 
192 208 
220 192 
196 236 
292 248 
236 316 
248 200 
192 228 
196 240 
236 260 
204 336 
208 216 
192 220 
192 188 
236 212 
196 196 
192 188 
192 208 
196 204 
192 212 
192 196 
200 212 
192 196 
192 212 
228 192 
192 192 
240 188 
252 192 
672 220 
216 192 
204 200 
196 216 
200 192 
192 192 
236 232 
236 212 
192 248 
200 196 
204 196 
236 228 
204 204 
196 260 
640 352 
216 236 
240 188 
220 200 
608 196 
296 248 
240 200 
196 208 
232 196 
232 248 
252 204 
872 212 
208 240 
232 208 
328 228 
244 192 
204 196 
204 204 
188 232 
296 232 
204 252 
236 320 
192 188 
192 200 
204 208 
192 184 
192 192 
192 208 
192 188 
192 188 
192 188 
192 208 
192 188 
204 204 
200 188 
224 312 
196 200 
188 232 
312 188 
220 188 
196 224 
192 216 
192 192 
192 232 
232 204 
1088 332 
244 260 
200 228 
252 200 
236 296 
212 212 
204 192 
232 232 
236 196 
288 304 
196 192 
248 228 
200 188 
196 196 
188 188 
204 196 
188 204 
192 188 
192 188 
344 316 
204 288 
236 228 
236 228 
192 188 
256 256 
228 196 
216 280 
192 208 
196 200 
200 192 
196 192 
196 192 
204 192 
196 540 
208 208 
208 200 
200 184 
228 188 
192 200 
200 184 
236 228 
192 224 
192 192 
196 192 
208 196 
196 192 
196 196 
224 560 
192 192 
192 228 
196 192 
228 216 
336 192 
268 228 
192 192 
220 196 
200 212 
200 208 
284 212 
228 240 
200 276 
196 240 
200 188 
212 188 
196 228 
192 200 
252 224 
240 228 
360 320 
296 272 
328 192 
276 420 
224 260 
240 300 
324 608 
212 192 
212 228 
200 364 
240 192 
196 240 
200 224 
284 228 
228 292 
392 208 
340 512 
272 188 
244 192 
208 216 
196 196 
212 188 
196 192 
224 200 
228 208 
196 192 
236 196 
252 208 
208 200 
216 248 
192 220 
196 192 
192 196 
236 192 
196 192 
212 192 
212 188 
196 224 
236 232 
200 280 
220 188 
260 280 
192 308 
196 252 
204 232 
192 196 
232 208 
288 188 
192 252 
228 256 
232 188 
224 192 
196 196 
196 232 
192 208 
208 244 
240 260 
192 188 
252 196 
196 192 
236 232 
332 336 
324 292 
196 204 
196 192 
292 264 
200 200 
236 228 
264 264 
208 188 
212 224 
200 188 
292 236 
200 200 
196 200 
216 252 
220 236 
380 312 
212 192 
196 228 
196 192 
196 196 
220 196 
236 188 
252 304 
192 196 
204 192 
192 200 
212 192 
248 204 
192 192 
340 260 
328 264 
252 236 
196 208 
212 228 
688 204 
256 288 
212 232 
232 244 
1184 324 
308 280 
252 252 
200 192 
192 192 
368 200 
196 216 
208 188 
196 192 
192 192 
716 192 
208 184 
192 228 
196 192 
196 196 
208 208 
276 248 
204 192 
204 212 
192 680 
192 252 
212 208 
312 356 
252 208 
208 192 
208 188 
216 196 
328 208 
228 832 
196 192 
232 196 
216 196 
216 200 
328 244 
248 204 
204 228 
212 192 
196 212 
200 192 
220 192 
216 216 
188 188 
192 224 
264 192 
196 240 
224 272 
192 212 
220 192 
196 188 
192 196 
192 192 
188 192 
188 196 
204 192 
196 208 
220 208 
196 188 
224 224 
228 220 
200 240 
192 192 
212 312 
304 340 
280 220 
336 308 
192 188 
260 260 
916 324 
296 228 
348 232 
244 256 
336 224 
260 288 
220 368 
312 388 
212 756 
308 228 
212 356 
976 260 
308 260 
268 256 
200 252 
208 228 
300 252 
1348 316 
472 692 
272 260 
284 320 
196 216 
264 192 
264 244 
204 232 
332 236 
832 600 
388 212 
392 404 
840 1012 
288 264 
312 268 
196 188 
204 196 
284 296 
784 280 
228 212 
412 304 
844 524 
336 432 
324 336 
224 264 
644 252 
216 492 
232 252 
292 340 
560 532 
424 436 
348 604 
232 204 
1284 388 
660 208 
212 360 
636 288 
1108 928 
340 960 
220 732 
204 244 
196 388 
1308 268 
220 388 
356 268 
228 500 
208 224 
276 200 
216 296 
224 208 
228 232 
444 260 
296 200 
280 1488 
488 368 
284 252 
320 628 
236 256 
1300 264 
424 256 
416 260 
368 220 
204 188 
320 284 
236 228 
740 788 
220 300 
1108 284 
296 400 
436 232 
276 220 
740 316 
224 652 
348 428 
292 608 
428 260 
260 532 
212 292 
232 316 
876 204 
220 192 
236 280 
292 196 
220 432 
208 584 
196 196 
256 212 
240 192 
408 200 
1368 272 
300 288 
204 192 
244 228 
220 200 
308 800 
228 192 
236 524 
236 204 
1492 1848 
276 1868 
192 1460 
256 196 
276 248 
304 708 
216 472 
256 228 
244 224 
668 248 
424 260 
200 236 
0 0 
0 0 
192 196 
244 308 
296 196 
580 200 
1204 396 
192 188 
192 204 
208 196 
404 344 
196 212 
268 292 
212 208 
224 196 
196 676 
200 220 
696 256 
564 224 
296 552 
280 224 
232 928 
348 1312 
232 376 
240 236 
204 228 
436 192 
196 188 
256 224 
768 192 
208 224 
204 208 
236 720 
804 588 
340 636 
256 260 
320 356 
564 312 
352 272 
248 200 
244 264 
1044 256 
212 720 
388 332 
368 232 
428 592 
