# ./FR-trace starting at Mon Apr 20 18:52:32 2020
################# CONFIG #################
# slot=5000
# samples=10000
# threshold=100
# idle=500
# minlen=500
# runs=10000
# pdathreads=2
# nmonitored=2
#   monitor0=../apps/openssl ec2_mult.c:153 0x1e7854
#   monitor1=../apps/openssl ec2_mult.c:161 0x1e789c
# nevicted=0
# npdatargets=2
#   target0=../apps/openssl bn_gf2m.c:412 0x20bd10
#   target1=../apps/openssl bn_gf2m.c:412+64 0x20bd50
# affinity=all
############## SYSTEM INFO ###############
# mastik_version=
# sysname=Linux
# nodename=lovelace
# release=5.3.7-arch1-1-ARCH
# version=#1 SMP PREEMPT Fri Oct 18 00:17:03 UTC 2019
# machine=x86_64
################## DATA ##################
# run=40
# datapoints=10000
44 44 
188 188 
48 44 
196 272 
236 272 
212 220 
612 236 
232 196 
192 216 
212 216 
212 192 
232 276 
216 208 
224 208 
224 216 
204 212 
200 192 
200 224 
240 184 
248 276 
324 316 
240 212 
44 44 
236 208 
240 220 
232 188 
232 224 
192 188 
192 192 
236 212 
360 216 
232 228 
236 240 
212 212 
208 208 
236 212 
236 204 
240 208 
236 220 
240 208 
236 212 
240 216 
196 208 
200 212 
980 212 
260 208 
216 208 
232 260 
216 208 
200 212 
360 200 
192 196 
220 312 
232 44 
208 228 
216 192 
232 208 
236 216 
224 192 
232 232 
232 216 
744 228 
304 312 
244 264 
236 252 
240 236 
232 204 
236 196 
200 232 
204 188 
240 232 
220 192 
196 216 
228 228 
188 208 
212 232 
240 232 
636 348 
324 248 
304 244 
228 224 
220 228 
220 228 
196 212 
216 208 
240 232 
212 220 
216 684 
240 208 
316 268 
208 208 
232 220 
232 208 
220 236 
240 232 
212 208 
240 204 
268 392 
236 188 
196 204 
268 508 
196 212 
196 200 
200 240 
200 220 
244 276 
284 296 
340 336 
356 244 
236 268 
396 272 
0 0 
0 0 
0 0 
0 0 
0 0 
0 0 
0 0 
0 0 
0 0 
0 0 
448 240 
416 296 
192 356 
304 196 
260 356 
268 208 
220 296 
196 204 
236 216 
196 196 
264 300 
268 232 
196 208 
232 188 
268 344 
224 228 
252 232 
364 256 
284 248 
196 196 
196 204 
40 60 
200 260 
188 212 
68 128 
212 236 
328 296 
216 48 
212 188 
336 264 
324 580 
200 196 
256 464 
308 280 
420 264 
196 196 
464 304 
232 432 
208 324 
220 332 
580 260 
256 272 
232 252 
596 244 
212 228 
200 240 
268 204 
224 200 
252 280 
208 204 
48 44 
320 208 
208 572 
44 40 
208 232 
192 212 
220 212 
208 208 
352 236 
348 248 
260 300 
204 744 
200 368 
288 200 
192 192 
212 356 
188 208 
232 208 
296 204 
236 460 
300 236 
196 248 
216 236 
224 232 
1384 408 
268 284 
312 324 
224 188 
268 188 
164 52 
200 196 
268 196 
48 48 
324 252 
248 236 
208 44 
204 196 
196 188 
208 208 
232 216 
308 272 
232 240 
232 192 
288 312 
248 216 
212 204 
192 196 
204 236 
228 248 
200 300 
224 248 
204 212 
252 192 
200 216 
252 232 
252 236 
204 264 
208 196 
300 304 
232 316 
52 232 
224 200 
196 260 
48 44 
236 332 
196 228 
244 48 
196 216 
196 196 
216 200 
208 248 
232 244 
220 220 
316 192 
480 1176 
196 292 
308 344 
260 304 
252 188 
364 264 
196 232 
224 204 
376 212 
192 436 
212 192 
240 192 
196 260 
276 240 
640 332 
216 216 
192 200 
188 228 
240 276 
192 232 
196 196 
216 252 
236 240 
192 572 
252 220 
212 316 
236 220 
244 268 
196 212 
196 192 
220 216 
272 620 
200 236 
188 196 
716 256 
196 248 
196 208 
252 304 
320 196 
204 196 
376 216 
440 200 
196 240 
200 196 
192 232 
236 228 
200 216 
236 244 
340 200 
200 288 
224 192 
320 212 
216 212 
448 228 
212 196 
196 236 
204 256 
232 212 
272 288 
264 268 
240 328 
192 224 
192 204 
264 216 
288 288 
308 224 
200 260 
588 224 
220 240 
224 196 
788 204 
660 280 
292 464 
252 248 
532 232 
280 216 
196 204 
264 336 
212 204 
212 216 
204 208 
268 268 
236 212 
192 196 
236 196 
196 264 
200 216 
204 196 
272 204 
216 220 
212 204 
252 208 
316 216 
296 216 
328 404 
216 188 
224 228 
228 232 
240 196 
292 240 
436 232 
276 632 
252 268 
196 192 
212 192 
192 192 
2748 208 
196 204 
304 212 
220 196 
208 208 
220 212 
216 224 
224 196 
204 220 
196 204 
204 228 
680 1152 
204 236 
216 192 
240 208 
192 268 
48 40 
224 196 
316 196 
236 236 
196 352 
2376 188 
208 204 
276 196 
264 572 
212 200 
212 228 
220 280 
196 188 
232 208 
200 200 
228 212 
200 196 
204 328 
192 200 
236 192 
212 216 
232 188 
240 192 
468 332 
196 208 
208 196 
240 332 
224 208 
696 268 
64 72 
204 196 
360 576 
264 232 
264 288 
196 232 
344 224 
196 196 
188 196 
232 200 
208 196 
232 204 
200 200 
204 260 
232 196 
204 196 
244 192 
200 200 
200 200 
264 256 
304 260 
316 240 
192 212 
208 204 
272 200 
244 228 
212 200 
192 248 
228 44 
244 256 
208 196 
376 348 
200 188 
220 208 
372 348 
220 212 
304 272 
260 248 
244 280 
256 228 
220 280 
204 252 
216 212 
584 216 
196 2640 
260 236 
280 348 
204 192 
204 196 
292 216 
500 1104 
188 196 
368 252 
264 200 
228 188 
208 244 
196 184 
204 248 
224 212 
440 308 
196 192 
200 224 
212 200 
216 568 
204 324 
292 216 
204 196 
192 196 
204 192 
220 204 
232 340 
196 192 
200 228 
196 220 
200 240 
208 192 
280 212 
200 196 
280 264 
532 516 
204 260 
208 516 
212 196 
212 200 
224 196 
216 196 
192 196 
196 204 
248 300 
208 216 
196 192 
296 200 
196 256 
644 216 
256 192 
196 192 
220 228 
268 324 
212 200 
208 208 
212 200 
288 252 
200 184 
256 196 
208 220 
192 196 
232 240 
224 196 
196 200 
204 212 
200 188 
200 192 
192 192 
200 212 
200 228 
220 228 
212 244 
204 196 
344 524 
216 296 
300 220 
200 232 
220 196 
192 228 
200 204 
252 260 
264 256 
208 220 
196 188 
288 248 
316 512 
204 196 
236 200 
212 216 
196 228 
200 224 
288 328 
316 228 
216 212 
244 212 
188 192 
240 284 
196 196 
196 196 
236 244 
312 184 
296 276 
236 264 
204 224 
252 232 
244 208 
200 200 
208 260 
248 192 
196 200 
212 224 
416 196 
248 196 
196 196 
232 232 
188 260 
256 196 
212 204 
208 208 
200 216 
208 200 
192 188 
216 216 
232 216 
236 188 
192 212 
192 200 
240 200 
232 212 
220 216 
228 184 
192 196 
196 204 
200 188 
216 228 
240 228 
200 236 
192 224 
196 196 
220 192 
200 228 
208 216 
196 220 
236 216 
200 192 
236 208 
196 208 
196 196 
196 200 
212 220 
212 228 
236 216 
212 212 
232 212 
212 216 
220 196 
200 224 
236 212 
192 216 
204 200 
192 192 
196 200 
240 208 
212 208 
220 248 
300 192 
236 340 
332 196 
244 212 
260 332 
196 212 
196 196 
216 212 
192 1064 
212 420 
236 212 
220 196 
216 228 
212 208 
252 208 
212 192 
192 200 
220 192 
196 192 
200 244 
232 328 
232 192 
204 224 
212 204 
200 212 
192 228 
196 192 
216 200 
216 196 
208 192 
232 204 
196 208 
236 228 
376 188 
236 268 
284 220 
204 260 
724 188 
212 216 
196 192 
232 232 
200 216 
212 1252 
320 212 
232 208 
240 228 
216 216 
196 204 
228 196 
200 200 
188 208 
192 196 
216 212 
216 196 
220 212 
216 192 
260 236 
616 232 
224 196 
240 228 
196 208 
212 204 
216 200 
208 192 
308 256 
208 220 
268 256 
240 196 
244 280 
212 320 
220 224 
216 208 
204 216 
252 188 
44 76 
1088 252 
204 196 
200 196 
224 240 
196 236 
204 236 
196 204 
220 200 
220 260 
208 212 
208 220 
532 320 
208 204 
212 208 
212 236 
212 212 
220 232 
216 220 
224 204 
244 184 
212 192 
228 220 
204 212 
208 204 
236 220 
196 212 
196 236 
196 240 
236 236 
280 228 
44 48 
300 320 
340 248 
236 208 
340 240 
268 216 
196 188 
220 188 
236 208 
236 208 
196 192 
200 216 
212 240 
240 208 
252 204 
196 208 
196 208 
208 188 
228 216 
212 220 
208 212 
216 204 
300 224 
652 208 
240 240 
200 212 
216 204 
216 216 
208 48 
192 236 
196 212 
200 220 
192 224 
196 196 
216 192 
412 196 
212 208 
616 240 
320 200 
208 212 
224 440 
196 192 
200 200 
196 192 
196 188 
220 184 
216 184 
188 208 
192 200 
204 192 
216 204 
212 192 
224 200 
232 208 
1116 220 
348 308 
240 212 
232 272 
240 212 
216 208 
240 216 
252 212 
240 236 
212 240 
232 204 
256 244 
200 212 
220 184 
212 216 
216 216 
216 220 
216 224 
212 204 
216 212 
212 208 
208 220 
228 276 
220 216 
208 216 
216 232 
276 204 
240 212 
228 300 
208 212 
220 212 
196 216 
236 212 
256 312 
236 212 
216 196 
196 200 
200 196 
244 192 
196 192 
212 184 
236 208 
208 196 
284 316 
232 196 
236 184 
192 216 
196 184 
192 184 
192 192 
240 320 
196 236 
200 212 
324 272 
236 284 
296 204 
200 228 
200 240 
196 192 
208 228 
196 224 
196 212 
192 192 
196 228 
232 280 
196 192 
244 244 
332 276 
244 220 
232 368 
196 188 
196 256 
228 200 
240 220 
212 208 
204 196 
220 212 
204 220 
200 224 
196 212 
240 204 
196 412 
216 204 
200 188 
1028 196 
564 192 
200 192 
196 212 
192 192 
216 2248 
192 696 
192 228 
204 232 
236 272 
236 236 
296 2368 
192 304 
248 244 
316 204 
292 304 
240 196 
188 260 
212 220 
196 204 
196 212 
192 204 
212 208 
196 420 
232 192 
196 284 
444 192 
192 188 
208 288 
216 412 
196 192 
204 192 
232 208 
256 248 
212 1108 
704 216 
196 200 
196 212 
292 188 
208 224 
224 204 
196 220 
196 200 
232 196 
188 188 
204 196 
200 212 
204 2356 
220 188 
204 252 
188 192 
196 228 
196 240 
224 196 
224 208 
208 192 
196 208 
196 356 
204 208 
196 268 
216 212 
276 256 
552 212 
192 192 
252 240 
296 264 
468 204 
756 208 
204 196 
196 192 
204 188 
196 268 
200 192 
252 212 
252 208 
200 192 
212 192 
216 240 
196 200 
248 240 
220 228 
208 220 
300 304 
328 324 
192 208 
208 212 
2292 212 
240 336 
328 328 
196 212 
212 220 
212 212 
304 464 
196 208 
200 208 
272 340 
216 208 
216 200 
204 212 
220 200 
332 188 
192 196 
220 220 
236 352 
200 196 
196 192 
200 208 
232 196 
244 196 
200 228 
196 200 
216 220 
196 212 
208 2352 
220 196 
204 204 
212 184 
276 196 
912 364 
212 244 
280 216 
228 260 
220 240 
228 284 
292 304 
192 204 
196 192 
208 200 
196 208 
228 228 
204 212 
196 204 
48 44 
188 204 
232 244 
208 296 
212 184 
224 196 
220 268 
212 684 
228 216 
220 196 
204 196 
228 196 
200 196 
216 196 
200 188 
208 208 
204 192 
192 208 
200 196 
1016 320 
200 192 
232 360 
216 196 
216 216 
200 196 
200 208 
208 216 
196 196 
208 224 
216 200 
204 212 
216 196 
52 40 
188 212 
292 232 
200 232 
300 236 
244 196 
212 192 
228 224 
240 196 
192 212 
312 276 
208 192 
232 228 
288 252 
312 228 
192 316 
228 220 
236 192 
200 184 
200 48 
252 208 
204 236 
204 184 
516 200 
192 192 
208 184 
192 204 
204 192 
224 208 
200 192 
200 200 
232 404 
192 192 
224 192 
196 188 
232 188 
312 364 
332 196 
212 240 
224 260 
192 260 
192 228 
312 308 
260 228 
196 188 
240 300 
200 192 
208 192 
268 576 
200 224 
216 228 
252 212 
212 256 
212 204 
212 296 
236 196 
212 192 
200 200 
204 204 
204 256 
208 648 
200 200 
200 248 
240 204 
212 216 
208 188 
240 192 
244 276 
196 220 
232 204 
208 228 
900 192 
260 308 
272 208 
264 208 
216 204 
216 204 
620 332 
196 192 
200 184 
196 212 
244 216 
192 192 
192 212 
204 224 
232 336 
196 212 
204 188 
192 192 
208 232 
200 196 
220 408 
220 196 
204 232 
216 196 
228 192 
200 244 
240 192 
216 192 
256 232 
216 216 
204 228 
212 212 
236 192 
264 228 
856 240 
224 200 
216 220 
200 212 
196 192 
200 228 
212 236 
200 216 
216 676 
324 236 
260 200 
216 236 
200 240 
200 196 
2216 196 
192 228 
220 196 
208 192 
240 232 
248 272 
300 264 
196 316 
304 196 
192 224 
212 200 
228 212 
200 188 
196 200 
196 200 
196 192 
196 208 
216 192 
196 192 
228 200 
192 196 
236 216 
200 232 
264 232 
724 204 
216 420 
224 216 
192 208 
212 224 
328 204 
296 244 
228 200 
296 300 
244 272 
224 324 
2420 680 
992 276 
200 192 
236 196 
236 380 
256 252 
340 252 
192 200 
224 256 
296 200 
212 212 
196 188 
192 192 
192 204 
264 236 
232 352 
220 192 
196 192 
3276 216 
232 216 
212 204 
296 188 
316 232 
224 328 
216 588 
244 212 
212 204 
192 212 
272 216 
196 216 
216 212 
200 192 
412 424 
372 212 
204 200 
628 216 
200 208 
200 192 
192 192 
200 248 
196 248 
312 200 
216 212 
200 216 
228 224 
232 208 
236 360 
244 224 
192 196 
192 264 
264 272 
300 212 
196 188 
200 196 
192 208 
200 212 
328 284 
196 220 
192 188 
192 596 
200 196 
280 232 
192 204 
200 196 
2976 204 
196 220 
204 196 
188 192 
236 208 
212 188 
192 188 
200 240 
244 240 
256 228 
284 220 
320 236 
376 228 
196 216 
192 212 
220 212 
220 212 
192 2268 
280 192 
192 212 
212 232 
212 280 
256 188 
240 212 
192 224 
196 192 
240 236 
200 196 
192 188 
192 208 
220 488 
756 224 
196 248 
200 224 
44 44 
284 192 
196 192 
240 296 
200 208 
192 208 
204 204 
264 256 
196 248 
236 232 
232 196 
196 192 
560 248 
248 196 
200 316 
240 212 
252 184 
248 216 
196 204 
260 272 
196 1060 
196 192 
216 184 
200 216 
188 208 
228 192 
224 196 
196 224 
212 200 
468 212 
216 532 
268 336 
52 48 
280 224 
308 188 
468 268 
192 192 
212 196 
216 212 
220 216 
200 204 
208 188 
200 188 
272 196 
340 248 
212 188 
200 216 
200 216 
220 188 
220 188 
208 192 
196 196 
240 272 
256 192 
192 188 
196 200 
236 520 
196 196 
192 216 
208 40 
200 196 
192 192 
208 192 
308 196 
192 192 
204 216 
204 200 
200 192 
220 208 
312 324 
236 232 
228 224 
264 264 
216 192 
232 248 
260 280 
224 200 
208 196 
196 228 
196 188 
196 208 
196 228 
228 212 
204 192 
200 204 
588 356 
520 616 
212 208 
220 240 
220 236 
244 252 
228 224 
296 252 
204 216 
196 204 
304 236 
208 196 
192 212 
204 220 
196 196 
200 208 
196 192 
200 188 
200 220 
200 204 
256 204 
196 204 
200 192 
248 212 
216 212 
212 216 
196 188 
212 192 
224 212 
224 196 
208 200 
212 248 
188 212 
228 192 
212 376 
196 204 
252 192 
228 228 
2364 228 
224 224 
192 2176 
200 196 
212 208 
220 196 
212 204 
216 280 
208 208 
208 208 
204 660 
192 220 
232 252 
220 216 
256 216 
260 208 
196 216 
200 216 
220 328 
632 188 
196 228 
204 2336 
196 196 
196 196 
204 228 
196 200 
212 208 
200 212 
216 652 
204 224 
232 216 
220 212 
212 192 
220 244 
200 200 
228 240 
216 200 
196 328 
240 192 
196 204 
232 200 
204 208 
196 204 
192 200 
212 236 
236 236 
244 304 
264 328 
212 188 
204 2012 
200 196 
208 212 
196 188 
192 196 
192 240 
216 316 
200 244 
260 284 
232 288 
192 244 
216 292 
244 192 
216 216 
220 192 
208 208 
232 1624 
216 228 
200 216 
200 312 
196 236 
200 232 
212 196 
204 228 
196 232 
220 204 
212 256 
204 256 
232 264 
240 288 
232 244 
300 240 
216 232 
196 192 
200 200 
196 212 
208 224 
204 200 
196 224 
212 204 
196 204 
220 216 
224 204 
200 216 
204 208 
200 216 
196 208 
220 216 
208 196 
208 192 
200 1248 
228 196 
252 196 
216 252 
240 232 
288 192 
528 216 
416 192 
216 232 
212 220 
204 260 
208 212 
340 216 
200 232 
276 244 
240 316 
236 240 
224 252 
228 324 
200 208 
212 248 
200 192 
200 188 
208 208 
204 412 
228 200 
232 204 
192 212 
236 244 
200 192 
232 192 
228 208 
200 192 
192 272 
212 204 
224 192 
232 256 
196 188 
200 208 
208 200 
220 196 
200 204 
204 220 
208 220 
200 240 
192 212 
200 196 
220 200 
208 208 
212 196 
236 820 
196 192 
300 340 
248 256 
200 212 
328 292 
304 276 
232 212 
260 192 
204 196 
196 192 
200 200 
204 208 
188 192 
48 208 
212 208 
600 216 
216 208 
256 236 
216 224 
212 380 
212 440 
200 236 
240 200 
200 260 
204 200 
204 192 
200 208 
216 192 
200 192 
196 188 
196 200 
200 208 
224 224 
236 1156 
244 236 
200 196 
212 208 
192 216 
196 228 
216 192 
216 196 
180 40 
200 192 
212 232 
256 240 
256 196 
248 196 
200 188 
192 192 
196 200 
236 204 
204 220 
208 204 
216 196 
196 264 
196 232 
196 200 
192 188 
192 200 
332 196 
204 44 
228 212 
192 212 
232 192 
200 200 
200 216 
200 736 
208 196 
192 560 
216 208 
192 212 
196 212 
208 196 
260 212 
192 188 
192 200 
208 196 
200 208 
356 240 
216 188 
364 252 
204 200 
216 208 
248 688 
200 224 
188 212 
200 212 
228 212 
216 256 
268 232 
228 212 
232 204 
300 216 
292 344 
336 276 
232 208 
308 296 
2036 192 
196 192 
196 216 
216 216 
232 192 
200 224 
212 212 
200 228 
204 196 
228 208 
196 248 
228 192 
312 196 
200 196 
196 196 
200 220 
196 192 
208 412 
220 312 
196 220 
224 212 
212 280 
200 652 
212 192 
340 192 
196 192 
228 200 
200 224 
196 192 
216 192 
196 192 
212 192 
212 232 
200 188 
228 232 
240 192 
308 316 
2480 276 
236 236 
244 232 
240 296 
280 328 
236 196 
192 192 
196 196 
188 208 
224 196 
632 196 
256 240 
272 196 
240 204 
240 188 
196 188 
1000 228 
204 296 
212 200 
236 204 
200 632 
204 216 
192 196 
192 192 
204 228 
200 196 
196 196 
200 192 
200 200 
248 272 
208 668 
236 192 
232 228 
220 192 
196 244 
436 192 
220 208 
240 208 
212 192 
192 216 
212 192 
216 196 
200 220 
204 212 
196 192 
220 216 
320 188 
324 208 
192 220 
240 236 
240 232 
232 208 
196 220 
224 212 
232 204 
212 220 
304 220 
220 432 
224 212 
220 220 
216 2404 
236 212 
296 208 
200 240 
212 208 
324 240 
3108 236 
336 236 
232 224 
200 192 
196 192 
212 192 
220 204 
212 212 
224 212 
384 208 
204 220 
196 224 
2200 196 
224 212 
208 196 
196 208 
224 192 
212 196 
204 200 
200 212 
188 196 
212 204 
212 188 
224 200 
220 188 
204 208 
244 188 
212 276 
248 212 
0 0 
216 2476 
228 204 
212 200 
196 228 
1028 196 
1568 220 
192 212 
196 192 
192 196 
216 212 
296 220 
216 548 
228 216 
200 208 
212 188 
216 244 
228 212 
216 216 
192 224 
212 208 
192 1360 
236 192 
2412 192 
196 196 
200 196 
204 200 
248 196 
208 224 
220 268 
232 228 
316 208 
200 192 
212 2116 
2264 192 
204 192 
212 240 
220 216 
212 212 
1488 312 
216 200 
232 208 
200 196 
200 196 
196 196 
200 192 
196 196 
192 204 
192 204 
2356 212 
192 232 
196 224 
236 232 
236 200 
236 236 
3564 200 
196 208 
196 216 
196 196 
232 192 
196 212 
312 240 
196 200 
204 200 
224 256 
224 196 
236 192 
208 212 
240 216 
240 224 
212 204 
236 208 
376 212 
232 240 
236 220 
232 228 
48 48 
232 212 
236 216 
236 208 
248 228 
232 208 
236 192 
236 236 
240 220 
240 208 
232 208 
212 196 
236 208 
484 212 
240 232 
232 236 
232 204 
236 212 
232 228 
236 212 
200 208 
236 248 
740 204 
240 236 
200 204 
244 232 
244 2236 
232 40 
232 220 
232 212 
216 212 
236 472 
208 204 
240 212 
232 192 
232 208 
236 236 
236 208 
240 220 
240 216 
236 212 
236 208 
236 256 
236 204 
232 212 
200 192 
244 212 
796 200 
216 208 
216 264 
240 224 
240 208 
232 212 
232 216 
236 228 
236 208 
236 220 
236 232 
240 212 
200 212 
228 208 
196 208 
244 208 
232 216 
236 240 
236 216 
236 3012 
236 216 
232 212 
236 216 
228 208 
240 212 
232 196 
240 236 
192 200 
192 192 
220 248 
192 216 
196 232 
236 260 
784 212 
240 232 
232 312 
232 212 
248 236 
236 232 
232 228 
232 208 
240 256 
236 212 
204 196 
236 208 
236 216 
240 212 
240 688 
236 208 
244 260 
232 204 
244 196 
700 208 
192 208 
2672 224 
236 232 
244 504 
232 208 
236 212 
224 212 
240 208 
232 268 
236 208 
232 208 
228 212 
232 208 
236 208 
244 232 
216 224 
236 208 
752 232 
240 212 
240 256 
236 208 
232 248 
236 240 
240 264 
240 208 
240 212 
236 596 
228 208 
236 232 
240 240 
232 216 
232 212 
236 216 
236 236 
212 252 
232 232 
236 252 
236 204 
236 220 
240 220 
236 212 
232 208 
240 316 
232 248 
240 212 
244 216 
232 216 
232 208 
240 216 
236 232 
232 208 
232 208 
236 208 
236 204 
236 212 
244 236 
240 236 
196 248 
196 208 
236 208 
232 208 
236 208 
232 208 
228 188 
676 216 
240 212 
240 248 
240 220 
228 212 
232 208 
240 212 
244 228 
236 212 
240 236 
240 240 
240 240 
240 212 
232 216 
236 204 
240 212 
240 244 
220 220 
232 212 
236 208 
236 208 
240 248 
236 244 
232 212 
244 212 
236 244 
232 220 
280 216 
236 208 
216 208 
280 232 
236 208 
288 200 
0 0 
0 0 
0 0 
0 0 
0 0 
196 192 
300 236 
232 220 
236 588 
208 252 
268 340 
232 212 
236 212 
244 236 
192 204 
236 380 
216 204 
236 208 
228 212 
232 208 
228 208 
236 216 
228 208 
216 208 
240 584 
244 208 
228 212 
240 212 
228 208 
232 212 
232 232 
240 260 
216 216 
236 204 
228 208 
240 212 
236 212 
240 208 
232 212 
236 236 
248 208 
232 208 
236 232 
232 208 
236 212 
240 232 
236 212 
236 236 
232 236 
240 228 
236 260 
416 212 
228 212 
240 208 
236 212 
228 256 
236 220 
232 192 
44 204 
236 264 
236 212 
232 212 
236 208 
236 204 
236 232 
228 208 
236 220 
228 208 
236 208 
236 208 
232 216 
232 208 
236 220 
236 260 
240 208 
196 260 
192 224 
204 212 
228 192 
236 212 
240 212 
232 212 
236 208 
48 44 
240 228 
420 204 
192 212 
236 232 
228 208 
196 188 
240 232 
212 216 
264 216 
204 204 
236 212 
216 224 
288 212 
212 212 
236 204 
232 208 
236 204 
396 212 
236 216 
232 208 
236 204 
240 208 
232 204 
216 212 
196 232 
240 208 
208 208 
232 208 
208 44 
232 212 
240 192 
240 300 
228 216 
236 208 
236 260 
236 628 
236 224 
240 208 
236 236 
232 212 
232 208 
236 208 
232 236 
212 264 
236 208 
240 232 
232 204 
240 208 
232 208 
236 208 
320 208 
232 208 
232 212 
668 252 
232 240 
232 216 
236 208 
236 264 
236 208 
240 264 
240 216 
236 208 
236 256 
236 212 
236 208 
236 216 
240 236 
232 236 
240 236 
232 208 
236 208 
240 220 
240 208 
196 240 
328 216 
240 232 
240 232 
232 208 
240 208 
196 212 
232 208 
236 236 
232 208 
236 216 
1100 240 
244 208 
236 212 
236 216 
236 216 
232 216 
232 208 
240 220 
232 248 
236 212 
236 212 
236 232 
236 220 
236 264 
236 228 
236 204 
236 240 
236 212 
240 192 
196 188 
240 224 
236 228 
232 208 
240 212 
248 216 
232 216 
236 220 
240 208 
580 212 
240 208 
204 232 
236 212 
240 264 
232 204 
216 204 
236 208 
236 236 
236 420 
236 212 
240 208 
232 208 
236 212 
244 248 
232 204 
228 212 
208 212 
232 660 
256 208 
240 208 
244 244 
232 208 
292 340 
236 244 
236 204 
208 188 
252 196 
224 204 
200 216 
200 220 
200 204 
236 220 
236 216 
228 212 
236 236 
196 212 
196 404 
228 208 
244 236 
232 208 
388 208 
232 212 
236 236 
236 236 
232 240 
236 212 
236 220 
232 232 
236 216 
232 212 
236 212 
232 208 
236 212 
236 388 
236 208 
236 1136 
240 232 
236 208 
232 208 
232 204 
240 208 
236 256 
228 212 
236 204 
232 208 
236 204 
232 236 
200 192 
232 208 
236 212 
260 208 
236 212 
232 208 
232 208 
196 192 
236 208 
220 208 
236 232 
236 208 
232 208 
232 212 
236 212 
232 212 
236 232 
232 212 
352 216 
232 212 
196 188 
236 212 
232 212 
236 228 
228 208 
236 212 
240 224 
592 236 
232 212 
236 208 
236 244 
256 208 
236 204 
236 212 
236 208 
224 236 
228 440 
244 212 
232 208 
236 212 
236 236 
240 212 
228 208 
236 232 
212 208 
236 656 
232 212 
236 232 
236 208 
240 240 
236 212 
240 212 
232 204 
220 232 
240 256 
236 208 
236 208 
240 236 
236 216 
236 216 
232 212 
232 208 
236 232 
240 220 
232 260 
256 220 
232 212 
236 268 
228 212 
232 204 
232 216 
228 212 
244 212 
232 204 
240 260 
236 212 
240 212 
240 264 
228 216 
240 208 
240 208 
236 208 
240 208 
356 348 
236 216 
248 212 
240 208 
236 232 
236 224 
232 224 
236 208 
232 212 
236 236 
236 228 
240 204 
236 236 
52 48 
236 208 
236 212 
240 212 
232 248 
348 208 
236 220 
236 264 
228 208 
228 212 
232 212 
240 240 
232 208 
236 208 
232 212 
236 204 
232 208 
368 208 
232 232 
228 208 
236 220 
252 212 
240 208 
240 236 
236 224 
232 208 
596 44 
44 44 
244 236 
228 212 
236 216 
236 232 
196 204 
192 48 
308 228 
228 216 
212 228 
192 224 
236 376 
232 212 
228 336 
236 216 
344 212 
192 228 
204 196 
240 216 
232 204 
240 208 
212 264 
236 212 
240 208 
240 216 
208 212 
236 212 
240 204 
5648 224 
0 0 
236 224 
232 204 
236 228 
232 208 
232 208 
236 212 
232 208 
252 212 
188 192 
192 216 
244 236 
236 216 
236 208 
236 208 
232 208 
232 228 
236 260 
244 208 
236 212 
240 212 
228 196 
232 256 
240 208 
220 212 
236 216 
240 212 
236 192 
240 212 
236 232 
236 240 
192 212 
232 192 
256 212 
236 208 
240 224 
240 208 
236 212 
240 260 
232 208 
236 216 
236 204 
228 204 
200 200 
232 232 
196 208 
236 196 
232 220 
260 216 
312 192 
240 204 
240 220 
232 212 
236 224 
236 232 
232 216 
408 248 
268 220 
232 216 
228 212 
232 204 
240 232 
232 232 
192 208 
232 236 
640 304 
256 212 
232 208 
240 228 
232 216 
248 208 
236 208 
216 212 
216 208 
228 472 
232 208 
240 212 
232 212 
232 236 
216 208 
220 212 
240 216 
212 204 
236 704 
232 212 
244 216 
232 204 
220 248 
220 212 
232 208 
240 236 
212 216 
236 204 
316 236 
232 208 
232 232 
236 208 
248 216 
336 196 
320 208 
244 212 
232 216 
232 208 
236 212 
264 208 
236 208 
228 212 
240 204 
232 212 
236 228 
228 212 
240 208 
228 212 
236 204 
240 212 
280 212 
228 208 
232 204 
232 208 
212 216 
240 220 
236 236 
240 212 
236 212 
228 252 
212 212 
216 208 
48 44 
236 224 
316 252 
232 232 
212 228 
212 208 
240 228 
232 216 
212 216 
212 212 
212 220 
216 216 
216 212 
224 216 
220 208 
208 292 
236 248 
240 236 
216 244 
240 236 
232 212 
240 212 
232 196 
200 208 
240 192 
44 40 
220 216 
192 188 
220 212 
216 216 
240 212 
220 212 
216 236 
664 204 
236 216 
232 208 
236 212 
232 208 
236 216 
240 216 
224 208 
216 212 
236 504 
240 40 
232 204 
236 228 
208 196 
508 192 
232 212 
232 208 
236 208 
216 312 
332 220 
216 212 
260 272 
316 236 
292 240 
220 208 
240 248 
216 220 
236 212 
224 220 
244 208 
232 208 
212 208 
212 268 
216 240 
200 212 
196 192 
232 200 
228 212 
208 208 
224 216 
196 188 
192 196 
240 196 
208 188 
280 244 
192 208 
264 268 
204 196 
204 196 
208 196 
200 196 
248 188 
220 188 
192 200 
236 232 
512 252 
216 320 
256 208 
264 216 
312 196 
308 212 
196 192 
208 220 
236 204 
336 264 
196 216 
208 192 
196 196 
192 196 
288 276 
204 192 
192 204 
236 212 
216 224 
216 216 
212 196 
236 276 
704 280 
216 212 
212 216 
192 200 
208 204 
208 192 
200 192 
208 196 
236 248 
604 1224 
236 236 
236 236 
200 216 
228 208 
220 208 
196 204 
204 240 
244 252 
212 232 
716 196 
280 232 
200 208 
240 216 
212 208 
212 216 
236 232 
236 216 
212 528 
212 208 
232 204 
324 280 
196 212 
216 212 
220 212 
248 212 
220 216 
232 212 
236 212 
220 228 
236 236 
220 216 
232 208 
228 208 
240 212 
228 204 
232 208 
240 192 
192 212 
208 208 
196 232 
224 192 
212 268 
232 212 
196 212 
52 44 
228 232 
228 244 
44 44 
240 208 
232 40 
196 240 
196 192 
220 220 
232 236 
216 192 
244 188 
212 208 
228 208 
232 208 
240 232 
236 212 
236 208 
232 224 
196 228 
216 208 
228 212 
188 208 
236 232 
232 208 
236 212 
244 212 
236 212 
232 220 
232 204 
228 204 
240 212 
236 228 
236 240 
236 236 
236 208 
232 208 
236 208 
240 208 
236 212 
236 232 
228 204 
240 220 
232 208 
236 216 
236 240 
236 212 
232 212 
232 212 
232 228 
444 204 
236 208 
236 216 
232 216 
228 208 
236 208 
196 220 
240 208 
480 212 
684 212 
40 40 
236 224 
236 212 
232 216 
236 208 
236 208 
240 220 
212 264 
240 440 
236 212 
240 212 
236 232 
232 488 
240 236 
232 220 
240 212 
216 216 
232 212 
236 220 
236 212 
232 208 
236 216 
236 224 
248 216 
236 224 
236 204 
48 44 
240 224 
232 220 
224 208 
232 204 
236 272 
236 220 
240 204 
236 216 
232 236 
260 212 
232 212 
232 212 
236 220 
232 208 
232 208 
236 280 
232 216 
232 208 
236 212 
232 236 
228 212 
240 208 
236 204 
236 212 
236 216 
236 212 
236 204 
236 48 
240 208 
232 224 
232 212 
232 208 
240 264 
240 212 
240 220 
228 208 
236 264 
240 212 
236 220 
240 208 
240 208 
352 236 
236 232 
236 204 
240 216 
232 208 
228 212 
236 212 
236 236 
216 228 
236 212 
232 216 
232 204 
240 232 
232 240 
240 216 
232 208 
312 212 
468 208 
232 208 
232 212 
228 212 
236 216 
236 256 
244 216 
236 212 
236 212 
716 212 
236 212 
236 1064 
228 212 
236 212 
240 208 
240 212 
236 212 
216 212 
228 544 
240 208 
232 212 
240 240 
236 212 
232 372 
236 212 
244 236 
260 204 
240 212 
256 208 
236 220 
232 232 
232 208 
228 212 
232 208 
236 216 
236 212 
236 236 
236 264 
236 216 
232 212 
240 264 
236 212 
236 212 
232 208 
236 232 
240 344 
240 212 
232 208 
232 208 
236 236 
236 216 
240 212 
228 212 
236 208 
232 212 
236 216 
248 208 
232 212 
232 204 
236 208 
232 204 
232 212 
236 216 
232 212 
236 212 
236 212 
240 236 
240 232 
264 316 
236 268 
240 240 
240 216 
236 208 
236 212 
232 208 
240 216 
236 260 
240 212 
948 212 
236 232 
236 236 
240 204 
236 212 
232 208 
236 204 
236 212 
268 244 
236 208 
240 212 
236 208 
236 236 
248 216 
232 204 
236 208 
232 216 
500 208 
240 204 
232 216 
236 232 
232 236 
236 208 
232 212 
236 240 
228 216 
728 204 
232 212 
232 208 
236 204 
240 220 
236 212 
232 216 
240 208 
220 220 
232 572 
240 208 
232 204 
236 220 
228 208 
232 208 
236 216 
232 220 
216 208 
232 208 
240 208 
244 240 
232 212 
236 212 
236 208 
264 212 
236 236 
240 216 
236 240 
232 204 
240 208 
240 216 
228 216 
236 232 
240 236 
240 216 
236 212 
236 236 
236 212 
244 248 
236 248 
284 212 
228 212 
232 224 
228 240 
236 212 
232 216 
232 284 
236 236 
232 252 
328 208 
232 212 
240 212 
236 244 
240 216 
236 212 
228 212 
232 204 
228 208 
1012 212 
232 220 
240 212 
240 220 
240 232 
232 208 
236 216 
240 208 
236 232 
232 212 
80 40 
232 204 
236 216 
236 208 
236 232 
228 212 
240 224 
236 208 
244 216 
252 212 
236 204 
240 212 
236 232 
236 228 
236 212 
236 204 
236 212 
232 264 
524 208 
236 208 
240 212 
236 204 
236 228 
236 208 
232 220 
240 216 
244 236 
748 204 
232 208 
228 44 
228 44 
228 204 
232 212 
240 212 
236 232 
208 212 
236 572 
236 212 
240 236 
236 236 
236 332 
236 236 
232 260 
236 208 
216 216 
240 264 
232 208 
232 208 
236 232 
236 232 
236 252 
236 212 
232 248 
232 208 
236 252 
248 208 
236 44 
232 208 
232 212 
232 204 
228 208 
240 208 
240 204 
232 208 
236 288 
232 216 
236 224 
236 204 
232 208 
236 240 
236 204 
232 204 
232 428 
232 204 
1200 208 
232 204 
236 212 
232 208 
236 212 
232 220 
236 208 
236 208 
232 212 
236 236 
236 236 
232 208 
240 220 
236 208 
236 204 
240 208 
240 212 
252 212 
240 232 
240 244 
248 212 
228 216 
236 204 
236 204 
236 236 
232 208 
232 204 
244 208 
232 212 
232 208 
280 236 
328 212 
236 252 
236 224 
1124 232 
228 208 
236 208 
232 208 
240 212 
532 212 
252 208 
232 208 
236 260 
228 212 
236 208 
236 208 
232 208 
236 264 
244 356 
236 216 
236 264 
232 208 
232 212 
232 212 
236 232 
236 208 
212 208 
236 564 
232 244 
232 212 
236 232 
252 216 
228 208 
248 212 
236 212 
340 220 
236 224 
276 232 
232 208 
228 212 
228 208 
236 224 
276 212 
236 232 
240 236 
232 232 
236 216 
236 216 
232 212 
236 232 
236 216 
240 208 
232 208 
236 212 
256 212 
228 212 
232 204 
236 208 
232 208 
236 204 
240 216 
232 212 
240 208 
240 224 
232 212 
236 212 
232 248 
288 208 
232 212 
232 212 
236 204 
236 220 
236 204 
244 232 
236 232 
236 216 
232 204 
236 216 
236 208 
240 212 
228 252 
240 204 
228 228 
236 212 
236 216 
240 236 
236 264 
288 216 
912 244 
232 204 
240 236 
236 208 
236 340 
236 212 
236 212 
292 208 
228 208 
236 208 
236 208 
236 240 
236 208 
236 220 
236 212 
232 208 
560 212 
236 236 
232 236 
252 224 
236 208 
236 212 
232 208 
232 228 
232 212 
232 408 
236 232 
224 208 
232 212 
236 212 
228 208 
236 216 
236 208 
652 208 
236 632 
240 216 
236 260 
236 204 
240 208 
224 212 
240 220 
232 256 
212 260 
252 212 
232 208 
236 236 
232 236 
232 204 
236 208 
248 208 
232 212 
236 216 
284 204 
240 208 
232 208 
236 252 
236 320 
236 220 
232 204 
236 216 
236 212 
232 212 
236 208 
236 212 
236 216 
228 212 
256 208 
240 220 
236 212 
244 236 
240 248 
240 208 
232 204 
236 208 
232 212 
236 212 
272 216 
244 208 
252 212 
232 204 
236 216 
240 232 
232 236 
232 208 
232 208 
44 44 
232 236 
232 204 
240 208 
236 236 
232 268 
236 208 
232 216 
232 296 
252 212 
232 208 
272 212 
232 212 
232 208 
232 212 
236 208 
240 204 
336 212 
240 204 
228 212 
236 212 
232 208 
236 204 
232 212 
240 208 
236 204 
48 44 
236 204 
236 216 
236 212 
236 212 
232 208 
592 204 
236 212 
240 208 
240 284 
228 208 
232 204 
236 208 
236 212 
232 208 
232 208 
232 208 
216 208 
236 648 
236 212 
236 220 
228 204 
232 204 
236 204 
236 216 
232 220 
216 240 
232 40 
240 240 
236 236 
248 212 
232 212 
232 212 
236 236 
228 216 
232 212 
236 212 
236 208 
228 220 
236 208 
700 204 
236 208 
240 208 
236 212 
240 208 
240 224 
236 212 
236 208 
232 220 
240 232 
232 208 
236 216 
236 264 
236 208 
232 212 
236 208 
228 208 
236 232 
236 232 
232 212 
232 204 
244 208 
236 236 
236 216 
292 220 
236 232 
228 204 
232 224 
240 212 
240 232 
240 208 
232 208 
236 224 
236 204 
236 208 
240 204 
228 212 
240 208 
236 208 
236 236 
232 240 
240 232 
240 208 
232 212 
240 212 
268 208 
352 220 
240 264 
232 208 
240 208 
632 208 
236 240 
232 212 
228 212 
232 212 
584 216 
228 208 
232 212 
232 212 
236 212 
260 224 
236 212 
232 204 
240 260 
244 432 
236 212 
236 212 
236 224 
232 212 
240 228 
228 212 
236 208 
216 236 
232 604 
228 212 
236 236 
236 268 
236 208 
236 204 
240 204 
236 228 
220 220 
240 212 
232 220 
324 216 
236 216 
232 212 
232 208 
236 232 
232 216 
232 212 
236 204 
236 212 
240 236 
232 212 
232 240 
236 212 
236 212 
236 216 
232 212 
236 232 
232 212 
232 208 
232 212 
236 232 
228 212 
240 220 
236 216 
232 208 
232 204 
232 212 
236 208 
240 208 
236 212 
240 208 
240 396 
264 212 
240 212 
236 208 
240 224 
256 212 
236 208 
236 232 
232 208 
240 212 
236 216 
228 212 
232 212 
244 208 
236 208 
232 208 
232 208 
228 236 
232 212 
240 208 
236 248 
240 208 
236 208 
236 204 
236 212 
228 208 
360 212 
240 236 
236 264 
232 212 
236 204 
236 208 
240 212 
236 240 
240 256 
620 224 
240 220 
276 216 
236 208 
236 212 
232 232 
232 208 
232 236 
216 204 
236 404 
236 208 
236 212 
232 236 
232 208 
236 208 
236 232 
236 204 
216 208 
240 700 
232 204 
232 212 
228 216 
232 232 
236 236 
232 212 
236 204 
212 304 
236 212 
236 236 
244 236 
236 208 
236 212 
240 264 
236 236 
232 212 
236 212 
232 212 
240 220 
240 236 
232 212 
236 236 
248 208 
240 212 
236 208 
232 220 
240 244 
236 256 
244 208 
232 208 
236 260 
236 244 
272 208 
236 204 
244 212 
236 212 
232 220 
232 208 
240 212 
236 260 
236 212 
240 212 
236 212 
236 212 
48 44 
236 244 
236 240 
236 216 
236 212 
236 304 
228 212 
232 208 
236 208 
232 204 
228 216 
232 204 
232 204 
240 208 
236 236 
240 236 
236 212 
232 212 
232 216 
232 212 
232 208 
236 240 
236 212 
372 204 
236 220 
236 232 
236 212 
228 212 
48 40 
244 212 
232 264 
236 232 
624 228 
240 212 
232 216 
240 208 
236 236 
236 204 
236 748 
228 208 
212 208 
248 464 
236 244 
232 224 
236 208 
232 232 
236 208 
236 216 
240 212 
216 220 
236 708 
264 208 
240 204 
232 40 
236 212 
240 240 
232 216 
236 208 
216 212 
232 216 
240 268 
240 212 
272 244 
240 224 
236 208 
236 208 
232 212 
232 216 
232 208 
232 216 
232 204 
240 236 
236 212 
236 236 
232 204 
232 204 
240 208 
240 212 
232 208 
240 212 
232 236 
236 204 
232 208 
232 208 
236 260 
232 208 
232 212 
228 208 
240 204 
232 232 
260 212 
236 212 
236 212 
232 212 
236 220 
240 208 
236 212 
232 236 
236 216 
236 248 
236 212 
232 212 
240 212 
240 232 
236 216 
232 220 
212 216 
240 208 
240 212 
236 204 
232 212 
236 204 
228 216 
228 208 
236 208 
236 236 
232 212 
232 256 
420 212 
264 208 
236 232 
232 208 
244 1028 
236 208 
236 208 
236 212 
232 204 
632 208 
236 212 
236 244 
228 212 
236 220 
236 208 
240 208 
232 236 
216 212 
240 460 
236 208 
240 212 
232 208 
236 240 
244 228 
232 324 
236 224 
212 212 
236 680 
236 208 
252 208 
232 208 
272 208 
232 208 
240 208 
232 212 
220 240 
240 236 
236 232 
276 1004 
232 208 
236 212 
236 208 
240 220 
232 216 
232 212 
240 204 
240 208 
236 208 
232 236 
244 212 
236 212 
232 236 
232 208 
236 208 
236 212 
236 208 
232 216 
232 204 
228 212 
232 212 
236 204 
236 216 
228 208 
236 212 
236 204 
240 208 
232 212 
232 212 
240 232 
236 208 
236 236 
240 264 
252 208 
272 208 
232 212 
236 204 
232 228 
240 216 
232 208 
236 208 
240 228 
236 216 
240 208 
232 236 
232 208 
232 204 
228 208 
236 208 
232 1008 
240 208 
236 212 
236 204 
240 208 
344 208 
236 208 
428 232 
244 208 
228 212 
232 216 
236 208 
236 236 
236 232 
240 212 
240 204 
684 208 
232 212 
404 212 
232 208 
228 208 
240 260 
240 208 
236 220 
220 212 
240 504 
232 244 
236 232 
240 224 
232 208 
232 212 
240 236 
232 212 
208 208 
236 996 
240 232 
236 212 
240 232 
240 208 
236 224 
236 208 
236 212 
216 212 
240 232 
236 212 
236 208 
236 212 
240 208 
240 204 
236 208 
236 236 
232 212 
240 240 
228 212 
232 208 
244 212 
240 232 
260 212 
236 212 
232 216 
240 204 
236 212 
236 212 
228 212 
240 248 
236 212 
240 204 
864 212 
236 236 
240 228 
240 212 
240 208 
228 212 
240 216 
328 224 
236 220 
236 204 
240 236 
236 236 
228 208 
256 204 
236 208 
232 212 
232 212 
236 224 
236 240 
228 212 
240 208 
236 208 
244 208 
236 208 
48 40 
236 208 
212 208 
236 232 
232 204 
232 216 
236 208 
228 212 
240 216 
236 236 
232 208 
464 220 
236 232 
240 236 
236 240 
232 208 
244 204 
232 208 
224 212 
240 216 
676 208 
240 236 
236 220 
236 208 
228 212 
48 44 
240 208 
232 204 
216 216 
240 528 
228 212 
240 212 
236 216 
244 224 
232 208 
236 208 
240 212 
216 252 
236 220 
236 212 
236 208 
236 212 
236 216 
236 268 
232 260 
232 216 
228 208 
236 212 
232 228 
236 212 
232 224 
228 48 
0 0 
0 0 
232 236 
228 212 
236 216 
232 220 
236 208 
236 252 
968 236 
228 208 
232 216 
236 220 
228 204 
240 220 
240 212 
236 208 
232 208 
240 280 
236 216 
236 212 
236 236 
236 240 
236 240 
236 208 
236 224 
236 228 
232 212 
240 212 
236 212 
244 236 
236 240 
228 212 
232 212 
260 204 
232 204 
236 220 
232 208 
240 216 
232 204 
232 212 
232 208 
240 212 
228 212 
232 204 
232 216 
224 208 
236 208 
244 208 
236 224 
240 208 
236 216 
236 216 
236 204 
236 232 
464 216 
240 212 
240 236 
236 232 
236 236 
236 208 
232 216 
232 208 
232 244 
692 208 
236 208 
236 204 
236 208 
236 212 
240 256 
268 212 
236 204 
212 212 
232 536 
236 256 
236 204 
232 212 
236 208 
240 208 
240 260 
236 260 
216 212 
232 208 
236 228 
236 232 
240 212 
236 208 
236 216 
228 308 
232 208 
244 208 
236 236 
240 228 
384 236 
244 264 
232 228 
248 212 
240 212 
236 240 
240 208 
240 236 
240 228 
232 208 
232 212 
236 212 
240 236 
232 208 
240 212 
228 204 
240 220 
236 208 
236 224 
232 212 
236 216 
244 248 
232 236 
236 212 
232 208 
236 204 
232 212 
240 212 
236 236 
240 268 
232 204 
272 224 
240 236 
236 208 
860 232 
236 208 
228 216 
236 248 
228 216 
240 212 
240 216 
236 240 
236 208 
228 212 
232 248 
268 208 
232 212 
236 208 
248 208 
236 208 
236 224 
240 220 
228 208 
240 212 
240 212 
240 208 
236 208 
480 208 
232 212 
236 208 
232 208 
240 212 
240 212 
236 208 
244 212 
232 208 
744 220 
796 204 
236 204 
240 208 
236 236 
232 208 
244 212 
240 212 
216 216 
236 552 
236 208 
228 208 
236 220 
240 208 
232 208 
240 212 
232 212 
212 216 
236 216 
244 204 
236 236 
236 216 
236 208 
236 216 
232 212 
236 216 
240 208 
236 220 
236 256 
232 216 
236 228 
236 204 
240 264 
232 240 
240 208 
236 244 
232 220 
236 216 
236 240 
240 232 
240 212 
236 204 
232 208 
236 260 
236 208 
240 212 
240 212 
236 240 
244 212 
240 236 
228 224 
236 236 
744 204 
236 228 
236 232 
240 224 
232 216 
232 208 
240 224 
236 216 
232 208 
236 208 
228 212 
240 208 
236 260 
252 216 
236 220 
240 212 
228 212 
232 208 
228 212 
240 232 
252 208 
236 208 
236 232 
228 212 
236 212 
276 208 
48 52 
232 236 
232 208 
232 208 
232 232 
236 256 
240 212 
664 208 
496 212 
236 204 
228 208 
236 216 
236 208 
236 216 
236 240 
236 212 
232 208 
816 208 
236 212 
228 212 
236 212 
232 208 
232 208 
236 232 
236 240 
216 296 
232 576 
248 236 
232 268 
236 184 
44 216 
244 236 
236 208 
232 212 
216 212 
236 216 
232 216 
240 208 
236 232 
232 208 
228 212 
232 212 
236 208 
236 212 
240 212 
268 212 
232 208 
236 212 
236 236 
228 212 
236 216 
232 204 
232 208 
232 256 
236 204 
236 208 
240 236 
240 48 
236 212 
236 212 
236 232 
260 208 
240 256 
236 224 
232 208 
236 208 
236 208 
240 232 
232 248 
240 212 
232 212 
236 212 
236 220 
252 212 
248 220 
208 204 
240 212 
256 208 
236 208 
260 208 
236 208 
232 212 
240 224 
232 204 
236 212 
232 216 
240 212 
240 232 
232 208 
232 208 
240 216 
448 204 
236 212 
236 244 
296 208 
232 208 
240 236 
236 264 
232 212 
404 212 
240 212 
236 232 
236 208 
520 208 
236 212 
232 208 
236 212 
236 236 
236 208 
240 208 
232 212 
232 208 
236 404 
228 212 
232 212 
236 208 
232 208 
236 212 
236 220 
232 208 
216 212 
236 560 
240 208 
232 220 
236 208 
552 208 
240 236 
236 220 
240 216 
212 208 
232 216 
236 244 
236 240 
244 208 
236 220 
228 212 
236 220 
232 204 
236 208 
236 212 
236 232 
236 212 
232 208 
236 212 
240 212 
240 236 
236 208 
232 236 
232 208 
244 236 
248 216 
236 208 
236 212 
240 220 
236 236 
240 212 
232 212 
252 212 
232 204 
240 208 
240 208 
240 240 
236 204 
232 208 
240 236 
240 256 
232 208 
236 212 
232 208 
232 204 
232 212 
236 236 
236 232 
236 232 
232 204 
452 204 
236 212 
240 212 
240 220 
232 232 
236 252 
236 212 
236 212 
236 232 
236 236 
236 212 
232 208 
236 216 
232 220 
308 216 
236 220 
228 208 
232 208 
240 220 
236 216 
228 216 
236 248 
316 204 
572 260 
236 212 
228 208 
240 268 
236 220 
236 204 
236 208 
240 212 
232 244 
228 388 
240 208 
436 212 
232 264 
232 252 
232 216 
236 220 
248 212 
216 204 
240 580 
236 208 
240 216 
236 232 
324 232 
236 336 
236 224 
236 216 
216 212 
236 236 
240 212 
236 228 
228 212 
276 212 
236 216 
240 232 
236 232 
236 216 
240 220 
228 212 
232 204 
232 208 
240 232 
228 208 
236 212 
228 208 
232 208 
240 212 
232 208 
240 236 
236 268 
236 244 
232 208 
232 232 
236 208 
236 236 
236 252 
232 256 
232 212 
232 212 
240 204 
236 216 
240 212 
240 232 
236 204 
236 216 
236 208 
236 220 
308 208 
240 208 
236 248 
236 208 
236 208 
236 216 
232 212 
232 216 
236 204 
236 208 
236 224 
228 216 
236 232 
232 208 
236 216 
240 212 
236 212 
240 232 
240 208 
232 208 
344 232 
236 232 
236 208 
236 208 
240 220 
232 212 
272 212 
236 244 
1092 260 
588 208 
236 208 
232 236 
240 208 
236 232 
232 212 
240 256 
240 260 
232 212 
240 536 
240 228 
232 208 
236 208 
220 40 
236 236 
244 212 
236 208 
216 208 
240 600 
232 212 
232 212 
232 208 
240 304 
236 212 
232 204 
232 212 
220 212 
236 624 
228 216 
236 212 
240 244 
260 40 
236 212 
236 236 
236 220 
236 240 
236 240 
236 212 
236 220 
228 216 
244 224 
240 212 
232 208 
236 236 
232 208 
236 236 
236 216 
240 212 
236 244 
232 212 
236 208 
244 224 
232 212 
236 208 
236 236 
240 232 
240 212 
460 208 
244 44 
240 232 
232 212 
232 256 
240 244 
236 212 
240 212 
236 232 
240 240 
232 208 
240 216 
232 248 
236 208 
236 212 
236 208 
232 208 
236 212 
232 220 
228 208 
240 212 
240 208 
240 236 
232 212 
256 208 
240 212 
236 1032 
236 208 
236 208 
352 212 
236 208 
236 204 
232 212 
236 236 
228 212 
236 208 
236 208 
240 220 
596 216 
236 220 
232 224 
236 212 
236 212 
236 212 
236 212 
228 212 
216 208 
244 412 
240 228 
232 212 
232 208 
232 204 
232 212 
232 204 
236 228 
212 232 
236 648 
236 212 
236 208 
244 240 
240 236 
240 244 
236 228 
232 216 
212 208 
240 208 
236 232 
232 228 
236 212 
236 216 
236 208 
232 212 
236 236 
236 232 
236 216 
232 248 
236 212 
236 232 
240 208 
236 232 
244 232 
232 196 
232 228 
228 208 
236 208 
240 208 
240 212 
228 212 
232 208 
232 212 
240 228 
236 240 
256 216 
232 204 
272 212 
232 216 
236 228 
236 212 
244 208 
236 212 
292 208 
236 208 
236 236 
240 212 
232 212 
232 224 
456 208 
236 256 
232 228 
236 212 
236 944 
236 208 
236 208 
232 208 
240 236 
232 212 
236 208 
236 212 
228 208 
228 208 
236 208 
236 212 
240 212 
236 208 
356 216 
236 228 
236 212 
236 212 
232 216 
236 212 
232 208 
244 204 
236 240 
616 208 
236 212 
232 204 
240 208 
232 204 
240 232 
232 208 
232 232 
212 216 
240 436 
228 208 
232 904 
236 256 
240 204 
240 468 
232 232 
224 208 
216 204 
240 688 
236 216 
240 220 
240 212 
236 220 
232 244 
228 212 
236 236 
208 232 
236 240 
236 208 
232 212 
236 212 
236 220 
232 220 
232 212 
236 208 
240 208 
244 224 
236 244 
236 212 
232 208 
236 212 
236 212 
236 232 
232 208 
228 204 
244 220 
244 212 
240 232 
240 212 
236 268 
228 212 
236 208 
236 208 
232 204 
236 212 
236 204 
236 208 
236 208 
232 212 
232 208 
236 220 
468 224 
236 236 
232 244 
236 324 
240 212 
240 236 
240 236 
228 208 
240 208 
244 268 
240 212 
236 216 
228 212 
236 208 
236 216 
236 212 
236 216 
232 264 
240 212 
236 248 
232 204 
236 208 
232 208 
236 212 
236 208 
404 212 
236 212 
236 236 
236 220 
232 204 
232 208 
236 212 
232 208 
232 212 
1564 228 
232 216 
240 232 
240 232 
236 220 
228 212 
236 212 
240 256 
44 44 
236 508 
236 224 
240 240 
232 212 
236 208 
236 212 
244 212 
236 208 
212 204 
236 688 
236 224 
240 236 
236 220 
232 212 
232 204 
228 212 
240 220 
212 220 
232 204 
236 208 
232 204 
236 236 
228 212 
232 212 
684 212 
228 208 
236 204 
240 224 
240 208 
44 44 
236 212 
236 236 
236 220 
236 248 
256 212 
232 212 
236 208 
236 208 
232 212 
228 212 
240 232 
240 216 
236 236 
236 208 
240 216 
236 264 
240 256 
232 232 
236 236 
232 216 
236 220 
236 220 
236 216 
232 208 
240 236 
232 212 
236 212 
240 204 
212 204 
232 208 
236 232 
248 236 
236 208 
236 216 
240 232 
228 316 
232 204 
236 208 
224 220 
236 256 
232 212 
236 212 
236 212 
240 220 
240 236 
248 208 
232 212 
404 260 
236 248 
232 244 
232 208 
240 232 
236 224 
236 216 
244 216 
240 212 
648 212 
236 208 
236 220 
292 236 
236 208 
240 212 
240 216 
236 212 
212 216 
232 480 
232 208 
232 204 
240 208 
236 212 
236 260 
236 208 
232 212 
212 212 
232 208 
240 236 
328 212 
232 244 
912 208 
236 208 
236 232 
232 208 
216 236 
240 204 
240 204 
236 208 
236 236 
236 256 
240 208 
228 224 
240 212 
236 208 
236 212 
236 244 
236 208 
236 208 
244 208 
232 208 
268 220 
232 204 
248 208 
232 208 
232 208 
232 204 
236 212 
236 208 
236 252 
236 220 
236 252 
240 212 
236 208 
236 252 
236 204 
236 208 
236 208 
236 232 
332 220 
240 208 
236 252 
236 220 
232 212 
236 208 
236 208 
240 236 
240 212 
236 204 
460 208 
236 212 
232 216 
236 232 
240 256 
236 212 
256 208 
224 216 
232 220 
240 220 
232 224 
324 208 
236 220 
240 236 
232 208 
240 212 
432 208 
236 208 
240 204 
236 208 
228 260 
236 212 
236 216 
240 236 
232 216 
676 204 
232 208 
236 236 
240 256 
240 212 
232 208 
232 208 
232 212 
212 244 
240 500 
228 212 
788 212 
232 216 
240 264 
232 208 
232 208 
236 208 
216 216 
232 212 
236 208 
236 216 
240 212 
224 212 
252 216 
232 212 
236 232 
224 264 
232 216 
232 208 
236 212 
256 212 
456 208 
228 228 
236 208 
232 208 
240 212 
240 212 
232 212 
236 208 
236 212 
244 260 
244 212 
228 208 
232 212 
232 208 
844 204 
236 248 
232 236 
236 264 
236 212 
236 208 
232 204 
236 208 
240 212 
236 208 
232 204 
228 208 
236 212 
236 212 
232 204 
236 216 
240 204 
240 212 
236 208 
232 212 
236 204 
228 208 
232 208 
240 224 
236 232 
240 236 
236 212 
236 216 
236 208 
236 236 
228 212 
236 208 
52 40 
196 208 
244 244 
232 204 
240 232 
232 212 
236 212 
236 232 
236 232 
464 244 
240 212 
240 208 
236 208 
240 228 
240 212 
236 232 
256 212 
292 208 
676 216 
236 208 
240 236 
236 204 
240 216 
236 232 
240 208 
232 212 
216 220 
236 528 
40 44 
236 208 
240 212 
232 204 
236 256 
228 208 
236 208 
220 204 
236 212 
232 204 
236 208 
240 216 
244 228 
232 208 
240 208 
232 212 
236 212 
240 220 
236 212 
232 208 
240 204 
244 232 
236 236 
236 216 
608 220 
236 236 
232 48 
248 212 
236 208 
232 216 
228 212 
232 208 
236 208 
236 236 
312 232 
240 208 
236 228 
240 216 
240 236 
232 264 
240 208 
236 208 
240 236 
240 212 
232 204 
232 208 
232 236 
236 204 
240 212 
236 216 
236 208 
240 208 
236 220 
232 204 
232 208 
240 216 
228 208 
560 208 
236 232 
240 236 
236 236 
232 220 
236 208 
228 212 
236 236 
232 264 
232 212 
212 212 
232 212 
236 224 
232 212 
236 208 
236 228 
244 236 
240 236 
236 240 
480 236 
236 208 
236 208 
244 268 
268 244 
236 212 
232 212 
228 212 
240 208 
668 212 
232 212 
232 216 
232 204 
240 212 
228 212 
236 216 
236 220 
212 236 
232 528 
236 236 
228 212 
232 204 
232 204 
228 232 
236 204 
232 208 
212 204 
232 208 
236 220 
232 208 
236 228 
240 208 
240 208 
236 208 
240 216 
240 260 
232 212 
236 212 
228 240 
232 208 
236 212 
232 232 
240 212 
232 204 
236 208 
236 216 
256 212 
228 208 
236 208 
232 220 
232 212 
232 208 
232 212 
232 208 
236 260 
240 216 
232 208 
236 208 
240 212 
236 256 
232 248 
232 228 
236 204 
236 204 
240 212 
244 232 
240 232 
364 208 
232 212 
236 212 
236 204 
232 212 
236 208 
236 212 
236 204 
232 212 
236 204 
232 208 
236 236 
240 252 
240 232 
236 224 
232 212 
232 208 
228 208 
228 204 
268 208 
236 204 
232 208 
236 208 
236 216 
236 208 
228 212 
232 212 
228 220 
488 224 
228 220 
232 228 
236 212 
528 204 
236 236 
236 212 
240 212 
304 224 
732 212 
228 208 
232 232 
240 208 
236 232 
232 316 
232 208 
236 212 
216 236 
228 588 
248 232 
236 204 
232 212 
232 208 
236 236 
236 212 
236 240 
212 256 
236 220 
228 208 
228 212 
232 208 
236 236 
240 220 
236 212 
236 208 
240 212 
240 208 
236 212 
240 208 
236 240 
240 208 
240 208 
240 212 
236 208 
232 216 
240 208 
232 212 
240 232 
236 208 
232 204 
232 208 
236 208 
240 216 
232 212 
580 208 
228 212 
232 212 
232 236 
240 232 
236 208 
236 212 
236 224 
240 232 
232 216 
236 260 
232 208 
236 212 
240 336 
232 208 
232 216 
240 236 
232 212 
240 212 
232 212 
236 228 
232 244 
232 204 
444 208 
232 212 
232 216 
232 204 
236 212 
232 212 
236 204 
236 208 
236 208 
244 212 
228 212 
344 204 
228 208 
232 208 
232 212 
232 212 
232 212 
228 208 
496 212 
236 236 
228 212 
236 208 
48 40 
236 220 
236 204 
236 204 
228 216 
992 236 
232 208 
236 220 
232 208 
236 208 
236 236 
240 236 
236 232 
244 208 
232 616 
236 212 
236 216 
232 212 
236 212 
232 212 
232 236 
232 216 
216 212 
228 212 
228 204 
244 220 
240 220 
232 212 
232 208 
236 204 
48 48 
232 264 
236 236 
236 232 
236 232 
236 212 
240 216 
236 236 
228 212 
232 208 
236 232 
240 212 
244 208 
236 212 
232 208 
236 212 
232 232 
304 232 
236 260 
236 44 
240 204 
228 204 
232 212 
240 224 
240 236 
232 204 
236 212 
240 208 
236 208 
228 212 
240 204 
232 212 
240 208 
232 232 
232 204 
232 208 
236 220 
240 212 
236 208 
236 204 
232 208 
240 236 
988 232 
232 212 
236 212 
232 208 
228 224 
240 212 
236 204 
232 208 
236 232 
232 212 
308 252 
240 232 
236 232 
228 212 
240 208 
236 208 
232 264 
232 212 
232 252 
544 236 
232 204 
236 208 
232 232 
232 208 
240 212 
236 212 
240 236 
232 216 
256 220 
236 240 
232 256 
240 208 
236 208 
232 216 
240 244 
232 208 
216 212 
232 616 
244 208 
232 208 
236 232 
236 212 
240 208 
240 208 
236 212 
216 208 
236 212 
236 232 
232 252 
232 212 
240 240 
244 1168 
240 252 
232 204 
232 212 
236 220 
236 224 
240 232 
232 232 
236 204 
232 228 
236 236 
244 208 
236 260 
232 216 
228 212 
236 208 
240 236 
232 236 
244 212 
240 216 
236 256 
236 208 
236 212 
236 236 
236 212 
236 212 
236 204 
236 212 
232 208 
504 212 
240 220 
236 236 
240 212 
236 968 
236 212 
232 232 
228 208 
228 208 
228 212 
228 204 
236 252 
260 212 
232 208 
236 212 
236 232 
240 232 
232 236 
236 208 
232 212 
240 236 
236 212 
232 204 
236 208 
236 256 
312 208 
236 208 
236 208 
236 212 
240 220 
240 212 
236 236 
236 216 
236 268 
532 236 
240 204 
240 216 
236 240 
228 208 
236 208 
232 212 
236 208 
236 212 
240 384 
236 216 
236 248 
236 216 
236 248 
264 244 
240 212 
232 256 
216 236 
236 648 
240 264 
236 204 
232 208 
236 216 
236 244 
232 208 
240 216 
208 208 
240 232 
240 212 
232 212 
240 208 
240 232 
236 212 
240 216 
236 236 
260 208 
244 236 
236 212 
232 204 
232 224 
236 212 
232 212 
236 208 
240 208 
236 216 
236 216 
232 208 
232 212 
228 212 
244 208 
228 208 
236 208 
232 208 
232 212 
1156 236 
240 212 
236 244 
228 212 
232 212 
232 208 
232 212 
240 212 
240 236 
236 208 
232 216 
236 212 
236 216 
240 204 
236 212 
232 232 
236 216 
232 212 
236 208 
236 208 
388 236 
240 224 
236 220 
228 212 
232 212 
232 204 
236 208 
232 208 
240 208 
232 204 
240 208 
236 208 
332 212 
240 212 
1168 236 
240 236 
236 232 
240 220 
236 216 
236 216 
236 232 
544 236 
236 212 
236 208 
236 212 
236 212 
240 260 
256 212 
232 204 
228 204 
236 440 
232 204 
232 212 
44 48 
236 236 
240 232 
232 216 
232 212 
208 208 
240 656 
236 212 
232 208 
232 212 
232 212 
236 236 
236 224 
236 212 
208 208 
232 208 
236 220 
236 212 
240 236 
240 200 
232 208 
240 216 
232 220 
232 208 
232 212 
232 240 
236 260 
236 212 
44 44 
236 208 
232 212 
1092 232 
232 208 
240 212 
232 208 
232 212 
236 220 
232 204 
236 236 
232 232 
232 212 
240 212 
240 268 
236 212 
240 216 
228 208 
240 52 
232 208 
236 232 
240 212 
240 208 
236 236 
236 216 
232 204 
480 208 
232 244 
244 208 
232 216 
240 212 
244 216 
236 212 
240 236 
240 236 
236 236 
228 212 
1176 252 
240 248 
240 236 
240 216 
236 224 
236 208 
240 232 
252 208 
252 212 
336 212 
236 204 
236 216 
236 208 
232 208 
240 224 
240 212 
252 212 
232 212 
588 208 
228 208 
240 232 
236 220 
240 208 
232 204 
232 204 
240 208 
236 232 
236 432 
332 208 
236 216 
236 220 
236 224 
236 220 
748 220 
236 252 
212 208 
216 216 
0 0 
0 0 
0 0 
240 236 
236 244 
232 208 
232 204 
208 204 
240 228 
228 204 
236 212 
232 212 
236 220 
236 232 
256 212 
232 204 
232 208 
240 236 
236 228 
232 212 
236 208 
236 208 
240 208 
240 212 
236 220 
244 216 
236 204 
240 224 
256 212 
232 224 
240 212 
232 208 
232 212 
236 232 
260 212 
240 208 
236 212 
240 232 
240 208 
236 216 
240 220 
232 212 
236 212 
240 256 
240 236 
260 216 
236 216 
236 244 
232 212 
228 216 
236 236 
232 236 
232 212 
236 216 
240 224 
236 212 
232 208 
236 216 
240 220 
232 208 
236 208 
232 236 
232 208 
232 216 
240 204 
240 224 
236 216 
388 236 
240 216 
232 212 
240 212 
240 208 
244 212 
236 212 
232 232 
240 212 
604 212 
300 208 
240 248 
228 212 
620 236 
300 212 
236 268 
228 212 
216 208 
236 436 
236 208 
236 208 
236 208 
236 232 
240 232 
288 212 
236 236 
212 224 
232 684 
248 212 
236 216 
244 212 
240 204 
232 208 
236 212 
232 232 
212 216 
236 212 
252 204 
240 212 
236 208 
236 232 
240 204 
240 208 
236 236 
232 212 
240 208 
232 212 
232 248 
236 212 
228 220 
232 212 
244 208 
240 216 
236 220 
240 232 
232 204 
240 208 
232 232 
236 212 
236 228 
232 204 
236 208 
232 208 
240 216 
240 264 
236 252 
232 216 
236 212 
240 236 
236 212 
232 208 
236 208 
236 224 
236 212 
236 268 
236 216 
236 212 
236 212 
228 212 
236 236 
240 224 
240 212 
228 228 
232 212 
240 256 
236 208 
236 292 
68 52 
0 0 
0 0 
0 0 
0 0 
0 0 
0 0 
0 0 
0 0 
0 0 
0 0 
0 0 
0 0 
0 0 
0 0 
0 0 
0 0 
0 0 
0 0 
0 0 
0 0 
0 0 
0 0 
0 0 
0 0 
0 0 
0 0 
0 0 
0 0 
0 0 
0 0 
0 0 
0 0 
0 0 
0 0 
0 0 
0 0 
0 0 
0 0 
0 0 
0 0 
0 0 
0 0 
0 0 
0 0 
0 0 
0 0 
0 0 
0 0 
0 0 
0 0 
0 0 
0 0 
0 0 
0 0 
0 0 
0 0 
0 0 
0 0 
0 0 
0 0 
0 0 
0 0 
0 0 
0 0 
0 0 
0 0 
0 0 
0 0 
0 0 
0 0 
0 0 
0 0 
0 0 
0 0 
0 0 
0 0 
0 0 
0 0 
0 0 
0 0 
0 0 
0 0 
0 0 
0 0 
0 0 
0 0 
0 0 
0 0 
0 0 
0 0 
236 220 
256 220 
236 212 
236 232 
232 212 
240 212 
228 212 
236 212 
236 248 
244 256 
236 208 
228 216 
420 212 
228 208 
232 216 
244 212 
228 212 
240 208 
240 236 
260 208 
320 204 
656 208 
236 212 
232 216 
228 212 
236 208 
236 212 
236 232 
244 212 
212 228 
268 416 
244 212 
232 212 
232 216 
240 212 
236 244 
236 208 
672 208 
216 228 
232 716 
236 236 
232 232 
240 236 
232 208 
232 208 
240 220 
236 264 
216 208 
228 208 
240 236 
268 212 
236 208 
232 204 
236 212 
232 208 
228 208 
244 212 
244 212 
232 212 
236 204 
236 236 
240 212 
232 212 
240 236 
228 212 
244 224 
236 212 
240 232 
240 268 
232 228 
496 212 
236 268 
236 240 
236 220 
236 212 
236 252 
236 208 
236 208 
232 212 
232 228 
236 236 
236 208 
232 208 
236 208 
240 216 
268 212 
228 212 
236 236 
240 212 
268 208 
236 256 
232 232 
236 248 
236 208 
236 216 
240 232 
232 240 
288 208 
236 212 
236 236 
236 204 
240 216 
240 216 
236 244 
280 204 
240 204 
240 232 
420 208 
232 212 
236 208 
236 236 
232 248 
236 216 
236 212 
240 232 
232 236 
660 220 
236 236 
232 220 
240 228 
232 292 
240 256 
236 260 
228 212 
212 208 
236 520 
236 232 
236 212 
240 236 
236 212 
236 260 
236 232 
232 204 
212 208 
244 720 
228 212 
236 208 
244 236 
236 216 
232 208 
236 236 
232 216 
216 208 
240 208 
240 208 
244 212 
228 216 
240 208 
232 232 
240 212 
244 236 
240 208 
240 236 
236 208 
404 216 
228 208 
236 212 
236 224 
232 212 
236 208 
236 212 
236 236 
240 216 
240 236 
232 208 
232 212 
276 204 
236 212 
236 208 
236 216 
236 216 
232 208 
240 212 
232 212 
232 204 
236 212 
236 236 
240 236 
236 208 
236 208 
236 232 
236 216 
232 208 
236 204 
240 236 
232 212 
236 212 
236 204 
392 208 
228 228 
236 212 
244 208 
240 208 
224 224 
236 232 
236 232 
236 224 
240 212 
236 220 
240 232 
232 216 
244 220 
444 204 
236 212 
236 216 
236 236 
232 244 
236 216 
240 212 
240 244 
228 324 
680 212 
232 204 
236 212 
236 236 
292 216 
236 232 
268 212 
232 212 
212 204 
240 512 
232 212 
236 236 
236 212 
228 220 
232 208 
236 216 
232 212 
212 204 
44 48 
236 212 
232 228 
236 236 
288 208 
232 216 
240 208 
236 212 
244 208 
216 212 
240 248 
240 248 
232 212 
236 208 
240 236 
240 212 
236 220 
236 204 
240 208 
240 220 
232 204 
236 236 
232 208 
236 208 
240 216 
244 220 
228 208 
40 44 
236 208 
232 212 
232 212 
232 208 
236 232 
240 232 
232 212 
236 208 
540 212 
236 204 
232 208 
240 232 
236 212 
232 240 
240 208 
220 212 
240 204 
240 224 
240 236 
232 212 
236 208 
240 232 
236 208 
240 220 
228 228 
232 212 
232 232 
236 220 
236 212 
232 204 
240 364 
212 1168 
240 232 
240 208 
232 212 
240 208 
244 208 
240 208 
236 240 
240 204 
468 216 
244 212 
240 208 
232 232 
232 204 
236 216 
240 224 
232 208 
216 212 
684 204 
236 212 
236 208 
228 204 
236 216 
232 212 
240 216 
228 204 
208 208 
232 544 
232 216 
240 212 
236 208 
232 208 
236 236 
368 208 
236 1120 
216 232 
332 692 
236 208 
240 236 
232 208 
232 212 
228 236 
236 260 
236 212 
240 208 
240 208 
268 212 
244 208 
236 208 
236 216 
244 208 
236 212 
240 208 
236 212 
232 208 
236 208 
232 228 
236 260 
240 216 
236 208 
240 232 
232 204 
236 204 
236 216 
232 208 
236 208 
236 208 
892 236 
248 208 
236 232 
240 236 
240 236 
236 208 
240 236 
228 204 
232 212 
236 208 
240 204 
236 212 
228 212 
236 212 
236 212 
236 208 
228 212 
232 212 
232 208 
236 208 
236 208 
228 208 
236 208 
260 220 
240 236 
268 224 
232 208 
240 212 
264 236 
236 232 
236 208 
228 224 
252 212 
240 220 
232 208 
232 212 
240 220 
476 208 
240 208 
228 208 
228 204 
240 212 
232 244 
236 208 
232 212 
236 212 
732 212 
232 208 
232 212 
240 212 
236 212 
224 1080 
240 268 
240 212 
212 212 
232 560 
236 236 
232 216 
240 208 
244 212 
232 208 
232 212 
240 216 
208 212 
244 208 
240 208 
236 208 
232 236 
236 228 
236 212 
232 204 
236 208 
240 208 
236 208 
232 236 
232 256 
232 208 
460 212 
236 232 
240 204 
236 208 
228 228 
236 232 
240 216 
696 212 
236 236 
232 216 
232 204 
236 220 
228 212 
236 212 
236 236 
232 212 
240 208 
236 244 
236 212 
224 208 
232 212 
232 208 
240 212 
240 240 
228 208 
240 236 
232 224 
232 224 
236 208 
236 212 
232 212 
232 204 
240 220 
236 208 
236 212 
260 208 
236 232 
232 212 
240 212 
244 232 
232 220 
228 232 
236 212 
240 208 
232 208 
236 212 
264 236 
236 232 
240 220 
240 224 
236 240 
232 216 
232 208 
236 216 
236 260 
492 208 
236 236 
232 208 
236 220 
232 284 
244 220 
236 232 
236 212 
240 260 
748 216 
232 208 
232 208 
236 212 
236 256 
228 212 
236 232 
236 212 
212 264 
304 500 
236 212 
232 208 
232 212 
236 236 
236 212 
228 212 
232 212 
212 248 
228 232 
48 212 
236 260 
240 256 
236 228 
232 208 
236 212 
236 232 
240 212 
1052 368 
316 212 
232 208 
240 216 
264 208 
232 204 
232 208 
232 212 
232 204 
240 216 
236 236 
236 236 
276 212 
240 208 
236 208 
240 260 
236 216 
232 208 
48 44 
236 220 
228 216 
232 204 
236 212 
236 224 
240 232 
236 232 
240 208 
236 208 
260 212 
228 208 
236 204 
236 212 
268 212 
240 236 
1032 236 
236 208 
232 208 
236 236 
240 212 
236 212 
236 208 
232 220 
232 208 
240 48 
236 240 
244 228 
228 244 
236 212 
240 208 
240 212 
280 208 
236 220 
232 224 
236 212 
240 236 
232 212 
232 224 
232 208 
236 212 
512 220 
240 212 
232 208 
232 212 
236 208 
240 212 
236 236 
340 208 
228 208 
236 364 
228 208 
240 236 
236 212 
228 204 
236 212 
232 216 
232 208 
216 208 
236 600 
236 212 
240 212 
232 240 
232 212 
236 204 
236 212 
1060 212 
216 232 
240 204 
236 212 
240 232 
228 220 
232 228 
276 212 
232 224 
232 208 
240 236 
240 332 
236 216 
232 208 
240 212 
232 212 
240 208 
232 224 
236 208 
240 212 
244 236 
236 208 
236 220 
304 212 
240 220 
228 216 
232 204 
228 208 
236 212 
232 208 
232 208 
236 212 
236 204 
232 224 
992 228 
236 212 
232 232 
240 256 
236 212 
232 208 
236 212 
232 208 
232 204 
240 212 
232 216 
232 208 
232 208 
236 228 
240 208 
240 212 
240 216 
236 208 
236 212 
244 212 
232 228 
236 268 
232 212 
232 204 
236 208 
240 232 
236 232 
324 208 
236 208 
236 208 
240 232 
236 208 
236 236 
636 204 
236 228 
228 212 
536 212 
232 208 
232 216 
236 208 
232 220 
232 204 
240 212 
232 208 
232 208 
228 396 
240 208 
236 220 
240 212 
236 208 
240 232 
232 204 
232 212 
212 212 
236 624 
232 204 
232 204 
240 212 
232 220 
240 212 
232 204 
236 208 
216 212 
232 208 
240 220 
236 236 
236 216 
244 208 
236 232 
232 212 
236 212 
236 208 
240 232 
264 204 
236 212 
240 212 
236 212 
236 216 
236 220 
236 204 
244 208 
236 232 
272 212 
256 212 
232 212 
236 228 
240 216 
232 212 
236 208 
232 212 
236 232 
236 208 
232 208 
236 212 
232 212 
236 208 
228 212 
236 212 
236 236 
236 208 
236 236 
236 216 
232 256 
228 208 
240 212 
236 212 
236 220 
236 236 
236 276 
240 232 
236 212 
244 236 
228 208 
232 212 
228 204 
236 208 
236 208 
676 212 
228 232 
236 212 
232 216 
236 240 
316 216 
232 204 
236 208 
240 208 
236 224 
240 208 
236 208 
232 232 
236 208 
548 208 
228 232 
236 224 
268 208 
240 208 
228 212 
232 204 
232 208 
232 208 
240 416 
232 236 
236 204 
240 220 
232 260 
236 224 
236 204 
232 212 
212 204 
232 644 
236 208 
228 208 
236 204 
236 216 
240 208 
232 208 
240 236 
216 208 
236 212 
240 244 
240 204 
236 236 
236 208 
236 204 
48 40 
232 216 
236 212 
236 220 
232 224 
228 208 
236 204 
236 244 
236 204 
240 236 
336 236 
232 216 
236 208 
232 276 
240 212 
236 208 
236 208 
232 256 
236 212 
236 208 
228 208 
264 216 
240 212 
232 208 
240 232 
236 240 
88 44 
236 212 
232 212 
236 212 
232 232 
228 208 
232 208 
236 216 
240 228 
232 232 
232 212 
804 212 
244 212 
236 204 
232 216 
232 204 
232 216 
236 212 
236 204 
236 252 
236 208 
240 236 
240 212 
232 208 
236 212 
236 260 
232 44 
360 256 
236 208 
236 236 
232 212 
236 208 
236 236 
232 208 
228 208 
228 208 
540 208 
240 240 
236 212 
240 216 
232 220 
232 232 
232 212 
228 212 
220 256 
664 220 
232 208 
236 216 
240 268 
228 208 
232 204 
244 208 
236 232 
220 208 
240 652 
236 212 
236 236 
236 212 
240 212 
232 212 
236 204 
244 232 
216 204 
236 268 
232 208 
236 256 
228 208 
232 216 
232 208 
232 220 
240 208 
236 212 
232 208 
240 212 
240 208 
232 208 
236 212 
236 248 
280 208 
236 208 
236 212 
232 232 
232 256 
232 228 
236 212 
236 220 
240 236 
236 264 
260 208 
240 216 
232 252 
232 208 
240 216 
232 208 
232 208 
236 232 
228 208 
240 216 
240 256 
252 208 
236 472 
240 216 
236 252 
232 232 
236 204 
236 216 
236 204 
232 216 
232 212 
240 220 
232 228 
236 264 
236 236 
236 208 
232 204 
240 212 
236 216 
236 208 
236 236 
240 244 
232 212 
236 208 
376 212 
232 256 
236 208 
240 212 
236 208 
232 212 
236 208 
424 216 
236 216 
588 220 
236 212 
232 272 
232 208 
240 236 
236 212 
228 240 
236 212 
224 232 
228 468 
236 236 
236 216 
232 208 
232 208 
240 232 
236 244 
228 204 
212 212 
248 672 
240 208 
232 232 
240 212 
236 208 
236 236 
236 212 
232 204 
208 204 
232 208 
240 236 
232 212 
240 212 
212 212 
236 204 
236 212 
236 204 
240 212 
232 236 
232 212 
228 208 
240 216 
236 208 
240 232 
232 212 
236 244 
228 220 
232 208 
244 208 
232 208 
232 216 
232 236 
232 208 
236 212 
240 236 
240 236 
232 216 
236 208 
236 212 
236 220 
236 228 
240 236 
236 232 
228 212 
240 236 
232 232 
236 220 
232 212 
236 208 
240 212 
240 216 
236 240 
236 212 
232 212 
232 260 
240 212 
240 236 
236 224 
236 204 
236 240 
236 244 
240 212 
232 208 
240 1052 
236 204 
232 212 
236 236 
236 208 
372 204 
236 212 
240 264 
232 208 
232 216 
232 208 
232 236 
244 236 
236 228 
640 208 
232 212 
228 208 
240 208 
232 208 
236 208 
236 212 
240 220 
216 216 
232 484 
240 236 
236 244 
232 212 
232 208 
236 204 
240 212 
228 212 
208 228 
240 704 
236 260 
308 216 
236 216 
236 236 
232 208 
232 208 
236 208 
216 524 
232 236 
236 212 
244 208 
244 252 
236 208 
236 212 
268 208 
228 208 
236 212 
380 204 
236 212 
236 212 
228 208 
236 236 
48 48 
228 212 
232 204 
232 204 
240 212 
232 264 
240 236 
232 212 
232 212 
240 216 
232 208 
228 212 
236 228 
432 212 
232 204 
240 208 
240 212 
300 204 
232 232 
48 48 
240 212 
240 236 
236 208 
236 212 
232 212 
240 212 
236 236 
232 228 
240 208 
236 1236 
232 212 
240 212 
236 220 
236 212 
236 208 
240 212 
236 236 
228 208 
232 44 
240 236 
232 244 
240 208 
236 224 
240 220 
232 264 
404 224 
236 212 
228 212 
236 204 
276 216 
240 232 
232 216 
236 204 
232 212 
644 236 
240 212 
232 208 
240 212 
264 208 
232 212 
244 204 
236 212 
212 236 
212 212 
236 212 
240 204 
232 212 
228 208 
236 208 
240 212 
272 208 
212 232 
228 208 
236 220 
232 212 
236 232 
232 212 
236 236 
264 204 
232 212 
212 264 
240 212 
236 216 
236 204 
236 208 
236 208 
240 208 
240 220 
228 216 
240 212 
240 232 
236 212 
232 212 
236 208 
232 224 
236 208 
232 204 
228 212 
240 244 
236 216 
236 236 
240 216 
232 208 
240 232 
236 204 
236 220 
232 212 
240 240 
232 212 
228 216 
236 208 
236 232 
228 208 
236 1020 
228 216 
236 240 
240 212 
232 232 
232 208 
232 208 
236 212 
232 216 
232 204 
236 208 
240 212 
240 216 
236 232 
232 212 
236 232 
228 208 
236 236 
228 308 
232 212 
236 216 
228 208 
240 220 
228 212 
232 204 
268 212 
236 236 
440 212 
236 212 
232 216 
228 208 
232 204 
236 204 
232 256 
240 1056 
236 216 
648 224 
232 248 
232 204 
236 216 
240 212 
236 236 
260 224 
232 228 
244 216 
232 488 
236 216 
240 232 
236 212 
236 212 
240 236 
236 208 
236 208 
236 208 
236 716 
236 212 
236 236 
232 208 
232 208 
236 208 
232 212 
236 208 
212 216 
244 212 
232 208 
240 216 
240 260 
820 212 
240 232 
240 204 
240 236 
236 252 
240 228 
236 204 
240 212 
232 208 
236 264 
228 220 
240 236 
240 232 
244 212 
232 212 
240 232 
232 208 
236 212 
240 208 
232 208 
244 236 
240 248 
232 208 
232 212 
232 236 
240 212 
232 208 
244 212 
240 232 
236 208 
236 216 
236 208 
240 208 
240 236 
228 236 
236 212 
232 216 
236 220 
236 232 
232 220 
352 204 
228 212 
228 212 
228 212 
232 208 
232 204 
204 216 
240 208 
236 216 
232 208 
236 208 
236 1096 
268 212 
232 208 
236 228 
436 208 
236 220 
236 236 
236 208 
236 208 
236 212 
236 232 
236 216 
304 236 
688 204 
240 204 
236 232 
232 212 
240 232 
232 260 
228 212 
232 208 
212 212 
236 520 
228 208 
232 208 
240 208 
236 232 
232 212 
232 208 
232 88 
216 208 
232 212 
240 208 
1116 232 
236 236 
240 252 
236 204 
232 204 
236 216 
224 212 
236 236 
272 208 
232 212 
228 216 
244 212 
232 260 
268 212 
236 212 
232 212 
232 208 
236 212 
236 212 
236 212 
236 208 
232 212 
232 208 
232 208 
240 212 
48 40 
236 208 
232 208 
232 212 
232 212 
236 220 
240 216 
232 208 
232 216 
240 208 
228 212 
236 208 
244 216 
236 256 
232 244 
232 212 
236 208 
236 212 
236 212 
228 212 
236 204 
232 208 
236 260 
244 220 
232 208 
240 212 
236 44 
240 220 
236 260 
236 260 
232 212 
236 212 
204 264 
232 208 
236 212 
236 212 
240 216 
240 212 
236 236 
240 236 
232 216 
476 204 
236 236 
240 212 
240 208 
236 212 
232 208 
232 208 
232 204 
236 236 
712 204 
236 208 
236 236 
228 212 
240 232 
240 220 
236 224 
228 212 
216 216 
980 212 
236 212 
240 212 
236 220 
240 204 
236 208 
236 216 
228 208 
216 208 
236 236 
240 212 
236 212 
236 220 
232 208 
236 208 
228 212 
240 248 
240 208 
240 236 
240 208 
232 212 
236 232 
232 204 
416 212 
236 204 
232 208 
232 212 
236 216 
236 232 
232 212 
232 216 
232 208 
236 212 
236 216 
952 212 
232 212 
232 204 
240 236 
236 212 
232 224 
236 264 
240 236 
240 212 
244 240 
240 212 
240 220 
240 212 
240 204 
232 204 
232 208 
236 220 
240 212 
232 224 
232 212 
240 216 
236 228 
236 212 
232 208 
236 212 
580 228 
236 188 
232 208 
232 228 
232 228 
208 196 
236 192 
188 232 
192 212 
236 212 
192 208 
208 192 
212 232 
192 188 
200 228 
196 256 
188 232 
212 208 
188 188 
408 272 
192 228 
308 248 
212 192 
208 208 
196 200 
872 188 
212 204 
216 228 
192 188 
232 192 
192 192 
236 228 
204 228 
228 228 
228 228 
216 228 
196 224 
228 224 
208 228 
232 224 
236 204 
236 212 
236 236 
240 256 
212 252 
236 232 
272 208 
232 208 
236 208 
236 212 
236 240 
236 212 
236 220 
236 212 
232 236 
264 212 
232 216 
232 208 
240 236 
860 236 
232 208 
236 212 
232 212 
240 224 
240 212 
228 212 
232 212 
240 212 
236 208 
236 220 
236 212 
240 212 
232 212 
232 208 
236 208 
236 212 
228 208 
240 232 
236 216 
236 208 
232 208 
232 212 
236 224 
236 216 
232 208 
240 208 
256 220 
240 208 
268 208 
236 212 
236 212 
244 212 
212 248 
240 220 
236 212 
236 212 
236 208 
240 208 
236 212 
240 212 
236 216 
276 208 
236 208 
240 212 
244 212 
236 236 
236 208 
236 224 
236 212 
236 208 
240 212 
236 232 
236 208 
484 216 
232 208 
232 220 
236 212 
240 212 
236 232 
240 232 
236 208 
236 208 
732 204 
232 228 
236 208 
236 232 
240 236 
232 208 
232 228 
232 208 
216 264 
236 560 
232 212 
244 212 
232 212 
232 212 
236 204 
232 204 
228 212 
212 212 
236 236 
232 204 
236 208 
264 204 
232 212 
236 236 
236 208 
236 232 
236 204 
232 208 
240 216 
240 236 
236 208 
236 208 
236 236 
236 236 
240 236 
256 208 
236 208 
244 256 
232 244 
240 236 
236 204 
232 208 
236 208 
236 212 
236 220 
232 248 
236 216 
232 232 
232 212 
236 220 
236 212 
232 208 
240 232 
236 236 
692 204 
232 204 
236 212 
232 236 
228 216 
236 204 
40 48 
236 208 
236 232 
236 216 
236 264 
236 212 
240 208 
236 232 
232 220 
236 208 
236 216 
228 228 
232 208 
236 220 
232 208 
240 208 
236 212 
280 212 
48 48 
232 212 
236 208 
236 212 
236 208 
240 220 
232 208 
232 208 
440 212 
232 208 
236 220 
232 216 
236 252 
236 240 
236 240 
232 192 
236 236 
228 384 
236 204 
244 208 
240 264 
232 208 
236 208 
232 224 
236 224 
204 44 
236 592 
232 256 
236 216 
232 208 
240 204 
240 224 
236 216 
232 208 
216 236 
236 208 
228 236 
232 208 
236 208 
236 208 
236 216 
236 212 
236 216 
236 232 
236 220 
240 212 
236 216 
236 236 
240 232 
232 212 
232 212 
236 236 
232 208 
232 208 
240 236 
232 204 
236 208 
240 216 
236 252 
236 236 
772 208 
244 212 
232 220 
232 208 
228 208 
240 212 
236 220 
236 236 
232 212 
240 572 
232 208 
240 208 
236 228 
236 232 
232 212 
240 236 
228 212 
232 208 
232 212 
240 208 
236 208 
236 228 
236 216 
280 224 
236 236 
228 212 
236 208 
240 208 
232 260 
236 256 
232 208 
232 236 
232 204 
232 208 
340 288 
232 216 
240 220 
232 232 
232 212 
232 212 
236 216 
236 216 
236 208 
536 204 
236 232 
232 224 
240 204 
236 212 
264 208 
236 204 
232 260 
236 208 
236 384 
236 212 
240 208 
248 216 
236 216 
236 216 
236 224 
240 232 
212 228 
236 608 
240 208 
236 208 
240 204 
236 212 
236 264 
232 212 
240 208 
220 224 
232 212 
260 208 
236 204 
240 236 
0 0 
0 0 
208 188 
44 44 
200 44 
60 44 
48 40 
236 208 
232 252 
196 196 
236 204 
236 236 
196 212 
212 192 
208 212 
192 252 
204 204 
232 188 
240 192 
232 188 
192 196 
48 196 
196 192 
44 48 
244 212 
240 212 
228 40 
240 228 
232 208 
232 304 
228 228 
196 208 
192 196 
196 216 
364 212 
236 212 
236 204 
196 192 
192 192 
236 216 
212 228 
236 212 
240 208 
236 228 
536 236 
232 228 
196 192 
252 216 
40 48 
232 204 
236 200 
44 44 
492 236 
192 44 
212 220 
248 372 
240 208 
232 216 
240 212 
224 212 
228 208 
216 212 
196 236 
196 196 
232 256 
196 208 
196 212 
232 208 
236 228 
232 208 
236 212 
216 212 
232 216 
48 44 
196 212 
188 220 
44 40 
196 208 
236 208 
188 44 
208 200 
240 196 
200 192 
224 236 
192 188 
196 196 
236 188 
236 188 
236 188 
188 192 
212 220 
276 208 
196 208 
196 236 
196 208 
212 232 
196 196 
192 192 
196 236 
236 196 
236 188 
236 208 
216 192 
44 44 
232 280 
44 44 
228 204 
240 228 
236 48 
236 204 
224 204 
216 196 
216 240 
224 228 
192 188 
236 212 
236 216 
240 216 
216 212 
232 208 
232 208 
232 208 
232 236 
248 212 
220 212 
220 212 
192 192 
192 924 
524 192 
232 208 
44 44 
316 236 
48 44 
508 376 
200 228 
192 44 
240 328 
228 212 
204 192 
224 196 
236 212 
216 564 
196 200 
208 228 
228 216 
240 348 
196 188 
236 236 
240 196 
228 212 
452 200 
224 216 
196 220 
216 212 
232 196 
228 204 
200 212 
48 48 
212 188 
44 44 
236 204 
204 208 
228 44 
192 220 
196 212 
200 192 
212 208 
196 196 
224 204 
236 236 
236 212 
232 208 
192 308 
232 236 
244 212 
208 208 
216 192 
244 684 
236 232 
240 212 
188 236 
236 208 
236 208 
236 232 
44 44 
212 236 
236 84 
236 208 
240 212 
236 44 
236 212 
236 228 
236 212 
236 212 
236 236 
200 208 
192 248 
236 204 
236 216 
240 228 
240 208 
228 208 
232 212 
232 228 
232 216 
236 232 
236 224 
232 212 
236 220 
236 236 
240 208 
48 40 
240 236 
48 40 
236 212 
212 40 
208 44 
192 212 
196 212 
236 220 
216 204 
216 196 
240 208 
232 192 
192 208 
236 212 
232 220 
232 212 
252 224 
240 208 
208 256 
240 208 
232 248 
236 236 
232 212 
224 208 
236 216 
232 212 
236 208 
48 44 
228 208 
44 40 
240 236 
240 212 
236 44 
392 224 
240 224 
236 208 
236 204 
232 208 
228 268 
232 232 
232 204 
232 208 
620 216 
240 208 
236 212 
232 220 
232 212 
256 212 
236 192 
240 208 
216 232 
240 440 
236 216 
192 212 
44 44 
224 204 
44 48 
228 604 
208 208 
188 44 
216 196 
240 216 
232 208 
236 188 
236 196 
236 208 
196 212 
188 212 
256 212 
252 188 
236 188 
212 208 
220 192 
228 216 
332 232 
232 208 
232 212 
216 284 
232 228 
228 232 
232 44 
72 44 
236 236 
44 44 
220 236 
216 236 
236 40 
232 212 
228 208 
232 212 
236 208 
240 264 
236 208 
192 216 
236 192 
236 196 
216 236 
224 216 
244 208 
192 192 
188 192 
620 372 
244 200 
236 232 
232 208 
204 204 
48 44 
232 216 
232 208 
48 44 
232 44 
208 200 
312 192 
192 220 
208 236 
216 192 
236 236 
236 1016 
212 208 
196 704 
212 212 
232 196 
232 192 
232 236 
236 212 
232 208 
232 228 
236 224 
392 212 
48 44 
232 208 
180 44 
192 212 
232 248 
220 40 
236 208 
232 212 
196 196 
228 336 
320 204 
252 212 
196 204 
192 192 
204 196 
232 208 
236 196 
232 200 
212 228 
208 212 
236 216 
688 208 
228 592 
212 188 
192 208 
208 188 
240 184 
232 204 
228 80 
48 40 
232 212 
44 44 
236 212 
232 40 
228 212 
232 208 
228 224 
240 236 
192 316 
228 244 
204 196 
192 208 
232 208 
236 212 
228 232 
192 288 
216 224 
236 256 
232 216 
208 220 
304 340 
232 216 
232 208 
236 208 
224 44 
72 44 
240 232 
232 252 
232 208 
236 216 
232 212 
272 216 
240 216 
232 236 
300 208 
232 212 
228 204 
240 236 
228 204 
236 236 
232 236 
240 212 
236 868 
240 216 
236 212 
44 44 
272 236 
240 256 
236 208 
236 208 
252 208 
236 208 
240 208 
236 204 
236 208 
216 212 
236 208 
236 220 
240 224 
240 236 
256 212 
232 212 
228 44 
240 220 
408 212 
232 204 
236 220 
240 232 
228 216 
240 212 
236 220 
240 212 
236 204 
656 212 
236 208 
228 1168 
240 208 
240 216 
232 240 
232 212 
236 208 
212 216 
240 464 
228 208 
236 212 
236 208 
236 208 
228 208 
236 208 
240 232 
216 212 
232 208 
236 232 
236 204 
236 208 
236 232 
232 208 
236 208 
236 204 
212 212 
228 212 
236 236 
228 212 
232 216 
236 208 
236 244 
236 208 
236 212 
236 204 
232 232 
236 212 
236 204 
236 256 
232 220 
232 208 
236 208 
236 208 
240 228 
232 212 
240 208 
236 212 
240 232 
236 212 
240 228 
232 208 
232 212 
240 236 
224 208 
268 208 
240 212 
232 208 
236 212 
232 216 
232 208 
236 208 
228 204 
236 208 
232 256 
244 212 
240 412 
244 220 
244 212 
236 236 
232 208 
328 248 
240 216 
232 216 
232 224 
232 232 
232 212 
224 212 
232 220 
240 236 
256 208 
228 208 
232 208 
240 216 
236 204 
240 204 
952 236 
240 212 
236 208 
236 212 
240 208 
232 208 
232 208 
236 208 
240 236 
604 216 
232 204 
236 212 
228 236 
232 232 
236 212 
240 236 
240 252 
216 208 
240 496 
296 212 
240 232 
232 212 
236 208 
236 216 
228 212 
228 208 
220 232 
464 512 
300 236 
232 264 
232 208 
228 212 
232 208 
236 208 
724 220 
232 208 
232 212 
236 232 
240 232 
228 228 
236 524 
236 256 
236 204 
236 208 
232 208 
240 216 
236 224 
232 212 
268 204 
236 236 
232 208 
240 216 
236 232 
232 248 
228 212 
236 212 
244 212 
236 208 
236 204 
236 208 
232 204 
232 208 
240 208 
232 216 
232 208 
236 236 
232 216 
232 216 
240 372 
236 236 
240 244 
232 212 
236 212 
236 232 
232 236 
236 232 
236 324 
236 212 
232 224 
228 212 
232 208 
240 216 
240 216 
236 220 
592 356 
232 208 
208 204 
232 212 
240 220 
240 236 
228 212 
232 224 
236 212 
240 212 
540 208 
456 216 
236 212 
232 208 
240 212 
240 256 
232 208 
240 236 
240 212 
248 208 
696 204 
236 208 
236 204 
236 208 
240 204 
244 220 
240 212 
236 212 
364 208 
240 504 
236 212 
232 208 
240 260 
232 236 
796 248 
236 216 
236 248 
212 208 
236 208 
240 232 
240 236 
240 224 
236 204 
236 208 
232 204 
236 220 
216 240 
236 212 
232 212 
240 208 
240 208 
232 232 
232 236 
232 208 
240 212 
228 212 
232 284 
236 216 
240 256 
236 248 
232 212 
244 216 
236 252 
232 216 
232 232 
236 228 
44 208 
232 232 
240 212 
232 212 
236 212 
236 208 
240 220 
240 220 
312 208 
236 216 
232 212 
236 216 
240 268 
236 208 
232 224 
236 212 
232 208 
236 204 
232 212 
232 232 
232 224 
236 212 
236 236 
236 232 
236 216 
244 208 
40 44 
236 252 
232 212 
236 204 
244 208 
224 240 
228 212 
236 232 
228 212 
364 216 
232 208 
240 208 
244 236 
236 208 
476 212 
228 224 
228 236 
232 208 
232 204 
232 208 
236 208 
236 220 
240 212 
716 224 
236 232 
240 320 
236 208 
240 272 
236 216 
228 212 
244 204 
212 44 
232 504 
236 216 
240 220 
240 228 
288 208 
240 212 
236 236 
236 212 
220 212 
236 208 
232 264 
236 440 
232 216 
228 208 
232 204 
236 212 
232 216 
228 208 
236 244 
236 212 
228 212 
232 216 
240 220 
236 212 
260 212 
232 236 
236 208 
348 236 
236 236 
236 252 
232 208 
240 208 
236 212 
236 232 
232 220 
232 208 
232 224 
232 208 
228 208 
232 212 
236 216 
232 208 
232 212 
232 220 
240 212 
240 236 
232 212 
236 232 
232 228 
232 216 
232 216 
236 208 
232 208 
228 212 
232 240 
240 220 
264 208 
240 256 
236 224 
228 212 
232 204 
240 208 
236 204 
236 212 
268 208 
236 240 
236 216 
240 212 
268 208 
236 212 
228 212 
232 216 
232 208 
236 212 
236 236 
236 260 
232 212 
508 216 
232 212 
240 208 
236 208 
236 208 
240 212 
232 216 
244 236 
232 216 
732 208 
236 212 
236 236 
240 236 
232 208 
236 240 
232 220 
240 212 
216 232 
232 584 
240 256 
232 248 
236 220 
232 220 
228 212 
236 212 
240 264 
216 232 
232 208 
232 204 
232 208 
232 228 
260 204 
240 244 
240 208 
288 232 
236 244 
252 212 
244 212 
240 220 
236 212 
236 236 
228 208 
228 212 
224 208 
232 212 
232 216 
236 236 
232 236 
236 232 
236 216 
240 232 
232 212 
232 208 
240 252 
232 212 
240 212 
232 212 
232 216 
236 212 
236 236 
232 208 
232 232 
236 236 
240 216 
240 236 
236 212 
244 220 
228 212 
688 236 
256 208 
236 208 
232 236 
232 256 
236 252 
236 212 
236 212 
236 208 
232 208 
232 208 
244 208 
236 208 
236 212 
240 212 
236 212 
236 232 
232 216 
276 208 
232 208 
232 256 
236 236 
236 188 
228 220 
236 236 
236 212 
232 208 
524 208 
236 232 
236 220 
236 212 
232 204 
232 216 
232 212 
236 332 
236 212 
712 212 
240 236 
236 212 
236 204 
252 208 
260 212 
236 208 
240 208 
212 208 
240 612 
236 212 
240 212 
228 212 
228 212 
228 212 
232 208 
236 212 
212 212 
232 216 
232 208 
240 212 
236 232 
236 208 
236 212 
236 224 
236 216 
228 208 
236 208 
240 208 
236 216 
236 204 
232 204 
232 212 
232 216 
236 208 
236 236 
236 244 
236 208 
232 208 
240 236 
232 232 
240 212 
236 224 
236 212 
236 208 
236 248 
232 244 
232 208 
388 212 
232 208 
240 296 
232 208 
236 232 
228 212 
232 212 
232 212 
232 236 
240 228 
232 208 
236 204 
232 204 
240 212 
240 236 
240 216 
240 208 
232 208 
236 232 
248 208 
228 208 
232 208 
48 204 
232 208 
232 212 
236 236 
240 232 
236 236 
240 228 
284 212 
236 216 
240 208 
236 208 
228 208 
236 232 
240 232 
228 208 
232 212 
524 204 
236 208 
236 236 
256 212 
240 204 
244 208 
232 208 
240 208 
236 236 
232 380 
48 228 
224 212 
232 212 
240 220 
232 228 
240 228 
240 212 
216 208 
236 612 
232 228 
240 216 
236 208 
236 212 
236 204 
236 240 
292 212 
212 240 
232 208 
236 208 
240 208 
236 236 
236 216 
232 212 
232 208 
236 208 
236 216 
236 84 
232 240 
228 212 
236 212 
232 220 
236 216 
236 232 
232 212 
232 208 
1176 208 
236 220 
232 212 
236 208 
232 208 
236 224 
460 212 
240 208 
236 208 
236 216 
228 212 
236 236 
240 208 
236 232 
232 204 
236 208 
240 232 
256 212 
236 232 
236 212 
232 208 
236 212 
240 208 
236 216 
236 204 
240 212 
236 232 
236 216 
236 204 
228 204 
236 208 
236 224 
228 212 
236 204 
236 236 
232 212 
240 212 
232 208 
236 208 
236 232 
236 264 
292 248 
232 204 
236 264 
232 204 
236 208 
240 260 
240 208 
240 204 
228 208 
556 204 
232 208 
236 232 
232 236 
240 216 
240 212 
236 280 
272 212 
236 220 
236 384 
236 208 
236 212 
240 216 
236 212 
236 204 
236 204 
240 208 
244 212 
236 624 
236 212 
240 236 
236 204 
232 204 
232 208 
240 212 
236 212 
212 220 
232 252 
236 208 
240 208 
232 208 
240 224 
328 212 
232 212 
236 1008 
236 208 
240 236 
232 208 
232 236 
232 212 
236 212 
236 204 
240 224 
236 240 
236 212 
236 232 
236 212 
232 208 
236 212 
236 208 
232 236 
236 212 
236 212 
236 212 
236 268 
228 208 
232 212 
228 208 
232 212 
236 212 
236 208 
240 204 
236 220 
236 212 
232 212 
232 208 
236 208 
244 204 
244 584 
236 216 
236 212 
232 232 
236 236 
236 216 
228 236 
236 224 
236 208 
236 212 
240 220 
236 236 
232 228 
232 204 
232 208 
236 208 
240 236 
236 208 
324 228 
236 232 
232 212 
240 208 
236 208 
228 224 
236 204 
240 208 
240 212 
564 216 
232 212 
236 204 
236 208 
236 212 
240 208 
240 236 
240 216 
236 328 
236 416 
240 216 
236 212 
236 216 
236 224 
236 256 
228 212 
232 252 
208 212 
236 644 
240 212 
236 228 
244 216 
240 212 
260 796 
236 208 
236 216 
216 232 
240 236 
236 216 
240 236 
232 248 
236 212 
228 212 
232 204 
236 240 
236 212 
232 224 
236 204 
236 220 
232 232 
236 212 
240 236 
244 216 
240 208 
236 208 
280 224 
236 212 
244 212 
236 204 
248 208 
228 212 
236 204 
236 208 
232 224 
236 232 
240 208 
236 204 
240 836 
236 236 
236 240 
248 220 
232 204 
236 212 
236 208 
232 212 
236 232 
236 212 
236 216 
236 260 
236 252 
236 208 
240 212 
236 236 
240 212 
256 208 
236 208 
276 208 
236 236 
232 212 
232 208 
240 240 
240 236 
232 208 
240 220 
240 212 
232 212 
352 208 
232 204 
232 204 
228 212 
48 360 
232 212 
236 220 
236 208 
284 212 
560 220 
232 208 
240 208 
244 208 
236 212 
232 212 
236 212 
236 208 
236 244 
236 308 
232 208 
236 208 
232 208 
232 212 
232 208 
232 212 
236 236 
216 232 
232 696 
232 208 
232 212 
236 216 
48 44 
232 208 
236 208 
240 212 
216 212 
236 236 
236 212 
232 236 
236 248 
232 236 
232 208 
248 204 
240 236 
232 240 
236 208 
232 208 
236 204 
236 212 
232 236 
240 236 
236 232 
240 212 
232 236 
232 216 
452 568 
236 232 
236 44 
232 264 
236 208 
236 252 
236 244 
236 208 
232 220 
236 204 
240 208 
236 212 
232 212 
236 236 
240 236 
232 216 
240 240 
236 212 
240 212 
236 220 
232 204 
188 256 
236 232 
236 224 
232 208 
232 212 
244 264 
232 216 
232 212 
228 216 
236 236 
236 212 
232 208 
900 236 
232 204 
236 224 
240 236 
236 260 
232 228 
236 216 
384 208 
232 208 
236 208 
240 220 
228 212 
236 220 
236 208 
240 228 
240 204 
616 208 
236 212 
240 236 
232 260 
236 208 
232 208 
232 208 
240 212 
240 208 
236 444 
228 212 
232 204 
236 212 
236 232 
232 208 
236 220 
232 220 
208 232 
236 684 
232 220 
232 404 
240 244 
228 212 
232 208 
236 204 
236 204 
212 216 
240 204 
232 204 
240 236 
232 208 
232 208 
236 208 
228 212 
236 232 
232 204 
236 208 
232 212 
232 208 
244 204 
236 248 
232 216 
228 212 
232 232 
240 212 
232 232 
240 212 
240 236 
236 236 
236 236 
236 208 
244 216 
232 216 
232 212 
232 208 
236 212 
240 248 
236 212 
232 208 
236 232 
232 236 
232 204 
228 208 
236 248 
236 256 
236 208 
236 208 
240 216 
756 236 
240 232 
232 212 
232 212 
240 232 
244 228 
232 208 
272 216 
236 208 
232 212 
232 208 
228 204 
236 208 
240 232 
236 272 
232 208 
240 232 
232 220 
388 216 
236 212 
404 208 
236 240 
236 212 
236 216 
236 208 
236 204 
232 212 
612 208 
244 264 
236 236 
236 204 
236 236 
264 212 
236 216 
896 236 
212 208 
236 472 
236 232 
236 208 
232 208 
232 216 
232 220 
236 208 
240 212 
216 212 
232 716 
232 232 
240 244 
232 264 
232 216 
232 220 
232 228 
236 212 
216 228 
232 224 
232 208 
236 232 
232 236 
232 212 
232 216 
240 236 
236 212 
232 208 
236 212 
240 232 
236 236 
240 232 
236 208 
564 208 
236 212 
236 212 
236 236 
232 204 
240 228 
232 208 
232 204 
240 212 
232 204 
236 208 
236 264 
240 220 
236 212 
236 212 
236 260 
664 208 
232 212 
232 212 
236 208 
232 208 
232 236 
236 236 
236 208 
244 216 
240 216 
228 212 
232 216 
236 236 
236 220 
260 204 
232 232 
236 208 
240 212 
232 204 
236 224 
236 236 
232 212 
232 208 
232 208 
240 212 
236 232 
240 248 
232 212 
232 208 
412 208 
236 208 
232 212 
232 208 
52 48 
652 208 
236 276 
232 208 
236 204 
660 216 
236 260 
228 212 
232 244 
240 212 
232 212 
232 208 
232 212 
212 268 
232 496 
228 204 
232 204 
232 232 
232 236 
232 212 
240 208 
228 212 
224 208 
236 688 
240 244 
232 220 
232 232 
48 44 
232 208 
264 208 
232 208 
220 208 
232 248 
228 212 
332 208 
232 216 
228 208 
232 224 
244 208 
232 208 
232 204 
232 220 
228 216 
236 208 
236 208 
228 220 
244 236 
232 212 
236 208 
232 208 
236 212 
240 212 
236 204 
236 212 
236 212 
236 232 
236 216 
236 232 
240 268 
244 208 
232 216 
228 236 
236 212 
244 208 
232 208 
236 216 
240 232 
236 212 
236 212 
236 204 
240 204 
236 212 
240 212 
240 224 
240 236 
236 204 
240 204 
236 208 
236 212 
236 232 
240 216 
236 220 
212 244 
232 208 
236 1084 
312 236 
232 204 
232 212 
236 212 
236 228 
236 224 
444 204 
232 212 
228 204 
236 208 
240 212 
240 212 
240 216 
236 216 
240 216 
672 252 
236 208 
236 212 
232 208 
240 204 
240 264 
268 204 
240 208 
212 260 
236 484 
236 240 
236 208 
236 216 
240 260 
256 276 
232 220 
232 208 
216 208 
528 688 
240 248 
232 220 
232 224 
236 208 
236 236 
236 204 
232 208 
216 264 
232 208 
240 220 
244 208 
228 208 
232 208 
236 212 
236 208 
240 232 
236 208 
232 212 
240 232 
236 232 
236 252 
236 252 
240 212 
240 208 
236 236 
240 208 
236 220 
240 212 
232 208 
236 216 
236 204 
280 260 
240 208 
232 208 
236 212 
240 236 
236 208 
236 212 
236 264 
240 212 
236 212 
236 212 
240 240 
236 232 
228 208 
236 208 
236 216 
236 224 
232 212 
236 224 
236 236 
236 236 
232 216 
236 212 
236 208 
240 216 
236 236 
236 204 
208 208 
244 232 
360 212 
232 208 
232 208 
240 236 
236 208 
236 212 
240 236 
476 212 
240 256 
232 204 
236 208 
236 208 
236 232 
228 220 
236 208 
232 212 
708 212 
232 212 
232 244 
232 208 
232 212 
232 236 
232 208 
240 212 
216 216 
236 500 
228 236 
232 212 
236 212 
240 236 
232 208 
236 236 
280 212 
224 208 
240 212 
232 232 
232 208 
236 212 
240 216 
244 220 
228 208 
240 220 
220 204 
232 208 
240 232 
232 208 
232 220 
240 208 
228 216 
232 216 
244 232 
248 212 
236 212 
240 336 
236 252 
268 208 
232 260 
352 216 
236 212 
236 264 
232 208 
236 212 
236 208 
236 236 
252 216 
236 208 
232 208 
236 216 
232 212 
236 208 
236 208 
236 236 
240 232 
248 208 
232 224 
232 204 
236 212 
232 212 
240 216 
236 248 
236 212 
236 252 
236 208 
232 208 
236 204 
236 216 
240 208 
240 208 
252 208 
232 216 
240 212 
240 216 
228 216 
228 232 
236 260 
364 212 
236 208 
232 208 
232 204 
232 208 
240 212 
244 228 
480 224 
236 216 
228 208 
236 212 
236 212 
236 244 
232 212 
236 208 
232 208 
692 88 
236 216 
240 256 
236 216 
232 208 
236 212 
228 212 
236 220 
216 236 
240 552 
232 220 
236 232 
232 208 
240 204 
236 208 
232 256 
236 204 
216 208 
236 204 
236 256 
240 216 
236 240 
236 212 
236 220 
232 212 
236 216 
236 208 
236 204 
236 236 
44 44 
268 212 
232 216 
236 236 
236 236 
236 208 
232 204 
236 232 
240 264 
236 208 
236 232 
228 208 
236 216 
244 232 
240 268 
240 212 
240 208 
232 208 
232 208 
236 212 
240 220 
236 212 
240 232 
236 256 
236 208 
240 204 
240 216 
232 240 
228 44 
240 216 
232 212 
232 212 
232 212 
240 216 
240 256 
236 224 
256 212 
236 212 
232 208 
244 828 
0 0 
0 0 
0 0 
0 0 
0 0 
0 0 
0 0 
0 0 
0 0 
0 0 
0 0 
0 0 
0 0 
0 0 
0 0 
0 0 
0 0 
0 0 
0 0 
0 0 
0 0 
0 0 
0 0 
0 0 
0 0 
0 0 
0 0 
0 0 
0 0 
0 0 
0 0 
236 224 
360 240 
232 212 
212 208 
236 544 
240 208 
232 212 
236 220 
240 236 
228 212 
232 212 
232 212 
216 236 
340 964 
244 232 
236 224 
236 204 
240 208 
232 208 
232 208 
240 208 
236 204 
236 236 
236 248 
236 224 
232 216 
240 208 
236 224 
232 252 
236 216 
236 256 
240 208 
232 204 
240 432 
232 216 
236 208 
236 208 
236 208 
240 232 
236 208 
236 232 
236 208 
256 212 
232 220 
236 208 
236 204 
232 212 
260 212 
232 204 
240 216 
232 212 
232 220 
228 212 
236 212 
240 212 
236 212 
236 204 
240 208 
236 212 
240 212 
228 216 
236 208 
236 212 
236 232 
236 416 
236 252 
228 216 
240 208 
236 208 
240 208 
232 228 
368 216 
252 212 
236 252 
236 212 
240 268 
228 212 
236 456 
240 208 
232 236 
232 240 
240 644 
232 216 
236 204 
236 208 
236 212 
232 236 
240 240 
236 212 
236 216 
732 204 
232 220 
232 212 
236 236 
240 236 
232 208 
236 208 
236 872 
216 212 
236 608 
236 208 
240 208 
240 232 
240 232 
236 248 
232 216 
236 208 
212 204 
240 212 
232 212 
236 240 
228 208 
232 208 
240 208 
236 244 
236 224 
236 212 
236 264 
252 212 
240 216 
228 216 
232 208 
240 208 
228 216 
232 216 
232 212 
232 212 
240 236 
236 264 
236 216 
232 208 
212 208 
236 208 
236 212 
232 232 
236 212 
232 212 
236 228 
232 240 
236 216 
236 232 
236 208 
236 208 
232 208 
232 212 
236 232 
236 220 
236 240 
236 236 
240 208 
232 208 
240 204 
232 204 
232 212 
236 212 
232 208 
232 212 
236 208 
236 264 
232 208 
236 208 
236 208 
232 208 
236 212 
236 236 
232 204 
240 212 
316 204 
240 328 
232 216 
236 252 
240 220 
240 204 
236 212 
232 248 
236 260 
520 220 
228 220 
232 244 
232 212 
240 208 
1096 232 
236 236 
228 212 
236 216 
752 204 
228 208 
236 236 
232 212 
236 216 
236 208 
236 232 
228 208 
212 212 
236 604 
232 208 
232 208 
232 208 
240 212 
232 212 
240 208 
236 212 
212 216 
232 212 
236 216 
240 252 
236 204 
232 204 
244 208 
236 232 
44 40 
236 208 
236 240 
