# ./FR-trace starting at Mon Apr 20 18:58:56 2020
################# CONFIG #################
# slot=5000
# samples=10000
# threshold=100
# idle=500
# minlen=500
# runs=10000
# pdathreads=2
# nmonitored=2
#   monitor0=../apps/openssl ec2_mult.c:153 0x1e7854
#   monitor1=../apps/openssl ec2_mult.c:161 0x1e789c
# nevicted=0
# npdatargets=2
#   target0=../apps/openssl bn_gf2m.c:412 0x20bd10
#   target1=../apps/openssl bn_gf2m.c:412+64 0x20bd50
# affinity=all
############## SYSTEM INFO ###############
# mastik_version=
# sysname=Linux
# nodename=lovelace
# release=5.3.7-arch1-1-ARCH
# version=#1 SMP PREEMPT Fri Oct 18 00:17:03 UTC 2019
# machine=x86_64
################## DATA ##################
# run=2307
# datapoints=10000
44 44 
208 204 
232 208 
228 216 
228 212 
228 212 
236 240 
236 204 
232 216 
240 208 
236 236 
232 212 
228 208 
240 220 
232 208 
236 240 
236 212 
236 268 
232 212 
236 236 
236 216 
236 216 
236 232 
232 204 
236 216 
240 212 
232 204 
236 208 
44 64 
364 208 
232 220 
232 224 
236 212 
240 212 
260 212 
236 216 
232 208 
232 212 
236 232 
232 228 
232 212 
240 216 
360 212 
232 212 
228 212 
240 220 
220 216 
236 48 
228 208 
236 208 
236 236 
228 212 
232 256 
236 208 
232 212 
452 208 
236 212 
240 236 
236 212 
228 212 
228 212 
236 220 
228 1152 
232 212 
684 212 
232 260 
228 208 
236 236 
236 236 
236 212 
236 216 
252 212 
212 208 
232 544 
236 236 
232 216 
244 216 
236 208 
232 216 
228 212 
228 212 
212 220 
232 204 
252 248 
248 212 
236 212 
232 208 
232 208 
228 212 
236 240 
240 212 
232 212 
236 236 
232 208 
232 208 
232 220 
228 212 
232 216 
236 232 
232 208 
232 236 
236 212 
232 212 
232 208 
232 240 
236 212 
536 212 
232 212 
236 220 
228 208 
236 208 
236 220 
1180 212 
232 212 
244 244 
240 208 
228 212 
236 220 
232 208 
232 216 
240 216 
236 232 
236 236 
296 216 
240 212 
236 204 
232 208 
236 256 
236 220 
232 212 
232 212 
232 220 
236 232 
228 224 
240 264 
232 208 
240 220 
232 208 
248 216 
236 208 
232 224 
248 232 
232 240 
232 208 
292 208 
236 212 
448 688 
236 212 
236 216 
236 204 
504 216 
232 204 
236 224 
236 208 
240 216 
236 252 
232 208 
232 224 
236 212 
712 208 
232 240 
232 216 
232 216 
228 212 
232 204 
232 208 
228 228 
212 208 
232 580 
228 212 
236 224 
228 240 
236 220 
228 212 
232 248 
232 212 
212 208 
232 212 
232 216 
236 212 
236 212 
236 236 
240 212 
240 220 
232 204 
240 216 
240 216 
228 216 
236 224 
236 212 
236 228 
232 260 
228 276 
232 220 
240 220 
228 208 
232 212 
236 236 
236 212 
232 232 
236 208 
228 208 
236 232 
236 208 
236 224 
236 208 
236 208 
236 236 
232 236 
236 220 
232 208 
280 212 
240 216 
232 204 
228 216 
228 232 
240 212 
232 216 
236 236 
232 212 
232 236 
232 264 
232 236 
236 208 
232 212 
236 236 
236 216 
240 212 
236 240 
232 212 
560 620 
240 212 
260 212 
236 240 
232 208 
236 256 
264 224 
240 232 
232 228 
240 212 
236 216 
232 212 
236 244 
236 236 
232 208 
504 208 
228 204 
232 208 
228 208 
232 224 
236 216 
236 208 
232 244 
236 208 
752 212 
236 236 
228 228 
240 212 
288 244 
236 236 
236 212 
232 216 
212 264 
240 544 
236 212 
232 208 
228 212 
236 212 
228 212 
236 228 
232 220 
216 236 
232 212 
236 208 
236 220 
232 216 
232 248 
236 204 
236 212 
232 244 
240 240 
236 216 
236 216 
240 208 
236 212 
228 232 
236 212 
228 220 
232 212 
232 212 
232 268 
348 212 
236 240 
228 216 
236 236 
240 208 
236 212 
232 216 
236 216 
236 208 
236 232 
236 240 
44 48 
236 244 
240 212 
236 208 
232 220 
232 208 
252 212 
236 212 
356 240 
224 212 
232 204 
240 220 
612 204 
236 216 
228 216 
236 220 
240 208 
232 208 
236 220 
276 236 
232 208 
232 208 
236 236 
232 212 
236 228 
236 216 
228 216 
236 220 
44 52 
576 212 
236 212 
244 212 
236 212 
236 208 
240 256 
236 212 
256 256 
236 216 
508 212 
236 236 
232 204 
228 232 
232 212 
232 212 
232 236 
692 212 
232 216 
740 212 
240 240 
240 208 
240 212 
228 212 
236 224 
232 208 
232 216 
220 240 
260 44 
232 212 
232 204 
232 220 
260 208 
236 212 
236 260 
232 212 
212 216 
236 216 
232 208 
236 208 
228 208 
480 204 
236 236 
232 208 
248 216 
236 212 
232 204 
236 240 
236 212 
232 224 
236 208 
708 208 
236 212 
236 204 
236 236 
232 212 
232 208 
236 220 
240 220 
228 212 
232 228 
236 208 
232 228 
236 220 
232 204 
236 232 
232 212 
232 212 
1208 256 
324 212 
236 204 
240 240 
240 216 
232 212 
240 256 
236 208 
240 232 
236 208 
244 208 
236 240 
236 208 
244 220 
236 216 
236 208 
236 256 
228 212 
236 240 
232 212 
228 216 
232 204 
236 252 
236 208 
232 216 
240 240 
236 216 
232 204 
328 212 
228 208 
236 208 
240 216 
236 208 
232 208 
236 224 
240 212 
228 240 
536 212 
232 216 
240 236 
232 208 
240 220 
236 216 
232 216 
232 216 
232 208 
232 388 
236 236 
232 208 
228 208 
240 212 
236 268 
232 208 
232 216 
216 216 
232 652 
236 216 
236 208 
236 212 
228 212 
236 216 
232 208 
236 268 
212 280 
232 228 
232 248 
236 216 
572 212 
240 236 
232 212 
232 208 
240 232 
232 248 
244 224 
228 212 
236 212 
236 228 
232 212 
236 264 
236 212 
232 204 
236 232 
232 216 
292 216 
232 212 
240 212 
236 212 
236 220 
236 240 
236 208 
232 208 
236 212 
236 208 
232 236 
232 212 
232 236 
240 216 
232 212 
240 220 
232 212 
232 220 
240 212 
228 216 
228 212 
232 240 
232 212 
232 212 
228 212 
240 236 
232 212 
236 220 
232 244 
232 208 
232 216 
232 216 
236 204 
236 240 
232 212 
232 236 
236 236 
232 212 
232 220 
232 236 
312 236 
228 212 
232 208 
232 220 
236 216 
236 212 
232 240 
236 212 
236 236 
564 212 
236 208 
232 212 
236 248 
240 212 
232 224 
236 236 
240 208 
236 220 
232 412 
236 236 
232 208 
236 212 
236 240 
236 208 
228 236 
236 212 
216 212 
232 664 
836 248 
228 256 
236 236 
228 208 
264 208 
236 216 
232 212 
328 240 
232 208 
232 240 
236 220 
232 212 
268 216 
232 216 
228 208 
232 212 
232 208 
236 212 
236 264 
236 216 
240 236 
236 204 
236 240 
232 212 
232 212 
236 216 
236 208 
232 212 
232 204 
232 216 
652 208 
232 208 
260 212 
236 212 
232 208 
236 208 
228 208 
228 212 
236 212 
232 212 
236 248 
236 212 
224 208 
240 228 
228 216 
228 212 
232 208 
232 216 
240 216 
236 236 
244 232 
232 208 
232 244 
236 212 
236 208 
44 48 
232 224 
232 216 
236 208 
228 220 
232 220 
236 212 
228 236 
240 212 
232 208 
232 204 
228 216 
244 208 
228 212 
236 236 
240 216 
236 212 
240 232 
244 212 
232 236 
240 212 
608 208 
232 208 
240 240 
236 208 
232 220 
232 236 
236 204 
48 48 
740 216 
236 400 
228 220 
236 228 
236 208 
232 212 
228 224 
232 220 
240 216 
208 208 
228 668 
236 228 
236 268 
236 212 
232 212 
232 236 
232 212 
236 244 
212 232 
232 212 
228 204 
232 204 
232 256 
236 212 
232 216 
240 216 
232 212 
232 44 
236 216 
232 208 
232 212 
232 216 
240 240 
236 212 
236 208 
236 208 
232 236 
240 212 
236 240 
236 204 
236 204 
236 236 
232 212 
232 236 
240 216 
236 228 
236 244 
236 212 
236 208 
236 220 
236 236 
236 224 
236 240 
232 212 
232 252 
240 212 
236 216 
232 292 
236 272 
228 204 
236 252 
240 204 
232 240 
240 232 
240 224 
232 236 
228 216 
188 208 
236 240 
232 212 
224 216 
236 236 
228 212 
240 236 
236 208 
240 240 
228 208 
228 224 
360 236 
236 208 
224 216 
236 208 
236 212 
236 1060 
240 236 
236 236 
236 204 
616 204 
232 216 
236 236 
232 216 
240 236 
236 212 
232 208 
240 212 
208 220 
228 496 
228 244 
236 236 
228 212 
232 212 
236 216 
232 208 
236 212 
332 212 
236 732 
232 216 
228 240 
236 208 
240 208 
240 240 
244 212 
236 212 
332 220 
236 212 
232 288 
240 212 
232 248 
236 224 
236 236 
232 212 
280 212 
232 212 
244 232 
236 212 
232 208 
232 208 
240 240 
228 212 
264 228 
236 212 
236 236 
228 208 
236 212 
232 208 
232 212 
232 212 
232 236 
232 208 
232 236 
236 212 
232 212 
228 208 
232 208 
232 264 
232 216 
228 212 
236 216 
232 208 
236 232 
236 236 
212 208 
268 212 
236 212 
232 216 
240 264 
232 216 
232 212 
236 240 
232 212 
236 264 
228 208 
228 212 
236 216 
236 212 
236 216 
240 212 
272 208 
236 212 
232 212 
232 216 
236 216 
240 212 
372 212 
244 208 
240 240 
240 236 
256 208 
236 204 
232 216 
236 232 
232 232 
640 212 
240 256 
232 208 
236 208 
236 288 
244 212 
232 236 
232 208 
208 208 
236 460 
232 208 
232 216 
240 220 
232 208 
232 212 
232 208 
236 236 
212 208 
228 708 
236 1140 
232 212 
264 212 
236 212 
228 216 
240 212 
236 252 
208 212 
232 208 
236 208 
232 236 
240 216 
236 216 
232 208 
232 268 
236 212 
236 236 
236 236 
236 204 
232 236 
236 212 
232 212 
232 236 
228 208 
232 216 
228 208 
228 224 
232 212 
236 236 
232 212 
276 212 
236 236 
236 212 
232 216 
564 216 
228 212 
236 216 
232 280 
232 236 
232 208 
232 216 
240 224 
236 212 
236 220 
236 220 
236 240 
240 208 
240 208 
232 204 
232 236 
236 208 
236 232 
240 208 
232 212 
340 208 
232 232 
236 220 
232 236 
216 208 
232 248 
232 212 
232 208 
260 220 
236 264 
232 212 
236 220 
332 204 
236 508 
228 208 
232 212 
232 228 
236 216 
232 232 
236 208 
228 220 
224 212 
640 236 
232 208 
236 208 
236 216 
236 212 
232 252 
40 44 
236 208 
208 216 
236 476 
232 216 
236 216 
236 220 
232 212 
236 220 
344 208 
236 216 
212 236 
260 728 
232 216 
224 240 
236 220 
228 216 
228 220 
236 212 
232 220 
212 240 
232 212 
232 256 
240 216 
232 220 
236 212 
232 208 
252 212 
48 48 
232 208 
236 208 
236 216 
232 208 
236 264 
236 212 
232 212 
192 208 
224 220 
232 212 
236 268 
232 220 
232 212 
228 216 
236 212 
240 216 
236 236 
232 212 
232 212 
232 212 
236 216 
236 212 
240 228 
232 212 
232 208 
232 244 
236 212 
232 48 
236 208 
232 208 
236 212 
236 208 
236 236 
236 208 
232 212 
236 212 
236 216 
244 208 
232 212 
236 240 
1200 236 
232 212 
224 228 
232 208 
232 212 
236 240 
240 240 
236 212 
232 216 
236 232 
232 208 
400 216 
232 212 
228 216 
236 300 
236 212 
236 248 
240 360 
232 204 
236 268 
660 216 
232 216 
236 252 
252 208 
228 212 
236 220 
236 216 
232 212 
212 216 
240 520 
232 208 
240 212 
236 216 
228 208 
240 212 
236 204 
236 240 
212 208 
236 224 
236 212 
232 212 
240 240 
232 216 
232 208 
232 228 
236 236 
224 208 
228 208 
236 240 
232 208 
832 224 
236 212 
236 212 
236 224 
232 256 
232 224 
232 212 
228 212 
236 212 
232 208 
244 240 
232 216 
240 216 
232 212 
228 216 
236 256 
232 212 
232 252 
240 212 
228 212 
236 216 
240 268 
232 208 
232 308 
236 220 
232 236 
232 236 
232 212 
232 216 
236 224 
232 216 
236 212 
240 216 
360 208 
384 212 
236 216 
236 208 
240 212 
236 208 
232 208 
240 212 
232 212 
228 208 
228 212 
232 256 
248 212 
224 236 
224 212 
236 212 
232 316 
228 212 
232 212 
240 212 
244 240 
232 204 
256 212 
432 212 
236 232 
232 212 
240 236 
320 216 
236 208 
228 216 
236 216 
232 208 
692 236 
264 212 
232 208 
240 212 
236 232 
224 216 
232 208 
236 216 
212 216 
232 548 
240 236 
240 212 
236 220 
236 208 
236 212 
240 236 
248 212 
208 216 
240 216 
232 212 
228 220 
236 264 
232 220 
236 236 
232 208 
244 236 
236 212 
228 212 
232 212 
232 208 
260 236 
232 240 
236 212 
232 212 
236 212 
236 244 
232 208 
240 236 
236 212 
236 224 
232 208 
236 216 
232 220 
236 212 
232 212 
232 220 
240 232 
236 224 
240 264 
236 216 
236 236 
232 208 
236 236 
844 236 
232 228 
236 284 
232 216 
232 236 
232 212 
236 232 
236 216 
232 212 
236 236 
232 220 
232 216 
236 220 
236 220 
232 252 
224 220 
236 240 
244 236 
236 208 
228 212 
236 264 
236 212 
232 204 
236 232 
244 220 
236 212 
232 208 
240 212 
236 236 
232 208 
240 212 
236 216 
228 208 
468 216 
236 212 
228 212 
228 228 
232 268 
236 212 
232 212 
236 224 
236 240 
720 244 
228 228 
236 208 
236 208 
232 208 
236 252 
240 212 
232 212 
212 216 
232 576 
44 52 
420 204 
228 208 
236 208 
236 240 
232 204 
232 224 
220 208 
232 216 
236 236 
236 212 
236 212 
232 212 
232 216 
236 240 
232 208 
232 240 
236 236 
228 208 
232 236 
228 212 
236 216 
228 220 
232 208 
228 216 
236 236 
232 220 
236 220 
40 48 
232 212 
236 216 
552 216 
1072 240 
236 212 
232 208 
236 240 
232 208 
236 212 
260 212 
236 216 
236 212 
232 208 
240 252 
240 212 
228 216 
240 232 
236 232 
232 212 
232 208 
480 220 
236 212 
232 208 
228 248 
232 212 
244 208 
236 216 
240 212 
232 220 
236 236 
232 208 
236 240 
240 208 
232 212 
236 232 
236 212 
532 208 
236 236 
232 216 
236 232 
236 236 
232 216 
236 216 
232 236 
240 212 
236 216 
236 232 
492 216 
228 212 
260 212 
232 212 
236 212 
240 236 
232 212 
228 212 
232 208 
752 216 
228 272 
232 216 
232 248 
236 208 
232 212 
232 244 
240 236 
212 240 
236 556 
236 216 
236 220 
228 216 
236 236 
432 192 
236 236 
232 212 
220 236 
232 208 
232 216 
236 216 
236 236 
236 232 
236 208 
232 236 
232 216 
236 212 
232 208 
240 220 
232 224 
232 260 
1028 228 
240 216 
236 208 
236 260 
228 208 
232 212 
236 208 
232 204 
228 240 
236 216 
232 212 
236 212 
236 216 
240 224 
236 212 
236 236 
236 208 
240 208 
240 216 
232 236 
240 240 
232 208 
228 212 
236 212 
232 212 
232 208 
236 208 
232 212 
236 244 
228 212 
232 228 
236 208 
232 208 
236 212 
232 216 
256 216 
236 212 
232 212 
236 260 
228 212 
232 256 
236 212 
232 204 
228 216 
236 216 
236 208 
280 212 
228 264 
232 212 
236 264 
236 212 
232 216 
240 216 
232 212 
232 208 
500 236 
240 236 
228 208 
232 256 
216 204 
0 0 
0 0 
0 0 
0 0 
0 0 
0 0 
0 0 
0 0 
0 0 
0 0 
0 0 
0 0 
0 0 
0 0 
0 0 
0 0 
0 0 
0 0 
0 0 
0 0 
0 0 
0 0 
0 0 
0 0 
0 0 
0 0 
0 0 
0 0 
0 0 
0 0 
0 0 
0 0 
0 0 
0 0 
0 0 
0 0 
0 0 
0 0 
0 0 
0 0 
0 0 
0 0 
0 0 
0 0 
0 0 
0 0 
0 0 
0 0 
0 0 
0 0 
0 0 
0 0 
0 0 
0 0 
0 0 
0 0 
188 192 
232 232 
228 208 
232 252 
240 192 
232 208 
232 212 
236 208 
236 212 
236 220 
236 208 
232 208 
236 236 
236 212 
236 220 
236 208 
236 208 
232 204 
236 240 
228 208 
232 212 
240 240 
232 212 
236 216 
208 192 
280 208 
236 216 
236 236 
236 212 
232 212 
236 236 
236 208 
240 212 
236 212 
516 212 
420 332 
232 204 
236 224 
236 208 
240 208 
236 272 
232 208 
232 240 
236 376 
236 236 
232 208 
232 276 
236 236 
236 308 
236 208 
236 244 
216 208 
240 596 
236 220 
232 216 
244 208 
236 232 
236 220 
232 212 
244 216 
224 212 
232 216 
244 228 
232 216 
236 236 
364 208 
276 208 
240 216 
232 212 
240 240 
232 216 
232 212 
236 212 
236 220 
228 216 
240 236 
236 212 
292 212 
240 216 
236 212 
236 268 
236 212 
228 204 
236 236 
236 212 
236 236 
244 208 
232 216 
236 232 
236 212 
228 216 
236 216 
236 212 
248 220 
236 240 
232 212 
228 212 
236 208 
228 212 
240 204 
232 240 
232 228 
196 216 
232 236 
236 216 
232 248 
232 212 
232 236 
236 208 
232 228 
236 236 
236 240 
292 216 
232 216 
244 208 
232 216 
236 216 
232 208 
232 240 
508 240 
288 228 
240 236 
228 224 
240 220 
236 216 
232 212 
240 232 
236 212 
232 204 
556 224 
232 232 
236 248 
268 212 
592 208 
240 236 
232 208 
228 216 
236 240 
236 380 
232 216 
236 240 
48 48 
236 212 
232 204 
240 232 
236 212 
244 208 
236 604 
232 208 
236 216 
236 224 
236 212 
192 208 
232 212 
236 212 
208 256 
240 236 
232 212 
236 240 
236 216 
236 224 
236 212 
232 212 
232 212 
236 208 
232 220 
228 208 
240 240 
236 208 
44 52 
236 264 
236 212 
388 208 
232 236 
236 208 
236 212 
236 236 
232 216 
232 232 
236 232 
236 224 
232 216 
236 204 
236 220 
232 212 
236 208 
224 208 
224 220 
236 216 
236 212 
232 204 
236 212 
236 240 
236 208 
240 236 
240 212 
240 212 
232 220 
232 216 
236 52 
232 236 
236 212 
228 1208 
232 204 
240 232 
236 216 
232 208 
236 236 
236 208 
236 236 
232 208 
232 208 
240 252 
236 212 
232 236 
316 216 
236 208 
232 236 
236 212 
232 236 
240 236 
236 212 
236 216 
236 212 
572 220 
236 212 
232 216 
240 248 
236 212 
232 208 
236 212 
232 216 
236 236 
232 420 
236 240 
236 208 
240 1248 
244 208 
240 212 
232 208 
240 212 
212 216 
228 672 
236 240 
232 208 
236 232 
236 216 
236 212 
236 220 
236 212 
212 212 
236 240 
240 212 
228 216 
236 220 
232 208 
228 208 
232 208 
240 236 
236 208 
236 212 
232 208 
240 224 
232 208 
232 256 
232 212 
236 264 
232 212 
372 208 
236 208 
236 212 
232 216 
236 236 
232 208 
232 212 
232 232 
236 220 
236 216 
240 208 
236 236 
232 212 
228 216 
236 208 
228 208 
232 228 
232 220 
236 232 
236 236 
228 220 
236 232 
236 228 
236 268 
236 216 
232 212 
232 216 
232 244 
236 216 
236 212 
228 240 
236 212 
232 208 
240 236 
232 212 
232 204 
236 220 
232 204 
236 204 
244 236 
236 216 
260 228 
336 260 
236 256 
236 216 
232 212 
236 212 
228 208 
232 216 
232 212 
232 236 
580 228 
232 1004 
236 232 
232 212 
236 220 
236 212 
232 216 
236 212 
236 212 
240 376 
240 208 
236 236 
232 216 
236 216 
228 212 
240 220 
228 212 
212 216 
232 688 
236 268 
232 208 
236 224 
236 232 
240 236 
232 212 
388 212 
208 256 
240 212 
232 204 
236 240 
232 212 
232 208 
236 212 
232 212 
228 240 
252 208 
232 232 
232 208 
236 240 
236 216 
236 240 
232 264 
236 212 
232 220 
236 204 
236 268 
236 216 
232 212 
236 212 
232 208 
232 240 
240 212 
232 204 
236 256 
236 212 
232 216 
232 236 
232 208 
232 220 
236 212 
232 212 
236 216 
232 212 
228 216 
240 268 
232 208 
228 216 
236 236 
244 404 
236 220 
240 212 
232 212 
240 208 
232 208 
228 236 
240 236 
228 208 
236 228 
236 220 
232 220 
240 220 
240 208 
232 208 
236 236 
240 212 
236 1132 
356 236 
248 212 
232 228 
232 216 
236 220 
232 212 
236 220 
236 220 
232 216 
596 236 
236 212 
232 260 
240 212 
232 212 
236 208 
232 268 
236 208 
216 208 
236 444 
240 212 
236 212 
236 220 
236 208 
232 228 
228 212 
232 236 
216 212 
232 700 
240 240 
232 212 
40 52 
232 216 
236 216 
236 220 
232 236 
208 212 
228 208 
240 236 
232 208 
236 240 
236 240 
232 208 
232 244 
232 208 
232 232 
236 212 
232 236 
244 236 
232 212 
236 264 
240 208 
236 216 
236 240 
232 208 
232 212 
232 220 
232 212 
232 216 
48 44 
236 208 
232 232 
232 216 
236 232 
232 216 
252 216 
232 224 
1000 220 
236 208 
236 212 
232 212 
232 216 
232 216 
236 244 
232 208 
232 212 
236 220 
236 212 
244 236 
236 236 
236 212 
236 236 
232 212 
248 212 
240 1064 
236 220 
232 220 
240 44 
236 208 
224 236 
232 240 
228 212 
236 208 
244 212 
232 212 
236 236 
400 236 
232 216 
240 236 
236 212 
232 236 
236 232 
236 216 
232 208 
236 220 
620 236 
232 216 
236 220 
232 208 
232 240 
232 208 
236 212 
232 220 
216 280 
236 452 
232 212 
236 208 
884 240 
228 216 
236 216 
232 212 
232 236 
216 216 
240 716 
240 220 
236 204 
228 212 
236 236 
236 212 
232 208 
236 232 
208 228 
232 212 
232 212 
232 208 
232 212 
232 268 
236 220 
232 212 
240 232 
236 216 
236 260 
232 212 
232 212 
232 232 
240 236 
236 208 
232 212 
240 236 
236 208 
228 216 
892 236 
232 216 
236 236 
236 212 
236 240 
236 208 
232 208 
236 260 
236 220 
236 224 
232 208 
236 212 
232 212 
228 228 
236 228 
236 224 
236 240 
236 212 
232 208 
232 208 
232 212 
236 224 
232 212 
228 240 
236 212 
228 216 
236 216 
236 212 
236 220 
236 212 
232 204 
236 236 
232 208 
240 216 
232 224 
236 216 
232 216 
236 240 
228 212 
232 208 
400 212 
232 264 
228 212 
228 228 
236 208 
236 220 
236 212 
232 208 
232 212 
640 212 
236 232 
236 208 
240 236 
236 216 
232 212 
240 236 
232 232 
212 208 
232 504 
236 236 
232 208 
228 220 
236 208 
236 212 
236 208 
228 220 
212 208 
236 240 
228 232 
236 208 
228 208 
240 216 
232 204 
232 244 
232 212 
212 212 
236 232 
240 232 
228 212 
280 216 
236 212 
232 212 
240 208 
232 216 
792 224 
240 248 
240 212 
232 212 
236 236 
240 208 
228 208 
232 216 
232 204 
228 208 
236 224 
232 208 
236 220 
236 208 
232 244 
236 236 
232 224 
232 224 
236 216 
236 216 
232 208 
236 224 
236 220 
240 212 
232 208 
280 212 
228 208 
228 220 
236 236 
236 212 
228 212 
240 220 
232 208 
228 248 
236 236 
236 220 
236 212 
232 208 
236 216 
232 216 
236 212 
236 216 
220 228 
232 216 
232 208 
228 216 
224 304 
236 236 
228 212 
232 208 
232 216 
412 212 
244 212 
236 232 
236 240 
236 216 
236 212 
232 212 
236 216 
232 208 
672 212 
236 208 
232 212 
236 212 
236 232 
312 216 
236 212 
236 252 
212 212 
228 504 
236 216 
232 212 
260 212 
232 208 
232 212 
236 208 
236 232 
212 208 
236 216 
232 220 
232 212 
236 212 
236 220 
236 204 
1044 232 
240 212 
232 216 
236 236 
232 212 
244 220 
236 212 
40 40 
232 212 
236 220 
236 208 
236 212 
232 208 
232 216 
232 244 
240 220 
236 208 
396 208 
236 216 
228 240 
244 212 
236 212 
232 216 
236 212 
232 212 
236 208 
244 212 
240 212 
236 232 
228 208 
228 264 
236 212 
236 248 
484 208 
48 48 
232 212 
232 212 
236 212 
232 208 
228 216 
236 224 
232 208 
232 240 
232 212 
232 220 
236 212 
232 236 
232 216 
228 212 
236 232 
232 204 
232 220 
240 224 
224 208 
240 212 
256 212 
232 208 
236 216 
236 264 
236 212 
236 220 
236 216 
424 48 
236 212 
232 220 
236 216 
232 216 
544 212 
236 248 
236 208 
232 208 
688 216 
232 240 
232 216 
232 288 
240 240 
232 212 
256 224 
240 208 
212 208 
236 532 
232 212 
236 244 
236 212 
804 236 
232 232 
240 220 
236 216 
216 240 
232 208 
232 288 
228 212 
236 220 
228 220 
236 208 
236 212 
236 240 
236 212 
232 236 
236 220 
232 208 
232 208 
232 236 
228 320 
228 208 
244 240 
232 212 
232 224 
240 220 
232 316 
236 212 
232 212 
240 240 
236 208 
236 216 
232 232 
232 208 
236 216 
228 208 
236 220 
236 216 
232 216 
236 212 
236 216 
228 212 
236 264 
236 212 
240 212 
236 260 
228 216 
236 232 
232 328 
240 208 
236 216 
236 216 
232 220 
236 224 
232 212 
240 208 
232 232 
232 216 
232 240 
236 212 
228 212 
232 240 
232 212 
232 236 
252 212 
216 232 
240 204 
228 212 
704 216 
232 240 
240 212 
236 208 
240 220 
232 216 
444 208 
232 204 
232 256 
240 208 
332 208 
232 212 
236 248 
232 216 
232 228 
696 236 
232 216 
236 212 
236 260 
232 208 
236 208 
236 236 
232 216 
208 216 
236 532 
240 208 
232 224 
244 224 
236 224 
244 212 
236 240 
232 212 
212 264 
232 212 
236 220 
236 212 
240 240 
232 212 
236 212 
232 208 
232 236 
236 212 
228 216 
240 216 
232 216 
240 212 
232 208 
240 212 
228 212 
236 228 
244 212 
228 212 
232 212 
232 208 
232 236 
232 212 
240 236 
236 216 
232 212 
232 208 
236 240 
232 216 
228 220 
236 212 
236 204 
228 212 
236 212 
228 212 
208 220 
232 212 
236 224 
232 216 
192 240 
228 204 
232 300 
244 200 
216 200 
208 212 
236 220 
232 200 
228 208 
232 224 
232 212 
236 224 
612 212 
236 212 
232 212 
256 216 
228 220 
240 212 
240 212 
232 216 
244 212 
236 216 
228 212 
236 236 
232 204 
232 264 
240 256 
232 236 
236 208 
472 208 
228 208 
228 212 
232 220 
232 212 
236 252 
236 212 
236 236 
240 212 
732 212 
240 248 
272 208 
236 208 
240 220 
228 212 
228 212 
48 44 
212 228 
236 628 
236 220 
232 208 
236 236 
236 212 
232 208 
240 236 
236 212 
212 236 
236 216 
228 216 
236 216 
232 208 
236 240 
236 212 
228 212 
228 228 
232 208 
240 216 
236 232 
232 208 
236 216 
236 212 
232 204 
240 260 
248 44 
240 44 
224 216 
240 208 
268 208 
236 240 
232 212 
232 212 
232 212 
236 220 
236 212 
240 236 
228 212 
240 240 
228 212 
232 212 
232 212 
232 244 
240 212 
228 212 
232 212 
232 208 
240 256 
236 208 
628 204 
236 208 
236 216 
232 212 
236 236 
236 48 
228 216 
236 216 
232 304 
232 276 
236 236 
236 208 
236 236 
232 220 
240 212 
228 224 
240 212 
244 240 
232 216 
284 208 
240 236 
232 212 
236 240 
236 216 
236 212 
232 208 
236 216 
236 236 
508 220 
240 224 
236 212 
236 212 
236 220 
236 212 
236 236 
232 212 
236 208 
232 380 
232 236 
240 216 
232 216 
232 224 
240 236 
232 212 
232 216 
212 208 
232 580 
228 212 
232 228 
228 208 
232 220 
236 244 
236 216 
236 212 
212 216 
236 240 
232 208 
240 236 
236 216 
232 208 
240 212 
232 228 
236 232 
232 236 
272 220 
228 212 
232 240 
236 236 
232 216 
232 216 
236 220 
236 212 
236 208 
240 228 
388 216 
236 212 
232 212 
236 232 
232 212 
232 216 
232 240 
236 212 
244 216 
1312 236 
228 216 
236 212 
240 240 
236 208 
232 220 
284 212 
244 216 
236 208 
240 212 
232 212 
232 256 
284 220 
232 220 
236 216 
236 216 
236 216 
236 204 
232 208 
232 204 
240 232 
240 212 
232 248 
236 236 
236 232 
240 212 
236 216 
236 208 
232 212 
228 216 
236 216 
288 208 
236 236 
256 212 
232 528 
228 220 
228 228 
240 212 
236 212 
236 216 
524 232 
240 212 
232 208 
236 232 
236 208 
240 236 
228 332 
236 216 
236 216 
236 392 
236 212 
228 216 
236 208 
232 212 
236 264 
240 224 
236 212 
216 208 
232 616 
236 268 
240 212 
232 204 
232 264 
236 216 
236 208 
240 212 
212 208 
228 216 
236 212 
232 216 
228 208 
236 212 
232 212 
232 232 
232 212 
236 212 
228 252 
236 224 
232 208 
228 208 
236 208 
228 208 
236 216 
232 208 
228 216 
236 216 
232 228 
236 240 
232 216 
236 220 
236 208 
232 204 
236 216 
236 212 
232 208 
228 300 
228 212 
236 216 
228 208 
236 220 
236 212 
240 204 
232 220 
236 208 
232 208 
232 260 
232 208 
228 216 
240 220 
228 212 
232 212 
236 224 
236 256 
236 240 
228 216 
236 224 
232 212 
232 216 
236 1012 
240 240 
236 212 
236 224 
232 208 
268 216 
240 240 
236 248 
316 212 
232 208 
236 236 
236 216 
236 216 
232 240 
236 220 
232 212 
228 212 
544 216 
236 212 
236 240 
232 212 
232 212 
244 236 
232 212 
240 240 
328 212 
236 408 
228 208 
240 236 
232 208 
236 212 
228 204 
236 236 
232 212 
244 216 
240 624 
232 208 
244 240 
236 212 
240 236 
232 232 
236 216 
236 212 
212 208 
232 208 
252 216 
232 236 
232 208 
232 236 
240 236 
228 216 
232 212 
236 212 
240 232 
232 212 
228 216 
232 260 
236 260 
240 212 
40 48 
236 220 
232 208 
240 204 
232 212 
232 212 
228 236 
232 212 
232 212 
232 252 
236 224 
232 252 
272 248 
236 212 
236 208 
236 220 
236 208 
232 216 
252 220 
236 216 
232 260 
236 280 
236 212 
236 236 
236 212 
228 1056 
236 216 
232 204 
228 212 
44 48 
236 236 
232 208 
236 204 
236 212 
236 232 
236 216 
236 240 
236 220 
232 208 
240 212 
228 212 
228 208 
240 240 
232 216 
308 208 
240 240 
232 208 
228 216 
232 212 
232 268 
232 304 
236 212 
232 212 
568 224 
236 208 
260 212 
232 236 
228 48 
232 212 
232 236 
228 212 
236 216 
228 440 
240 264 
232 212 
236 256 
240 260 
236 240 
232 212 
240 224 
216 232 
228 672 
236 208 
236 240 
252 212 
232 212 
236 216 
232 212 
232 212 
212 268 
244 212 
236 212 
228 216 
232 256 
236 208 
232 204 
232 212 
240 236 
240 216 
236 236 
232 216 
236 216 
904 240 
236 240 
236 208 
232 208 
240 212 
228 212 
232 236 
232 212 
256 212 
240 212 
232 236 
232 232 
236 216 
232 240 
232 212 
232 208 
236 212 
236 888 
240 236 
236 212 
228 244 
228 212 
236 216 
236 220 
228 220 
228 212 
236 212 
232 216 
232 260 
236 212 
228 208 
232 212 
228 220 
232 208 
232 216 
232 236 
232 208 
232 244 
236 216 
232 208 
240 216 
232 216 
232 248 
232 216 
236 212 
228 232 
236 220 
368 212 
232 236 
232 212 
816 216 
232 212 
236 216 
232 240 
232 212 
232 220 
568 212 
240 236 
232 216 
236 216 
228 240 
232 208 
236 244 
232 208 
232 212 
240 440 
236 208 
236 240 
232 216 
232 212 
236 232 
236 228 
264 212 
208 212 
232 652 
240 240 
228 224 
232 240 
232 208 
236 216 
236 220 
236 212 
308 220 
232 212 
856 236 
236 244 
240 208 
236 240 
236 212 
232 272 
240 228 
232 208 
236 236 
240 212 
236 212 
236 236 
256 212 
228 216 
228 236 
236 240 
236 240 
236 236 
228 208 
232 212 
236 212 
232 212 
236 208 
232 216 
232 244 
232 212 
232 208 
232 216 
236 236 
232 212 
236 260 
232 208 
232 208 
228 236 
232 236 
228 212 
232 212 
232 240 
240 212 
236 236 
232 216 
228 220 
232 236 
236 240 
236 208 
236 212 
232 208 
232 208 
236 256 
240 216 
232 204 
236 212 
236 208 
236 236 
236 212 
228 216 
236 236 
240 216 
388 208 
244 212 
236 236 
232 220 
236 208 
232 212 
236 224 
236 208 
236 264 
612 216 
232 212 
232 212 
248 212 
240 216 
240 220 
232 208 
232 216 
208 212 
236 436 
260 204 
236 220 
232 208 
232 440 
232 240 
236 212 
232 212 
752 204 
232 704 
232 224 
232 240 
232 216 
228 220 
236 220 
232 216 
228 216 
216 212 
236 212 
236 260 
232 208 
240 236 
232 208 
236 212 
232 236 
228 216 
236 208 
232 216 
232 212 
232 220 
236 208 
236 236 
232 208 
236 212 
236 244 
232 212 
232 224 
232 260 
292 208 
236 208 
236 224 
232 240 
228 220 
44 44 
232 212 
256 216 
236 212 
236 220 
232 208 
232 236 
236 212 
232 204 
236 240 
232 212 
236 212 
236 216 
232 212 
232 212 
236 220 
236 240 
240 208 
144 44 
228 216 
236 212 
236 236 
236 212 
236 216 
232 208 
232 212 
244 208 
232 224 
236 216 
232 212 
232 236 
232 212 
236 232 
228 208 
396 208 
236 236 
232 208 
236 212 
232 208 
228 208 
236 212 
232 216 
232 240 
616 208 
236 240 
232 216 
232 212 
232 44 
236 236 
880 228 
236 220 
212 212 
232 484 
236 212 
232 212 
236 236 
232 220 
232 208 
232 220 
236 216 
216 212 
232 716 
236 212 
236 216 
236 204 
232 236 
224 240 
232 208 
236 208 
212 208 
240 236 
232 212 
232 212 
240 220 
240 212 
228 228 
232 236 
236 208 
352 252 
236 208 
240 240 
232 216 
368 208 
240 216 
236 212 
236 212 
232 212 
240 208 
236 212 
240 236 
232 212 
236 240 
244 212 
232 212 
232 212 
232 208 
228 248 
232 212 
232 236 
236 208 
232 212 
236 212 
232 220 
240 216 
236 212 
228 208 
236 212 
232 212 
228 212 
240 236 
228 208 
232 228 
236 208 
232 236 
236 216 
232 220 
448 216 
232 208 
240 216 
236 212 
228 212 
236 224 
232 212 
236 236 
232 216 
236 208 
236 204 
236 252 
236 240 
400 224 
232 208 
232 228 
236 216 
764 240 
240 212 
312 260 
236 232 
236 240 
656 216 
232 248 
240 216 
232 208 
232 260 
236 260 
232 212 
228 244 
360 208 
232 532 
232 212 
236 212 
236 216 
232 216 
236 208 
236 260 
232 208 
212 220 
236 712 
232 208 
244 208 
236 208 
232 228 
240 212 
236 532 
272 216 
216 212 
232 212 
232 216 
236 208 
232 220 
284 212 
232 208 
224 208 
236 212 
232 212 
236 236 
228 212 
228 216 
236 212 
236 236 
236 208 
232 212 
228 216 
232 212 
232 232 
228 208 
232 212 
236 216 
232 212 
228 212 
232 244 
236 240 
244 204 
236 216 
232 236 
240 212 
232 216 
236 236 
236 208 
232 216 
236 248 
264 216 
264 208 
236 216 
252 212 
236 216 
240 236 
232 212 
232 212 
236 220 
236 212 
232 208 
244 248 
236 208 
232 212 
236 232 
220 208 
228 216 
240 236 
236 208 
244 216 
236 212 
232 236 
232 240 
236 236 
448 260 
232 216 
232 236 
236 212 
236 212 
240 216 
236 216 
232 212 
236 240 
680 212 
236 232 
228 208 
248 216 
236 212 
236 216 
236 212 
228 216 
212 208 
236 496 
240 252 
240 204 
232 212 
236 212 
232 208 
232 220 
228 208 
212 208 
236 748 
232 208 
236 224 
240 216 
236 212 
232 204 
264 204 
236 216 
212 236 
240 212 
236 208 
240 220 
232 216 
236 208 
240 212 
232 208 
236 208 
232 212 
236 212 
232 216 
236 240 
236 212 
232 220 
232 212 
200 256 
0 0 
0 0 
200 212 
232 228 
228 232 
232 232 
232 216 
228 216 
368 236 
232 248 
236 212 
240 216 
244 236 
236 208 
236 216 
236 216 
340 208 
236 216 
232 212 
244 212 
240 212 
236 208 
228 216 
40 44 
232 212 
236 240 
232 220 
232 216 
236 216 
232 208 
232 260 
236 244 
232 236 
240 212 
224 216 
232 216 
228 212 
240 240 
232 216 
232 216 
236 220 
236 232 
216 456 
436 212 
240 240 
232 208 
232 208 
236 212 
232 208 
276 208 
52 44 
236 232 
700 212 
360 208 
232 212 
236 212 
236 212 
232 212 
236 228 
236 252 
208 212 
236 504 
340 216 
232 212 
232 212 
240 220 
232 212 
232 244 
232 212 
212 208 
236 208 
240 212 
232 228 
240 236 
236 212 
240 220 
232 212 
228 212 
232 48 
236 216 
232 208 
236 228 
236 212 
236 208 
236 240 
232 212 
232 224 
236 220 
232 216 
236 212 
240 216 
232 236 
468 208 
232 216 
232 232 
232 212 
232 208 
232 208 
232 216 
232 252 
236 236 
232 212 
236 236 
236 208 
236 240 
228 216 
228 232 
232 212 
236 264 
228 216 
240 236 
232 216 
236 236 
232 204 
236 240 
232 208 
232 212 
232 212 
236 208 
236 216 
236 240 
232 216 
236 240 
232 208 
232 208 
240 204 
236 216 
236 236 
236 220 
216 212 
232 208 
236 236 
232 208 
228 216 
236 244 
232 212 
240 240 
232 212 
476 212 
232 244 
236 212 
236 212 
240 236 
228 216 
232 236 
228 208 
236 220 
680 216 
232 212 
236 212 
236 212 
236 232 
236 208 
236 216 
236 208 
248 212 
232 568 
244 212 
228 212 
244 208 
236 208 
232 212 
228 208 
236 212 
216 204 
240 236 
232 260 
236 208 
228 212 
236 212 
232 208 
236 236 
228 240 
236 244 
232 208 
1088 212 
232 208 
232 260 
232 212 
232 216 
236 240 
236 212 
236 212 
232 208 
232 208 
236 212 
232 224 
232 208 
236 252 
236 208 
228 232 
232 220 
272 216 
236 212 
236 264 
240 212 
232 216 
232 208 
236 208 
232 212 
236 240 
232 208 
232 212 
236 240 
232 208 
232 216 
236 212 
232 208 
236 264 
232 804 
232 212 
240 320 
232 212 
232 236 
232 216 
240 204 
236 212 
232 204 
232 240 
232 212 
232 204 
232 216 
232 208 
240 216 
224 252 
232 212 
232 216 
236 236 
232 212 
228 232 
232 240 
228 216 
232 204 
488 208 
232 208 
232 260 
232 208 
232 212 
232 264 
236 208 
236 212 
228 204 
724 212 
236 212 
236 232 
236 216 
240 216 
232 204 
228 208 
240 212 
208 216 
240 548 
232 212 
236 236 
232 212 
232 240 
236 212 
248 212 
236 208 
212 212 
236 216 
232 216 
236 208 
236 252 
236 208 
240 212 
236 236 
236 208 
240 220 
240 212 
236 216 
232 216 
232 216 
232 212 
232 212 
240 232 
236 228 
236 216 
236 236 
232 236 
236 208 
228 212 
240 232 
236 208 
236 208 
236 240 
232 208 
236 220 
232 212 
232 232 
236 268 
240 212 
232 212 
460 220 
236 212 
236 260 
228 212 
236 240 
236 260 
232 208 
236 220 
268 212 
236 240 
232 216 
228 216 
236 220 
240 236 
236 216 
232 216 
236 236 
236 212 
232 208 
244 256 
228 212 
228 216 
236 236 
232 208 
236 216 
240 260 
268 212 
228 224 
236 212 
232 204 
236 240 
228 216 
240 216 
328 208 
236 236 
500 212 
244 212 
236 216 
236 212 
244 252 
232 44 
232 216 
236 216 
232 212 
748 236 
232 208 
232 252 
228 208 
236 212 
236 236 
236 208 
236 236 
208 212 
232 588 
232 216 
236 212 
236 216 
236 240 
236 216 
228 212 
232 236 
212 232 
236 212 
232 208 
236 252 
236 216 
232 216 
556 208 
236 264 
44 44 
232 240 
236 208 
324 244 
232 208 
232 228 
236 216 
236 208 
240 224 
236 220 
232 236 
236 216 
232 216 
228 216 
232 236 
240 1036 
244 236 
236 208 
232 208 
268 212 
236 236 
240 212 
240 228 
232 212 
240 236 
232 208 
232 212 
236 220 
228 208 
236 208 
236 244 
232 208 
232 208 
236 244 
240 208 
240 252 
232 212 
264 208 
236 220 
236 236 
232 208 
228 212 
232 220 
228 212 
224 216 
236 212 
232 212 
236 216 
236 240 
232 212 
228 208 
236 208 
288 208 
228 236 
232 212 
236 232 
236 212 
232 236 
232 208 
232 204 
236 236 
528 208 
232 212 
236 216 
232 216 
232 212 
228 208 
244 212 
272 220 
236 208 
236 372 
236 208 
228 208 
232 268 
232 208 
236 232 
232 204 
236 204 
212 212 
232 636 
252 216 
236 208 
884 208 
232 220 
236 220 
232 256 
240 208 
208 208 
236 248 
236 212 
236 212 
232 216 
232 212 
240 216 
232 212 
240 220 
244 216 
228 216 
240 236 
832 216 
232 212 
236 264 
232 220 
232 248 
236 240 
236 212 
236 212 
232 208 
236 212 
236 212 
232 212 
236 260 
236 212 
236 236 
232 208 
232 212 
232 204 
232 220 
232 212 
228 212 
232 236 
228 208 
236 212 
236 240 
232 212 
232 220 
232 216 
232 208 
232 232 
232 208 
228 232 
232 208 
808 208 
236 216 
228 216 
236 216 
228 208 
244 256 
236 208 
232 204 
236 228 
232 208 
236 224 
236 236 
236 224 
232 212 
240 236 
304 224 
228 216 
240 232 
236 208 
240 236 
444 212 
232 208 
236 236 
232 212 
568 236 
236 240 
232 216 
240 216 
232 212 
240 212 
288 224 
232 212 
236 208 
232 380 
708 236 
228 212 
236 240 
228 216 
236 216 
228 216 
236 240 
216 216 
232 620 
228 220 
232 216 
228 212 
232 212 
232 248 
236 336 
228 224 
212 212 
232 236 
248 212 
252 212 
236 216 
236 212 
232 204 
236 212 
236 228 
236 264 
236 212 
236 212 
240 208 
232 212 
324 228 
236 232 
236 208 
232 216 
236 220 
232 232 
232 216 
232 208 
232 212 
236 212 
236 208 
232 208 
228 232 
236 216 
232 236 
236 240 
232 208 
236 208 
236 232 
232 220 
232 212 
240 212 
232 208 
232 208 
232 212 
236 260 
232 212 
232 216 
236 240 
228 264 
236 208 
232 220 
280 208 
232 216 
232 220 
232 232 
232 212 
232 204 
312 224 
240 212 
232 208 
228 212 
240 216 
236 208 
260 208 
236 224 
332 208 
228 212 
232 220 
236 212 
232 208 
232 244 
240 212 
236 208 
824 236 
592 252 
240 236 
232 212 
232 216 
236 212 
232 236 
232 216 
228 212 
236 212 
232 428 
260 212 
236 220 
240 236 
236 212 
228 208 
228 212 
240 208 
216 224 
232 652 
232 260 
236 184 
44 212 
236 240 
324 248 
236 212 
236 208 
208 224 
244 212 
232 228 
244 240 
232 264 
236 212 
364 208 
236 220 
232 212 
236 208 
236 212 
232 208 
240 260 
236 212 
236 220 
232 208 
232 232 
236 208 
236 208 
236 268 
232 212 
232 216 
240 252 
48 220 
236 236 
232 208 
232 224 
240 236 
240 212 
232 216 
236 236 
232 212 
236 212 
236 212 
236 208 
232 212 
228 212 
236 220 
232 208 
228 212 
236 208 
228 212 
236 212 
232 208 
228 216 
240 208 
236 236 
236 236 
232 212 
236 208 
268 44 
236 208 
236 208 
320 224 
232 216 
236 264 
236 300 
700 224 
232 208 
236 212 
344 220 
228 212 
260 212 
236 212 
232 212 
240 216 
232 212 
236 212 
232 216 
588 240 
236 212 
228 212 
236 216 
232 216 
236 220 
228 224 
236 208 
220 204 
232 428 
272 208 
236 220 
236 216 
232 236 
232 212 
228 216 
236 236 
208 212 
232 720 
236 240 
232 208 
200 204 
232 212 
236 220 
236 212 
248 216 
212 208 
232 212 
228 212 
236 216 
236 208 
236 212 
232 208 
284 216 
232 220 
232 212 
244 240 
232 216 
236 212 
236 212 
232 228 
236 208 
244 216 
244 236 
232 212 
232 212 
240 236 
232 216 
232 240 
236 232 
232 208 
236 240 
236 208 
236 212 
236 236 
416 212 
260 220 
232 240 
240 212 
236 208 
232 236 
232 212 
244 216 
272 208 
228 216 
232 212 
236 236 
232 208 
236 212 
232 212 
232 216 
244 208 
772 212 
228 208 
232 208 
232 208 
232 212 
240 212 
232 216 
236 224 
240 212 
228 208 
232 220 
236 240 
228 216 
232 236 
380 212 
232 268 
240 212 
236 236 
236 212 
232 212 
240 236 
236 220 
228 216 
592 212 
236 316 
232 208 
240 220 
244 208 
240 236 
232 212 
236 236 
212 244 
236 456 
236 216 
244 208 
236 216 
228 208 
248 228 
236 220 
232 212 
284 216 
240 672 
236 236 
228 208 
236 212 
240 220 
228 208 
236 212 
236 212 
216 212 
236 240 
232 216 
236 224 
236 216 
228 208 
232 228 
236 212 
236 212 
236 236 
236 204 
236 256 
232 212 
236 212 
252 224 
232 216 
228 204 
228 224 
252 204 
232 272 
236 212 
236 236 
232 216 
232 208 
232 208 
228 208 
228 212 
236 212 
236 216 
252 232 
236 216 
232 208 
336 220 
228 216 
236 264 
232 212 
236 216 
228 236 
240 216 
236 208 
240 216 
232 240 
236 236 
232 204 
232 232 
232 216 
232 220 
232 208 
236 212 
232 232 
232 208 
240 240 
232 236 
236 216 
232 208 
240 240 
240 208 
236 208 
240 236 
236 212 
380 212 
236 236 
236 228 
236 220 
236 208 
240 220 
232 232 
236 212 
248 216 
600 236 
232 208 
228 208 
232 212 
232 212 
232 260 
232 204 
228 220 
208 204 
240 408 
232 208 
232 216 
236 212 
232 204 
232 216 
240 224 
232 208 
208 228 
228 692 
236 208 
240 240 
236 212 
236 260 
232 216 
228 212 
236 212 
208 212 
236 284 
236 212 
236 228 
236 208 
232 212 
316 212 
420 212 
236 212 
236 212 
240 220 
232 208 
236 236 
228 220 
240 236 
236 212 
232 228 
44 48 
232 212 
232 212 
228 236 
232 216 
240 212 
240 204 
236 208 
232 220 
236 236 
236 208 
236 208 
236 212 
232 236 
236 236 
240 240 
232 212 
232 208 
236 220 
236 212 
236 240 
236 208 
236 208 
244 216 
240 212 
232 208 
236 236 
232 204 
244 212 
44 268 
232 216 
272 212 
236 212 
232 212 
224 224 
232 208 
284 212 
244 228 
236 240 
236 208 
232 216 
232 216 
240 220 
416 236 
232 212 
236 208 
244 216 
232 212 
228 212 
236 212 
232 208 
232 216 
632 212 
232 204 
228 256 
236 48 
232 212 
236 212 
236 216 
232 216 
204 212 
232 508 
276 208 
240 208 
228 216 
232 268 
236 212 
244 236 
232 204 
212 208 
236 716 
236 216 
228 216 
228 212 
376 208 
248 212 
240 240 
236 224 
216 212 
236 240 
240 208 
232 212 
236 224 
232 208 
236 212 
232 256 
240 212 
236 212 
240 208 
232 216 
228 216 
232 216 
232 212 
232 208 
228 208 
236 204 
236 212 
232 240 
236 208 
228 204 
240 240 
236 212 
232 224 
272 212 
240 240 
244 212 
232 236 
232 208 
228 212 
240 212 
236 220 
236 232 
232 232 
232 208 
236 232 
232 208 
232 268 
228 208 
228 212 
236 220 
232 208 
236 220 
236 232 
236 248 
236 208 
236 212 
232 212 
236 236 
232 208 
216 216 
236 224 
232 256 
236 236 
236 212 
240 216 
232 212 
240 236 
232 208 
424 212 
236 268 
236 212 
232 208 
228 212 
236 236 
236 208 
232 208 
232 236 
664 212 
232 208 
232 220 
232 232 
252 212 
236 236 
232 288 
232 212 
216 216 
232 540 
1056 236 
232 216 
240 204 
240 212 
232 204 
232 216 
232 220 
216 212 
236 224 
236 240 
236 208 
240 212 
240 236 
232 208 
236 208 
236 208 
212 272 
232 212 
236 208 
236 212 
236 240 
232 212 
236 236 
236 208 
236 216 
236 208 
236 208 
236 236 
228 212 
228 224 
236 216 
236 232 
232 212 
232 212 
1184 236 
236 204 
236 232 
232 216 
232 212 
232 240 
236 212 
232 212 
236 240 
232 208 
232 220 
232 212 
228 216 
236 208 
232 204 
236 212 
232 220 
236 1268 
240 212 
236 220 
232 212 
224 236 
232 208 
236 232 
232 220 
232 208 
240 236 
228 212 
232 232 
240 212 
236 216 
236 236 
232 216 
220 212 
232 208 
232 236 
236 216 
236 212 
244 224 
236 212 
236 208 
236 220 
416 216 
236 212 
228 212 
236 236 
228 216 
232 208 
236 240 
232 216 
232 240 
564 212 
240 240 
232 204 
236 232 
232 212 
236 208 
236 240 
236 212 
264 212 
236 540 
232 212 
236 224 
232 216 
232 268 
236 236 
232 208 
236 236 
208 216 
236 700 
232 212 
232 228 
232 212 
244 212 
236 212 
236 236 
240 212 
228 212 
236 212 
236 240 
228 208 
232 216 
236 276 
228 212 
456 224 
240 212 
236 216 
232 216 
244 236 
236 248 
236 216 
236 212 
228 216 
232 236 
232 212 
244 216 
232 212 
236 204 
236 268 
44 52 
228 240 
236 236 
240 208 
240 216 
232 224 
232 232 
236 208 
228 212 
228 212 
236 212 
236 240 
232 208 
240 236 
244 212 
272 220 
236 208 
236 208 
232 208 
236 240 
236 212 
236 236 
232 224 
232 216 
232 232 
236 236 
232 216 
236 212 
44 52 
204 216 
232 212 
228 212 
232 212 
236 220 
232 216 
236 244 
232 236 
232 212 
480 216 
236 232 
248 216 
240 212 
232 208 
268 220 
236 216 
224 220 
236 220 
696 232 
244 208 
232 228 
236 212 
232 212 
232 216 
232 224 
236 208 
332 240 
236 268 
236 240 
236 216 
244 216 
236 212 
228 212 
232 236 
232 212 
216 264 
232 240 
236 212 
232 240 
236 240 
1176 240 
232 208 
232 256 
232 212 
260 212 
236 244 
236 216 
232 208 
236 272 
236 208 
236 212 
236 212 
236 212 
232 208 
232 220 
236 212 
232 224 
232 212 
240 208 
236 216 
228 208 
232 212 
236 216 
240 212 
236 236 
240 216 
236 236 
244 216 
236 208 
232 212 
236 236 
232 208 
236 212 
232 208 
244 220 
236 240 
228 208 
240 208 
240 212 
232 212 
240 236 
236 212 
228 212 
236 212 
236 260 
232 212 
236 212 
236 212 
232 212 
232 216 
232 212 
228 208 
240 248 
260 208 
232 208 
260 208 
236 240 
232 208 
276 212 
236 212 
232 212 
244 220 
236 208 
236 220 
496 208 
236 272 
232 272 
784 268 
228 212 
228 212 
236 208 
232 256 
252 212 
720 204 
232 236 
236 228 
236 240 
232 204 
232 244 
240 212 
232 212 
464 216 
232 572 
236 208 
1104 240 
236 208 
228 212 
236 236 
228 208 
232 216 
212 216 
236 224 
232 204 
232 236 
232 208 
232 208 
228 216 
232 216 
232 208 
236 260 
236 236 
228 208 
236 236 
244 212 
236 216 
232 216 
236 208 
232 212 
232 220 
232 212 
240 236 
232 212 
232 216 
232 212 
236 236 
232 208 
236 260 
692 212 
232 212 
232 212 
228 208 
232 224 
232 212 
232 208 
236 236 
236 212 
232 216 
236 212 
240 212 
236 212 
232 212 
236 216 
232 216 
240 212 
232 208 
232 244 
236 212 
232 208 
232 204 
232 224 
232 208 
232 236 
232 208 
236 208 
232 236 
232 208 
240 208 
236 220 
228 216 
236 224 
252 216 
556 220 
232 216 
232 232 
236 236 
232 212 
232 216 
232 216 
232 212 
508 216 
232 208 
236 232 
240 244 
228 208 
244 240 
232 208 
236 260 
236 208 
728 264 
236 228 
236 212 
232 204 
232 208 
256 216 
232 224 
236 224 
208 216 
236 596 
236 232 
236 240 
236 212 
236 212 
236 240 
232 208 
236 224 
216 220 
236 208 
236 212 
236 220 
228 212 
236 216 
236 216 
232 204 
240 236 
236 216 
236 220 
240 208 
236 216 
236 236 
236 212 
232 208 
236 220 
232 212 
236 228 
236 232 
228 208 
232 208 
236 212 
232 260 
236 212 
236 216 
236 240 
232 212 
236 236 
232 208 
232 220 
232 212 
236 236 
236 212 
228 216 
236 212 
232 208 
232 232 
232 208 
236 216 
232 220 
236 212 
232 208 
240 260 
232 212 
232 208 
232 204 
40 212 
236 212 
232 216 
488 208 
232 212 
240 224 
232 208 
228 212 
240 240 
236 208 
240 236 
236 240 
232 236 
268 216 
240 212 
240 236 
232 208 
232 212 
236 240 
228 236 
232 208 
236 208 
516 236 
240 232 
232 208 
232 208 
236 224 
236 212 
44 48 
228 224 
236 212 
232 328 
232 212 
236 236 
232 212 
248 212 
240 212 
236 212 
236 232 
212 212 
248 608 
232 212 
240 236 
236 216 
236 236 
240 212 
228 208 
232 216 
208 244 
240 216 
232 208 
236 212 
236 216 
232 204 
228 208 
236 260 
236 44 
232 232 
236 212 
236 216 
232 212 
232 220 
232 212 
236 216 
236 208 
236 212 
236 220 
236 216 
236 212 
228 212 
236 208 
232 212 
232 212 
244 236 
232 212 
236 240 
232 212 
232 208 
232 276 
236 264 
364 212 
236 212 
232 204 
236 236 
228 208 
228 212 
236 216 
712 212 
236 208 
232 236 
232 212 
236 208 
232 212 
236 236 
232 208 
232 256 
240 208 
240 212 
232 212 
232 208 
236 212 
240 208 
232 208 
236 236 
236 216 
248 216 
236 216 
256 216 
304 212 
236 212 
240 248 
240 212 
236 212 
236 236 
236 208 
236 208 
232 212 
520 208 
232 204 
240 208 
236 216 
232 216 
236 220 
236 208 
228 212 
232 220 
232 404 
240 236 
232 208 
236 260 
232 212 
232 204 
236 208 
232 212 
212 220 
240 632 
232 208 
232 216 
312 216 
232 260 
236 216 
232 204 
236 240 
212 208 
228 236 
236 212 
240 212 
232 208 
228 216 
232 212 
232 208 
228 216 
236 208 
232 208 
232 212 
236 244 
228 216 
236 216 
236 212 
240 260 
236 208 
228 212 
240 212 
232 212 
240 228 
236 236 
240 212 
232 260 
232 208 
232 208 
232 260 
608 236 
236 216 
228 216 
232 232 
232 208 
236 240 
228 212 
236 240 
236 212 
232 212 
236 220 
232 212 
236 212 
232 212 
236 212 
232 212 
232 204 
232 212 
236 220 
236 220 
232 220 
236 216 
228 232 
236 204 
268 216 
236 216 
232 208 
232 248 
236 208 
236 208 
232 236 
228 220 
324 220 
296 476 
236 208 
232 216 
236 216 
228 216 
236 228 
236 212 
232 232 
572 208 
236 204 
240 208 
232 212 
236 236 
240 216 
228 208 
232 240 
256 208 
232 456 
236 212 
232 208 
236 232 
232 208 
228 212 
236 248 
228 212 
212 212 
240 684 
232 208 
232 216 
292 224 
232 212 
236 212 
232 208 
232 252 
216 208 
232 212 
236 212 
236 216 
236 236 
240 208 
236 216 
236 236 
236 216 
232 216 
236 304 
236 208 
232 208 
240 212 
232 240 
236 212 
232 208 
236 264 
236 212 
232 208 
236 248 
232 208 
240 216 
232 216 
232 208 
232 212 
232 228 
232 220 
232 212 
228 212 
232 204 
232 212 
240 232 
232 208 
228 208 
232 212 
232 216 
240 212 
240 252 
232 220 
232 212 
236 204 
232 216 
232 240 
232 216 
236 272 
236 212 
236 212 
236 236 
232 224 
236 1180 
240 208 
228 208 
252 212 
232 212 
232 212 
236 256 
228 216 
232 208 
236 208 
340 212 
236 208 
232 264 
236 208 
236 212 
240 240 
232 212 
236 212 
40 48 
588 228 
228 240 
236 232 
232 204 
240 236 
236 208 
236 216 
236 236 
216 212 
232 452 
228 212 
232 236 
232 208 
248 212 
232 220 
376 216 
236 212 
216 216 
48 44 
232 204 
236 240 
232 208 
228 224 
240 208 
232 216 
236 236 
208 208 
236 252 
240 212 
228 208 
240 212 
232 208 
244 236 
236 212 
228 216 
232 228 
228 212 
236 220 
228 204 
236 208 
252 212 
236 212 
232 220 
240 244 
236 204 
236 228 
232 52 
232 456 
236 212 
236 212 
232 212 
232 216 
232 216 
236 264 
232 208 
236 216 
232 212 
232 220 
236 320 
232 236 
236 216 
232 212 
236 236 
236 208 
232 208 
236 980 
240 236 
248 212 
232 244 
232 208 
236 236 
236 212 
228 212 
240 240 
232 208 
236 212 
232 212 
240 212 
236 240 
228 208 
232 216 
232 212 
232 212 
236 220 
236 228 
236 216 
464 208 
236 216 
232 208 
244 228 
0 0 
0 0 
236 260 
232 208 
236 240 
612 212 
236 216 
232 212 
232 220 
340 224 
236 232 
232 208 
232 208 
220 228 
236 456 
232 228 
236 220 
232 204 
228 204 
236 236 
228 212 
232 228 
216 212 
236 700 
236 240 
228 212 
236 212 
236 208 
236 208 
232 240 
236 216 
208 216 
240 260 
232 208 
228 208 
228 212 
228 220 
236 212 
232 228 
236 236 
236 208 
232 216 
236 208 
232 208 
236 236 
236 240 
236 228 
232 208 
228 208 
240 236 
232 208 
240 212 
236 236 
236 208 
236 236 
232 208 
228 236 
232 212 
256 216 
232 1328 
232 212 
236 212 
232 204 
232 212 
228 216 
236 212 
232 208 
228 212 
236 236 
232 212 
236 240 
240 212 
228 212 
232 208 
232 216 
236 236 
236 212 
232 208 
240 220 
232 212 
236 264 
232 212 
228 212 
232 212 
236 236 
232 208 
232 236 
236 212 
236 212 
240 240 
240 208 
380 236 
968 212 
228 212 
232 212 
232 212 
232 232 
228 208 
248 216 
236 220 
608 208 
236 240 
232 212 
232 236 
232 208 
228 212 
240 232 
228 208 
216 244 
240 440 
236 240 
232 208 
232 208 
232 212 
232 204 
240 252 
236 212 
248 224 
236 716 
232 240 
236 236 
368 212 
240 236 
236 212 
236 212 
232 220 
1056 232 
232 208 
232 232 
232 208 
224 216 
240 240 
232 244 
232 208 
228 204 
232 248 
232 212 
228 220 
236 240 
236 208 
228 204 
236 244 
232 212 
232 1108 
236 208 
228 220 
240 232 
236 212 
236 212 
228 248 
236 212 
232 216 
236 208 
228 220 
236 216 
228 212 
232 216 
228 216 
268 216 
236 228 
236 216 
232 204 
232 236 
236 208 
236 204 
236 268 
236 208 
240 220 
232 216 
236 216 
228 212 
236 216 
232 204 
236 264 
240 220 
232 212 
236 212 
236 240 
236 228 
232 212 
232 236 
232 248 
232 212 
236 244 
240 212 
44 48 
424 208 
232 204 
236 212 
240 240 
232 208 
248 224 
240 228 
236 208 
244 220 
636 216 
228 212 
240 212 
236 220 
232 236 
228 208 
236 232 
228 212 
212 220 
240 508 
228 224 
240 216 
516 212 
228 208 
232 216 
888 220 
236 212 
216 216 
232 212 
48 48 
236 216 
228 216 
240 208 
232 236 
236 212 
232 204 
212 236 
236 208 
236 204 
240 212 
240 228 
236 208 
232 204 
236 244 
236 216 
228 216 
236 232 
256 208 
240 216 
232 208 
232 212 
232 212 
240 224 
236 212 
232 216 
240 240 
236 208 
236 240 
236 248 
232 216 
576 208 
232 212 
232 208 
232 212 
232 268 
240 208 
248 228 
232 240 
236 236 
232 212 
236 252 
232 212 
228 212 
236 212 
232 212 
252 224 
244 236 
232 208 
240 220 
240 244 
236 212 
232 208 
236 220 
236 208 
232 228 
232 212 
232 240 
220 212 
232 212 
232 220 
328 208 
236 212 
232 216 
236 212 
236 220 
228 216 
432 212 
240 204 
244 216 
236 216 
236 212 
228 240 
240 216 
236 208 
236 212 
672 212 
232 212 
228 216 
224 212 
1068 236 
232 236 
232 228 
232 240 
212 212 
236 488 
236 220 
236 212 
228 212 
232 256 
236 224 
228 268 
240 236 
216 212 
232 256 
236 236 
232 244 
232 208 
232 220 
236 236 
228 208 
232 256 
236 208 
228 232 
240 212 
240 220 
268 208 
240 212 
232 208 
236 236 
240 212 
232 220 
228 208 
236 212 
236 216 
236 220 
232 208 
236 236 
236 212 
228 220 
236 212 
232 212 
236 212 
232 208 
236 236 
232 204 
232 240 
236 224 
232 208 
232 252 
232 224 
232 208 
228 216 
236 212 
240 236 
232 208 
244 212 
240 212 
228 252 
236 236 
260 212 
232 212 
236 208 
300 224 
232 212 
240 236 
232 212 
648 208 
232 212 
232 212 
240 208 
232 204 
236 216 
228 236 
236 216 
232 212 
232 212 
236 224 
240 212 
224 220 
236 212 
232 236 
452 212 
228 216 
1012 240 
240 216 
232 236 
236 264 
228 212 
240 236 
232 224 
704 216 
232 216 
240 216 
232 212 
228 216 
232 216 
232 208 
240 212 
216 204 
232 536 
236 216 
232 204 
236 236 
228 212 
232 220 
236 236 
236 220 
208 208 
240 236 
236 208 
236 208 
228 212 
236 244 
236 212 
228 208 
232 232 
596 220 
236 268 
236 212 
232 232 
236 208 
236 220 
236 236 
236 208 
236 212 
228 204 
232 216 
228 204 
232 208 
236 256 
240 224 
236 212 
232 220 
236 220 
236 232 
232 208 
232 252 
228 212 
236 236 
228 208 
252 216 
240 212 
228 208 
240 248 
236 216 
236 240 
236 216 
236 240 
292 212 
232 204 
660 216 
236 224 
232 208 
236 260 
232 208 
228 216 
232 212 
240 240 
232 212 
232 216 
236 212 
232 212 
236 228 
232 220 
236 212 
236 236 
244 236 
248 212 
232 208 
236 236 
236 208 
232 232 
236 236 
240 240 
232 212 
236 236 
468 232 
236 212 
232 208 
232 204 
232 212 
228 208 
236 212 
232 208 
212 212 
708 212 
240 212 
236 216 
232 212 
236 224 
240 236 
44 44 
228 216 
212 212 
240 556 
236 236 
232 212 
276 208 
240 212 
228 212 
252 216 
376 204 
216 212 
232 232 
212 84 
0 0 
0 0 
0 0 
0 0 
0 0 
0 0 
0 0 
0 0 
0 0 
0 0 
0 0 
0 0 
0 0 
0 0 
0 0 
0 0 
0 0 
0 0 
0 0 
0 0 
0 0 
0 0 
0 0 
0 0 
0 0 
0 0 
216 196 
220 208 
188 224 
204 216 
188 216 
212 196 
208 196 
200 208 
368 216 
220 208 
208 212 
204 212 
220 188 
216 208 
232 240 
240 216 
232 212 
228 212 
244 212 
256 192 
232 208 
236 212 
236 208 
232 212 
236 220 
232 256 
240 236 
248 212 
232 228 
228 212 
236 236 
248 252 
232 208 
228 216 
236 224 
236 232 
240 212 
240 208 
232 260 
232 220 
488 240 
236 204 
236 208 
236 204 
236 208 
232 212 
240 236 
244 216 
236 212 
732 208 
228 212 
236 220 
240 300 
232 208 
236 212 
232 212 
232 216 
212 220 
236 576 
236 212 
232 208 
244 240 
232 216 
240 216 
240 216 
232 212 
212 224 
228 208 
252 216 
232 216 
236 212 
244 236 
236 272 
236 268 
232 216 
232 216 
240 252 
236 220 
232 208 
236 212 
240 208 
232 216 
232 216 
240 216 
236 216 
240 268 
236 256 
236 212 
236 212 
236 216 
236 208 
228 212 
232 208 
236 208 
236 220 
236 244 
228 240 
232 208 
236 236 
236 236 
236 252 
232 220 
236 208 
228 212 
232 208 
236 212 
232 264 
236 252 
232 224 
232 216 
236 208 
236 212 
252 212 
232 236 
232 208 
236 212 
424 212 
236 248 
232 268 
232 228 
228 216 
232 224 
236 216 
236 212 
236 216 
232 212 
276 236 
368 212 
236 208 
236 268 
236 208 
236 208 
236 212 
236 208 
236 208 
496 208 
236 212 
228 228 
240 212 
232 212 
236 236 
240 236 
232 252 
228 220 
736 208 
232 216 
240 208 
236 216 
264 232 
232 212 
236 216 
232 236 
216 240 
228 588 
240 220 
224 208 
236 216 
232 236 
232 224 
240 212 
232 208 
212 212 
236 212 
232 232 
236 216 
236 204 
232 216 
232 240 
232 208 
232 208 
236 212 
232 228 
228 212 
236 212 
236 212 
232 216 
236 204 
232 208 
244 216 
232 212 
236 216 
240 212 
240 236 
236 256 
228 228 
232 212 
240 252 
232 208 
236 240 
232 212 
236 236 
232 240 
236 220 
232 220 
232 236 
232 208 
240 208 
240 236 
236 244 
236 212 
236 232 
236 212 
236 232 
240 212 
236 216 
236 264 
236 236 
236 244 
236 228 
228 212 
264 216 
236 956 
240 208 
240 208 
232 256 
232 216 
236 216 
232 216 
232 216 
236 268 
236 236 
208 212 
232 212 
232 212 
232 268 
236 232 
240 212 
236 260 
236 208 
232 232 
484 220 
240 212 
228 212 
236 236 
232 216 
240 208 
48 44 
236 220 
232 256 
752 212 
232 212 
236 220 
232 220 
236 216 
232 252 
232 204 
232 208 
212 212 
236 584 
232 236 
236 236 
236 212 
236 224 
232 212 
232 208 
312 212 
216 208 
236 224 
228 212 
232 212 
236 220 
236 220 
244 212 
232 236 
236 260 
232 236 
236 236 
232 208 
236 208 
236 204 
232 208 
40 48 
232 208 
240 208 
232 212 
228 208 
236 220 
232 212 
620 220 
236 212 
236 208 
236 332 
228 208 
236 236 
232 216 
228 212 
232 216 
228 208 
232 212 
236 220 
236 208 
236 208 
236 236 
252 216 
228 208 
1176 236 
236 216 
236 236 
228 212 
236 212 
232 212 
240 48 
236 268 
232 216 
232 256 
264 236 
232 208 
236 216 
240 220 
236 236 
236 212 
236 212 
236 216 
236 236 
236 220 
236 216 
288 208 
232 212 
232 212 
236 220 
236 216 
236 236 
236 208 
232 228 
228 228 
540 208 
236 208 
236 264 
712 208 
312 216 
240 244 
236 208 
240 240 
236 212 
236 376 
244 216 
288 208 
236 208 
240 236 
236 212 
236 208 
236 212 
212 216 
236 616 
236 228 
232 212 
232 208 
232 208 
228 212 
236 208 
232 212 
212 236 
228 220 
232 220 
236 220 
228 212 
232 204 
236 216 
232 236 
236 212 
240 220 
232 216 
584 204 
244 208 
232 236 
232 216 
232 212 
232 208 
232 240 
228 212 
240 208 
236 260 
232 236 
232 212 
248 212 
232 208 
236 212 
236 236 
232 220 
236 256 
232 216 
236 236 
232 236 
236 232 
236 216 
232 212 
236 236 
244 208 
240 212 
236 240 
236 212 
236 212 
232 236 
228 208 
232 216 
232 212 
228 216 
236 216 
232 212 
228 232 
232 232 
236 216 
236 224 
236 236 
228 216 
236 212 
228 212 
236 212 
236 212 
240 216 
232 212 
336 216 
236 204 
232 208 
236 204 
232 240 
240 264 
232 228 
236 216 
232 212 
592 260 
236 212 
228 212 
232 208 
236 212 
232 236 
236 244 
284 212 
232 224 
232 416 
236 212 
236 236 
236 232 
240 212 
228 208 
240 208 
232 212 
212 216 
236 648 
236 236 
240 220 
232 228 
228 212 
236 212 
228 212 
236 212 
592 212 
232 212 
232 208 
240 216 
236 212 
228 212 
228 212 
236 436 
232 232 
232 212 
232 212 
228 264 
232 208 
236 204 
356 212 
228 212 
232 212 
236 232 
236 244 
236 216 
256 220 
228 208 
232 208 
232 220 
236 216 
232 208 
236 212 
236 204 
236 212 
236 208 
240 208 
236 224 
240 216 
236 240 
236 248 
232 212 
236 240 
268 212 
232 228 
228 220 
232 208 
232 216 
232 216 
232 212 
232 212 
232 212 
236 212 
236 272 
236 244 
236 208 
232 212 
236 212 
236 212 
236 212 
232 236 
236 212 
236 220 
236 220 
232 212 
236 212 
324 224 
252 212 
232 216 
232 212 
236 212 
232 236 
232 228 
240 220 
244 248 
584 212 
236 208 
236 212 
236 236 
236 212 
232 216 
228 212 
236 216 
232 208 
240 436 
228 212 
228 212 
328 204 
232 276 
228 212 
884 216 
232 264 
216 208 
236 668 
236 240 
240 232 
236 220 
236 236 
232 240 
232 212 
236 212 
216 220 
232 232 
232 212 
236 216 
236 236 
232 208 
236 244 
252 212 
232 236 
248 212 
236 212 
228 212 
236 212 
236 244 
236 244 
236 204 
232 216 
236 232 
260 208 
236 236 
236 236 
236 216 
192 208 
236 236 
236 212 
272 224 
236 224 
236 260 
236 216 
228 232 
236 236 
240 264 
228 208 
232 212 
232 212 
236 212 
236 236 
236 208 
236 208 
248 216 
232 212 
228 208 
236 208 
236 212 
236 212 
236 204 
236 208 
240 204 
240 212 
232 232 
48 228 
236 236 
240 216 
232 208 
232 212 
236 240 
316 212 
228 212 
236 204 
228 204 
356 236 
236 208 
236 216 
232 212 
236 216 
236 236 
232 252 
244 212 
268 212 
612 208 
240 220 
232 236 
48 48 
636 224 
236 220 
240 256 
228 232 
212 212 
232 444 
232 212 
232 220 
232 232 
240 236 
236 272 
228 216 
240 216 
208 208 
236 688 
236 212 
240 220 
240 208 
240 248 
240 212 
232 212 
232 212 
216 212 
228 220 
236 236 
256 212 
232 216 
232 208 
236 212 
236 48 
236 252 
252 212 
232 212 
228 204 
232 212 
240 216 
232 232 
232 212 
232 236 
228 212 
232 220 
232 208 
232 232 
232 280 
232 212 
236 224 
236 264 
236 208 
360 228 
236 244 
232 256 
232 204 
236 216 
240 240 
240 268 
236 208 
388 208 
236 268 
236 208 
232 208 
236 216 
236 216 
232 212 
232 212 
232 208 
236 208 
240 236 
216 216 
232 216 
232 228 
232 216 
232 212 
232 212 
236 212 
236 220 
236 264 
236 216 
232 228 
228 216 
228 216 
384 212 
316 212 
384 248 
236 1140 
232 224 
240 212 
232 212 
236 212 
236 212 
236 208 
236 216 
616 216 
240 208 
236 212 
236 232 
232 208 
232 212 
236 224 
236 236 
212 208 
232 472 
236 216 
236 232 
232 212 
228 208 
236 212 
240 240 
224 216 
212 212 
232 708 
240 240 
236 216 
228 212 
232 216 
240 212 
236 236 
240 236 
212 480 
236 240 
240 216 
236 240 
244 212 
232 212 
236 216 
236 212 
236 264 
236 288 
232 220 
232 240 
236 272 
232 216 
236 208 
228 208 
232 208 
236 208 
228 216 
240 248 
240 220 
232 216 
232 216 
228 212 
232 208 
232 212 
236 212 
264 208 
236 216 
232 232 
240 212 
236 204 
236 256 
236 240 
212 212 
236 216 
232 212 
236 220 
236 208 
236 240 
232 256 
236 216 
228 212 
236 208 
236 212 
240 240 
232 212 
232 212 
232 212 
236 236 
236 252 
236 220 
232 252 
236 208 
236 236 
228 208 
236 264 
236 232 
236 208 
236 208 
412 256 
232 216 
228 208 
244 208 
232 204 
232 208 
240 272 
232 212 
240 240 
656 228 
236 212 
240 220 
232 216 
232 232 
236 216 
236 212 
236 224 
216 256 
748 212 
232 236 
244 216 
232 212 
236 204 
236 208 
232 1104 
240 248 
216 212 
236 700 
232 208 
232 216 
236 212 
240 208 
232 248 
232 280 
232 240 
216 212 
240 244 
236 220 
232 212 
232 212 
232 212 
232 216 
228 212 
232 208 
236 216 
232 228 
236 208 
236 236 
236 204 
236 212 
236 208 
232 212 
236 216 
236 240 
232 252 
252 212 
232 212 
244 216 
212 216 
252 208 
228 212 
228 216 
232 216 
232 212 
236 216 
232 232 
236 216 
260 212 
228 236 
248 216 
232 208 
236 208 
236 212 
236 216 
236 212 
236 212 
232 264 
228 212 
288 208 
236 216 
228 208 
236 212 
228 212 
232 216 
232 208 
240 236 
228 216 
236 236 
236 228 
232 212 
232 204 
236 212 
232 216 
228 208 
256 212 
408 216 
236 240 
232 212 
236 212 
236 212 
240 212 
232 208 
232 208 
236 212 
620 224 
228 248 
248 216 
232 212 
236 212 
48 52 
232 208 
236 212 
216 256 
240 516 
240 216 
224 208 
232 208 
240 216 
232 248 
240 212 
236 212 
212 220 
236 716 
236 240 
236 224 
236 212 
232 264 
232 216 
228 212 
236 216 
236 236 
232 220 
232 220 
236 240 
244 212 
232 216 
232 236 
236 204 
232 232 
236 272 
232 208 
44 684 
232 216 
236 208 
228 212 
236 224 
236 232 
240 208 
236 212 
236 216 
240 236 
236 236 
236 236 
228 212 
232 212 
228 208 
232 212 
228 212 
240 216 
236 212 
236 212 
232 420 
236 236 
228 216 
236 220 
236 264 
264 212 
232 208 
236 212 
240 208 
236 208 
232 216 
228 216 
232 44 
240 208 
1152 260 
236 208 
236 268 
236 232 
232 212 
232 216 
204 212 
232 224 
236 224 
232 216 
232 220 
236 260 
232 216 
240 208 
232 216 
460 212 
236 236 
308 1044 
232 212 
232 212 
232 232 
236 212 
232 212 
236 220 
676 216 
236 232 
232 252 
240 208 
240 220 
256 216 
232 212 
232 216 
212 212 
236 492 
236 236 
244 212 
232 236 
236 236 
236 212 
236 212 
232 256 
212 240 
236 212 
240 236 
260 232 
240 208 
232 208 
240 212 
240 232 
236 232 
320 212 
240 212 
236 208 
236 212 
236 216 
232 212 
232 216 
232 216 
244 216 
228 212 
236 212 
236 208 
232 232 
240 216 
232 212 
232 212 
236 216 
236 260 
236 244 
236 216 
232 216 
344 220 
232 240 
232 232 
236 240 
248 216 
240 208 
236 212 
236 240 
228 212 
236 212 
232 248 
232 220 
236 212 
940 228 
232 208 
232 208 
236 212 
232 216 
232 236 
232 260 
236 208 
236 280 
236 216 
232 212 
236 212 
232 244 
236 216 
240 236 
240 216 
236 264 
224 216 
232 208 
236 208 
236 208 
232 216 
232 208 
244 236 
244 212 
228 212 
464 216 
244 212 
236 240 
248 216 
232 220 
236 204 
236 212 
240 256 
232 216 
700 216 
236 224 
236 212 
232 220 
228 212 
232 212 
236 216 
228 204 
212 216 
236 548 
240 212 
236 208 
244 212 
236 212 
232 212 
232 212 
256 208 
220 216 
228 208 
236 204 
236 236 
232 216 
228 216 
232 208 
236 212 
228 212 
232 216 
236 212 
236 216 
232 212 
236 220 
236 212 
236 264 
280 208 
240 212 
236 260 
232 212 
236 212 
228 256 
236 232 
232 264 
232 208 
236 236 
236 232 
236 236 
252 208 
228 212 
232 228 
228 212 
1076 228 
236 248 
232 208 
236 208 
236 216 
236 212 
236 236 
236 236 
236 212 
236 220 
236 228 
232 228 
232 240 
232 248 
232 236 
236 216 
232 216 
236 208 
232 224 
236 252 
232 244 
232 208 
236 212 
232 236 
232 236 
236 268 
240 212 
236 216 
260 220 
236 244 
232 216 
232 212 
232 208 
236 216 
236 212 
232 212 
228 212 
504 220 
232 216 
232 212 
236 220 
456 220 
232 216 
232 208 
236 208 
228 272 
748 216 
232 212 
228 212 
236 212 
232 216 
236 216 
236 236 
232 224 
228 212 
232 564 
236 236 
236 208 
236 212 
240 232 
240 236 
236 228 
236 236 
216 228 
232 212 
240 216 
232 212 
488 236 
236 216 
236 224 
232 240 
236 264 
232 256 
236 244 
240 208 
236 212 
236 212 
228 220 
232 236 
240 232 
236 252 
232 216 
232 248 
240 212 
1100 248 
236 244 
272 232 
232 208 
340 208 
236 236 
228 216 
236 216 
252 208 
228 208 
232 212 
232 208 
284 216 
236 212 
232 228 
40 212 
232 264 
232 252 
232 212 
236 208 
236 216 
236 212 
232 208 
228 208 
232 212 
236 244 
236 216 
232 260 
236 216 
236 228 
240 216 
236 212 
236 236 
588 216 
236 208 
232 228 
232 212 
240 208 
236 260 
240 276 
232 208 
228 212 
236 208 
240 220 
232 212 
40 44 
232 208 
236 220 
544 212 
232 208 
236 220 
236 220 
232 208 
236 216 
236 212 
236 208 
236 228 
732 204 
236 220 
236 212 
236 212 
228 256 
244 208 
232 208 
232 212 
216 236 
236 568 
664 208 
236 212 
232 216 
232 212 
236 212 
228 212 
240 208 
212 212 
236 228 
240 208 
232 216 
232 64 
236 216 
236 232 
232 244 
232 212 
236 224 
228 208 
244 212 
232 212 
228 212 
232 224 
236 212 
236 212 
240 308 
236 216 
240 240 
232 212 
232 208 
228 212 
240 212 
236 216 
272 208 
236 236 
232 208 
232 212 
236 240 
232 212 
236 212 
236 236 
236 268 
312 228 
236 204 
228 228 
236 240 
232 216 
228 216 
228 212 
236 224 
224 216 
232 240 
232 232 
236 212 
236 236 
236 212 
236 212 
232 236 
236 216 
232 248 
236 208 
228 212 
232 212 
232 208 
232 208 
236 216 
236 256 
236 228 
276 224 
228 212 
236 212 
236 264 
240 252 
228 216 
224 208 
236 216 
228 212 
544 236 
228 208 
256 208 
236 208 
236 224 
236 208 
236 208 
236 260 
508 212 
236 376 
232 216 
236 208 
232 236 
236 208 
236 204 
232 212 
236 208 
212 220 
240 556 
236 236 
236 220 
240 216 
236 268 
232 212 
232 208 
236 236 
212 216 
236 216 
236 212 
232 216 
236 236 
232 212 
232 228 
236 212 
232 228 
232 220 
232 212 
236 224 
256 212 
236 212 
236 212 
236 240 
0 0 
0 0 
0 0 
228 240 
212 228 
232 208 
236 208 
232 208 
236 204 
240 212 
232 216 
232 212 
232 220 
232 212 
308 212 
240 236 
232 228 
236 236 
248 208 
228 236 
240 216 
236 232 
236 216 
232 216 
236 208 
232 316 
236 208 
236 224 
232 204 
232 216 
236 208 
236 212 
236 216 
236 216 
236 216 
232 208 
232 236 
232 212 
232 212 
232 216 
240 212 
232 240 
232 268 
232 228 
316 260 
232 216 
236 212 
236 236 
232 216 
228 212 
756 208 
232 212 
236 212 
544 228 
232 216 
232 208 
232 252 
308 220 
228 216 
236 216 
236 236 
232 236 
264 348 
236 212 
236 208 
232 216 
236 212 
232 204 
248 208 
236 204 
216 208 
236 588 
232 236 
236 220 
232 212 
236 216 
236 208 
228 216 
236 220 
260 232 
240 216 
0 0 
0 0 
228 212 
236 212 
236 208 
232 216 
236 204 
232 212 
232 208 
228 216 
232 216 
236 212 
236 280 
232 216 
232 208 
240 216 
236 260 
228 220 
236 212 
252 208 
236 240 
236 224 
256 208 
236 208 
232 240 
240 228 
236 212 
228 212 
240 208 
236 256 
228 208 
256 216 
232 212 
232 216 
236 208 
236 212 
216 212 
236 236 
236 264 
336 276 
232 208 
272 216 
232 204 
232 216 
232 204 
240 220 
260 224 
236 224 
236 212 
236 212 
232 212 
232 208 
232 212 
632 208 
236 240 
240 252 
232 244 
236 236 
328 220 
240 212 
240 240 
236 212 
232 208 
236 244 
264 212 
232 212 
228 212 
540 212 
236 212 
236 212 
232 228 
236 204 
228 208 
236 212 
232 212 
236 216 
236 428 
236 212 
236 216 
228 216 
232 216 
232 216 
236 212 
236 216 
208 208 
240 584 
236 1348 
232 216 
236 212 
236 248 
236 240 
232 208 
236 216 
204 212 
228 204 
236 208 
232 220 
240 236 
236 220 
236 216 
236 208 
232 212 
236 240 
48 40 
232 212 
232 208 
232 216 
236 216 
232 260 
232 216 
232 212 
232 224 
232 208 
236 216 
232 224 
240 244 
240 216 
240 212 
236 236 
232 208 
212 212 
236 208 
236 228 
240 212 
236 212 
244 224 
240 208 
236 236 
236 260 
236 212 
236 264 
240 228 
236 248 
236 212 
232 208 
72 48 
236 1108 
232 260 
232 284 
232 212 
232 208 
232 216 
236 212 
232 212 
232 212 
236 264 
228 224 
236 208 
236 208 
236 208 
232 212 
236 212 
236 208 
372 212 
232 212 
236 216 
236 48 
236 216 
240 220 
240 212 
232 216 
320 212 
584 208 
232 232 
236 260 
228 220 
232 212 
236 212 
236 240 
240 244 
236 556 
260 412 
232 212 
228 216 
232 212 
232 208 
240 208 
232 216 
232 236 
212 212 
228 708 
236 228 
228 236 
232 196 
208 208 
192 228 
228 236 
220 212 
232 232 
232 192 
192 192 
208 228 
188 188 
192 216 
564 236 
192 240 
208 188 
228 228 
208 228 
232 236 
228 200 
204 208 
228 192 
192 232 
192 228 
212 212 
236 192 
228 208 
212 232 
240 212 
236 256 
240 216 
232 220 
232 212 
232 212 
236 232 
272 220 
244 212 
236 204 
232 224 
236 236 
236 212 
232 336 
228 228 
236 208 
236 216 
240 220 
232 212 
236 216 
236 208 
232 244 
244 212 
236 208 
236 212 
236 232 
232 216 
228 216 
236 212 
240 236 
336 208 
232 216 
240 212 
240 216 
236 240 
236 264 
232 216 
240 212 
232 208 
356 224 
236 256 
236 220 
236 208 
244 220 
224 220 
232 916 
236 216 
236 216 
604 212 
236 220 
236 224 
236 212 
228 216 
240 240 
236 232 
228 220 
216 232 
224 416 
232 212 
228 212 
236 216 
232 232 
212 216 
264 204 
236 268 
208 240 
232 636 
236 212 
236 236 
236 236 
244 260 
236 204 
236 332 
232 216 
208 212 
240 248 
236 212 
236 216 
236 236 
224 204 
232 220 
236 328 
236 272 
252 212 
228 208 
240 212 
232 236 
240 236 
240 264 
228 212 
236 204 
232 244 
248 212 
236 212 
232 216 
228 212 
228 208 
236 208 
236 220 
256 216 
232 208 
268 212 
240 236 
232 228 
236 212 
228 216 
244 232 
236 216 
276 216 
228 212 
236 216 
232 248 
236 208 
236 236 
236 208 
232 264 
236 232 
232 212 
232 224 
232 208 
236 216 
232 268 
232 216 
240 216 
232 216 
240 208 
236 224 
228 212 
292 224 
232 1132 
236 208 
256 216 
240 216 
232 212 
384 212 
236 212 
240 216 
224 216 
232 228 
236 216 
232 208 
268 224 
268 216 
628 212 
236 236 
236 232 
236 232 
236 240 
236 212 
240 236 
236 208 
216 212 
844 220 
236 208 
236 208 
240 236 
240 236 
232 216 
240 208 
236 212 
212 212 
232 492 
784 220 
232 208 
236 208 
240 252 
240 212 
232 208 
236 212 
216 216 
236 212 
228 216 
232 236 
232 216 
232 236 
236 212 
236 216 
228 208 
236 236 
272 216 
228 220 
232 216 
232 216 
240 212 
240 212 
232 208 
228 208 
236 212 
240 216 
232 220 
236 212 
228 212 
236 208 
236 208 
236 208 
236 232 
908 236 
232 208 
228 216 
232 208 
228 212 
236 212 
236 224 
236 220 
224 216 
232 208 
236 212 
236 208 
228 212 
232 232 
232 212 
236 236 
228 216 
236 1040 
236 228 
236 216 
252 212 
240 208 
232 212 
232 208 
220 236 
236 204 
232 216 
232 212 
272 216 
232 236 
232 212 
236 212 
236 240 
412 216 
232 216 
236 208 
228 220 
236 276 
240 268 
236 232 
236 228 
232 220 
660 312 
240 236 
236 216 
240 236 
236 240 
232 208 
232 208 
236 208 
216 236 
240 448 
236 216 
236 208 
236 208 
232 208 
236 212 
236 224 
232 236 
216 232 
232 728 
228 240 
232 212 
232 220 
436 212 
44 44 
236 208 
236 212 
216 212 
240 216 
240 216 
232 208 
284 224 
240 220 
236 220 
232 212 
232 212 
236 212 
236 212 
232 208 
236 204 
232 216 
236 236 
248 216 
812 220 
236 216 
232 216 
232 204 
236 212 
44 44 
232 208 
240 220 
232 212 
236 216 
236 220 
236 248 
232 224 
240 212 
240 236 
236 224 
236 236 
232 216 
232 216 
236 216 
236 216 
236 212 
232 212 
236 236 
236 240 
240 232 
228 220 
232 240 
240 232 
228 220 
232 212 
236 216 
236 272 
232 236 
232 224 
216 44 
236 212 
236 212 
232 232 
232 260 
236 220 
236 212 
236 236 
240 212 
368 212 
240 212 
244 208 
244 212 
236 212 
236 264 
240 216 
236 216 
232 208 
676 264 
240 216 
232 240 
228 212 
232 236 
236 216 
232 208 
232 212 
208 216 
232 500 
232 216 
236 232 
236 224 
232 216 
228 216 
236 220 
236 260 
212 216 
236 212 
236 212 
232 216 
236 212 
236 216 
236 264 
240 236 
232 260 
220 260 
236 228 
232 216 
260 228 
236 264 
1024 228 
232 212 
228 212 
240 220 
228 216 
236 216 
232 252 
228 216 
232 208 
236 216 
232 208 
236 216 
240 220 
232 212 
236 216 
224 216 
232 212 
236 264 
236 240 
240 240 
232 252 
228 228 
228 208 
228 212 
236 220 
232 216 
236 240 
236 208 
236 236 
232 236 
256 212 
224 212 
232 216 
232 208 
240 236 
332 212 
228 236 
236 276 
240 256 
244 208 
228 216 
236 236 
240 216 
232 208 
236 208 
256 212 
220 212 
228 208 
240 212 
232 212 
236 212 
244 216 
228 208 
228 208 
232 212 
432 208 
240 212 
240 212 
236 212 
236 236 
236 212 
240 248 
228 212 
228 208 
700 212 
236 212 
232 204 
664 212 
236 216 
228 208 
232 256 
228 228 
216 260 
236 560 
236 216 
240 216 
232 216 
236 212 
236 204 
232 208 
232 212 
216 236 
236 212 
240 208 
1028 208 
228 212 
236 232 
236 240 
252 216 
232 212 
236 212 
236 216 
232 208 
232 212 
236 216 
236 216 
236 232 
240 216 
236 216 
264 212 
232 208 
228 212 
256 216 
236 236 
232 232 
228 216 
232 208 
232 244 
236 244 
232 256 
236 228 
228 212 
228 208 
256 216 
232 212 
240 212 
236 232 
556 208 
236 204 
232 212 
240 264 
232 216 
240 208 
232 208 
236 216 
236 212 
236 236 
236 212 
232 216 
236 216 
228 216 
232 228 
232 208 
240 232 
236 212 
240 216 
236 232 
236 212 
236 212 
236 212 
232 224 
220 212 
236 208 
236 240 
240 240 
236 208 
232 228 
240 240 
232 220 
236 240 
488 216 
584 212 
236 208 
232 216 
232 228 
236 216 
236 220 
252 216 
228 212 
728 256 
236 236 
232 212 
232 216 
232 208 
260 212 
232 232 
236 236 
216 208 
232 568 
232 208 
240 232 
232 212 
256 216 
232 212 
232 212 
236 212 
212 216 
232 216 
236 212 
236 224 
232 236 
232 212 
240 236 
240 216 
232 216 
236 244 
232 212 
232 256 
224 212 
236 212 
232 208 
236 216 
256 216 
236 252 
232 208 
236 212 
232 240 
232 208 
236 220 
232 236 
236 216 
232 204 
240 220 
232 212 
236 216 
236 208 
236 212 
232 208 
236 224 
232 240 
268 216 
256 208 
232 208 
232 212 
240 220 
152 44 
232 208 
232 212 
240 216 
236 256 
232 212 
232 204 
232 212 
240 212 
236 236 
236 208 
236 208 
236 216 
240 240 
236 232 
236 208 
236 212 
236 236 
236 212 
228 212 
872 216 
236 244 
236 216 
264 208 
236 216 
236 236 
228 212 
232 244 
228 216 
336 220 
512 216 
236 208 
232 216 
236 240 
236 212 
44 44 
232 240 
232 228 
232 204 
732 216 
232 212 
232 212 
232 216 
228 208 
236 212 
236 208 
240 204 
216 212 
236 556 
228 208 
236 216 
240 212 
236 208 
236 212 
236 208 
232 252 
220 208 
232 212 
236 248 
244 208 
240 236 
228 212 
228 244 
296 208 
240 224 
244 224 
236 208 
240 212 
228 212 
232 216 
232 208 
232 212 
232 48 
244 212 
232 248 
240 212 
232 236 
236 236 
240 236 
228 216 
236 208 
228 208 
232 208 
232 208 
240 212 
236 216 
236 216 
232 216 
260 212 
344 212 
236 212 
232 208 
236 236 
236 212 
236 236 
232 248 
240 260 
236 244 
228 216 
240 212 
232 236 
240 216 
232 268 
228 212 
444 236 
232 212 
240 212 
236 248 
232 248 
232 208 
236 212 
240 260 
228 212 
232 212 
236 220 
240 260 
268 220 
232 220 
236 216 
236 232 
236 212 
232 208 
236 212 
240 216 
236 208 
496 212 
236 216 
240 256 
288 228 
236 208 
236 212 
232 212 
232 212 
236 220 
752 208 
232 208 
236 212 
236 208 
232 212 
232 224 
240 236 
232 208 
212 232 
236 580 
236 224 
236 208 
232 212 
232 236 
236 212 
236 212 
232 228 
212 236 
316 740 
232 204 
236 208 
240 220 
232 236 
236 212 
240 212 
240 236 
232 236 
256 208 
228 220 
228 208 
236 240 
236 328 
236 212 
232 232 
236 212 
236 224 
236 268 
236 212 
236 212 
232 236 
288 216 
228 208 
236 216 
236 236 
236 236 
240 236 
232 212 
236 208 
248 212 
232 212 
232 212 
236 216 
236 212 
232 212 
324 256 
232 236 
276 232 
232 216 
228 216 
284 216 
348 212 
236 216 
228 212 
236 252 
236 208 
240 212 
240 220 
240 240 
240 216 
228 208 
232 208 
240 208 
232 212 
232 236 
240 212 
228 212 
236 224 
272 216 
240 212 
232 236 
232 212 
232 256 
252 212 
232 208 
236 212 
240 216 
540 208 
236 1160 
232 236 
236 240 
236 216 
236 212 
232 256 
268 212 
240 208 
232 352 
232 212 
232 208 
232 212 
232 216 
236 212 
240 208 
236 264 
212 264 
236 1320 
228 224 
244 244 
236 232 
236 232 
244 212 
236 212 
228 212 
216 216 
268 208 
228 212 
232 208 
228 208 
228 212 
348 216 
236 216 
232 208 
240 236 
232 248 
228 208 
232 216 
228 216 
232 228 
240 212 
240 248 
236 208 
240 212 
244 216 
236 220 
236 212 
232 268 
236 216 
224 216 
240 932 
232 216 
236 220 
236 232 
232 240 
232 212 
236 208 
300 208 
232 212 
236 236 
236 264 
292 232 
232 212 
236 216 
236 220 
240 216 
228 212 
232 208 
240 208 
232 208 
236 212 
236 264 
232 220 
228 220 
236 228 
232 304 
240 236 
236 232 
236 212 
236 236 
236 220 
232 216 
236 208 
236 216 
232 880 
320 216 
232 220 
240 208 
236 236 
232 236 
256 228 
232 232 
232 212 
228 212 
532 212 
232 216 
236 216 
236 252 
328 208 
228 212 
228 208 
228 220 
236 216 
748 212 
232 208 
232 208 
240 224 
236 204 
232 208 
236 216 
232 216 
208 212 
232 624 
232 220 
232 212 
232 212 
240 212 
240 208 
208 212 
236 224 
244 208 
236 212 
236 208 
232 208 
248 216 
228 208 
232 208 
236 236 
240 204 
240 280 
240 216 
244 236 
236 220 
240 216 
236 216 
236 224 
44 48 
232 216 
232 208 
236 216 
232 208 
232 236 
264 208 
240 248 
232 208 
252 220 
236 212 
240 212 
232 216 
236 216 
236 236 
236 212 
232 212 
236 212 
232 208 
236 208 
232 212 
240 208 
228 216 
236 212 
232 208 
236 236 
232 216 
240 224 
236 240 
228 252 
232 212 
232 212 
1112 220 
240 236 
44 44 
228 224 
232 204 
236 208 
232 236 
232 204 
236 212 
232 212 
232 220 
232 280 
348 216 
232 228 
236 216 
236 212 
236 240 
236 208 
232 212 
232 208 
232 212 
564 216 
236 212 
240 312 
244 212 
236 232 
236 216 
232 216 
232 212 
232 208 
236 280 
244 208 
236 236 
236 212 
236 264 
232 208 
232 48 
236 232 
220 232 
236 652 
236 228 
236 216 
236 208 
236 264 
236 208 
240 252 
236 216 
216 212 
236 240 
240 212 
240 236 
236 244 
232 216 
232 216 
228 212 
232 212 
236 216 
240 212 
240 228 
232 208 
236 216 
224 216 
232 208 
236 216 
240 244 
228 212 
244 212 
240 208 
236 208 
244 208 
232 216 
236 256 
228 216 
232 212 
236 220 
236 264 
228 208 
232 208 
236 216 
236 236 
228 208 
228 212 
232 208 
240 216 
240 1148 
232 212 
232 224 
236 216 
236 208 
236 336 
232 208 
236 232 
232 212 
236 212 
232 248 
236 220 
236 212 
236 272 
240 208 
236 236 
232 216 
236 216 
228 208 
236 220 
236 232 
232 212 
248 220 
328 204 
236 216 
240 236 
236 236 
232 256 
232 208 
236 220 
228 208 
232 212 
580 220 
740 216 
232 220 
240 212 
232 204 
236 208 
232 208 
232 216 
208 208 
236 300 
240 212 
228 208 
232 212 
232 248 
236 212 
236 208 
236 216 
216 212 
236 676 
244 212 
236 204 
240 212 
232 216 
228 208 
228 252 
232 208 
208 212 
228 204 
232 236 
228 216 
236 228 
244 240 
236 240 
232 216 
236 212 
948 208 
236 212 
240 236 
236 212 
232 216 
236 236 
236 220 
232 208 
236 208 
232 212 
232 212 
236 212 
236 216 
232 216 
228 212 
228 208 
228 212 
228 1012 
236 216 
228 244 
228 216 
240 216 
240 268 
232 248 
236 208 
236 236 
244 208 
236 236 
236 216 
236 216 
232 256 
236 220 
232 208 
232 228 
240 224 
236 236 
236 208 
236 268 
232 240 
232 212 
228 212 
232 212 
232 212 
240 236 
232 232 
228 212 
236 212 
232 216 
232 212 
236 208 
232 204 
364 236 
236 232 
240 232 
236 248 
232 240 
232 260 
236 208 
232 208 
232 212 
592 212 
232 212 
236 240 
240 216 
236 212 
236 220 
232 260 
228 220 
216 212 
228 448 
240 276 
236 212 
236 212 
232 212 
236 212 
240 216 
232 236 
216 228 
240 652 
232 216 
232 208 
240 216 
236 220 
236 220 
776 224 
240 212 
216 216 
232 216 
232 216 
232 248 
232 212 
232 208 
236 212 
232 236 
232 260 
232 212 
240 216 
240 228 
228 208 
236 212 
236 236 
232 216 
232 212 
412 208 
232 216 
236 220 
228 212 
236 220 
232 208 
244 236 
228 208 
236 212 
232 248 
236 216 
240 208 
240 204 
240 236 
232 264 
236 216 
236 212 
236 212 
232 248 
236 220 
236 212 
232 232 
232 240 
232 208 
240 204 
240 228 
232 212 
232 232 
236 232 
240 220 
236 212 
236 212 
236 228 
236 224 
236 252 
240 204 
232 236 
236 216 
236 240 
232 220 
236 212 
236 272 
232 220 
368 212 
232 260 
264 212 
228 212 
240 216 
240 208 
240 208 
236 240 
244 220 
620 208 
236 212 
240 212 
252 212 
240 212 
240 208 
236 240 
236 220 
216 208 
240 456 
228 208 
236 204 
232 208 
916 240 
232 296 
232 212 
236 216 
40 44 
240 740 
236 204 
228 212 
236 220 
236 236 
240 212 
232 208 
232 212 
216 212 
232 236 
288 224 
232 216 
232 212 
240 224 
232 216 
232 212 
232 236 
228 224 
232 268 
236 244 
232 220 
232 240 
232 216 
232 208 
228 212 
236 208 
232 224 
232 212 
236 212 
236 208 
232 208 
236 268 
236 336 
228 212 
44 48 
228 212 
236 208 
232 212 
240 216 
236 240 
236 252 
228 216 
232 212 
232 212 
232 212 
236 216 
232 208 
232 208 
240 212 
240 244 
236 220 
236 208 
232 208 
232 212 
236 212 
248 216 
236 212 
236 236 
236 252 
280 220 
236 216 
232 220 
504 212 
236 212 
240 212 
236 220 
232 208 
232 212 
392 48 
232 208 
236 236 
236 216 
280 224 
240 212 
232 244 
228 212 
232 208 
632 220 
328 208 
884 212 
236 220 
240 252 
240 212 
236 252 
232 208 
208 216 
240 452 
232 252 
236 228 
236 236 
240 236 
236 212 
236 212 
236 236 
212 232 
240 716 
240 252 
232 264 
240 208 
236 248 
264 216 
232 208 
232 216 
212 212 
240 240 
228 212 
232 216 
416 208 
232 236 
236 208 
232 208 
236 236 
300 220 
316 212 
236 208 
232 212 
232 208 
240 208 
236 240 
236 232 
228 212 
240 304 
240 264 
232 216 
232 212 
228 204 
232 208 
232 236 
232 216 
232 292 
228 212 
236 240 
232 216 
228 208 
236 268 
236 232 
228 208 
232 212 
236 208 
232 228 
232 208 
228 212 
228 208 
232 212 
232 208 
232 212 
432 216 
236 204 
228 216 
244 236 
232 216 
236 232 
244 240 
232 216 
224 212 
228 212 
236 208 
236 216 
232 212 
236 216 
236 216 
232 208 
228 232 
420 216 
236 216 
236 232 
272 212 
236 212 
236 212 
240 216 
236 236 
232 252 
668 212 
236 220 
228 216 
236 216 
228 212 
232 208 
236 212 
236 212 
212 212 
236 396 
228 212 
232 212 
232 212 
232 216 
240 236 
232 224 
236 224 
216 220 
236 212 
228 212 
232 208 
232 212 
232 212 
240 216 
232 212 
236 216 
216 216 
232 212 
236 212 
236 240 
232 236 
236 212 
236 236 
240 236 
236 216 
232 216 
240 212 
232 208 
240 216 
236 236 
480 212 
228 220 
256 208 
232 204 
232 212 
236 212 
236 260 
384 212 
232 204 
232 208 
280 212 
224 224 
240 220 
228 216 
232 212 
240 212 
232 236 
240 212 
204 240 
228 212 
232 212 
236 220 
232 212 
232 216 
236 240 
236 268 
240 260 
232 216 
236 212 
336 208 
236 220 
232 236 
232 216 
236 212 
232 212 
240 216 
236 220 
232 240 
236 232 
232 212 
236 204 
236 220 
240 216 
236 216 
228 232 
232 212 
452 244 
240 220 
232 208 
232 212 
240 240 
232 232 
240 208 
232 220 
240 232 
684 220 
236 252 
228 212 
232 208 
232 212 
236 332 
232 208 
232 244 
208 268 
232 524 
224 212 
236 212 
236 216 
228 216 
236 208 
236 216 
232 216 
212 224 
236 216 
228 220 
232 212 
232 212 
240 248 
288 212 
228 212 
232 216 
232 216 
232 212 
236 236 
232 216 
236 216 
236 216 
232 204 
236 216 
236 216 
240 236 
232 212 
240 216 
244 212 
228 212 
232 212 
232 212 
232 216 
240 212 
232 208 
232 216 
240 220 
320 236 
232 236 
252 212 
232 212 
236 228 
236 208 
236 216 
232 208 
232 216 
236 232 
232 220 
240 212 
240 208 
228 208 
236 208 
228 208 
236 212 
232 216 
232 216 
240 216 
232 212 
232 220 
236 240 
232 208 
232 236 
228 212 
232 204 
296 208 
232 268 
244 212 
220 208 
236 216 
168 88 
0 0 
0 0 
0 0 
0 0 
0 0 
0 0 
0 0 
0 0 
0 0 
0 0 
0 0 
0 0 
0 0 
0 0 
0 0 
0 0 
0 0 
0 0 
0 0 
0 0 
0 0 
0 0 
0 0 
0 0 
0 0 
0 0 
0 0 
0 0 
0 0 
0 0 
0 0 
0 0 
0 0 
0 0 
0 0 
0 0 
0 0 
0 0 
0 0 
0 0 
0 0 
0 0 
0 0 
0 0 
0 0 
0 0 
0 0 
0 0 
0 0 
0 0 
0 0 
0 0 
0 0 
0 0 
0 0 
0 0 
0 0 
0 0 
0 0 
0 0 
232 228 
232 220 
236 220 
232 216 
380 212 
236 216 
236 216 
228 212 
232 212 
236 212 
232 240 
236 212 
232 212 
240 212 
236 236 
236 216 
236 48 
232 208 
236 216 
236 212 
232 212 
236 212 
236 208 
236 240 
232 880 
232 208 
236 212 
232 232 
236 228 
260 220 
232 204 
232 208 
256 236 
228 208 
228 228 
236 208 
228 212 
240 212 
240 220 
236 252 
232 256 
488 1136 
232 216 
236 212 
252 212 
232 212 
240 204 
236 208 
228 212 
236 212 
700 212 
236 260 
232 212 
232 208 
240 216 
232 208 
236 212 
232 208 
236 208 
236 564 
236 208 
236 264 
240 236 
228 208 
256 212 
236 220 
232 212 
216 212 
240 208 
232 236 
228 220 
236 204 
236 216 
236 220 
940 224 
236 212 
236 236 
236 236 
244 216 
240 212 
236 204 
232 208 
232 204 
228 220 
236 220 
240 216 
352 212 
236 212 
232 260 
236 216 
236 212 
232 212 
232 212 
236 232 
228 212 
232 208 
232 204 
236 216 
232 252 
232 212 
236 224 
236 244 
244 224 
232 216 
236 208 
228 216 
236 240 
240 212 
1156 216 
236 208 
228 212 
236 208 
232 212 
228 216 
236 208 
324 220 
236 204 
228 288 
236 244 
236 232 
240 212 
236 220 
236 212 
240 208 
232 212 
236 208 
232 236 
256 212 
236 216 
232 212 
244 240 
240 208 
236 224 
240 244 
232 212 
236 252 
520 216 
232 204 
232 212 
236 208 
236 236 
256 208 
232 208 
232 232 
268 208 
752 236 
236 224 
228 208 
236 204 
236 208 
252 216 
232 208 
232 208 
212 212 
236 552 
232 212 
236 228 
240 216 
236 212 
236 212 
232 216 
232 212 
328 224 
236 212 
232 248 
236 208 
228 212 
236 216 
240 212 
236 212 
232 212 
232 240 
272 212 
228 216 
232 292 
236 260 
240 220 
224 224 
244 216 
236 232 
236 216 
236 232 
236 216 
240 208 
232 216 
236 212 
240 240 
236 204 
236 208 
236 212 
232 252 
240 208 
1132 216 
236 216 
228 212 
236 212 
232 252 
236 224 
232 208 
232 208 
232 208 
236 232 
228 208 
232 212 
240 208 
240 216 
232 216 
232 232 
236 216 
240 236 
228 212 
268 212 
236 224 
236 236 
228 212 
232 208 
232 212 
236 212 
240 212 
240 216 
240 236 
232 244 
268 216 
232 236 
236 216 
236 208 
236 228 
240 224 
232 244 
236 212 
236 220 
540 240 
248 240 
232 236 
232 212 
232 212 
240 236 
232 216 
232 232 
236 208 
748 224 
236 216 
236 240 
228 236 
236 212 
240 204 
236 224 
240 240 
212 228 
232 624 
240 240 
232 220 
240 212 
232 212 
232 212 
232 212 
240 216 
216 212 
236 212 
236 224 
236 212 
232 224 
236 244 
264 212 
236 208 
264 212 
236 216 
228 208 
232 208 
236 212 
232 272 
244 212 
240 212 
232 268 
236 208 
236 232 
232 1060 
236 212 
240 240 
228 204 
228 216 
232 212 
232 212 
236 212 
236 240 
236 264 
232 216 
236 204 
228 216 
240 216 
240 260 
232 216 
232 212 
236 212 
236 208 
240 236 
356 216 
236 212 
232 212 
236 204 
232 208 
236 232 
236 208 
232 212 
232 212 
240 232 
232 240 
236 236 
232 212 
44 48 
228 208 
236 208 
236 204 
236 212 
232 212 
232 212 
240 220 
296 208 
232 212 
236 212 
232 216 
232 208 
232 212 
236 212 
248 212 
236 212 
556 236 
236 212 
244 216 
240 212 
236 208 
224 212 
252 232 
228 212 
44 48 
744 216 
240 236 
244 212 
236 216 
232 208 
240 216 
240 236 
236 236 
680 212 
232 636 
240 216 
236 212 
232 212 
236 212 
236 208 
232 208 
232 220 
212 216 
236 208 
236 208 
260 216 
236 252 
236 228 
228 212 
232 216 
1172 208 
240 212 
232 240 
232 212 
232 216 
228 204 
236 212 
236 48 
228 208 
236 212 
228 212 
232 248 
240 228 
232 208 
236 212 
232 224 
232 252 
236 212 
232 220 
240 216 
264 216 
228 252 
228 208 
236 212 
232 220 
236 244 
232 256 
236 232 
236 208 
240 236 
256 216 
236 228 
240 208 
240 212 
232 216 
240 208 
236 256 
236 240 
236 228 
232 208 
236 220 
240 232 
236 204 
232 216 
236 212 
236 236 
228 204 
232 208 
232 212 
232 216 
236 220 
228 212 
320 264 
236 212 
232 208 
236 212 
240 212 
236 212 
236 212 
236 236 
292 216 
584 208 
232 212 
236 220 
240 240 
236 236 
236 264 
728 208 
236 204 
236 212 
232 420 
232 212 
240 216 
232 208 
232 212 
236 216 
240 240 
264 208 
232 212 
236 656 
232 236 
248 212 
232 212 
228 212 
232 212 
236 212 
232 216 
208 216 
232 232 
236 212 
240 208 
236 216 
228 252 
228 212 
236 208 
232 212 
240 236 
240 216 
232 212 
236 212 
236 212 
228 272 
240 212 
344 216 
228 208 
228 208 
232 208 
236 240 
236 228 
240 244 
236 216 
232 216 
240 216 
236 216 
232 240 
228 212 
232 208 
232 216 
232 248 
232 212 
240 216 
236 216 
272 212 
232 208 
240 240 
284 220 
224 212 
240 212 
236 212 
236 204 
228 212 
240 212 
240 236 
236 232 
224 220 
236 212 
236 216 
240 240 
232 264 
228 232 
240 212 
232 216 
236 248 
236 224 
248 208 
232 212 
236 208 
356 236 
232 236 
240 268 
240 208 
672 236 
236 208 
232 212 
236 236 
232 212 
576 212 
316 208 
236 216 
268 212 
236 212 
240 228 
240 212 
236 232 
232 216 
236 456 
236 220 
232 216 
232 208 
232 208 
236 236 
236 248 
452 212 
208 236 
236 680 
240 212 
232 212 
236 220 
232 268 
232 216 
232 212 
240 208 
208 220 
240 240 
236 244 
236 216 
236 216 
232 212 
232 212 
236 208 
236 220 
232 252 
232 220 
228 212 
232 220 
232 212 
228 216 
232 216 
236 216 
232 212 
232 208 
236 216 
232 220 
232 212 
232 208 
236 272 
244 216 
232 212 
236 212 
236 208 
232 212 
236 256 
232 264 
236 220 
236 236 
236 220 
236 212 
232 216 
368 216 
232 208 
232 212 
236 236 
236 220 
236 212 
236 212 
232 212 
240 212 
232 212 
236 208 
236 256 
232 240 
244 212 
236 240 
232 216 
236 212 
724 236 
240 256 
236 232 
236 224 
232 240 
232 212 
240 216 
340 212 
232 252 
244 212 
228 216 
228 248 
232 216 
236 204 
236 208 
232 216 
516 216 
236 212 
240 240 
232 216 
228 212 
232 212 
240 216 
228 212 
220 204 
240 460 
240 216 
240 344 
236 208 
232 216 
236 216 
240 244 
228 208 
196 252 
236 676 
236 208 
236 208 
236 216 
240 264 
232 220 
236 212 
232 212 
212 240 
236 208 
228 216 
228 220 
232 208 
232 212 
240 240 
232 224 
248 220 
236 216 
240 228 
236 220 
236 212 
48 48 
236 216 
236 236 
240 208 
228 220 
232 212 
236 212 
232 212 
236 216 
240 252 
232 216 
228 208 
444 216 
236 216 
236 240 
236 208 
228 232 
232 212 
236 240 
228 216 
236 216 
236 212 
236 212 
224 220 
228 208 
240 208 
228 244 
232 208 
268 1108 
236 216 
236 224 
236 216 
236 212 
236 208 
236 220 
48 48 
232 232 
232 244 
232 212 
232 232 
236 220 
228 216 
228 212 
236 212 
232 212 
232 236 
212 212 
392 216 
236 220 
236 216 
228 212 
232 212 
232 220 
236 216 
236 252 
232 208 
616 232 
256 220 
232 216 
240 212 
236 236 
236 224 
228 208 
232 208 
208 208 
748 204 
236 52 
236 216 
240 232 
228 208 
244 212 
236 268 
236 240 
212 216 
232 708 
228 212 
244 220 
236 212 
236 216 
236 212 
256 232 
232 208 
212 212 
236 208 
228 208 
232 208 
232 240 
244 212 
272 212 
236 236 
236 212 
240 216 
236 240 
296 228 
236 208 
232 204 
344 216 
236 208 
240 220 
240 224 
232 212 
236 212 
236 236 
232 212 
236 236 
228 216 
240 208 
232 220 
240 236 
236 248 
236 212 
236 208 
236 236 
232 212 
236 224 
236 256 
232 264 
232 212 
236 220 
228 212 
236 216 
240 236 
232 256 
232 232 
236 232 
236 236 
280 232 
232 232 
228 216 
236 216 
236 208 
236 216 
236 204 
236 236 
232 208 
236 220 
236 236 
260 216 
232 216 
236 208 
236 236 
236 264 
432 228 
224 212 
236 208 
232 208 
232 260 
232 212 
228 212 
232 212 
232 208 
648 220 
236 260 
248 212 
232 216 
232 208 
236 216 
240 208 
236 264 
212 220 
236 504 
236 212 
236 216 
236 212 
232 252 
232 216 
240 288 
228 216 
212 208 
236 720 
236 216 
248 216 
236 212 
236 212 
236 228 
232 212 
236 212 
208 220 
236 216 
240 232 
332 244 
236 208 
236 208 
236 212 
236 212 
232 232 
236 216 
228 216 
228 216 
232 212 
236 236 
232 224 
228 212 
