# ./FR-trace starting at Mon Apr 20 19:02:45 2020
################# CONFIG #################
# slot=5000
# samples=10000
# threshold=100
# idle=500
# minlen=500
# runs=10000
# pdathreads=2
# nmonitored=2
#   monitor0=../apps/openssl ec2_mult.c:153 0x1e7854
#   monitor1=../apps/openssl ec2_mult.c:161 0x1e789c
# nevicted=0
# npdatargets=2
#   target0=../apps/openssl bn_gf2m.c:412 0x20bd10
#   target1=../apps/openssl bn_gf2m.c:412+64 0x20bd50
# affinity=all
############## SYSTEM INFO ###############
# mastik_version=
# sysname=Linux
# nodename=lovelace
# release=5.3.7-arch1-1-ARCH
# version=#1 SMP PREEMPT Fri Oct 18 00:17:03 UTC 2019
# machine=x86_64
################## DATA ##################
# run=3359
# datapoints=9239
200 40 
208 232 
236 228 
240 212 
236 216 
240 256 
236 212 
236 208 
236 220 
240 216 
236 236 
240 232 
236 208 
240 212 
232 208 
236 216 
236 232 
380 208 
236 208 
240 220 
232 208 
236 208 
240 212 
240 236 
236 208 
232 208 
640 208 
232 212 
244 208 
48 44 
244 212 
236 204 
232 208 
240 204 
216 232 
240 484 
232 232 
236 248 
228 208 
240 216 
232 256 
236 208 
236 208 
220 212 
240 744 
236 232 
232 212 
232 212 
232 232 
240 208 
236 220 
236 208 
212 212 
236 240 
232 212 
240 216 
240 44 
236 208 
232 212 
232 212 
232 208 
352 208 
320 204 
232 236 
236 208 
236 204 
236 252 
232 212 
272 212 
232 204 
236 256 
232 212 
320 232 
240 220 
232 232 
232 216 
244 208 
236 232 
236 216 
236 212 
232 232 
240 216 
232 204 
236 208 
236 212 
240 208 
232 212 
236 216 
232 208 
236 208 
244 208 
232 204 
236 216 
236 256 
232 228 
232 212 
240 216 
236 224 
264 208 
264 268 
232 208 
228 216 
240 232 
216 216 
236 204 
240 208 
236 260 
260 212 
240 216 
232 232 
232 212 
232 204 
412 1052 
240 216 
236 232 
236 232 
236 204 
236 208 
236 208 
240 236 
236 280 
672 212 
232 216 
236 208 
236 224 
264 208 
240 208 
236 216 
240 232 
212 208 
236 472 
232 232 
236 212 
232 208 
252 228 
240 208 
236 216 
236 244 
212 208 
232 712 
232 228 
240 236 
228 212 
232 204 
236 212 
236 216 
260 212 
220 212 
232 216 
232 208 
236 216 
232 216 
236 204 
348 208 
240 208 
236 264 
232 212 
240 220 
244 240 
232 208 
232 212 
232 208 
232 208 
236 248 
248 212 
236 232 
232 264 
240 300 
232 208 
240 228 
232 212 
232 208 
232 224 
236 220 
236 208 
236 208 
240 212 
236 216 
236 220 
236 208 
240 208 
236 248 
236 212 
236 212 
232 236 
232 204 
232 212 
240 240 
324 232 
232 232 
244 240 
228 212 
236 208 
232 244 
244 212 
232 208 
244 1116 
236 212 
200 208 
236 208 
228 208 
232 212 
232 212 
236 204 
232 212 
244 220 
236 220 
432 224 
240 208 
236 236 
232 208 
236 448 
236 236 
228 212 
232 208 
236 232 
660 208 
236 216 
232 212 
236 220 
280 208 
232 204 
232 208 
240 208 
212 204 
232 524 
232 208 
240 236 
236 212 
232 208 
460 212 
236 204 
236 212 
212 212 
240 208 
232 212 
240 236 
228 208 
236 232 
236 212 
240 208 
236 264 
212 216 
232 228 
236 216 
236 264 
240 236 
232 204 
240 208 
236 212 
232 204 
232 208 
232 216 
232 208 
236 216 
240 252 
228 208 
240 208 
228 208 
236 212 
240 216 
236 224 
236 208 
448 216 
232 204 
232 208 
240 244 
232 212 
240 220 
236 208 
232 232 
240 212 
236 252 
236 204 
232 212 
240 236 
228 208 
232 212 
232 212 
240 244 
236 208 
240 216 
236 208 
232 236 
228 212 
236 208 
236 368 
236 236 
232 212 
240 208 
236 208 
240 236 
232 232 
224 228 
236 208 
52 64 
240 232 
228 204 
232 212 
240 212 
232 212 
236 216 
392 208 
232 208 
232 208 
236 248 
232 212 
236 220 
240 208 
236 212 
228 212 
684 208 
240 208 
952 208 
236 212 
232 216 
232 212 
236 232 
232 212 
208 208 
240 508 
236 208 
232 40 
236 40 
232 208 
232 216 
236 232 
240 232 
212 204 
232 208 
236 220 
240 208 
236 236 
236 232 
236 204 
236 232 
232 208 
240 208 
240 208 
236 216 
232 212 
236 244 
236 212 
228 212 
232 208 
240 204 
240 240 
1104 216 
240 208 
232 40 
236 232 
240 208 
236 236 
236 232 
236 208 
232 212 
236 208 
240 208 
236 208 
236 208 
236 248 
228 208 
240 212 
236 232 
232 324 
240 220 
240 204 
232 212 
228 208 
236 216 
232 208 
236 232 
236 224 
256 208 
240 212 
240 236 
236 204 
236 216 
232 212 
236 208 
240 212 
236 264 
240 208 
232 216 
268 208 
236 220 
232 204 
228 208 
256 208 
236 236 
232 208 
236 216 
372 204 
240 208 
236 224 
236 236 
228 212 
484 224 
232 248 
240 208 
232 236 
232 228 
236 236 
232 208 
248 208 
240 208 
732 212 
236 208 
240 208 
232 224 
228 208 
236 212 
240 208 
236 264 
216 252 
264 536 
236 220 
232 212 
228 212 
292 244 
240 224 
232 208 
236 256 
212 260 
232 688 
228 212 
236 224 
232 204 
240 224 
240 232 
232 212 
992 208 
240 212 
232 220 
228 220 
236 232 
236 232 
236 236 
240 204 
232 244 
236 208 
232 208 
232 236 
232 248 
232 208 
236 216 
236 208 
240 208 
244 208 
244 208 
240 232 
228 212 
236 212 
240 208 
232 216 
236 212 
232 208 
228 204 
236 208 
232 216 
232 212 
240 232 
232 232 
240 212 
228 212 
704 212 
240 212 
232 216 
232 240 
228 240 
232 212 
236 204 
236 236 
236 224 
240 208 
236 208 
228 208 
236 236 
232 208 
236 236 
232 232 
232 212 
236 216 
248 208 
228 208 
236 212 
236 236 
232 216 
240 212 
236 212 
236 236 
236 264 
520 256 
236 212 
228 208 
232 208 
236 232 
236 212 
236 232 
232 208 
240 228 
752 232 
236 236 
232 208 
232 208 
232 208 
240 236 
236 216 
232 204 
208 208 
236 568 
236 212 
232 208 
232 208 
240 208 
1064 236 
252 304 
232 208 
212 204 
232 232 
240 212 
240 212 
232 204 
236 212 
232 208 
244 216 
236 212 
240 236 
300 212 
232 216 
236 212 
236 208 
236 268 
232 212 
236 228 
232 204 
236 224 
236 212 
232 232 
236 216 
236 224 
252 216 
236 216 
232 208 
232 208 
240 224 
304 212 
236 208 
232 220 
236 208 
232 216 
232 236 
248 208 
240 212 
236 232 
240 228 
236 208 
232 208 
232 208 
240 216 
236 232 
236 236 
232 212 
236 208 
228 208 
236 216 
232 228 
236 208 
236 256 
232 208 
228 204 
236 212 
236 260 
232 208 
244 208 
304 212 
236 208 
240 208 
280 212 
236 204 
240 220 
240 236 
796 212 
232 208 
240 236 
232 208 
232 208 
500 208 
240 208 
240 212 
232 208 
236 208 
232 208 
244 212 
40 48 
232 208 
756 236 
236 208 
236 208 
560 232 
232 232 
232 212 
240 212 
240 208 
212 208 
236 592 
236 236 
236 212 
236 232 
292 208 
236 224 
236 224 
236 220 
212 216 
240 208 
240 216 
236 236 
244 236 
240 220 
236 208 
236 220 
48 44 
240 208 
240 212 
236 208 
232 208 
232 208 
236 212 
236 264 
232 212 
236 220 
236 212 
588 236 
232 212 
236 212 
232 204 
236 204 
236 216 
304 212 
236 88 
240 216 
236 232 
236 208 
240 208 
236 244 
236 228 
236 208 
236 208 
236 240 
228 220 
232 204 
232 208 
236 212 
236 232 
260 212 
240 208 
236 216 
232 212 
236 208 
236 208 
236 208 
228 212 
236 244 
232 212 
228 208 
232 204 
604 212 
232 208 
236 260 
232 220 
240 268 
240 208 
232 204 
308 240 
240 212 
240 232 
240 220 
240 208 
232 208 
228 208 
248 216 
244 228 
528 356 
236 216 
232 208 
228 208 
240 212 
236 224 
264 208 
232 208 
240 208 
236 400 
228 208 
232 208 
236 208 
236 212 
232 208 
236 212 
240 236 
268 208 
232 620 
240 232 
236 260 
236 232 
264 204 
232 216 
232 208 
236 236 
212 216 
232 224 
232 212 
236 236 
240 220 
232 220 
228 204 
240 216 
236 220 
244 228 
236 204 
236 240 
236 260 
232 208 
236 212 
232 208 
240 204 
240 216 
228 204 
240 216 
236 224 
236 208 
240 212 
232 228 
232 208 
236 208 
240 208 
232 236 
240 232 
240 216 
236 208 
236 260 
232 208 
232 256 
240 220 
232 212 
232 208 
240 216 
232 208 
236 228 
228 220 
236 236 
848 208 
240 208 
236 248 
260 208 
232 208 
236 208 
236 216 
236 208 
236 232 
240 232 
236 228 
232 208 
236 204 
236 204 
232 240 
236 232 
232 208 
232 204 
312 260 
236 224 
236 208 
232 204 
232 208 
232 208 
236 232 
232 208 
232 236 
556 208 
232 212 
232 212 
236 216 
228 204 
236 224 
236 208 
236 212 
232 232 
236 384 
236 208 
240 208 
244 232 
236 216 
236 212 
236 232 
232 252 
212 204 
236 632 
236 224 
232 208 
228 216 
232 248 
240 208 
236 232 
232 208 
212 208 
236 252 
236 208 
244 212 
236 236 
232 264 
240 216 
236 204 
232 212 
236 236 
232 256 
236 232 
228 212 
232 208 
236 212 
228 208 
236 208 
236 236 
232 208 
232 216 
228 208 
236 208 
240 208 
236 256 
236 248 
232 212 
236 212 
232 212 
228 208 
232 208 
240 208 
844 208 
232 216 
232 208 
236 212 
236 212 
232 236 
236 208 
240 216 
232 240 
240 208 
240 204 
232 208 
236 204 
236 216 
236 260 
236 212 
232 204 
236 236 
240 220 
236 260 
232 224 
228 208 
240 208 
232 232 
232 208 
236 232 
240 208 
240 208 
232 208 
340 216 
236 256 
240 208 
240 208 
208 204 
236 220 
232 256 
236 232 
232 208 
576 212 
260 240 
236 228 
232 216 
236 220 
232 204 
240 208 
232 252 
312 232 
228 424 
244 236 
236 236 
236 204 
48 44 
228 216 
236 228 
232 212 
216 212 
232 660 
240 212 
236 236 
236 216 
240 216 
236 244 
232 208 
232 232 
216 208 
236 208 
232 240 
360 208 
236 208 
236 212 
236 212 
232 224 
240 208 
236 232 
232 208 
228 208 
228 208 
44 40 
356 208 
232 256 
232 244 
244 208 
244 208 
232 236 
512 232 
228 204 
240 212 
240 224 
236 208 
240 216 
236 212 
228 208 
228 212 
228 212 
236 216 
236 224 
236 212 
236 208 
232 236 
232 208 
232 244 
236 208 
232 208 
232 212 
232 208 
232 44 
236 232 
232 216 
236 232 
232 212 
232 208 
236 208 
240 232 
240 228 
240 212 
240 216 
236 220 
240 1396 
228 208 
240 236 
232 212 
236 212 
232 204 
236 236 
376 260 
240 232 
232 212 
236 208 
236 260 
232 204 
232 208 
236 216 
236 208 
580 208 
240 212 
236 204 
240 208 
232 212 
236 232 
236 208 
240 208 
220 232 
244 376 
240 208 
232 216 
240 208 
232 232 
232 208 
240 212 
232 208 
216 236 
208 208 
236 236 
232 212 
240 236 
268 220 
228 208 
240 212 
232 216 
216 212 
240 208 
232 208 
232 216 
232 208 
228 208 
240 216 
240 236 
240 900 
236 232 
236 280 
240 216 
236 236 
236 212 
236 236 
228 212 
236 212 
232 208 
236 208 
236 212 
232 208 
240 208 
232 236 
236 252 
236 204 
236 260 
236 216 
236 248 
236 256 
232 204 
236 208 
228 204 
244 212 
228 208 
244 212 
232 272 
240 212 
232 232 
236 220 
228 208 
240 204 
232 208 
232 1412 
236 204 
240 220 
236 232 
236 208 
236 220 
232 212 
232 212 
240 212 
232 280 
228 208 
232 240 
236 244 
236 236 
228 212 
240 204 
232 228 
236 208 
384 216 
232 208 
232 208 
248 208 
240 240 
236 212 
236 208 
232 208 
240 204 
508 204 
232 208 
232 228 
236 220 
232 244 
236 212 
236 220 
308 216 
208 212 
236 448 
232 236 
236 228 
276 212 
232 212 
232 232 
232 216 
240 212 
212 208 
232 720 
232 212 
236 224 
232 208 
236 212 
236 208 
232 208 
232 208 
208 232 
236 236 
280 208 
232 204 
244 208 
240 204 
236 216 
244 240 
0 0 
0 0 
0 0 
0 0 
0 0 
0 0 
0 0 
0 0 
0 0 
0 0 
0 0 
0 0 
0 0 
0 0 
0 0 
0 0 
0 0 
0 0 
0 0 
0 0 
0 0 
0 0 
0 0 
0 0 
0 0 
0 0 
0 0 
0 0 
0 0 
0 0 
0 0 
0 0 
0 0 
0 0 
0 0 
0 0 
0 0 
0 0 
0 0 
0 0 
0 0 
0 0 
0 0 
0 0 
0 0 
0 0 
0 0 
0 0 
0 0 
0 0 
0 0 
0 0 
0 0 
0 0 
0 0 
0 0 
0 0 
0 0 
0 0 
0 0 
0 0 
0 0 
236 208 
232 208 
232 216 
244 268 
232 240 
232 252 
232 208 
208 212 
236 492 
236 208 
232 228 
236 216 
232 236 
240 204 
232 212 
236 216 
216 212 
240 700 
240 220 
228 208 
236 208 
232 232 
240 208 
228 216 
232 212 
212 232 
232 212 
236 208 
232 212 
236 236 
232 208 
232 212 
240 208 
236 240 
232 208 
232 212 
236 220 
236 232 
232 208 
232 204 
232 212 
232 208 
244 236 
268 208 
232 212 
236 208 
240 224 
240 216 
236 252 
236 204 
236 268 
232 224 
192 224 
48 220 
232 208 
236 216 
228 224 
240 208 
232 232 
264 212 
236 212 
240 216 
236 216 
232 216 
232 212 
236 220 
232 208 
260 212 
236 204 
236 236 
228 212 
232 236 
236 212 
232 232 
236 208 
240 208 
236 260 
232 232 
776 220 
240 208 
244 236 
48 40 
240 204 
232 208 
236 232 
428 220 
236 208 
232 232 
232 236 
236 236 
228 208 
240 208 
236 236 
240 208 
640 208 
240 216 
244 232 
244 208 
236 220 
236 212 
232 236 
240 208 
208 212 
236 504 
236 216 
232 208 
240 248 
236 60 
244 236 
236 212 
232 208 
220 212 
1000 236 
232 240 
232 232 
236 208 
240 208 
240 216 
232 216 
236 220 
224 220 
228 208 
232 208 
240 212 
240 232 
232 212 
232 208 
236 208 
232 208 
236 1060 
232 208 
232 212 
240 260 
240 212 
236 212 
236 204 
236 212 
236 208 
232 236 
236 220 
236 220 
236 212 
236 220 
240 204 
228 208 
236 264 
248 208 
236 236 
240 256 
236 216 
460 208 
236 236 
232 208 
232 212 
236 224 
232 212 
232 244 
228 212 
240 208 
236 264 
240 232 
236 216 
240 236 
236 208 
232 236 
236 208 
236 248 
236 204 
232 212 
240 252 
236 240 
216 216 
228 208 
232 212 
236 220 
236 216 
232 212 
240 208 
236 240 
236 244 
452 208 
236 540 
240 240 
240 208 
244 208 
232 208 
232 216 
232 216 
240 212 
660 208 
232 212 
244 208 
232 204 
240 212 
240 252 
236 232 
920 212 
212 228 
232 536 
236 208 
240 216 
236 220 
228 224 
236 208 
236 232 
240 208 
212 204 
236 720 
260 296 
240 212 
232 240 
232 208 
240 208 
232 212 
236 212 
240 208 
236 232 
228 208 
236 216 
232 208 
280 232 
240 204 
240 232 
232 208 
240 212 
232 232 
236 208 
244 220 
240 236 
232 212 
232 212 
240 212 
232 212 
232 228 
236 208 
240 208 
232 208 
240 208 
236 236 
232 240 
236 204 
232 208 
232 208 
244 208 
232 208 
232 212 
232 204 
240 228 
240 212 
236 228 
240 212 
232 208 
232 208 
232 216 
240 256 
232 212 
236 208 
236 236 
236 216 
236 228 
236 204 
236 204 
232 232 
248 208 
236 208 
236 232 
208 208 
236 208 
240 216 
236 208 
232 208 
236 208 
236 212 
236 228 
232 236 
480 220 
236 212 
232 208 
232 208 
240 208 
1108 212 
236 232 
232 212 
236 212 
724 232 
232 212 
232 248 
240 208 
228 216 
232 212 
236 208 
240 220 
216 216 
240 516 
232 252 
232 216 
236 208 
252 212 
332 208 
236 248 
236 212 
212 188 
224 228 
232 228 
196 208 
48 44 
212 232 
236 60 
232 44 
236 44 
240 208 
236 208 
192 216 
208 232 
232 192 
192 192 
236 228 
192 188 
204 204 
200 228 
208 204 
232 192 
196 212 
228 228 
208 192 
192 204 
232 192 
208 188 
232 232 
236 228 
232 300 
236 232 
196 212 
208 192 
232 748 
308 208 
316 188 
192 212 
196 200 
212 188 
232 232 
196 192 
212 196 
212 192 
212 228 
216 192 
272 212 
236 188 
196 188 
196 244 
192 232 
216 232 
196 192 
232 232 
292 232 
236 188 
232 196 
232 228 
208 216 
236 204 
300 208 
340 224 
232 228 
192 192 
192 212 
196 188 
232 428 
196 244 
232 208 
212 184 
228 188 
232 232 
352 188 
196 188 
232 208 
192 192 
232 240 
192 228 
232 208 
684 196 
236 232 
208 188 
212 232 
232 228 
196 232 
232 216 
232 232 
192 192 
220 232 
232 192 
204 232 
192 232 
212 192 
196 192 
192 248 
280 192 
212 228 
232 352 
236 196 
216 188 
240 188 
192 208 
208 232 
196 236 
216 228 
228 232 
236 232 
232 228 
192 228 
232 228 
216 232 
368 228 
192 208 
236 232 
192 236 
196 220 
244 232 
232 212 
188 228 
196 232 
192 192 
236 236 
208 208 
192 208 
232 212 
232 192 
232 228 
232 192 
232 228 
232 232 
236 232 
232 208 
200 192 
212 192 
236 208 
192 200 
204 188 
204 232 
212 208 
224 192 
228 192 
188 188 
212 204 
200 192 
224 376 
196 212 
192 212 
296 688 
200 208 
192 184 
192 216 
232 192 
304 296 
232 284 
288 232 
316 324 
192 192 
240 196 
228 216 
192 204 
212 216 
196 208 
212 224 
220 188 
192 224 
200 188 
192 228 
204 208 
212 232 
236 232 
232 232 
236 200 
216 300 
196 212 
192 212 
320 188 
192 228 
232 208 
192 228 
204 272 
232 216 
216 200 
308 192 
204 200 
204 192 
232 228 
228 188 
216 188 
200 192 
200 204 
192 228 
236 196 
216 212 
220 192 
216 212 
240 208 
224 212 
216 192 
188 208 
196 188 
196 200 
212 200 
228 200 
228 192 
192 228 
236 212 
208 192 
232 228 
236 288 
232 308 
208 208 
232 228 
220 188 
196 228 
204 196 
200 220 
260 196 
192 192 
240 208 
204 248 
244 232 
212 188 
236 232 
236 212 
196 216 
240 216 
196 212 
236 232 
236 212 
212 208 
228 204 
200 236 
192 208 
212 212 
236 216 
204 192 
228 188 
204 228 
224 224 
236 256 
300 212 
212 216 
264 224 
232 220 
240 208 
236 232 
208 192 
236 204 
232 208 
236 232 
268 196 
384 196 
212 216 
232 240 
308 212 
1276 444 
236 208 
196 212 
236 212 
224 200 
236 192 
232 212 
236 196 
224 232 
232 296 
200 224 
192 236 
240 212 
236 212 
232 192 
192 336 
316 248 
236 236 
232 208 
228 212 
240 212 
240 208 
220 216 
236 244 
236 236 
240 224 
232 216 
224 212 
232 212 
232 212 
236 236 
240 204 
232 196 
232 208 
220 200 
240 220 
232 208 
196 216 
228 208 
236 192 
192 208 
188 192 
216 212 
192 192 
200 256 
240 200 
192 192 
216 216 
240 220 
228 208 
256 220 
228 200 
200 260 
196 192 
196 188 
220 192 
240 216 
200 212 
216 224 
224 220 
224 192 
240 216 
196 224 
196 232 
228 256 
276 248 
220 208 
236 236 
220 236 
296 228 
196 216 
200 216 
236 208 
236 192 
204 184 
196 240 
196 216 
196 196 
264 212 
228 248 
240 196 
236 188 
236 228 
220 188 
360 496 
200 208 
228 196 
208 228 
192 220 
224 192 
236 212 
348 256 
204 260 
236 232 
208 240 
240 236 
240 460 
216 252 
196 208 
212 192 
444 220 
224 192 
200 192 
296 252 
224 204 
192 204 
196 196 
244 320 
236 220 
572 244 
236 256 
216 212 
232 224 
232 208 
252 452 
232 204 
320 320 
244 212 
204 196 
212 232 
232 208 
232 232 
192 212 
212 196 
236 224 
224 228 
236 264 
232 208 
236 192 
200 196 
200 200 
232 208 
220 192 
192 212 
228 228 
308 304 
280 248 
236 208 
240 216 
240 192 
200 192 
604 200 
236 224 
212 212 
212 232 
264 200 
288 324 
236 212 
284 212 
220 212 
200 208 
200 212 
196 212 
196 208 
216 188 
204 192 
192 200 
228 212 
216 212 
320 332 
316 228 
216 236 
236 216 
276 192 
196 196 
212 208 
44 44 
48 44 
220 1552 
228 212 
200 212 
208 216 
232 220 
196 192 
212 224 
236 276 
212 248 
216 212 
236 188 
192 228 
296 220 
216 208 
212 208 
212 204 
212 212 
204 236 
204 204 
308 204 
236 216 
228 208 
236 228 
248 204 
240 232 
220 212 
48 48 
536 188 
204 220 
216 208 
212 188 
204 212 
232 224 
312 220 
392 224 
240 256 
188 196 
228 212 
196 208 
236 220 
236 300 
320 300 
204 228 
196 212 
212 200 
216 768 
236 220 
240 216 
220 196 
220 232 
236 220 
196 192 
232 208 
216 212 
212 200 
212 196 
232 48 
232 300 
240 192 
200 216 
196 208 
196 204 
236 220 
204 212 
216 216 
232 192 
188 188 
700 220 
216 208 
216 216 
232 216 
236 240 
236 232 
240 208 
236 224 
240 192 
232 216 
244 208 
640 196 
228 200 
240 196 
236 264 
228 204 
236 224 
1352 192 
212 212 
216 208 
196 200 
236 200 
192 188 
244 224 
216 216 
208 188 
216 212 
228 204 
240 656 
428 232 
332 212 
320 216 
232 296 
316 212 
264 188 
232 196 
236 208 
232 212 
220 208 
216 220 
196 192 
204 196 
228 200 
212 224 
232 216 
196 196 
388 192 
308 196 
212 196 
192 196 
436 480 
352 288 
236 212 
304 208 
240 208 
212 224 
236 208 
228 240 
236 232 
204 220 
192 192 
216 208 
216 216 
220 240 
208 440 
204 192 
192 188 
200 212 
192 204 
216 220 
216 196 
236 212 
200 240 
192 212 
240 212 
316 192 
192 208 
232 200 
236 232 
232 204 
236 212 
240 208 
200 212 
196 224 
708 236 
192 196 
212 304 
240 196 
260 232 
196 228 
200 192 
188 196 
216 216 
200 196 
196 228 
200 252 
196 220 
204 196 
188 192 
188 192 
192 188 
200 224 
208 192 
204 276 
200 200 
204 248 
272 264 
268 268 
196 224 
188 208 
236 188 
264 224 
196 192 
208 204 
200 812 
216 204 
212 272 
200 236 
336 196 
192 196 
196 200 
224 196 
192 188 
244 216 
280 360 
220 256 
236 188 
232 228 
232 244 
268 244 
280 228 
312 252 
204 280 
212 192 
192 228 
192 192 
196 196 
240 236 
192 200 
196 192 
200 192 
196 208 
216 216 
192 208 
196 196 
192 192 
192 216 
200 188 
212 208 
220 188 
204 212 
236 228 
204 196 
212 300 
216 204 
212 196 
216 212 
224 212 
520 236 
216 452 
200 216 
240 192 
216 200 
224 188 
216 188 
196 216 
208 200 
196 212 
784 336 
264 272 
240 208 
324 244 
200 240 
236 204 
200 212 
324 256 
236 404 
240 252 
212 244 
212 208 
204 228 
216 468 
240 196 
192 204 
196 224 
200 220 
228 196 
216 276 
196 204 
212 232 
208 196 
220 192 
196 192 
208 196 
192 204 
212 188 
196 212 
212 196 
228 192 
200 192 
216 212 
236 192 
192 188 
196 208 
216 216 
244 232 
232 196 
228 208 
212 204 
216 192 
224 212 
192 192 
212 364 
212 192 
224 216 
216 188 
216 212 
208 268 
212 212 
216 344 
248 196 
196 200 
48 40 
192 196 
200 188 
216 200 
208 208 
216 216 
232 188 
220 208 
208 188 
196 192 
200 188 
196 248 
200 192 
220 188 
196 196 
212 212 
224 216 
196 216 
240 208 
192 212 
260 236 
236 256 
312 204 
200 260 
44 48 
204 236 
232 216 
216 244 
216 212 
216 192 
916 192 
504 196 
244 412 
196 212 
204 196 
192 212 
204 188 
256 188 
208 192 
300 276 
304 200 
276 196 
196 200 
208 232 
236 192 
340 212 
200 188 
212 232 
208 208 
200 196 
200 204 
208 196 
232 228 
196 188 
212 200 
196 196 
196 200 
200 224 
216 204 
196 196 
332 216 
232 212 
216 204 
692 216 
232 212 
196 192 
224 196 
204 192 
208 192 
192 188 
196 192 
228 192 
200 200 
212 192 
200 212 
232 228 
196 216 
208 264 
208 212 
212 196 
192 196 
196 204 
220 208 
200 308 
196 200 
192 188 
204 260 
192 252 
304 236 
232 232 
236 232 
192 208 
220 228 
260 204 
196 192 
212 188 
204 196 
1136 216 
212 228 
192 224 
296 232 
232 208 
240 232 
216 188 
192 260 
204 192 
196 196 
228 348 
192 204 
212 264 
280 188 
208 196 
196 196 
204 212 
604 240 
296 268 
272 204 
216 228 
220 208 
316 228 
200 212 
224 260 
212 208 
188 212 
196 220 
332 212 
288 232 
200 200 
368 252 
256 212 
240 196 
232 200 
216 196 
292 188 
232 200 
196 204 
196 192 
472 196 
228 228 
232 208 
192 216 
204 216 
236 200 
236 236 
212 320 
200 200 
192 196 
200 232 
208 704 
212 228 
196 192 
276 192 
196 196 
244 384 
296 252 
340 216 
228 244 
256 288 
204 188 
352 216 
240 196 
224 256 
200 348 
204 196 
200 192 
240 288 
232 220 
268 260 
248 200 
244 248 
212 236 
216 620 
324 360 
220 340 
192 192 
200 216 
204 188 
196 188 
192 192 
272 240 
196 236 
516 192 
192 196 
200 200 
196 192 
196 192 
200 196 
740 224 
240 236 
204 196 
200 260 
192 200 
212 232 
200 208 
240 228 
212 324 
192 212 
332 1036 
192 288 
200 204 
220 196 
200 224 
208 200 
440 236 
216 512 
188 192 
216 208 
216 196 
216 192 
240 204 
240 236 
212 208 
200 264 
232 208 
196 188 
204 188 
192 196 
220 240 
244 200 
204 472 
200 196 
292 196 
196 192 
192 196 
220 228 
292 196 
204 212 
212 196 
200 212 
356 200 
196 680 
192 196 
188 192 
204 296 
196 196 
216 200 
216 568 
224 192 
260 200 
236 200 
268 276 
244 336 
200 216 
240 192 
200 272 
200 232 
208 196 
192 188 
224 192 
196 212 
212 192 
220 624 
236 196 
192 224 
200 212 
272 236 
236 204 
300 268 
200 208 
212 316 
340 312 
236 212 
204 340 
232 208 
236 248 
408 192 
348 232 
208 208 
192 192 
208 212 
196 236 
200 280 
228 216 
192 212 
200 252 
196 216 
220 224 
224 196 
244 188 
232 196 
232 220 
196 192 
192 192 
200 192 
200 192 
192 192 
48 44 
200 216 
220 224 
204 196 
208 216 
192 216 
224 200 
204 192 
192 192 
192 232 
192 236 
188 212 
468 188 
192 188 
192 236 
196 324 
200 200 
232 328 
196 196 
192 192 
204 188 
264 196 
192 192 
216 200 
280 276 
220 40 
232 276 
200 232 
268 244 
204 1148 
232 260 
192 224 
232 184 
236 192 
200 192 
196 192 
192 192 
196 220 
204 192 
244 240 
212 240 
348 228 
192 192 
196 192 
212 448 
204 204 
292 200 
232 248 
200 328 
236 192 
196 196 
336 216 
196 272 
384 224 
192 48 
204 196 
316 232 
212 192 
212 208 
200 204 
224 192 
208 200 
212 200 
368 232 
208 208 
324 240 
228 336 
236 208 
328 276 
216 220 
212 196 
192 200 
204 196 
252 204 
204 204 
216 192 
192 192 
200 232 
208 188 
200 244 
260 376 
212 196 
196 236 
204 192 
196 204 
204 208 
188 204 
204 212 
212 208 
208 200 
192 224 
212 220 
196 216 
200 188 
204 192 
192 192 
196 196 
196 208 
192 204 
216 188 
200 188 
204 188 
308 204 
200 196 
232 272 
212 192 
216 200 
196 200 
228 196 
196 192 
192 220 
200 192 
196 192 
200 232 
216 192 
200 200 
196 196 
216 216 
628 196 
192 240 
324 192 
220 216 
240 228 
212 604 
236 200 
500 212 
228 688 
200 188 
192 232 
196 200 
200 192 
236 216 
200 188 
216 548 
196 308 
204 216 
192 208 
188 212 
192 200 
200 196 
196 208 
196 224 
220 260 
244 288 
208 216 
236 312 
1024 376 
220 284 
236 336 
296 236 
284 280 
200 196 
272 320 
284 208 
216 208 
212 212 
212 208 
208 200 
292 248 
256 208 
316 248 
196 216 
228 216 
196 200 
200 192 
188 188 
196 192 
200 192 
236 276 
204 232 
236 264 
232 232 
328 324 
536 248 
248 204 
200 204 
604 316 
196 196 
268 188 
196 196 
1140 192 
208 188 
200 192 
208 212 
216 224 
208 204 
216 212 
216 232 
212 212 
208 208 
280 208 
212 188 
244 236 
196 200 
204 196 
192 196 
236 192 
260 1156 
200 200 
240 196 
200 232 
200 208 
228 212 
216 240 
236 236 
236 192 
256 188 
196 228 
200 236 
196 236 
240 248 
192 228 
196 192 
192 208 
208 196 
200 200 
220 208 
208 244 
216 220 
208 212 
396 216 
212 192 
208 200 
200 208 
220 204 
216 192 
220 204 
196 204 
204 192 
268 296 
256 196 
220 192 
192 192 
208 200 
196 204 
232 224 
236 196 
232 228 
696 308 
300 268 
236 216 
216 208 
216 268 
216 212 
212 216 
208 208 
212 200 
196 192 
200 200 
200 192 
192 220 
200 196 
224 224 
196 200 
452 196 
208 196 
204 236 
192 232 
196 316 
228 220 
220 192 
192 188 
196 188 
208 228 
568 584 
196 248 
200 188 
192 196 
204 232 
212 248 
192 188 
236 336 
308 240 
212 228 
216 312 
228 244 
384 244 
220 352 
260 328 
232 196 
320 188 
212 192 
216 632 
196 260 
232 204 
200 300 
220 200 
228 228 
192 208 
228 208 
240 232 
204 200 
196 196 
192 228 
192 188 
200 200 
204 228 
216 196 
192 212 
192 188 
84 48 
192 212 
204 216 
432 192 
192 192 
240 208 
412 200 
220 196 
196 240 
204 240 
208 232 
284 216 
312 232 
196 192 
196 196 
408 228 
324 356 
240 216 
216 212 
200 196 
212 212 
204 200 
220 232 
196 216 
212 236 
212 220 
48 40 
240 212 
204 300 
200 196 
196 200 
204 204 
204 188 
196 208 
196 236 
240 220 
272 236 
196 196 
200 244 
196 196 
224 196 
216 240 
216 232 
220 212 
232 212 
212 196 
192 192 
216 200 
340 192 
208 208 
276 256 
196 204 
208 44 
192 228 
200 228 
216 224 
216 208 
252 208 
192 204 
232 228 
232 324 
236 348 
240 208 
304 236 
200 240 
272 332 
200 208 
212 236 
204 192 
196 212 
188 680 
228 208 
200 232 
196 208 
224 212 
192 192 
196 200 
328 228 
236 196 
232 236 
220 216 
216 220 
200 212 
224 192 
288 196 
212 236 
196 216 
224 284 
196 208 
200 200 
220 208 
192 228 
212 196 
192 208 
200 204 
204 192 
192 188 
228 216 
192 196 
192 216 
284 276 
336 228 
404 384 
236 192 
236 208 
240 196 
308 392 
192 220 
220 192 
216 208 
508 208 
196 620 
224 232 
212 188 
228 220 
748 196 
216 216 
212 192 
200 204 
280 508 
212 216 
216 208 
208 188 
216 196 
208 204 
216 196 
208 192 
220 192 
212 556 
188 192 
220 212 
196 204 
1112 192 
212 196 
192 204 
224 200 
220 216 
212 196 
216 220 
252 200 
240 200 
240 252 
272 288 
260 212 
672 248 
212 248 
208 228 
204 236 
196 196 
296 296 
212 224 
204 204 
236 196 
196 240 
196 192 
200 192 
308 208 
192 192 
208 240 
400 304 
200 228 
192 224 
204 264 
200 200 
188 220 
892 264 
240 260 
216 236 
228 208 
216 216 
212 360 
192 192 
212 196 
208 192 
224 196 
216 196 
204 224 
224 188 
192 220 
232 200 
208 192 
196 216 
196 232 
192 204 
200 196 
244 216 
324 248 
200 204 
288 192 
712 192 
232 464 
228 212 
220 208 
212 220 
204 240 
240 196 
236 208 
188 208 
240 220 
352 212 
240 192 
240 228 
240 208 
216 204 
232 208 
252 212 
228 612 
212 196 
240 188 
232 228 
236 236 
44 44 
220 244 
44 48 
212 212 
232 216 
448 204 
200 216 
232 196 
236 192 
232 208 
240 224 
232 212 
200 208 
236 236 
240 232 
236 232 
232 208 
244 216 
236 292 
236 216 
232 244 
236 208 
240 212 
236 232 
252 224 
244 216 
232 232 
232 212 
232 240 
236 212 
240 208 
240 208 
240 208 
236 208 
228 208 
236 224 
236 220 
236 208 
228 212 
244 216 
236 256 
228 212 
240 204 
236 208 
236 212 
232 216 
232 208 
240 212 
236 204 
236 208 
228 204 
232 208 
236 204 
284 232 
232 208 
232 204 
240 216 
240 228 
0 0 
0 0 
0 0 
236 232 
240 244 
328 208 
232 208 
236 212 
232 216 
232 212 
240 208 
228 236 
232 228 
232 212 
944 208 
240 216 
236 220 
236 204 
228 212 
232 204 
228 212 
240 220 
232 232 
240 404 
232 260 
236 232 
240 216 
232 236 
236 208 
236 232 
236 244 
208 224 
240 624 
232 208 
232 208 
240 236 
240 428 
232 232 
232 212 
232 204 
216 216 
236 208 
232 212 
228 204 
236 212 
232 208 
236 236 
236 212 
236 208 
228 236 
232 204 
236 260 
236 208 
232 220 
240 212 
232 208 
240 236 
240 236 
236 204 
228 216 
240 232 
240 236 
236 208 
232 212 
244 212 
236 208 
232 208 
232 212 
240 208 
240 212 
236 216 
232 212 
228 208 
240 208 
240 212 
228 208 
228 208 
328 208 
236 212 
236 204 
232 212 
236 232 
44 44 
232 208 
232 212 
236 216 
236 208 
236 208 
240 208 
236 236 
236 212 
232 208 
236 212 
272 208 
236 212 
228 216 
236 232 
232 212 
680 212 
236 208 
328 224 
228 216 
236 208 
240 224 
236 236 
232 212 
236 212 
236 220 
236 208 
44 48 
236 204 
232 208 
240 208 
240 232 
232 216 
236 212 
236 208 
236 216 
240 320 
236 216 
236 216 
240 232 
236 264 
232 208 
236 204 
236 204 
224 232 
232 664 
236 208 
240 232 
232 248 
236 232 
240 208 
232 212 
236 232 
216 208 
236 228 
240 212 
236 208 
228 208 
236 212 
232 212 
232 204 
236 208 
232 208 
232 216 
276 204 
232 208 
232 212 
236 212 
232 208 
240 236 
232 208 
232 204 
240 216 
236 204 
232 212 
232 216 
240 204 
232 236 
236 240 
236 252 
236 212 
236 220 
232 212 
232 232 
232 208 
240 208 
236 212 
240 232 
244 228 
228 208 
236 236 
236 208 
236 220 
240 228 
228 228 
240 208 
232 208 
240 232 
240 232 
236 212 
560 208 
240 232 
244 208 
236 208 
232 212 
228 212 
232 212 
232 208 
232 212 
232 208 
236 208 
236 224 
236 208 
352 208 
240 228 
240 208 
244 212 
232 208 
236 236 
240 236 
228 208 
228 216 
584 208 
240 244 
236 248 
232 212 
228 232 
240 208 
240 220 
232 208 
212 212 
240 392 
236 232 
240 1700 
240 208 
236 216 
236 240 
232 208 
264 220 
212 208 
232 676 
232 216 
236 232 
236 220 
240 204 
240 212 
232 208 
240 208 
216 208 
240 236 
236 216 
236 204 
240 224 
236 252 
228 212 
236 212 
240 212 
232 232 
236 220 
236 216 
232 232 
236 208 
236 208 
232 208 
240 236 
236 220 
236 208 
236 216 
240 208 
232 236 
240 212 
240 228 
228 212 
228 212 
236 220 
236 228 
236 232 
236 212 
232 212 
240 204 
236 240 
232 208 
240 208 
236 1076 
236 228 
236 252 
228 216 
236 208 
236 232 
232 212 
240 208 
228 208 
232 208 
232 216 
240 216 
240 244 
232 212 
236 240 
236 204 
240 208 
232 208 
244 212 
232 208 
248 204 
240 212 
232 220 
232 212 
236 216 
236 204 
232 236 
232 212 
228 208 
228 216 
236 204 
236 208 
236 236 
232 208 
1384 216 
244 224 
232 208 
236 264 
232 204 
236 208 
232 212 
232 208 
212 216 
232 488 
244 240 
236 236 
240 208 
236 208 
232 256 
232 248 
232 208 
212 208 
240 668 
232 204 
228 216 
232 208 
264 228 
228 208 
232 212 
236 244 
212 224 
232 212 
240 204 
236 232 
236 232 
232 208 
232 208 
240 208 
248 212 
256 208 
228 204 
240 208 
236 232 
232 232 
236 236 
236 244 
236 228 
228 204 
240 208 
236 232 
232 208 
232 212 
232 208 
232 208 
232 208 
232 208 
240 232 
232 208 
228 208 
232 232 
236 248 
248 208 
232 212 
236 220 
236 208 
236 208 
232 208 
228 212 
236 236 
236 240 
240 208 
232 208 
228 208 
232 212 
240 220 
232 228 
240 220 
240 208 
232 208 
232 216 
240 232 
232 232 
232 232 
48 216 
236 208 
236 236 
240 232 
244 208 
232 924 
232 208 
360 208 
228 224 
228 208 
228 204 
228 208 
240 212 
232 228 
236 244 
240 228 
656 212 
236 208 
240 212 
228 208 
232 220 
232 208 
236 204 
240 232 
216 224 
232 468 
236 212 
236 208 
48 44 
232 208 
240 208 
244 224 
236 224 
224 212 
232 700 
240 212 
232 212 
240 212 
232 208 
240 236 
236 236 
240 208 
216 224 
232 224 
240 240 
236 208 
236 232 
304 212 
232 236 
232 208 
228 204 
232 212 
244 236 
236 216 
232 204 
236 96 
240 208 
236 232 
228 204 
240 232 
232 208 
232 208 
240 220 
240 212 
240 208 
236 232 
236 204 
236 228 
236 212 
236 208 
240 208 
228 208 
264 212 
236 240 
240 204 
240 232 
232 212 
232 216 
232 208 
232 208 
232 236 
396 208 
228 216 
232 216 
284 204 
236 212 
236 208 
232 204 
256 208 
232 764 
236 220 
236 216 
232 212 
224 208 
228 208 
236 256 
240 208 
232 208 
236 208 
236 236 
232 208 
268 212 
416 216 
228 204 
240 240 
232 208 
232 236 
236 248 
232 212 
240 208 
236 216 
660 228 
232 236 
240 208 
228 208 
232 228 
236 216 
232 208 
232 204 
212 216 
232 532 
232 240 
848 204 
236 232 
240 212 
248 208 
236 212 
236 208 
212 236 
244 716 
260 212 
228 204 
236 240 
232 208 
232 208 
236 208 
228 208 
212 208 
232 204 
236 208 
236 212 
232 208 
232 220 
232 204 
232 208 
236 212 
232 208 
244 220 
240 220 
228 212 
240 204 
236 212 
232 216 
236 240 
256 204 
232 208 
860 232 
236 208 
236 208 
232 204 
236 232 
228 208 
236 208 
240 208 
232 232 
236 232 
236 204 
232 220 
240 236 
232 256 
240 232 
236 232 
232 208 
232 1052 
228 216 
232 208 
236 228 
232 208 
232 216 
240 224 
232 208 
236 232 
232 220 
236 208 
232 216 
236 220 
240 240 
236 212 
216 212 
232 208 
232 224 
240 208 
236 208 
236 264 
232 228 
232 212 
232 216 
420 208 
240 220 
236 232 
232 240 
240 208 
236 232 
236 212 
240 220 
236 204 
656 208 
232 236 
232 208 
240 212 
232 204 
236 220 
236 236 
232 216 
208 212 
236 448 
244 236 
240 264 
240 244 
232 212 
236 236 
232 232 
232 216 
216 236 
240 216 
236 208 
232 220 
236 244 
236 212 
240 208 
244 208 
240 248 
228 216 
232 208 
228 216 
228 212 
236 216 
236 256 
240 208 
232 208 
996 208 
232 208 
232 212 
232 208 
240 232 
232 208 
236 208 
236 216 
232 240 
236 236 
232 204 
236 208 
236 212 
232 216 
236 212 
236 204 
232 208 
240 204 
240 240 
240 208 
236 208 
240 232 
236 216 
232 204 
236 208 
232 232 
232 216 
236 212 
240 204 
232 220 
232 212 
236 204 
236 212 
236 208 
228 532 
236 212 
232 208 
240 208 
244 216 
240 232 
232 244 
292 208 
236 212 
208 204 
232 208 
240 208 
256 212 
236 232 
232 204 
228 208 
236 208 
240 232 
448 208 
240 232 
232 208 
236 204 
228 208 
232 204 
232 208 
232 224 
236 208 
712 212 
232 208 
160 40 
232 208 
240 212 
232 208 
232 216 
240 232 
212 208 
240 524 
232 208 
236 208 
232 208 
240 208 
240 220 
236 208 
232 236 
216 256 
236 212 
228 212 
236 232 
236 204 
236 224 
1016 264 
236 208 
344 208 
244 236 
240 212 
232 208 
252 216 
48 48 
232 204 
228 216 
232 204 
240 208 
232 204 
236 208 
248 212 
236 208 
236 208 
212 236 
232 212 
236 212 
232 216 
232 212 
232 212 
232 220 
232 208 
232 216 
236 208 
240 232 
236 208 
236 216 
228 208 
260 220 
236 232 
240 208 
236 240 
296 208 
236 216 
232 212 
232 48 
232 212 
232 228 
232 208 
244 208 
236 252 
240 220 
236 212 
236 204 
236 216 
232 212 
232 208 
240 216 
232 208 
232 212 
232 216 
236 208 
228 208 
236 208 
240 212 
232 208 
236 212 
240 220 
228 208 
232 208 
460 208 
232 212 
232 220 
236 204 
784 204 
232 208 
236 216 
232 216 
232 216 
720 212 
232 212 
240 272 
236 212 
232 208 
244 216 
240 232 
248 212 
208 212 
232 572 
232 208 
244 208 
548 360 
252 208 
240 248 
232 212 
232 256 
220 216 
240 212 
228 212 
236 232 
240 236 
232 216 
236 208 
236 208 
236 220 
240 236 
236 212 
228 208 
236 232 
232 240 
232 208 
236 212 
240 216 
232 224 
232 204 
244 208 
232 212 
256 208 
240 208 
240 208 
240 236 
256 208 
244 216 
232 228 
824 208 
240 212 
232 204 
232 216 
236 240 
232 212 
240 212 
232 232 
236 256 
232 208 
236 208 
232 208 
240 212 
240 216 
236 232 
236 244 
232 208 
236 232 
232 208 
236 208 
232 236 
236 208 
240 212 
240 252 
236 244 
232 204 
232 212 
236 212 
240 208 
236 208 
232 216 
236 236 
256 208 
232 252 
540 208 
236 216 
236 260 
228 204 
236 220 
248 212 
228 216 
508 212 
240 236 
232 212 
228 216 
244 208 
240 212 
232 208 
240 212 
232 212 
1248 208 
232 228 
228 216 
240 216 
232 216 
232 212 
236 208 
240 204 
208 208 
236 540 
236 212 
240 208 
240 216 
236 236 
240 212 
236 224 
232 208 
212 208 
236 208 
236 236 
232 236 
232 228 
240 208 
236 212 
232 208 
232 204 
232 232 
352 236 
232 212 
236 232 
240 208 
228 208 
236 220 
232 212 
236 224 
236 232 
232 236 
240 232 
232 216 
232 208 
232 212 
240 216 
236 208 
236 220 
232 212 
232 208 
228 208 
240 212 
232 256 
236 224 
232 212 
236 248 
240 208 
232 212 
232 220 
232 260 
232 212 
232 208 
232 212 
236 232 
228 216 
232 216 
232 212 
236 208 
236 212 
228 208 
236 208 
236 260 
420 204 
236 208 
236 208 
232 216 
232 208 
228 204 
244 216 
236 208 
240 224 
228 212 
236 216 
240 216 
232 260 
228 212 
240 212 
236 212 
232 212 
240 208 
496 208 
232 208 
228 212 
236 216 
240 212 
232 216 
232 240 
236 212 
232 208 
744 208 
232 208 
232 208 
236 216 
232 244 
232 204 
228 208 
228 256 
212 216 
272 548 
236 264 
232 212 
236 216 
236 216 
232 208 
232 204 
232 208 
212 220 
232 208 
232 216 
232 208 
244 216 
240 208 
48 40 
240 208 
236 212 
236 236 
276 208 
228 208 
232 208 
232 212 
236 236 
236 228 
232 236 
240 220 
232 208 
240 420 
240 236 
232 244 
232 208 
236 204 
236 208 
232 232 
392 208 
236 244 
232 212 
232 212 
232 260 
232 236 
232 204 
52 60 
236 248 
236 208 
236 208 
232 208 
236 212 
232 208 
404 224 
276 216 
240 236 
236 212 
228 224 
232 208 
240 208 
236 232 
228 212 
232 208 
236 236 
240 208 
240 252 
236 224 
236 204 
236 236 
236 232 
236 236 
232 236 
228 216 
308 208 
236 212 
240 44 
232 208 
228 208 
232 208 
232 204 
236 208 
240 208 
548 208 
240 232 
232 212 
232 204 
232 208 
244 212 
236 216 
236 220 
240 236 
232 368 
228 208 
236 216 
244 260 
236 236 
232 240 
236 220 
232 252 
212 208 
240 628 
232 216 
232 236 
240 220 
240 232 
236 228 
232 208 
240 232 
216 236 
232 212 
232 204 
232 208 
232 220 
240 252 
236 204 
236 232 
240 212 
236 260 
232 216 
228 204 
240 236 
240 236 
236 228 
228 208 
364 224 
236 216 
236 216 
232 208 
232 264 
364 208 
236 248 
232 204 
232 216 
236 216 
236 208 
240 208 
232 208 
316 256 
232 212 
232 204 
236 208 
232 208 
232 208 
232 228 
232 212 
236 208 
236 232 
232 212 
232 216 
236 208 
232 232 
236 228 
236 260 
232 208 
240 216 
236 244 
228 208 
240 212 
236 204 
240 208 
236 380 
232 208 
236 204 
240 228 
232 212 
236 232 
236 228 
228 208 
320 212 
240 208 
240 884 
240 208 
232 208 
236 208 
236 208 
240 232 
236 216 
560 212 
232 212 
232 212 
240 212 
236 212 
232 204 
236 204 
236 212 
236 232 
756 208 
232 212 
232 212 
236 336 
236 208 
236 228 
232 212 
236 232 
212 224 
240 632 
232 212 
232 212 
236 204 
236 208 
236 232 
244 208 
236 260 
212 204 
240 236 
244 228 
236 236 
240 232 
240 212 
240 208 
232 208 
236 212 
236 208 
232 240 
232 208 
236 212 
236 216 
232 220 
232 208 
232 212 
232 948 
232 204 
236 208 
232 236 
228 216 
232 212 
236 216 
232 216 
240 232 
236 244 
232 208 
236 212 
240 208 
236 216 
236 228 
244 208 
232 204 
240 208 
232 216 
236 224 
236 232 
252 212 
240 208 
240 212 
236 236 
240 228 
236 208 
240 212 
232 236 
232 244 
228 204 
236 208 
236 212 
236 212 
240 924 
236 208 
244 208 
232 212 
232 240 
228 208 
256 208 
236 216 
236 204 
328 216 
236 216 
240 252 
236 232 
232 208 
236 208 
240 216 
236 208 
236 228 
584 208 
236 224 
236 240 
236 204 
232 204 
232 232 
236 232 
244 212 
228 208 
232 436 
236 208 
236 224 
232 212 
236 220 
240 212 
236 204 
216 212 
216 208 
236 644 
240 212 
236 212 
232 208 
240 212 
236 224 
232 212 
232 208 
212 212 
232 208 
236 204 
232 208 
236 216 
236 208 
300 204 
236 208 
236 208 
228 208 
232 212 
240 232 
232 212 
268 224 
240 212 
232 232 
236 228 
44 44 
240 208 
232 240 
232 232 
228 208 
232 212 
240 208 
240 208 
248 208 
232 224 
240 212 
236 224 
232 212 
232 208 
236 216 
240 228 
236 212 
248 224 
236 212 
240 232 
228 212 
236 204 
236 244 
1188 244 
240 216 
232 236 
236 232 
236 204 
236 228 
300 212 
44 44 
240 264 
232 212 
232 208 
240 208 
236 236 
228 216 
228 208 
228 216 
236 208 
232 208 
228 208 
232 216 
360 208 
236 208 
236 212 
232 244 
232 224 
240 208 
236 248 
232 208 
240 212 
612 212 
232 208 
232 212 
232 216 
236 208 
240 232 
244 232 
232 44 
232 204 
232 484 
236 232 
232 208 
240 212 
232 208 
236 232 
232 208 
240 204 
212 244 
232 692 
232 212 
264 208 
236 208 
232 204 
240 208 
240 208 
232 208 
216 276 
232 264 
232 212 
232 212 
236 208 
232 216 
240 208 
232 208 
236 236 
240 208 
236 212 
232 236 
228 208 
240 212 
236 216 
228 208 
240 224 
256 208 
232 216 
240 412 
236 244 
236 204 
240 208 
240 232 
236 232 
240 212 
236 232 
228 212 
232 216 
232 1000 
232 208 
236 212 
232 220 
236 228 
232 208 
236 208 
232 212 
232 212 
236 240 
232 204 
232 208 
232 208 
236 236 
236 212 
232 212 
236 232 
236 232 
232 208 
232 212 
236 204 
236 208 
236 264 
232 232 
232 208 
236 232 
240 224 
232 208 
244 208 
232 220 
232 208 
400 244 
240 208 
696 236 
236 256 
240 208 
228 208 
232 204 
236 212 
240 232 
636 224 
228 212 
232 204 
240 236 
240 216 
236 216 
236 232 
236 244 
212 208 
232 476 
236 236 
232 208 
236 212 
236 208 
236 216 
236 212 
232 208 
212 204 
236 696 
236 224 
236 232 
236 252 
236 212 
240 204 
236 264 
292 220 
220 528 
808 216 
240 212 
232 208 
236 216 
236 212 
236 212 
240 216 
236 216 
240 232 
232 212 
236 236 
232 220 
228 208 
236 208 
236 216 
232 232 
236 208 
240 764 
280 216 
240 212 
228 204 
244 212 
236 212 
228 208 
240 212 
236 216 
232 216 
352 208 
232 208 
232 208 
232 208 
240 216 
232 240 
240 208 
232 204 
228 208 
232 212 
232 204 
240 232 
236 236 
236 236 
236 212 
236 212 
232 216 
240 216 
232 248 
232 208 
240 208 
236 216 
232 208 
236 216 
236 236 
228 208 
232 204 
232 212 
232 216 
240 216 
244 208 
228 212 
392 400 
232 208 
236 212 
240 232 
232 236 
232 216 
236 236 
232 208 
240 236 
640 208 
240 208 
252 208 
236 216 
236 208 
232 260 
244 212 
236 236 
212 208 
236 508 
236 208 
236 208 
236 232 
256 208 
240 212 
232 216 
708 216 
212 216 
232 728 
236 208 
232 216 
240 204 
240 212 
240 212 
236 216 
236 220 
216 212 
232 240 
240 208 
240 208 
232 208 
236 224 
228 212 
232 216 
48 44 
236 216 
236 232 
236 232 
232 224 
236 212 
240 208 
232 208 
232 212 
232 208 
236 216 
232 212 
236 208 
232 208 
236 212 
236 208 
232 208 
236 208 
232 208 
236 232 
232 228 
236 216 
232 212 
236 208 
236 212 
236 232 
236 236 
236 256 
40 40 
240 236 
232 216 
236 204 
240 256 
236 232 
232 220 
268 216 
236 236 
236 248 
236 208 
236 232 
236 236 
232 236 
236 212 
228 216 
236 236 
232 224 
236 204 
244 208 
228 216 
240 216 
236 212 
236 208 
400 212 
232 208 
232 212 
236 208 
236 232 
236 212 
236 48 
232 232 
236 236 
640 212 
236 208 
228 208 
228 208 
236 220 
928 252 
232 236 
236 212 
212 208 
236 512 
236 204 
236 232 
236 212 
232 204 
236 236 
240 220 
240 236 
212 236 
240 720 
232 208 
240 208 
252 212 
232 208 
240 236 
232 248 
240 208 
220 208 
236 212 
232 212 
232 244 
236 208 
404 208 
240 236 
228 212 
232 208 
232 212 
236 208 
236 212 
232 224 
232 208 
232 208 
236 212 
236 208 
240 204 
236 212 
236 236 
228 208 
232 208 
236 264 
240 228 
232 212 
240 236 
228 236 
240 216 
236 208 
236 260 
232 212 
236 208 
240 264 
236 228 
232 212 
232 208 
232 232 
240 208 
232 232 
236 208 
236 204 
236 240 
236 212 
252 208 
236 204 
232 212 
404 216 
240 212 
232 212 
232 216 
240 208 
216 232 
232 212 
236 220 
236 232 
232 208 
236 208 
236 204 
236 236 
240 236 
440 236 
228 216 
240 204 
824 204 
240 208 
236 232 
236 212 
228 208 
240 208 
688 224 
236 216 
236 248 
236 212 
256 212 
236 208 
236 216 
240 216 
212 212 
236 496 
240 208 
236 232 
240 248 
272 216 
236 232 
232 212 
236 212 
208 208 
240 732 
240 232 
236 212 
236 208 
240 224 
240 208 
240 212 
236 208 
240 212 
412 208 
236 212 
236 212 
232 232 
232 236 
236 204 
228 212 
240 208 
260 216 
236 212 
240 208 
236 236 
236 220 
228 212 
232 208 
236 216 
236 208 
244 212 
240 208 
232 208 
232 208 
244 220 
236 252 
236 212 
232 208 
240 208 
236 232 
244 224 
232 212 
232 216 
236 244 
236 212 
228 204 
240 204 
388 208 
228 220 
236 208 
240 232 
232 208 
240 228 
228 212 
240 216 
240 208 
236 208 
240 220 
232 256 
236 204 
236 212 
240 236 
232 212 
216 208 
236 240 
240 212 
232 212 
232 208 
240 204 
236 216 
236 232 
236 236 
456 208 
236 212 
236 212 
236 248 
236 252 
232 208 
236 208 
236 216 
364 212 
684 208 
236 208 
240 232 
236 232 
256 216 
232 212 
236 232 
236 240 
212 204 
232 560 
236 212 
228 212 
240 212 
236 224 
232 208 
232 208 
236 232 
212 204 
240 208 
240 232 
236 208 
232 252 
244 224 
236 220 
236 212 
236 244 
240 212 
236 236 
232 204 
232 208 
232 212 
236 216 
240 208 
236 212 
244 208 
240 216 
240 232 
232 212 
256 216 
236 208 
232 216 
236 236 
240 208 
240 232 
236 236 
228 208 
232 208 
240 212 
240 208 
240 236 
304 208 
48 48 
236 208 
236 216 
264 216 
236 212 
232 216 
236 216 
236 208 
244 236 
236 224 
240 216 
236 204 
236 260 
236 212 
240 208 
240 208 
240 208 
236 236 
236 216 
228 228 
240 220 
236 220 
240 236 
232 208 
232 204 
236 208 
232 236 
236 212 
44 44 
232 208 
240 224 
240 236 
232 248 
232 252 
232 340 
512 220 
240 208 
228 208 
240 260 
232 208 
232 228 
236 244 
236 208 
240 208 
724 216 
244 232 
236 220 
232 208 
240 208 
244 204 
228 208 
236 208 
216 212 
236 48 
240 208 
236 236 
240 236 
236 256 
276 204 
236 208 
236 208 
208 240 
240 208 
244 236 
240 212 
236 224 
232 220 
0 0 
0 0 
240 220 
232 208 
236 208 
244 208 
236 204 
232 208 
236 212 
232 308 
240 216 
228 208 
236 208 
236 208 
236 208 
240 212 
508 212 
232 240 
240 208 
236 236 
232 208 
232 208 
236 212 
236 236 
240 264 
232 212 
236 240 
232 208 
232 208 
240 208 
228 212 
268 208 
240 204 
236 232 
236 208 
228 212 
232 208 
240 208 
232 204 
232 208 
268 224 
240 216 
236 236 
240 256 
236 212 
232 204 
228 208 
236 248 
336 208 
240 212 
236 232 
232 212 
228 208 
236 212 
224 232 
240 236 
236 208 
232 212 
236 224 
244 212 
232 212 
240 208 
236 204 
512 236 
236 216 
232 248 
236 228 
236 208 
296 208 
240 208 
236 224 
228 208 
752 224 
240 212 
236 216 
232 208 
232 212 
240 208 
236 212 
236 240 
212 260 
232 600 
228 216 
232 208 
236 212 
232 208 
236 212 
232 212 
236 204 
212 208 
236 232 
236 248 
236 236 
236 244 
248 212 
240 208 
232 208 
236 216 
244 232 
232 240 
208 236 
236 208 
240 236 
232 204 
232 212 
240 212 
280 216 
236 208 
236 208 
236 236 
236 212 
236 212 
236 208 
232 216 
236 208 
236 212 
228 212 
228 208 
232 232 
348 232 
228 212 
240 208 
236 232 
232 216 
236 236 
232 244 
228 204 
232 208 
272 216 
240 212 
240 208 
228 208 
232 212 
236 832 
232 212 
236 232 
236 256 
236 208 
236 220 
236 228 
240 232 
248 212 
236 216 
232 216 
240 248 
228 216 
228 208 
240 204 
236 236 
260 212 
236 208 
236 208 
236 236 
244 224 
232 208 
240 216 
240 208 
240 208 
536 208 
236 212 
228 208 
232 208 
244 212 
240 208 
240 208 
244 212 
232 208 
744 212 
236 212 
240 216 
228 216 
232 216 
236 224 
240 208 
240 212 
212 232 
240 572 
232 208 
236 208 
232 212 
236 232 
232 236 
236 212 
380 236 
216 212 
240 216 
236 232 
240 240 
236 208 
248 236 
240 216 
232 212 
236 248 
232 208 
240 216 
228 212 
232 208 
228 204 
240 216 
236 228 
232 212 
244 212 
236 212 
232 204 
236 208 
232 228 
236 228 
236 216 
232 212 
236 240 
240 204 
48 40 
240 240 
252 212 
232 208 
236 208 
244 216 
236 808 
236 204 
240 208 
240 240 
232 216 
360 244 
244 208 
244 232 
240 232 
260 212 
240 208 
236 216 
236 232 
236 224 
228 204 
240 208 
236 216 
236 216 
236 208 
48 44 
236 212 
236 204 
236 220 
240 232 
232 216 
228 208 
236 204 
280 208 
236 212 
232 204 
236 212 
236 208 
232 216 
236 224 
216 212 
240 216 
540 244 
232 232 
232 216 
232 208 
232 212 
236 208 
264 208 
356 208 
232 208 
232 48 
236 248 
236 232 
236 208 
240 216 
236 248 
236 216 
240 224 
628 208 
244 624 
236 244 
240 212 
240 216 
232 208 
240 216 
232 216 
236 212 
212 208 
240 204 
232 216 
240 208 
232 216 
240 212 
232 256 
232 208 
236 236 
240 208 
236 236 
240 212 
236 204 
240 212 
232 212 
236 236 
232 252 
256 208 
364 216 
236 232 
236 216 
240 208 
1120 208 
232 208 
244 208 
236 212 
236 244 
232 212 
236 212 
236 208 
232 212 
236 212 
232 212 
232 220 
240 236 
228 208 
272 208 
232 208 
236 212 
236 204 
232 204 
240 216 
236 228 
228 232 
232 208 
240 208 
384 228 
236 216 
264 212 
232 220 
236 204 
240 236 
236 236 
228 212 
232 208 
236 208 
244 208 
232 208 
240 212 
240 208 
292 244 
236 232 
236 236 
236 208 
240 212 
232 236 
236 216 
244 212 
240 236 
540 232 
236 208 
236 232 
232 208 
232 208 
240 208 
228 216 
236 208 
228 212 
240 432 
232 208 
240 236 
240 248 
240 208 
240 208 
232 232 
232 228 
208 212 
232 616 
236 208 
232 244 
236 208 
236 208 
232 212 
232 212 
232 208 
208 204 
236 208 
240 208 
236 256 
240 208 
232 216 
236 220 
236 232 
232 208 
256 212 
236 208 
328 908 
228 212 
284 216 
236 236 
236 212 
236 208 
232 208 
240 240 
236 232 
232 244 
268 208 
240 216 
232 208 
236 212 
232 256 
240 216 
236 236 
228 208 
240 208 
240 236 
268 212 
232 212 
228 208 
240 216 
240 216 
236 212 
232 208 
236 208 
240 208 
240 232 
260 224 
236 232 
236 220 
512 260 
236 264 
228 212 
240 212 
232 212 
236 216 
232 208 
236 208 
236 260 
244 208 
232 212 
236 208 
240 204 
240 216 
236 212 
236 240 
348 208 
232 208 
236 208 
236 208 
240 232 
232 208 
232 208 
232 244 
240 264 
556 260 
240 212 
236 208 
244 232 
240 216 
232 232 
232 236 
240 204 
236 212 
756 208 
228 212 
236 212 
228 208 
236 208 
260 208 
236 260 
232 208 
212 204 
236 636 
236 228 
240 212 
232 208 
232 204 
256 208 
356 208 
236 220 
208 216 
236 260 
236 236 
244 212 
236 212 
236 212 
236 212 
236 228 
236 236 
236 240 
240 208 
232 208 
228 212 
236 212 
232 236 
240 208 
232 212 
236 220 
240 232 
240 212 
236 232 
232 216 
232 208 
236 232 
232 208 
256 212 
236 208 
232 204 
228 208 
236 220 
236 232 
240 228 
48 48 
236 232 
264 204 
232 232 
236 216 
240 236 
248 212 
232 212 
236 208 
236 236 
236 216 
232 208 
236 212 
240 208 
232 204 
236 208 
248 212 
44 44 
232 208 
232 212 
232 208 
232 252 
240 212 
232 232 
280 212 
232 248 
236 208 
240 232 
344 208 
232 212 
232 208 
232 236 
236 240 
232 208 
240 232 
568 228 
232 224 
552 216 
240 208 
228 208 
236 208 
240 208 
240 232 
244 236 
236 48 
212 216 
236 432 
244 264 
236 208 
308 208 
232 208 
232 212 
228 204 
240 212 
208 212 
228 692 
232 212 
244 216 
236 236 
244 208 
236 224 
240 208 
232 212 
212 208 
236 224 
232 208 
232 208 
236 232 
232 212 
664 208 
236 220 
240 236 
236 212 
240 248 
244 204 
236 228 
232 208 
228 204 
232 240 
240 212 
232 204 
240 208 
236 212 
236 232 
236 264 
240 256 
240 208 
236 216 
364 216 
236 212 
240 216 
232 208 
240 216 
236 208 
228 212 
232 208 
236 216 
232 236 
232 212 
240 236 
232 212 
236 400 
240 236 
240 236 
232 208 
232 212 
236 212 
244 224 
228 208 
248 208 
232 212 
236 208 
240 208 
236 236 
236 208 
236 228 
236 212 
236 236 
240 212 
812 260 
240 224 
240 232 
232 208 
368 208 
236 216 
228 208 
236 236 
236 236 
232 260 
236 212 
240 208 
236 232 
616 208 
236 216 
240 236 
248 208 
240 208 
232 216 
232 216 
228 208 
208 208 
228 480 
228 208 
236 212 
232 208 
228 272 
232 236 
232 212 
232 204 
212 232 
232 712 
228 212 
236 212 
236 204 
232 220 
252 208 
240 212 
236 264 
212 208 
240 208 
232 208 
236 224 
236 216 
240 208 
236 212 
232 236 
232 208 
232 208 
236 276 
240 208 
240 216 
240 208 
236 268 
232 204 
244 204 
232 208 
236 208 
236 212 
296 204 
236 208 
236 204 
236 224 
240 216 
240 208 
228 212 
236 208 
380 224 
228 208 
232 208 
236 248 
228 212 
232 212 
236 208 
228 208 
236 212 
236 216 
236 244 
232 220 
240 208 
240 208 
236 260 
232 280 
232 208 
720 212 
232 208 
236 208 
236 200 
240 212 
232 208 
252 220 
240 220 
232 212 
232 212 
228 208 
236 216 
232 208 
236 216 
240 236 
364 208 
232 208 
236 208 
232 232 
228 212 
240 248 
236 232 
232 268 
228 216 
616 304 
236 208 
232 216 
232 204 
236 244 
232 208 
232 208 
236 216 
212 216 
304 212 
236 208 
232 204 
232 208 
240 216 
236 216 
232 208 
232 204 
220 208 
232 700 
232 208 
236 208 
232 232 
232 216 
244 212 
236 208 
236 216 
212 252 
236 208 
236 232 
236 232 
236 232 
232 208 
236 216 
240 216 
232 236 
236 264 
236 208 
244 252 
236 236 
236 208 
44 44 
240 256 
244 208 
208 232 
264 208 
236 216 
236 236 
232 232 
248 228 
236 208 
240 248 
232 204 
240 208 
244 212 
232 232 
240 208 
236 236 
236 204 
240 224 
236 1140 
236 268 
232 228 
232 208 
232 208 
236 232 
44 48 
236 244 
236 208 
244 212 
240 216 
240 232 
228 212 
236 260 
232 208 
240 208 
236 208 
232 212 
232 208 
232 204 
244 216 
236 232 
236 224 
236 208 
236 208 
232 216 
228 208 
384 208 
236 208 
228 212 
236 228 
236 216 
236 220 
232 40 
228 212 
232 204 
664 208 
268 212 
236 208 
232 212 
236 220 
236 208 
228 204 
236 216 
212 204 
232 428 
232 212 
228 208 
236 220 
236 228 
232 208 
232 212 
232 208 
220 208 
236 696 
232 208 
232 208 
240 204 
232 316 
236 216 
236 216 
240 208 
216 208 
240 220 
236 212 
228 208 
244 208 
232 212 
284 208 
240 236 
228 204 
240 232 
236 208 
232 212 
236 208 
232 232 
232 232 
232 212 
232 216 
236 232 
232 216 
240 204 
236 248 
264 212 
240 228 
236 204 
236 236 
236 212 
244 216 
236 224 
236 208 
236 208 
244 216 
236 232 
232 216 
232 208 
240 204 
236 212 
232 204 
236 208 
232 228 
232 204 
232 204 
232 208 
236 212 
232 208 
236 228 
232 208 
236 240 
236 208 
236 256 
232 228 
236 212 
212 212 
232 260 
244 212 
236 204 
240 208 
232 220 
232 208 
236 208 
236 232 
436 212 
228 208 
240 208 
244 236 
240 208 
232 208 
240 212 
240 208 
240 208 
688 216 
232 204 
236 208 
240 232 
240 208 
232 208 
236 216 
236 208 
212 208 
236 524 
236 208 
232 236 
236 212 
232 204 
232 204 
236 208 
240 216 
216 216 
232 740 
232 224 
232 204 
448 208 
232 212 
236 204 
236 232 
228 208 
240 208 
232 236 
240 236 
232 216 
236 208 
236 208 
236 232 
236 208 
236 212 
236 208 
232 208 
232 232 
232 208 
236 208 
232 216 
232 208 
232 208 
236 208 
236 232 
236 216 
236 268 
232 212 
236 216 
236 232 
236 204 
232 208 
252 216 
240 208 
236 212 
228 208 
228 208 
236 208 
256 208 
248 208 
236 208 
240 228 
272 212 
228 204 
240 224 
232 208 
236 208 
244 236 
232 244 
232 212 
232 208 
236 208 
232 212 
232 212 
232 208 
236 256 
236 212 
224 232 
236 208 
232 208 
236 212 
240 208 
240 216 
236 204 
236 232 
232 208 
472 208 
228 204 
232 208 
236 212 
228 204 
232 208 
240 224 
240 208 
236 260 
720 224 
236 216 
232 212 
232 220 
232 244 
236 208 
232 212 
236 232 
220 220 
236 516 
224 212 
228 292 
236 220 
240 212 
240 208 
236 204 
236 216 
212 208 
240 208 
232 232 
232 212 
236 232 
248 208 
232 204 
236 216 
240 208 
268 208 
228 204 
228 208 
228 212 
240 208 
236 208 
240 212 
240 212 
232 212 
232 204 
248 216 
44 44 
236 220 
236 208 
228 208 
244 232 
240 216 
232 764 
236 232 
236 204 
232 248 
240 208 
236 204 
228 216 
236 232 
236 256 
256 208 
236 224 
272 224 
240 204 
240 208 
240 204 
240 260 
240 212 
228 1144 
240 208 
232 236 
232 204 
240 208 
232 232 
240 208 
232 212 
228 232 
44 40 
232 228 
236 272 
236 212 
236 216 
236 232 
236 216 
236 208 
332 564 
236 212 
228 212 
236 208 
236 208 
240 204 
240 232 
232 212 
244 212 
472 260 
228 212 
236 244 
228 208 
228 216 
232 208 
236 208 
1092 236 
236 244 
700 212 
236 220 
232 208 
240 48 
236 256 
232 208 
236 320 
232 212 
212 204 
240 548 
248 208 
232 204 
240 208 
236 204 
232 224 
232 212 
236 236 
216 208 
232 208 
240 236 
232 232 
228 212 
232 256 
236 224 
232 208 
236 208 
232 212 
236 208 
244 208 
240 212 
236 212 
228 204 
1056 232 
236 212 
232 220 
232 212 
232 208 
232 236 
232 244 
232 204 
236 212 
232 216 
232 208 
244 216 
236 232 
236 208 
236 212 
240 232 
236 204 
228 212 
236 212 
236 248 
232 208 
228 208 
240 216 
232 208 
240 212 
232 228 
232 208 
244 212 
240 212 
232 212 
232 208 
236 232 
236 224 
240 212 
236 256 
236 208 
240 212 
236 228 
228 208 
236 204 
236 236 
232 208 
236 232 
232 204 
236 208 
280 212 
228 220 
244 208 
240 216 
236 236 
228 212 
232 288 
236 232 
228 228 
488 208 
244 212 
228 204 
236 216 
236 236 
236 216 
240 208 
228 208 
236 240 
728 208 
232 208 
240 208 
236 208 
240 216 
236 216 
240 216 
236 212 
212 264 
232 564 
232 208 
236 240 
232 208 
228 208 
232 212 
236 216 
236 212 
212 212 
236 208 
240 232 
240 324 
332 220 
240 208 
236 224 
232 208 
256 208 
228 204 
232 208 
232 220 
232 208 
236 232 
248 208 
240 212 
296 220 
232 208 
236 204 
228 212 
232 208 
228 208 
236 204 
240 236 
228 216 
252 208 
240 216 
240 244 
256 208 
236 204 
264 248 
232 212 
236 204 
232 228 
284 204 
248 224 
232 232 
240 224 
232 212 
232 208 
236 208 
236 220 
228 212 
232 216 
236 224 
232 212 
236 216 
236 208 
232 204 
240 208 
236 220 
236 244 
228 204 
252 208 
232 212 
232 216 
240 208 
232 212 
240 216 
256 220 
276 212 
240 208 
232 216 
232 216 
232 212 
228 204 
232 208 
236 208 
236 216 
480 232 
236 204 
240 224 
236 236 
236 236 
232 208 
236 208 
240 216 
232 212 
752 232 
236 212 
240 232 
236 268 
244 208 
232 208 
244 212 
236 208 
216 212 
240 584 
1160 220 
232 236 
236 216 
236 208 
236 204 
232 204 
232 220 
208 204 
240 208 
236 216 
236 228 
232 228 
236 204 
240 208 
236 212 
232 204 
236 232 
244 212 
236 248 
236 204 
232 204 
236 304 
240 216 
228 208 
232 216 
236 260 
240 224 
240 260 
232 208 
236 232 
228 212 
232 208 
236 236 
588 208 
240 208 
244 208 
236 224 
236 232 
240 212 
232 212 
236 212 
232 204 
236 212 
48 48 
236 208 
232 208 
236 248 
244 216 
236 212 
232 216 
240 236 
232 236 
228 208 
232 208 
236 212 
236 204 
240 232 
232 216 
232 228 
236 236 
236 208 
236 208 
236 208 
236 212 
232 232 
232 224 
240 216 
1052 236 
236 236 
236 208 
236 228 
232 212 
240 208 
228 208 
44 44 
244 236 
524 232 
240 208 
240 208 
272 248 
240 236 
240 212 
228 208 
248 216 
1192 216 
236 388 
232 216 
236 248 
232 212 
256 212 
228 208 
240 204 
236 212 
228 212 
240 596 
236 216 
232 224 
232 212 
232 208 
232 208 
232 236 
232 208 
220 252 
236 208 
236 208 
232 232 
236 244 
228 268 
240 208 
232 236 
236 216 
236 208 
232 212 
240 236 
240 228 
232 208 
240 208 
236 216 
232 240 
232 204 
240 212 
232 216 
228 204 
228 204 
236 208 
232 208 
236 232 
232 256 
232 220 
232 208 
232 216 
232 216 
240 212 
240 212 
236 236 
236 236 
232 212 
236 208 
228 212 
240 220 
236 236 
228 208 
232 208 
232 232 
264 208 
232 224 
236 268 
236 220 
236 232 
232 212 
232 208 
688 212 
232 208 
240 260 
236 264 
232 276 
232 228 
236 208 
232 212 
280 208 
228 208 
236 224 
316 212 
232 212 
236 216 
232 204 
240 204 
232 208 
232 204 
232 208 
236 232 
548 236 
228 212 
236 236 
240 212 
236 208 
232 208 
240 212 
232 208 
232 204 
236 392 
236 236 
232 208 
248 212 
236 208 
228 216 
232 220 
236 232 
212 228 
252 612 
236 208 
236 208 
232 216 
240 236 
240 204 
232 224 
240 208 
216 236 
240 236 
228 208 
232 216 
232 208 
244 216 
236 212 
236 232 
236 256 
232 208 
240 208 
236 236 
240 236 
236 216 
236 212 
240 220 
236 268 
232 208 
236 208 
236 216 
236 236 
280 208 
232 208 
236 228 
236 216 
240 220 
240 232 
232 236 
232 212 
240 216 
236 232 
244 208 
236 216 
232 208 
236 216 
240 212 
228 216 
232 208 
628 212 
232 212 
228 216 
228 232 
236 236 
236 208 
244 220 
240 212 
228 216 
236 208 
240 208 
228 204 
232 208 
236 212 
232 220 
236 216 
232 212 
236 244 
232 208 
236 204 
240 236 
236 220 
332 208 
240 204 
236 236 
228 212 
232 208 
236 216 
232 236 
236 204 
236 212 
592 216 
236 212 
232 204 
236 216 
236 228 
240 212 
240 236 
240 208 
236 216 
232 228 
236 208 
240 228 
232 212 
240 208 
240 220 
232 208 
236 212 
208 208 
264 620 
232 212 
236 236 
240 224 
264 212 
240 208 
240 216 
232 216 
224 208 
240 236 
248 220 
272 212 
240 248 
232 220 
240 212 
236 208 
244 256 
236 208 
284 212 
236 208 
240 208 
240 232 
272 224 
232 208 
240 212 
236 288 
228 228 
240 216 
236 236 
236 244 
232 244 
236 220 
236 228 
236 236 
228 240 
780 208 
232 204 
236 236 
348 208 
232 208 
232 208 
228 208 
232 208 
236 228 
236 236 
240 232 
240 212 
232 220 
256 208 
228 208 
232 216 
236 212 
240 216 
236 208 
236 216 
232 216 
236 208 
268 212 
236 236 
232 208 
232 208 
44 40 
228 208 
244 212 
240 244 
236 256 
228 212 
232 208 
200 208 
236 236 
232 208 
236 208 
240 212 
232 212 
240 216 
232 216 
236 224 
608 212 
240 224 
228 212 
232 208 
232 228 
244 208 
236 204 
240 208 
240 268 
232 432 
244 44 
232 232 
236 228 
232 212 
236 232 
232 228 
252 212 
216 212 
232 656 
232 212 
236 252 
240 212 
236 204 
232 232 
236 244 
188 212 
220 212 
240 216 
232 208 
232 208 
236 216 
240 212 
232 208 
244 216 
236 232 
256 208 
236 216 
236 208 
232 212 
240 204 
232 208 
236 44 
252 204 
240 212 
232 208 
236 260 
236 220 
232 208 
232 224 
232 208 
236 204 
236 208 
232 212 
236 232 
236 232 
236 208 
232 212 
240 204 
240 264 
240 232 
236 216 
228 208 
232 192 
232 208 
228 208 
240 208 
240 212 
236 208 
236 212 
236 220 
240 208 
232 232 
240 232 
232 208 
240 208 
236 208 
236 248 
236 208 
236 216 
232 212 
232 208 
228 220 
232 208 
236 204 
232 208 
232 216 
380 208 
248 208 
232 212 
240 212 
240 208 
232 232 
240 212 
236 240 
232 208 
624 208 
236 248 
236 224 
248 208 
232 216 
240 212 
236 236 
236 204 
208 228 
236 456 
236 204 
228 208 
236 208 
236 224 
228 216 
232 252 
240 212 
216 216 
240 696 
240 216 
236 216 
236 208 
236 232 
236 208 
236 212 
236 208 
212 208 
232 204 
232 212 
240 212 
240 228 
236 216 
236 208 
236 216 
232 212 
264 212 
232 208 
232 208 
236 232 
240 232 
236 228 
236 208 
236 244 
264 208 
236 236 
232 204 
236 212 
232 204 
240 256 
236 208 
264 208 
236 220 
248 212 
232 212 
236 212 
232 232 
236 208 
236 216 
236 232 
232 236 
232 224 
240 208 
236 236 
232 212 
228 1028 
232 208 
236 216 
236 208 
232 244 
232 208 
240 208 
232 208 
236 232 
228 208 
228 212 
240 216 
236 216 
240 204 
240 208 
236 212 
236 236 
236 204 
236 212 
236 208 
236 208 
232 208 
392 224 
236 236 
236 236 
236 212 
228 208 
260 208 
240 208 
232 212 
236 216 
656 204 
232 208 
236 232 
260 224 
236 216 
240 208 
240 252 
240 208 
212 208 
236 480 
236 212 
232 208 
232 212 
240 208 
228 204 
232 216 
228 212 
212 208 
236 724 
236 204 
236 208 
240 260 
232 212 
240 212 
240 204 
236 232 
216 232 
236 208 
232 208 
236 208 
236 220 
240 208 
236 208 
240 220 
228 208 
232 212 
236 236 
240 208 
236 232 
232 212 
236 212 
236 236 
232 240 
248 208 
236 212 
232 208 
232 208 
236 236 
236 208 
236 204 
236 236 
248 208 
332 208 
236 216 
236 208 
240 208 
236 232 
240 212 
232 212 
244 212 
244 212 
244 212 
232 208 
240 208 
240 212 
356 212 
240 212 
240 264 
228 284 
232 11104 
0 0 
0 0 
196 200 
228 212 
236 208 
232 204 
236 268 
232 204 
236 212 
236 212 
244 252 
240 216 
232 228 
232 204 
232 212 
232 220 
412 224 
192 208 
232 208 
232 236 
236 224 
240 212 
228 220 
236 208 
228 216 
648 208 
232 212 
240 236 
228 228 
44 44 
236 208 
228 208 
236 220 
220 204 
236 476 
236 208 
232 208 
236 236 
228 236 
240 212 
232 212 
232 208 
204 204 
236 204 
244 212 
236 240 
236 212 
232 244 
236 220 
232 212 
340 752 
208 216 
244 208 
232 216 
236 208 
240 260 
44 48 
232 208 
236 208 
240 212 
232 212 
232 216 
236 216 
236 232 
236 212 
240 212 
232 236 
236 1180 
232 216 
236 252 
232 212 
232 208 
228 204 
240 208 
232 208 
232 204 
240 236 
244 240 
236 220 
236 248 
236 212 
236 204 
240 232 
260 40 
724 260 
236 232 
2196 216 
0 0 
0 0 
232 212 
232 204 
228 212 
236 208 
236 236 
236 208 
236 216 
236 208 
240 208 
236 212 
240 232 
976 236 
232 212 
216 208 
232 236 
232 212 
240 216 
236 232 
232 208 
232 212 
228 204 
236 360 
360 204 
240 216 
236 216 
236 232 
232 208 
236 212 
232 216 
244 228 
236 216 
752 208 
256 212 
232 208 
236 204 
240 212 
276 220 
232 216 
228 208 
208 208 
240 520 
236 248 
236 224 
236 208 
236 208 
328 216 
232 208 
232 208 
216 204 
240 704 
236 216 
232 224 
236 208 
240 212 
232 236 
232 212 
232 212 
212 216 
232 212 
236 260 
236 244 
240 208 
236 208 
240 216 
240 244 
232 228 
236 212 
236 232 
232 208 
248 208 
232 208 
236 236 
236 244 
240 208 
236 208 
236 228 
240 208 
232 232 
236 208 
236 204 
232 204 
232 208 
232 212 
232 204 
248 208 
228 208 
236 236 
236 240 
240 208 
352 208 
232 208 
232 208 
236 216 
236 232 
236 208 
232 244 
252 208 
240 220 
232 208 
240 232 
232 208 
232 264 
236 212 
240 236 
232 208 
232 212 
240 208 
252 212 
216 212 
236 208 
240 208 
236 208 
232 212 
236 244 
236 212 
232 208 
232 216 
480 232 
236 208 
240 220 
244 208 
236 212 
232 220 
236 220 
228 216 
232 212 
700 216 
232 208 
240 224 
864 232 
232 216 
392 208 
236 212 
232 208 
220 232 
228 532 
240 208 
236 204 
268 212 
236 240 
236 216 
248 208 
232 220 
216 208 
240 208 
268 208 
236 232 
236 236 
232 208 
236 212 
236 236 
240 232 
232 212 
236 208 
236 208 
240 208 
240 232 
240 232 
240 232 
236 236 
236 220 
244 232 
232 208 
236 232 
232 208 
236 204 
232 208 
232 208 
240 204 
232 208 
240 212 
236 208 
240 204 
240 252 
240 236 
236 236 
244 216 
232 208 
232 204 
236 236 
240 208 
244 208 
232 208 
240 216 
236 212 
232 208 
236 208 
236 208 
232 212 
232 216 
232 212 
232 204 
240 236 
236 208 
236 232 
228 212 
232 272 
248 224 
256 208 
236 204 
244 208 
236 212 
240 220 
228 260 
240 204 
244 216 
232 216 
232 212 
236 208 
232 208 
228 208 
236 236 
480 208 
704 236 
236 212 
232 208 
236 220 
236 216 
236 232 
236 260 
236 212 
712 212 
236 208 
232 212 
236 224 
232 208 
240 208 
236 208 
232 216 
216 208 
236 564 
232 208 
44 44 
240 216 
236 232 
236 252 
232 208 
228 208 
208 208 
236 204 
236 260 
232 212 
232 212 
236 208 
232 232 
236 236 
452 212 
236 248 
232 208 
240 216 
236 212 
236 208 
232 248 
244 232 
260 208 
240 208 
236 216 
44 44 
236 216 
236 236 
232 208 
236 264 
236 248 
236 208 
236 212 
240 208 
228 208 
236 208 
236 204 
240 264 
240 256 
232 216 
232 208 
236 216 
236 216 
232 216 
236 220 
236 220 
236 212 
236 212 
444 232 
232 212 
232 212 
232 208 
240 44 
244 224 
240 212 
240 212 
232 216 
252 216 
232 212 
228 208 
240 208 
232 220 
236 208 
228 208 
240 236 
944 212 
260 208 
236 212 
236 232 
236 212 
232 204 
236 212 
240 208 
236 224 
240 232 
504 232 
236 212 
232 208 
240 208 
236 208 
232 208 
236 216 
232 204 
240 212 
732 212 
232 208 
236 208 
236 248 
232 216 
240 224 
236 244 
236 208 
216 216 
336 296 
232 212 
236 208 
236 212 
236 236 
240 216 
232 208 
232 208 
216 212 
236 212 
236 212 
232 236 
252 208 
232 216 
232 216 
236 224 
236 244 
232 216 
232 216 
244 208 
240 208 
236 216 
236 208 
236 204 
236 260 
232 224 
236 212 
236 212 
232 224 
240 208 
232 204 
236 208 
240 232 
256 208 
228 208 
236 236 
240 236 
232 208 
236 208 
608 208 
244 224 
240 208 
232 204 
236 232 
228 212 
232 204 
232 208 
236 208 
236 204 
240 236 
232 212 
236 212 
228 208 
232 208 
236 236 
236 248 
236 212 
236 212 
232 256 
232 216 
240 208 
236 236 
232 208 
236 208 
232 208 
232 208 
240 208 
236 208 
296 208 
240 208 
236 216 
232 228 
236 248 
236 224 
232 228 
236 208 
236 208 
504 220 
232 212 
236 232 
236 236 
240 260 
232 212 
232 224 
236 208 
236 236 
748 212 
240 212 
244 216 
232 208 
236 248 
232 208 
232 204 
232 232 
216 208 
236 596 
248 208 
236 212 
232 208 
240 208 
236 228 
232 212 
232 208 
208 212 
236 212 
236 212 
240 232 
252 212 
232 208 
236 208 
236 232 
228 216 
240 212 
232 208 
236 244 
236 208 
236 208 
240 208 
232 220 
232 224 
232 216 
236 212 
260 240 
652 208 
232 216 
232 208 
232 212 
236 220 
236 204 
236 232 
276 204 
236 212 
268 232 
232 208 
240 208 
240 236 
232 220 
232 208 
228 204 
240 208 
236 236 
236 212 
236 204 
236 212 
236 216 
236 216 
232 216 
236 204 
232 216 
240 212 
232 232 
232 208 
240 212 
236 212 
240 216 
232 212 
252 216 
232 208 
232 212 
236 216 
240 212 
240 236 
228 224 
316 228 
232 212 
232 208 
228 208 
240 204 
240 236 
236 208 
232 208 
228 204 
552 212 
232 212 
232 208 
240 208 
232 232 
232 228 
228 236 
240 260 
236 216 
232 356 
232 212 
232 204 
232 208 
240 216 
244 212 
240 204 
236 232 
572 216 
212 208 
236 208 
236 232 
228 208 
232 208 
232 208 
232 580 
232 204 
216 208 
244 236 
232 240 
232 212 
232 212 
228 212 
56 48 
232 208 
232 212 
676 212 
232 212 
240 232 
232 244 
232 208 
232 208 
236 216 
236 204 
236 216 
228 204 
236 232 
236 232 
228 208 
240 208 
232 204 
236 216 
236 216 
236 208 
232 212 
232 208 
232 208 
236 220 
240 212 
240 220 
240 208 
232 208 
44 44 
244 212 
240 208 
236 232 
236 260 
232 208 
236 212 
244 236 
232 212 
232 212 
232 208 
232 220 
232 208 
240 428 
236 256 
240 208 
232 216 
240 208 
244 208 
240 212 
232 216 
232 208 
232 216 
228 212 
236 208 
304 312 
232 208 
244 44 
236 208 
236 208 
232 212 
236 208 
236 244 
232 208 
564 216 
236 248 
260 212 
236 212 
236 208 
236 212 
240 216 
216 208 
240 216 
240 380 
284 208 
236 220 
252 212 
232 204 
236 216 
236 216 
244 212 
300 208 
232 640 
240 204 
232 212 
240 236 
232 208 
336 736 
232 212 
232 216 
208 208 
280 212 
228 212 
228 208 
236 208 
236 212 
228 208 
240 208 
236 216 
228 216 
236 212 
240 208 
232 208 
240 204 
236 256 
236 244 
232 208 
236 208 
236 208 
232 212 
236 208 
232 208 
236 236 
236 232 
236 208 
240 208 
244 236 
268 208 
232 212 
228 208 
236 252 
232 1096 
236 212 
232 216 
236 232 
280 208 
236 204 
232 268 
236 236 
292 236 
236 236 
236 208 
236 216 
232 276 
236 212 
236 224 
244 236 
228 232 
236 236 
240 208 
236 240 
244 212 
228 212 
236 208 
244 220 
240 260 
240 216 
232 216 
240 224 
232 220 
340 220 
240 208 
240 208 
232 212 
232 208 
240 236 
236 236 
232 244 
232 204 
592 208 
236 232 
232 220 
236 220 
232 208 
236 264 
236 212 
232 204 
240 208 
236 424 
232 236 
236 208 
232 208 
240 216 
240 212 
236 204 
240 208 
212 228 
228 660 
240 212 
228 216 
236 208 
236 232 
236 224 
232 208 
240 244 
240 212 
236 204 
236 216 
244 232 
236 244 
236 212 
240 232 
236 208 
240 212 
232 236 
236 208 
244 212 
308 208 
236 208 
236 204 
232 224 
232 212 
244 212 
232 208 
236 208 
240 912 
232 204 
228 208 
240 220 
240 208 
232 232 
244 208 
240 208 
236 232 
240 216 
236 208 
240 236 
236 212 
240 236 
232 204 
228 216 
232 212 
236 248 
240 212 
236 212 
240 236 
232 252 
252 216 
232 208 
240 236 
232 224 
228 280 
240 204 
236 208 
240 208 
276 216 
232 224 
236 236 
240 208 
200 204 
236 236 
228 224 
232 216 
240 208 
232 204 
376 244 
236 228 
232 216 
236 216 
236 220 
228 208 
236 204 
244 232 
240 260 
576 212 
240 212 
240 204 
236 212 
284 208 
232 208 
232 212 
240 208 
404 208 
236 428 
268 212 
232 208 
232 208 
240 220 
344 208 
236 208 
232 212 
208 204 
232 668 
232 208 
232 208 
236 220 
236 204 
232 208 
240 208 
236 208 
212 216 
244 208 
232 204 
236 228 
236 216 
232 204 
232 204 
232 216 
232 220 
232 256 
240 216 
236 212 
260 212 
228 208 
236 208 
236 216 
236 212 
232 204 
232 236 
236 236 
232 212 
240 204 
232 208 
232 208 
236 244 
240 208 
48 52 
236 208 
236 208 
236 216 
232 208 
228 216 
244 208 
236 208 
236 208 
228 216 
236 232 
232 204 
236 224 
240 208 
236 232 
348 204 
236 208 
240 256 
236 212 
236 212 
264 208 
236 204 
244 216 
236 236 
232 208 
232 212 
232 204 
240 212 
228 220 
396 208 
48 44 
232 208 
232 212 
228 208 
380 208 
260 212 
232 212 
232 216 
232 208 
236 208 
236 208 
232 208 
240 236 
632 208 
228 208 
228 204 
236 208 
228 276 
232 212 
240 204 
944 220 
220 236 
232 444 
232 208 
232 208 
240 208 
324 208 
340 208 
236 88 
236 212 
204 204 
240 692 
236 236 
236 236 
228 212 
228 208 
236 240 
240 1036 
236 212 
212 212 
240 212 
232 212 
232 208 
236 212 
236 232 
232 216 
240 204 
240 208 
236 232 
232 208 
232 212 
228 204 
236 208 
232 212 
228 404 
240 216 
228 212 
236 228 
228 236 
236 244 
232 212 
232 212 
236 260 
236 248 
236 240 
232 220 
236 228 
236 208 
232 236 
240 260 
1004 212 
236 208 
240 208 
232 216 
232 232 
228 208 
240 208 
240 204 
240 216 
236 208 
236 212 
232 212 
232 208 
244 236 
260 204 
236 208 
232 208 
236 244 
228 204 
232 208 
232 260 
236 208 
232 220 
236 204 
236 204 
236 264 
236 208 
240 212 
232 232 
400 240 
236 208 
236 236 
236 224 
236 224 
872 260 
232 212 
240 212 
236 208 
572 208 
236 208 
236 216 
232 248 
244 212 
236 228 
236 208 
236 208 
216 232 
236 420 
232 208 
240 228 
240 216 
236 208 
228 208 
236 224 
272 208 
212 208 
240 728 
236 236 
240 208 
236 232 
236 216 
236 232 
236 204 
240 208 
220 208 
236 212 
236 212 
240 208 
232 204 
236 232 
244 212 
232 208 
232 232 
240 208 
232 224 
236 208 
244 212 
240 212 
240 208 
240 240 
244 212 
228 208 
236 236 
248 212 
232 212 
240 296 
232 260 
232 212 
240 260 
236 212 
236 208 
236 228 
232 204 
240 212 
236 232 
232 212 
236 340 
232 212 
240 208 
228 212 
232 208 
232 212 
236 216 
236 220 
240 216 
236 212 
236 212 
232 212 
232 208 
240 208 
236 256 
232 212 
232 208 
236 424 
240 236 
232 248 
232 216 
228 212 
972 216 
252 212 
236 208 
232 208 
236 232 
236 252 
424 204 
264 208 
244 216 
236 244 
232 208 
232 208 
240 236 
236 212 
232 204 
660 212 
236 232 
324 220 
236 208 
236 212 
232 220 
232 208 
228 208 
220 236 
236 424 
232 216 
240 216 
236 208 
232 236 
236 208 
232 208 
236 216 
228 212 
236 696 
236 208 
232 232 
236 220 
240 224 
232 208 
240 212 
236 236 
224 236 
232 248 
228 204 
232 208 
240 260 
232 208 
236 216 
232 220 
232 212 
232 208 
264 212 
232 212 
240 208 
236 244 
256 240 
236 252 
236 212 
240 208 
232 208 
232 208 
240 212 
236 236 
232 212 
236 212 
248 208 
240 204 
232 208 
228 208 
240 208 
232 224 
236 208 
228 208 
232 216 
228 208 
240 216 
232 224 
256 208 
232 212 
240 220 
236 232 
236 240 
232 208 
236 208 
876 228 
240 236 
264 208 
236 208 
236 212 
260 212 
48 80 
240 208 
224 224 
236 220 
236 220 
232 212 
236 212 
232 208 
248 208 
236 216 
240 208 
436 212 
240 244 
272 204 
236 224 
236 236 
232 208 
232 232 
232 232 
236 212 
680 208 
236 204 
240 204 
232 212 
244 212 
232 208 
48 44 
444 220 
208 212 
228 524 
236 232 
228 212 
228 224 
240 212 
232 208 
232 220 
236 228 
212 216 
236 208 
236 236 
232 216 
240 236 
232 212 
232 252 
228 264 
236 208 
236 216 
236 216 
232 212 
232 208 
240 212 
236 208 
240 208 
228 208 
228 44 
240 268 
240 212 
236 208 
232 208 
240 208 
236 256 
328 236 
236 216 
228 208 
236 280 
228 208 
236 236 
236 236 
236 260 
236 256 
232 212 
240 212 
236 244 
240 208 
232 232 
256 208 
240 204 
236 216 
828 212 
240 208 
232 212 
240 208 
236 204 
240 288 
232 208 
232 204 
240 232 
240 204 
232 212 
232 204 
236 212 
240 204 
236 216 
240 232 
232 212 
236 228 
232 204 
236 216 
232 208 
236 240 
236 232 
244 208 
232 204 
236 208 
236 232 
232 232 
448 212 
240 236 
232 208 
240 212 
236 228 
236 208 
240 236 
240 212 
236 208 
688 208 
228 216 
240 216 
232 208 
232 208 
232 208 
240 208 
244 208 
212 204 
232 552 
236 208 
236 216 
232 212 
232 212 
248 208 
232 212 
236 208 
208 208 
232 208 
240 216 
232 260 
252 208 
236 208 
236 212 
236 208 
236 248 
228 204 
240 208 
232 236 
236 208 
304 212 
232 252 
232 208 
232 212 
232 212 
240 216 
240 236 
228 208 
232 208 
268 216 
236 216 
232 208 
236 224 
236 212 
236 232 
252 216 
240 204 
236 208 
232 208 
236 236 
240 208 
240 212 
232 216 
232 212 
240 216 
236 224 
232 208 
232 208 
236 224 
232 208 
228 212 
244 208 
232 216 
284 216 
248 212 
228 212 
236 208 
228 208 
228 208 
232 212 
236 208 
232 208 
232 208 
232 220 
236 216 
244 204 
232 208 
236 212 
232 212 
232 208 
236 204 
232 208 
232 228 
228 208 
236 208 
236 224 
472 232 
228 208 
240 236 
232 208 
236 236 
240 268 
240 212 
232 212 
236 216 
712 208 
236 212 
236 232 
268 208 
228 204 
236 208 
240 216 
240 208 
212 220 
232 556 
236 208 
244 220 
228 212 
240 208 
236 232 
276 216 
232 220 
212 228 
240 204 
576 212 
232 216 
236 220 
276 208 
232 208 
232 232 
240 272 
232 212 
240 208 
228 232 
232 216 
240 216 
232 208 
240 212 
240 216 
240 232 
236 212 
232 208 
240 208 
236 232 
236 212 
236 228 
236 208 
232 208 
236 204 
232 220 
232 232 
232 216 
228 208 
244 208 
236 216 
236 216 
232 208 
232 208 
236 220 
236 248 
232 212 
248 208 
232 212 
236 216 
240 236 
236 220 
244 212 
232 208 
236 224 
232 216 
236 204 
232 212 
240 208 
240 232 
228 212 
244 208 
236 212 
232 208 
232 236 
252 208 
232 208 
236 208 
268 256 
236 204 
236 260 
236 216 
232 252 
232 44 
48 64 
232 204 
280 208 
240 232 
232 208 
236 208 
232 208 
228 208 
240 208 
232 216 
232 212 
236 232 
240 352 
232 212 
276 216 
232 208 
236 232 
236 208 
232 208 
236 208 
552 212 
236 524 
236 204 
228 208 
240 204 
236 216 
48 44 
240 228 
236 208 
216 216 
236 208 
232 208 
236 208 
240 212 
236 212 
240 220 
236 244 
240 212 
240 220 
240 236 
236 224 
232 208 
236 216 
236 236 
236 212 
236 212 
240 44 
232 208 
236 212 
232 208 
264 212 
236 212 
232 208 
292 204 
240 216 
240 260 
236 208 
232 216 
240 212 
232 208 
240 204 
236 232 
228 212 
228 204 
244 204 
232 208 
240 208 
236 248 
232 212 
232 208 
232 212 
228 208 
236 212 
236 208 
236 236 
232 228 
236 204 
236 260 
236 236 
236 204 
240 208 
236 236 
236 216 
236 212 
232 208 
240 232 
232 208 
232 228 
232 212 
276 208 
236 232 
232 252 
232 212 
236 212 
232 208 
236 232 
232 212 
252 212 
516 212 
236 232 
236 204 
228 208 
232 208 
1172 236 
232 216 
236 236 
236 236 
236 376 
240 236 
232 240 
236 212 
236 212 
236 232 
236 236 
236 236 
212 228 
236 600 
232 212 
232 208 
236 204 
228 212 
308 204 
236 232 
232 216 
216 216 
236 240 
232 212 
232 208 
236 220 
232 212 
228 204 
232 208 
236 204 
236 232 
232 240 
232 208 
228 208 
240 968 
236 220 
240 212 
244 232 
232 212 
232 204 
240 208 
236 208 
236 216 
364 216 
232 208 
236 232 
236 264 
232 252 
232 228 
232 212 
236 208 
240 212 
236 212 
236 204 
232 212 
228 216 
232 216 
232 208 
236 232 
228 212 
232 208 
244 208 
236 216 
236 216 
236 228 
236 244 
232 208 
228 204 
232 216 
232 208 
240 224 
236 208 
236 216 
232 244 
240 228 
236 208 
232 208 
232 208 
240 260 
240 208 
356 208 
296 208 
236 208 
240 208 
236 232 
240 208 
236 216 
236 208 
240 212 
228 224 
532 212 
236 232 
240 208 
232 228 
240 244 
236 208 
232 208 
236 216 
252 208 
232 392 
228 208 
236 212 
232 228 
232 204 
232 216 
244 232 
240 232 
212 244 
236 632 
232 208 
232 212 
256 216 
232 216 
240 204 
236 232 
232 216 
224 212 
240 236 
232 1012 
236 208 
232 208 
236 212 
232 208 
228 212 
228 208 
236 248 
240 236 
236 212 
228 208 
240 208 
236 232 
240 208 
232 212 
236 232 
236 212 
236 204 
244 212 
232 204 
268 208 
236 212 
236 208 
236 208 
232 216 
240 264 
232 232 
232 212 
232 208 
236 216 
236 212 
236 232 
240 236 
240 248 
232 208 
236 232 
236 212 
232 212 
236 208 
236 204 
232 208 
236 212 
228 212 
232 208 
236 228 
268 212 
236 212 
232 208 
240 212 
236 236 
240 208 
48 148 
236 260 
228 208 
236 208 
232 208 
240 208 
240 224 
288 212 
244 232 
248 208 
240 212 
236 252 
240 208 
232 216 
232 208 
228 208 
592 212 
232 232 
236 268 
232 212 
236 232 
232 216 
240 208 
236 232 
236 208 
236 384 
232 220 
240 212 
240 208 
232 212 
240 208 
48 44 
240 232 
212 952 
232 632 
236 208 
236 260 
240 260 
232 228 
228 212 
240 216 
236 216 
216 212 
236 208 
240 212 
240 236 
236 208 
236 224 
288 208 
232 208 
228 212 
236 208 
264 212 
244 232 
236 192 
236 204 
236 224 
236 208 
236 204 
232 208 
236 44 
232 212 
236 232 
232 228 
236 228 
240 256 
232 212 
272 212 
232 204 
260 208 
236 216 
236 232 
236 212 
228 208 
236 204 
240 216 
236 212 
236 232 
236 228 
232 208 
232 208 
240 204 
232 208 
236 232 
236 228 
228 216 
232 216 
240 212 
232 208 
292 208 
236 212 
232 208 
232 204 
232 236 
240 236 
240 236 
236 212 
228 208 
236 232 
240 208 
924 232 
232 208 
352 212 
236 236 
260 208 
236 208 
236 208 
232 208 
232 216 
228 208 
236 216 
456 212 
232 208 
236 212 
236 248 
244 212 
236 208 
232 888 
240 224 
236 208 
260 336 
240 216 
240 264 
232 232 
232 212 
232 216 
240 204 
236 224 
220 212 
248 640 
228 252 
232 208 
65535 232 
0 0 
0 0 
0 0 
0 0 
0 0 
0 0 
0 0 
0 0 
0 0 
0 0 
0 0 
0 0 
0 0 
0 0 
0 0 
0 0 
0 0 
0 0 
0 0 
0 0 
0 0 
0 0 
0 0 
0 0 
0 0 
0 0 
0 0 
0 0 
0 0 
0 0 
0 0 
0 0 
0 0 
0 0 
0 0 
0 0 
0 0 
0 0 
0 0 
0 0 
0 0 
0 0 
0 0 
0 0 
0 0 
0 0 
0 0 
0 0 
0 0 
0 0 
0 0 
0 0 
0 0 
0 0 
0 0 
0 0 
0 0 
0 0 
0 0 
0 0 
0 0 
0 0 
0 0 
0 0 
0 0 
0 0 
0 0 
0 0 
0 0 
0 0 
0 0 
0 0 
0 0 
0 0 
0 0 
0 0 
0 0 
0 0 
0 0 
0 0 
0 0 
0 0 
0 0 
0 0 
0 0 
0 0 
0 0 
0 0 
0 0 
0 0 
0 0 
0 0 
0 0 
0 0 
0 0 
0 0 
0 0 
0 0 
0 0 
0 0 
0 0 
0 0 
0 0 
0 0 
0 0 
0 0 
0 0 
0 0 
0 0 
0 0 
0 0 
0 0 
0 0 
0 0 
0 0 
0 0 
0 0 
0 0 
0 0 
0 0 
0 0 
0 0 
0 0 
0 0 
0 0 
0 0 
0 0 
0 0 
0 0 
0 0 
0 0 
0 0 
0 0 
0 0 
0 0 
0 0 
0 0 
0 0 
0 0 
0 0 
0 0 
0 0 
0 0 
0 0 
0 0 
0 0 
0 0 
0 0 
0 0 
0 0 
0 0 
0 0 
0 0 
0 0 
0 0 
0 0 
0 0 
0 0 
0 0 
0 0 
0 0 
0 0 
0 0 
0 0 
0 0 
0 0 
0 0 
0 0 
0 0 
0 0 
0 0 
0 0 
0 0 
0 0 
0 0 
0 0 
0 0 
0 0 
0 0 
0 0 
0 0 
0 0 
0 0 
0 0 
0 0 
0 0 
0 0 
0 0 
0 0 
0 0 
0 0 
0 0 
0 0 
0 0 
0 0 
0 0 
0 0 
0 0 
0 0 
0 0 
0 0 
0 0 
0 0 
0 0 
0 0 
0 0 
0 0 
0 0 
0 0 
0 0 
0 0 
0 0 
0 0 
0 0 
0 0 
0 0 
0 0 
0 0 
0 0 
0 0 
0 0 
0 0 
0 0 
0 0 
0 0 
0 0 
0 0 
0 0 
0 0 
0 0 
0 0 
0 0 
0 0 
0 0 
0 0 
0 0 
0 0 
0 0 
0 0 
0 0 
0 0 
0 0 
0 0 
0 0 
0 0 
0 0 
0 0 
0 0 
0 0 
0 0 
0 0 
0 0 
0 0 
0 0 
0 0 
0 0 
0 0 
0 0 
0 0 
0 0 
0 0 
0 0 
0 0 
0 0 
0 0 
0 0 
0 0 
0 0 
0 0 
0 0 
0 0 
0 0 
0 0 
0 0 
0 0 
0 0 
0 0 
0 0 
0 0 
0 0 
0 0 
0 0 
0 0 
0 0 
0 0 
0 0 
0 0 
0 0 
0 0 
0 0 
0 0 
0 0 
0 0 
0 0 
0 0 
0 0 
0 0 
0 0 
0 0 
0 0 
0 0 
0 0 
0 0 
0 0 
0 0 
0 0 
0 0 
0 0 
0 0 
0 0 
0 0 
0 0 
0 0 
0 0 
0 0 
0 0 
0 0 
0 0 
0 0 
0 0 
0 0 
0 0 
0 0 
0 0 
0 0 
0 0 
0 0 
232 208 
240 208 
240 212 
236 208 
236 216 
240 208 
232 208 
240 232 
240 208 
232 204 
236 232 
232 228 
232 216 
196 216 
236 236 
236 220 
228 204 
236 208 
232 208 
232 236 
244 208 
232 204 
412 216 
232 252 
232 212 
232 208 
232 208 
244 208 
232 216 
232 208 
236 248 
640 208 
236 216 
232 208 
232 264 
232 212 
236 208 
236 216 
236 232 
208 208 
236 508 
236 216 
232 212 
292 208 
232 204 
232 208 
240 220 
232 216 
208 208 
232 208 
236 212 
240 216 
236 240 
236 208 
236 216 
232 212 
232 204 
228 208 
252 212 
240 216 
240 232 
232 340 
240 220 
232 216 
236 248 
244 220 
232 212 
236 212 
228 220 
232 220 
232 208 
232 208 
236 204 
236 208 
240 208 
240 236 
232 208 
232 216 
232 248 
236 208 
236 208 
232 204 
240 208 
244 260 
240 260 
232 208 
228 212 
228 208 
236 204 
236 208 
240 220 
240 208 
240 212 
228 204 
236 208 
228 240 
240 208 
236 232 
232 244 
228 212 
232 208 
