# ./FR-trace starting at Mon Apr 20 18:54:46 2020
################# CONFIG #################
# slot=5000
# samples=10000
# threshold=100
# idle=500
# minlen=500
# runs=10000
# pdathreads=2
# nmonitored=2
#   monitor0=../apps/openssl ec2_mult.c:153 0x1e7854
#   monitor1=../apps/openssl ec2_mult.c:161 0x1e789c
# nevicted=0
# npdatargets=2
#   target0=../apps/openssl bn_gf2m.c:412 0x20bd10
#   target1=../apps/openssl bn_gf2m.c:412+64 0x20bd50
# affinity=all
############## SYSTEM INFO ###############
# mastik_version=
# sysname=Linux
# nodename=lovelace
# release=5.3.7-arch1-1-ARCH
# version=#1 SMP PREEMPT Fri Oct 18 00:17:03 UTC 2019
# machine=x86_64
################## DATA ##################
# run=852
# datapoints=10000
40 44 
228 232 
232 204 
228 212 
224 212 
236 204 
236 208 
236 208 
232 216 
240 220 
248 212 
232 208 
236 220 
240 216 
232 224 
232 240 
236 212 
232 212 
228 212 
236 216 
240 248 
236 212 
48 44 
240 220 
260 212 
236 212 
236 208 
240 212 
232 208 
232 216 
236 224 
232 256 
232 216 
240 216 
236 204 
236 208 
268 216 
240 216 
236 216 
236 236 
288 212 
232 216 
236 208 
232 224 
236 212 
232 204 
236 236 
236 212 
236 236 
232 232 
232 212 
232 216 
236 208 
232 216 
236 212 
208 212 
236 40 
236 864 
232 212 
232 216 
236 212 
236 212 
232 208 
236 240 
424 208 
228 208 
240 204 
236 224 
232 212 
232 212 
236 216 
228 212 
244 212 
740 212 
228 208 
236 208 
268 224 
228 212 
232 236 
236 208 
228 216 
216 212 
240 512 
236 212 
236 236 
232 220 
232 204 
236 220 
232 248 
248 216 
212 240 
260 896 
236 208 
228 212 
232 236 
236 236 
232 224 
236 236 
0 0 
0 0 
0 0 
0 0 
0 0 
0 0 
0 0 
0 0 
0 0 
0 0 
0 0 
0 0 
0 0 
0 0 
0 0 
0 0 
0 0 
0 0 
0 0 
0 0 
0 0 
0 0 
0 0 
0 0 
0 0 
0 0 
0 0 
0 0 
0 0 
0 0 
0 0 
0 0 
0 0 
0 0 
0 0 
0 0 
0 0 
0 0 
0 0 
0 0 
0 0 
0 0 
0 0 
0 0 
0 0 
0 0 
0 0 
0 0 
0 0 
0 0 
0 0 
0 0 
0 0 
0 0 
0 0 
0 0 
0 0 
0 0 
0 0 
0 0 
0 0 
0 0 
0 0 
0 0 
0 0 
0 0 
0 0 
0 0 
0 0 
0 0 
0 0 
0 0 
0 0 
0 0 
0 0 
0 0 
0 0 
0 0 
0 0 
0 0 
0 0 
0 0 
0 0 
0 0 
0 0 
0 0 
344 260 
212 208 
236 216 
236 240 
236 212 
228 212 
232 228 
232 212 
232 212 
232 212 
228 224 
236 268 
240 240 
236 216 
228 212 
240 212 
236 236 
232 228 
236 228 
232 212 
232 212 
240 216 
228 216 
240 236 
540 260 
232 208 
232 216 
232 208 
244 236 
236 208 
232 212 
240 336 
240 212 
500 208 
232 208 
236 208 
240 212 
232 212 
236 236 
236 232 
228 208 
236 208 
232 208 
236 256 
228 216 
232 216 
228 208 
236 220 
236 208 
236 252 
236 204 
232 216 
232 208 
236 216 
236 236 
228 212 
232 212 
232 212 
236 208 
240 208 
240 216 
224 220 
236 208 
236 236 
236 256 
232 244 
236 208 
236 212 
232 212 
236 212 
472 212 
232 216 
236 212 
232 236 
232 236 
236 216 
228 212 
260 220 
248 216 
728 236 
232 216 
228 204 
236 208 
236 220 
236 244 
236 220 
232 212 
208 204 
236 552 
236 208 
232 212 
236 208 
236 216 
240 236 
240 212 
232 216 
208 212 
236 448 
232 208 
236 220 
232 212 
228 212 
228 212 
236 236 
236 220 
236 212 
236 256 
48 116 
840 216 
228 208 
240 240 
236 236 
232 208 
232 212 
240 208 
236 220 
232 212 
236 212 
232 212 
228 212 
236 212 
236 224 
232 208 
236 236 
228 212 
228 216 
236 212 
232 216 
232 216 
236 212 
236 236 
240 232 
236 216 
240 232 
236 208 
232 208 
48 48 
236 264 
240 248 
236 216 
232 220 
228 236 
232 212 
228 208 
232 236 
232 216 
236 236 
240 216 
240 216 
236 240 
236 204 
232 224 
240 232 
232 216 
232 212 
232 212 
268 216 
236 252 
228 208 
236 224 
236 208 
232 212 
236 220 
244 236 
240 208 
496 48 
236 208 
236 268 
236 208 
256 216 
240 212 
232 212 
232 212 
232 220 
740 216 
232 208 
232 220 
228 212 
236 232 
232 216 
228 208 
240 212 
216 232 
236 596 
236 208 
232 212 
232 216 
232 220 
240 220 
232 204 
232 216 
216 212 
392 200 
240 232 
240 220 
236 236 
256 212 
240 224 
232 216 
236 220 
232 208 
236 216 
236 244 
232 224 
232 216 
248 212 
232 216 
228 216 
236 216 
236 224 
244 212 
232 212 
328 224 
232 208 
240 212 
236 240 
236 268 
228 212 
236 208 
256 220 
232 236 
236 216 
232 236 
236 236 
236 236 
236 260 
564 224 
236 216 
236 272 
232 212 
240 224 
232 212 
232 212 
240 236 
236 212 
236 252 
228 212 
240 212 
236 216 
236 204 
236 208 
236 240 
252 208 
232 208 
232 212 
232 220 
236 212 
240 216 
240 212 
236 208 
236 208 
268 272 
240 232 
240 216 
236 244 
228 264 
240 204 
236 212 
232 216 
236 212 
504 216 
228 236 
232 212 
228 208 
232 216 
232 216 
240 240 
236 236 
240 212 
744 228 
236 236 
236 232 
232 212 
236 208 
236 212 
240 216 
236 216 
212 220 
228 644 
232 212 
236 204 
232 216 
236 212 
240 224 
232 220 
240 212 
212 212 
236 208 
232 212 
240 208 
236 236 
236 252 
232 204 
232 208 
232 208 
236 220 
240 212 
224 212 
236 208 
240 212 
240 232 
236 232 
236 208 
232 224 
236 224 
232 212 
236 212 
236 236 
232 212 
232 216 
568 232 
232 212 
236 212 
228 212 
236 228 
236 208 
236 268 
236 208 
240 216 
224 212 
232 208 
228 220 
232 212 
232 208 
232 228 
232 212 
244 208 
232 224 
240 216 
244 212 
236 236 
232 212 
240 240 
256 224 
232 212 
236 216 
228 216 
232 216 
236 216 
308 208 
236 240 
236 252 
240 212 
544 212 
236 212 
240 236 
264 216 
232 236 
236 212 
236 212 
236 208 
236 220 
232 236 
236 212 
236 304 
544 216 
232 216 
236 208 
236 220 
236 208 
236 216 
232 216 
232 208 
236 216 
736 216 
228 220 
236 212 
232 212 
236 216 
244 220 
236 220 
232 208 
212 212 
228 660 
228 212 
236 240 
240 272 
236 204 
228 216 
236 216 
236 256 
212 232 
236 244 
232 208 
232 216 
224 212 
240 220 
240 236 
236 220 
252 208 
232 208 
232 204 
236 212 
236 328 
236 216 
244 216 
232 212 
236 216 
232 212 
236 216 
240 268 
236 244 
236 216 
232 208 
236 212 
236 220 
236 212 
224 212 
232 208 
232 204 
240 212 
356 208 
236 212 
256 212 
232 208 
236 224 
236 212 
240 216 
236 208 
236 216 
232 212 
232 212 
236 308 
236 216 
232 212 
48 44 
236 220 
348 216 
236 220 
244 236 
232 244 
228 248 
232 208 
236 212 
232 216 
236 212 
240 216 
236 204 
228 208 
240 208 
236 236 
320 224 
236 212 
236 256 
240 252 
236 216 
228 212 
232 208 
236 212 
236 212 
540 240 
348 216 
236 232 
236 212 
240 212 
40 48 
236 228 
228 212 
236 232 
228 396 
236 224 
328 220 
240 216 
236 236 
228 212 
232 216 
240 216 
216 212 
240 652 
232 212 
236 256 
232 228 
236 216 
232 208 
236 212 
236 216 
212 216 
236 216 
236 268 
236 236 
228 212 
232 220 
236 216 
236 232 
236 212 
228 220 
228 48 
232 236 
232 228 
240 212 
236 212 
236 236 
236 236 
240 236 
236 220 
232 268 
236 212 
268 212 
228 204 
232 212 
232 212 
236 232 
236 260 
236 212 
228 212 
236 212 
240 216 
240 236 
232 236 
232 208 
232 216 
236 208 
232 212 
236 220 
232 204 
232 208 
232 220 
240 236 
228 212 
236 212 
252 212 
240 216 
236 220 
236 220 
232 232 
236 236 
236 248 
236 224 
236 208 
228 212 
240 216 
236 260 
232 212 
236 212 
236 216 
236 212 
328 216 
232 216 
232 212 
240 212 
240 212 
232 220 
232 220 
232 216 
232 208 
196 216 
240 208 
248 216 
236 232 
236 236 
236 216 
236 216 
236 228 
308 216 
232 424 
232 216 
232 216 
232 220 
232 248 
240 212 
236 208 
232 240 
208 208 
232 660 
232 208 
232 216 
232 212 
240 232 
236 236 
232 216 
228 208 
216 216 
228 232 
244 212 
232 212 
228 208 
232 216 
236 212 
236 224 
236 212 
232 212 
232 220 
236 208 
236 236 
236 208 
232 208 
232 212 
236 208 
232 208 
236 232 
236 212 
236 204 
236 236 
236 212 
236 212 
232 216 
232 208 
236 208 
232 264 
236 204 
232 212 
232 216 
228 212 
232 212 
236 208 
232 204 
236 212 
252 212 
232 212 
228 208 
232 208 
240 212 
232 252 
236 212 
232 216 
228 216 
236 232 
240 216 
256 212 
320 216 
236 212 
236 208 
240 208 
240 220 
232 208 
232 208 
236 208 
244 232 
872 248 
236 208 
232 212 
360 236 
228 216 
236 212 
240 272 
236 236 
232 208 
232 208 
236 216 
364 216 
588 212 
236 236 
232 212 
232 212 
356 212 
228 208 
236 224 
236 248 
212 208 
240 452 
236 216 
236 232 
232 240 
236 212 
232 272 
232 212 
232 212 
212 220 
232 696 
236 220 
236 236 
228 216 
232 208 
240 212 
236 216 
228 212 
212 236 
232 212 
236 236 
232 204 
236 212 
236 236 
232 212 
236 216 
232 208 
232 208 
236 220 
232 212 
232 208 
236 1176 
236 236 
228 212 
236 208 
232 240 
236 252 
236 212 
232 208 
232 208 
236 212 
236 236 
232 244 
232 212 
240 212 
228 256 
232 212 
236 236 
232 252 
232 232 
232 208 
232 216 
236 212 
236 216 
232 212 
232 212 
232 208 
244 212 
240 240 
236 252 
248 216 
236 212 
232 212 
232 216 
232 952 
236 216 
236 216 
244 212 
232 212 
236 212 
232 232 
236 236 
228 208 
232 224 
240 216 
236 260 
236 208 
236 240 
408 236 
240 208 
236 216 
236 208 
236 208 
236 220 
236 232 
236 212 
232 212 
636 236 
232 220 
236 216 
232 212 
232 232 
232 212 
244 216 
236 212 
204 232 
236 464 
456 212 
236 212 
236 232 
244 240 
232 208 
236 216 
48 44 
212 212 
236 712 
232 204 
232 212 
236 252 
236 268 
280 224 
232 208 
236 208 
212 208 
232 216 
240 216 
236 236 
240 240 
236 216 
232 208 
232 212 
236 216 
232 208 
324 208 
232 212 
232 204 
232 248 
232 216 
228 216 
232 212 
236 212 
232 220 
240 208 
240 212 
48 48 
236 252 
240 244 
228 216 
232 212 
228 208 
248 212 
232 236 
240 212 
232 212 
228 212 
348 208 
236 236 
236 248 
1048 216 
236 224 
240 220 
232 212 
236 204 
232 220 
236 216 
232 208 
236 212 
236 216 
236 268 
228 244 
268 212 
228 40 
236 212 
236 236 
232 212 
232 208 
240 212 
236 240 
244 236 
236 260 
276 208 
236 236 
236 204 
400 212 
236 216 
236 212 
236 212 
232 236 
232 240 
236 236 
232 216 
236 232 
1564 228 
236 212 
232 208 
232 212 
232 208 
232 212 
232 244 
232 208 
212 208 
232 500 
236 236 
228 212 
236 216 
232 240 
232 220 
232 208 
232 216 
216 256 
232 544 
240 236 
236 212 
236 256 
232 216 
236 228 
236 232 
228 216 
212 208 
236 240 
232 224 
232 212 
232 208 
236 212 
236 248 
364 212 
236 220 
236 240 
252 212 
232 212 
236 212 
240 236 
232 212 
240 252 
232 212 
236 220 
240 212 
232 204 
236 212 
236 216 
232 208 
236 208 
1228 236 
232 208 
240 232 
232 220 
240 236 
244 212 
232 264 
232 212 
240 212 
236 212 
228 212 
236 224 
232 240 
232 212 
232 208 
236 208 
232 236 
212 212 
344 212 
236 216 
232 216 
236 208 
232 248 
236 240 
236 208 
236 212 
236 208 
220 220 
236 212 
236 236 
232 228 
240 212 
232 216 
240 220 
1068 204 
236 208 
556 216 
244 208 
228 212 
228 216 
232 212 
240 220 
268 216 
228 212 
232 240 
672 220 
240 236 
232 236 
240 212 
240 220 
232 212 
232 212 
236 208 
216 236 
228 528 
228 224 
232 208 
236 216 
236 204 
236 208 
240 204 
228 236 
212 240 
248 680 
236 244 
236 216 
236 212 
572 236 
232 208 
232 208 
236 212 
212 228 
264 212 
228 212 
236 252 
236 240 
240 208 
228 212 
236 212 
236 232 
236 260 
232 216 
232 212 
236 208 
240 216 
236 216 
236 212 
228 208 
236 220 
240 236 
236 240 
228 216 
376 212 
236 212 
236 212 
240 216 
284 232 
236 208 
232 212 
236 216 
232 208 
236 212 
236 216 
236 260 
236 212 
236 216 
228 208 
244 212 
236 236 
236 208 
244 208 
236 208 
232 212 
232 212 
232 216 
236 216 
232 212 
240 216 
228 216 
232 212 
236 212 
236 212 
220 212 
236 212 
236 216 
228 236 
232 212 
232 232 
236 268 
232 268 
248 228 
436 256 
232 212 
236 216 
236 220 
228 216 
240 220 
236 232 
236 208 
248 216 
696 240 
236 268 
240 228 
232 212 
652 212 
236 208 
236 236 
236 236 
216 220 
236 524 
232 216 
708 236 
236 236 
236 204 
236 208 
236 212 
240 272 
208 212 
236 232 
236 236 
236 236 
236 236 
252 232 
232 204 
228 204 
236 204 
216 232 
236 264 
236 212 
236 216 
244 224 
236 208 
236 232 
236 248 
240 216 
232 212 
240 216 
236 240 
232 248 
236 228 
232 224 
232 208 
232 212 
236 208 
232 232 
236 216 
244 224 
48 44 
240 216 
232 240 
256 216 
232 216 
232 264 
236 212 
236 236 
232 212 
236 236 
232 208 
232 224 
232 208 
236 228 
236 232 
232 240 
232 212 
240 212 
232 212 
232 208 
232 212 
248 212 
244 216 
236 236 
236 244 
236 232 
232 224 
240 220 
232 104 
44 48 
212 208 
232 216 
236 220 
236 232 
240 212 
232 208 
232 212 
240 208 
236 216 
456 212 
236 212 
236 220 
236 264 
236 252 
240 204 
236 208 
236 216 
236 208 
648 228 
236 224 
228 216 
236 208 
240 240 
244 212 
236 208 
240 208 
216 216 
236 520 
236 208 
232 208 
236 220 
236 212 
232 216 
236 212 
236 212 
212 208 
236 212 
232 216 
236 204 
232 216 
236 204 
236 208 
240 216 
232 208 
252 220 
236 252 
236 240 
236 208 
236 212 
228 236 
232 212 
240 216 
588 216 
232 216 
240 236 
232 212 
236 208 
232 232 
232 240 
236 232 
272 212 
236 212 
236 236 
392 208 
240 208 
236 248 
228 224 
232 264 
228 208 
232 204 
240 212 
236 204 
228 212 
228 208 
236 216 
228 208 
236 212 
236 212 
232 208 
240 212 
236 224 
236 236 
232 236 
236 208 
264 272 
236 216 
380 212 
236 212 
232 204 
232 212 
236 216 
232 216 
232 216 
236 212 
232 212 
244 216 
236 316 
232 216 
232 216 
256 212 
228 212 
232 216 
236 208 
236 216 
464 228 
240 212 
232 212 
232 224 
236 212 
232 228 
224 212 
232 212 
236 212 
728 344 
240 236 
236 260 
228 216 
232 216 
236 208 
228 204 
232 216 
216 208 
236 556 
228 212 
244 204 
228 208 
260 212 
240 248 
232 208 
236 208 
212 212 
232 208 
232 212 
236 208 
236 212 
232 220 
460 208 
240 220 
228 216 
232 224 
244 212 
236 240 
232 208 
232 232 
232 216 
232 212 
232 236 
232 236 
232 276 
236 208 
236 216 
232 216 
236 212 
228 212 
232 220 
236 212 
236 224 
236 208 
232 212 
240 236 
232 216 
236 208 
236 208 
232 212 
236 208 
240 208 
232 216 
236 212 
236 216 
436 216 
232 216 
328 212 
236 212 
236 212 
236 212 
256 212 
236 204 
232 236 
232 216 
240 240 
232 216 
232 264 
236 212 
228 212 
236 212 
232 220 
232 220 
236 212 
236 216 
232 208 
264 236 
232 208 
236 216 
236 216 
232 216 
232 216 
232 212 
236 220 
232 204 
512 212 
236 312 
232 264 
328 216 
236 208 
232 208 
232 208 
240 212 
236 240 
724 212 
276 208 
232 208 
236 208 
236 232 
236 268 
232 248 
268 212 
212 208 
236 568 
236 204 
232 1268 
236 212 
232 212 
232 236 
244 240 
228 212 
220 212 
236 264 
232 208 
240 216 
232 268 
240 260 
228 212 
232 208 
228 216 
232 212 
228 228 
236 208 
232 212 
236 208 
236 296 
232 264 
232 208 
240 208 
236 208 
236 216 
232 220 
236 264 
232 212 
232 204 
236 216 
236 240 
236 224 
244 208 
464 212 
232 216 
236 212 
240 208 
236 208 
240 236 
232 212 
236 216 
240 232 
236 216 
236 212 
236 208 
232 208 
232 256 
232 256 
228 212 
236 212 
236 236 
232 264 
236 212 
232 216 
228 256 
232 236 
236 216 
232 256 
240 208 
236 208 
236 236 
236 204 
232 212 
356 344 
236 232 
272 212 
228 216 
332 212 
228 212 
240 208 
240 236 
236 228 
232 224 
44 240 
512 264 
236 208 
236 236 
236 212 
228 220 
232 212 
236 236 
236 236 
232 212 
236 1312 
236 212 
240 236 
236 240 
232 216 
236 208 
236 212 
280 208 
216 216 
236 512 
232 212 
236 216 
232 232 
232 208 
232 204 
236 212 
68 48 
216 224 
232 212 
232 212 
236 212 
240 236 
236 228 
228 212 
236 208 
236 216 
232 228 
236 236 
232 212 
264 216 
228 208 
232 212 
236 216 
232 220 
324 208 
232 208 
232 216 
236 232 
236 208 
240 212 
232 208 
236 224 
236 236 
232 212 
236 68 
236 204 
236 212 
236 216 
236 216 
228 212 
232 208 
232 216 
240 240 
236 240 
228 232 
236 212 
240 212 
236 216 
236 212 
236 220 
236 216 
228 220 
232 212 
232 220 
228 212 
248 212 
236 212 
228 212 
240 212 
236 212 
228 236 
228 212 
228 252 
236 208 
236 208 
232 212 
232 216 
312 236 
232 224 
240 256 
232 212 
232 208 
236 212 
240 232 
236 448 
236 220 
548 212 
244 236 
228 212 
236 256 
260 216 
236 216 
236 228 
232 204 
236 208 
232 376 
236 216 
236 212 
240 228 
292 220 
232 216 
236 236 
232 236 
216 264 
232 628 
228 228 
236 208 
232 236 
236 264 
236 220 
232 216 
236 212 
212 216 
232 216 
228 208 
232 208 
236 216 
236 244 
236 320 
236 236 
236 252 
244 216 
236 208 
228 228 
232 212 
240 212 
236 212 
228 212 
236 236 
232 220 
228 212 
236 212 
236 212 
236 212 
232 208 
236 216 
228 216 
232 212 
228 212 
232 212 
240 216 
236 212 
236 208 
248 208 
236 216 
236 220 
236 268 
236 240 
236 220 
236 208 
240 216 
808 232 
232 212 
236 220 
236 216 
236 216 
244 204 
236 216 
236 232 
236 332 
240 212 
232 212 
596 216 
236 208 
236 216 
236 244 
236 208 
236 220 
240 212 
232 208 
236 212 
236 208 
312 208 
232 216 
236 208 
232 220 
236 240 
264 216 
232 256 
236 212 
232 216 
556 212 
236 236 
232 216 
232 208 
240 204 
228 208 
236 208 
236 220 
236 204 
236 428 
236 208 
364 220 
232 224 
232 240 
380 208 
228 212 
232 212 
212 216 
236 648 
236 256 
240 216 
256 948 
244 240 
232 216 
228 212 
236 208 
208 208 
232 220 
236 204 
228 212 
236 224 
236 216 
248 212 
240 212 
236 212 
232 216 
232 208 
232 216 
236 212 
236 232 
232 244 
236 208 
240 212 
232 216 
232 260 
264 220 
236 212 
236 212 
236 212 
236 236 
244 212 
236 208 
232 208 
232 212 
352 856 
240 264 
232 240 
236 228 
240 236 
256 208 
232 236 
236 236 
252 208 
236 220 
236 216 
236 220 
236 212 
236 236 
232 212 
236 220 
236 212 
228 212 
228 208 
240 228 
236 236 
232 216 
332 232 
236 212 
232 212 
236 212 
236 236 
236 212 
228 216 
236 212 
236 208 
240 212 
340 212 
232 232 
240 216 
240 208 
236 232 
232 204 
236 220 
240 208 
236 256 
548 216 
236 232 
248 208 
232 204 
232 212 
232 216 
236 232 
232 208 
228 212 
280 348 
240 224 
236 268 
268 208 
232 212 
232 208 
236 216 
240 224 
212 236 
236 660 
236 216 
236 212 
236 272 
232 252 
232 208 
236 212 
240 212 
208 208 
232 208 
232 216 
232 212 
240 208 
240 236 
236 236 
232 212 
236 212 
236 212 
232 212 
44 44 
236 212 
232 204 
236 248 
236 236 
248 208 
1048 252 
240 232 
232 212 
236 208 
232 212 
236 208 
232 228 
232 208 
232 212 
236 224 
236 232 
240 236 
228 216 
236 208 
240 216 
236 208 
236 208 
232 212 
240 204 
236 216 
232 264 
228 208 
232 220 
236 216 
48 48 
240 236 
244 240 
232 212 
232 212 
232 212 
232 216 
236 236 
240 236 
240 220 
976 220 
236 236 
236 240 
236 216 
240 208 
240 236 
228 208 
240 208 
292 212 
364 216 
236 208 
236 224 
232 236 
236 228 
236 220 
240 268 
236 216 
228 212 
592 232 
232 212 
232 216 
232 212 
232 208 
232 212 
236 220 
240 212 
220 236 
236 404 
236 220 
232 216 
232 216 
240 208 
244 216 
236 232 
236 212 
216 236 
232 676 
232 208 
232 212 
236 212 
236 240 
236 208 
236 236 
232 212 
220 224 
232 208 
240 220 
236 236 
236 236 
236 236 
988 228 
232 216 
232 216 
232 240 
236 212 
236 208 
240 216 
244 208 
232 204 
236 216 
240 208 
236 264 
240 276 
232 208 
236 212 
236 232 
232 212 
232 232 
232 260 
236 208 
236 212 
236 208 
228 224 
324 212 
236 216 
236 236 
232 252 
228 212 
232 212 
236 212 
236 208 
232 208 
240 216 
236 264 
936 216 
228 216 
232 216 
236 268 
236 208 
232 17988 
0 0 
0 0 
0 0 
244 228 
192 232 
336 192 
324 196 
228 228 
204 220 
232 232 
232 232 
232 228 
228 232 
232 208 
512 236 
232 236 
228 232 
260 212 
232 228 
232 228 
192 192 
240 196 
188 188 
636 232 
232 232 
220 232 
236 232 
388 196 
228 228 
232 228 
228 232 
232 208 
232 632 
188 220 
220 208 
196 192 
212 228 
212 236 
208 232 
228 232 
228 232 
228 728 
232 232 
192 196 
232 208 
208 232 
232 228 
204 236 
232 232 
224 212 
228 232 
228 236 
236 212 
236 208 
236 216 
188 232 
236 208 
232 220 
232 260 
232 216 
232 240 
232 212 
236 216 
236 212 
232 212 
236 212 
236 212 
232 224 
236 236 
232 212 
228 224 
232 208 
232 208 
228 212 
232 212 
236 216 
236 252 
236 232 
232 208 
240 212 
232 232 
236 240 
236 208 
232 232 
236 212 
232 220 
240 212 
228 212 
228 216 
252 252 
236 208 
232 216 
236 208 
236 240 
240 216 
236 236 
232 212 
232 208 
240 216 
228 208 
240 208 
300 208 
236 212 
228 208 
236 248 
232 204 
232 208 
236 220 
232 236 
404 208 
236 212 
732 216 
236 212 
232 208 
236 212 
240 204 
232 208 
236 212 
648 228 
236 256 
232 220 
240 224 
232 224 
236 236 
236 220 
236 240 
208 216 
232 508 
240 236 
232 216 
232 212 
232 212 
236 216 
236 264 
348 212 
212 212 
232 720 
228 212 
236 212 
236 240 
236 220 
236 224 
232 212 
236 216 
204 248 
236 220 
232 212 
232 204 
240 216 
232 216 
228 212 
228 212 
240 240 
236 236 
232 212 
236 216 
240 236 
236 212 
260 208 
232 216 
240 220 
228 216 
232 208 
236 240 
232 208 
240 220 
232 216 
232 204 
236 220 
228 212 
228 212 
232 212 
348 212 
236 216 
232 236 
228 212 
240 208 
232 212 
236 224 
232 212 
232 212 
228 208 
236 240 
232 260 
244 204 
236 212 
240 216 
236 208 
232 212 
240 216 
236 240 
236 240 
236 216 
236 232 
240 216 
656 208 
232 216 
232 212 
236 216 
236 208 
236 216 
240 284 
236 220 
236 204 
428 216 
224 216 
236 236 
232 272 
236 208 
236 208 
240 224 
232 220 
232 212 
668 212 
236 208 
236 216 
240 216 
236 212 
232 236 
236 216 
232 236 
232 208 
236 508 
232 256 
232 216 
232 212 
232 216 
236 216 
268 220 
444 208 
248 280 
232 744 
228 216 
236 216 
228 208 
232 224 
240 216 
44 52 
236 216 
216 208 
232 212 
232 208 
236 208 
236 216 
232 244 
276 248 
240 212 
236 220 
264 212 
232 208 
236 216 
240 240 
240 260 
240 232 
228 228 
232 212 
236 224 
236 212 
236 216 
236 236 
236 240 
240 216 
260 208 
252 244 
236 208 
44 48 
228 208 
236 208 
240 204 
232 220 
236 208 
240 240 
236 248 
232 260 
268 248 
228 208 
232 212 
232 212 
232 212 
236 208 
320 212 
236 216 
236 220 
236 240 
236 232 
236 212 
236 216 
228 216 
232 208 
232 208 
220 212 
232 256 
236 224 
228 212 
264 48 
228 208 
232 212 
240 236 
232 208 
456 240 
232 212 
232 212 
244 216 
232 216 
236 216 
236 264 
236 204 
232 212 
668 216 
236 216 
228 216 
232 212 
236 220 
572 216 
232 212 
236 216 
212 212 
236 480 
236 232 
236 208 
244 220 
236 236 
236 236 
236 252 
228 208 
292 276 
240 748 
232 256 
236 212 
228 212 
240 236 
240 216 
280 208 
236 208 
240 224 
240 240 
300 224 
228 212 
232 208 
236 212 
232 232 
236 216 
232 212 
236 236 
236 212 
228 208 
208 224 
232 212 
240 240 
232 212 
240 240 
232 212 
228 212 
232 220 
236 208 
232 212 
236 216 
236 236 
232 220 
240 212 
232 212 
228 212 
228 216 
236 212 
232 212 
232 204 
236 212 
232 216 
232 208 
284 220 
236 212 
236 236 
240 224 
244 208 
244 212 
236 236 
240 232 
244 220 
232 212 
236 212 
256 212 
232 212 
232 220 
236 220 
232 236 
236 236 
236 236 
244 216 
228 212 
232 208 
240 216 
228 208 
232 208 
236 212 
460 216 
232 208 
236 964 
232 212 
228 208 
240 212 
232 220 
232 232 
236 208 
704 216 
268 216 
232 208 
232 212 
236 208 
236 220 
228 212 
236 216 
208 208 
240 548 
236 264 
236 204 
228 208 
232 280 
228 212 
228 212 
240 208 
216 208 
236 216 
232 212 
236 236 
228 236 
232 212 
236 216 
236 236 
232 212 
240 212 
212 216 
232 216 
228 212 
232 212 
236 216 
232 252 
228 220 
232 208 
256 212 
236 216 
236 212 
236 204 
232 216 
236 264 
228 224 
232 208 
236 212 
240 216 
236 208 
232 220 
232 224 
236 216 
236 224 
232 208 
232 264 
236 232 
236 216 
232 216 
232 220 
240 272 
236 216 
240 240 
236 300 
340 224 
216 212 
236 236 
232 252 
232 216 
236 216 
236 220 
240 212 
232 212 
236 232 
232 208 
228 220 
236 232 
232 240 
456 208 
236 220 
228 212 
240 1160 
236 212 
232 204 
236 208 
240 212 
236 260 
264 220 
228 216 
228 212 
464 216 
232 212 
232 208 
232 220 
240 244 
240 216 
236 224 
236 212 
232 208 
708 240 
228 212 
276 208 
236 216 
236 208 
236 212 
240 268 
236 220 
212 216 
232 508 
236 208 
236 208 
232 236 
228 212 
240 208 
236 220 
236 216 
216 236 
232 208 
232 208 
240 212 
236 216 
228 212 
232 252 
232 308 
232 216 
236 216 
236 216 
236 260 
236 236 
232 212 
232 216 
232 212 
228 212 
232 220 
232 208 
236 212 
236 212 
236 220 
236 208 
236 236 
232 228 
232 216 
240 212 
228 212 
232 208 
252 220 
240 240 
228 212 
236 212 
236 220 
236 240 
232 216 
228 232 
232 216 
48 48 
228 224 
228 204 
232 212 
236 276 
240 252 
232 264 
236 208 
236 212 
236 212 
236 212 
232 1144 
232 248 
232 208 
232 208 
236 216 
304 216 
240 236 
236 208 
232 204 
228 216 
236 252 
264 212 
244 212 
236 292 
232 208 
240 208 
232 220 
236 216 
232 212 
48 48 
492 236 
236 212 
232 216 
232 212 
232 212 
236 232 
232 216 
252 212 
244 228 
752 212 
240 208 
236 208 
240 216 
236 232 
248 1020 
236 224 
232 204 
212 216 
236 596 
236 216 
236 212 
232 216 
240 212 
236 216 
232 212 
236 212 
212 240 
232 240 
232 212 
228 48 
236 224 
232 212 
236 212 
236 220 
232 212 
228 208 
236 216 
232 240 
236 260 
240 208 
228 204 
232 248 
232 212 
240 220 
232 236 
232 204 
236 216 
836 212 
244 236 
236 236 
228 208 
228 208 
244 204 
232 216 
236 264 
232 212 
228 216 
228 208 
236 236 
232 212 
228 208 
232 244 
232 208 
236 208 
236 236 
236 216 
228 208 
232 212 
228 216 
240 236 
236 260 
244 212 
232 216 
232 212 
232 208 
240 216 
236 208 
236 216 
232 236 
232 216 
240 216 
236 212 
236 228 
232 212 
236 232 
232 216 
272 208 
236 216 
240 224 
236 216 
240 216 
236 240 
236 236 
232 216 
232 212 
524 212 
236 232 
244 212 
232 912 
228 212 
236 260 
232 212 
228 216 
244 216 
756 216 
236 232 
232 264 
236 220 
232 212 
256 212 
232 216 
236 212 
216 216 
236 604 
236 228 
232 216 
236 216 
232 212 
236 232 
308 212 
232 208 
212 212 
232 212 
236 208 
236 236 
232 216 
236 236 
236 216 
232 216 
236 216 
236 208 
848 532 
232 240 
236 220 
236 216 
236 224 
228 216 
236 236 
232 224 
232 240 
240 216 
228 212 
232 212 
228 240 
240 208 
236 236 
236 216 
232 208 
232 208 
236 216 
272 212 
236 212 
236 232 
232 220 
232 240 
232 208 
236 212 
232 212 
236 212 
232 212 
232 208 
232 212 
236 224 
236 260 
228 212 
232 216 
232 220 
240 208 
236 212 
236 236 
236 220 
232 220 
232 232 
272 212 
236 240 
236 260 
240 248 
240 208 
228 220 
236 204 
236 208 
300 224 
232 208 
232 216 
232 208 
240 216 
232 208 
236 216 
232 252 
236 212 
424 212 
236 236 
236 236 
232 248 
236 256 
232 212 
236 212 
236 212 
232 208 
232 332 
228 216 
236 244 
228 220 
236 220 
236 256 
240 304 
236 212 
212 228 
384 376 
236 208 
232 204 
236 208 
236 208 
252 208 
232 216 
1052 216 
240 216 
224 216 
232 212 
232 240 
228 212 
232 212 
236 212 
232 220 
236 268 
232 216 
236 208 
236 240 
228 208 
228 216 
236 216 
236 240 
236 208 
240 236 
236 240 
232 208 
240 208 
236 236 
232 212 
232 204 
228 216 
236 224 
236 212 
236 208 
236 212 
228 216 
228 220 
240 208 
236 212 
936 236 
232 204 
236 208 
240 208 
232 212 
236 256 
232 248 
348 212 
352 216 
236 252 
244 212 
236 208 
232 208 
236 212 
240 236 
232 224 
260 220 
236 208 
240 216 
236 224 
236 208 
232 216 
236 224 
236 232 
228 212 
236 212 
236 236 
228 208 
228 212 
240 240 
232 208 
228 204 
240 236 
236 236 
236 236 
232 216 
560 212 
244 224 
236 152 
44 212 
232 208 
236 216 
236 236 
232 212 
308 216 
236 396 
236 232 
240 224 
236 212 
236 204 
864 240 
236 212 
232 212 
208 216 
228 652 
236 208 
236 216 
240 236 
236 216 
236 212 
236 216 
236 232 
216 240 
248 212 
232 204 
236 212 
236 240 
292 212 
228 212 
244 208 
44 48 
264 212 
240 208 
232 212 
236 272 
236 216 
228 212 
236 240 
252 208 
228 208 
236 220 
236 236 
236 216 
280 216 
836 236 
292 212 
232 204 
236 208 
236 212 
236 236 
236 216 
228 260 
236 212 
232 208 
228 216 
232 216 
232 232 
232 216 
228 196 
228 236 
224 204 
220 188 
208 212 
208 192 
284 212 
192 192 
192 188 
192 212 
216 192 
200 196 
216 192 
204 208 
236 232 
208 268 
240 288 
212 208 
232 200 
328 228 
232 232 
208 208 
228 236 
188 232 
308 224 
228 212 
232 228 
236 228 
236 208 
236 232 
228 220 
232 208 
232 216 
560 44 
232 204 
236 212 
236 216 
236 236 
232 216 
232 216 
228 208 
232 208 
228 416 
240 216 
232 220 
232 208 
232 212 
232 208 
240 228 
228 208 
204 236 
236 652 
232 208 
240 212 
232 212 
236 236 
236 236 
236 260 
232 268 
216 228 
236 212 
236 212 
236 212 
232 212 
232 260 
232 208 
236 212 
232 212 
236 300 
236 216 
232 212 
236 216 
340 212 
232 204 
236 224 
232 208 
236 212 
240 260 
236 204 
232 208 
244 236 
232 256 
272 220 
228 216 
232 208 
236 236 
236 212 
232 216 
232 220 
240 268 
240 212 
232 208 
236 216 
236 208 
240 236 
236 224 
236 208 
232 208 
236 216 
236 268 
236 252 
236 248 
236 212 
496 208 
232 208 
272 304 
236 236 
232 256 
232 208 
232 212 
240 240 
232 228 
232 212 
236 264 
236 208 
232 208 
232 220 
236 240 
240 220 
376 212 
236 212 
232 248 
236 244 
320 220 
232 208 
232 216 
232 208 
240 216 
568 264 
232 212 
232 212 
240 212 
240 208 
236 244 
232 224 
240 236 
220 268 
716 212 
236 236 
228 220 
228 216 
232 212 
228 212 
232 216 
240 236 
212 256 
236 720 
232 212 
228 212 
240 216 
236 232 
236 212 
232 216 
232 224 
216 212 
236 240 
228 212 
232 208 
236 212 
232 208 
232 204 
236 212 
236 208 
236 244 
240 236 
228 212 
232 216 
228 216 
240 204 
232 208 
240 208 
236 204 
232 216 
236 212 
232 232 
228 216 
232 212 
240 220 
232 260 
240 220 
232 216 
236 240 
244 244 
240 208 
236 212 
236 216 
240 212 
728 212 
236 336 
240 216 
236 236 
308 212 
232 212 
236 212 
236 212 
236 216 
236 256 
232 224 
228 224 
236 208 
236 220 
232 256 
240 212 
232 212 
236 216 
228 216 
236 208 
236 264 
232 212 
228 232 
232 216 
236 216 
236 216 
236 212 
400 212 
240 236 
264 212 
236 232 
228 212 
232 220 
232 212 
412 240 
240 216 
636 208 
244 216 
240 216 
232 212 
316 212 
228 216 
232 212 
236 236 
208 236 
244 436 
232 216 
236 216 
240 236 
232 236 
232 204 
236 204 
228 204 
212 336 
236 664 
236 232 
248 216 
236 236 
236 216 
232 236 
248 212 
236 208 
216 212 
236 232 
240 232 
232 212 
236 212 
232 208 
232 208 
232 232 
232 212 
232 212 
236 208 
240 216 
236 212 
228 216 
244 228 
236 260 
236 260 
240 220 
232 208 
240 268 
240 224 
240 224 
240 236 
232 212 
228 208 
236 208 
236 220 
248 212 
232 212 
236 260 
232 220 
232 204 
232 212 
236 240 
240 236 
236 244 
324 216 
236 212 
240 212 
236 212 
268 264 
232 212 
236 208 
236 212 
236 224 
232 212 
232 220 
268 224 
76 44 
236 224 
232 224 
216 212 
236 216 
232 284 
236 224 
232 212 
228 244 
256 232 
240 208 
236 212 
392 216 
228 212 
232 208 
236 212 
236 220 
240 236 
232 236 
236 212 
44 44 
656 216 
232 212 
236 208 
236 232 
236 204 
232 212 
232 248 
232 256 
464 212 
236 476 
236 236 
232 228 
232 208 
236 212 
240 240 
236 232 
232 248 
208 208 
232 692 
232 212 
216 208 
228 220 
244 216 
236 244 
236 208 
232 48 
212 220 
236 240 
232 212 
228 212 
232 208 
236 212 
232 240 
232 268 
288 216 
232 240 
228 256 
236 216 
232 208 
232 212 
236 208 
236 212 
232 216 
228 208 
232 212 
232 212 
236 216 
232 212 
232 212 
236 208 
240 260 
244 216 
232 212 
240 236 
224 212 
232 208 
236 212 
236 204 
232 212 
236 216 
236 256 
240 248 
236 212 
232 224 
228 212 
232 212 
232 208 
240 212 
232 232 
232 248 
312 756 
232 216 
236 212 
232 212 
236 224 
232 204 
236 216 
244 240 
232 216 
232 236 
236 216 
232 204 
228 212 
240 208 
236 232 
236 208 
420 212 
236 232 
236 216 
236 212 
236 208 
236 208 
240 220 
236 220 
232 216 
660 212 
240 236 
240 216 
240 208 
236 208 
236 208 
240 224 
236 256 
392 216 
236 604 
236 232 
236 212 
240 268 
228 212 
232 220 
236 208 
232 256 
236 216 
228 212 
236 212 
240 208 
236 244 
240 260 
240 208 
236 224 
236 264 
220 240 
236 268 
232 208 
232 204 
236 216 
240 220 
236 232 
236 220 
236 212 
276 216 
240 220 
236 216 
240 232 
236 208 
232 216 
232 292 
236 212 
236 220 
236 212 
236 208 
240 220 
236 216 
236 204 
232 212 
236 212 
236 204 
232 212 
228 212 
240 252 
232 216 
252 212 
232 212 
232 228 
236 1060 
236 220 
236 212 
240 208 
232 216 
232 208 
236 216 
240 216 
236 220 
236 240 
232 232 
232 224 
240 204 
236 216 
232 220 
236 216 
232 216 
232 216 
212 248 
232 212 
236 212 
236 232 
236 232 
236 212 
236 256 
236 212 
232 216 
452 216 
240 236 
236 216 
228 212 
228 212 
232 216 
236 216 
244 208 
236 212 
664 240 
236 212 
264 212 
232 212 
236 240 
232 264 
256 208 
232 228 
212 236 
236 512 
232 216 
244 208 
236 208 
240 236 
232 244 
232 208 
232 208 
212 212 
240 744 
228 208 
232 216 
236 212 
232 240 
232 256 
240 216 
236 208 
236 292 
236 220 
232 232 
232 224 
232 244 
232 216 
232 216 
224 212 
236 212 
228 208 
236 212 
240 212 
236 236 
232 216 
232 208 
236 216 
340 292 
236 236 
232 208 
288 212 
236 220 
236 208 
236 936 
236 232 
236 212 
236 216 
232 216 
232 208 
236 208 
232 212 
232 212 
236 236 
236 240 
232 212 
236 208 
236 216 
236 240 
248 212 
232 208 
232 208 
236 208 
240 212 
240 236 
232 236 
232 212 
236 212 
232 228 
236 212 
228 208 
236 212 
236 324 
244 232 
232 212 
256 216 
232 208 
236 212 
236 860 
236 212 
232 212 
44 48 
472 216 
236 232 
232 216 
232 216 
232 204 
240 236 
232 236 
236 216 
236 212 
704 216 
240 212 
236 256 
232 232 
236 212 
236 208 
232 212 
260 252 
216 204 
236 536 
232 228 
244 208 
244 216 
236 216 
232 212 
240 240 
236 212 
216 248 
240 220 
228 212 
48 284 
232 212 
236 208 
236 240 
232 228 
232 252 
236 216 
240 208 
232 216 
232 220 
236 212 
232 216 
256 216 
236 204 
232 224 
236 236 
240 216 
244 216 
236 216 
236 256 
236 220 
232 212 
232 236 
236 224 
232 232 
236 256 
228 212 
364 212 
240 44 
232 264 
232 208 
232 212 
232 208 
236 216 
232 212 
232 216 
236 220 
236 208 
228 220 
240 204 
236 208 
236 216 
232 220 
228 212 
240 208 
240 220 
272 232 
236 212 
232 212 
240 236 
240 220 
1196 264 
236 232 
244 212 
236 208 
236 224 
232 212 
256 216 
236 264 
232 236 
236 240 
236 256 
232 216 
232 212 
288 220 
232 236 
460 216 
232 240 
232 208 
232 232 
236 240 
248 224 
232 208 
236 212 
236 236 
720 212 
232 232 
236 220 
236 236 
236 256 
260 208 
236 212 
236 236 
212 244 
980 232 
236 236 
228 216 
228 212 
236 212 
240 212 
228 212 
240 240 
208 240 
240 724 
236 208 
236 240 
232 212 
232 224 
232 216 
256 232 
232 208 
232 212 
232 224 
240 212 
232 336 
232 204 
232 232 
232 208 
236 236 
236 260 
236 224 
232 212 
232 204 
232 212 
232 220 
240 272 
284 216 
232 208 
236 208 
236 216 
240 208 
232 208 
236 220 
236 240 
228 212 
236 212 
228 220 
236 248 
236 236 
292 220 
244 268 
236 252 
232 220 
252 212 
236 228 
236 212 
236 232 
236 212 
232 236 
236 212 
236 212 
232 208 
232 208 
236 216 
244 212 
232 212 
240 216 
236 216 
232 208 
236 216 
236 216 
236 268 
236 356 
232 236 
236 208 
232 212 
236 208 
236 236 
232 208 
236 208 
232 216 
488 212 
236 228 
236 212 
244 232 
232 208 
232 236 
232 212 
884 236 
236 208 
740 208 
236 220 
232 216 
232 216 
236 204 
236 212 
240 216 
232 212 
212 212 
232 552 
232 236 
236 268 
232 232 
240 208 
240 216 
280 236 
228 212 
208 228 
236 212 
236 220 
236 240 
236 216 
232 212 
236 228 
240 232 
232 208 
232 216 
232 208 
232 236 
236 216 
232 208 
232 208 
912 236 
236 236 
232 240 
236 220 
236 264 
228 212 
236 212 
232 208 
232 208 
232 208 
232 236 
240 256 
232 212 
236 212 
228 336 
240 212 
232 212 
236 268 
232 212 
232 212 
228 216 
228 212 
232 212 
240 228 
236 212 
232 208 
236 212 
236 236 
240 220 
236 216 
228 216 
232 224 
232 240 
232 232 
236 212 
232 212 
236 232 
236 216 
232 224 
236 208 
236 212 
236 212 
232 216 
232 216 
432 208 
280 232 
240 212 
244 208 
236 224 
240 208 
668 212 
232 236 
236 232 
232 216 
516 216 
352 208 
232 208 
236 216 
236 236 
236 208 
240 236 
236 236 
236 204 
732 216 
260 224 
232 212 
232 212 
240 212 
232 208 
240 224 
236 260 
224 216 
236 620 
232 208 
232 244 
232 212 
232 236 
236 216 
48 72 
256 208 
216 248 
236 212 
236 236 
232 240 
736 228 
236 236 
232 208 
236 204 
236 208 
236 216 
236 212 
232 216 
232 236 
240 240 
236 236 
248 216 
232 208 
236 216 
240 204 
240 240 
244 216 
232 240 
232 212 
236 208 
232 216 
232 212 
268 228 
44 48 
236 264 
236 212 
236 216 
232 224 
236 220 
228 220 
248 228 
236 208 
236 220 
192 216 
240 220 
228 212 
232 204 
228 208 
232 216 
236 212 
236 236 
232 208 
232 208 
232 216 
236 220 
236 208 
240 220 
240 212 
244 248 
236 212 
236 224 
232 212 
228 208 
236 212 
228 44 
236 228 
300 216 
236 212 
228 212 
236 216 
244 216 
240 240 
232 208 
244 208 
232 204 
548 208 
236 236 
228 212 
236 212 
228 208 
232 212 
228 220 
236 212 
240 212 
768 240 
236 220 
236 220 
236 212 
236 232 
236 228 
236 208 
232 216 
348 208 
232 1296 
236 232 
240 236 
236 208 
232 204 
236 12616 
0 0 
0 0 
236 216 
244 268 
188 252 
228 208 
236 208 
232 208 
232 216 
236 244 
236 212 
240 240 
232 208 
236 212 
236 232 
232 208 
236 220 
240 220 
228 212 
232 216 
232 216 
236 208 
236 236 
228 216 
232 212 
240 308 
236 236 
236 212 
700 212 
236 276 
236 216 
244 212 
232 208 
240 216 
236 236 
232 216 
236 216 
240 216 
228 212 
232 356 
236 240 
232 212 
236 244 
232 216 
224 216 
240 236 
232 212 
232 212 
236 240 
232 212 
236 216 
240 232 
240 236 
232 236 
240 208 
232 204 
236 224 
236 252 
228 208 
228 208 
228 212 
228 208 
308 232 
236 232 
232 208 
236 208 
236 224 
232 212 
236 212 
236 268 
232 236 
544 216 
236 236 
232 212 
232 276 
240 212 
236 212 
240 236 
236 236 
232 208 
232 404 
236 212 
240 216 
232 260 
284 208 
236 248 
236 216 
232 220 
216 252 
232 672 
236 212 
232 212 
236 232 
228 232 
228 212 
236 212 
232 208 
216 220 
232 216 
236 208 
236 232 
232 212 
568 216 
236 220 
236 212 
236 240 
236 212 
236 256 
232 212 
236 248 
236 212 
244 208 
448 208 
236 232 
236 232 
244 208 
232 204 
232 212 
236 212 
236 216 
232 204 
244 216 
232 212 
232 232 
240 212 
232 216 
236 240 
236 232 
236 232 
232 240 
236 216 
236 208 
236 224 
236 232 
228 232 
232 212 
236 212 
240 212 
236 216 
240 224 
236 216 
232 212 
240 212 
232 204 
236 208 
236 236 
428 212 
236 208 
228 208 
52 44 
232 208 
236 212 
248 212 
228 208 
240 208 
232 248 
240 212 
344 252 
236 212 
240 232 
248 232 
236 220 
232 232 
232 212 
240 212 
236 236 
560 216 
240 216 
236 220 
240 228 
232 208 
240 212 
240 208 
232 268 
240 236 
232 428 
236 240 
236 208 
48 48 
236 216 
232 212 
236 208 
228 208 
216 216 
232 648 
232 236 
232 216 
236 212 
252 284 
232 236 
236 236 
232 220 
208 212 
236 220 
236 220 
232 212 
232 216 
228 208 
236 208 
240 240 
236 224 
236 208 
236 324 
236 236 
240 256 
232 52 
240 224 
236 252 
236 216 
232 208 
236 208 
232 240 
236 212 
236 216 
236 212 
236 220 
240 204 
236 272 
236 216 
236 236 
232 216 
240 232 
228 208 
236 212 
236 236 
236 212 
236 216 
228 212 
236 212 
232 212 
192 216 
236 216 
236 220 
236 212 
236 208 
232 216 
232 208 
228 212 
240 216 
232 204 
236 208 
236 236 
236 220 
228 232 
236 220 
240 208 
240 212 
236 212 
236 216 
236 256 
236 220 
236 216 
376 216 
232 212 
236 232 
228 212 
232 212 
232 236 
236 208 
240 216 
232 228 
592 212 
236 208 
244 208 
232 204 
232 208 
236 212 
236 212 
236 232 
216 236 
236 428 
232 216 
240 212 
232 216 
232 204 
236 220 
236 248 
256 212 
212 212 
232 680 
236 236 
232 212 
240 216 
232 216 
232 208 
236 212 
240 212 
212 212 
236 212 
232 216 
232 236 
232 208 
240 212 
232 216 
228 216 
236 212 
236 232 
236 264 
232 224 
232 256 
236 208 
232 208 
228 212 
240 216 
232 212 
236 208 
236 236 
244 212 
236 208 
236 260 
228 220 
236 212 
232 260 
1108 240 
244 232 
244 220 
240 212 
236 216 
232 208 
232 212 
236 216 
236 216 
232 216 
240 216 
240 212 
232 212 
228 220 
240 208 
232 208 
232 212 
236 240 
236 220 
236 212 
232 212 
228 212 
236 272 
228 212 
232 216 
232 216 
236 232 
232 208 
236 232 
236 236 
236 204 
236 212 
236 248 
236 212 
232 696 
232 204 
232 208 
252 212 
232 212 
312 248 
236 240 
228 208 
256 212 
620 212 
236 212 
240 208 
236 212 
232 212 
292 236 
264 212 
232 204 
220 212 
240 420 
232 220 
232 212 
232 260 
236 220 
236 208 
240 236 
236 216 
212 228 
232 588 
232 208 
236 216 
232 232 
236 236 
232 208 
236 212 
236 208 
212 208 
236 212 
232 232 
240 228 
232 212 
236 212 
228 208 
236 212 
244 236 
232 216 
236 236 
232 240 
236 228 
236 268 
232 220 
236 940 
232 216 
236 236 
236 212 
232 212 
236 216 
236 216 
236 208 
240 216 
232 216 
236 208 
232 212 
232 216 
240 216 
232 268 
236 208 
236 212 
236 240 
232 212 
232 220 
236 236 
236 252 
236 216 
232 216 
236 212 
236 216 
228 216 
236 212 
236 244 
232 240 
232 212 
228 216 
264 208 
236 208 
288 216 
236 216 
228 212 
232 228 
232 212 
232 220 
284 212 
232 212 
236 212 
232 216 
236 212 
340 212 
236 232 
228 212 
228 212 
232 260 
236 268 
232 248 
240 216 
232 208 
636 228 
232 212 
236 216 
240 232 
232 220 
228 216 
236 208 
236 212 
212 232 
232 512 
236 216 
236 208 
44 48 
224 212 
232 216 
240 212 
240 216 
216 236 
240 712 
260 212 
228 212 
232 216 
232 212 
240 216 
236 216 
236 208 
216 220 
228 216 
236 248 
232 208 
236 832 
228 208 
232 260 
232 240 
240 216 
232 212 
240 216 
236 212 
232 216 
240 224 
232 264 
236 208 
236 216 
236 236 
236 208 
240 220 
44 52 
236 240 
236 236 
232 208 
232 216 
236 220 
236 256 
232 220 
232 216 
228 212 
232 224 
232 212 
236 212 
236 224 
228 212 
232 212 
236 208 
240 236 
1160 208 
228 208 
228 212 
236 208 
236 212 
240 212 
236 216 
236 232 
244 216 
232 212 
236 216 
232 44 
236 208 
220 212 
232 216 
232 212 
240 236 
236 208 
240 212 
240 208 
240 208 
232 208 
404 208 
232 212 
256 228 
232 228 
232 212 
236 204 
236 212 
236 216 
232 212 
652 212 
232 208 
600 204 
236 216 
228 212 
232 208 
280 216 
236 236 
248 252 
236 488 
232 236 
240 240 
240 236 
236 212 
236 216 
240 236 
236 212 
212 268 
228 208 
228 212 
232 236 
236 240 
260 212 
232 220 
236 236 
236 244 
256 208 
232 204 
240 208 
236 212 
236 256 
240 212 
232 216 
236 240 
244 236 
236 236 
228 212 
236 216 
236 208 
236 208 
240 216 
236 232 
228 228 
232 212 
232 208 
236 220 
252 216 
232 216 
236 216 
236 244 
236 220 
232 240 
236 216 
416 572 
236 228 
236 208 
232 208 
236 220 
236 212 
232 212 
232 208 
232 212 
240 236 
236 256 
228 212 
236 208 
236 216 
236 236 
232 264 
232 212 
228 284 
236 328 
232 212 
236 224 
236 220 
240 216 
332 216 
208 220 
236 212 
236 208 
232 216 
236 236 
236 212 
236 212 
232 216 
232 236 
952 216 
236 208 
232 212 
240 212 
236 232 
236 216 
232 208 
232 208 
240 212 
660 208 
240 220 
232 228 
236 264 
232 216 
236 212 
240 232 
236 208 
208 216 
232 552 
232 212 
332 212 
236 216 
236 216 
232 212 
232 240 
232 212 
212 216 
232 216 
236 212 
316 240 
232 216 
236 208 
236 236 
236 236 
236 208 
216 208 
236 232 
228 212 
232 208 
236 212 
240 212 
232 208 
236 208 
236 232 
240 212 
240 208 
236 236 
236 212 
232 216 
236 216 
232 216 
228 220 
244 216 
236 208 
236 208 
236 208 
232 212 
240 240 
236 212 
236 208 
328 228 
232 212 
236 248 
232 220 
472 216 
232 212 
228 216 
236 208 
552 208 
236 240 
236 212 
236 208 
256 216 
232 208 
232 212 
240 212 
236 216 
236 232 
272 212 
236 216 
224 216 
236 204 
232 208 
228 204 
768 216 
236 244 
208 216 
232 208 
240 212 
236 208 
236 236 
232 208 
236 264 
236 208 
236 208 
468 208 
236 212 
232 240 
232 216 
228 212 
232 216 
236 216 
236 216 
240 216 
672 292 
232 208 
228 208 
236 216 
236 232 
240 208 
232 236 
232 208 
216 224 
232 552 
232 208 
236 236 
232 248 
240 240 
984 216 
228 208 
236 208 
216 212 
236 212 
236 212 
228 212 
236 216 
236 216 
236 236 
240 204 
236 216 
244 236 
232 256 
236 212 
236 204 
236 236 
232 248 
408 208 
48 48 
232 212 
232 216 
236 248 
264 212 
232 212 
232 208 
236 212 
236 244 
236 212 
240 216 
240 216 
264 216 
236 216 
236 236 
236 212 
244 264 
232 236 
232 208 
232 216 
240 212 
240 216 
236 212 
236 208 
240 264 
236 220 
236 216 
236 228 
48 48 
232 208 
232 212 
736 212 
232 212 
236 212 
236 236 
236 212 
236 292 
244 224 
236 224 
232 212 
232 208 
236 208 
232 216 
236 212 
228 208 
232 216 
240 208 
236 216 
240 220 
232 212 
232 212 
236 212 
236 240 
468 208 
236 240 
236 208 
232 212 
232 208 
232 48 
228 208 
232 208 
236 244 
700 212 
240 212 
236 212 
712 248 
236 208 
236 212 
240 224 
244 212 
212 236 
236 532 
232 224 
228 212 
256 208 
232 260 
232 212 
240 212 
240 236 
216 264 
232 216 
232 212 
236 212 
232 216 
384 208 
228 208 
236 212 
232 212 
240 236 
236 208 
236 232 
232 212 
236 212 
240 212 
236 208 
240 228 
232 256 
244 216 
208 220 
232 208 
236 260 
232 232 
236 212 
232 256 
240 212 
232 224 
236 212 
236 236 
232 212 
240 240 
232 216 
232 252 
236 212 
232 232 
232 264 
236 232 
260 208 
236 236 
236 244 
236 208 
232 232 
228 220 
232 212 
236 208 
232 256 
296 228 
236 208 
232 212 
236 236 
232 264 
236 256 
236 212 
232 208 
236 236 
236 236 
228 216 
236 204 
236 208 
232 220 
260 212 
428 208 
236 204 
232 232 
236 232 
236 208 
236 208 
236 216 
236 208 
564 1184 
240 208 
240 212 
232 216 
232 212 
232 204 
240 236 
228 216 
232 236 
732 212 
236 224 
232 216 
236 240 
228 216 
236 208 
236 240 
236 224 
208 216 
236 564 
236 252 
228 236 
236 208 
228 212 
232 212 
228 236 
232 252 
216 220 
240 216 
236 228 
236 216 
236 212 
236 208 
236 216 
236 220 
256 212 
236 212 
240 220 
232 212 
232 216 
232 248 
236 212 
232 220 
232 216 
232 208 
232 208 
232 212 
236 208 
232 208 
236 208 
236 268 
232 212 
236 208 
240 236 
232 208 
236 236 
236 220 
232 236 
252 208 
236 236 
240 212 
232 212 
236 216 
236 236 
232 208 
236 228 
236 208 
232 208 
236 236 
296 236 
232 216 
232 240 
232 208 
240 492 
228 208 
240 212 
232 232 
236 220 
240 208 
236 208 
272 208 
232 208 
236 212 
236 264 
236 236 
236 232 
244 220 
284 212 
232 236 
236 228 
240 212 
228 240 
232 204 
236 240 
232 208 
304 204 
504 216 
228 244 
236 204 
228 208 
228 208 
236 220 
232 208 
232 228 
232 208 
340 224 
232 212 
236 208 
236 216 
232 208 
240 236 
240 212 
232 212 
212 212 
240 608 
236 212 
236 248 
240 236 
232 208 
276 204 
228 212 
236 208 
212 268 
236 248 
240 236 
232 264 
236 216 
236 228 
232 212 
232 232 
240 236 
236 220 
236 212 
236 208 
236 216 
232 216 
244 212 
236 456 
236 236 
288 208 
240 260 
240 212 
232 208 
232 236 
232 216 
236 208 
236 244 
244 212 
232 216 
232 212 
236 236 
248 212 
228 208 
264 212 
228 208 
236 216 
236 204 
236 212 
236 260 
232 216 
232 212 
232 208 
228 220 
236 208 
236 220 
236 236 
236 232 
236 216 
224 220 
232 212 
236 216 
228 216 
236 208 
236 216 
296 212 
228 212 
48 48 
228 216 
236 208 
236 340 
232 236 
236 240 
308 216 
232 208 
236 212 
228 216 
236 224 
236 228 
236 268 
228 236 
228 212 
504 240 
232 204 
236 212 
232 236 
240 212 
228 220 
236 252 
232 220 
236 208 
232 376 
236 212 
236 236 
236 236 
236 260 
48 44 
236 216 
236 268 
216 212 
236 620 
232 216 
236 236 
240 252 
228 208 
240 212 
232 212 
236 236 
212 236 
232 264 
232 216 
236 224 
232 240 
276 212 
236 256 
232 208 
236 212 
236 212 
260 208 
236 216 
232 220 
236 272 
232 212 
268 212 
232 212 
228 212 
232 40 
236 216 
548 212 
228 224 
232 216 
232 212 
240 216 
244 212 
240 216 
236 244 
236 324 
232 228 
240 204 
260 208 
240 236 
236 212 
228 204 
232 212 
232 380 
236 208 
240 220 
232 212 
232 216 
228 212 
240 240 
244 224 
236 208 
240 216 
236 236 
236 212 
232 236 
236 240 
232 216 
236 216 
236 236 
232 212 
232 208 
232 216 
236 340 
252 216 
236 212 
236 220 
320 216 
232 240 
236 216 
236 220 
236 212 
236 208 
232 216 
236 212 
236 208 
548 224 
236 208 
236 212 
232 212 
236 208 
236 216 
236 212 
232 216 
232 212 
236 412 
232 244 
236 232 
232 216 
228 224 
232 212 
236 224 
236 212 
228 216 
232 644 
228 212 
232 216 
240 212 
240 212 
232 208 
232 212 
232 216 
212 216 
236 216 
228 216 
236 204 
232 212 
240 224 
236 212 
236 212 
1000 224 
236 212 
232 208 
228 208 
236 204 
240 212 
236 212 
236 224 
236 236 
240 236 
228 220 
232 212 
276 212 
232 208 
232 208 
236 216 
228 296 
240 204 
240 232 
236 236 
236 212 
236 204 
236 212 
228 216 
236 212 
236 208 
232 216 
236 208 
236 240 
232 216 
232 204 
232 216 
236 216 
280 208 
752 216 
236 236 
228 220 
232 208 
240 216 
232 228 
236 208 
232 212 
236 216 
228 208 
232 228 
224 208 
228 212 
236 208 
236 236 
236 236 
236 208 
236 212 
360 208 
236 240 
236 228 
236 236 
236 232 
236 208 
228 208 
228 232 
232 224 
580 208 
232 236 
232 216 
236 212 
232 208 
236 204 
236 212 
232 212 
232 208 
232 420 
236 264 
232 208 
236 212 
236 212 
232 212 
232 216 
236 212 
212 224 
236 600 
244 204 
244 208 
236 208 
236 208 
1192 224 
236 216 
236 220 
212 212 
232 236 
236 224 
232 212 
232 208 
232 212 
236 212 
232 236 
228 212 
232 212 
236 228 
236 224 
232 212 
232 244 
232 244 
232 208 
232 216 
236 216 
324 336 
232 212 
228 208 
236 236 
236 212 
240 216 
228 224 
228 212 
236 208 
228 212 
236 208 
232 208 
232 212 
232 208 
236 216 
264 212 
228 216 
232 212 
236 208 
236 208 
236 208 
236 212 
232 236 
232 212 
236 216 
228 212 
232 204 
232 208 
236 260 
236 216 
236 236 
236 264 
232 220 
232 208 
232 288 
236 208 
232 216 
232 208 
240 236 
260 208 
232 212 
232 212 
348 204 
232 216 
232 216 
236 268 
228 208 
232 208 
232 216 
236 220 
240 212 
612 212 
236 236 
240 224 
236 208 
244 204 
236 212 
240 212 
232 208 
220 212 
236 440 
236 212 
232 216 
1184 248 
248 212 
240 204 
44 48 
236 212 
212 260 
236 700 
232 212 
240 216 
228 208 
232 212 
236 260 
236 240 
236 212 
212 216 
236 220 
228 208 
232 268 
232 208 
232 208 
236 220 
236 208 
240 212 
232 224 
240 212 
236 208 
236 216 
288 224 
232 236 
232 216 
236 212 
232 232 
232 208 
232 216 
796 612 
236 44 
232 212 
232 212 
236 248 
236 256 
236 204 
232 240 
268 212 
236 212 
236 212 
236 228 
300 208 
232 212 
240 260 
236 216 
236 276 
232 212 
236 220 
240 220 
236 212 
232 232 
232 212 
356 212 
228 216 
300 256 
232 216 
236 44 
280 216 
236 212 
236 204 
232 216 
228 208 
496 212 
240 264 
360 216 
236 240 
240 216 
240 228 
240 220 
380 212 
236 208 
232 212 
236 236 
236 228 
236 216 
240 212 
232 208 
232 212 
544 312 
228 216 
232 212 
240 216 
232 212 
232 208 
228 228 
236 212 
220 220 
236 460 
232 204 
236 216 
228 212 
236 212 
236 236 
236 220 
232 212 
208 208 
236 692 
232 212 
232 212 
232 212 
236 272 
232 212 
256 212 
232 208 
216 216 
232 236 
236 212 
232 216 
236 228 
236 232 
236 212 
236 224 
232 212 
872 236 
236 212 
232 216 
236 216 
236 236 
236 236 
240 236 
232 236 
236 212 
232 212 
236 216 
244 220 
236 212 
232 220 
240 268 
228 208 
232 224 
240 208 
236 236 
232 236 
232 212 
228 220 
236 240 
232 216 
228 204 
236 212 
232 232 
236 208 
336 208 
240 208 
232 212 
232 216 
236 212 
876 208 
236 240 
244 212 
236 212 
236 252 
232 216 
236 256 
236 212 
304 212 
236 212 
232 216 
232 224 
236 208 
236 208 
264 212 
228 204 
240 208 
236 216 
376 216 
232 212 
228 232 
232 208 
236 216 
232 244 
232 228 
228 216 
236 284 
640 252 
232 212 
232 212 
248 212 
236 208 
232 208 
236 212 
236 212 
328 216 
236 424 
232 208 
232 216 
240 212 
228 224 
236 236 
236 256 
236 204 
220 212 
232 720 
236 212 
240 212 
232 216 
232 220 
232 208 
240 264 
236 248 
208 232 
304 288 
236 212 
240 236 
236 208 
228 208 
232 212 
236 212 
236 244 
236 316 
232 216 
236 240 
232 236 
244 208 
232 216 
452 212 
344 212 
236 236 
256 224 
228 216 
232 208 
232 216 
240 208 
232 208 
232 208 
240 268 
232 212 
232 212 
232 236 
232 208 
232 220 
636 208 
228 208 
236 240 
236 216 
236 212 
236 232 
232 256 
228 212 
240 212 
240 232 
236 264 
244 208 
236 208 
228 208 
236 216 
232 212 
232 220 
232 212 
236 208 
236 256 
232 208 
240 208 
240 212 
236 212 
228 212 
236 268 
236 236 
232 212 
236 208 
452 272 
240 212 
228 208 
236 212 
236 212 
484 212 
240 268 
232 208 
236 268 
672 216 
240 240 
232 240 
236 208 
232 212 
240 212 
232 208 
236 216 
208 216 
236 528 
232 216 
252 212 
228 216 
236 208 
228 212 
240 236 
236 216 
208 216 
236 708 
272 332 
236 208 
232 216 
236 208 
240 208 
244 212 
236 236 
212 208 
228 292 
232 232 
268 216 
236 244 
232 212 
232 212 
236 236 
240 216 
236 212 
236 232 
232 236 
240 220 
232 208 
232 220 
260 204 
232 208 
240 212 
236 208 
232 236 
376 208 
236 216 
236 216 
232 208 
240 212 
40 40 
236 232 
240 208 
240 232 
236 208 
240 224 
232 240 
236 212 
236 212 
236 216 
232 260 
236 216 
236 216 
236 232 
232 216 
248 208 
232 216 
236 216 
236 212 
236 216 
232 212 
232 212 
232 232 
236 220 
304 212 
232 208 
200 208 
236 248 
228 212 
480 324 
44 44 
240 212 
232 220 
232 220 
236 236 
432 220 
236 208 
228 204 
240 240 
248 240 
236 220 
228 212 
232 212 
236 464 
696 216 
236 264 
236 240 
236 236 
240 212 
236 212 
224 224 
244 216 
216 220 
240 480 
284 212 
232 212 
236 220 
240 240 
232 228 
232 212 
244 48 
208 212 
212 212 
240 228 
232 228 
236 212 
232 208 
236 268 
332 216 
232 208 
232 208 
236 228 
232 208 
236 220 
228 244 
232 208 
236 236 
232 232 
236 212 
240 308 
228 208 
232 216 
232 220 
236 240 
236 252 
228 216 
236 220 
232 216 
232 208 
236 212 
228 212 
236 216 
236 216 
232 208 
236 212 
236 212 
232 240 
232 208 
224 216 
264 212 
232 216 
232 212 
240 220 
232 208 
236 220 
236 208 
236 212 
340 208 
232 212 
232 212 
232 216 
236 216 
236 876 
232 208 
232 212 
236 208 
240 216 
232 216 
232 216 
232 228 
236 212 
228 220 
352 212 
232 212 
236 208 
236 232 
232 300 
232 204 
232 216 
256 216 
452 208 
232 236 
236 236 
256 212 
236 212 
232 212 
236 212 
236 236 
232 216 
688 240 
232 208 
232 240 
236 224 
232 228 
236 212 
236 236 
200 208 
236 212 
228 552 
240 216 
324 212 
228 208 
240 228 
232 220 
236 212 
236 220 
216 216 
232 216 
240 208 
236 208 
236 244 
236 216 
236 212 
236 216 
240 236 
232 208 
232 212 
232 212 
240 220 
232 212 
232 204 
236 208 
240 216 
236 208 
280 212 
236 212 
236 212 
236 212 
248 208 
228 212 
232 232 
232 220 
260 224 
236 208 
232 212 
260 204 
236 216 
236 224 
236 212 
232 212 
232 208 
232 208 
232 220 
232 216 
232 220 
228 212 
304 208 
236 224 
232 212 
232 212 
224 10700 
0 0 
0 0 
240 220 
236 216 
256 212 
236 212 
244 224 
232 216 
236 212 
236 212 
232 264 
232 248 
232 208 
236 208 
240 212 
256 216 
240 212 
236 212 
236 216 
232 236 
232 216 
236 216 
236 216 
232 216 
492 216 
236 212 
236 212 
236 240 
240 216 
192 212 
240 216 
232 228 
256 212 
724 212 
240 220 
236 212 
232 228 
232 208 
236 220 
236 232 
236 208 
212 220 
236 572 
236 212 
236 236 
240 220 
236 236 
236 212 
236 220 
236 236 
216 236 
252 220 
232 216 
236 216 
240 212 
236 240 
248 220 
232 216 
232 228 
232 208 
232 212 
236 212 
236 220 
188 208 
240 212 
228 208 
232 208 
236 212 
232 212 
236 212 
232 220 
240 236 
236 216 
236 216 
236 236 
236 212 
236 212 
232 212 
236 212 
236 328 
232 212 
240 240 
232 260 
228 212 
244 204 
232 260 
232 248 
236 212 
228 208 
236 208 
276 228 
236 220 
232 208 
232 240 
232 216 
232 212 
236 348 
232 220 
232 208 
232 212 
236 208 
240 224 
232 212 
232 208 
228 208 
232 220 
236 268 
232 216 
240 252 
236 212 
240 240 
0 0 
0 0 
232 280 
236 216 
232 212 
236 216 
232 224 
236 204 
468 208 
228 208 
240 212 
236 204 
228 216 
236 208 
240 208 
44 48 
236 212 
748 208 
232 208 
232 212 
240 204 
232 208 
232 236 
236 232 
332 208 
212 216 
228 592 
232 212 
236 212 
236 236 
236 240 
236 212 
236 236 
228 276 
216 212 
44 48 
232 228 
236 212 
240 204 
236 216 
232 236 
244 212 
240 212 
228 216 
236 216 
236 208 
232 216 
236 224 
228 212 
232 216 
236 220 
232 212 
228 1028 
228 212 
236 216 
232 232 
228 212 
232 216 
240 236 
236 212 
236 212 
236 236 
232 228 
228 224 
232 208 
236 216 
244 208 
232 212 
276 212 
236 48 
236 216 
236 240 
228 212 
240 212 
236 236 
236 224 
228 212 
232 216 
236 216 
232 216 
232 208 
232 212 
232 236 
236 264 
240 224 
240 272 
228 1056 
236 216 
232 212 
240 236 
236 212 
236 212 
236 224 
236 236 
272 224 
232 212 
236 208 
232 216 
236 220 
236 220 
264 212 
228 208 
232 212 
520 212 
236 240 
236 204 
236 212 
240 216 
236 216 
236 224 
236 212 
236 224 
232 388 
228 208 
228 216 
232 216 
236 216 
232 216 
236 216 
1060 216 
208 216 
236 600 
236 228 
228 220 
232 216 
236 216 
236 220 
232 208 
236 216 
212 212 
232 220 
240 212 
236 212 
236 216 
232 208 
236 236 
232 220 
236 216 
232 256 
240 212 
236 208 
240 212 
236 212 
236 220 
240 216 
236 244 
236 216 
232 216 
232 212 
232 216 
236 256 
232 208 
240 216 
212 208 
232 212 
232 212 
232 212 
232 240 
232 208 
244 204 
236 212 
232 228 
232 208 
236 208 
236 264 
232 268 
248 212 
236 212 
232 248 
232 212 
236 216 
236 212 
236 236 
236 212 
232 224 
228 212 
236 220 
236 204 
232 212 
236 232 
232 228 
224 212 
228 216 
228 212 
232 208 
236 220 
236 212 
236 216 
236 256 
288 240 
236 220 
236 252 
232 248 
256 216 
236 208 
240 212 
240 236 
236 248 
540 252 
236 220 
236 264 
244 240 
240 216 
1056 212 
232 212 
268 268 
236 236 
236 376 
236 216 
236 208 
236 212 
236 236 
232 216 
340 216 
232 208 
212 228 
236 688 
248 208 
228 208 
232 208 
232 216 
236 208 
228 216 
232 208 
216 236 
236 232 
236 208 
232 236 
236 216 
232 212 
232 208 
236 236 
232 236 
240 220 
236 212 
240 236 
232 208 
236 272 
260 212 
240 208 
240 236 
232 268 
232 256 
236 208 
236 220 
240 212 
236 216 
232 228 
236 212 
232 208 
256 212 
236 208 
236 208 
240 228 
232 216 
232 208 
240 240 
240 240 
228 212 
240 212 
236 240 
232 208 
236 212 
236 216 
244 212 
228 220 
228 224 
232 208 
236 216 
232 232 
236 212 
232 208 
236 208 
260 212 
236 216 
236 208 
236 208 
236 232 
232 216 
236 212 
232 212 
240 248 
240 224 
232 216 
304 220 
236 208 
236 236 
744 232 
232 216 
232 220 
236 208 
236 212 
232 236 
568 220 
236 212 
232 220 
232 216 
236 212 
236 224 
236 272 
232 212 
236 208 
232 420 
232 204 
232 208 
276 220 
236 232 
244 208 
236 216 
248 208 
216 208 
48 48 
248 212 
232 208 
232 208 
232 212 
236 216 
232 208 
236 212 
208 232 
240 216 
240 240 
232 204 
236 216 
232 208 
232 212 
236 208 
236 236 
236 260 
236 212 
240 212 
232 204 
232 236 
232 220 
236 208 
424 220 
236 212 
236 216 
236 236 
236 216 
236 208 
236 216 
40 80 
236 208 
232 204 
236 216 
236 236 
232 232 
272 216 
232 264 
232 208 
232 224 
232 216 
232 216 
236 208 
240 212 
236 212 
236 224 
240 240 
232 236 
236 204 
232 248 
228 212 
236 208 
236 252 
232 264 
228 216 
232 216 
236 212 
232 208 
236 212 
228 48 
232 240 
236 232 
244 212 
232 208 
236 220 
300 208 
236 228 
324 256 
236 236 
240 208 
236 220 
236 236 
236 216 
240 208 
236 212 
244 244 
584 212 
236 216 
236 212 
232 208 
212 212 
228 228 
232 236 
192 272 
236 212 
232 416 
236 216 
232 216 
232 208 
232 220 
232 208 
240 212 
232 212 
208 248 
236 656 
236 236 
232 248 
232 212 
236 212 
244 212 
236 220 
232 256 
212 236 
232 216 
7972 232 
0 0 
228 224 
300 212 
232 228 
240 220 
236 232 
304 340 
232 216 
236 232 
240 240 
232 212 
236 212 
236 220 
232 216 
232 212 
236 236 
240 240 
232 212 
236 216 
236 216 
236 232 
232 216 
228 216 
228 212 
236 212 
236 220 
268 216 
236 232 
236 264 
232 216 
236 264 
240 204 
228 204 
232 212 
228 208 
236 240 
236 252 
236 212 
232 212 
232 208 
240 212 
232 236 
232 208 
232 208 
236 212 
236 216 
236 216 
228 212 
232 212 
232 216 
232 264 
236 208 
232 220 
240 212 
232 216 
240 224 
232 212 
368 216 
236 212 
232 208 
232 212 
232 208 
240 212 
228 212 
232 212 
236 232 
604 268 
228 212 
236 212 
228 208 
232 216 
236 216 
236 240 
232 208 
208 216 
236 452 
236 240 
232 216 
240 204 
240 208 
232 216 
236 220 
232 212 
208 236 
228 668 
232 256 
232 212 
232 236 
236 228 
232 212 
236 208 
240 216 
208 216 
232 212 
236 240 
236 236 
232 260 
252 232 
236 376 
232 212 
236 216 
236 216 
232 212 
236 208 
236 212 
236 248 
236 256 
232 244 
228 212 
236 212 
240 216 
252 212 
236 216 
236 208 
228 212 
320 220 
236 248 
228 212 
236 212 
240 220 
296 216 
232 208 
236 212 
240 212 
240 216 
236 212 
236 204 
252 216 
240 212 
236 236 
240 212 
232 212 
232 216 
236 208 
232 244 
236 244 
232 212 
232 216 
236 212 
240 204 
232 212 
232 208 
232 220 
228 216 
236 208 
232 212 
236 256 
232 216 
232 236 
236 260 
236 212 
232 208 
392 268 
236 220 
240 236 
236 236 
244 224 
228 212 
240 208 
240 224 
232 208 
624 216 
228 212 
240 212 
240 208 
240 220 
272 208 
232 212 
240 212 
212 268 
228 484 
236 212 
236 260 
228 216 
236 212 
232 212 
228 228 
232 212 
208 216 
232 660 
232 236 
236 212 
228 208 
236 216 
236 212 
236 212 
228 220 
216 212 
236 212 
248 212 
228 212 
236 220 
232 212 
232 244 
316 212 
236 212 
232 252 
240 216 
240 216 
228 216 
228 212 
236 236 
236 212 
272 216 
232 212 
244 216 
232 212 
236 212 
236 224 
44 44 
236 212 
236 212 
236 212 
232 240 
240 216 
240 240 
232 244 
228 216 
236 216 
232 208 
236 212 
232 240 
232 236 
240 216 
232 220 
236 236 
236 216 
236 236 
232 224 
232 884 
244 212 
232 212 
232 212 
236 212 
236 232 
236 220 
228 220 
236 208 
232 212 
232 208 
44 44 
232 216 
252 208 
228 244 
232 220 
236 240 
232 208 
408 220 
240 212 
236 212 
232 212 
236 212 
232 244 
232 260 
236 212 
228 212 
628 212 
236 212 
236 240 
232 208 
232 212 
240 216 
228 212 
228 212 
212 212 
240 492 
232 212 
232 44 
236 220 
236 216 
236 256 
260 220 
304 220 
208 208 
240 672 
240 220 
232 220 
240 236 
244 220 
232 216 
236 228 
232 204 
208 212 
236 212 
244 224 
228 208 
236 212 
232 216 
232 212 
228 208 
236 208 
232 232 
236 228 
232 216 
240 212 
228 212 
232 208 
236 232 
232 216 
236 216 
236 212 
240 264 
224 212 
232 256 
236 220 
232 204 
236 208 
240 212 
236 240 
240 240 
240 212 
240 220 
236 208 
1068 236 
236 264 
236 216 
232 236 
248 212 
236 212 
232 208 
232 212 
236 212 
240 220 
236 212 
236 236 
232 244 
232 208 
232 244 
232 228 
232 216 
232 212 
240 212 
240 236 
224 216 
232 236 
232 260 
228 212 
236 216 
244 236 
232 212 
236 212 
236 236 
420 208 
236 220 
240 236 
228 212 
236 208 
1164 220 
236 204 
236 212 
240 208 
648 216 
232 212 
236 216 
232 220 
232 204 
240 252 
232 212 
236 216 
332 212 
236 468 
236 212 
236 232 
236 212 
588 208 
232 216 
232 212 
236 208 
212 216 
316 680 
232 216 
232 232 
236 204 
236 204 
236 240 
252 216 
236 208 
232 212 
236 208 
236 228 
520 208 
236 220 
236 216 
232 216 
236 208 
236 228 
240 240 
240 224 
232 224 
240 240 
236 216 
232 212 
236 236 
236 268 
240 224 
232 212 
240 212 
240 212 
236 236 
240 220 
236 224 
228 216 
236 216 
240 224 
236 236 
236 236 
236 220 
236 212 
236 220 
236 240 
232 216 
236 212 
228 212 
232 220 
232 212 
236 228 
236 232 
244 228 
236 212 
232 240 
264 216 
232 204 
232 212 
232 208 
236 212 
236 208 
240 236 
236 256 
212 212 
232 220 
236 212 
888 212 
232 212 
232 212 
236 224 
236 216 
264 248 
448 220 
232 212 
240 212 
228 248 
232 216 
228 216 
232 240 
236 216 
232 212 
672 240 
232 216 
236 236 
236 232 
232 208 
232 208 
232 212 
236 212 
212 212 
232 512 
240 216 
240 236 
236 216 
232 216 
232 212 
240 212 
264 212 
216 212 
792 220 
236 216 
232 208 
228 208 
236 216 
240 236 
232 212 
228 212 
224 212 
232 208 
236 236 
228 212 
232 268 
228 212 
236 212 
240 220 
228 208 
232 216 
244 216 
232 212 
228 212 
236 212 
232 208 
244 236 
232 224 
236 236 
232 232 
232 220 
236 220 
236 224 
236 236 
228 220 
232 212 
236 216 
232 212 
232 212 
240 204 
240 228 
232 208 
236 220 
236 208 
232 220 
260 244 
236 212 
232 240 
236 220 
252 216 
232 208 
236 208 
232 224 
240 208 
236 208 
236 236 
236 252 
232 224 
240 212 
240 232 
236 204 
240 212 
232 240 
232 212 
264 212 
236 208 
228 216 
232 216 
44 40 
236 260 
232 220 
576 216 
232 208 
228 216 
232 208 
228 216 
228 216 
236 212 
236 236 
232 220 
692 216 
232 216 
236 236 
228 212 
232 204 
232 220 
236 208 
804 212 
212 212 
240 476 
228 208 
232 212 
244 208 
240 232 
228 216 
244 224 
236 212 
224 224 
232 220 
236 212 
44 40 
228 212 
244 216 
232 232 
232 212 
232 212 
240 264 
236 244 
236 208 
236 228 
232 216 
232 240 
232 216 
236 220 
232 236 
236 216 
260 208 
228 212 
240 212 
232 216 
232 216 
696 216 
232 216 
236 212 
232 212 
236 216 
232 48 
236 236 
232 208 
228 212 
232 216 
236 212 
232 212 
240 220 
244 212 
236 240 
232 232 
232 240 
236 212 
232 212 
240 244 
232 244 
240 216 
228 212 
232 204 
236 212 
232 204 
232 212 
232 260 
232 236 
236 240 
228 212 
228 216 
312 216 
244 216 
236 236 
232 232 
228 208 
236 240 
228 216 
232 216 
232 212 
228 216 
228 212 
232 212 
228 208 
480 212 
236 236 
236 208 
240 216 
236 248 
700 208 
232 208 
236 212 
228 220 
712 212 
236 204 
236 204 
236 264 
232 268 
236 212 
232 208 
236 220 
236 208 
232 576 
228 216 
232 208 
228 216 
232 216 
232 228 
240 260 
232 256 
220 212 
240 208 
232 240 
232 208 
236 208 
228 208 
236 208 
236 232 
232 212 
236 224 
264 208 
232 212 
232 208 
568 216 
232 212 
232 208 
232 212 
236 212 
240 232 
232 240 
240 208 
228 216 
232 228 
232 216 
240 324 
228 220 
232 208 
232 212 
268 216 
236 220 
232 240 
236 240 
236 212 
240 216 
232 264 
288 232 
232 208 
228 212 
240 216 
240 216 
236 244 
236 216 
348 212 
236 264 
236 252 
232 208 
196 212 
236 216 
236 264 
228 208 
232 208 
240 212 
260 216 
232 260 
240 220 
232 212 
236 208 
236 236 
240 208 
232 204 
256 220 
236 212 
240 268 
232 208 
232 208 
232 236 
232 220 
228 216 
240 224 
508 216 
236 216 
232 212 
240 212 
240 216 
236 212 
236 216 
236 256 
232 212 
716 212 
232 216 
224 224 
232 216 
232 256 
232 212 
236 208 
236 236 
212 240 
240 572 
232 208 
488 208 
232 240 
236 260 
232 212 
252 212 
236 208 
212 212 
232 912 
232 212 
236 212 
236 208 
232 208 
240 224 
236 268 
232 212 
236 220 
236 212 
260 216 
240 208 
288 216 
236 208 
232 212 
232 212 
236 216 
232 220 
236 224 
228 212 
232 208 
232 212 
232 208 
236 216 
240 208 
236 208 
236 216 
232 212 
236 216 
236 208 
240 216 
240 236 
236 212 
236 236 
212 216 
236 212 
240 236 
236 212 
236 232 
260 208 
232 212 
236 212 
236 212 
232 232 
236 220 
232 212 
236 212 
232 216 
240 220 
232 216 
228 208 
236 208 
232 212 
236 208 
236 220 
228 212 
236 264 
240 212 
236 216 
296 212 
308 220 
236 228 
236 212 
236 228 
228 208 
276 236 
240 236 
364 252 
504 216 
232 240 
240 244 
236 212 
236 216 
228 236 
232 220 
236 212 
236 212 
752 260 
244 212 
228 216 
232 208 
236 212 
240 216 
240 212 
236 212 
208 216 
236 560 
228 216 
232 208 
44 44 
232 224 
232 244 
236 212 
228 224 
212 208 
228 212 
236 240 
244 224 
232 208 
256 212 
232 212 
232 208 
236 208 
228 208 
236 216 
236 212 
236 220 
240 236 
236 220 
232 216 
232 220 
232 212 
232 208 
232 208 
228 216 
236 240 
232 236 
244 236 
232 208 
48 40 
232 236 
284 216 
288 212 
232 240 
260 212 
248 212 
244 212 
244 212 
236 240 
232 208 
232 252 
232 204 
236 216 
236 212 
232 220 
252 212 
236 212 
244 212 
232 212 
228 212 
228 260 
240 264 
232 216 
228 212 
232 228 
232 212 
236 212 
232 212 
228 44 
236 212 
236 212 
236 220 
264 212 
236 208 
288 220 
240 236 
236 252 
236 204 
228 216 
236 216 
236 236 
228 212 
236 208 
528 208 
232 252 
232 268 
236 208 
328 324 
236 208 
232 212 
232 268 
236 232 
240 388 
236 212 
240 240 
236 232 
236 236 
228 216 
236 204 
236 216 
216 216 
236 612 
232 208 
228 208 
232 208 
236 212 
232 208 
236 208 
232 208 
216 212 
232 212 
232 212 
240 208 
236 212 
236 216 
232 208 
228 212 
232 212 
240 236 
232 208 
232 216 
236 212 
236 208 
236 212 
232 212 
236 236 
232 216 
232 216 
236 212 
240 220 
232 216 
248 212 
236 212 
232 212 
236 216 
232 208 
232 208 
232 236 
244 212 
232 236 
256 216 
236 336 
236 204 
236 212 
232 220 
232 212 
236 212 
228 212 
236 216 
232 260 
236 208 
228 212 
232 212 
240 208 
236 240 
232 208 
220 212 
236 216 
244 232 
236 220 
236 212 
232 232 
236 208 
232 220 
236 208 
232 220 
228 216 
232 212 
236 212 
312 212 
264 216 
236 212 
228 1160 
232 212 
232 216 
236 216 
232 212 
228 208 
548 212 
236 252 
228 212 
236 244 
236 212 
236 228 
236 208 
232 208 
236 228 
244 376 
236 220 
232 216 
240 236 
232 268 
240 220 
228 212 
236 212 
268 244 
236 632 
240 208 
240 216 
232 232 
236 232 
228 208 
236 228 
240 216 
208 212 
232 216 
236 1176 
236 256 
236 212 
232 236 
232 212 
332 216 
236 216 
232 204 
232 236 
236 232 
228 212 
228 204 
236 208 
236 272 
232 272 
232 208 
232 208 
236 220 
240 208 
236 236 
236 236 
236 236 
236 212 
236 212 
236 212 
236 232 
232 216 
232 208 
236 224 
228 208 
240 216 
236 236 
232 244 
1040 260 
236 212 
236 236 
228 212 
228 212 
232 228 
240 232 
232 204 
232 212 
236 212 
236 240 
240 220 
232 228 
236 208 
240 208 
236 220 
236 212 
236 208 
232 208 
236 212 
236 212 
248 216 
240 204 
232 208 
236 240 
336 208 
232 212 
228 208 
240 224 
228 212 
232 212 
240 216 
232 220 
236 252 
584 264 
232 260 
236 208 
232 216 
236 256 
232 212 
236 212 
236 216 
240 212 
232 424 
236 212 
232 212 
236 216 
232 236 
236 236 
232 212 
232 232 
212 268 
228 676 
232 204 
236 216 
232 208 
236 216 
236 216 
228 208 
232 208 
208 216 
244 208 
232 212 
232 216 
232 208 
244 252 
232 212 
240 240 
236 212 
236 284 
232 212 
232 220 
236 240 
236 216 
44 44 
236 216 
236 248 
236 252 
228 212 
228 212 
244 236 
236 216 
228 216 
236 216 
396 216 
236 208 
236 236 
228 216 
236 240 
236 208 
232 220 
232 216 
236 208 
236 208 
236 216 
236 236 
232 208 
248 212 
228 212 
240 216 
232 208 
236 240 
236 220 
44 48 
244 236 
236 236 
232 236 
232 208 
232 216 
236 212 
236 212 
236 252 
228 212 
232 216 
236 220 
232 212 
236 216 
236 236 
236 212 
236 240 
372 260 
232 44 
232 212 
236 216 
236 220 
236 236 
240 240 
248 212 
232 240 
600 212 
236 212 
360 212 
232 228 
228 204 
232 216 
228 208 
236 208 
240 212 
236 412 
240 220 
232 236 
236 216 
232 212 
232 212 
336 212 
236 208 
216 220 
236 684 
232 216 
232 236 
232 216 
240 208 
232 208 
240 208 
232 236 
216 216 
240 236 
236 260 
244 216 
232 212 
232 220 
236 216 
248 232 
236 236 
232 216 
232 208 
236 236 
240 204 
864 208 
236 212 
228 208 
236 212 
232 204 
232 220 
240 212 
236 268 
236 244 
232 208 
236 216 
236 216 
240 236 
236 216 
236 232 
232 252 
232 212 
236 240 
228 216 
236 212 
236 204 
236 216 
236 248 
240 232 
228 208 
232 208 
244 208 
232 204 
240 236 
232 212 
228 228 
236 212 
232 216 
236 236 
980 208 
236 216 
228 212 
244 208 
236 332 
232 216 
232 216 
232 232 
232 212 
236 208 
232 212 
232 228 
256 224 
384 220 
236 216 
236 208 
236 216 
228 216 
248 208 
236 236 
236 216 
228 204 
632 212 
228 212 
236 212 
272 216 
232 212 
232 208 
240 220 
236 204 
236 216 
236 464 
236 212 
476 216 
232 212 
236 236 
232 212 
236 232 
236 212 
256 212 
228 684 
240 212 
236 216 
240 212 
236 220 
232 212 
236 212 
236 216 
216 204 
232 248 
264 216 
232 204 
240 208 
236 256 
232 248 
232 208 
236 212 
232 216 
236 220 
228 212 
232 216 
240 208 
236 212 
236 248 
228 208 
296 216 
240 216 
236 208 
236 260 
232 216 
236 236 
224 212 
236 208 
236 212 
232 240 
236 216 
296 204 
232 208 
236 212 
236 212 
236 260 
228 216 
236 244 
232 240 
528 220 
232 212 
236 236 
228 216 
232 240 
232 240 
232 236 
232 212 
232 212 
348 208 
236 228 
236 236 
248 212 
228 204 
236 208 
240 212 
232 228 
232 208 
244 216 
232 212 
232 236 
252 212 
232 216 
228 216 
412 208 
236 224 
240 240 
236 232 
236 212 
232 236 
236 236 
236 236 
236 240 
660 220 
236 208 
236 216 
236 228 
236 208 
240 212 
236 216 
232 204 
212 236 
232 492 
236 208 
240 240 
236 244 
228 65535 
0 0 
0 0 
0 0 
0 0 
0 0 
0 0 
0 0 
0 0 
0 0 
0 0 
0 0 
0 0 
0 0 
0 0 
0 0 
0 0 
0 0 
0 0 
0 0 
0 0 
0 0 
0 0 
0 0 
0 0 
0 0 
0 0 
0 0 
0 0 
0 0 
0 0 
0 0 
0 0 
0 0 
0 0 
0 0 
0 0 
0 0 
0 0 
0 0 
0 0 
0 0 
0 0 
0 0 
0 0 
0 0 
0 0 
0 0 
0 0 
0 0 
0 0 
0 0 
56 212 
228 216 
232 216 
236 252 
232 212 
236 216 
236 208 
240 212 
232 232 
236 212 
236 220 
232 224 
216 220 
228 212 
236 220 
44 48 
248 208 
232 236 
240 208 
448 216 
232 212 
404 220 
236 220 
224 220 
228 208 
232 212 
236 216 
236 212 
236 208 
236 220 
648 216 
236 260 
232 208 
232 236 
232 216 
236 236 
240 212 
236 216 
216 236 
232 516 
232 228 
236 212 
228 208 
388 204 
232 44 
240 216 
236 208 
312 208 
228 204 
232 216 
232 216 
236 212 
232 208 
580 212 
236 208 
240 236 
220 208 
236 212 
236 236 
236 236 
236 220 
240 260 
228 216 
240 216 
248 208 
232 212 
240 216 
232 208 
232 216 
240 240 
232 208 
236 212 
236 224 
236 204 
232 208 
236 216 
236 236 
236 232 
236 220 
228 212 
232 212 
232 212 
236 212 
240 236 
232 208 
240 208 
236 216 
232 204 
236 212 
240 268 
236 236 
236 212 
228 216 
236 244 
240 208 
236 244 
236 212 
236 216 
232 212 
236 220 
236 212 
232 212 
228 216 
680 212 
228 208 
240 236 
236 240 
216 216 
236 312 
240 208 
236 232 
232 204 
240 236 
232 216 
232 212 
232 216 
424 204 
244 208 
236 224 
232 216 
236 220 
236 228 
232 224 
232 212 
232 216 
672 208 
232 212 
232 204 
236 212 
232 216 
240 216 
232 208 
236 212 
216 220 
236 532 
240 204 
228 208 
620 208 
232 208 
236 252 
280 212 
236 212 
208 212 
236 216 
232 212 
236 216 
236 212 
232 208 
232 264 
240 232 
236 236 
240 264 
228 212 
232 212 
240 220 
240 232 
232 232 
240 212 
236 212 
232 212 
236 208 
232 216 
232 248 
232 236 
236 248 
232 220 
232 220 
240 240 
236 220 
236 260 
236 240 
248 212 
236 224 
236 268 
236 224 
360 220 
384 212 
236 232 
236 216 
240 220 
236 268 
232 216 
240 204 
236 212 
232 216 
236 256 
240 208 
228 208 
232 232 
236 236 
232 236 
232 228 
236 248 
228 216 
228 212 
236 212 
232 240 
228 208 
232 216 
240 268 
236 240 
392 212 
220 228 
236 212 
236 212 
236 228 
228 216 
228 228 
232 220 
240 208 
240 220 
428 216 
236 208 
240 236 
236 224 
236 224 
236 236 
236 256 
232 204 
232 208 
1020 220 
232 240 
240 212 
232 264 
248 212 
240 216 
240 224 
236 212 
220 216 
228 580 
232 212 
236 220 
236 212 
240 240 
236 264 
232 208 
224 208 
208 208 
264 212 
236 212 
236 212 
236 248 
228 220 
232 208 
232 208 
240 208 
232 216 
236 208 
232 248 
232 212 
232 208 
236 224 
236 236 
236 216 
344 232 
236 236 
236 216 
232 208 
236 224 
232 216 
232 216 
232 204 
364 216 
232 216 
232 208 
328 208 
232 236 
240 208 
232 256 
236 228 
232 224 
236 220 
236 220 
232 256 
232 212 
236 220 
324 212 
240 220 
236 212 
236 236 
232 212 
240 208 
236 212 
236 220 
236 204 
228 208 
228 44 
336 212 
236 212 
228 216 
232 212 
232 216 
240 212 
236 216 
232 236 
236 256 
236 216 
244 216 
232 208 
236 216 
232 216 
236 240 
236 232 
236 212 
232 212 
232 216 
492 212 
232 208 
232 236 
232 232 
236 208 
240 208 
232 236 
232 212 
228 212 
728 216 
228 88 
236 56 
228 216 
228 224 
232 240 
232 204 
240 204 
212 204 
240 556 
236 220 
236 212 
232 216 
236 236 
232 208 
228 220 
244 216 
216 240 
236 216 
236 212 
228 208 
236 212 
240 224 
196 220 
232 236 
232 216 
232 208 
240 208 
332 212 
236 216 
228 48 
240 224 
232 268 
232 240 
244 208 
232 252 
236 216 
232 232 
232 216 
244 212 
240 212 
236 232 
228 216 
232 208 
228 212 
240 212 
232 212 
252 212 
236 236 
236 212 
236 228 
236 216 
236 208 
236 208 
232 236 
236 236 
228 204 
212 216 
472 208 
236 208 
236 236 
240 252 
276 208 
232 208 
236 212 
236 208 
240 208 
236 216 
236 208 
236 236 
236 244 
232 212 
236 228 
232 1080 
236 248 
236 256 
232 212 
284 240 
236 248 
232 212 
240 212 
236 212 
236 264 
232 248 
236 208 
232 244 
516 240 
232 212 
236 208 
232 244 
236 216 
240 236 
232 224 
232 212 
232 208 
728 216 
240 264 
236 212 
232 216 
356 212 
232 216 
236 212 
232 224 
216 236 
232 584 
232 232 
232 216 
236 336 
236 240 
228 232 
228 212 
232 208 
216 208 
236 240 
232 340 
236 216 
244 212 
228 212 
228 216 
240 236 
236 216 
236 236 
228 212 
232 212 
236 232 
228 212 
236 216 
236 216 
228 228 
232 212 
232 212 
236 236 
232 216 
228 216 
240 208 
236 224 
236 244 
232 248 
236 216 
236 232 
240 264 
232 224 
236 212 
240 212 
232 208 
236 212 
236 208 
232 208 
236 212 
236 212 
232 244 
232 268 
236 244 
232 216 
232 208 
228 208 
232 208 
236 888 
232 216 
232 208 
236 240 
236 236 
236 208 
232 208 
228 212 
236 208 
236 212 
236 224 
236 240 
236 212 
236 232 
236 208 
272 220 
236 212 
232 208 
240 216 
232 212 
236 232 
236 228 
280 216 
240 240 
496 236 
228 216 
232 212 
240 208 
244 236 
236 216 
232 212 
268 228 
228 212 
752 216 
236 944 
240 208 
236 236 
232 212 
236 204 
236 216 
236 256 
212 212 
232 624 
232 208 
236 204 
236 208 
236 216 
236 208 
240 216 
236 256 
216 208 
232 212 
236 216 
248 212 
240 220 
236 228 
232 208 
236 216 
232 208 
236 216 
352 208 
232 248 
236 208 
232 208 
240 208 
236 236 
236 216 
860 260 
240 212 
232 264 
232 216 
236 208 
236 208 
228 208 
236 208 
240 212 
236 236 
240 224 
228 220 
236 212 
232 220 
240 304 
232 216 
240 208 
240 208 
240 208 
236 212 
236 216 
256 248 
236 244 
228 216 
272 216 
232 208 
236 212 
236 232 
236 232 
252 212 
236 208 
236 208 
244 256 
232 212 
240 216 
236 236 
232 220 
236 212 
308 256 
232 212 
236 212 
228 208 
232 208 
316 236 
236 220 
236 236 
232 252 
240 232 
232 208 
232 212 
228 212 
240 236 
544 212 
236 212 
232 220 
236 264 
232 224 
236 208 
232 208 
236 212 
232 256 
228 388 
232 216 
240 212 
240 216 
236 216 
228 216 
236 204 
232 208 
208 212 
228 656 
240 208 
44 52 
228 216 
232 212 
232 212 
236 232 
232 208 
216 220 
236 236 
232 252 
244 212 
232 208 
228 212 
992 220 
236 228 
236 208 
236 216 
232 212 
240 204 
44 44 
232 208 
240 212 
232 256 
228 216 
232 208 
232 216 
236 212 
236 212 
232 208 
228 216 
232 216 
232 216 
240 240 
236 236 
240 216 
232 236 
236 240 
240 228 
232 216 
232 208 
236 208 
232 212 
232 220 
232 212 
240 212 
232 212 
236 256 
232 216 
236 212 
232 48 
232 212 
236 236 
232 212 
232 216 
232 208 
232 216 
236 268 
232 256 
240 212 
232 220 
236 212 
232 224 
236 216 
232 224 
240 212 
228 212 
236 256 
336 204 
240 240 
232 240 
232 212 
232 208 
232 208 
236 220 
236 212 
240 208 
568 212 
228 208 
240 212 
236 212 
232 220 
236 220 
236 304 
248 212 
236 212 
236 408 
232 216 
232 208 
236 256 
236 208 
264 212 
236 240 
240 216 
212 208 
236 644 
228 220 
236 212 
924 216 
232 208 
240 204 
228 216 
236 212 
212 212 
232 212 
232 236 
232 240 
232 240 
236 212 
240 204 
232 240 
236 264 
236 204 
240 212 
228 208 
236 220 
232 212 
240 216 
232 216 
232 208 
236 212 
228 216 
232 212 
236 216 
232 212 
236 212 
236 236 
236 208 
232 208 
232 208 
240 208 
236 224 
892 236 
228 216 
232 220 
232 212 
240 240 
236 208 
232 204 
240 212 
228 216 
236 216 
232 204 
236 220 
232 212 
232 260 
232 240 
236 212 
232 212 
232 212 
240 212 
236 224 
232 208 
228 212 
244 212 
236 220 
236 232 
232 256 
232 204 
236 208 
236 212 
232 220 
236 256 
288 212 
236 216 
280 212 
240 268 
240 268 
236 216 
236 208 
236 208 
240 236 
580 216 
228 212 
232 220 
240 264 
236 216 
228 208 
228 208 
232 216 
232 220 
232 416 
240 236 
232 220 
232 212 
236 220 
224 212 
236 212 
240 224 
212 212 
236 616 
232 244 
236 212 
232 212 
300 216 
236 232 
240 212 
236 236 
212 236 
260 212 
232 216 
236 216 
236 220 
236 232 
232 208 
232 212 
248 220 
236 264 
236 252 
228 216 
232 212 
232 208 
232 208 
236 208 
236 216 
236 208 
728 220 
236 212 
240 236 
236 212 
232 212 
232 212 
232 216 
236 240 
232 236 
236 236 
236 236 
232 228 
272 212 
240 240 
240 216 
232 212 
236 216 
236 208 
240 268 
236 228 
232 212 
228 208 
240 260 
240 236 
232 252 
228 224 
236 208 
236 212 
240 240 
236 292 
232 248 
236 216 
356 220 
848 220 
240 208 
232 216 
236 212 
232 208 
236 212 
236 212 
236 212 
228 212 
352 216 
232 212 
236 216 
236 212 
236 220 
236 236 
228 212 
232 208 
240 224 
616 212 
236 212 
240 216 
236 220 
232 236 
236 224 
232 212 
236 228 
212 208 
232 444 
236 216 
236 216 
240 236 
232 224 
232 208 
228 216 
236 264 
212 244 
232 580 
232 208 
236 236 
232 260 
232 208 
232 216 
232 216 
240 212 
216 208 
240 236 
236 240 
292 208 
236 208 
236 232 
228 212 
232 208 
236 212 
236 224 
228 212 
232 212 
236 204 
236 208 
240 216 
232 232 
228 212 
232 212 
240 224 
228 216 
232 212 
228 212 
44 48 
236 264 
292 212 
236 216 
236 220 
232 212 
236 204 
228 212 
232 220 
240 216 
236 216 
240 204 
236 236 
228 212 
236 208 
232 208 
232 212 
232 212 
424 236 
236 208 
236 212 
232 208 
236 220 
236 248 
232 240 
236 216 
232 208 
232 212 
228 212 
40 48 
240 236 
232 244 
236 208 
240 204 
240 236 
232 264 
236 244 
232 212 
404 240 
240 216 
236 232 
228 216 
232 256 
232 208 
240 216 
236 212 
236 212 
620 220 
244 216 
232 220 
236 208 
228 228 
504 208 
236 220 
236 236 
204 220 
240 448 
236 212 
236 216 
240 212 
236 48 
232 208 
232 208 
232 212 
208 212 
236 712 
236 212 
232 212 
240 264 
236 220 
244 216 
232 212 
228 208 
212 240 
236 216 
236 216 
232 208 
236 208 
232 228 
232 204 
236 212 
236 212 
232 208 
236 240 
232 212 
228 208 
236 320 
272 216 
232 216 
240 240 
232 216 
228 208 
236 220 
232 216 
240 216 
236 216 
232 216 
240 208 
236 212 
232 220 
228 212 
236 216 
508 208 
236 212 
232 212 
236 208 
236 224 
240 260 
232 212 
224 216 
240 212 
236 240 
228 220 
236 324 
236 220 
228 216 
232 212 
324 212 
232 212 
240 256 
232 252 
236 216 
232 256 
236 212 
236 216 
240 240 
284 208 
228 208 
240 208 
236 236 
240 236 
240 240 
224 212 
400 216 
236 256 
232 208 
336 228 
232 208 
236 224 
232 208 
232 232 
232 248 
636 212 
236 212 
240 212 
240 212 
236 232 
240 236 
236 236 
236 244 
276 228 
232 500 
232 208 
236 208 
232 208 
240 212 
236 216 
236 204 
228 212 
212 212 
236 688 
232 212 
232 212 
236 212 
236 212 
232 232 
232 212 
232 216 
220 212 
240 232 
228 208 
236 212 
236 236 
240 344 
232 212 
236 216 
232 216 
228 212 
232 212 
236 220 
240 204 
236 208 
240 236 
232 212 
232 212 
236 224 
232 216 
236 204 
236 220 
236 216 
236 216 
232 208 
228 208 
236 216 
236 220 
236 204 
236 212 
240 216 
232 244 
236 212 
240 208 
232 228 
232 208 
240 216 
232 212 
232 208 
236 232 
240 228 
236 212 
236 212 
232 212 
232 212 
232 208 
236 208 
240 212 
224 216 
236 212 
232 264 
236 212 
1132 212 
236 220 
228 212 
236 212 
232 212 
236 256 
232 208 
232 256 
244 220 
420 224 
232 208 
236 220 
236 236 
240 216 
232 220 
232 216 
232 216 
232 208 
668 212 
236 208 
236 240 
236 212 
236 228 
240 212 
236 212 
232 208 
216 212 
236 500 
236 220 
236 208 
236 232 
236 212 
240 236 
236 212 
192 212 
212 212 
232 744 
236 216 
232 212 
236 236 
236 252 
236 220 
236 220 
232 212 
232 212 
236 212 
236 236 
232 220 
240 232 
232 208 
240 212 
236 220 
236 216 
228 212 
236 204 
236 208 
236 248 
236 240 
232 216 
232 212 
240 216 
236 236 
236 208 
236 240 
236 212 
232 212 
240 204 
236 208 
236 220 
236 212 
228 208 
232 228 
228 216 
232 208 
236 212 
240 216 
232 264 
232 208 
232 216 
316 224 
236 220 
232 212 
228 208 
232 212 
232 824 
232 260 
236 216 
236 208 
228 244 
228 216 
240 224 
236 208 
236 260 
236 216 
228 216 
224 264 
236 240 
40 44 
228 204 
232 208 
232 208 
240 212 
236 212 
236 216 
404 208 
228 212 
232 216 
236 216 
236 224 
240 240 
236 244 
240 212 
232 216 
632 220 
232 212 
236 208 
236 212 
328 236 
236 236 
228 212 
228 208 
216 212 
228 476 
236 208 
236 212 
44 48 
236 212 
236 216 
236 232 
232 228 
208 232 
228 224 
232 216 
236 208 
288 208 
232 236 
232 208 
232 212 
236 208 
236 212 
240 220 
240 272 
232 204 
256 212 
232 212 
244 216 
232 240 
232 236 
240 212 
240 244 
236 212 
240 216 
228 48 
240 236 
232 224 
232 220 
228 208 
236 220 
232 328 
236 240 
260 208 
256 212 
232 244 
240 220 
232 236 
236 220 
244 216 
232 212 
236 980 
232 204 
236 208 
236 212 
236 212 
240 216 
236 232 
236 204 
240 204 
236 248 
232 248 
240 216 
232 212 
236 216 
236 212 
244 212 
232 212 
236 228 
232 212 
236 204 
236 208 
240 236 
220 236 
236 212 
232 388 
236 216 
236 240 
232 212 
232 216 
244 212 
236 212 
468 208 
236 208 
232 216 
232 976 
236 236 
284 212 
232 212 
232 204 
236 212 
716 220 
236 248 
228 252 
232 216 
232 236 
232 216 
240 208 
232 212 
216 208 
236 520 
228 216 
236 216 
232 204 
236 212 
232 212 
240 236 
240 220 
212 240 
240 240 
236 240 
232 212 
236 216 
236 236 
240 212 
236 236 
232 272 
236 212 
232 216 
236 224 
232 208 
236 220 
312 212 
236 232 
232 216 
236 212 
232 216 
236 216 
232 212 
232 256 
256 208 
236 204 
276 220 
232 216 
240 240 
232 864 
232 208 
240 236 
236 244 
232 212 
232 212 
236 236 
240 204 
232 228 
236 252 
264 208 
236 212 
228 212 
228 208 
236 240 
232 216 
236 212 
236 224 
244 212 
232 212 
236 240 
320 212 
236 208 
232 212 
240 208 
236 224 
232 216 
232 212 
240 212 
236 232 
236 208 
228 212 
232 268 
260 208 
236 412 
232 208 
232 212 
228 212 
236 220 
228 208 
248 236 
232 228 
476 216 
232 212 
236 216 
240 236 
256 208 
232 212 
232 208 
236 212 
236 216 
712 236 
240 236 
244 208 
236 212 
232 216 
236 216 
232 224 
236 216 
212 240 
280 524 
240 216 
236 236 
232 236 
236 212 
232 216 
236 216 
852 216 
212 216 
236 212 
228 216 
240 212 
236 232 
232 212 
232 216 
232 212 
232 212 
232 212 
232 216 
232 216 
236 212 
236 236 
232 232 
228 248 
236 204 
236 216 
236 240 
232 260 
236 212 
232 208 
236 212 
232 208 
236 216 
236 216 
240 224 
232 216 
228 212 
236 220 
240 216 
232 216 
232 212 
344 224 
232 212 
232 212 
232 212 
228 208 
236 212 
236 208 
240 216 
236 208 
236 212 
236 244 
232 208 
244 216 
236 212 
236 236 
236 220 
228 212 
232 208 
232 216 
232 212 
244 232 
232 212 
236 248 
232 224 
232 212 
236 220 
228 208 
256 260 
232 256 
284 252 
240 260 
236 252 
232 204 
240 212 
240 248 
232 208 
508 208 
236 212 
236 240 
228 212 
236 240 
232 212 
232 216 
236 212 
232 220 
744 212 
232 220 
232 212 
244 204 
288 216 
880 216 
228 208 
236 212 
212 212 
240 552 
232 212 
228 212 
228 212 
232 212 
232 212 
240 216 
236 212 
216 216 
240 240 
224 212 
232 212 
236 224 
44 48 
236 236 
232 212 
236 220 
236 236 
248 212 
236 212 
232 228 
232 212 
244 240 
288 212 
228 208 
236 216 
236 236 
240 220 
240 208 
236 216 
232 216 
232 212 
236 212 
228 208 
236 244 
232 208 
232 208 
240 212 
232 248 
236 252 
236 216 
308 216 
232 216 
44 44 
236 264 
232 256 
236 220 
236 216 
240 236 
236 216 
232 212 
240 212 
224 220 
240 220 
232 212 
236 216 
240 212 
232 240 
276 208 
340 220 
236 216 
236 220 
236 248 
236 244 
232 208 
236 212 
232 236 
236 232 
284 212 
228 208 
244 208 
236 220 
232 48 
228 212 
232 212 
240 216 
240 212 
492 236 
240 232 
232 208 
996 232 
232 208 
232 208 
228 208 
244 212 
236 236 
228 368 
232 216 
236 212 
236 212 
268 216 
228 208 
236 212 
236 244 
212 204 
228 612 
232 216 
232 236 
240 212 
236 216 
236 236 
232 244 
236 216 
204 212 
236 216 
344 208 
232 212 
240 244 
228 212 
232 216 
228 216 
236 236 
232 212 
228 208 
804 212 
240 212 
236 212 
240 240 
236 240 
240 236 
232 216 
236 220 
236 216 
240 268 
232 264 
236 264 
228 240 
232 252 
236 268 
240 216 
232 208 
236 220 
236 264 
236 256 
236 216 
236 208 
228 212 
244 216 
228 216 
232 212 
228 212 
236 212 
240 232 
240 256 
232 212 
232 208 
232 216 
212 212 
236 212 
232 212 
236 220 
232 216 
240 212 
228 232 
244 236 
232 212 
244 212 
236 232 
228 212 
232 212 
232 212 
236 236 
244 236 
312 204 
236 216 
228 220 
232 212 
236 208 
240 212 
240 212 
236 216 
232 212 
424 216 
236 232 
232 220 
232 212 
232 220 
240 212 
232 228 
236 208 
240 216 
224 392 
232 212 
236 204 
232 208 
236 208 
232 216 
236 236 
256 220 
208 216 
244 624 
236 212 
236 220 
236 208 
240 216 
232 208 
232 212 
236 212 
676 232 
236 220 
236 208 
292 208 
232 208 
236 212 
236 236 
228 216 
232 212 
232 212 
240 208 
236 212 
232 216 
260 208 
236 208 
236 208 
240 236 
236 208 
232 208 
236 212 
232 220 
232 208 
236 212 
236 212 
232 260 
228 232 
236 212 
232 244 
236 232 
332 212 
232 216 
236 216 
232 284 
660 208 
236 212 
232 216 
236 236 
236 248 
232 212 
228 224 
236 236 
236 208 
268 264 
236 236 
276 236 
232 216 
232 216 
236 208 
232 204 
340 216 
236 268 
232 220 
236 216 
240 264 
232 216 
232 240 
244 212 
228 208 
232 204 
228 208 
328 220 
232 208 
240 208 
240 236 
236 220 
236 212 
236 252 
232 208 
232 212 
552 212 
260 208 
232 208 
236 208 
240 212 
236 232 
240 236 
232 212 
244 212 
232 428 
236 212 
236 240 
228 268 
236 236 
248 216 
236 216 
240 208 
212 216 
228 680 
236 232 
240 208 
232 208 
236 212 
236 216 
236 236 
236 216 
212 216 
240 332 
232 224 
236 224 
240 212 
236 208 
232 208 
240 236 
236 216 
236 208 
232 204 
236 208 
240 236 
236 256 
228 212 
236 212 
236 208 
236 236 
232 212 
272 208 
236 248 
236 216 
212 212 
236 212 
236 216 
236 244 
236 236 
228 212 
232 212 
240 220 
236 236 
240 212 
232 216 
236 212 
240 16336 
0 0 
0 0 
0 0 
240 208 
232 236 
228 232 
232 240 
384 240 
228 232 
232 232 
228 236 
232 232 
232 192 
212 232 
228 232 
236 232 
236 232 
232 236 
232 228 
188 228 
232 232 
288 232 
228 232 
228 232 
228 216 
352 232 
236 232 
232 232 
232 228 
188 232 
188 228 
228 208 
192 208 
212 228 
188 312 
232 228 
232 220 
200 228 
232 232 
192 232 
232 232 
232 192 
216 188 
188 232 
248 232 
208 228 
228 188 
232 232 
232 216 
232 208 
228 188 
228 208 
208 228 
212 192 
228 228 
232 236 
316 248 
196 192 
296 232 
228 228 
208 208 
192 220 
232 232 
232 188 
236 240 
188 228 
232 228 
232 228 
196 196 
232 208 
232 232 
264 228 
228 232 
224 228 
232 228 
232 228 
228 232 
228 232 
232 236 
228 232 
212 232 
232 228 
208 240 
232 192 
192 216 
232 276 
204 196 
232 192 
228 228 
232 232 
228 228 
228 232 
228 232 
236 232 
232 232 
232 224 
232 236 
228 232 
228 232 
212 232 
228 232 
236 236 
228 188 
224 228 
228 228 
200 228 
232 240 
236 232 
212 236 
296 228 
232 204 
212 492 
236 192 
228 232 
232 228 
208 228 
228 232 
232 232 
228 232 
188 236 
352 228 
228 232 
224 232 
232 228 
208 232 
208 208 
208 196 
192 188 
240 212 
612 232 
224 192 
228 228 
232 212 
192 228 
228 292 
228 188 
232 232 
212 232 
232 680 
236 228 
232 228 
228 228 
232 232 
232 236 
232 236 
232 232 
208 228 
232 704 
232 228 
192 232 
236 232 
228 232 
236 244 
236 228 
232 236 
244 216 
204 196 
208 232 
216 228 
232 232 
232 212 
188 212 
236 232 
196 232 
232 192 
228 240 
188 208 
208 208 
228 236 
228 232 
232 228 
224 232 
208 232 
232 232 
228 236 
228 236 
44 52 
236 264 
236 216 
240 212 
232 212 
236 236 
236 236 
248 212 
236 208 
232 212 
236 216 
236 236 
1008 212 
232 216 
236 204 
232 212 
232 208 
232 232 
240 208 
236 208 
232 212 
232 212 
240 204 
236 212 
232 216 
232 204 
232 236 
236 212 
40 48 
232 208 
232 216 
228 212 
232 216 
240 220 
240 216 
236 268 
232 212 
256 212 
236 212 
368 220 
236 224 
232 212 
236 236 
280 212 
232 204 
236 212 
232 240 
240 220 
640 212 
236 240 
240 236 
244 236 
232 220 
228 216 
236 264 
320 204 
208 208 
236 476 
232 48 
236 216 
232 220 
228 216 
244 216 
232 212 
236 236 
212 236 
364 560 
236 244 
224 208 
236 208 
236 256 
228 208 
236 264 
228 212 
208 208 
236 224 
240 236 
232 256 
320 204 
236 208 
236 268 
