# ./FR-trace starting at Mon Apr 20 18:56:05 2020
################# CONFIG #################
# slot=5000
# samples=10000
# threshold=100
# idle=500
# minlen=500
# runs=10000
# pdathreads=2
# nmonitored=2
#   monitor0=../apps/openssl ec2_mult.c:153 0x1e7854
#   monitor1=../apps/openssl ec2_mult.c:161 0x1e789c
# nevicted=0
# npdatargets=2
#   target0=../apps/openssl bn_gf2m.c:412 0x20bd10
#   target1=../apps/openssl bn_gf2m.c:412+64 0x20bd50
# affinity=all
############## SYSTEM INFO ###############
# mastik_version=
# sysname=Linux
# nodename=lovelace
# release=5.3.7-arch1-1-ARCH
# version=#1 SMP PREEMPT Fri Oct 18 00:17:03 UTC 2019
# machine=x86_64
################## DATA ##################
# run=1320
# datapoints=10000
48 48 
232 204 
232 208 
240 208 
236 216 
236 216 
232 204 
232 204 
236 212 
240 224 
236 224 
236 212 
240 204 
228 220 
232 208 
240 208 
236 232 
236 212 
216 212 
236 248 
236 236 
232 212 
232 268 
240 208 
232 212 
232 212 
244 208 
440 208 
44 40 
232 232 
240 208 
244 212 
232 208 
236 220 
232 212 
232 208 
672 256 
228 304 
240 236 
236 208 
236 208 
232 212 
232 224 
236 204 
212 216 
236 540 
228 212 
232 212 
232 212 
232 232 
236 208 
236 220 
236 212 
208 244 
236 208 
232 44 
232 244 
236 204 
232 208 
236 204 
232 204 
236 204 
244 220 
236 208 
240 212 
232 212 
236 236 
236 240 
236 212 
232 216 
232 208 
228 208 
232 236 
196 228 
228 228 
192 196 
212 220 
324 232 
216 196 
232 212 
212 204 
232 212 
232 212 
236 216 
212 192 
212 208 
192 208 
228 192 
232 188 
192 212 
192 320 
212 192 
212 204 
192 208 
212 192 
232 212 
4776 232 
0 0 
192 232 
188 208 
208 212 
208 192 
208 208 
212 208 
236 232 
232 228 
192 192 
208 188 
228 208 
200 204 
228 208 
232 232 
212 208 
236 208 
228 208 
192 188 
236 232 
232 228 
228 228 
208 228 
192 208 
232 188 
460 232 
188 192 
228 228 
232 204 
268 208 
236 216 
236 212 
240 212 
236 232 
696 208 
228 216 
232 212 
236 208 
232 208 
232 208 
236 236 
232 208 
220 204 
236 492 
240 236 
236 224 
236 212 
252 212 
228 208 
240 212 
240 220 
216 232 
236 208 
232 208 
236 212 
240 208 
236 232 
240 216 
236 216 
240 232 
244 232 
232 208 
236 212 
240 216 
236 216 
228 208 
236 312 
232 204 
236 216 
236 220 
240 256 
232 212 
232 228 
240 212 
288 208 
236 208 
236 208 
240 212 
236 232 
228 212 
240 208 
448 204 
236 216 
232 208 
236 216 
232 208 
236 228 
236 216 
240 208 
232 264 
232 212 
240 208 
236 208 
236 220 
248 208 
236 208 
236 220 
236 236 
228 208 
236 240 
232 208 
236 204 
364 204 
232 212 
232 208 
240 216 
240 232 
232 212 
232 208 
232 208 
236 208 
244 212 
236 204 
236 216 
236 236 
240 208 
240 236 
240 232 
228 224 
236 232 
456 212 
236 212 
240 208 
236 204 
236 212 
236 220 
236 232 
228 268 
244 208 
704 212 
232 212 
232 204 
232 208 
236 232 
236 208 
236 208 
244 212 
216 212 
236 572 
236 212 
236 216 
232 204 
44 44 
232 208 
232 208 
228 208 
208 236 
236 216 
236 236 
260 212 
240 228 
232 212 
232 208 
236 232 
240 212 
232 204 
240 216 
228 212 
228 208 
236 216 
232 212 
236 252 
228 212 
228 208 
232 204 
228 212 
240 236 
228 228 
44 44 
240 212 
240 228 
240 208 
240 240 
228 212 
232 208 
236 216 
236 212 
240 208 
236 216 
232 208 
236 212 
240 208 
240 240 
236 220 
476 208 
236 216 
232 220 
244 204 
232 204 
236 216 
240 212 
232 220 
236 248 
232 208 
232 44 
236 208 
232 208 
232 216 
236 204 
240 236 
236 264 
236 208 
236 320 
236 212 
240 216 
236 212 
256 212 
244 208 
236 208 
236 212 
232 212 
240 208 
236 212 
228 216 
236 216 
500 212 
236 260 
232 212 
240 232 
240 208 
228 212 
260 212 
240 208 
236 208 
748 232 
236 212 
236 220 
236 208 
236 208 
472 232 
232 208 
240 204 
216 208 
236 568 
240 232 
236 232 
240 272 
236 212 
236 236 
240 216 
240 212 
216 276 
240 236 
232 252 
256 216 
232 208 
244 212 
236 204 
236 240 
236 224 
232 212 
232 216 
232 212 
236 208 
232 204 
236 212 
236 236 
228 208 
232 272 
272 212 
236 208 
236 212 
232 208 
240 204 
236 232 
232 204 
236 204 
236 208 
240 236 
232 236 
236 264 
232 212 
260 208 
232 216 
240 216 
236 240 
232 232 
236 208 
232 212 
240 236 
252 212 
232 212 
236 204 
236 212 
232 208 
236 212 
236 208 
236 264 
232 220 
232 212 
236 204 
240 212 
236 260 
240 264 
240 236 
236 232 
232 204 
232 204 
236 212 
236 208 
236 216 
280 208 
244 220 
236 268 
236 212 
232 208 
236 224 
240 208 
240 208 
240 236 
532 236 
232 208 
232 208 
596 208 
240 208 
232 216 
236 204 
236 204 
232 204 
236 372 
240 212 
240 208 
236 236 
232 204 
232 208 
240 236 
228 212 
216 220 
236 616 
232 208 
240 300 
240 224 
232 208 
236 216 
236 204 
236 216 
216 220 
232 232 
232 208 
232 212 
240 232 
244 220 
236 220 
236 240 
228 208 
232 208 
236 212 
576 228 
240 212 
232 264 
232 216 
236 220 
236 208 
236 216 
240 232 
232 216 
236 236 
236 212 
240 220 
236 232 
244 264 
236 212 
240 212 
236 204 
232 212 
240 212 
236 228 
232 220 
240 212 
232 212 
236 236 
240 240 
232 208 
232 204 
236 216 
252 208 
240 212 
240 208 
240 212 
236 232 
228 208 
240 216 
236 216 
236 216 
232 220 
232 216 
240 216 
240 236 
240 208 
236 224 
240 212 
232 208 
232 232 
236 212 
236 216 
232 204 
304 204 
236 204 
240 220 
228 208 
232 204 
236 236 
236 212 
236 232 
236 236 
520 216 
236 212 
236 204 
284 212 
236 236 
232 212 
232 208 
236 204 
232 236 
240 368 
228 208 
236 212 
240 232 
232 208 
236 204 
292 220 
248 212 
256 208 
232 656 
232 212 
236 212 
232 256 
240 212 
228 208 
240 208 
232 208 
400 212 
240 216 
228 208 
240 208 
236 212 
236 204 
236 224 
240 228 
240 232 
232 208 
240 208 
232 232 
48 44 
252 216 
248 204 
236 212 
236 232 
228 208 
236 208 
236 208 
236 212 
232 204 
236 220 
232 212 
232 212 
236 212 
232 204 
240 208 
240 236 
236 212 
236 208 
236 208 
236 216 
688 208 
236 220 
224 208 
236 208 
232 232 
48 44 
236 244 
236 208 
236 212 
232 204 
232 212 
240 208 
232 236 
232 212 
240 236 
236 204 
232 204 
236 208 
232 204 
232 216 
240 232 
240 256 
232 40 
232 236 
236 224 
244 212 
236 236 
292 212 
236 204 
236 208 
240 208 
236 208 
236 208 
232 220 
240 212 
236 208 
560 216 
236 212 
240 208 
240 208 
232 212 
240 224 
244 256 
236 212 
236 208 
232 412 
240 212 
236 216 
240 244 
232 212 
1348 228 
228 208 
236 228 
216 236 
236 624 
232 208 
240 212 
244 208 
232 216 
236 204 
236 208 
236 208 
216 348 
240 236 
260 212 
228 212 
236 208 
236 220 
236 212 
232 208 
240 216 
232 256 
232 212 
232 208 
240 216 
236 212 
232 204 
244 208 
232 224 
228 208 
240 212 
232 260 
240 212 
236 208 
236 212 
232 216 
240 236 
236 204 
236 208 
236 220 
232 212 
236 220 
232 236 
232 216 
236 228 
236 216 
236 220 
236 216 
236 212 
248 216 
240 220 
236 208 
244 212 
240 212 
236 212 
240 204 
236 216 
240 204 
236 208 
232 216 
240 204 
232 212 
236 208 
240 216 
232 236 
236 208 
232 204 
232 208 
236 260 
236 264 
232 216 
236 216 
348 216 
232 208 
240 216 
236 248 
236 208 
228 208 
236 212 
232 204 
240 236 
588 252 
244 212 
236 208 
240 972 
236 228 
232 212 
232 268 
236 208 
232 208 
240 428 
240 244 
236 212 
232 208 
236 232 
236 224 
228 212 
236 204 
208 212 
232 644 
236 236 
232 208 
232 228 
236 204 
240 232 
232 252 
232 208 
212 208 
360 672 
236 212 
236 240 
240 220 
240 236 
236 204 
240 212 
236 232 
240 236 
232 228 
232 212 
232 204 
240 204 
240 252 
236 236 
240 232 
228 228 
236 236 
240 236 
232 216 
236 204 
236 208 
236 212 
244 212 
236 204 
236 212 
236 236 
232 208 
236 212 
232 212 
240 236 
232 208 
236 208 
232 212 
228 208 
236 208 
240 212 
232 228 
232 212 
232 212 
232 224 
232 204 
240 208 
236 240 
232 204 
240 208 
236 220 
228 208 
232 208 
240 216 
232 216 
236 264 
236 236 
228 208 
232 208 
240 208 
232 220 
236 236 
236 236 
376 212 
236 992 
232 208 
240 332 
240 252 
236 208 
240 212 
240 236 
236 212 
572 216 
236 228 
236 256 
232 208 
236 212 
232 208 
244 256 
228 216 
224 204 
232 460 
232 208 
240 236 
240 264 
236 212 
232 208 
232 204 
236 212 
216 236 
236 680 
236 232 
236 236 
240 204 
232 212 
236 216 
240 208 
240 224 
212 252 
240 208 
240 204 
228 204 
240 236 
240 236 
232 208 
232 212 
236 236 
232 232 
44 48 
240 216 
232 208 
240 220 
236 232 
236 268 
240 212 
232 208 
244 236 
232 236 
236 216 
232 208 
240 236 
240 236 
232 212 
236 292 
232 212 
240 256 
240 220 
240 216 
236 216 
228 212 
236 264 
704 208 
232 204 
232 208 
236 212 
232 208 
44 44 
232 216 
236 208 
236 220 
232 220 
240 212 
236 208 
240 236 
232 208 
232 208 
236 256 
240 236 
232 228 
236 248 
236 212 
236 220 
232 236 
240 224 
236 232 
236 240 
236 208 
228 220 
396 220 
240 208 
240 264 
248 208 
232 208 
228 228 
236 44 
240 232 
232 208 
640 212 
240 224 
236 228 
236 248 
252 212 
236 216 
236 212 
236 264 
212 224 
236 480 
232 212 
240 212 
244 260 
232 204 
240 236 
1320 236 
236 208 
216 244 
240 684 
236 244 
232 212 
232 204 
236 212 
236 212 
236 212 
236 208 
212 216 
232 208 
232 204 
232 208 
240 208 
228 212 
236 208 
240 216 
240 208 
232 204 
236 236 
232 204 
240 204 
236 212 
236 224 
240 260 
240 212 
240 232 
256 208 
240 248 
232 212 
236 204 
1048 244 
240 248 
256 204 
228 212 
236 228 
236 244 
240 216 
236 216 
240 236 
232 212 
240 212 
240 260 
236 212 
240 236 
236 260 
236 256 
288 212 
240 204 
240 208 
232 208 
232 212 
244 216 
240 216 
240 232 
232 228 
232 208 
236 212 
232 212 
236 216 
232 212 
232 208 
228 236 
232 212 
236 212 
236 216 
232 212 
232 228 
236 236 
400 212 
232 208 
232 208 
236 212 
240 216 
232 224 
228 212 
240 204 
232 208 
640 216 
236 212 
240 216 
232 216 
236 244 
236 204 
236 256 
232 216 
212 216 
240 452 
236 236 
232 208 
236 212 
360 208 
236 212 
236 208 
240 204 
204 220 
236 720 
236 208 
240 236 
232 212 
232 212 
236 324 
232 212 
232 204 
208 208 
240 208 
276 204 
232 232 
232 216 
236 204 
236 204 
244 240 
236 212 
236 204 
240 232 
848 220 
236 208 
236 212 
240 256 
240 212 
236 204 
244 208 
232 208 
228 208 
236 220 
240 236 
240 232 
240 208 
232 208 
236 236 
232 216 
228 212 
232 244 
236 208 
240 264 
240 268 
228 212 
236 208 
236 236 
232 208 
228 212 
228 208 
240 208 
236 236 
232 240 
228 204 
240 212 
232 208 
236 212 
840 260 
232 208 
228 232 
244 212 
236 212 
236 204 
236 208 
236 212 
232 204 
232 236 
236 216 
232 212 
232 204 
232 208 
268 224 
416 212 
236 236 
240 240 
236 212 
232 268 
236 212 
252 208 
240 232 
240 212 
680 216 
232 212 
232 212 
236 212 
232 212 
240 236 
236 260 
232 212 
208 208 
236 500 
232 204 
236 216 
240 248 
232 212 
240 236 
236 208 
236 264 
216 232 
284 680 
240 204 
240 212 
236 204 
232 212 
228 204 
240 236 
236 212 
748 212 
236 220 
236 228 
232 212 
236 236 
232 208 
240 216 
240 212 
236 232 
236 212 
232 204 
232 212 
240 264 
232 204 
236 212 
236 232 
240 236 
236 236 
232 216 
232 204 
232 212 
244 264 
240 216 
232 204 
236 208 
240 212 
236 240 
232 212 
228 204 
236 236 
240 212 
144 44 
232 256 
228 208 
688 220 
236 208 
236 232 
236 216 
232 204 
320 236 
232 208 
240 208 
232 204 
232 212 
236 264 
236 208 
236 208 
236 212 
232 244 
232 208 
236 216 
216 212 
232 208 
244 208 
240 236 
236 236 
248 212 
232 236 
236 228 
64 44 
444 212 
228 212 
232 212 
232 212 
236 204 
240 236 
240 216 
524 212 
236 236 
684 220 
236 216 
240 204 
236 212 
236 208 
240 208 
236 208 
236 224 
216 224 
232 564 
236 216 
236 236 
240 232 
232 208 
236 240 
232 208 
236 208 
216 208 
232 216 
232 208 
228 208 
236 212 
244 232 
248 208 
232 216 
236 248 
236 252 
236 212 
244 212 
236 208 
232 208 
232 212 
320 208 
236 208 
232 208 
240 216 
236 232 
232 212 
232 216 
236 204 
232 212 
232 208 
240 256 
228 204 
236 260 
228 220 
240 208 
232 204 
236 292 
244 204 
232 208 
236 204 
236 212 
240 228 
244 236 
236 228 
236 204 
240 208 
236 256 
236 236 
232 208 
232 228 
232 204 
236 208 
240 232 
236 216 
232 208 
232 208 
236 236 
236 220 
232 208 
236 236 
244 212 
240 212 
240 260 
236 220 
240 228 
232 208 
232 208 
228 280 
232 208 
232 208 
596 212 
236 208 
240 248 
240 212 
484 232 
240 236 
236 208 
232 216 
236 216 
236 204 
240 236 
240 232 
356 208 
688 212 
240 208 
240 216 
232 208 
236 212 
236 236 
236 208 
236 216 
216 208 
236 544 
228 216 
232 224 
236 204 
240 208 
236 208 
236 208 
240 208 
216 236 
232 208 
232 208 
248 212 
232 208 
236 216 
236 216 
236 216 
236 212 
236 212 
228 208 
236 208 
232 212 
232 212 
236 236 
276 208 
232 208 
236 216 
232 204 
240 212 
228 208 
240 212 
240 220 
240 220 
228 212 
236 208 
236 204 
232 208 
240 208 
232 208 
232 208 
248 212 
240 208 
232 224 
236 208 
236 212 
232 204 
240 236 
236 208 
236 208 
236 208 
236 208 
236 224 
240 252 
236 216 
232 208 
244 232 
240 208 
236 216 
240 228 
248 212 
236 204 
232 204 
228 212 
260 212 
232 212 
236 204 
232 212 
264 208 
232 212 
260 212 
236 212 
232 212 
228 212 
240 208 
236 208 
228 212 
236 208 
236 232 
476 212 
236 208 
236 224 
236 248 
232 212 
236 212 
228 208 
232 208 
240 212 
728 212 
236 232 
232 216 
236 212 
232 204 
236 224 
232 208 
244 208 
212 212 
236 512 
368 208 
236 248 
232 216 
232 208 
256 212 
232 208 
240 208 
216 236 
244 236 
232 212 
236 212 
236 208 
240 212 
240 220 
240 264 
236 268 
232 216 
228 212 
240 208 
232 208 
240 208 
236 212 
236 212 
240 224 
240 208 
236 236 
248 208 
232 204 
236 208 
232 228 
240 204 
236 208 
236 216 
236 212 
236 236 
232 208 
236 208 
236 208 
232 212 
240 212 
292 232 
236 236 
236 216 
256 212 
228 208 
240 208 
236 216 
264 208 
236 208 
240 216 
236 236 
232 208 
236 212 
236 204 
240 232 
228 208 
236 212 
232 208 
236 216 
232 212 
236 212 
232 208 
240 208 
232 208 
236 260 
52 212 
236 248 
284 208 
240 232 
236 224 
248 232 
232 212 
240 212 
232 236 
244 212 
232 212 
492 216 
236 212 
236 212 
240 264 
228 212 
240 204 
240 208 
236 208 
280 208 
752 224 
244 208 
236 244 
236 208 
236 324 
232 216 
228 212 
44 44 
216 208 
232 588 
236 212 
232 212 
240 212 
236 236 
240 216 
244 208 
236 208 
216 216 
240 212 
232 204 
232 208 
240 232 
240 232 
240 216 
232 208 
236 208 
236 236 
232 208 
228 212 
236 212 
400 204 
236 204 
192 204 
244 212 
232 208 
240 216 
244 48 
232 208 
272 224 
236 212 
236 232 
236 228 
240 208 
240 236 
228 208 
240 212 
232 244 
228 208 
240 208 
232 212 
236 220 
236 212 
236 216 
236 208 
232 208 
236 208 
236 212 
240 220 
240 236 
236 212 
240 208 
236 236 
232 212 
240 208 
236 236 
236 236 
240 208 
240 236 
240 212 
240 248 
236 204 
232 204 
236 216 
236 212 
240 212 
240 216 
236 208 
276 220 
236 208 
228 208 
228 212 
232 212 
1108 216 
232 204 
232 228 
240 208 
520 216 
232 224 
236 208 
236 232 
232 220 
232 204 
240 208 
236 208 
228 212 
748 216 
240 208 
240 224 
236 240 
240 208 
240 212 
232 268 
236 212 
216 400 
236 584 
236 236 
228 212 
236 224 
248 208 
272 236 
232 212 
236 236 
212 204 
236 224 
236 212 
252 236 
232 224 
232 212 
268 212 
236 224 
232 208 
240 204 
236 224 
232 208 
240 204 
224 216 
236 216 
232 212 
240 236 
236 228 
232 208 
236 208 
236 208 
240 212 
240 244 
232 208 
236 220 
236 216 
236 204 
236 212 
236 204 
240 208 
236 232 
236 252 
236 212 
248 208 
236 212 
236 212 
236 208 
232 204 
228 228 
232 252 
232 236 
236 212 
232 208 
232 208 
236 212 
232 264 
232 240 
232 212 
232 212 
232 212 
240 212 
228 208 
236 212 
232 208 
232 1036 
240 212 
236 212 
236 236 
236 204 
232 216 
308 236 
248 212 
236 208 
236 208 
236 216 
232 208 
232 224 
232 228 
228 208 
540 208 
236 232 
236 212 
228 212 
232 204 
240 208 
236 236 
232 232 
232 212 
236 396 
240 216 
236 236 
236 212 
232 212 
236 232 
236 212 
236 232 
212 232 
232 612 
236 216 
240 208 
236 208 
232 212 
240 212 
232 208 
228 232 
212 212 
232 208 
236 208 
236 204 
236 236 
236 212 
232 212 
236 204 
232 232 
236 236 
232 216 
232 208 
236 212 
232 212 
240 208 
240 232 
228 212 
236 208 
232 208 
232 208 
240 216 
236 220 
236 220 
232 208 
236 204 
236 212 
240 236 
232 216 
44 40 
240 236 
240 232 
232 224 
268 208 
240 216 
240 236 
236 240 
236 212 
240 208 
240 212 
240 212 
240 236 
236 252 
232 212 
232 852 
236 208 
236 208 
240 220 
248 248 
236 232 
236 236 
232 216 
240 216 
232 208 
240 216 
236 236 
48 48 
232 212 
236 232 
232 232 
228 212 
316 216 
244 212 
240 236 
228 212 
228 216 
244 216 
236 204 
240 204 
232 256 
556 232 
232 224 
236 204 
360 236 
232 48 
236 212 
236 216 
232 212 
1192 232 
236 376 
240 232 
256 216 
236 212 
236 208 
236 236 
236 220 
232 228 
212 204 
236 656 
232 236 
228 216 
236 212 
232 220 
232 224 
232 204 
240 212 
216 212 
236 264 
232 204 
236 220 
240 216 
240 256 
232 220 
248 208 
240 248 
228 216 
240 260 
236 208 
240 204 
236 236 
232 212 
960 216 
236 216 
236 220 
240 236 
276 212 
232 204 
240 236 
236 204 
240 236 
232 208 
240 204 
232 232 
232 216 
232 208 
236 208 
232 208 
236 260 
236 248 
240 236 
232 212 
228 216 
232 232 
236 212 
232 208 
240 232 
236 212 
240 224 
244 204 
232 232 
232 268 
236 208 
232 216 
240 208 
236 204 
240 224 
232 208 
240 224 
232 212 
240 212 
236 212 
232 212 
236 236 
236 208 
232 248 
236 208 
344 204 
236 208 
232 212 
236 208 
232 212 
240 236 
1056 212 
228 208 
236 204 
576 308 
236 264 
236 216 
232 212 
240 212 
232 252 
240 212 
236 240 
220 220 
232 448 
228 212 
240 204 
240 256 
240 208 
240 232 
240 232 
236 212 
220 236 
240 672 
232 212 
232 208 
228 212 
228 228 
240 208 
236 236 
236 212 
208 212 
232 208 
232 208 
236 208 
872 236 
240 212 
244 236 
244 220 
0 0 
0 0 
0 0 
0 0 
0 0 
0 0 
0 0 
0 0 
0 0 
0 0 
0 0 
0 0 
0 0 
0 0 
0 0 
0 0 
0 0 
0 0 
0 0 
0 0 
0 0 
0 0 
0 0 
0 0 
0 0 
0 0 
0 0 
0 0 
0 0 
0 0 
0 0 
0 0 
0 0 
0 0 
0 0 
0 0 
0 0 
0 0 
0 0 
0 0 
0 0 
0 0 
0 0 
0 0 
0 0 
0 0 
0 0 
0 0 
0 0 
0 0 
0 0 
0 0 
0 0 
0 0 
0 0 
0 0 
0 0 
0 0 
0 0 
236 212 
232 208 
624 204 
232 208 
236 220 
268 212 
232 208 
236 204 
236 228 
232 212 
212 208 
240 408 
276 208 
232 212 
232 208 
232 204 
236 212 
236 240 
236 236 
212 216 
232 688 
764 236 
236 212 
232 224 
236 212 
236 252 
292 236 
236 204 
212 212 
236 208 
240 212 
236 204 
236 208 
228 204 
236 208 
240 212 
236 236 
232 208 
236 212 
236 212 
236 212 
236 212 
236 212 
240 220 
236 216 
232 212 
236 208 
232 212 
240 236 
236 216 
232 208 
236 244 
236 252 
232 208 
236 216 
624 252 
240 236 
232 208 
236 236 
48 44 
228 212 
276 208 
236 212 
240 208 
236 212 
236 264 
236 232 
232 252 
236 216 
236 212 
236 236 
240 244 
236 232 
228 216 
240 208 
244 220 
240 228 
240 208 
240 220 
44 48 
240 224 
232 208 
236 236 
240 216 
232 208 
236 212 
240 220 
228 212 
380 216 
240 208 
240 268 
232 212 
232 204 
232 208 
236 208 
236 212 
236 208 
616 212 
272 216 
228 212 
236 208 
236 264 
240 208 
232 204 
236 48 
488 232 
232 452 
232 208 
232 208 
240 212 
240 216 
232 208 
232 208 
240 232 
260 212 
236 696 
232 208 
236 204 
236 236 
320 216 
236 208 
228 220 
232 208 
208 208 
236 216 
232 204 
228 208 
236 204 
236 220 
236 268 
268 212 
236 212 
232 212 
236 208 
232 284 
232 212 
236 212 
236 204 
240 232 
460 216 
224 212 
232 216 
236 204 
236 212 
232 220 
240 244 
240 232 
240 236 
232 212 
236 208 
240 216 
228 212 
232 208 
236 216 
232 208 
232 204 
240 236 
232 220 
228 208 
236 212 
236 216 
232 212 
236 208 
236 252 
240 208 
232 208 
240 240 
232 212 
232 208 
236 212 
236 212 
232 224 
192 208 
232 224 
232 204 
236 216 
240 220 
232 228 
232 208 
240 232 
228 208 
240 236 
240 260 
392 208 
232 216 
232 212 
236 224 
236 204 
236 212 
240 212 
236 208 
236 216 
664 224 
232 208 
240 212 
240 212 
236 212 
240 220 
240 216 
236 236 
208 224 
240 472 
376 208 
236 220 
236 208 
236 236 
224 208 
236 212 
232 204 
212 208 
236 656 
232 208 
232 212 
236 216 
236 232 
236 236 
232 208 
236 236 
212 212 
236 208 
240 212 
240 212 
236 1012 
236 208 
236 212 
232 212 
232 208 
240 208 
236 228 
228 228 
236 208 
240 212 
236 232 
240 260 
240 224 
232 212 
236 212 
232 208 
240 212 
240 260 
232 208 
236 216 
232 208 
232 212 
240 212 
236 216 
236 212 
232 212 
244 208 
236 204 
240 212 
236 252 
240 256 
236 228 
232 240 
236 248 
428 204 
232 252 
228 212 
232 208 
336 240 
236 236 
240 236 
232 208 
232 232 
236 216 
232 204 
240 228 
232 212 
224 232 
232 212 
232 216 
240 212 
240 216 
232 212 
232 212 
232 204 
236 204 
420 236 
240 212 
228 216 
236 228 
236 208 
228 212 
232 212 
240 208 
240 216 
656 208 
240 236 
232 264 
236 232 
236 208 
240 208 
236 204 
232 204 
212 212 
240 436 
240 208 
236 208 
236 208 
232 204 
236 236 
236 212 
240 208 
220 244 
232 280 
232 212 
232 212 
236 232 
236 212 
232 208 
236 216 
236 264 
220 232 
232 212 
232 208 
236 208 
244 216 
260 212 
240 204 
236 212 
236 224 
236 236 
236 216 
240 236 
240 216 
240 212 
240 400 
236 216 
236 216 
236 208 
244 232 
236 212 
232 224 
228 220 
232 212 
236 212 
236 204 
240 208 
232 208 
48 40 
236 212 
236 236 
240 236 
232 208 
228 212 
232 232 
236 220 
232 208 
236 208 
236 212 
232 244 
228 208 
232 204 
232 212 
240 220 
232 224 
236 232 
236 228 
232 212 
232 208 
236 212 
228 212 
236 212 
204 208 
240 208 
240 236 
52 48 
240 208 
236 268 
232 244 
240 220 
236 216 
456 244 
212 208 
240 232 
240 212 
240 212 
240 208 
236 208 
236 208 
228 208 
700 224 
232 204 
228 208 
236 216 
236 204 
236 228 
228 208 
228 204 
212 204 
232 536 
240 216 
228 212 
236 228 
232 212 
236 212 
232 204 
232 40 
216 220 
232 740 
240 216 
236 216 
236 236 
232 212 
240 204 
232 208 
232 204 
248 204 
236 236 
240 212 
232 208 
232 264 
232 208 
240 236 
244 208 
236 232 
252 212 
228 204 
236 204 
236 212 
232 224 
240 212 
232 208 
236 220 
236 212 
240 236 
232 212 
232 224 
232 224 
236 208 
236 212 
236 208 
236 220 
240 264 
232 212 
232 208 
228 212 
240 212 
236 236 
232 228 
232 212 
236 220 
232 208 
236 204 
232 212 
232 208 
240 216 
240 212 
232 228 
236 240 
232 232 
232 204 
236 208 
236 232 
236 216 
232 212 
236 236 
376 212 
236 208 
240 208 
232 252 
236 208 
236 236 
232 228 
232 208 
236 216 
240 228 
408 212 
232 208 
228 208 
236 216 
240 208 
232 204 
228 208 
232 212 
280 208 
720 208 
236 236 
224 216 
236 204 
232 208 
240 208 
244 204 
232 208 
216 212 
232 540 
232 204 
236 232 
240 212 
236 232 
240 208 
232 208 
232 212 
216 208 
236 212 
236 260 
228 208 
228 216 
232 208 
232 204 
236 236 
240 208 
236 212 
232 208 
236 208 
236 248 
236 236 
240 300 
240 216 
236 212 
232 208 
232 208 
236 208 
236 212 
232 224 
232 212 
312 208 
232 208 
236 240 
236 208 
236 224 
236 228 
236 232 
256 212 
236 212 
236 204 
256 208 
232 212 
236 208 
236 236 
236 208 
236 268 
232 208 
240 236 
236 216 
240 236 
236 232 
232 232 
240 228 
240 236 
484 220 
240 212 
236 216 
232 212 
232 208 
236 220 
232 212 
236 208 
240 216 
240 212 
236 232 
236 224 
228 204 
244 208 
252 208 
236 208 
236 204 
236 212 
204 208 
240 260 
228 208 
236 236 
412 224 
228 212 
236 208 
224 208 
228 204 
232 208 
232 208 
232 236 
240 264 
720 232 
240 236 
236 216 
232 208 
232 208 
240 220 
240 236 
240 264 
244 216 
232 576 
240 220 
248 204 
236 208 
236 208 
236 208 
236 208 
232 204 
212 204 
240 236 
232 212 
236 240 
236 228 
232 208 
236 232 
236 292 
236 204 
236 212 
236 232 
232 248 
236 212 
236 208 
240 212 
232 208 
232 216 
232 208 
232 208 
240 204 
240 232 
232 216 
236 240 
236 204 
236 208 
232 212 
232 212 
232 212 
236 208 
236 212 
236 208 
228 212 
236 212 
232 208 
232 208 
236 208 
316 676 
236 216 
232 204 
236 236 
232 216 
240 224 
232 212 
236 208 
244 212 
236 236 
240 248 
232 208 
232 208 
236 208 
232 212 
228 212 
236 212 
232 204 
236 208 
236 212 
240 216 
236 236 
240 232 
228 208 
276 228 
48 40 
236 212 
240 216 
232 220 
236 232 
232 208 
236 212 
236 212 
492 212 
236 208 
240 224 
236 240 
236 236 
240 212 
232 204 
232 212 
236 208 
704 236 
228 216 
232 212 
236 220 
232 204 
240 216 
236 228 
232 212 
212 212 
236 524 
236 212 
240 232 
44 40 
232 264 
236 212 
240 248 
228 212 
212 216 
236 216 
232 212 
232 216 
232 204 
236 216 
236 212 
240 208 
236 264 
240 212 
236 232 
232 208 
232 208 
236 220 
236 212 
232 268 
232 208 
236 216 
236 236 
240 236 
240 204 
240 96 
236 212 
236 208 
240 208 
1160 252 
232 240 
236 208 
236 208 
232 204 
240 212 
236 204 
232 212 
236 236 
240 208 
240 236 
240 236 
240 240 
228 244 
236 208 
232 232 
228 204 
236 212 
236 212 
236 240 
236 260 
232 208 
232 212 
240 212 
232 208 
232 204 
232 208 
236 208 
240 240 
232 240 
232 212 
236 208 
560 212 
240 208 
1080 212 
260 208 
236 208 
236 208 
240 212 
232 232 
232 232 
236 208 
232 212 
240 236 
524 236 
240 204 
232 204 
232 212 
228 224 
232 208 
240 208 
260 212 
228 208 
232 388 
236 208 
236 216 
236 220 
236 236 
240 212 
240 236 
236 208 
212 224 
232 616 
236 208 
236 204 
240 232 
240 228 
432 204 
232 212 
240 216 
220 208 
232 228 
236 232 
244 212 
236 208 
240 232 
236 204 
240 208 
236 212 
236 232 
236 228 
236 220 
236 208 
232 216 
228 212 
232 208 
236 208 
232 216 
236 208 
236 208 
364 236 
240 208 
240 256 
236 212 
232 208 
240 208 
240 220 
240 212 
228 204 
236 228 
240 208 
236 208 
240 212 
240 236 
232 244 
232 212 
236 208 
236 212 
236 204 
236 204 
228 208 
240 224 
232 208 
232 204 
232 208 
232 204 
232 224 
232 212 
900 248 
236 208 
240 212 
240 236 
232 252 
236 212 
232 216 
236 208 
232 208 
228 212 
236 212 
232 208 
292 208 
252 212 
232 208 
228 208 
236 208 
240 216 
240 264 
232 204 
240 212 
540 212 
236 248 
240 236 
236 224 
232 256 
236 216 
240 216 
240 212 
232 208 
236 376 
240 216 
232 212 
836 216 
240 212 
236 212 
240 212 
240 236 
216 220 
232 560 
232 212 
236 212 
224 208 
240 224 
236 208 
236 208 
288 216 
216 212 
236 208 
236 208 
240 212 
236 208 
284 212 
236 232 
232 216 
240 236 
232 256 
236 212 
232 232 
276 212 
232 212 
232 208 
240 208 
228 204 
228 212 
236 208 
232 208 
236 212 
236 204 
236 212 
240 236 
240 216 
252 208 
232 208 
236 212 
236 212 
236 212 
236 256 
248 212 
236 228 
232 212 
236 232 
240 216 
236 244 
236 232 
236 224 
232 216 
248 208 
236 208 
236 212 
236 224 
236 216 
48 48 
236 220 
256 216 
236 216 
228 212 
236 208 
236 208 
236 212 
244 212 
236 216 
236 236 
240 220 
236 204 
232 216 
240 236 
332 208 
248 232 
232 208 
232 260 
236 212 
232 224 
240 236 
276 208 
236 208 
568 208 
636 256 
240 236 
44 44 
232 204 
240 232 
236 224 
232 212 
236 212 
236 416 
240 236 
236 212 
236 208 
240 208 
240 204 
232 216 
240 216 
216 232 
232 656 
232 208 
240 236 
236 208 
328 208 
240 208 
236 220 
236 232 
216 232 
232 204 
236 220 
240 232 
236 260 
248 48 
232 212 
240 236 
232 216 
464 272 
240 240 
240 216 
240 264 
236 244 
236 216 
236 212 
232 204 
236 208 
232 212 
240 288 
232 208 
240 232 
240 216 
236 208 
240 204 
240 232 
232 216 
232 212 
244 212 
232 212 
236 208 
240 228 
232 212 
232 216 
232 208 
240 248 
232 216 
236 236 
232 208 
232 208 
244 224 
236 256 
236 212 
236 204 
240 232 
232 224 
236 224 
232 208 
240 212 
240 204 
232 208 
236 212 
236 212 
240 212 
236 204 
240 236 
240 212 
236 212 
236 216 
376 236 
360 212 
232 232 
232 208 
232 212 
236 240 
236 244 
232 208 
236 208 
240 212 
556 232 
240 208 
228 208 
236 208 
240 208 
236 264 
232 244 
240 216 
240 212 
232 412 
236 208 
240 248 
236 256 
236 212 
232 204 
240 312 
232 208 
216 212 
236 668 
236 212 
236 216 
244 236 
232 208 
240 236 
340 224 
232 212 
216 224 
232 244 
236 216 
232 216 
232 212 
236 212 
236 212 
236 216 
240 232 
240 228 
240 208 
236 232 
236 220 
268 208 
232 208 
236 224 
236 220 
228 212 
232 204 
236 224 
236 204 
240 216 
236 256 
236 212 
236 212 
240 220 
232 216 
232 204 
240 208 
236 204 
236 236 
196 208 
240 236 
236 252 
228 208 
236 208 
240 212 
240 224 
236 220 
236 236 
236 244 
236 208 
236 236 
236 208 
232 208 
228 212 
236 220 
240 208 
236 208 
236 236 
236 208 
232 212 
236 208 
240 240 
232 208 
240 236 
240 204 
236 208 
236 208 
236 208 
356 208 
228 216 
236 220 
236 224 
236 240 
236 220 
236 232 
228 212 
236 208 
600 236 
272 220 
232 216 
236 236 
236 240 
236 208 
236 252 
240 212 
224 208 
236 412 
228 208 
236 248 
232 952 
236 208 
236 204 
240 236 
332 236 
220 232 
232 664 
236 212 
240 208 
236 220 
236 256 
248 208 
232 212 
232 208 
220 224 
236 208 
236 212 
240 212 
236 252 
232 240 
236 212 
232 208 
244 236 
236 240 
240 212 
236 204 
236 232 
236 224 
236 220 
232 212 
232 208 
232 204 
240 212 
236 208 
320 212 
236 216 
232 204 
236 212 
236 236 
232 212 
236 208 
232 204 
232 208 
236 212 
232 244 
244 204 
244 212 
240 236 
236 212 
240 228 
236 208 
236 220 
244 240 
232 212 
232 208 
232 204 
232 232 
240 212 
236 208 
236 244 
232 212 
240 208 
240 216 
236 236 
228 208 
232 248 
232 232 
240 216 
244 208 
232 212 
240 236 
240 228 
232 212 
264 212 
48 404 
228 208 
236 208 
236 208 
336 208 
232 212 
232 212 
232 208 
392 208 
608 208 
232 208 
244 208 
236 228 
236 212 
236 220 
232 204 
232 208 
216 208 
240 436 
232 208 
232 208 
236 224 
236 232 
232 204 
240 212 
240 232 
216 232 
240 668 
48 44 
292 220 
240 236 
280 216 
232 216 
240 208 
236 216 
216 252 
244 212 
236 208 
236 208 
264 228 
232 208 
232 212 
240 208 
228 208 
200 208 
236 212 
232 232 
232 208 
236 208 
236 236 
236 224 
236 212 
236 208 
240 216 
236 264 
236 212 
236 212 
228 48 
240 212 
228 228 
236 244 
236 208 
240 216 
236 232 
240 248 
232 344 
232 212 
232 208 
240 208 
232 224 
236 216 
240 240 
236 212 
240 208 
236 224 
240 208 
240 232 
244 212 
196 204 
232 204 
236 256 
328 208 
232 252 
248 220 
240 212 
232 236 
240 212 
228 212 
288 212 
232 204 
236 216 
232 212 
244 212 
236 212 
232 412 
396 208 
232 212 
236 208 
236 232 
236 204 
236 208 
236 204 
228 208 
232 212 
640 208 
236 228 
232 228 
236 212 
240 232 
236 216 
236 216 
240 208 
216 220 
236 452 
228 208 
232 216 
244 216 
232 208 
236 220 
288 208 
240 236 
216 236 
240 708 
232 212 
236 208 
236 216 
236 236 
260 216 
232 280 
240 264 
220 244 
232 224 
236 212 
236 208 
236 208 
232 236 
232 208 
240 260 
232 212 
236 212 
232 240 
236 216 
240 208 
236 212 
236 236 
264 212 
232 208 
236 232 
232 212 
232 208 
232 220 
232 224 
248 212 
232 212 
232 204 
232 228 
232 208 
236 224 
232 208 
236 216 
232 220 
244 208 
220 304 
240 204 
236 212 
232 208 
236 216 
236 212 
240 208 
240 208 
232 236 
236 208 
236 212 
224 212 
232 208 
240 212 
236 252 
228 208 
232 1080 
236 212 
236 204 
208 212 
236 208 
228 212 
232 212 
256 208 
244 208 
236 208 
240 208 
240 224 
408 208 
236 216 
236 216 
228 212 
236 220 
236 208 
232 216 
232 252 
288 212 
652 208 
228 208 
240 208 
236 220 
240 236 
236 260 
236 204 
232 212 
212 204 
244 504 
232 212 
236 220 
232 208 
236 1100 
240 208 
236 260 
240 216 
216 212 
240 728 
236 232 
240 208 
236 208 
236 232 
236 208 
240 220 
236 252 
212 260 
236 232 
428 208 
236 208 
236 212 
232 256 
280 208 
240 236 
240 256 
240 236 
236 208 
232 212 
236 208 
232 240 
232 208 
232 212 
232 208 
268 216 
240 236 
236 248 
916 264 
232 208 
236 212 
240 260 
232 224 
236 208 
236 212 
240 236 
240 236 
268 212 
240 236 
240 264 
232 208 
232 208 
224 208 
236 208 
236 208 
236 208 
240 208 
236 204 
228 216 
240 232 
232 212 
236 232 
232 216 
256 208 
232 204 
240 208 
228 212 
236 208 
232 236 
204 228 
236 208 
236 208 
232 208 
236 208 
236 208 
228 212 
232 208 
240 212 
456 208 
236 236 
228 216 
232 220 
228 212 
236 212 
232 212 
232 204 
232 208 
636 212 
232 232 
232 212 
228 212 
240 208 
48 48 
236 220 
232 220 
212 204 
248 496 
236 208 
236 216 
236 236 
240 212 
236 216 
236 224 
228 212 
208 216 
236 204 
232 208 
236 236 
240 212 
236 232 
232 212 
244 220 
236 216 
236 208 
232 212 
236 216 
236 212 
232 212 
236 224 
48 40 
232 208 
236 212 
1116 268 
240 236 
236 220 
240 208 
232 212 
232 212 
232 208 
240 212 
232 208 
240 208 
272 220 
240 212 
232 208 
240 236 
240 236 
236 212 
232 212 
240 212 
232 208 
240 208 
228 224 
228 212 
240 204 
208 228 
228 228 
232 232 
232 232 
192 192 
212 216 
212 212 
212 224 
188 212 
212 232 
412 188 
212 208 
236 208 
204 200 
188 224 
600 192 
192 212 
228 228 
228 216 
220 200 
232 232 
232 228 
228 200 
228 228 
232 228 
232 228 
232 232 
232 232 
480 232 
228 208 
240 208 
240 216 
236 220 
236 44 
232 212 
236 236 
256 212 
708 212 
240 220 
244 240 
240 228 
236 212 
232 204 
236 216 
240 204 
240 220 
228 544 
236 232 
228 212 
232 212 
236 208 
232 204 
232 208 
232 212 
216 236 
232 632 
236 212 
236 212 
248 236 
240 212 
232 208 
748 236 
236 212 
232 208 
232 208 
236 208 
232 232 
232 208 
244 240 
232 204 
236 212 
236 212 
240 232 
228 212 
236 208 
252 208 
240 212 
468 208 
240 212 
240 208 
232 204 
240 208 
236 204 
232 208 
232 208 
240 208 
232 212 
240 236 
240 212 
240 232 
236 208 
244 312 
232 208 
240 216 
228 208 
956 216 
236 204 
232 208 
240 212 
236 204 
236 212 
232 212 
240 236 
236 204 
232 208 
240 236 
236 208 
236 216 
236 208 
240 204 
232 240 
236 204 
240 208 
240 208 
236 212 
236 204 
236 236 
232 204 
228 216 
236 208 
236 212 
240 224 
240 228 
480 232 
232 212 
236 208 
240 212 
228 224 
440 208 
236 204 
240 212 
236 212 
716 208 
236 216 
240 220 
240 208 
232 208 
240 212 
240 220 
232 236 
228 208 
236 600 
236 208 
240 236 
236 204 
236 204 
232 228 
228 228 
232 204 
208 208 
236 212 
236 232 
236 220 
240 208 
236 204 
232 212 
236 208 
236 212 
240 208 
236 228 
240 236 
232 212 
232 204 
232 208 
236 236 
240 236 
232 212 
236 216 
244 228 
232 216 
228 208 
236 208 
240 212 
236 216 
244 256 
228 212 
240 224 
236 236 
240 236 
840 260 
236 216 
232 232 
232 216 
260 220 
240 228 
236 212 
240 208 
232 208 
232 208 
228 208 
236 236 
232 204 
236 208 
236 216 
236 220 
244 208 
236 216 
236 232 
228 212 
228 204 
236 216 
236 240 
244 212 
252 208 
236 236 
240 208 
232 224 
232 208 
236 212 
276 224 
228 216 
236 208 
704 212 
272 204 
236 264 
236 208 
232 208 
236 208 
508 212 
240 212 
236 204 
236 208 
232 208 
236 212 
232 208 
236 208 
236 208 
232 376 
240 212 
240 208 
240 240 
236 228 
236 216 
240 212 
240 236 
212 208 
232 584 
236 260 
292 208 
232 212 
236 216 
236 232 
232 216 
224 204 
216 208 
236 228 
236 224 
260 208 
232 208 
244 236 
232 204 
232 212 
240 212 
232 212 
252 208 
236 296 
232 260 
228 212 
236 204 
232 212 
240 208 
232 208 
236 236 
248 208 
232 208 
236 224 
232 232 
232 212 
232 208 
232 220 
236 208 
240 212 
240 236 
236 212 
236 204 
232 208 
236 212 
228 216 
240 208 
236 232 
48 48 
240 208 
236 208 
236 220 
228 208 
240 216 
236 236 
232 208 
232 212 
232 208 
240 224 
240 208 
236 204 
344 204 
232 208 
232 208 
596 220 
236 208 
232 240 
0 0 
0 0 
272 208 
52 40 
216 204 
272 44 
232 212 
284 212 
232 212 
232 204 
240 212 
236 216 
236 216 
236 208 
512 208 
236 208 
236 208 
228 204 
232 208 
236 224 
232 260 
240 240 
228 212 
236 268 
232 208 
232 212 
236 212 
308 212 
232 208 
236 212 
232 208 
568 208 
240 568 
236 212 
236 216 
236 208 
232 236 
236 212 
228 204 
232 212 
216 288 
236 204 
236 208 
240 264 
236 208 
236 216 
236 216 
236 232 
236 204 
236 208 
236 212 
236 204 
232 212 
236 216 
236 256 
240 212 
232 212 
236 212 
232 216 
228 212 
236 204 
236 212 
240 236 
240 332 
232 212 
232 208 
236 236 
232 212 
232 208 
240 216 
240 212 
232 212 
240 212 
236 232 
232 212 
236 212 
236 212 
228 208 
236 208 
232 212 
232 204 
540 208 
240 252 
240 208 
232 236 
232 208 
236 232 
240 264 
232 256 
232 212 
236 212 
240 232 
236 204 
236 460 
232 208 
240 256 
236 212 
240 232 
236 212 
236 208 
300 212 
236 256 
232 212 
232 208 
236 212 
236 244 
236 212 
240 204 
236 216 
548 212 
240 204 
236 212 
232 208 
236 208 
236 212 
292 236 
240 208 
240 232 
248 348 
232 208 
236 212 
240 236 
236 228 
236 216 
240 212 
240 236 
220 208 
236 608 
236 248 
236 216 
240 248 
256 204 
232 252 
232 204 
236 208 
216 220 
232 204 
232 208 
240 216 
236 212 
260 212 
232 212 
240 204 
276 236 
236 216 
232 236 
232 208 
232 208 
236 212 
232 208 
240 208 
244 208 
236 212 
240 236 
236 212 
236 212 
484 204 
236 224 
236 208 
232 204 
236 232 
236 236 
232 208 
244 236 
236 220 
240 212 
236 264 
248 212 
232 208 
232 204 
236 216 
232 204 
232 212 
236 220 
244 236 
232 228 
232 208 
240 204 
232 236 
232 220 
264 204 
236 212 
232 204 
232 204 
232 212 
232 204 
240 220 
236 232 
228 212 
228 216 
232 208 
228 240 
236 216 
236 208 
240 216 
320 208 
236 212 
232 208 
344 740 
240 208 
248 232 
232 240 
240 216 
232 216 
560 212 
232 224 
256 212 
236 208 
232 212 
236 208 
256 212 
236 204 
232 208 
240 388 
236 208 
240 232 
232 212 
236 236 
236 208 
240 212 
232 204 
212 212 
240 648 
240 232 
240 236 
244 220 
232 240 
236 204 
240 208 
128 40 
212 216 
240 216 
196 212 
236 208 
236 236 
276 320 
232 204 
240 212 
232 208 
236 212 
236 216 
236 216 
232 204 
236 236 
236 212 
232 208 
232 208 
232 208 
232 208 
236 212 
240 256 
248 212 
232 244 
232 204 
236 236 
232 208 
228 208 
44 44 
236 208 
236 212 
232 208 
240 208 
240 216 
240 264 
264 212 
240 220 
236 324 
240 216 
236 204 
236 212 
240 212 
240 220 
232 224 
232 212 
236 208 
236 236 
232 232 
236 232 
236 228 
232 216 
236 212 
228 220 
240 1224 
240 212 
236 232 
232 216 
240 212 
232 204 
236 44 
232 208 
312 228 
228 216 
240 212 
240 208 
260 212 
236 208 
232 208 
240 208 
240 232 
572 216 
228 212 
240 212 
240 232 
240 228 
232 212 
236 208 
232 208 
220 208 
744 208 
236 212 
240 208 
232 204 
240 232 
236 204 
236 216 
232 216 
240 208 
232 680 
228 216 
236 212 
236 208 
236 220 
236 296 
268 216 
232 204 
220 212 
236 212 
232 208 
236 212 
236 244 
228 220 
236 208 
232 208 
240 236 
232 212 
232 208 
244 208 
232 212 
232 208 
232 208 
240 232 
240 240 
228 212 
236 208 
240 240 
232 236 
232 212 
272 204 
236 232 
236 216 
280 216 
228 224 
232 212 
264 216 
236 236 
236 208 
228 236 
236 212 
236 212 
236 212 
240 260 
236 216 
244 208 
236 212 
240 260 
236 212 
236 1072 
236 248 
232 208 
236 212 
240 268 
244 212 
236 204 
236 212 
240 264 
236 208 
236 240 
248 212 
232 212 
240 212 
236 240 
240 212 
232 216 
232 208 
232 212 
372 216 
240 256 
240 236 
236 208 
232 212 
236 216 
232 204 
236 208 
240 204 
608 212 
232 212 
240 264 
236 212 
236 236 
236 256 
248 932 
236 228 
240 236 
236 308 
240 212 
236 208 
240 216 
236 208 
236 212 
236 236 
240 232 
208 224 
232 692 
236 236 
236 244 
232 268 
236 208 
236 216 
240 240 
240 212 
212 204 
240 208 
228 212 
236 212 
236 256 
228 212 
240 220 
236 220 
236 212 
236 208 
236 236 
236 236 
236 208 
232 212 
236 204 
236 208 
240 232 
292 252 
232 208 
232 208 
232 208 
232 236 
236 208 
232 208 
236 220 
236 236 
236 204 
240 216 
240 328 
236 212 
240 940 
232 208 
236 208 
232 252 
232 244 
240 208 
240 208 
236 208 
236 208 
232 212 
236 252 
240 216 
232 212 
232 208 
232 204 
240 236 
236 208 
232 208 
240 236 
240 208 
240 212 
232 208 
232 204 
256 204 
236 208 
236 232 
232 236 
232 212 
236 212 
240 244 
376 216 
236 228 
236 212 
256 208 
232 968 
232 208 
236 208 
236 220 
236 224 
616 208 
236 208 
236 208 
232 208 
240 212 
236 244 
240 252 
232 212 
212 204 
236 444 
232 224 
236 208 
232 212 
236 212 
244 236 
228 212 
236 208 
212 212 
236 712 
232 212 
236 204 
240 232 
268 224 
240 212 
236 236 
232 232 
220 236 
240 216 
828 228 
272 216 
228 212 
236 232 
240 216 
232 212 
236 216 
232 208 
244 212 
236 216 
236 212 
240 208 
236 220 
236 208 
232 208 
236 212 
44 44 
236 236 
228 220 
240 212 
240 208 
236 232 
236 236 
240 224 
240 212 
236 248 
236 260 
236 204 
260 204 
236 208 
232 204 
236 212 
236 212 
228 212 
236 212 
236 236 
236 236 
236 212 
236 208 
236 208 
236 216 
240 236 
244 208 
44 44 
236 232 
236 236 
240 208 
236 260 
236 208 
216 204 
240 208 
236 212 
232 208 
236 212 
232 236 
240 248 
232 252 
232 224 
392 232 
240 212 
236 236 
240 220 
236 208 
232 208 
232 212 
240 212 
236 216 
592 208 
228 244 
236 264 
276 44 
236 208 
232 232 
240 212 
240 212 
216 232 
232 492 
240 236 
240 232 
232 212 
236 204 
240 204 
236 208 
240 252 
1444 208 
236 716 
236 232 
236 232 
232 216 
232 208 
240 264 
240 240 
236 224 
212 212 
236 208 
284 228 
236 216 
232 208 
228 216 
240 260 
236 212 
236 204 
236 248 
232 216 
236 216 
232 256 
236 252 
236 208 
232 208 
232 244 
232 212 
240 212 
232 324 
236 208 
232 208 
228 244 
236 216 
232 208 
252 224 
236 236 
228 212 
236 232 
232 204 
232 212 
236 240 
236 216 
236 204 
232 212 
236 212 
256 212 
236 236 
232 212 
236 236 
240 232 
232 236 
236 212 
232 236 
236 212 
232 220 
232 208 
240 208 
236 212 
236 212 
236 220 
220 236 
232 248 
232 228 
232 204 
232 216 
236 212 
232 236 
228 216 
236 208 
408 232 
240 228 
232 212 
236 236 
240 248 
236 248 
232 204 
240 236 
232 212 
652 216 
236 232 
236 208 
240 204 
240 212 
236 232 
856 212 
240 252 
208 208 
240 464 
240 232 
240 256 
228 212 
232 208 
240 212 
240 212 
236 236 
212 212 
236 212 
236 224 
232 212 
236 208 
236 212 
232 208 
240 208 
236 220 
212 236 
236 248 
232 204 
240 268 
232 216 
232 208 
228 216 
232 208 
236 212 
232 232 
228 208 
236 208 
236 212 
236 236 
776 236 
236 208 
236 208 
240 208 
244 208 
236 212 
236 204 
236 232 
232 252 
236 208 
228 224 
232 212 
236 220 
232 208 
240 208 
240 236 
236 236 
236 212 
236 232 
228 204 
236 208 
236 212 
232 204 
240 208 
236 232 
236 232 
236 212 
240 212 
236 208 
240 232 
240 208 
244 212 
240 232 
252 208 
232 216 
304 208 
236 212 
224 212 
232 208 
240 276 
236 224 
232 204 
260 216 
232 208 
232 208 
232 212 
392 204 
236 212 
232 220 
232 212 
232 268 
240 216 
272 208 
236 216 
232 208 
684 216 
236 212 
240 212 
228 204 
268 208 
236 208 
236 204 
240 212 
212 236 
228 544 
240 236 
236 216 
252 208 
244 212 
356 208 
228 212 
236 208 
216 228 
232 212 
232 216 
236 236 
236 212 
236 236 
240 212 
236 216 
240 204 
236 208 
260 212 
236 204 
756 236 
240 216 
236 212 
236 220 
236 212 
232 248 
232 208 
240 208 
236 220 
236 212 
236 236 
232 212 
236 204 
236 212 
228 208 
240 244 
240 208 
232 208 
228 228 
48 44 
236 260 
268 232 
232 208 
240 216 
240 260 
232 212 
236 244 
232 220 
304 232 
232 204 
232 208 
240 216 
232 212 
676 208 
236 208 
240 216 
236 216 
232 216 
232 208 
236 208 
232 208 
236 212 
236 220 
236 212 
232 208 
236 208 
240 236 
236 204 
48 40 
236 216 
240 224 
236 256 
232 212 
236 456 
240 232 
236 208 
236 228 
448 208 
236 208 
236 232 
236 232 
232 220 
232 204 
236 204 
240 204 
232 212 
716 212 
232 212 
236 212 
240 212 
236 220 
232 208 
228 220 
236 208 
212 40 
236 528 
240 236 
232 212 
236 240 
228 212 
232 208 
236 204 
232 208 
212 212 
232 204 
236 236 
236 212 
232 204 
240 216 
236 212 
240 236 
232 208 
236 236 
240 244 
240 208 
240 216 
236 232 
236 212 
232 208 
236 232 
236 208 
240 212 
240 216 
236 208 
236 216 
240 248 
244 208 
236 204 
228 212 
240 220 
236 212 
236 232 
228 212 
232 236 
240 212 
236 208 
240 232 
548 208 
272 220 
236 216 
236 208 
232 204 
236 236 
236 248 
240 212 
236 212 
236 212 
240 212 
236 204 
236 232 
228 208 
228 208 
236 208 
240 204 
236 212 
232 208 
228 244 
232 208 
236 208 
244 212 
352 208 
240 204 
240 212 
248 208 
552 212 
236 208 
236 236 
236 216 
232 212 
240 204 
232 208 
716 236 
356 228 
240 220 
236 240 
228 208 
240 244 
236 212 
236 208 
236 236 
232 216 
704 208 
236 208 
232 208 
236 232 
236 216 
232 252 
236 204 
408 212 
220 252 
228 560 
236 208 
240 220 
228 212 
240 216 
240 212 
232 212 
240 208 
216 236 
232 252 
284 208 
236 204 
236 212 
292 212 
236 212 
240 208 
232 236 
236 220 
256 212 
240 220 
236 232 
232 212 
232 208 
236 224 
232 220 
236 236 
232 220 
236 232 
232 204 
240 212 
236 212 
304 212 
236 236 
232 212 
236 208 
240 208 
236 232 
232 208 
232 216 
240 208 
236 260 
236 212 
240 212 
236 212 
236 216 
236 232 
236 236 
240 208 
236 232 
232 280 
240 208 
232 212 
236 208 
236 208 
236 204 
232 212 
240 208 
236 232 
244 216 
228 212 
236 216 
236 232 
248 208 
300 208 
236 216 
496 208 
240 212 
236 212 
248 212 
236 220 
232 212 
228 232 
236 212 
232 212 
232 204 
228 208 
240 212 
492 236 
236 208 
236 212 
236 212 
228 216 
240 208 
236 212 
228 208 
236 208 
748 244 
236 232 
236 240 
240 216 
236 240 
236 212 
240 204 
240 216 
216 212 
236 564 
232 212 
232 208 
240 212 
236 240 
232 208 
244 228 
236 212 
212 208 
236 208 
236 216 
236 240 
232 208 
232 212 
232 208 
236 216 
232 212 
240 236 
232 256 
232 208 
236 212 
232 208 
228 208 
232 208 
244 208 
240 236 
236 236 
236 212 
240 252 
328 208 
236 208 
232 212 
240 212 
240 216 
240 268 
232 208 
240 212 
232 216 
236 208 
240 212 
236 212 
232 208 
232 208 
240 208 
232 212 
236 208 
236 216 
236 232 
232 236 
240 224 
232 212 
240 204 
240 212 
1148 212 
236 232 
260 220 
48 48 
236 212 
240 224 
236 208 
236 220 
228 212 
240 236 
236 212 
232 208 
232 212 
236 212 
240 212 
268 212 
240 204 
240 264 
232 212 
232 212 
232 204 
260 212 
236 212 
236 224 
540 208 
236 208 
240 220 
232 236 
236 208 
48 44 
232 204 
236 216 
240 208 
236 368 
216 212 
236 232 
240 216 
240 236 
232 208 
228 208 
364 208 
212 244 
236 640 
232 212 
240 216 
240 208 
236 208 
408 212 
236 208 
236 220 
212 208 
236 204 
240 212 
236 212 
236 212 
244 260 
240 208 
244 236 
244 44 
264 212 
248 212 
236 208 
236 208 
236 216 
232 260 
232 204 
236 212 
432 212 
236 240 
236 212 
236 216 
236 204 
240 204 
236 212 
228 216 
236 208 
228 208 
236 236 
236 312 
236 208 
228 216 
236 208 
228 232 
232 212 
240 1052 
244 212 
232 264 
244 208 
236 220 
236 236 
228 212 
236 216 
232 212 
240 236 
240 224 
232 228 
236 208 
240 264 
236 220 
232 212 
228 208 
240 212 
236 212 
228 212 
236 212 
232 216 
236 204 
236 204 
236 212 
236 204 
312 208 
232 212 
240 256 
236 208 
236 204 
236 208 
236 212 
236 208 
236 216 
472 204 
236 216 
236 232 
236 228 
268 216 
232 208 
240 212 
240 212 
232 212 
692 208 
236 216 
236 256 
232 220 
228 212 
232 212 
236 236 
252 208 
212 220 
236 636 
240 272 
232 212 
232 236 
232 212 
232 208 
240 236 
240 216 
212 208 
240 208 
240 236 
244 232 
236 212 
232 212 
244 220 
236 212 
236 208 
232 212 
268 204 
232 208 
236 236 
232 216 
236 212 
240 228 
236 204 
232 208 
232 208 
240 236 
240 208 
236 232 
240 236 
236 896 
236 208 
240 232 
240 212 
240 240 
268 216 
244 208 
240 212 
236 208 
240 224 
236 236 
240 236 
228 208 
232 204 
232 212 
236 204 
236 208 
236 264 
236 212 
236 204 
232 208 
240 212 
244 216 
364 208 
232 208 
232 220 
232 252 
240 204 
232 252 
236 212 
240 208 
236 208 
240 240 
236 232 
236 880 
236 224 
228 208 
320 216 
236 212 
236 216 
232 208 
236 216 
236 208 
232 236 
236 240 
232 204 
560 204 
232 208 
236 212 
236 204 
240 212 
232 212 
236 208 
236 248 
236 220 
240 408 
272 204 
240 212 
240 256 
236 204 
240 212 
236 240 
228 208 
212 208 
236 600 
260 208 
232 212 
232 236 
232 208 
236 212 
224 212 
232 208 
216 212 
236 212 
236 232 
236 212 
360 236 
236 212 
232 212 
236 208 
240 212 
228 236 
232 212 
232 208 
236 812 
240 208 
232 212 
236 232 
236 212 
232 216 
232 212 
244 228 
236 212 
236 232 
232 216 
232 212 
276 212 
232 232 
236 212 
232 232 
240 256 
236 236 
244 236 
228 212 
232 212 
232 204 
240 212 
236 212 
236 216 
232 232 
232 212 
236 208 
240 212 
236 236 
232 208 
236 216 
236 212 
240 216 
340 728 
236 208 
240 244 
236 212 
236 208 
44 40 
236 208 
236 260 
240 208 
240 236 
236 224 
236 232 
232 228 
236 208 
368 232 
236 208 
228 208 
244 232 
236 240 
228 268 
232 208 
236 204 
232 228 
584 240 
236 212 
232 212 
240 208 
236 208 
228 212 
240 204 
232 232 
48 44 
228 432 
660 208 
244 208 
240 220 
236 252 
236 204 
228 208 
232 296 
216 216 
240 668 
240 212 
236 208 
268 216 
236 212 
232 208 
240 236 
236 232 
212 96 
240 260 
228 208 
240 216 
228 212 
232 208 
240 204 
236 208 
232 212 
240 236 
240 240 
236 208 
232 216 
236 212 
236 208 
240 212 
232 208 
244 212 
236 208 
236 208 
232 208 
236 208 
240 268 
236 208 
304 220 
240 204 
232 264 
240 220 
240 208 
236 208 
256 212 
232 208 
232 212 
236 216 
236 344 
244 212 
236 216 
236 208 
264 208 
232 208 
232 212 
232 220 
240 208 
244 208 
236 232 
236 212 
236 212 
236 208 
228 208 
232 212 
232 212 
232 208 
228 204 
240 440 
232 208 
240 212 
240 204 
236 208 
232 212 
244 212 
352 208 
244 212 
256 208 
236 208 
236 220 
236 216 
236 228 
236 212 
868 236 
600 212 
236 236 
236 228 
232 212 
228 304 
232 208 
236 208 
232 208 
224 220 
232 420 
236 212 
240 212 
232 212 
240 260 
288 216 
244 208 
240 224 
216 232 
248 680 
232 204 
232 212 
236 212 
236 268 
240 224 
232 208 
232 224 
212 256 
228 212 
232 208 
228 212 
236 212 
232 212 
240 232 
232 212 
236 212 
232 208 
240 260 
228 220 
236 252 
232 212 
232 204 
236 236 
236 212 
288 208 
244 212 
232 212 
236 212 
236 208 
232 216 
236 240 
232 216 
232 212 
232 208 
244 208 
236 212 
240 208 
232 236 
228 212 
236 212 
232 204 
240 236 
236 208 
236 244 
232 208 
236 212 
232 208 
232 204 
236 212 
232 204 
236 236 
232 296 
236 208 
236 208 
236 204 
244 208 
240 236 
236 228 
232 216 
244 216 
236 212 
236 208 
236 208 
240 212 
832 220 
236 228 
236 212 
392 208 
232 244 
232 204 
232 208 
236 212 
240 212 
236 212 
232 208 
236 212 
608 240 
240 216 
236 208 
240 204 
232 216 
232 208 
240 236 
240 220 
212 252 
236 456 
232 208 
232 212 
232 208 
236 220 
236 212 
232 204 
232 208 
208 212 
244 676 
236 208 
240 208 
232 236 
748 256 
244 236 
240 208 
240 216 
220 248 
228 208 
236 236 
228 216 
232 212 
240 232 
240 256 
236 208 
236 212 
236 216 
236 216 
236 224 
228 208 
280 216 
244 264 
240 212 
236 232 
232 208 
240 256 
236 252 
232 212 
240 212 
236 264 
236 228 
232 232 
236 212 
236 208 
236 208 
244 248 
220 212 
232 220 
236 208 
240 212 
232 212 
232 208 
240 236 
236 216 
236 224 
248 208 
236 208 
232 208 
240 212 
236 216 
236 208 
240 220 
236 212 
240 204 
236 212 
236 232 
232 212 
220 40 
232 236 
236 220 
236 208 
232 216 
232 212 
244 228 
232 208 
240 208 
232 232 
396 212 
232 208 
232 204 
232 208 
236 236 
240 264 
232 228 
240 212 
240 212 
648 204 
240 232 
240 240 
236 208 
236 484 
232 264 
236 216 
252 212 
44 40 
232 456 
236 208 
640 220 
240 236 
232 240 
236 208 
236 236 
244 212 
304 236 
236 692 
236 236 
256 208 
236 236 
240 256 
236 212 
232 216 
236 232 
212 216 
232 212 
232 204 
240 212 
240 228 
232 264 
240 208 
232 216 
248 44 
232 204 
240 208 
244 236 
236 236 
236 208 
240 236 
236 212 
236 216 
228 208 
564 208 
232 208 
232 216 
232 208 
232 216 
236 212 
236 236 
244 212 
240 236 
240 216 
232 212 
232 216 
236 208 
232 236 
232 208 
236 232 
232 228 
236 212 
232 244 
232 212 
240 232 
236 216 
228 208 
236 208 
232 204 
240 224 
236 264 
236 216 
232 208 
236 244 
228 208 
240 204 
232 212 
236 232 
232 232 
236 208 
232 212 
236 236 
240 208 
236 236 
232 208 
236 208 
392 220 
236 212 
236 228 
240 208 
232 208 
232 224 
240 204 
236 216 
236 208 
684 224 
236 240 
240 232 
232 216 
228 208 
232 204 
232 212 
232 208 
212 208 
248 468 
236 216 
240 240 
232 216 
240 216 
232 208 
232 208 
236 260 
208 212 
232 712 
236 240 
240 212 
236 208 
240 244 
232 208 
232 212 
236 220 
268 212 
232 208 
232 264 
236 240 
232 204 
232 204 
232 232 
436 204 
236 236 
228 216 
240 224 
240 208 
236 252 
236 212 
236 208 
244 216 
236 236 
236 212 
228 204 
240 216 
240 232 
232 212 
240 208 
236 228 
232 204 
236 212 
236 204 
240 256 
228 208 
236 244 
232 208 
236 236 
228 212 
236 204 
244 208 
236 216 
232 240 
236 244 
236 192 
232 308 
232 204 
472 212 
236 216 
236 220 
232 244 
236 212 
236 212 
228 216 
244 208 
232 208 
228 220 
204 216 
232 208 
232 212 
232 204 
232 212 
232 208 
236 232 
236 208 
240 208 
428 212 
240 204 
236 212 
232 208 
236 212 
236 236 
240 216 
236 212 
244 220 
676 216 
240 212 
240 264 
232 208 
448 212 
232 204 
236 216 
228 208 
208 232 
236 512 
232 208 
240 212 
228 208 
232 208 
236 216 
232 216 
232 212 
212 212 
232 208 
232 208 
236 212 
228 208 
344 212 
240 220 
0 0 
0 0 
240 204 
232 208 
232 212 
232 204 
236 212 
232 208 
240 264 
272 208 
240 212 
228 208 
240 216 
232 236 
232 204 
232 212 
232 232 
232 212 
236 208 
240 236 
240 240 
228 232 
240 204 
232 232 
240 260 
236 204 
232 216 
236 224 
232 208 
236 208 
240 220 
236 256 
216 208 
240 208 
236 212 
236 208 
236 216 
236 224 
244 204 
232 208 
236 208 
236 224 
236 244 
236 216 
240 224 
232 232 
236 204 
236 212 
236 212 
236 212 
240 204 
232 216 
240 212 
216 232 
236 244 
236 212 
240 236 
232 212 
232 208 
236 212 
236 236 
256 208 
464 224 
240 424 
48 44 
236 204 
236 212 
232 208 
236 212 
236 216 
236 236 
632 208 
232 208 
228 208 
240 208 
232 204 
232 204 
236 208 
232 252 
208 216 
236 560 
236 208 
236 208 
240 212 
240 212 
232 252 
232 212 
236 208 
216 204 
236 216 
48 44 
240 236 
240 232 
232 208 
240 212 
236 252 
236 232 
240 208 
232 204 
240 432 
236 260 
236 244 
228 208 
232 212 
236 212 
228 212 
240 232 
276 216 
240 208 
236 204 
236 208 
232 208 
236 212 
236 220 
232 216 
964 208 
236 208 
236 236 
232 204 
236 212 
236 44 
228 232 
232 208 
236 212 
228 212 
228 212 
232 228 
236 216 
228 212 
236 208 
240 208 
236 208 
232 204 
240 236 
232 212 
232 216 
232 212 
240 204 
236 260 
228 212 
232 208 
236 212 
236 236 
240 264 
232 204 
236 208 
236 216 
232 224 
244 208 
228 212 
236 232 
240 212 
240 212 
236 248 
232 212 
232 208 
240 216 
480 208 
232 212 
240 224 
232 236 
236 212 
236 212 
236 240 
236 220 
236 212 
1668 232 
240 212 
240 236 
232 208 
232 208 
236 204 
244 260 
248 212 
212 220 
236 556 
240 236 
228 212 
232 212 
232 208 
240 236 
248 208 
236 212 
216 208 
232 208 
232 208 
236 208 
228 220 
240 204 
236 252 
240 264 
240 236 
232 216 
240 244 
236 316 
264 212 
236 212 
236 212 
232 212 
240 908 
228 216 
256 224 
232 220 
252 208 
240 212 
236 208 
240 216 
232 208 
236 204 
240 208 
240 232 
236 232 
236 208 
232 208 
232 208 
232 208 
232 208 
240 208 
236 260 
232 208 
232 208 
236 212 
324 236 
232 244 
236 216 
236 204 
232 208 
236 212 
236 224 
240 208 
440 208 
236 236 
232 236 
240 208 
236 208 
232 204 
236 208 
232 216 
232 216 
236 216 
236 316 
228 212 
240 236 
264 216 
236 204 
240 212 
240 236 
232 208 
232 208 
232 212 
236 212 
240 232 
512 208 
236 220 
232 212 
236 208 
236 236 
236 236 
232 212 
232 232 
232 204 
752 236 
236 216 
236 252 
232 220 
256 212 
232 208 
236 236 
236 220 
216 212 
240 524 
236 240 
240 232 
240 220 
232 208 
236 292 
236 212 
236 212 
208 208 
236 212 
232 204 
232 208 
232 208 
552 208 
232 264 
236 208 
228 204 
236 208 
240 236 
240 236 
296 216 
232 216 
236 212 
232 212 
236 232 
236 216 
240 232 
236 208 
240 232 
232 236 
236 244 
228 204 
232 204 
240 216 
240 236 
232 208 
232 212 
236 212 
236 240 
236 208 
236 216 
236 224 
228 208 
228 252 
240 212 
232 212 
232 212 
1024 224 
240 224 
240 208 
228 208 
232 204 
232 212 
232 208 
236 212 
232 236 
236 216 
236 220 
232 208 
232 208 
232 212 
232 216 
236 232 
240 236 
240 236 
240 212 
268 212 
244 208 
300 208 
236 212 
240 220 
232 240 
236 212 
236 212 
240 236 
236 224 
236 224 
536 216 
236 212 
236 224 
268 212 
236 208 
236 216 
236 220 
236 224 
232 208 
232 384 
240 208 
240 236 
240 208 
232 216 
232 204 
232 208 
240 208 
208 212 
240 584 
240 232 
48 44 
232 208 
236 216 
224 224 
228 208 
236 212 
212 208 
236 236 
236 208 
236 208 
240 208 
232 208 
236 208 
240 264 
280 208 
232 204 
232 208 
232 212 
236 236 
48 48 
240 236 
232 252 
236 216 
232 232 
232 216 
236 232 
228 216 
236 204 
232 216 
324 260 
232 212 
236 208 
232 212 
232 240 
1116 204 
232 208 
244 236 
236 208 
240 208 
228 212 
232 244 
236 204 
232 208 
236 232 
232 216 
240 232 
236 212 
236 216 
228 48 
240 212 
232 220 
228 244 
232 208 
236 208 
232 208 
240 256 
232 220 
236 232 
244 208 
244 212 
236 220 
236 248 
232 208 
232 208 
236 236 
236 204 
288 216 
648 216 
240 208 
236 212 
232 208 
232 212 
240 212 
232 212 
240 216 
556 212 
236 208 
236 208 
240 224 
232 204 
228 208 
240 212 
244 208 
236 212 
232 408 
236 212 
240 212 
236 212 
232 208 
236 208 
240 232 
236 244 
216 212 
232 608 
240 216 
240 240 
236 260 
240 208 
228 216 
236 216 
232 212 
208 208 
236 212 
236 212 
236 212 
240 208 
236 212 
236 240 
232 212 
232 208 
236 236 
236 220 
236 216 
232 232 
236 204 
236 236 
236 208 
236 260 
232 212 
232 208 
236 208 
240 232 
240 208 
236 212 
236 236 
240 212 
232 240 
240 208 
236 232 
240 256 
236 212 
232 212 
232 208 
232 220 
228 212 
236 208 
232 208 
236 236 
240 208 
236 232 
240 216 
236 232 
236 212 
232 236 
232 228 
232 208 
236 236 
232 208 
236 208 
232 212 
236 232 
888 208 
236 232 
240 212 
228 212 
236 212 
236 204 
236 236 
232 260 
240 240 
232 232 
340 208 
232 208 
236 208 
244 216 
296 224 
236 204 
240 236 
236 236 
232 208 
564 208 
240 208 
232 208 
236 212 
232 208 
232 208 
232 204 
240 232 
236 232 
236 364 
240 264 
232 236 
236 252 
232 208 
236 204 
236 224 
228 212 
272 208 
240 648 
236 216 
236 212 
232 236 
236 208 
232 208 
236 224 
228 208 
216 204 
232 212 
244 212 
232 204 
240 208 
240 260 
236 208 
232 208 
328 212 
232 204 
232 204 
236 236 
252 212 
232 208 
292 212 
232 212 
236 296 
232 204 
236 208 
232 208 
236 212 
228 208 
232 208 
216 212 
228 228 
236 212 
232 212 
236 232 
240 224 
232 232 
236 248 
236 216 
236 232 
232 212 
240 212 
240 232 
236 232 
236 208 
232 232 
700 232 
232 216 
252 212 
264 208 
232 204 
240 236 
236 248 
232 212 
236 240 
236 208 
232 224 
228 220 
232 212 
236 216 
236 232 
232 240 
232 208 
236 264 
236 208 
232 204 
236 212 
348 208 
236 216 
240 208 
236 236 
236 204 
236 212 
232 208 
236 264 
236 208 
600 208 
236 208 
236 260 
236 216 
752 212 
236 220 
240 212 
240 212 
232 208 
232 436 
236 240 
236 212 
244 208 
232 216 
236 252 
236 204 
236 212 
216 208 
232 688 
240 212 
236 204 
236 236 
236 232 
236 212 
236 428 
48 44 
216 236 
244 212 
236 264 
244 212 
232 208 
232 208 
240 220 
236 236 
244 240 
232 212 
232 204 
236 212 
248 204 
240 208 
236 228 
236 212 
240 212 
244 236 
236 228 
232 216 
236 236 
236 256 
232 212 
228 208 
48 40 
236 240 
236 208 
240 208 
236 232 
232 208 
236 212 
232 216 
240 212 
232 220 
236 208 
236 236 
240 236 
240 208 
236 208 
240 236 
236 208 
240 236 
232 208 
236 204 
240 236 
244 232 
244 208 
240 224 
236 232 
236 212 
236 232 
240 232 
236 220 
236 232 
232 204 
232 212 
236 252 
280 208 
232 212 
232 236 
372 208 
236 212 
580 208 
236 220 
360 208 
228 212 
240 208 
240 240 
236 216 
592 236 
232 216 
232 224 
236 220 
240 208 
236 212 
236 236 
232 208 
216 236 
232 412 
232 212 
236 236 
240 204 
236 236 
236 208 
236 208 
244 216 
220 208 
304 584 
232 204 
228 232 
232 212 
240 208 
240 216 
236 228 
232 216 
512 212 
232 212 
240 220 
236 252 
236 212 
240 212 
232 224 
228 208 
232 208 
236 216 
236 248 
236 208 
236 236 
240 264 
228 212 
232 212 
232 224 
236 212 
232 232 
240 236 
236 236 
232 204 
232 212 
240 216 
236 264 
228 212 
228 212 
236 208 
232 232 
240 248 
232 212 
232 232 
244 236 
232 204 
232 208 
240 208 
236 264 
240 212 
232 204 
240 216 
236 236 
228 212 
232 212 
232 228 
236 208 
236 220 
240 208 
236 208 
232 216 
232 208 
232 1176 
236 248 
232 208 
240 212 
228 212 
236 208 
244 208 
240 212 
240 236 
232 216 
396 236 
232 208 
236 236 
236 216 
236 208 
240 208 
236 204 
240 208 
236 208 
636 204 
236 220 
240 216 
240 256 
236 208 
236 236 
236 244 
228 216 
212 208 
232 448 
236 236 
232 224 
232 204 
232 208 
236 208 
192 240 
236 212 
208 212 
236 708 
232 208 
236 216 
236 208 
240 236 
232 208 
232 212 
232 208 
216 272 
236 212 
232 208 
240 208 
240 204 
236 208 
236 212 
240 216 
240 216 
232 216 
232 212 
236 228 
236 204 
232 220 
236 232 
228 216 
236 208 
240 204 
240 240 
240 244 
236 208 
236 208 
260 204 
212 208 
232 216 
240 208 
232 208 
240 260 
236 220 
240 236 
240 204 
292 212 
240 212 
232 216 
236 252 
236 204 
240 208 
296 212 
232 208 
236 212 
232 220 
236 204 
236 216 
236 220 
232 208 
232 228 
232 208 
232 208 
240 208 
240 240 
232 212 
228 220 
236 216 
240 212 
236 252 
232 208 
236 208 
232 220 
236 212 
232 236 
408 248 
240 220 
232 212 
232 208 
236 232 
240 232 
240 204 
236 212 
236 260 
648 208 
232 208 
236 232 
236 236 
300 208 
232 208 
356 208 
228 208 
212 212 
240 392 
236 232 
240 216 
236 212 
236 216 
236 208 
236 208 
240 208 
212 212 
236 700 
232 216 
232 208 
236 208 
228 208 
236 224 
240 236 
236 212 
48 40 
236 264 
232 264 
240 208 
236 208 
236 236 
236 236 
288 212 
232 208 
240 208 
232 216 
232 208 
192 212 
236 216 
236 212 
236 212 
232 208 
236 252 
236 252 
224 208 
232 208 
236 208 
232 212 
232 216 
236 212 
232 208 
232 208 
40 40 
240 1128 
240 220 
240 212 
236 236 
236 224 
232 208 
236 212 
232 232 
240 212 
236 208 
240 236 
240 284 
236 208 
236 216 
240 220 
236 208 
236 212 
240 220 
240 208 
240 236 
240 216 
236 208 
240 204 
236 244 
232 212 
228 208 
228 44 
236 264 
228 212 
240 216 
236 232 
236 212 
444 236 
232 208 
236 296 
240 224 
240 236 
232 204 
236 216 
240 216 
236 212 
652 212 
244 220 
260 208 
232 224 
236 216 
236 208 
236 212 
228 216 
208 208 
236 500 
236 212 
232 212 
236 204 
232 208 
232 208 
236 236 
240 216 
212 220 
232 684 
236 212 
236 228 
228 208 
232 208 
232 208 
236 212 
236 208 
740 268 
240 208 
236 236 
236 220 
252 208 
236 208 
232 216 
236 204 
240 212 
232 208 
236 220 
232 264 
236 208 
240 212 
232 244 
236 240 
232 216 
232 216 
228 216 
240 216 
232 208 
236 216 
236 208 
244 212 
256 212 
252 208 
232 216 
240 208 
236 216 
236 204 
236 220 
228 208 
232 208 
236 212 
232 256 
232 208 
236 208 
236 220 
232 216 
236 204 
232 208 
232 212 
236 236 
240 236 
236 212 
232 204 
236 208 
236 212 
228 240 
232 212 
232 212 
224 1104 
240 208 
236 236 
236 212 
240 220 
232 224 
232 216 
236 208 
236 216 
448 220 
240 208 
240 216 
236 248 
236 212 
228 204 
236 212 
236 212 
232 216 
668 212 
240 216 
232 212 
232 208 
240 208 
236 212 
232 236 
236 232 
212 252 
228 564 
320 236 
244 212 
240 212 
236 248 
232 204 
1168 236 
236 220 
220 236 
232 208 
240 216 
236 264 
232 236 
240 212 
236 236 
236 220 
236 244 
224 208 
232 208 
324 212 
240 204 
232 208 
240 220 
240 208 
236 204 
236 216 
236 212 
232 236 
228 288 
240 204 
236 248 
232 212 
240 204 
236 208 
232 204 
240 228 
236 204 
244 204 
236 212 
228 212 
232 228 
240 216 
232 236 
240 208 
236 212 
232 212 
240 208 
232 208 
236 232 
240 220 
232 204 
236 224 
232 212 
240 208 
232 212 
232 236 
236 208 
240 212 
232 212 
236 216 
240 204 
228 244 
264 220 
232 212 
236 212 
236 232 
236 208 
240 236 
216 236 
236 236 
236 204 
240 208 
240 212 
236 240 
240 212 
236 232 
260 208 
456 252 
240 208 
232 220 
232 208 
228 224 
232 212 
236 212 
236 212 
232 208 
676 228 
236 236 
240 236 
264 208 
1308 208 
240 232 
280 204 
232 204 
212 232 
232 552 
240 216 
228 208 
244 212 
236 212 
232 208 
232 208 
236 208 
208 212 
236 220 
236 212 
236 208 
228 212 
232 208 
236 264 
236 212 
240 212 
240 212 
232 216 
232 208 
232 208 
240 224 
240 212 
236 232 
228 212 
236 212 
236 212 
240 216 
236 240 
1052 208 
236 212 
240 240 
244 216 
236 212 
52 44 
236 248 
232 220 
240 240 
236 232 
236 212 
236 216 
228 208 
232 212 
236 212 
240 212 
236 204 
240 208 
236 216 
236 240 
232 212 
232 208 
236 212 
236 208 
240 244 
232 208 
236 232 
244 208 
236 216 
236 232 
256 212 
236 212 
240 208 
236 212 
228 216 
48 44 
240 232 
232 216 
348 212 
252 268 
232 212 
232 232 
232 212 
232 204 
240 212 
236 236 
236 216 
236 212 
388 216 
236 232 
1000 232 
228 216 
228 212 
236 212 
232 212 
232 220 
232 208 
644 224 
236 208 
240 232 
236 244 
236 332 
236 320 
240 228 
236 44 
216 212 
232 568 
236 204 
236 232 
312 236 
236 204 
244 236 
236 216 
236 208 
208 212 
236 216 
240 212 
232 216 
240 236 
240 224 
232 208 
236 264 
228 284 
236 212 
1092 208 
232 208 
240 216 
236 212 
236 208 
232 208 
236 224 
236 216 
236 232 
236 208 
240 220 
232 208 
232 216 
232 216 
236 212 
240 212 
240 204 
232 212 
240 208 
236 212 
236 236 
236 232 
240 204 
404 204 
240 212 
236 236 
236 224 
236 212 
232 212 
232 208 
232 264 
236 264 
244 208 
468 212 
240 208 
240 236 
228 212 
236 212 
240 208 
236 232 
280 216 
228 208 
236 236 
240 220 
240 220 
232 212 
236 212 
240 208 
228 208 
232 212 
276 212 
232 212 
240 208 
236 216 
232 244 
232 208 
236 228 
240 212 
236 252 
508 212 
240 212 
236 228 
240 204 
236 204 
236 236 
232 252 
240 204 
216 212 
760 228 
252 212 
236 228 
232 220 
236 216 
236 236 
232 208 
236 208 
212 208 
232 596 
232 208 
232 212 
236 216 
236 248 
236 204 
236 212 
236 204 
208 208 
240 716 
236 232 
232 212 
236 204 
232 240 
232 220 
232 208 
232 212 
240 220 
240 220 
236 224 
236 208 
240 268 
236 208 
232 204 
232 212 
232 232 
240 212 
232 204 
240 212 
244 232 
240 236 
236 212 
236 232 
236 208 
232 208 
236 212 
236 208 
236 236 
240 212 
240 216 
672 216 
232 212 
236 212 
236 208 
232 212 
236 208 
232 208 
236 244 
240 208 
236 240 
268 212 
232 208 
232 208 
232 232 
236 212 
232 212 
240 208 
236 216 
236 208 
240 220 
232 228 
232 208 
236 212 
232 216 
240 208 
232 212 
236 216 
236 216 
316 212 
240 208 
236 212 
232 232 
232 212 
232 212 
240 216 
240 208 
240 268 
524 244 
240 216 
228 208 
236 212 
232 236 
236 208 
236 224 
236 236 
236 228 
748 212 
240 212 
236 248 
240 212 
228 208 
236 208 
232 208 
240 236 
208 212 
232 612 
236 208 
236 232 
236 252 
236 232 
232 212 
232 232 
312 236 
216 236 
240 220 
232 212 
240 220 
236 224 
240 260 
236 272 
240 216 
232 208 
240 220 
232 212 
240 204 
232 204 
236 208 
236 204 
236 208 
232 208 
236 232 
232 252 
232 212 
228 208 
420 320 
236 208 
232 216 
236 212 
240 224 
228 208 
236 212 
236 212 
240 232 
240 252 
232 212 
232 212 
240 212 
236 220 
264 208 
236 236 
248 212 
232 252 
240 216 
244 232 
232 212 
232 212 
44 44 
236 208 
236 208 
228 208 
232 220 
240 212 
236 212 
240 208 
236 212 
244 232 
236 204 
232 208 
824 212 
236 204 
240 208 
236 208 
240 212 
296 208 
236 208 
48 44 
236 204 
228 208 
236 204 
236 212 
236 344 
236 236 
536 260 
236 208 
236 212 
236 212 
240 236 
240 236 
240 232 
240 212 
236 212 
236 364 
236 208 
236 208 
240 208 
232 212 
244 264 
236 264 
232 208 
224 212 
232 616 
240 232 
240 240 
236 52 
236 204 
232 208 
236 212 
236 212 
212 236 
232 208 
232 212 
236 208 
240 212 
232 220 
232 208 
236 208 
232 216 
236 208 
240 208 
236 232 
236 204 
232 204 
236 216 
244 212 
232 208 
240 212 
236 236 
232 212 
232 208 
232 208 
232 208 
236 220 
232 208 
228 208 
232 208 
232 212 
236 260 
232 208 
236 208 
236 212 
236 208 
236 204 
240 240 
232 212 
236 208 
232 216 
236 236 
240 208 
240 208 
232 232 
236 208 
240 212 
440 220 
236 216 
236 228 
240 220 
232 260 
236 208 
236 208 
232 208 
236 212 
240 208 
244 208 
240 208 
236 216 
240 220 
232 204 
240 228 
272 204 
232 232 
236 212 
236 332 
236 216 
240 208 
240 212 
236 232 
240 256 
552 216 
228 212 
240 240 
236 232 
240 216 
236 224 
236 220 
240 232 
316 208 
232 408 
232 212 
236 224 
232 224 
240 220 
232 208 
240 208 
232 208 
212 428 
236 636 
228 212 
236 208 
236 256 
232 208 
236 208 
232 204 
236 216 
216 228 
228 208 
236 240 
236 208 
236 236 
236 212 
236 212 
236 212 
236 236 
228 212 
244 212 
232 224 
232 208 
236 232 
240 212 
240 208 
240 204 
236 236 
236 216 
236 208 
236 216 
232 212 
240 232 
232 208 
236 264 
236 236 
236 216 
232 212 
232 204 
236 236 
236 204 
236 212 
240 988 
236 220 
232 208 
236 236 
232 204 
236 208 
236 208 
244 208 
240 236 
236 224 
256 212 
232 212 
232 212 
240 216 
240 212 
236 208 
236 220 
232 212 
232 212 
232 208 
236 212 
232 232 
240 224 
236 212 
228 208 
236 204 
236 216 
232 220 
332 208 
232 232 
236 236 
232 228 
228 212 
240 212 
248 204 
240 208 
244 248 
556 216 
228 236 
232 204 
236 204 
232 208 
236 216 
240 208 
244 224 
236 216 
232 428 
236 216 
236 236 
232 232 
240 212 
232 208 
240 208 
236 244 
216 208 
240 664 
236 212 
236 216 
240 208 
240 208 
240 232 
236 240 
232 208 
220 232 
232 208 
236 216 
236 220 
232 208 
264 204 
232 212 
240 204 
236 216 
236 216 
236 208 
236 212 
236 208 
236 212 
236 260 
232 212 
240 220 
240 212 
232 208 
240 236 
240 224 
248 1064 
236 232 
236 232 
236 208 
48 48 
244 252 
232 212 
232 212 
240 252 
232 212 
240 248 
232 212 
232 212 
236 212 
252 216 
232 260 
236 248 
228 216 
232 208 
228 204 
236 212 
232 208 
236 236 
240 204 
232 212 
236 216 
240 236 
228 212 
240 236 
228 212 
236 212 
236 208 
232 232 
240 236 
44 44 
236 216 
236 212 
236 216 
240 236 
356 204 
244 256 
232 208 
232 208 
236 204 
236 236 
236 236 
232 268 
240 208 
600 208 
240 236 
236 220 
236 216 
232 208 
232 212 
236 212 
236 232 
212 236 
236 436 
244 212 
232 212 
232 208 
232 236 
228 212 
236 228 
240 40 
212 212 
232 680 
228 228 
188 228 
232 236 
232 208 
240 228 
192 228 
208 236 
228 232 
212 208 
196 188 
232 232 
232 232 
232 232 
236 232 
240 232 
232 228 
232 188 
196 1152 
240 220 
236 204 
240 208 
364 216 
232 208 
236 224 
236 212 
232 208 
232 240 
236 208 
240 232 
240 216 
240 216 
236 216 
236 208 
236 208 
236 256 
232 208 
236 208 
236 208 
232 212 
240 212 
240 212 
240 220 
236 212 
236 208 
232 216 
232 208 
232 204 
228 204 
232 212 
236 264 
240 232 
200 216 
0 0 
0 0 
236 436 
236 212 
236 212 
236 212 
232 208 
236 208 
236 212 
232 208 
236 212 
236 212 
236 212 
232 216 
232 224 
396 232 
236 212 
232 236 
240 264 
268 208 
228 212 
232 208 
232 204 
268 216 
624 208 
236 208 
236 252 
232 212 
236 224 
236 212 
236 232 
236 212 
832 212 
232 468 
240 236 
236 212 
228 216 
232 208 
232 216 
240 212 
240 212 
212 212 
244 688 
232 204 
232 208 
244 248 
240 216 
240 224 
236 268 
260 208 
212 212 
240 236 
240 228 
232 212 
240 204 
236 236 
236 208 
236 212 
228 212 
232 204 
236 208 
240 232 
244 236 
236 212 
232 188 
232 208 
232 208 
240 208 
232 212 
240 208 
248 212 
232 204 
240 232 
236 232 
236 256 
240 216 
232 220 
232 212 
232 236 
232 212 
236 244 
236 232 
236 208 
248 216 
0 0 
0 0 
240 204 
236 204 
236 212 
240 208 
240 220 
236 208 
240 208 
236 212 
228 208 
232 208 
240 236 
236 232 
240 236 
240 216 
232 208 
216 208 
240 236 
240 236 
240 204 
236 232 
236 212 
236 232 
232 252 
232 208 
392 216 
236 208 
236 212 
236 236 
244 208 
236 212 
1104 208 
232 260 
232 216 
632 212 
236 208 
236 212 
236 216 
244 236 
228 212 
240 204 
232 212 
216 212 
232 464 
236 224 
240 212 
232 212 
240 212 
236 216 
240 208 
232 204 
212 212 
244 684 
236 204 
236 204 
232 216 
236 212 
236 216 
236 212 
236 212 
212 232 
232 216 
236 244 
228 212 
232 244 
236 212 
236 212 
240 248 
236 212 
248 220 
236 204 
240 216 
276 212 
240 216 
240 240 
236 244 
232 208 
236 208 
240 236 
236 228 
228 212 
236 204 
236 244 
232 208 
236 236 
240 232 
232 212 
236 220 
236 232 
240 220 
240 208 
236 264 
264 208 
236 216 
240 208 
232 208 
236 232 
236 216 
236 236 
240 216 
236 220 
240 204 
232 212 
240 348 
44 44 
232 216 
228 208 
236 208 
236 236 
236 212 
236 264 
204 212 
236 212 
400 208 
232 216 
280 604 
232 208 
232 220 
236 212 
236 208 
416 208 
228 204 
236 204 
244 236 
236 244 
240 208 
244 212 
236 236 
236 216 
44 44 
232 216 
236 220 
236 208 
240 220 
240 212 
236 212 
232 220 
224 212 
236 488 
232 248 
240 212 
236 260 
228 212 
240 204 
232 208 
236 208 
220 208 
232 716 
236 208 
996 232 
252 208 
236 208 
236 220 
232 216 
232 208 
228 236 
244 208 
236 212 
236 256 
228 44 
232 208 
240 208 
236 216 
232 252 
232 216 
240 212 
236 216 
232 208 
240 216 
236 216 
228 208 
264 212 
240 212 
236 232 
288 208 
228 212 
228 208 
240 232 
236 212 
236 220 
236 212 
236 236 
284 216 
228 216 
228 216 
232 208 
236 208 
240 208 
236 236 
236 208 
236 212 
236 208 
236 216 
232 204 
232 212 
236 208 
236 248 
232 268 
240 216 
860 256 
232 212 
232 212 
240 220 
236 244 
240 332 
232 232 
220 208 
240 208 
236 208 
244 268 
232 216 
232 208 
236 212 
244 252 
236 428 
432 204 
236 220 
232 208 
240 212 
232 208 
232 208 
236 220 
236 264 
236 212 
676 256 
228 212 
232 212 
232 208 
236 232 
236 236 
236 220 
232 208 
212 248 
320 772 
236 208 
232 208 
236 220 
240 236 
232 208 
236 204 
240 212 
212 208 
236 744 
244 212 
232 212 
236 212 
240 236 
232 216 
240 232 
276 220 
244 208 
236 208 
232 208 
244 212 
240 212 
256 212 
236 216 
236 212 
240 236 
232 208 
236 212 
236 216 
228 208 
228 212 
236 204 
240 212 
544 220 
236 216 
236 212 
236 236 
232 216 
240 232 
236 232 
232 252 
236 204 
232 204 
236 208 
240 264 
236 220 
236 208 
240 208 
240 236 
252 212 
236 204 
228 204 
240 236 
240 212 
240 216 
232 208 
232 212 
240 228 
236 212 
240 204 
236 208 
240 212 
240 256 
276 216 
280 204 
232 212 
232 212 
236 216 
232 212 
236 204 
240 208 
232 208 
236 348 
236 232 
232 252 
236 204 
240 208 
448 212 
236 212 
240 216 
244 236 
232 256 
232 212 
232 208 
236 212 
240 232 
728 216 
236 212 
240 208 
236 236 
236 212 
240 236 
232 232 
240 212 
448 212 
232 564 
244 216 
240 220 
232 212 
236 208 
228 220 
240 232 
232 212 
212 220 
232 208 
228 204 
236 216 
232 220 
232 212 
240 268 
240 224 
268 224 
228 204 
236 216 
236 216 
232 216 
236 216 
608 212 
240 256 
232 216 
236 216 
236 232 
236 212 
228 208 
228 208 
236 212 
232 212 
240 240 
232 212 
236 216 
236 236 
232 240 
232 204 
244 212 
232 208 
236 212 
228 208 
236 212 
236 208 
244 236 
240 232 
236 208 
240 236 
236 236 
232 208 
240 208 
240 208 
228 208 
236 212 
240 232 
44 44 
240 208 
232 216 
236 208 
232 232 
236 212 
236 204 
236 232 
232 208 
228 312 
236 204 
236 208 
244 212 
256 208 
232 212 
232 212 
236 236 
236 236 
236 236 
236 208 
232 204 
240 228 
496 212 
240 264 
236 216 
236 204 
236 236 
240 236 
72 44 
240 232 
232 264 
724 212 
236 208 
236 208 
236 212 
232 208 
236 216 
232 208 
232 212 
212 208 
240 516 
264 208 
236 208 
236 212 
228 212 
236 204 
236 220 
236 248 
260 208 
232 208 
240 208 
544 216 
236 212 
236 208 
240 176 
236 208 
240 216 
232 212 
232 212 
236 208 
236 236 
236 212 
228 212 
236 208 
236 212 
236 236 
228 208 
240 212 
236 208 
232 208 
236 220 
232 212 
240 212 
232 212 
240 216 
240 244 
240 208 
236 236 
236 204 
240 208 
232 212 
236 224 
236 208 
232 228 
236 208 
500 208 
236 220 
232 216 
236 232 
232 220 
236 212 
236 228 
232 208 
236 212 
244 216 
232 204 
232 212 
236 236 
232 208 
240 232 
284 212 
240 236 
236 212 
236 212 
236 232 
236 260 
240 208 
244 236 
264 212 
236 208 
236 212 
232 232 
236 208 
236 208 
228 212 
240 208 
240 216 
488 232 
232 212 
236 236 
236 232 
236 236 
236 212 
236 232 
236 260 
232 208 
728 228 
236 212 
236 208 
236 216 
244 208 
236 384 
236 236 
232 212 
216 204 
280 556 
232 212 
240 220 
240 244 
240 212 
232 216 
236 208 
232 212 
208 212 
236 208 
236 212 
248 208 
228 216 
232 208 
232 264 
252 212 
240 216 
240 204 
232 212 
228 220 
240 204 
236 208 
236 240 
236 204 
232 212 
240 216 
236 212 
236 224 
228 208 
236 208 
240 236 
236 208 
244 204 
232 208 
484 208 
236 256 
236 244 
236 216 
236 236 
240 232 
232 236 
236 236 
228 208 
232 224 
240 204 
236 216 
236 216 
240 236 
236 248 
244 212 
232 216 
240 228 
236 208 
232 212 
236 208 
236 236 
228 208 
232 208 
240 212 
228 204 
240 204 
236 208 
240 212 
232 204 
240 208 
240 216 
240 220 
196 212 
276 240 
244 252 
232 204 
232 208 
236 212 
240 204 
232 216 
236 204 
236 220 
508 212 
240 232 
232 212 
236 208 
236 256 
236 220 
232 212 
236 216 
256 208 
236 384 
240 228 
232 212 
232 208 
236 212 
236 236 
236 240 
240 232 
224 212 
232 612 
236 212 
232 208 
236 216 
236 212 
232 212 
236 208 
228 212 
212 204 
240 216 
260 208 
228 208 
232 204 
232 208 
240 216 
236 264 
252 212 
240 216 
236 256 
236 212 
240 204 
236 212 
232 960 
248 208 
236 212 
236 208 
232 208 
236 216 
236 212 
240 212 
232 208 
228 204 
236 220 
244 212 
232 208 
236 212 
240 240 
244 212 
240 204 
232 208 
232 216 
236 244 
236 236 
232 208 
232 208 
236 204 
232 208 
232 212 
232 208 
236 212 
228 212 
236 212 
232 208 
240 212 
44 44 
232 208 
208 216 
240 212 
264 208 
236 208 
240 260 
232 216 
232 216 
240 220 
228 208 
240 212 
232 208 
236 208 
320 220 
232 212 
228 240 
240 212 
236 208 
232 212 
228 208 
236 256 
236 216 
532 252 
232 204 
240 208 
44 48 
232 208 
248 208 
232 212 
260 204 
252 208 
236 388 
240 208 
232 208 
232 212 
256 208 
228 208 
232 208 
236 212 
212 216 
336 376 
228 208 
232 212 
228 212 
240 220 
232 208 
232 208 
228 212 
212 208 
232 212 
236 232 
228 1052 
240 212 
232 216 
236 248 
244 220 
240 212 
240 212 
228 208 
240 224 
236 244 
228 212 
240 208 
236 212 
232 208 
236 212 
232 212 
232 204 
236 236 
240 212 
232 212 
236 212 
232 208 
236 212 
232 216 
228 212 
232 212 
236 212 
236 208 
228 232 
236 208 
236 212 
244 208 
232 204 
236 208 
236 236 
232 216 
232 204 
228 208 
256 212 
240 216 
236 256 
236 212 
236 208 
240 212 
240 236 
236 236 
308 208 
240 208 
232 212 
232 204 
236 216 
232 212 
232 208 
240 256 
236 256 
236 216 
236 204 
332 208 
236 212 
236 220 
240 212 
232 204 
232 236 
232 208 
236 212 
236 208 
552 208 
240 236 
240 232 
232 204 
236 220 
232 208 
240 212 
236 220 
236 208 
240 400 
236 208 
240 220 
240 220 
232 216 
232 216 
228 212 
236 212 
212 208 
236 924 
232 228 
240 212 
236 236 
236 208 
240 232 
240 212 
232 212 
220 240 
240 244 
228 208 
248 212 
232 208 
228 212 
236 212 
236 208 
232 236 
248 212 
232 208 
236 212 
240 212 
232 208 
232 212 
236 208 
232 208 
232 204 
232 224 
236 204 
236 208 
236 232 
232 204 
236 236 
232 208 
240 212 
232 920 
240 212 
240 236 
228 212 
236 212 
236 208 
236 208 
240 216 
232 232 
236 252 
236 216 
232 212 
228 212 
240 220 
240 216 
228 208 
232 204 
232 204 
236 232 
236 212 
228 212 
232 212 
232 212 
240 208 
240 216 
240 236 
232 244 
228 212 
232 212 
240 208 
232 244 
236 212 
236 216 
692 204 
360 208 
228 208 
236 208 
232 236 
240 208 
236 232 
232 216 
232 208 
236 236 
604 212 
232 260 
232 212 
232 204 
240 236 
232 216 
236 232 
240 232 
220 216 
244 376 
244 208 
232 212 
232 204 
240 236 
236 208 
236 232 
240 216 
212 236 
228 676 
240 208 
240 256 
232 220 
228 212 
244 220 
240 236 
236 244 
212 212 
240 220 
236 212 
232 212 
236 232 
232 208 
240 212 
240 232 
236 248 
228 212 
232 204 
236 232 
236 212 
232 212 
236 256 
232 884 
236 208 
244 208 
236 236 
232 212 
236 236 
236 204 
260 212 
240 208 
236 212 
240 280 
240 212 
236 208 
244 252 
236 240 
232 204 
232 212 
236 212 
236 212 
240 232 
248 212 
232 212 
236 212 
236 240 
236 212 
232 212 
236 208 
236 224 
240 212 
236 216 
240 212 
236 208 
236 232 
952 236 
236 216 
56 44 
236 216 
240 224 
236 236 
236 212 
232 212 
228 208 
232 204 
244 236 
236 212 
368 208 
244 212 
240 236 
232 208 
236 236 
244 208 
240 240 
236 236 
236 208 
616 216 
232 208 
236 236 
240 220 
232 232 
236 212 
236 216 
48 40 
236 232 
228 436 
228 216 
232 212 
232 204 
232 208 
232 208 
240 208 
236 236 
216 220 
236 680 
240 236 
232 268 
236 208 
232 208 
240 208 
236 216 
248 208 
220 208 
232 208 
240 192 
232 208 
228 204 
240 212 
236 212 
236 268 
252 216 
232 208 
232 204 
228 40 
240 212 
236 236 
240 212 
232 244 
232 208 
256 220 
228 208 
236 212 
232 208 
228 228 
236 204 
236 216 
232 208 
272 204 
236 232 
236 208 
236 208 
240 208 
244 256 
236 208 
236 208 
232 208 
232 212 
236 236 
232 212 
868 244 
236 212 
240 212 
232 208 
232 216 
236 208 
232 212 
236 212 
236 236 
240 260 
260 212 
232 220 
232 204 
232 236 
232 224 
232 204 
232 208 
240 220 
232 236 
232 212 
232 208 
236 248 
300 216 
408 212 
232 212 
236 224 
232 240 
232 204 
288 208 
228 208 
236 208 
232 208 
640 208 
228 212 
860 212 
232 208 
236 228 
228 208 
240 212 
236 244 
220 212 
228 436 
236 212 
232 208 
232 208 
240 212 
232 216 
236 216 
236 220 
216 212 
236 660 
240 208 
240 220 
236 236 
236 224 
240 208 
232 256 
240 204 
216 232 
228 212 
232 204 
236 212 
236 216 
236 292 
236 208 
232 208 
236 236 
232 204 
236 216 
236 220 
240 240 
232 216 
244 216 
236 220 
232 208 
244 228 
236 208 
240 260 
240 236 
240 228 
236 248 
236 220 
236 232 
232 208 
876 208 
232 212 
232 204 
236 208 
232 232 
240 220 
232 220 
232 212 
240 212 
240 240 
236 232 
236 204 
292 212 
232 208 
236 212 
224 204 
236 236 
232 236 
236 260 
236 236 
240 212 
236 236 
236 228 
240 204 
236 208 
236 212 
236 212 
252 212 
236 208 
236 208 
244 224 
236 208 
236 212 
236 212 
796 204 
244 208 
224 208 
240 208 
236 208 
236 236 
240 260 
236 212 
232 212 
652 212 
232 216 
236 208 
240 212 
232 208 
240 232 
232 208 
228 212 
208 260 
228 504 
240 216 
232 248 
232 208 
240 204 
236 208 
240 260 
240 236 
208 232 
236 704 
236 212 
236 240 
232 212 
236 208 
232 208 
360 208 
232 212 
212 208 
312 208 
236 208 
232 208 
236 212 
240 220 
232 220 
236 220 
236 208 
240 212 
236 216 
244 212 
240 212 
232 216 
236 232 
232 208 
232 212 
232 224 
236 216 
236 216 
236 208 
236 208 
232 216 
232 212 
240 212 
236 264 
232 208 
240 216 
236 232 
236 212 
236 236 
240 236 
208 208 
232 272 
232 208 
236 232 
236 208 
240 224 
232 212 
232 204 
236 208 
236 208 
236 212 
232 228 
236 212 
236 240 
244 212 
236 240 
232 280 
236 208 
232 212 
216 208 
236 212 
236 212 
232 212 
236 236 
232 208 
236 204 
228 208 
232 208 
424 212 
240 256 
240 256 
284 216 
236 208 
232 220 
240 204 
232 208 
240 224 
48 40 
244 212 
232 208 
232 208 
236 216 
240 232 
228 216 
236 204 
212 208 
240 516 
332 216 
240 208 
236 236 
428 236 
240 236 
236 232 
232 280 
212 208 
240 748 
236 208 
244 212 
236 208 
236 212 
236 220 
228 212 
48 44 
228 208 
228 212 
240 236 
236 248 
248 208 
236 208 
236 208 
240 220 
232 212 
232 204 
232 208 
236 216 
236 236 
236 232 
232 212 
232 204 
228 212 
236 40 
236 208 
236 236 
232 216 
232 212 
236 216 
236 236 
236 244 
240 212 
236 208 
236 208 
232 212 
240 216 
232 240 
240 236 
236 224 
240 208 
232 208 
240 220 
236 216 
244 236 
236 212 
236 216 
232 204 
236 212 
236 208 
232 208 
236 208 
236 208 
240 236 
240 216 
236 208 
236 208 
240 212 
212 232 
240 204 
232 208 
232 208 
236 212 
240 204 
244 216 
240 244 
236 216 
440 212 
232 204 
240 240 
232 208 
236 208 
240 216 
240 212 
240 220 
232 216 
692 208 
232 228 
488 212 
240 224 
240 208 
240 208 
232 216 
232 228 
508 204 
240 480 
232 208 
232 208 
240 208 
240 256 
236 216 
236 252 
228 208 
216 204 
236 732 
236 236 
240 208 
240 236 
248 208 
236 216 
236 208 
236 252 
240 228 
232 208 
232 216 
240 280 
228 224 
240 208 
236 232 
280 212 
232 208 
236 216 
616 212 
236 236 
232 212 
236 208 
236 240 
232 208 
240 208 
232 212 
236 232 
232 208 
236 228 
236 204 
232 204 
232 208 
236 224 
232 216 
244 212 
276 216 
228 212 
232 212 
232 208 
236 212 
240 232 
232 212 
236 204 
236 212 
236 236 
240 232 
252 212 
236 216 
236 216 
236 208 
236 212 
240 216 
236 232 
232 212 
232 264 
236 204 
236 208 
232 204 
240 212 
208 204 
240 208 
240 240 
232 220 
236 212 
236 212 
236 212 
232 232 
236 220 
468 1368 
236 236 
244 212 
236 216 
236 216 
232 208 
240 252 
236 204 
232 216 
668 236 
244 204 
240 264 
232 212 
236 208 
232 208 
240 236 
232 208 
212 232 
224 564 
232 208 
236 216 
236 208 
232 216 
232 208 
232 212 
296 212 
212 212 
228 208 
236 236 
236 236 
232 212 
240 256 
240 212 
232 232 
308 208 
232 216 
232 212 
244 204 
232 212 
232 212 
236 216 
236 256 
240 216 
236 216 
232 212 
240 208 
236 236 
236 212 
240 208 
240 212 
240 256 
232 208 
240 208 
232 220 
232 252 
236 236 
236 220 
232 212 
228 212 
236 208 
236 236 
244 232 
232 208 
240 212 
236 212 
236 232 
232 212 
196 216 
316 208 
228 212 
236 216 
236 256 
236 240 
232 204 
240 212 
236 212 
240 264 
244 212 
236 232 
252 212 
232 232 
236 212 
236 212 
240 208 
244 212 
236 212 
252 236 
232 216 
236 208 
236 240 
228 216 
236 212 
236 232 
244 208 
228 212 
492 216 
232 208 
236 232 
236 232 
240 236 
232 208 
232 208 
236 212 
236 216 
736 216 
236 212 
48 44 
232 212 
240 208 
240 220 
228 216 
236 248 
248 216 
232 572 
232 204 
236 204 
236 208 
600 700 
244 248 
236 216 
236 208 
216 208 
240 208 
232 204 
236 208 
236 256 
244 212 
232 204 
232 208 
240 212 
228 316 
232 208 
44 44 
228 208 
260 212 
240 212 
256 208 
236 212 
236 208 
244 232 
236 240 
232 212 
232 204 
240 216 
240 208 
240 212 
240 212 
232 204 
236 208 
232 220 
232 208 
236 220 
236 212 
248 204 
236 248 
236 208 
232 216 
236 212 
236 236 
280 240 
308 40 
236 256 
232 216 
236 220 
240 220 
232 216 
236 208 
240 256 
232 212 
240 216 
240 232 
236 212 
240 240 
232 212 
240 236 
236 236 
240 232 
244 208 
236 236 
240 232 
240 232 
264 224 
236 208 
236 212 
240 216 
240 212 
232 212 
232 212 
232 208 
232 204 
512 224 
240 204 
236 236 
232 212 
232 208 
240 208 
232 208 
240 212 
236 220 
744 212 
236 212 
236 920 
240 312 
232 216 
232 208 
232 212 
236 212 
212 232 
236 588 
236 208 
236 236 
236 252 
236 208 
232 212 
236 216 
236 208 
216 204 
236 208 
232 212 
228 208 
236 268 
268 216 
240 216 
256 212 
236 220 
252 212 
236 232 
232 208 
240 208 
228 208 
272 220 
236 232 
236 264 
232 204 
256 216 
236 216 
236 208 
240 216 
240 212 
240 232 
228 204 
236 208 
236 212 
240 208 
240 212 
240 264 
232 212 
240 208 
232 208 
240 232 
236 208 
236 236 
264 212 
236 208 
236 208 
236 232 
236 236 
228 232 
236 212 
236 212 
240 204 
232 220 
240 208 
236 212 
236 216 
240 236 
236 224 
252 216 
232 220 
236 208 
236 208 
236 236 
232 208 
232 208 
240 208 
232 220 
280 208 
232 216 
236 252 
236 216 
232 212 
236 208 
236 216 
232 232 
236 212 
1432 264 
236 220 
236 212 
236 208 
228 208 
236 212 
240 236 
232 208 
232 248 
240 348 
236 208 
228 212 
232 208 
240 220 
236 208 
236 208 
232 216 
212 204 
236 580 
244 248 
236 212 
240 224 
232 212 
240 264 
224 212 
232 220 
212 308 
244 236 
236 236 
236 212 
236 208 
236 212 
232 264 
232 208 
476 628 
240 212 
236 212 
236 220 
236 248 
236 232 
232 208 
232 212 
236 220 
236 232 
236 212 
228 212 
244 296 
236 216 
236 212 
232 248 
232 204 
236 232 
232 216 
232 216 
232 212 
232 212 
236 208 
360 212 
236 248 
232 204 
240 260 
244 204 
240 232 
236 204 
236 224 
240 212 
236 212 
636 208 
236 212 
240 220 
236 252 
236 232 
236 248 
232 204 
240 220 
240 216 
236 228 
240 208 
232 216 
240 208 
232 208 
236 236 
232 208 
264 208 
232 232 
236 236 
300 212 
232 208 
232 212 
228 212 
236 212 
240 232 
232 244 
232 212 
236 224 
468 220 
236 212 
240 232 
232 216 
236 204 
236 208 
236 228 
240 296 
236 212 
244 380 
232 208 
232 248 
236 212 
232 224 
232 208 
232 216 
232 212 
216 228 
236 648 
240 208 
240 208 
228 272 
48 52 
0 0 
0 0 
0 0 
0 0 
0 0 
0 0 
0 0 
0 0 
0 0 
0 0 
0 0 
0 0 
0 0 
0 0 
0 0 
0 0 
0 0 
0 0 
0 0 
0 0 
0 0 
0 0 
0 0 
0 0 
0 0 
0 0 
0 0 
0 0 
0 0 
0 0 
0 0 
0 0 
0 0 
0 0 
0 0 
0 0 
0 0 
0 0 
0 0 
0 0 
0 0 
0 0 
0 0 
0 0 
0 0 
0 0 
0 0 
0 0 
0 0 
0 0 
0 0 
0 0 
0 0 
236 216 
240 244 
236 216 
256 208 
240 216 
232 216 
228 212 
236 212 
240 252 
236 216 
324 216 
236 236 
236 212 
236 208 
244 212 
240 216 
236 224 
232 204 
232 208 
572 208 
232 208 
236 212 
240 220 
236 216 
232 208 
232 208 
232 212 
232 204 
240 392 
240 212 
236 244 
240 212 
236 208 
232 204 
240 208 
240 236 
216 216 
240 620 
232 228 
232 208 
240 252 
252 216 
236 208 
236 220 
236 220 
220 212 
232 212 
236 248 
236 220 
232 208 
236 212 
228 212 
228 212 
236 204 
240 208 
240 264 
240 216 
236 204 
236 236 
240 208 
232 204 
240 216 
236 212 
240 212 
228 208 
236 216 
240 236 
236 212 
236 208 
232 208 
236 216 
236 236 
236 212 
240 208 
232 216 
236 212 
240 308 
236 216 
232 208 
236 236 
236 252 
236 248 
236 212 
240 208 
232 208 
228 212 
236 212 
236 260 
232 216 
236 212 
236 216 
284 204 
232 208 
232 208 
240 216 
236 264 
232 208 
236 216 
236 208 
228 248 
236 212 
232 256 
236 220 
232 212 
232 204 
328 240 
236 244 
236 208 
240 212 
236 208 
232 208 
236 252 
228 212 
232 208 
572 224 
232 208 
236 224 
240 236 
240 212 
232 212 
232 228 
240 212 
208 208 
232 668 
236 236 
232 232 
232 228 
236 208 
364 244 
236 216 
228 236 
212 208 
236 644 
240 212 
236 236 
48 44 
236 208 
232 216 
232 232 
232 244 
216 208 
236 212 
244 232 
5596 212 
0 0 
236 212 
236 208 
236 232 
240 236 
232 216 
232 208 
236 208 
232 216 
236 216 
236 208 
240 212 
236 208 
236 216 
240 208 
232 204 
240 236 
272 216 
236 224 
240 40 
232 44 
232 212 
232 208 
236 216 
232 220 
232 208 
236 212 
236 232 
240 212 
248 212 
236 212 
236 216 
232 212 
236 232 
240 212 
236 208 
232 208 
236 216 
232 204 
236 236 
240 212 
236 252 
236 208 
228 212 
240 220 
228 216 
232 212 
228 212 
236 40 
232 212 
240 204 
232 204 
232 212 
260 204 
240 224 
240 208 
352 212 
240 208 
232 208 
240 212 
236 212 
232 364 
232 220 
236 212 
300 208 
608 212 
232 212 
232 204 
240 204 
236 216 
240 208 
232 208 
232 232 
224 208 
236 444 
236 216 
240 236 
268 204 
232 204 
236 216 
240 236 
228 212 
216 204 
240 672 
264 212 
240 212 
236 264 
232 216 
240 232 
240 232 
240 212 
216 212 
236 264 
232 216 
236 232 
236 236 
236 212 
240 216 
240 232 
240 216 
240 232 
236 220 
232 212 
244 252 
232 212 
236 208 
232 232 
236 240 
240 212 
236 212 
240 212 
236 236 
232 212 
232 260 
240 208 
236 236 
244 208 
240 216 
240 204 
232 236 
236 212 
236 204 
236 212 
236 236 
232 212 
228 208 
236 208 
228 216 
236 216 
240 212 
240 212 
240 232 
236 208 
240 236 
236 212 
232 204 
240 220 
252 212 
228 208 
244 232 
240 208 
240 244 
236 212 
236 236 
240 208 
232 208 
236 236 
232 232 
232 212 
232 240 
236 212 
404 212 
232 208 
232 212 
232 208 
236 216 
232 212 
232 208 
232 212 
232 212 
600 216 
264 212 
232 232 
232 204 
236 212 
232 228 
236 212 
228 212 
216 212 
232 492 
244 332 
228 208 
232 244 
240 212 
236 208 
236 212 
232 212 
212 212 
240 696 
232 236 
236 232 
236 276 
236 212 
240 216 
232 204 
240 208 
212 216 
232 256 
232 208 
232 212 
240 220 
240 208 
232 216 
236 220 
232 208 
236 212 
236 232 
232 212 
240 204 
228 212 
232 220 
224 208 
236 236 
240 208 
236 244 
236 216 
240 208 
236 256 
232 204 
236 232 
240 208 
236 264 
236 224 
236 216 
232 212 
232 212 
240 220 
236 264 
236 204 
232 240 
244 212 
232 212 
228 208 
232 204 
240 208 
236 216 
236 220 
240 212 
236 236 
240 216 
