# ./FR-trace starting at Mon Apr 20 19:07:33 2020
################# CONFIG #################
# slot=5000
# samples=10000
# threshold=100
# idle=500
# minlen=500
# runs=10000
# pdathreads=2
# nmonitored=2
#   monitor0=../apps/openssl ec2_mult.c:153 0x1e7854
#   monitor1=../apps/openssl ec2_mult.c:161 0x1e789c
# nevicted=0
# npdatargets=2
#   target0=../apps/openssl bn_gf2m.c:412 0x20bd10
#   target1=../apps/openssl bn_gf2m.c:412+64 0x20bd50
# affinity=all
############## SYSTEM INFO ###############
# mastik_version=
# sysname=Linux
# nodename=lovelace
# release=5.3.7-arch1-1-ARCH
# version=#1 SMP PREEMPT Fri Oct 18 00:17:03 UTC 2019
# machine=x86_64
################## DATA ##################
# run=5027
# datapoints=2487
48 40 
216 216 
188 208 
240 212 
212 208 
224 192 
208 224 
220 196 
216 204 
208 192 
212 192 
236 216 
200 212 
228 212 
196 196 
188 208 
224 196 
248 352 
444 300 
236 356 
252 228 
196 204 
208 184 
216 220 
236 484 
232 224 
196 216 
200 384 
280 224 
188 216 
48 44 
212 220 
232 236 
236 276 
200 356 
292 236 
232 220 
236 216 
200 224 
228 204 
228 192 
232 216 
240 208 
216 280 
232 212 
240 196 
228 216 
228 212 
236 284 
212 44 
236 240 
228 208 
200 212 
236 188 
196 188 
200 204 
196 196 
204 216 
196 192 
216 228 
196 236 
216 216 
240 232 
0 0 
196 188 
224 188 
232 208 
292 256 
0 0 
0 0 
0 0 
0 0 
236 204 
212 356 
188 192 
200 232 
228 212 
256 208 
232 208 
232 208 
196 196 
192 220 
220 212 
200 236 
240 336 
268 260 
236 252 
232 204 
208 324 
224 212 
204 228 
224 192 
212 200 
232 228 
200 192 
232 236 
216 208 
224 224 
240 216 
208 228 
208 232 
196 232 
220 212 
236 240 
240 236 
236 196 
292 196 
240 340 
240 240 
236 240 
192 188 
240 208 
192 212 
204 208 
196 232 
196 228 
196 224 
228 188 
240 220 
236 408 
240 452 
192 192 
236 260 
228 216 
232 508 
228 208 
216 208 
244 208 
200 208 
220 244 
232 208 
192 208 
200 212 
200 192 
216 220 
208 212 
224 204 
204 216 
236 204 
212 328 
204 196 
236 212 
736 272 
220 196 
236 240 
244 196 
212 212 
196 208 
296 188 
216 232 
236 208 
268 192 
236 344 
236 196 
332 280 
232 248 
236 212 
196 212 
204 204 
232 232 
188 196 
216 232 
240 212 
236 208 
232 212 
232 224 
236 216 
228 204 
324 292 
216 216 
0 0 
0 0 
0 0 
200 196 
320 344 
236 248 
236 220 
224 332 
356 212 
192 192 
212 192 
248 228 
216 260 
228 216 
232 320 
240 208 
220 220 
224 188 
232 212 
204 192 
236 284 
216 260 
216 216 
236 216 
212 196 
412 244 
228 580 
220 192 
200 228 
196 200 
212 216 
200 184 
228 208 
228 208 
236 216 
600 208 
236 212 
240 208 
196 236 
208 204 
236 204 
200 192 
200 192 
428 216 
216 440 
240 232 
232 208 
232 216 
232 212 
240 224 
236 212 
236 284 
236 216 
204 196 
240 256 
200 224 
196 268 
200 228 
212 212 
236 212 
236 220 
212 212 
200 200 
228 188 
196 188 
236 232 
268 240 
228 208 
480 408 
192 212 
192 212 
228 208 
236 236 
236 220 
236 248 
204 192 
208 208 
236 308 
236 208 
236 308 
236 212 
236 324 
308 208 
312 236 
264 192 
200 236 
228 212 
240 224 
236 200 
240 196 
220 216 
236 208 
240 228 
240 208 
196 196 
192 212 
240 248 
212 216 
236 276 
348 236 
336 308 
304 244 
212 204 
236 208 
236 208 
232 232 
232 212 
48 44 
232 208 
232 208 
208 208 
200 224 
228 208 
204 188 
196 192 
372 196 
240 232 
240 216 
212 332 
240 196 
248 228 
240 208 
228 196 
204 192 
220 204 
236 236 
536 220 
220 216 
236 224 
220 208 
628 192 
236 216 
44 44 
232 228 
200 220 
236 440 
240 212 
232 204 
224 192 
216 300 
236 332 
324 208 
212 228 
192 224 
208 200 
232 232 
208 248 
360 208 
260 192 
196 212 
216 196 
232 208 
232 200 
196 200 
236 208 
216 216 
208 244 
276 240 
320 224 
256 212 
260 192 
204 224 
232 720 
728 44 
220 196 
268 228 
236 208 
200 216 
192 212 
232 196 
228 232 
236 216 
232 192 
200 244 
220 212 
216 212 
196 196 
240 208 
244 188 
224 208 
628 196 
240 228 
220 236 
200 200 
208 212 
236 232 
232 236 
324 236 
236 232 
236 212 
220 220 
224 224 
204 208 
212 208 
216 208 
204 200 
220 208 
224 208 
232 216 
240 208 
212 236 
232 208 
232 208 
220 208 
264 256 
196 192 
192 196 
196 244 
196 264 
204 220 
192 260 
344 248 
192 208 
196 304 
228 272 
192 196 
204 212 
476 192 
220 224 
216 212 
192 224 
196 208 
196 208 
212 200 
380 232 
248 204 
248 204 
348 216 
236 188 
328 256 
208 224 
224 220 
192 200 
200 192 
196 188 
216 500 
224 204 
208 192 
236 220 
192 200 
240 212 
192 236 
312 200 
208 264 
212 208 
196 196 
232 244 
216 216 
224 216 
212 212 
268 208 
196 232 
244 228 
200 192 
232 236 
192 216 
196 208 
240 204 
240 220 
244 248 
204 316 
240 208 
204 212 
308 204 
192 224 
200 252 
212 228 
224 204 
192 192 
196 212 
192 200 
200 196 
224 232 
192 196 
200 228 
244 196 
196 196 
240 196 
240 208 
244 312 
216 208 
204 244 
196 212 
216 192 
192 208 
188 216 
212 204 
232 204 
196 216 
196 196 
192 192 
196 200 
208 228 
244 244 
272 196 
196 316 
208 216 
196 196 
204 200 
192 204 
216 300 
200 196 
228 276 
212 260 
276 208 
216 196 
216 212 
200 212 
192 188 
316 204 
216 216 
212 420 
192 196 
192 204 
196 196 
196 196 
204 236 
196 188 
204 220 
204 204 
192 216 
192 192 
204 232 
192 192 
228 228 
228 240 
216 196 
236 196 
372 184 
200 216 
216 208 
232 196 
192 204 
192 240 
200 204 
224 200 
200 196 
196 196 
312 264 
272 348 
216 216 
248 268 
264 328 
240 232 
296 256 
192 192 
244 604 
192 192 
208 188 
564 264 
196 192 
192 196 
216 512 
196 236 
196 196 
192 196 
232 272 
196 292 
200 188 
204 196 
332 208 
244 192 
196 244 
204 200 
196 192 
216 204 
244 232 
192 204 
232 196 
208 196 
204 300 
192 212 
196 208 
204 192 
192 196 
196 188 
232 232 
248 236 
232 364 
240 236 
300 264 
196 208 
192 208 
264 332 
256 316 
208 264 
200 188 
204 192 
200 236 
240 236 
216 196 
216 216 
220 192 
396 632 
200 232 
204 204 
244 200 
208 236 
232 228 
196 236 
200 204 
192 200 
204 188 
48 40 
216 208 
280 192 
196 204 
192 232 
208 200 
236 200 
244 208 
196 192 
240 304 
292 208 
228 232 
308 324 
304 320 
192 196 
200 204 
584 196 
44 48 
216 220 
196 208 
256 208 
196 192 
208 216 
224 200 
220 220 
196 204 
188 196 
196 192 
216 192 
220 224 
240 188 
192 188 
364 200 
224 228 
216 252 
196 200 
212 232 
216 216 
200 224 
204 208 
232 200 
200 220 
320 260 
232 356 
200 196 
196 44 
220 192 
192 188 
200 252 
196 196 
204 192 
228 224 
192 220 
312 228 
224 312 
600 196 
192 212 
212 264 
204 224 
212 208 
196 208 
220 188 
208 204 
504 192 
220 200 
192 192 
212 220 
216 236 
204 216 
212 228 
192 224 
212 188 
192 192 
200 188 
224 188 
196 228 
208 208 
260 220 
212 224 
212 200 
232 256 
244 240 
192 276 
216 192 
256 244 
216 300 
248 200 
228 192 
236 192 
204 220 
220 196 
716 228 
204 212 
228 212 
196 228 
276 204 
212 244 
192 224 
204 192 
212 196 
204 204 
200 208 
196 192 
204 212 
228 280 
196 208 
196 196 
192 196 
200 232 
232 264 
284 188 
236 204 
216 228 
236 252 
224 192 
224 236 
272 208 
344 232 
224 256 
232 260 
240 192 
204 300 
332 232 
200 308 
208 240 
240 204 
196 192 
288 328 
204 212 
232 192 
188 204 
200 228 
200 520 
252 188 
224 208 
196 196 
196 200 
196 232 
196 228 
220 212 
216 196 
488 292 
220 212 
404 356 
204 224 
236 244 
228 212 
244 224 
212 212 
196 216 
196 192 
204 200 
228 212 
212 228 
252 304 
192 216 
300 196 
228 196 
196 188 
196 188 
212 560 
304 204 
236 196 
204 208 
236 208 
296 196 
260 232 
252 300 
236 228 
240 336 
284 252 
268 200 
256 200 
196 188 
204 192 
196 208 
192 200 
224 216 
196 192 
232 196 
584 196 
216 196 
216 212 
200 248 
220 196 
200 200 
212 200 
192 208 
240 224 
196 216 
204 196 
300 208 
196 208 
232 248 
236 192 
240 268 
216 216 
200 196 
224 312 
364 196 
196 208 
204 208 
204 192 
196 192 
212 192 
196 196 
200 228 
212 228 
216 520 
196 208 
388 212 
216 188 
236 200 
192 192 
316 200 
192 216 
212 204 
196 192 
212 212 
216 228 
196 216 
200 216 
204 192 
232 204 
196 192 
200 276 
216 192 
196 200 
196 192 
192 200 
204 192 
200 192 
216 196 
192 188 
200 292 
196 192 
196 188 
256 332 
236 196 
212 192 
324 256 
300 288 
536 284 
196 232 
216 192 
196 196 
216 212 
224 248 
212 192 
236 220 
356 208 
240 208 
240 248 
192 192 
192 192 
196 216 
44 44 
248 196 
200 212 
216 204 
212 188 
208 188 
188 204 
196 204 
196 204 
268 200 
208 272 
224 212 
196 216 
212 212 
312 212 
212 676 
188 216 
192 248 
192 220 
200 192 
196 212 
208 196 
204 224 
204 196 
200 200 
192 220 
48 56 
204 200 
264 244 
196 196 
196 192 
200 192 
192 212 
212 236 
192 328 
216 188 
200 212 
224 188 
344 240 
276 268 
196 192 
232 224 
192 216 
196 260 
224 200 
196 196 
192 252 
192 204 
200 192 
196 208 
236 224 
256 280 
248 324 
224 236 
344 40 
208 212 
272 292 
200 216 
276 328 
204 220 
224 188 
196 220 
208 200 
188 188 
224 572 
568 192 
212 248 
328 592 
196 200 
196 212 
204 192 
236 252 
200 216 
248 232 
196 196 
200 196 
228 196 
212 232 
200 232 
196 196 
216 200 
192 260 
192 204 
216 220 
212 200 
216 256 
192 220 
204 220 
204 224 
264 256 
196 244 
212 572 
192 196 
208 204 
192 204 
224 200 
200 228 
196 200 
212 212 
200 196 
204 240 
240 212 
200 208 
196 224 
192 192 
200 192 
208 192 
208 212 
208 244 
196 232 
196 192 
224 188 
368 196 
204 192 
364 388 
216 236 
212 216 
216 208 
220 248 
272 232 
312 236 
276 192 
192 216 
196 192 
196 196 
196 208 
192 192 
200 216 
208 212 
468 256 
232 188 
240 232 
200 212 
204 204 
196 208 
240 216 
244 244 
216 212 
244 188 
200 192 
216 188 
196 208 
200 192 
192 192 
216 192 
212 196 
204 188 
212 192 
212 252 
192 188 
196 192 
252 244 
196 204 
240 360 
196 196 
200 252 
200 220 
228 196 
200 208 
256 188 
216 204 
220 212 
236 532 
220 212 
192 204 
200 196 
196 216 
204 188 
200 192 
228 208 
240 240 
188 192 
240 196 
520 224 
204 300 
228 308 
208 212 
228 236 
208 188 
192 204 
212 364 
244 264 
232 208 
312 344 
232 228 
236 252 
204 200 
220 196 
296 300 
312 232 
196 276 
204 200 
216 200 
196 188 
240 204 
224 192 
192 196 
196 208 
192 236 
196 200 
248 256 
216 196 
248 240 
196 196 
204 188 
212 192 
208 724 
196 196 
192 204 
208 196 
324 208 
232 228 
212 188 
216 212 
188 208 
240 204 
200 284 
236 208 
240 208 
216 224 
328 208 
276 196 
196 208 
232 216 
204 192 
212 196 
216 216 
216 196 
192 204 
200 208 
424 208 
196 204 
196 200 
212 192 
200 188 
208 232 
192 188 
196 200 
236 212 
196 216 
196 204 
196 280 
192 248 
196 192 
192 208 
204 212 
228 212 
196 232 
240 256 
228 240 
212 200 
240 308 
188 232 
256 228 
316 316 
196 240 
328 304 
240 428 
260 212 
236 192 
192 224 
240 196 
308 236 
244 264 
192 200 
220 204 
204 216 
336 280 
216 216 
224 196 
204 276 
196 244 
192 192 
204 240 
228 244 
268 244 
196 204 
224 224 
200 200 
196 188 
192 200 
192 228 
240 212 
200 208 
192 188 
192 236 
200 216 
204 200 
196 196 
196 196 
196 248 
212 196 
200 200 
204 240 
236 228 
196 212 
336 344 
232 196 
196 232 
196 204 
212 196 
44 44 
192 216 
192 192 
192 204 
212 200 
316 188 
296 264 
236 296 
212 196 
192 212 
216 196 
292 248 
204 216 
212 204 
256 208 
304 200 
208 188 
192 216 
232 232 
208 196 
236 204 
244 244 
236 236 
200 216 
328 192 
200 212 
196 196 
200 196 
224 200 
48 40 
220 664 
284 236 
196 192 
312 192 
236 696 
312 252 
236 296 
296 260 
288 280 
236 252 
232 240 
476 296 
192 388 
224 212 
200 204 
204 220 
196 208 
240 412 
220 264 
260 192 
200 192 
216 288 
192 208 
196 44 
216 196 
212 208 
200 216 
204 228 
200 240 
488 220 
212 204 
216 216 
196 208 
292 212 
212 196 
192 388 
192 192 
212 200 
328 192 
216 196 
216 232 
260 208 
216 200 
220 244 
216 212 
236 228 
256 208 
232 212 
288 264 
240 312 
208 220 
216 208 
252 256 
200 344 
196 196 
196 192 
200 188 
216 200 
192 208 
192 228 
212 284 
216 188 
216 240 
200 220 
196 240 
192 200 
192 196 
200 196 
200 208 
208 200 
200 260 
196 192 
236 196 
200 200 
232 188 
192 188 
232 232 
200 204 
196 212 
296 216 
220 256 
540 216 
220 196 
228 584 
212 204 
196 192 
224 188 
212 192 
196 216 
304 208 
196 256 
192 236 
200 368 
232 188 
228 196 
200 216 
236 232 
316 244 
248 272 
196 212 
192 192 
196 192 
200 196 
196 192 
200 212 
200 236 
308 316 
232 460 
240 236 
284 280 
276 336 
228 192 
236 208 
280 256 
244 240 
204 212 
232 188 
200 204 
212 216 
220 204 
196 208 
196 220 
196 212 
200 192 
204 204 
192 192 
232 228 
208 188 
236 220 
216 212 
360 304 
216 232 
244 256 
332 252 
320 316 
228 244 
236 212 
232 212 
324 236 
236 212 
232 212 
232 208 
236 216 
232 208 
232 224 
232 208 
232 204 
236 260 
316 208 
236 208 
240 212 
232 208 
260 204 
232 212 
232 216 
240 208 
232 232 
236 216 
428 212 
240 216 
236 216 
236 208 
232 208 
236 208 
240 208 
240 216 
236 256 
372 208 
240 208 
236 212 
244 212 
232 208 
240 208 
232 232 
236 212 
232 208 
584 212 
236 212 
232 208 
232 204 
240 212 
240 212 
228 208 
240 208 
332 212 
240 432 
232 216 
232 208 
240 212 
236 220 
236 236 
236 212 
236 208 
208 208 
236 684 
228 204 
252 224 
236 260 
240 220 
236 212 
236 208 
240 208 
212 204 
232 208 
236 204 
240 232 
228 224 
236 264 
240 216 
240 332 
240 236 
236 208 
232 232 
228 236 
236 220 
232 216 
240 204 
232 212 
240 212 
240 264 
232 212 
232 212 
236 236 
240 216 
236 232 
232 212 
236 228 
236 260 
228 212 
228 208 
236 216 
240 204 
232 208 
236 208 
232 212 
240 236 
232 216 
236 216 
228 208 
232 212 
236 216 
232 204 
232 216 
240 212 
228 212 
232 220 
236 244 
228 204 
240 208 
236 232 
228 212 
236 212 
236 208 
236 224 
232 228 
232 208 
236 208 
232 208 
240 208 
232 208 
236 208 
232 204 
396 208 
240 208 
232 240 
244 208 
48 52 
264 216 
236 220 
240 268 
232 208 
604 232 
236 212 
232 212 
228 212 
232 204 
236 208 
236 208 
232 216 
216 220 
236 404 
232 244 
228 208 
236 212 
236 220 
240 212 
236 220 
232 208 
216 212 
240 680 
236 220 
236 208 
240 220 
48 44 
236 212 
236 236 
236 232 
220 232 
236 220 
232 208 
236 208 
244 208 
236 248 
228 208 
232 208 
240 208 
336 236 
228 228 
232 208 
232 236 
232 216 
240 208 
232 208 
240 208 
228 204 
240 212 
240 212 
240 208 
236 40 
240 208 
240 232 
236 208 
228 208 
240 208 
240 216 
236 228 
228 284 
236 208 
232 232 
232 220 
232 208 
236 212 
240 212 
240 216 
232 208 
232 212 
240 212 
232 212 
232 204 
240 232 
240 320 
240 212 
232 208 
232 208 
236 232 
232 236 
232 208 
244 212 
240 208 
232 232 
236 236 
240 264 
232 212 
236 236 
228 244 
232 208 
232 212 
400 212 
228 208 
236 232 
236 244 
232 224 
240 260 
232 220 
228 208 
240 208 
620 208 
236 220 
236 232 
232 208 
240 220 
236 260 
236 260 
236 212 
208 212 
236 488 
236 232 
236 256 
232 208 
232 208 
232 208 
236 260 
364 208 
216 228 
240 700 
248 212 
228 212 
232 212 
232 216 
232 204 
236 232 
232 208 
216 212 
232 208 
232 208 
232 212 
232 208 
236 212 
240 236 
232 212 
236 248 
236 312 
228 208 
236 236 
232 204 
240 208 
236 208 
232 236 
236 208 
236 212 
236 212 
240 216 
240 232 
240 220 
232 212 
236 428 
236 236 
232 240 
236 232 
232 204 
236 204 
232 208 
240 208 
244 212 
236 212 
236 212 
236 204 
232 216 
240 204 
232 208 
236 220 
232 208 
236 208 
236 204 
232 216 
232 204 
232 208 
232 208 
240 208 
228 204 
232 208 
228 212 
236 216 
216 208 
240 212 
236 208 
236 244 
236 216 
292 208 
228 212 
236 220 
236 236 
404 208 
236 212 
240 232 
236 212 
228 208 
228 208 
232 220 
236 216 
244 232 
656 212 
232 208 
232 212 
236 208 
232 204 
232 232 
236 208 
232 212 
292 232 
232 496 
240 208 
236 204 
236 224 
228 212 
392 204 
236 240 
240 212 
216 224 
236 708 
228 208 
232 208 
232 212 
240 212 
240 204 
236 256 
240 212 
212 212 
228 208 
240 220 
228 208 
232 208 
232 208 
240 208 
240 208 
240 236 
232 208 
240 204 
232 224 
232 240 
232 232 
240 256 
236 208 
232 220 
240 216 
232 212 
232 208 
240 216 
236 236 
260 232 
232 208 
228 208 
240 232 
232 236 
232 264 
260 216 
236 208 
240 212 
232 312 
236 216 
228 216 
240 208 
232 208 
236 232 
228 208 
240 208 
232 232 
236 228 
236 212 
236 244 
232 208 
236 260 
236 212 
236 212 
240 208 
236 236 
236 208 
232 208 
40 44 
244 216 
232 216 
240 208 
240 204 
244 208 
236 208 
236 236 
232 316 
420 212 
240 208 
232 208 
236 228 
232 208 
232 208 
240 232 
232 212 
244 212 
672 212 
236 244 
240 216 
240 236 
236 236 
232 240 
232 208 
232 212 
220 208 
236 508 
48 44 
236 208 
268 216 
236 216 
236 220 
236 212 
236 212 
336 204 
236 212 
228 208 
236 224 
232 208 
240 208 
232 252 
232 204 
232 208 
216 232 
236 232 
228 212 
228 208 
236 208 
240 48 
240 204 
240 232 
228 224 
240 220 
264 212 
236 208 
236 212 
232 208 
232 208 
232 208 
236 208 
232 220 
232 236 
232 208 
240 212 
236 236 
236 252 
232 244 
232 216 
240 208 
240 208 
240 232 
232 224 
236 208 
232 212 
240 224 
236 252 
236 208 
328 208 
240 216 
236 216 
232 212 
236 224 
232 212 
232 212 
232 208 
240 212 
360 208 
240 212 
240 204 
232 208 
236 208 
236 256 
236 208 
236 220 
228 232 
248 212 
232 252 
228 216 
240 212 
236 264 
240 260 
244 236 
340 208 
448 240 
232 208 
244 256 
240 212 
232 204 
232 212 
240 236 
236 216 
236 212 
684 212 
264 208 
236 224 
236 256 
232 208 
232 208 
232 216 
240 216 
216 204 
300 264 
240 208 
228 212 
236 240 
236 252 
228 208 
240 208 
240 220 
216 208 
228 208 
232 208 
232 252 
236 216 
240 400 
236 232 
232 216 
232 236 
236 232 
232 212 
236 208 
232 208 
236 208 
236 208 
236 208 
240 232 
236 208 
236 208 
236 208 
232 208 
236 212 
240 216 
236 264 
236 208 
236 208 
420 212 
232 256 
252 208 
232 204 
228 208 
236 208 
232 212 
232 220 
236 220 
232 212 
236 208 
240 212 
236 232 
228 212 
236 232 
236 228 
236 208 
236 216 
240 212 
228 204 
240 204 
236 232 
248 212 
240 232 
228 212 
236 208 
240 208 
236 216 
236 232 
236 220 
236 212 
232 220 
236 236 
232 208 
224 208 
236 208 
232 208 
236 236 
264 208 
236 208 
236 212 
240 264 
232 208 
472 208 
232 208 
236 220 
240 236 
232 208 
232 208 
236 208 
240 212 
236 212 
724 232 
236 260 
232 208 
236 216 
240 212 
236 256 
236 264 
232 232 
212 232 
240 532 
236 240 
232 208 
232 208 
236 236 
240 228 
244 240 
236 256 
212 236 
240 212 
236 244 
232 248 
240 208 
228 208 
236 208 
236 208 
232 288 
236 208 
236 232 
240 224 
236 264 
236 212 
232 208 
236 208 
232 208 
232 208 
236 208 
240 236 
236 280 
228 208 
236 228 
236 224 
236 212 
232 212 
240 216 
232 236 
232 256 
236 236 
236 204 
248 216 
236 236 
240 208 
232 208 
236 216 
236 208 
240 216 
236 232 
236 260 
232 236 
284 204 
232 208 
232 204 
232 208 
236 208 
232 208 
232 216 
240 204 
232 224 
232 204 
244 216 
240 204 
232 208 
236 220 
232 204 
232 208 
236 236 
240 232 
232 216 
244 208 
236 212 
236 232 
48 48 
240 216 
236 204 
240 224 
236 824 
0 0 
0 0 
0 0 
0 0 
0 0 
0 0 
0 0 
0 0 
0 0 
0 0 
0 0 
0 0 
0 0 
0 0 
0 0 
0 0 
0 0 
0 0 
0 0 
0 0 
0 0 
0 0 
0 0 
0 0 
0 0 
0 0 
0 0 
0 0 
0 0 
0 0 
0 0 
0 0 
0 0 
0 0 
0 0 
0 0 
0 0 
0 0 
0 0 
0 0 
0 0 
0 0 
0 0 
0 0 
0 0 
0 0 
0 0 
0 0 
0 0 
0 0 
0 0 
0 0 
0 0 
0 0 
0 0 
0 0 
0 0 
0 0 
0 0 
0 0 
0 0 
0 0 
0 0 
0 0 
0 0 
0 0 
0 0 
0 0 
0 0 
0 0 
0 0 
0 0 
0 0 
0 0 
0 0 
0 0 
0 0 
0 0 
0 0 
0 0 
0 0 
0 0 
0 0 
0 0 
0 0 
0 0 
0 0 
0 0 
0 0 
0 0 
0 0 
0 0 
0 0 
0 0 
0 0 
0 0 
0 0 
0 0 
0 0 
0 0 
0 0 
0 0 
0 0 
0 0 
0 0 
0 0 
0 0 
0 0 
0 0 
0 0 
0 0 
0 0 
0 0 
0 0 
0 0 
0 0 
0 0 
0 0 
0 0 
0 0 
0 0 
0 0 
0 0 
0 0 
0 0 
0 0 
0 0 
0 0 
0 0 
0 0 
0 0 
0 0 
0 0 
0 0 
0 0 
0 0 
0 0 
0 0 
0 0 
0 0 
0 0 
0 0 
0 0 
0 0 
0 0 
0 0 
0 0 
0 0 
0 0 
0 0 
0 0 
0 0 
0 0 
0 0 
0 0 
0 0 
0 0 
0 0 
0 0 
0 0 
0 0 
0 0 
0 0 
0 0 
0 0 
0 0 
0 0 
0 0 
0 0 
0 0 
0 0 
0 0 
0 0 
0 0 
0 0 
0 0 
0 0 
0 0 
0 0 
0 0 
0 0 
0 0 
0 0 
0 0 
0 0 
0 0 
0 0 
0 0 
0 0 
0 0 
0 0 
0 0 
0 0 
0 0 
0 0 
0 0 
0 0 
0 0 
0 0 
0 0 
0 0 
0 0 
0 0 
0 0 
0 0 
0 0 
0 0 
0 0 
0 0 
0 0 
0 0 
0 0 
0 0 
0 0 
0 0 
0 0 
0 0 
0 0 
0 0 
0 0 
0 0 
0 0 
0 0 
0 0 
0 0 
0 0 
0 0 
0 0 
0 0 
0 0 
0 0 
0 0 
0 0 
0 0 
0 0 
0 0 
0 0 
0 0 
0 0 
0 0 
0 0 
0 0 
0 0 
0 0 
0 0 
0 0 
0 0 
0 0 
0 0 
0 0 
0 0 
0 0 
0 0 
0 0 
0 0 
0 0 
0 0 
0 0 
0 0 
0 0 
0 0 
0 0 
0 0 
0 0 
0 0 
0 0 
0 0 
0 0 
0 0 
0 0 
0 0 
0 0 
0 0 
0 0 
0 0 
0 0 
0 0 
0 0 
0 0 
0 0 
0 0 
0 0 
0 0 
0 0 
0 0 
0 0 
0 0 
0 0 
0 0 
0 0 
0 0 
0 0 
0 0 
0 0 
0 0 
0 0 
0 0 
0 0 
0 0 
0 0 
0 0 
0 0 
0 0 
0 0 
0 0 
0 0 
0 0 
0 0 
0 0 
0 0 
0 0 
0 0 
0 0 
0 0 
0 0 
0 0 
0 0 
0 0 
0 0 
0 0 
0 0 
0 0 
0 0 
0 0 
0 0 
0 0 
0 0 
0 0 
0 0 
0 0 
0 0 
0 0 
0 0 
0 0 
0 0 
0 0 
0 0 
0 0 
0 0 
0 0 
0 0 
0 0 
0 0 
0 0 
0 0 
0 0 
0 0 
0 0 
0 0 
0 0 
0 0 
0 0 
0 0 
0 0 
0 0 
0 0 
0 0 
0 0 
0 0 
0 0 
0 0 
0 0 
0 0 
0 0 
0 0 
0 0 
0 0 
0 0 
436 192 
232 232 
232 232 
236 228 
324 232 
232 232 
232 236 
232 228 
232 232 
232 228 
232 232 
236 232 
232 232 
572 228 
232 232 
236 232 
240 228 
232 228 
240 232 
236 228 
232 232 
232 228 
232 412 
232 232 
236 232 
232 228 
236 232 
236 236 
232 228 
232 232 
212 232 
232 664 
232 232 
232 236 
232 228 
236 228 
232 232 
236 232 
232 228 
208 208 
232 224 
232 228 
232 232 
236 232 
232 232 
232 228 
236 232 
232 228 
236 212 
236 228 
228 232 
232 228 
236 228 
228 236 
228 228 
236 236 
232 228 
228 232 
236 228 
232 232 
228 232 
232 232 
240 228 
228 228 
232 228 
236 232 
232 228 
232 232 
232 228 
228 228 
228 232 
232 232 
232 228 
232 232 
232 236 
232 228 
232 228 
232 232 
232 232 
236 232 
228 232 
232 232 
228 236 
236 236 
232 228 
236 232 
236 228 
232 232 
236 228 
228 228 
236 228 
228 228 
232 228 
232 232 
232 232 
232 228 
232 232 
228 224 
232 228 
364 232 
232 232 
232 228 
228 232 
232 228 
232 228 
232 228 
232 232 
232 228 
588 228 
232 228 
232 228 
232 232 
236 228 
228 228 
232 232 
232 232 
232 228 
236 412 
236 232 
240 232 
236 228 
236 232 
228 232 
236 232 
236 232 
208 228 
232 676 
236 228 
