# ./FR-trace starting at Mon Apr 20 19:09:36 2020
################# CONFIG #################
# slot=5000
# samples=10000
# threshold=100
# idle=500
# minlen=500
# runs=10000
# pdathreads=2
# nmonitored=2
#   monitor0=../apps/openssl ec2_mult.c:153 0x1e7854
#   monitor1=../apps/openssl ec2_mult.c:161 0x1e789c
# nevicted=0
# npdatargets=2
#   target0=../apps/openssl bn_gf2m.c:412 0x20bd10
#   target1=../apps/openssl bn_gf2m.c:412+64 0x20bd50
# affinity=all
############## SYSTEM INFO ###############
# mastik_version=
# sysname=Linux
# nodename=lovelace
# release=5.3.7-arch1-1-ARCH
# version=#1 SMP PREEMPT Fri Oct 18 00:17:03 UTC 2019
# machine=x86_64
################## DATA ##################
# run=5750
# datapoints=10000
44 40 
208 232 
232 212 
236 216 
240 220 
232 208 
232 208 
236 216 
240 232 
240 228 
240 204 
296 236 
240 204 
236 212 
236 204 
240 216 
240 212 
240 228 
260 208 
236 216 
240 208 
232 212 
236 212 
240 236 
232 208 
232 208 
236 204 
236 240 
232 212 
236 208 
48 44 
228 204 
232 208 
232 208 
236 252 
240 208 
236 208 
236 216 
232 224 
232 252 
240 252 
232 220 
236 208 
220 268 
320 232 
236 208 
236 232 
236 236 
232 208 
244 208 
232 208 
236 220 
440 216 
236 212 
228 208 
236 236 
240 236 
268 208 
240 208 
236 204 
236 204 
676 44 
232 208 
236 236 
244 208 
228 216 
228 216 
236 236 
240 212 
220 208 
232 536 
240 224 
232 212 
248 212 
232 228 
228 212 
236 208 
232 212 
212 204 
236 236 
240 224 
232 204 
260 212 
232 208 
236 208 
228 212 
232 208 
232 216 
236 232 
232 208 
232 256 
232 208 
240 240 
236 208 
232 236 
236 228 
240 216 
236 208 
240 232 
236 232 
228 216 
232 264 
240 212 
236 236 
232 248 
240 208 
240 216 
240 212 
236 204 
236 204 
236 248 
232 208 
236 208 
240 216 
232 248 
232 232 
232 204 
236 224 
240 236 
268 208 
236 228 
232 208 
244 208 
240 208 
228 232 
232 224 
236 264 
240 208 
236 208 
240 208 
228 228 
240 232 
236 212 
228 224 
228 208 
232 208 
240 220 
232 232 
228 212 
240 212 
232 212 
232 208 
236 208 
244 232 
232 208 
232 204 
236 212 
484 220 
240 248 
232 212 
232 212 
240 204 
236 204 
236 244 
236 240 
232 212 
732 252 
240 236 
228 204 
240 212 
368 208 
248 204 
236 212 
236 208 
212 212 
228 568 
232 204 
228 208 
236 216 
236 232 
232 208 
240 224 
236 212 
252 216 
236 208 
232 228 
228 208 
232 208 
236 232 
252 216 
244 268 
236 212 
240 208 
236 212 
240 236 
232 204 
232 208 
232 208 
236 208 
232 212 
232 212 
232 208 
240 232 
232 208 
236 204 
232 216 
236 208 
232 232 
236 232 
228 208 
236 212 
228 216 
240 264 
236 208 
236 208 
248 212 
232 212 
236 252 
236 232 
228 204 
236 208 
236 232 
240 208 
240 208 
236 204 
236 232 
236 208 
240 256 
232 208 
232 208 
240 216 
232 216 
236 216 
240 216 
236 236 
232 220 
240 216 
236 232 
236 244 
232 212 
232 204 
232 204 
244 232 
256 208 
240 236 
236 244 
228 224 
236 208 
236 204 
232 204 
232 236 
236 236 
512 208 
232 216 
232 216 
232 208 
240 208 
232 232 
240 244 
232 228 
232 208 
716 232 
252 212 
236 208 
232 208 
240 204 
236 232 
244 212 
240 208 
212 212 
232 596 
236 212 
236 204 
236 208 
232 248 
228 208 
344 248 
232 208 
212 216 
232 236 
256 208 
240 260 
236 268 
240 212 
232 212 
232 220 
236 256 
240 212 
256 216 
240 236 
268 212 
232 208 
232 208 
240 260 
280 212 
228 208 
232 212 
236 220 
232 212 
228 208 
232 208 
236 232 
236 208 
244 208 
236 208 
232 232 
232 212 
236 208 
236 232 
276 208 
240 308 
232 216 
236 96 
228 204 
236 208 
240 212 
232 232 
256 212 
232 208 
240 216 
244 216 
236 216 
232 216 
232 208 
240 208 
232 208 
228 208 
240 220 
232 208 
240 212 
236 228 
236 208 
240 216 
228 216 
232 212 
236 256 
240 212 
236 208 
268 216 
284 216 
236 212 
44 44 
232 204 
240 240 
228 212 
232 208 
236 212 
516 204 
236 212 
280 216 
236 208 
236 212 
232 208 
232 208 
228 208 
236 252 
740 208 
240 204 
232 208 
228 212 
228 208 
236 208 
240 256 
228 208 
220 204 
240 552 
236 236 
236 44 
232 208 
236 220 
236 224 
232 208 
240 224 
216 232 
232 244 
232 208 
256 216 
232 212 
236 216 
232 208 
236 236 
240 208 
240 260 
232 204 
240 212 
240 216 
236 208 
236 260 
272 208 
236 204 
240 208 
236 232 
236 220 
240 208 
236 224 
240 212 
240 236 
232 228 
232 204 
240 216 
236 212 
232 212 
236 236 
236 216 
232 252 
232 208 
236 216 
240 204 
236 232 
236 236 
240 216 
236 212 
236 232 
236 240 
232 204 
232 208 
232 212 
236 212 
236 236 
232 248 
236 212 
232 228 
236 228 
236 260 
232 208 
232 224 
232 220 
232 208 
232 208 
232 212 
244 212 
232 220 
232 208 
296 208 
236 216 
236 216 
236 212 
232 244 
232 208 
244 212 
232 204 
240 208 
496 212 
240 212 
236 204 
240 216 
236 248 
228 280 
264 212 
240 212 
236 208 
748 212 
232 212 
232 208 
236 256 
232 208 
236 208 
236 216 
232 208 
212 204 
236 588 
240 204 
236 216 
308 208 
240 212 
228 216 
236 236 
240 208 
208 212 
232 208 
332 208 
276 208 
240 208 
236 232 
244 212 
240 216 
228 208 
236 204 
240 220 
228 204 
232 204 
232 212 
228 204 
228 208 
228 216 
236 256 
236 232 
228 208 
228 208 
236 232 
232 216 
240 208 
228 212 
232 268 
236 216 
236 216 
236 216 
232 208 
240 216 
232 212 
244 216 
248 208 
232 208 
232 236 
240 212 
236 212 
240 208 
232 208 
236 208 
240 212 
232 220 
236 208 
240 212 
232 208 
236 232 
244 216 
232 216 
232 208 
232 216 
228 216 
232 232 
232 204 
232 212 
240 208 
236 212 
240 212 
232 228 
312 232 
308 248 
240 232 
228 212 
232 208 
240 216 
236 212 
236 216 
236 216 
240 236 
560 216 
232 212 
232 212 
240 220 
600 216 
232 208 
244 208 
232 208 
240 212 
232 392 
232 204 
236 224 
276 268 
240 212 
240 232 
236 228 
236 208 
220 212 
232 616 
232 236 
240 236 
236 232 
236 212 
228 212 
236 204 
240 204 
216 320 
240 212 
236 208 
244 220 
232 236 
236 208 
236 212 
236 248 
240 244 
232 216 
228 204 
236 208 
236 228 
236 204 
240 212 
260 208 
240 256 
276 208 
236 208 
232 208 
236 216 
236 236 
232 256 
236 208 
228 236 
232 260 
236 212 
232 208 
236 208 
244 208 
252 216 
228 212 
228 216 
232 216 
240 216 
232 204 
232 248 
236 212 
232 216 
232 216 
236 212 
236 212 
236 212 
48 40 
240 232 
236 216 
236 236 
232 212 
236 212 
228 204 
240 228 
236 220 
236 216 
236 212 
236 204 
236 216 
244 212 
236 208 
232 208 
240 252 
304 208 
236 236 
260 208 
236 204 
232 216 
240 232 
240 208 
232 216 
236 212 
556 216 
240 208 
48 44 
232 208 
240 220 
236 208 
240 208 
236 208 
220 208 
236 400 
232 212 
232 208 
236 236 
228 224 
240 216 
236 252 
232 216 
216 212 
244 576 
228 212 
236 236 
236 220 
236 204 
232 240 
292 236 
240 216 
212 232 
232 208 
236 208 
240 44 
236 212 
232 228 
236 212 
228 216 
236 204 
236 208 
236 224 
232 216 
240 216 
232 204 
232 208 
232 224 
232 212 
232 208 
236 276 
232 216 
244 204 
232 212 
232 208 
236 260 
232 208 
232 212 
240 208 
236 256 
228 224 
232 212 
240 236 
240 256 
236 256 
236 212 
236 204 
228 208 
236 208 
236 220 
240 204 
232 236 
232 224 
236 244 
232 276 
236 204 
240 232 
236 208 
232 208 
236 252 
236 212 
232 216 
232 208 
240 216 
240 216 
232 232 
240 208 
228 208 
232 228 
236 216 
232 212 
244 268 
324 208 
240 208 
236 236 
284 208 
240 204 
236 216 
236 212 
232 208 
240 208 
580 204 
240 216 
236 216 
240 220 
232 204 
232 212 
240 216 
228 212 
220 220 
236 436 
288 212 
236 236 
228 232 
228 220 
240 216 
240 240 
236 248 
208 208 
232 660 
236 208 
244 216 
232 212 
236 208 
240 228 
236 212 
236 208 
212 236 
232 212 
228 212 
232 208 
232 232 
256 212 
240 212 
232 216 
236 244 
236 240 
228 208 
232 208 
236 208 
240 212 
236 292 
240 208 
228 212 
232 208 
236 228 
232 248 
236 204 
240 204 
232 220 
236 216 
244 212 
236 236 
236 236 
236 224 
232 208 
236 232 
236 232 
236 248 
236 204 
240 212 
240 220 
236 224 
240 232 
236 208 
228 216 
236 208 
236 232 
236 208 
236 208 
232 208 
240 204 
236 216 
236 208 
232 208 
232 212 
244 216 
240 228 
236 212 
236 212 
228 208 
236 212 
232 216 
228 212 
236 208 
244 220 
240 232 
384 208 
232 208 
240 232 
244 212 
232 216 
232 232 
236 208 
232 212 
240 232 
608 208 
232 208 
236 212 
236 208 
236 236 
232 208 
232 212 
228 232 
220 240 
264 388 
236 216 
236 216 
240 264 
236 212 
236 204 
236 216 
232 208 
212 228 
240 688 
240 216 
240 208 
228 208 
240 216 
240 228 
232 216 
236 208 
212 208 
240 216 
232 240 
232 208 
240 216 
228 212 
240 212 
236 208 
228 212 
236 220 
236 208 
244 208 
232 208 
232 208 
244 216 
244 236 
228 228 
236 216 
236 208 
236 212 
236 216 
236 208 
232 208 
236 208 
244 208 
236 212 
232 212 
236 236 
240 232 
232 212 
236 212 
236 232 
236 264 
228 208 
236 228 
240 212 
232 216 
236 236 
232 204 
228 204 
232 204 
240 232 
236 220 
44 48 
236 216 
236 208 
236 208 
232 208 
244 208 
228 228 
232 208 
228 216 
228 212 
232 208 
236 220 
240 232 
240 204 
240 216 
232 260 
232 208 
408 236 
228 212 
240 216 
236 208 
232 212 
232 216 
232 216 
236 224 
216 44 
628 208 
236 228 
232 212 
236 232 
236 208 
236 216 
236 240 
232 256 
212 236 
232 440 
236 216 
236 220 
228 212 
236 204 
232 212 
236 204 
236 216 
212 208 
236 680 
236 204 
236 204 
236 232 
236 224 
232 212 
228 204 
240 208 
208 208 
240 48 
236 216 
232 208 
244 216 
276 232 
240 220 
236 212 
236 204 
232 208 
240 236 
232 208 
236 404 
236 264 
244 212 
240 208 
232 212 
236 216 
236 208 
236 220 
228 212 
236 224 
236 212 
236 212 
232 224 
260 208 
232 236 
236 212 
228 232 
240 220 
232 208 
240 220 
236 232 
232 208 
236 212 
232 208 
232 212 
240 208 
240 208 
232 208 
240 224 
232 220 
232 224 
236 216 
240 244 
232 208 
380 204 
232 212 
228 216 
232 212 
236 212 
220 224 
232 204 
236 208 
236 208 
240 236 
240 216 
232 212 
228 216 
244 236 
400 208 
232 208 
240 212 
236 232 
236 232 
236 204 
236 236 
236 220 
232 212 
648 208 
232 208 
236 236 
240 216 
232 208 
236 236 
236 208 
236 208 
212 232 
236 516 
236 236 
236 204 
236 256 
232 208 
236 208 
232 212 
236 212 
252 224 
228 720 
236 212 
236 216 
232 212 
236 208 
236 240 
232 232 
232 208 
220 208 
232 208 
236 208 
232 212 
236 236 
232 212 
228 208 
236 232 
232 212 
228 208 
236 212 
236 208 
236 204 
232 240 
232 208 
440 212 
240 236 
232 240 
232 208 
228 204 
236 212 
240 212 
228 212 
232 236 
232 244 
236 208 
232 212 
236 212 
236 236 
236 232 
280 212 
232 216 
240 212 
240 232 
236 216 
236 220 
236 236 
236 208 
240 236 
232 228 
236 216 
228 208 
236 204 
232 216 
236 232 
232 208 
236 212 
240 208 
360 232 
240 216 
236 232 
216 212 
232 228 
236 236 
232 208 
240 216 
236 224 
236 220 
236 212 
244 208 
408 208 
236 252 
232 208 
232 208 
236 216 
228 204 
236 208 
236 212 
232 208 
660 232 
236 216 
232 216 
236 204 
240 220 
232 212 
232 208 
240 204 
216 208 
236 496 
236 232 
236 240 
236 236 
236 236 
236 216 
232 260 
232 212 
212 204 
256 724 
236 252 
228 212 
232 204 
232 208 
236 212 
236 228 
232 232 
240 216 
244 208 
232 208 
236 220 
236 208 
236 212 
232 216 
236 208 
236 212 
256 212 
236 216 
236 208 
232 212 
232 208 
236 232 
232 236 
240 220 
232 208 
240 208 
236 224 
240 232 
232 208 
240 204 
228 208 
228 228 
240 224 
236 240 
232 232 
252 208 
240 208 
256 208 
232 208 
236 220 
244 208 
228 216 
240 212 
228 208 
240 208 
232 208 
236 220 
232 224 
232 208 
244 212 
232 236 
232 208 
232 212 
236 204 
236 212 
236 236 
240 260 
232 208 
660 216 
236 204 
228 44 
240 208 
232 224 
232 212 
236 208 
236 240 
236 212 
440 232 
228 212 
240 236 
236 208 
236 212 
228 204 
236 236 
236 232 
236 244 
704 204 
236 212 
48 44 
232 248 
228 208 
236 204 
232 208 
236 216 
212 236 
236 480 
240 252 
236 212 
236 208 
236 204 
236 236 
236 220 
240 216 
212 212 
240 668 
236 236 
236 252 
236 204 
236 236 
232 220 
236 212 
232 208 
240 216 
236 224 
240 216 
232 212 
232 40 
232 212 
232 204 
236 212 
232 204 
232 216 
232 208 
232 204 
240 208 
240 232 
240 208 
228 220 
248 204 
252 208 
236 212 
236 212 
240 236 
232 252 
232 236 
232 208 
232 224 
228 212 
232 204 
228 208 
232 208 
244 212 
236 236 
244 204 
236 208 
240 208 
232 216 
232 212 
232 208 
236 244 
236 244 
236 208 
228 216 
232 208 
236 212 
232 212 
232 204 
240 212 
240 232 
236 208 
232 284 
252 212 
232 236 
236 260 
236 208 
232 208 
236 232 
236 212 
232 212 
236 208 
252 212 
228 216 
484 212 
236 208 
236 232 
236 212 
256 212 
232 240 
232 208 
232 208 
248 212 
724 212 
256 212 
232 236 
236 208 
236 216 
232 212 
236 212 
236 212 
228 208 
232 560 
232 208 
236 236 
228 216 
236 212 
240 208 
232 212 
236 208 
212 244 
232 220 
232 208 
232 216 
236 220 
228 216 
236 232 
232 212 
232 212 
232 208 
236 208 
240 212 
232 208 
236 208 
236 204 
228 216 
228 212 
232 208 
232 212 
232 256 
240 212 
240 240 
232 236 
236 212 
232 212 
232 212 
236 212 
232 212 
236 216 
232 208 
240 208 
240 216 
232 236 
240 208 
240 208 
240 236 
240 224 
240 224 
256 208 
228 208 
232 212 
240 224 
232 212 
228 212 
232 240 
236 208 
280 212 
232 208 
232 208 
232 212 
236 212 
236 232 
240 212 
240 224 
232 208 
232 216 
232 208 
232 212 
244 212 
236 208 
244 212 
236 216 
232 212 
228 208 
232 204 
228 212 
232 220 
260 228 
236 208 
444 208 
232 228 
240 208 
240 220 
232 244 
240 212 
232 204 
236 216 
232 212 
744 208 
240 208 
232 264 
232 216 
232 212 
236 208 
240 208 
236 208 
208 208 
240 568 
240 208 
232 252 
276 224 
236 208 
236 216 
236 228 
232 208 
216 212 
236 204 
236 248 
232 212 
232 208 
236 212 
240 320 
244 212 
232 216 
236 280 
236 236 
260 208 
256 208 
232 208 
408 204 
240 232 
236 216 
236 208 
232 208 
240 216 
232 212 
232 212 
232 208 
236 212 
232 216 
236 216 
228 208 
232 208 
244 208 
232 208 
236 224 
232 212 
232 208 
236 232 
236 228 
236 248 
236 208 
236 220 
240 208 
236 224 
236 212 
236 232 
236 212 
240 208 
232 208 
240 212 
236 224 
236 100 
48 40 
232 212 
240 212 
240 224 
232 208 
236 212 
236 208 
236 232 
236 232 
236 244 
236 236 
232 208 
244 204 
236 208 
232 208 
240 216 
232 208 
240 216 
228 208 
236 212 
232 212 
504 212 
240 232 
248 208 
232 208 
232 212 
44 44 
236 252 
232 208 
236 216 
724 220 
272 208 
232 204 
240 224 
232 236 
236 232 
232 208 
236 236 
224 236 
232 588 
236 232 
236 208 
236 228 
236 208 
236 232 
236 208 
236 212 
212 248 
240 208 
240 208 
236 216 
236 212 
236 204 
232 236 
240 48 
236 208 
236 236 
232 212 
232 208 
236 236 
236 232 
232 208 
236 204 
236 216 
236 216 
236 216 
332 288 
236 228 
232 204 
240 216 
236 216 
236 232 
244 204 
240 224 
236 208 
236 236 
236 228 
232 212 
236 208 
232 232 
232 208 
236 208 
232 204 
236 204 
236 212 
236 236 
240 236 
236 216 
232 240 
228 204 
236 236 
236 208 
236 212 
228 208 
236 228 
232 212 
232 216 
244 208 
240 232 
240 208 
232 220 
236 204 
252 208 
228 216 
236 232 
232 236 
232 208 
300 212 
236 208 
240 208 
240 212 
232 208 
236 216 
232 204 
236 224 
232 228 
540 216 
240 192 
232 208 
240 208 
236 204 
236 244 
240 212 
228 228 
232 212 
236 376 
232 208 
244 216 
236 208 
236 204 
236 212 
240 212 
240 204 
208 216 
240 556 
236 208 
232 208 
236 216 
236 212 
240 208 
232 208 
240 212 
220 220 
240 212 
232 208 
240 208 
232 256 
236 256 
240 208 
240 404 
240 208 
236 224 
236 212 
228 208 
236 208 
236 212 
240 240 
236 204 
240 244 
236 236 
244 232 
236 236 
232 212 
232 208 
236 236 
240 208 
236 208 
236 208 
240 212 
236 212 
232 212 
228 208 
228 212 
240 232 
236 208 
232 212 
232 208 
240 212 
240 208 
232 208 
232 260 
228 208 
236 216 
236 208 
228 204 
240 216 
236 232 
232 224 
364 264 
0 0 
0 0 
0 0 
0 0 
0 0 
0 0 
0 0 
0 0 
0 0 
0 0 
0 0 
0 0 
0 0 
0 0 
0 0 
0 0 
0 0 
0 0 
0 0 
0 0 
0 0 
0 0 
0 0 
0 0 
0 0 
0 0 
0 0 
0 0 
0 0 
0 0 
0 0 
0 0 
0 0 
0 0 
0 0 
0 0 
0 0 
0 0 
0 0 
0 0 
0 0 
0 0 
0 0 
0 0 
0 0 
0 0 
0 0 
0 0 
0 0 
0 0 
0 0 
0 0 
0 0 
0 0 
0 0 
0 0 
0 0 
0 0 
0 0 
0 0 
0 0 
0 0 
0 0 
0 0 
0 0 
0 0 
0 0 
0 0 
0 0 
0 0 
0 0 
0 0 
0 0 
0 0 
0 0 
0 0 
0 0 
0 0 
0 0 
0 0 
0 0 
0 0 
0 0 
248 204 
236 208 
232 208 
52 56 
232 208 
232 208 
232 208 
240 232 
232 224 
240 208 
240 208 
240 216 
236 264 
360 208 
232 228 
232 208 
240 212 
236 208 
232 212 
236 224 
232 204 
48 48 
232 208 
240 216 
236 280 
312 204 
228 212 
228 208 
240 212 
240 216 
288 212 
232 212 
232 208 
232 204 
504 204 
232 248 
228 220 
236 212 
228 232 
240 208 
236 216 
232 256 
232 248 
240 412 
232 208 
236 260 
228 224 
228 216 
236 44 
236 212 
236 216 
212 260 
236 640 
232 212 
232 208 
232 220 
240 208 
228 204 
232 212 
232 212 
216 208 
236 216 
236 204 
236 220 
248 208 
228 208 
228 216 
236 260 
240 212 
236 224 
240 208 
228 204 
228 208 
236 208 
236 208 
232 212 
232 208 
236 228 
240 216 
232 212 
228 212 
240 208 
240 216 
236 252 
232 208 
232 260 
232 212 
236 216 
240 220 
236 236 
232 208 
232 208 
240 204 
240 208 
236 212 
240 220 
504 208 
236 212 
228 208 
240 208 
240 232 
232 208 
236 220 
236 208 
240 208 
232 212 
236 212 
232 216 
228 208 
240 236 
244 220 
236 236 
236 212 
228 208 
232 208 
228 204 
228 208 
232 208 
236 240 
232 240 
356 208 
240 208 
240 208 
236 252 
228 248 
232 212 
236 240 
236 212 
232 208 
588 208 
232 224 
232 208 
232 216 
236 228 
232 208 
236 220 
236 236 
236 240 
232 408 
228 216 
236 212 
240 232 
232 224 
232 216 
232 216 
244 212 
208 212 
240 636 
236 228 
236 208 
232 212 
240 208 
236 208 
236 204 
236 236 
236 208 
236 260 
232 224 
232 208 
232 216 
236 232 
228 224 
232 212 
232 204 
244 212 
228 208 
228 208 
232 216 
236 216 
236 220 
240 208 
232 204 
236 248 
232 208 
236 212 
236 204 
236 204 
240 208 
236 240 
240 212 
228 208 
232 208 
240 208 
340 224 
232 260 
236 204 
240 208 
228 228 
240 208 
236 220 
232 252 
240 204 
260 208 
232 236 
232 208 
232 208 
232 236 
232 212 
232 208 
236 236 
232 216 
264 212 
240 208 
240 208 
236 232 
236 232 
232 276 
236 204 
236 208 
236 220 
232 216 
232 204 
228 208 
240 248 
232 212 
620 212 
228 212 
232 216 
232 212 
240 212 
232 204 
232 228 
236 240 
232 208 
608 216 
236 212 
232 216 
236 220 
232 260 
236 212 
236 232 
232 208 
220 232 
236 456 
236 208 
232 252 
236 236 
236 236 
240 212 
228 204 
240 216 
212 232 
228 676 
232 212 
240 208 
236 236 
232 256 
236 216 
232 212 
232 224 
236 212 
232 208 
240 236 
236 232 
232 252 
236 244 
232 208 
236 204 
236 232 
236 232 
240 208 
240 208 
236 216 
272 208 
236 208 
240 208 
236 224 
232 212 
228 212 
240 232 
236 216 
240 208 
228 208 
240 208 
240 232 
232 208 
232 216 
244 216 
232 240 
248 212 
228 212 
228 208 
236 220 
604 208 
236 216 
92 40 
232 208 
236 236 
232 216 
240 208 
236 216 
236 240 
260 212 
232 208 
236 208 
232 212 
252 208 
232 208 
228 204 
228 212 
236 232 
240 232 
232 240 
240 204 
232 216 
236 216 
232 208 
232 208 
232 372 
232 208 
412 236 
232 204 
48 44 
236 224 
240 216 
240 236 
236 216 
232 216 
232 232 
624 208 
236 208 
240 216 
236 208 
232 208 
232 224 
236 212 
236 212 
216 212 
236 472 
236 208 
240 236 
236 208 
232 220 
240 208 
240 208 
240 212 
208 208 
232 44 
236 212 
236 220 
232 204 
236 204 
232 212 
228 216 
232 204 
216 212 
236 208 
232 212 
232 240 
232 208 
240 212 
232 208 
240 236 
244 216 
240 224 
236 236 
264 212 
240 228 
236 212 
236 208 
232 208 
236 216 
236 208 
240 208 
232 232 
240 220 
236 228 
236 220 
232 212 
240 212 
232 208 
236 208 
232 208 
240 244 
232 208 
232 212 
228 212 
240 204 
240 204 
232 212 
236 232 
236 212 
236 208 
236 232 
236 212 
240 264 
248 216 
228 208 
236 208 
236 224 
240 236 
232 208 
236 236 
236 240 
352 212 
236 212 
220 208 
284 216 
232 208 
232 204 
236 216 
240 248 
232 228 
236 236 
232 212 
424 208 
240 212 
232 208 
232 216 
232 204 
232 208 
232 248 
232 208 
304 232 
656 204 
236 224 
236 208 
236 208 
236 240 
228 224 
236 240 
240 244 
220 216 
232 484 
232 204 
244 220 
236 236 
236 216 
256 208 
236 216 
240 216 
216 216 
236 712 
240 212 
236 216 
240 212 
236 212 
240 208 
408 208 
236 232 
252 212 
232 216 
232 208 
236 220 
236 224 
236 240 
232 208 
236 208 
360 212 
236 264 
236 232 
232 216 
240 212 
236 208 
240 212 
244 208 
232 204 
236 208 
232 204 
240 208 
240 232 
240 208 
236 232 
236 220 
240 208 
232 208 
232 232 
236 268 
236 208 
240 204 
232 208 
236 224 
236 236 
236 260 
228 212 
240 212 
252 208 
232 236 
248 208 
232 204 
240 236 
240 236 
232 208 
228 208 
240 204 
232 212 
232 212 
236 208 
264 212 
240 212 
236 204 
220 204 
240 216 
232 212 
236 224 
240 212 
236 216 
236 204 
228 208 
232 212 
428 204 
240 208 
236 252 
232 236 
232 208 
236 228 
236 212 
240 232 
236 220 
668 236 
240 244 
236 212 
236 216 
232 208 
236 216 
232 232 
228 212 
224 208 
240 452 
272 208 
244 216 
232 232 
228 236 
236 232 
236 228 
232 208 
212 208 
236 724 
240 212 
232 212 
232 208 
236 212 
236 232 
236 236 
228 212 
240 204 
232 212 
236 220 
232 204 
276 212 
240 208 
232 228 
236 208 
232 208 
232 216 
232 236 
232 204 
232 212 
228 212 
236 224 
236 236 
232 208 
232 208 
232 208 
232 212 
240 208 
232 212 
240 220 
240 220 
232 208 
232 208 
240 260 
236 204 
232 208 
56 44 
244 236 
232 232 
232 208 
236 204 
228 208 
244 228 
236 216 
232 208 
232 212 
232 204 
232 208 
236 236 
284 212 
236 204 
232 204 
240 220 
236 232 
240 216 
232 208 
240 228 
232 208 
216 208 
232 208 
232 208 
232 236 
48 48 
240 220 
240 208 
236 236 
236 220 
460 204 
228 240 
236 208 
236 260 
236 232 
240 220 
236 204 
236 220 
236 208 
672 224 
240 208 
236 216 
236 212 
232 212 
240 208 
236 236 
232 212 
208 208 
236 464 
232 212 
232 228 
236 228 
228 44 
232 208 
236 208 
236 220 
212 212 
232 208 
236 208 
236 204 
236 220 
228 212 
240 208 
252 212 
236 208 
240 204 
236 216 
228 208 
236 224 
236 212 
236 208 
232 212 
240 208 
240 240 
232 208 
240 224 
236 236 
236 212 
248 208 
232 212 
236 244 
236 212 
236 212 
240 208 
228 204 
240 236 
236 236 
236 236 
240 236 
232 208 
228 212 
228 208 
236 236 
256 208 
240 212 
240 208 
236 212 
240 208 
236 212 
236 208 
232 208 
236 232 
232 208 
240 212 
304 204 
240 208 
236 212 
236 208 
232 216 
232 204 
244 208 
236 228 
232 216 
240 212 
240 204 
236 236 
240 204 
240 236 
228 212 
232 216 
232 212 
228 212 
236 204 
232 232 
232 208 
464 208 
236 208 
236 208 
240 212 
236 208 
276 236 
240 208 
236 208 
236 216 
716 256 
240 224 
236 216 
244 212 
232 264 
240 236 
240 212 
236 204 
216 224 
236 536 
236 212 
240 212 
236 224 
228 212 
232 204 
232 204 
236 212 
212 256 
232 220 
232 216 
240 208 
240 228 
232 212 
236 232 
232 212 
232 212 
232 208 
236 220 
232 216 
248 212 
232 204 
236 204 
232 204 
240 248 
240 232 
232 232 
236 216 
232 204 
232 208 
232 208 
240 212 
240 216 
240 208 
236 204 
236 216 
232 212 
232 208 
236 208 
236 240 
256 208 
232 232 
236 208 
236 212 
236 228 
236 208 
236 276 
232 204 
232 212 
236 208 
228 208 
228 212 
232 204 
240 212 
232 208 
240 216 
236 236 
236 216 
232 204 
240 208 
240 208 
236 204 
232 216 
236 212 
236 260 
236 212 
240 232 
240 208 
240 236 
232 232 
232 208 
232 208 
232 208 
236 220 
236 208 
236 216 
240 212 
456 208 
232 232 
240 236 
236 260 
232 240 
236 208 
236 208 
228 212 
236 264 
724 228 
232 252 
236 208 
228 208 
236 212 
236 232 
236 236 
228 212 
208 208 
232 572 
232 204 
236 252 
240 212 
236 232 
228 208 
232 212 
236 236 
212 316 
232 208 
240 264 
236 208 
232 240 
228 208 
232 212 
228 208 
236 212 
244 224 
236 236 
232 236 
240 216 
236 216 
240 244 
232 216 
232 208 
232 208 
236 208 
240 208 
236 208 
232 212 
236 204 
236 212 
240 208 
236 232 
236 248 
232 224 
228 244 
236 208 
236 208 
232 236 
240 220 
236 232 
236 236 
236 240 
232 208 
332 208 
228 216 
232 220 
240 232 
244 232 
48 40 
232 236 
232 208 
232 212 
228 212 
236 236 
236 232 
228 212 
280 204 
236 208 
232 204 
240 208 
232 208 
232 208 
232 208 
240 208 
240 232 
268 212 
264 216 
236 212 
236 208 
228 208 
236 208 
236 236 
264 212 
240 208 
232 240 
500 208 
240 232 
48 64 
236 252 
232 224 
236 208 
232 212 
240 208 
236 208 
740 240 
232 216 
232 216 
296 220 
236 216 
240 212 
228 204 
232 208 
212 212 
236 584 
236 208 
232 232 
236 212 
240 212 
232 208 
240 212 
232 212 
212 392 
232 216 
232 44 
256 208 
236 208 
240 208 
236 232 
236 236 
232 220 
236 208 
232 212 
236 208 
228 212 
232 208 
232 208 
240 248 
228 220 
232 208 
232 216 
240 208 
228 216 
236 204 
232 208 
236 204 
240 212 
232 244 
272 212 
240 208 
236 236 
232 240 
236 248 
240 216 
228 204 
244 216 
240 216 
236 220 
236 320 
236 220 
232 208 
236 268 
228 204 
236 244 
232 232 
256 212 
236 208 
328 212 
236 212 
236 236 
236 220 
232 208 
232 212 
240 236 
236 204 
232 212 
240 232 
240 236 
272 212 
232 244 
232 204 
232 204 
272 208 
232 204 
236 208 
232 208 
232 236 
236 208 
228 216 
228 212 
240 208 
636 208 
260 212 
236 204 
236 236 
240 204 
244 256 
236 240 
236 208 
236 204 
752 236 
236 220 
236 216 
236 248 
232 224 
236 232 
240 236 
232 208 
212 216 
232 604 
232 212 
228 216 
240 208 
240 208 
236 208 
236 208 
232 208 
216 220 
236 208 
236 224 
232 228 
236 208 
228 208 
232 208 
236 208 
236 228 
236 260 
232 208 
236 236 
236 216 
236 236 
236 212 
228 216 
236 208 
240 208 
232 212 
232 208 
232 208 
240 208 
232 216 
240 296 
240 212 
240 208 
248 212 
232 204 
236 236 
236 212 
236 232 
232 208 
236 244 
232 212 
236 232 
232 208 
240 224 
232 208 
240 208 
232 252 
232 236 
240 208 
228 248 
228 204 
236 208 
236 296 
232 212 
244 216 
236 212 
236 208 
236 224 
236 232 
240 208 
228 208 
236 204 
232 216 
232 208 
232 208 
236 212 
240 236 
304 208 
236 208 
232 204 
228 208 
232 220 
236 204 
236 208 
236 208 
228 204 
548 216 
232 220 
296 236 
236 236 
232 212 
240 208 
240 260 
236 212 
252 208 
240 396 
236 208 
236 204 
240 216 
236 212 
232 208 
240 212 
228 208 
208 208 
236 608 
240 208 
236 212 
232 204 
260 208 
236 216 
240 216 
236 204 
208 208 
240 232 
232 216 
232 264 
236 212 
236 208 
236 216 
228 240 
228 216 
240 208 
236 208 
236 236 
232 212 
236 220 
236 248 
236 204 
232 208 
232 208 
232 232 
236 208 
240 216 
236 204 
228 212 
232 212 
236 208 
244 208 
236 208 
236 232 
240 240 
232 208 
240 208 
232 216 
240 232 
240 216 
236 232 
284 208 
244 216 
232 208 
240 220 
236 212 
236 236 
232 236 
236 232 
228 212 
232 216 
236 220 
232 208 
236 208 
44 44 
236 208 
240 208 
232 260 
240 208 
236 232 
232 208 
244 208 
232 204 
240 216 
244 256 
300 216 
340 204 
232 208 
228 216 
232 212 
236 208 
236 212 
228 212 
44 40 
232 208 
552 216 
236 208 
240 240 
236 208 
228 204 
240 208 
240 208 
236 208 
232 208 
236 428 
240 228 
236 212 
232 208 
232 208 
236 236 
232 208 
236 236 
216 216 
240 664 
232 212 
228 212 
232 204 
240 208 
236 208 
232 212 
236 208 
216 212 
232 208 
228 216 
232 44 
236 236 
232 212 
236 212 
240 208 
228 208 
236 208 
240 212 
232 248 
232 208 
228 208 
232 256 
236 216 
236 208 
236 212 
232 208 
288 212 
236 212 
232 216 
232 236 
232 208 
240 216 
244 208 
232 244 
232 212 
236 212 
276 204 
240 212 
236 244 
228 208 
244 216 
236 248 
236 264 
236 208 
232 208 
232 208 
236 208 
232 216 
236 244 
236 216 
232 208 
236 204 
240 224 
236 216 
236 236 
232 208 
236 220 
232 212 
236 212 
232 212 
240 208 
240 212 
232 212 
236 244 
228 208 
236 216 
240 208 
356 212 
232 208 
236 208 
240 208 
292 216 
232 208 
228 236 
240 208 
240 212 
576 216 
236 232 
228 212 
232 208 
228 204 
236 212 
240 232 
232 212 
232 208 
356 212 
240 232 
228 228 
236 208 
236 204 
240 416 
232 208 
236 212 
212 212 
232 688 
236 208 
232 204 
236 252 
228 208 
236 208 
236 232 
236 208 
212 244 
232 204 
236 208 
232 220 
236 220 
236 212 
232 208 
236 220 
228 212 
236 256 
232 204 
236 232 
232 208 
236 208 
232 208 
232 232 
240 232 
232 228 
228 216 
232 212 
568 208 
232 204 
240 208 
236 208 
236 220 
244 208 
232 212 
236 220 
244 224 
244 208 
244 256 
236 240 
228 204 
236 224 
236 208 
232 232 
228 208 
236 208 
236 208 
232 212 
228 208 
236 220 
228 220 
256 228 
236 236 
228 212 
236 232 
236 264 
240 208 
228 212 
232 212 
236 236 
236 212 
232 244 
232 208 
236 208 
236 208 
268 208 
268 208 
236 232 
372 208 
252 208 
232 208 
236 228 
232 208 
240 224 
232 228 
236 220 
240 236 
592 208 
232 232 
232 224 
228 208 
232 208 
232 208 
236 284 
232 208 
224 212 
284 392 
240 208 
236 236 
240 240 
240 204 
232 204 
240 208 
236 216 
212 236 
232 672 
236 208 
228 216 
232 216 
232 256 
228 208 
232 212 
440 208 
216 260 
232 216 
236 216 
232 208 
232 208 
232 212 
236 236 
240 256 
236 244 
232 208 
236 208 
240 224 
236 216 
236 212 
240 212 
236 236 
240 208 
228 212 
232 220 
232 228 
232 208 
236 456 
240 224 
236 208 
236 208 
236 232 
232 208 
236 208 
236 224 
240 208 
240 212 
232 208 
236 236 
236 220 
236 228 
240 216 
236 248 
260 208 
228 208 
232 208 
232 208 
244 208 
232 224 
240 208 
240 216 
240 212 
236 236 
232 212 
236 220 
236 232 
228 212 
232 208 
240 236 
236 232 
256 232 
236 232 
260 208 
228 208 
232 212 
244 204 
376 208 
52 40 
240 220 
240 236 
232 232 
248 212 
236 220 
232 204 
236 268 
624 252 
232 208 
232 208 
240 208 
228 216 
232 248 
228 212 
236 224 
212 212 
240 444 
232 208 
236 212 
240 208 
228 208 
236 232 
232 212 
240 216 
216 232 
236 736 
244 204 
228 232 
48 48 
232 228 
232 216 
236 208 
236 228 
216 264 
228 208 
240 208 
236 232 
236 236 
236 236 
268 212 
232 212 
236 208 
240 212 
232 204 
236 208 
236 208 
228 208 
236 232 
236 228 
232 212 
228 212 
240 208 
236 232 
236 232 
232 208 
232 44 
236 208 
232 232 
236 220 
240 208 
236 208 
240 212 
236 208 
236 208 
228 212 
232 208 
232 208 
232 212 
240 224 
240 216 
236 220 
236 208 
240 208 
232 208 
240 232 
240 216 
232 236 
236 212 
232 208 
228 216 
244 208 
372 208 
232 224 
240 216 
228 212 
232 204 
232 208 
228 212 
236 212 
240 236 
236 216 
232 220 
236 204 
412 232 
236 212 
232 216 
232 216 
236 204 
236 236 
232 212 
236 204 
236 208 
648 208 
232 212 
240 220 
236 236 
232 240 
236 208 
236 236 
256 248 
212 204 
240 476 
232 208 
236 212 
236 236 
244 212 
236 204 
236 216 
236 232 
208 204 
236 576 
236 208 
236 256 
236 208 
236 232 
232 216 
236 220 
236 240 
208 212 
232 216 
232 208 
236 216 
272 212 
232 208 
232 208 
232 232 
360 204 
236 236 
236 216 
228 212 
232 236 
256 212 
232 208 
240 212 
232 212 
228 240 
236 212 
228 204 
236 216 
236 232 
240 212 
236 212 
236 208 
236 336 
232 204 
232 204 
236 208 
240 208 
240 236 
232 256 
232 244 
236 244 
232 212 
232 216 
236 240 
232 208 
272 220 
236 236 
236 208 
240 224 
236 264 
232 208 
232 220 
236 236 
244 212 
236 212 
236 208 
236 236 
236 232 
204 212 
232 212 
236 216 
256 208 
236 208 
236 244 
232 212 
232 204 
232 208 
444 208 
232 208 
232 216 
236 204 
236 212 
252 216 
236 216 
232 212 
236 224 
668 208 
236 212 
236 204 
240 220 
232 220 
240 212 
232 208 
232 220 
216 208 
232 484 
232 284 
228 216 
244 216 
236 232 
228 212 
232 212 
228 208 
216 208 
232 208 
236 208 
228 208 
232 212 
232 216 
236 212 
240 256 
236 228 
208 232 
236 208 
236 240 
236 232 
228 208 
236 232 
228 208 
236 232 
236 212 
232 204 
228 204 
232 236 
236 204 
244 212 
236 204 
236 208 
240 208 
240 240 
240 208 
232 204 
236 208 
236 220 
232 212 
240 208 
236 256 
232 208 
236 204 
240 216 
236 224 
228 208 
236 208 
240 220 
236 216 
228 212 
236 232 
240 208 
236 204 
236 212 
240 208 
232 212 
232 212 
236 212 
256 228 
236 208 
232 216 
232 220 
240 212 
236 208 
236 232 
236 244 
232 208 
204 212 
232 232 
236 212 
248 212 
240 208 
232 204 
236 208 
48 44 
236 208 
460 216 
240 216 
232 208 
240 208 
228 216 
236 204 
232 208 
240 220 
232 212 
664 204 
240 208 
232 216 
236 232 
272 208 
236 216 
240 216 
236 208 
216 216 
236 468 
236 216 
240 212 
236 208 
244 236 
260 208 
232 208 
240 204 
48 44 
236 216 
232 208 
236 212 
232 208 
236 232 
232 208 
244 208 
232 236 
236 208 
240 236 
228 216 
240 208 
240 236 
236 208 
236 232 
232 244 
232 208 
232 40 
228 216 
240 232 
236 208 
232 208 
228 208 
240 232 
236 208 
232 216 
236 208 
232 208 
236 212 
244 212 
240 216 
236 248 
232 212 
228 212 
236 236 
232 208 
240 236 
232 232 
232 208 
236 212 
236 208 
232 204 
240 212 
236 216 
228 208 
236 244 
356 204 
232 208 
240 220 
228 212 
240 208 
240 208 
240 232 
236 212 
228 212 
240 232 
228 208 
232 212 
232 216 
212 236 
240 208 
236 256 
236 216 
236 288 
232 208 
236 216 
232 204 
232 204 
464 212 
232 216 
236 232 
232 208 
240 216 
360 216 
232 216 
228 204 
232 204 
708 216 
236 208 
264 204 
228 212 
232 208 
240 212 
236 216 
232 212 
216 212 
240 516 
240 212 
240 208 
232 208 
232 216 
228 208 
236 244 
0 0 
0 0 
220 348 
228 228 
232 228 
232 192 
192 232 
232 232 
232 232 
232 236 
236 208 
228 232 
208 216 
236 228 
236 228 
236 232 
232 232 
236 236 
232 228 
228 232 
240 228 
232 232 
236 232 
228 228 
236 228 
232 232 
232 232 
236 232 
232 232 
232 232 
232 232 
236 232 
236 232 
236 224 
232 192 
228 228 
236 228 
236 232 
232 232 
232 228 
232 228 
232 232 
232 228 
232 192 
228 228 
232 232 
232 228 
232 204 
232 212 
232 216 
240 248 
236 212 
232 204 
232 236 
240 208 
232 236 
232 216 
232 208 
236 260 
240 240 
236 236 
236 208 
232 208 
232 208 
236 208 
236 208 
236 216 
236 216 
236 212 
232 208 
388 208 
240 208 
232 204 
236 212 
236 244 
228 216 
252 212 
236 208 
232 208 
728 212 
236 212 
284 212 
232 208 
236 212 
236 208 
232 216 
236 232 
212 232 
232 560 
240 224 
232 232 
236 244 
228 212 
240 232 
232 216 
232 212 
212 216 
236 208 
236 216 
236 232 
236 212 
240 216 
236 220 
228 216 
232 208 
236 216 
236 236 
232 220 
236 232 
232 216 
236 208 
236 204 
240 232 
240 224 
236 260 
236 212 
236 260 
236 212 
240 208 
236 220 
240 220 
236 264 
232 240 
236 236 
236 232 
232 208 
292 304 
236 236 
236 212 
232 208 
232 236 
236 232 
240 212 
232 208 
240 220 
240 212 
244 208 
236 232 
236 212 
240 216 
236 228 
232 208 
228 208 
236 232 
240 216 
236 216 
228 208 
236 208 
236 212 
236 232 
228 212 
232 208 
240 232 
232 208 
236 208 
236 220 
280 208 
232 212 
240 212 
236 224 
236 220 
228 208 
236 232 
240 220 
236 216 
528 212 
240 208 
244 208 
236 252 
228 272 
236 208 
240 204 
240 236 
240 260 
744 212 
236 208 
240 216 
244 224 
228 208 
236 212 
236 208 
236 216 
216 212 
236 576 
236 208 
236 216 
240 252 
232 208 
236 208 
240 212 
240 212 
216 212 
240 212 
240 212 
228 208 
236 208 
244 256 
240 212 
232 212 
232 212 
240 236 
236 248 
236 204 
232 204 
240 212 
240 212 
232 216 
240 228 
232 208 
236 220 
236 208 
236 236 
232 236 
232 204 
236 236 
236 208 
44 44 
232 208 
236 216 
228 208 
228 204 
232 232 
236 248 
232 208 
240 208 
236 240 
276 212 
240 208 
236 204 
232 212 
232 216 
232 208 
236 212 
240 208 
240 204 
236 212 
256 212 
236 252 
236 204 
304 232 
232 208 
236 236 
232 244 
44 44 
236 208 
236 240 
232 208 
236 208 
236 204 
240 208 
248 208 
284 216 
232 208 
236 212 
240 212 
232 208 
232 220 
240 216 
236 236 
228 212 
548 208 
244 212 
236 236 
232 208 
236 232 
240 260 
232 212 
232 208 
236 212 
232 368 
236 208 
236 224 
228 48 
244 204 
236 208 
264 208 
240 212 
208 216 
236 524 
232 256 
232 256 
232 224 
240 208 
240 208 
240 208 
236 232 
208 224 
264 204 
236 208 
236 244 
236 204 
228 216 
232 208 
236 256 
232 208 
236 208 
236 216 
240 204 
228 204 
232 208 
236 212 
232 220 
232 212 
236 228 
232 212 
244 212 
240 244 
236 204 
236 208 
240 236 
236 232 
244 216 
236 232 
240 220 
232 216 
240 212 
240 212 
236 244 
236 212 
232 220 
252 212 
232 208 
232 228 
232 208 
232 204 
236 212 
240 212 
232 204 
236 208 
236 232 
236 232 
240 240 
240 208 
236 208 
244 232 
244 232 
232 204 
228 204 
236 208 
236 236 
236 264 
236 248 
244 220 
236 208 
240 208 
240 220 
320 204 
236 208 
236 232 
232 212 
244 208 
240 212 
232 212 
232 208 
236 212 
496 216 
228 276 
232 208 
232 208 
232 216 
236 212 
228 212 
240 232 
236 208 
236 408 
236 212 
236 236 
244 236 
232 208 
236 204 
240 220 
232 216 
208 208 
240 624 
236 240 
240 204 
232 208 
228 204 
240 220 
236 216 
236 252 
212 220 
236 208 
236 212 
236 232 
232 228 
248 208 
232 216 
236 212 
236 208 
232 208 
236 232 
232 232 
228 212 
236 216 
236 264 
232 240 
240 232 
236 228 
240 208 
244 212 
240 204 
236 232 
236 236 
240 232 
232 208 
228 212 
236 204 
236 232 
232 204 
240 232 
236 236 
236 204 
232 216 
240 208 
240 216 
228 208 
236 216 
244 212 
240 208 
236 216 
232 212 
228 204 
236 204 
232 208 
240 216 
232 208 
232 208 
232 204 
240 220 
268 208 
236 208 
236 232 
248 208 
232 208 
236 232 
272 208 
236 216 
244 268 
232 208 
232 232 
336 208 
244 216 
232 208 
244 216 
256 208 
232 216 
232 212 
236 212 
240 208 
572 236 
236 232 
236 216 
236 236 
232 212 
232 212 
232 204 
240 216 
232 236 
240 212 
228 252 
232 228 
232 212 
236 204 
240 220 
232 236 
236 236 
216 208 
236 640 
232 208 
228 212 
240 228 
240 208 
236 208 
232 212 
240 208 
212 212 
236 208 
236 244 
240 208 
236 208 
240 212 
240 204 
232 236 
236 212 
236 320 
232 232 
228 208 
232 212 
228 204 
232 244 
232 244 
232 216 
236 212 
236 236 
232 204 
232 224 
236 212 
232 252 
232 208 
48 44 
232 208 
236 236 
232 204 
232 216 
236 248 
244 208 
232 208 
232 212 
232 232 
236 232 
236 236 
232 212 
244 236 
232 216 
240 240 
232 208 
236 212 
232 244 
240 208 
240 256 
232 216 
232 208 
240 220 
236 208 
232 440 
44 44 
240 236 
240 220 
240 212 
232 260 
236 224 
236 216 
232 228 
232 208 
232 208 
352 204 
232 204 
240 236 
236 232 
232 232 
232 208 
240 240 
236 236 
236 216 
592 204 
232 240 
240 204 
236 232 
232 232 
244 208 
236 48 
240 224 
216 236 
236 416 
236 204 
232 212 
236 240 
236 212 
232 212 
232 208 
236 228 
220 224 
244 616 
236 236 
236 264 
232 208 
236 204 
240 208 
240 232 
240 208 
208 236 
228 204 
240 216 
232 212 
232 204 
232 208 
240 208 
240 212 
232 208 
236 204 
236 204 
244 244 
236 212 
232 208 
232 232 
232 208 
240 204 
236 232 
232 208 
240 208 
240 236 
232 232 
236 224 
240 240 
232 208 
236 256 
240 208 
232 208 
240 228 
244 212 
236 252 
240 228 
236 212 
232 208 
232 208 
232 212 
232 208 
228 208 
232 208 
236 220 
236 212 
240 212 
236 236 
232 224 
232 212 
232 212 
236 208 
236 236 
240 212 
240 260 
236 212 
232 208 
232 208 
232 204 
244 216 
228 204 
236 236 
232 204 
232 208 
348 208 
340 208 
236 204 
240 208 
240 216 
232 240 
240 232 
236 216 
240 260 
232 208 
616 204 
240 220 
248 212 
232 220 
240 208 
236 232 
232 216 
240 208 
220 216 
236 440 
256 236 
236 228 
236 208 
228 204 
240 232 
232 208 
240 212 
212 208 
244 624 
228 208 
232 208 
232 212 
232 236 
240 212 
240 232 
236 232 
220 208 
232 208 
240 204 
228 208 
232 228 
232 212 
232 212 
240 212 
236 236 
240 232 
240 232 
240 212 
240 208 
232 208 
240 236 
236 208 
240 212 
240 220 
228 208 
228 208 
232 212 
240 212 
240 220 
240 240 
232 208 
268 208 
236 236 
236 216 
232 228 
232 208 
236 204 
232 220 
240 208 
236 236 
236 208 
236 212 
228 208 
236 208 
236 236 
240 216 
228 220 
244 212 
236 212 
236 236 
240 236 
236 224 
236 208 
252 212 
236 208 
240 220 
232 320 
236 212 
232 208 
284 208 
228 208 
240 216 
232 212 
240 216 
236 268 
236 208 
400 204 
240 208 
228 212 
236 208 
232 224 
232 232 
232 216 
228 204 
236 208 
600 212 
240 252 
280 208 
232 204 
240 208 
236 224 
232 208 
228 332 
220 236 
244 448 
232 212 
232 212 
232 212 
232 212 
240 220 
240 208 
236 220 
212 232 
228 724 
240 208 
240 240 
232 220 
240 216 
240 236 
228 212 
236 208 
212 208 
232 216 
228 216 
240 244 
232 232 
232 236 
236 208 
236 208 
232 232 
240 236 
232 212 
236 224 
232 208 
236 236 
240 244 
240 224 
236 260 
236 208 
236 204 
240 208 
232 208 
236 208 
232 208 
244 208 
244 208 
232 208 
232 208 
236 212 
240 208 
236 252 
236 208 
232 208 
236 216 
228 224 
236 208 
52 48 
228 208 
244 212 
232 216 
236 208 
236 232 
240 208 
240 232 
232 232 
240 216 
240 212 
236 244 
256 220 
232 208 
236 208 
236 208 
240 236 
240 316 
232 204 
240 204 
240 244 
236 212 
228 204 
228 204 
236 208 
412 204 
236 208 
48 72 
264 228 
240 208 
236 212 
228 204 
236 224 
236 208 
608 212 
228 208 
236 216 
232 208 
232 208 
236 208 
236 216 
240 236 
220 228 
240 464 
232 208 
240 212 
228 212 
236 212 
236 236 
232 256 
232 212 
220 208 
236 708 
240 44 
232 208 
240 216 
236 216 
240 212 
236 236 
236 232 
212 216 
232 208 
236 212 
236 232 
236 236 
236 256 
240 216 
236 224 
236 204 
240 212 
240 220 
240 236 
236 216 
236 224 
236 212 
236 216 
236 256 
276 212 
240 240 
236 236 
228 204 
232 228 
240 244 
236 204 
232 212 
240 208 
236 216 
232 216 
236 208 
236 220 
236 212 
236 208 
232 220 
236 208 
236 240 
240 208 
240 236 
236 232 
232 216 
232 208 
236 208 
244 216 
236 204 
236 220 
240 260 
240 212 
240 264 
240 220 
268 208 
232 208 
232 212 
220 208 
236 212 
228 208 
236 264 
232 208 
232 216 
236 216 
236 232 
236 232 
420 204 
236 216 
232 208 
236 208 
396 208 
236 228 
244 212 
236 204 
240 208 
652 228 
228 204 
232 212 
232 252 
244 208 
232 208 
236 208 
236 216 
216 232 
232 496 
228 216 
240 208 
236 248 
244 216 
228 208 
232 208 
232 208 
212 208 
228 208 
232 208 
232 212 
236 224 
236 212 
228 208 
236 252 
240 232 
208 228 
236 204 
236 236 
236 240 
244 212 
240 212 
232 204 
232 208 
236 232 
232 212 
236 204 
240 212 
232 208 
232 228 
232 216 
240 208 
244 216 
236 224 
240 216 
236 236 
236 224 
232 212 
232 208 
228 208 
236 216 
236 204 
240 212 
272 208 
228 208 
232 204 
236 236 
232 204 
296 208 
260 208 
236 208 
236 208 
240 208 
240 204 
236 208 
236 224 
228 208 
240 216 
240 236 
236 220 
232 228 
236 212 
236 232 
232 208 
232 208 
240 256 
236 216 
196 208 
232 208 
244 224 
232 212 
236 208 
232 212 
236 212 
240 236 
240 236 
304 208 
240 208 
232 232 
232 220 
240 208 
236 208 
236 264 
244 208 
232 208 
684 224 
244 212 
232 212 
244 212 
232 208 
236 228 
236 232 
232 204 
212 208 
232 544 
240 208 
232 216 
232 212 
240 216 
248 208 
232 204 
236 216 
216 232 
232 208 
240 220 
236 236 
240 216 
232 212 
236 212 
232 208 
232 236 
240 232 
236 212 
232 208 
236 208 
236 220 
232 204 
232 208 
236 228 
236 212 
236 208 
236 228 
232 264 
232 216 
232 208 
236 204 
236 236 
240 208 
236 256 
236 212 
232 208 
236 208 
236 220 
236 236 
228 224 
232 204 
232 208 
240 212 
240 224 
236 212 
240 208 
240 216 
232 212 
236 212 
240 216 
240 236 
240 228 
232 272 
236 212 
236 236 
236 212 
52 44 
232 244 
232 212 
240 212 
268 216 
240 216 
228 212 
240 204 
232 212 
232 208 
236 212 
248 212 
232 208 
236 204 
240 204 
236 236 
236 248 
232 208 
232 208 
232 208 
464 212 
236 208 
232 208 
236 208 
232 248 
248 208 
48 44 
232 208 
236 208 
728 216 
236 244 
236 208 
240 208 
240 236 
236 252 
228 204 
240 212 
216 228 
232 548 
232 204 
236 236 
236 208 
232 216 
240 208 
240 208 
236 212 
208 220 
236 236 
232 232 
236 236 
236 236 
236 48 
228 208 
236 212 
236 208 
240 208 
232 244 
244 212 
236 208 
232 212 
240 208 
232 268 
236 220 
232 208 
236 232 
236 228 
232 232 
232 212 
232 236 
232 236 
236 220 
232 232 
272 208 
232 208 
236 216 
232 208 
232 212 
240 428 
232 232 
236 228 
232 208 
232 228 
272 212 
236 208 
236 212 
236 220 
232 208 
232 204 
240 216 
240 212 
240 216 
232 208 
232 208 
240 216 
240 208 
236 208 
232 208 
236 216 
240 236 
236 212 
232 212 
236 208 
236 208 
240 236 
236 212 
232 212 
260 224 
236 204 
240 208 
236 208 
232 212 
240 220 
236 216 
232 232 
232 212 
488 212 
232 216 
236 216 
236 216 
236 220 
228 212 
236 212 
240 232 
240 208 
744 216 
240 212 
232 208 
236 264 
236 204 
240 236 
240 212 
232 212 
212 228 
236 560 
236 216 
236 216 
244 232 
236 232 
488 212 
228 212 
232 204 
216 216 
236 216 
232 248 
228 212 
240 212 
236 236 
236 252 
236 208 
228 212 
232 208 
236 204 
244 216 
232 208 
236 216 
228 224 
228 208 
252 204 
240 224 
236 220 
240 208 
240 212 
232 208 
236 212 
236 216 
228 212 
240 208 
240 216 
236 264 
240 252 
236 212 
236 208 
228 208 
232 208 
240 236 
240 232 
232 256 
236 252 
240 232 
240 212 
244 212 
236 232 
236 236 
232 212 
228 212 
392 208 
232 208 
236 224 
232 216 
240 236 
232 212 
236 236 
232 212 
232 220 
232 224 
232 212 
240 208 
232 208 
240 208 
236 236 
260 212 
248 212 
236 208 
232 212 
240 224 
268 208 
232 212 
232 208 
228 216 
236 208 
492 204 
248 212 
236 212 
240 212 
240 220 
240 252 
240 260 
232 220 
240 204 
752 236 
232 232 
240 204 
236 232 
236 260 
236 392 
296 232 
232 268 
216 208 
236 572 
236 208 
232 212 
232 216 
236 212 
240 220 
236 236 
240 216 
216 232 
232 228 
232 216 
232 208 
232 208 
236 208 
232 208 
240 212 
228 208 
236 208 
232 208 
236 220 
232 212 
228 204 
240 232 
232 208 
232 216 
228 208 
232 212 
240 212 
240 212 
236 208 
232 212 
240 236 
232 216 
236 208 
240 240 
232 208 
236 212 
232 212 
232 212 
236 212 
256 208 
244 212 
232 208 
236 208 
232 208 
236 232 
240 212 
232 208 
232 240 
236 240 
228 208 
244 208 
232 260 
232 208 
232 236 
232 212 
228 208 
240 208 
236 212 
236 228 
48 40 
236 216 
276 212 
240 212 
240 212 
228 208 
328 232 
236 208 
280 204 
236 212 
240 212 
240 208 
236 232 
236 220 
232 212 
232 204 
232 204 
504 208 
240 236 
236 208 
236 208 
240 216 
232 208 
232 212 
228 204 
232 204 
48 44 
236 232 
228 208 
232 204 
240 256 
232 212 
232 212 
240 208 
220 220 
240 624 
232 208 
228 208 
236 212 
236 260 
232 204 
232 212 
228 208 
216 236 
240 208 
236 260 
236 244 
232 208 
240 220 
236 236 
240 216 
236 212 
232 44 
236 244 
232 212 
236 204 
232 228 
236 208 
236 208 
236 232 
236 248 
228 212 
236 244 
232 208 
232 208 
240 204 
236 208 
240 236 
236 236 
236 208 
232 216 
236 224 
240 220 
236 208 
256 208 
228 208 
236 236 
264 300 
236 212 
240 220 
236 220 
228 212 
236 204 
232 204 
228 216 
240 212 
236 216 
232 220 
232 208 
228 204 
240 220 
236 208 
236 252 
236 220 
232 232 
232 212 
236 208 
228 212 
240 204 
236 216 
236 216 
232 208 
240 212 
296 212 
232 212 
236 208 
240 260 
232 212 
236 256 
232 224 
236 236 
236 216 
552 248 
236 208 
232 208 
236 208 
236 232 
236 228 
236 212 
236 224 
236 212 
228 404 
232 232 
236 264 
240 212 
244 208 
232 208 
236 208 
272 216 
212 232 
236 632 
236 216 
240 216 
236 268 
240 208 
240 208 
228 212 
236 228 
212 264 
232 212 
240 232 
232 212 
236 212 
280 224 
236 212 
232 224 
232 208 
228 208 
236 208 
232 224 
232 208 
240 208 
232 316 
236 204 
232 208 
240 216 
240 260 
236 220 
236 208 
232 208 
240 232 
240 236 
232 208 
232 208 
236 232 
256 204 
236 216 
236 212 
236 216 
232 212 
232 212 
232 208 
232 216 
236 268 
236 212 
232 236 
232 212 
232 204 
240 236 
228 208 
236 208 
236 232 
236 212 
228 204 
236 208 
244 220 
236 232 
232 208 
240 208 
240 240 
228 208 
244 208 
232 216 
232 208 
236 228 
240 208 
240 224 
232 204 
328 244 
244 212 
240 240 
228 212 
240 208 
228 212 
240 212 
232 216 
232 204 
564 212 
236 208 
232 212 
232 208 
240 260 
232 212 
236 208 
236 212 
244 236 
236 392 
232 208 
236 208 
232 208 
236 208 
236 252 
236 236 
232 236 
212 264 
236 648 
232 216 
272 216 
228 208 
236 208 
232 208 
236 232 
232 216 
216 216 
236 252 
232 212 
236 236 
232 212 
232 212 
232 204 
240 216 
232 236 
228 212 
236 212 
232 224 
240 204 
240 260 
236 212 
236 220 
248 208 
244 208 
232 208 
236 244 
236 216 
240 212 
236 232 
236 320 
232 212 
236 224 
236 252 
240 220 
236 240 
232 208 
232 232 
236 212 
236 212 
236 232 
232 208 
232 208 
232 208 
236 204 
232 212 
236 252 
236 204 
232 208 
232 208 
232 232 
232 220 
232 208 
236 212 
236 212 
236 240 
232 212 
260 208 
228 208 
232 216 
232 208 
232 212 
48 40 
236 208 
236 208 
236 236 
236 212 
324 216 
232 240 
228 208 
228 208 
232 240 
232 212 
240 208 
240 212 
236 232 
584 232 
232 232 
236 232 
192 232 
232 232 
192 228 
228 232 
212 228 
220 228 
228 448 
192 192 
228 248 
192 232 
232 228 
232 228 
232 228 
232 232 
208 232 
232 228 
232 232 
228 228 
228 192 
232 232 
236 228 
232 236 
236 228 
208 208 
208 208 
208 212 
236 232 
192 232 
232 232 
232 192 
244 232 
236 296 
236 188 
236 340 
232 228 
232 204 
208 232 
208 192 
232 208 
212 228 
228 232 
228 228 
232 192 
204 232 
232 228 
228 232 
236 228 
216 232 
212 212 
196 232 
196 232 
232 192 
232 228 
192 216 
232 228 
200 208 
232 188 
196 192 
232 196 
220 192 
192 228 
232 228 
232 228 
232 232 
232 232 
232 228 
288 204 
220 208 
228 232 
236 192 
216 224 
192 232 
232 232 
192 228 
192 228 
236 208 
308 232 
276 208 
232 228 
232 228 
208 236 
196 232 
192 192 
360 232 
212 192 
212 232 
232 200 
228 188 
236 228 
232 196 
528 196 
220 200 
232 192 
192 192 
192 208 
196 224 
292 228 
308 240 
356 244 
216 216 
196 192 
192 236 
196 236 
236 576 
644 216 
236 232 
232 212 
220 212 
212 208 
220 192 
192 192 
192 208 
192 212 
236 188 
240 224 
504 244 
196 212 
232 216 
212 232 
232 184 
200 232 
236 196 
324 272 
232 232 
200 212 
192 204 
48 44 
232 192 
204 212 
208 236 
216 192 
204 232 
200 192 
228 204 
220 300 
232 212 
216 208 
220 208 
200 196 
256 208 
224 228 
236 192 
204 204 
192 228 
196 220 
196 192 
232 204 
228 256 
236 220 
232 212 
248 44 
196 204 
208 260 
232 208 
236 208 
200 208 
200 196 
232 196 
192 320 
192 196 
240 216 
228 208 
192 212 
232 216 
204 200 
232 208 
268 188 
232 216 
232 232 
312 588 
208 308 
272 268 
192 228 
192 212 
200 204 
200 208 
208 208 
228 204 
200 200 
216 192 
232 212 
236 200 
232 236 
208 208 
236 228 
288 244 
288 236 
324 220 
232 232 
224 216 
212 208 
220 224 
204 216 
236 220 
288 216 
192 188 
236 488 
188 204 
200 212 
212 220 
212 196 
216 188 
228 220 
236 204 
208 208 
228 188 
236 196 
200 200 
236 232 
240 208 
240 212 
188 208 
236 232 
196 200 
196 204 
204 204 
212 220 
240 200 
236 192 
252 268 
240 212 
232 220 
192 208 
228 208 
736 292 
216 192 
196 188 
216 204 
232 476 
216 212 
216 208 
200 196 
232 196 
232 260 
200 192 
236 276 
280 228 
232 236 
380 244 
232 248 
208 216 
200 208 
224 188 
200 192 
196 208 
196 200 
200 232 
208 212 
220 192 
228 216 
0 0 
196 236 
236 216 
216 244 
236 200 
612 228 
196 208 
188 288 
236 212 
364 328 
232 208 
308 256 
196 200 
212 204 
196 224 
236 196 
192 196 
236 260 
200 216 
200 220 
232 204 
224 208 
264 224 
408 216 
212 256 
228 212 
228 192 
224 248 
220 208 
236 216 
228 212 
236 208 
228 204 
200 236 
240 208 
272 236 
212 212 
236 208 
192 228 
228 220 
228 204 
232 688 
212 196 
308 300 
320 232 
216 192 
196 200 
196 196 
244 208 
216 244 
200 188 
196 208 
196 212 
212 192 
204 200 
220 212 
232 328 
240 196 
220 212 
236 216 
232 196 
236 212 
248 200 
240 216 
236 232 
240 208 
200 196 
232 268 
200 288 
220 240 
312 204 
200 192 
204 192 
196 208 
240 208 
196 200 
240 212 
344 264 
368 208 
228 212 
192 204 
244 196 
240 252 
220 224 
196 224 
220 260 
328 300 
224 200 
224 248 
240 232 
192 196 
200 188 
232 200 
216 208 
232 212 
236 212 
204 200 
224 216 
240 192 
212 204 
564 216 
204 192 
216 196 
272 192 
228 192 
224 220 
228 208 
216 204 
236 212 
216 220 
236 248 
192 200 
236 204 
192 196 
216 220 
232 212 
220 248 
232 216 
244 476 
220 232 
240 204 
232 212 
236 208 
236 588 
236 244 
232 204 
216 208 
228 208 
236 208 
192 240 
208 340 
208 212 
208 212 
220 220 
236 204 
212 188 
196 188 
260 208 
236 212 
260 200 
40 40 
388 192 
248 220 
232 228 
208 188 
236 200 
276 220 
212 200 
236 248 
236 208 
220 216 
244 220 
216 208 
240 348 
232 208 
236 212 
220 252 
236 208 
240 224 
232 192 
388 200 
216 232 
196 192 
244 192 
196 192 
196 208 
220 252 
232 208 
216 208 
48 40 
236 224 
260 232 
192 320 
236 224 
196 216 
228 204 
240 208 
232 208 
240 208 
232 300 
212 208 
344 204 
196 208 
232 208 
232 212 
236 224 
232 204 
592 192 
196 208 
240 196 
216 448 
228 208 
236 232 
244 224 
192 208 
236 232 
204 208 
240 48 
216 212 
216 208 
204 244 
196 192 
212 196 
212 220 
216 244 
292 240 
208 200 
220 208 
200 200 
200 264 
196 224 
236 248 
212 236 
212 228 
220 188 
236 204 
372 196 
208 232 
204 288 
204 200 
196 196 
216 212 
680 208 
236 204 
236 220 
204 188 
192 192 
236 208 
232 212 
236 208 
232 208 
232 292 
348 196 
228 192 
212 204 
296 224 
196 204 
296 312 
232 216 
236 196 
228 204 
232 236 
228 188 
216 216 
232 208 
224 192 
236 212 
236 208 
232 208 
236 224 
220 212 
240 200 
212 192 
220 216 
232 212 
232 212 
224 232 
192 204 
236 216 
224 208 
336 212 
208 208 
208 204 
196 188 
220 212 
216 212 
216 232 
212 216 
220 212 
240 212 
316 264 
240 256 
252 236 
232 220 
208 196 
240 192 
232 236 
196 204 
212 216 
200 236 
204 264 
224 204 
196 232 
232 200 
200 192 
212 188 
204 192 
196 208 
196 192 
208 196 
196 204 
196 196 
220 212 
208 192 
276 380 
256 296 
236 212 
232 236 
240 256 
236 204 
192 332 
192 196 
208 196 
228 196 
192 244 
240 264 
196 188 
240 192 
324 232 
336 236 
208 224 
220 196 
196 196 
244 208 
192 200 
224 296 
436 212 
248 264 
232 212 
220 276 
212 212 
240 248 
252 628 
196 212 
192 184 
196 200 
196 312 
232 208 
236 232 
212 216 
264 196 
200 188 
188 192 
232 192 
192 292 
200 204 
208 212 
196 188 
188 212 
216 236 
204 212 
200 200 
220 208 
224 192 
192 184 
228 212 
192 192 
216 204 
284 312 
240 208 
600 316 
216 192 
296 312 
216 192 
192 196 
232 196 
192 216 
196 196 
196 192 
232 224 
244 196 
208 224 
216 208 
200 200 
528 268 
236 200 
256 244 
228 252 
344 244 
200 188 
228 196 
196 216 
196 232 
232 192 
216 192 
264 244 
520 668 
204 260 
212 220 
212 232 
220 208 
216 216 
248 196 
236 212 
232 192 
192 232 
264 196 
216 220 
220 200 
200 192 
204 200 
200 196 
196 200 
224 256 
204 196 
216 228 
196 188 
192 200 
196 196 
196 208 
192 192 
192 208 
428 196 
200 200 
192 192 
196 196 
216 204 
204 188 
208 268 
256 188 
324 188 
320 216 
252 208 
208 440 
216 212 
240 312 
232 204 
192 208 
192 200 
196 188 
232 208 
200 200 
204 216 
212 188 
204 212 
200 192 
196 232 
200 196 
488 212 
200 360 
220 200 
196 196 
240 212 
200 208 
232 216 
244 192 
220 208 
228 188 
192 232 
212 204 
236 216 
344 196 
208 188 
212 192 
216 196 
188 188 
192 208 
44 44 
196 236 
260 248 
232 308 
312 256 
304 216 
344 304 
192 256 
252 320 
248 256 
708 204 
272 228 
200 216 
200 188 
196 196 
224 188 
192 200 
220 192 
216 204 
192 212 
232 192 
200 224 
200 204 
196 196 
48 48 
212 192 
216 196 
196 192 
212 236 
196 200 
192 192 
192 192 
192 232 
340 208 
200 188 
196 188 
228 188 
232 236 
264 304 
360 332 
216 260 
236 196 
328 232 
200 208 
216 640 
212 208 
212 224 
600 192 
192 192 
232 192 
216 196 
240 212 
216 196 
216 192 
196 216 
212 208 
216 212 
224 48 
212 220 
228 208 
236 196 
200 200 
204 220 
196 196 
200 188 
200 196 
196 192 
204 196 
200 196 
220 244 
200 228 
220 188 
248 220 
192 188 
196 228 
192 196 
200 192 
208 188 
224 220 
216 220 
316 216 
192 196 
208 188 
208 188 
240 660 
228 224 
236 260 
196 228 
212 188 
212 236 
188 208 
216 216 
216 216 
256 232 
200 232 
196 196 
204 220 
240 292 
200 288 
196 192 
204 204 
200 192 
248 212 
192 240 
220 208 
220 192 
200 212 
192 204 
212 200 
244 196 
232 228 
244 228 
204 260 
220 200 
236 296 
228 308 
196 192 
224 588 
196 344 
272 508 
224 268 
248 400 
200 208 
192 196 
236 216 
216 188 
212 240 
208 232 
196 212 
208 216 
196 196 
192 192 
232 212 
212 196 
196 264 
328 224 
264 232 
192 192 
192 196 
236 204 
208 208 
204 200 
304 216 
192 236 
236 200 
300 232 
240 232 
220 220 
212 212 
188 192 
284 232 
244 240 
276 232 
256 216 
252 188 
268 284 
208 204 
236 188 
196 212 
208 220 
332 288 
192 200 
220 276 
192 208 
236 224 
240 196 
192 272 
344 212 
220 232 
284 232 
236 204 
192 192 
240 200 
228 196 
216 212 
196 236 
204 196 
200 196 
196 212 
200 192 
200 192 
196 200 
216 196 
212 212 
196 196 
192 192 
196 188 
196 192 
232 200 
216 204 
232 196 
236 188 
196 204 
196 196 
284 232 
272 300 
312 228 
244 340 
308 256 
332 248 
192 252 
212 188 
212 232 
192 188 
216 208 
236 264 
312 196 
256 192 
212 212 
196 220 
228 188 
208 224 
200 204 
196 192 
196 212 
204 192 
192 188 
200 208 
196 192 
228 188 
252 240 
236 196 
256 300 
200 292 
212 212 
192 256 
204 188 
224 208 
200 192 
204 216 
212 216 
204 216 
200 204 
212 192 
196 188 
240 500 
216 248 
204 196 
196 204 
192 208 
448 192 
236 236 
240 240 
192 192 
196 208 
196 212 
212 220 
232 248 
200 228 
572 204 
236 252 
200 224 
196 208 
216 188 
208 204 
204 212 
200 192 
200 232 
336 252 
196 196 
192 236 
236 204 
192 196 
216 216 
236 328 
236 284 
316 232 
216 332 
244 196 
232 192 
216 220 
200 208 
200 192 
192 204 
204 264 
228 244 
196 216 
192 244 
276 232 
220 216 
212 292 
200 212 
212 280 
192 196 
236 212 
244 188 
192 220 
192 204 
208 236 
276 208 
232 268 
216 244 
252 212 
208 260 
208 188 
240 308 
208 192 
212 192 
188 212 
248 232 
192 192 
192 216 
52 40 
196 192 
200 204 
236 192 
208 188 
200 276 
188 204 
220 220 
192 192 
196 188 
220 212 
196 188 
196 196 
196 192 
244 236 
200 208 
236 192 
200 240 
244 200 
260 240 
192 232 
216 348 
200 188 
224 200 
252 248 
424 200 
200 192 
200 212 
48 52 
232 212 
220 208 
200 196 
216 204 
540 312 
252 268 
232 272 
304 232 
260 272 
200 240 
196 316 
336 236 
208 208 
216 216 
192 192 
192 188 
216 192 
216 220 
216 324 
220 216 
212 208 
220 216 
264 212 
212 624 
208 252 
320 232 
240 232 
356 284 
196 208 
216 200 
192 192 
220 212 
220 220 
200 204 
232 192 
192 224 
196 196 
212 496 
212 192 
212 208 
204 212 
232 208 
212 192 
216 216 
212 208 
192 208 
216 208 
208 188 
200 208 
200 208 
212 232 
236 236 
196 208 
192 196 
240 212 
232 192 
232 188 
204 200 
228 196 
208 200 
192 244 
196 200 
208 200 
232 200 
600 196 
216 192 
232 216 
224 192 
200 232 
268 340 
192 200 
212 232 
208 232 
224 212 
220 212 
240 188 
212 196 
208 220 
204 204 
200 192 
196 212 
196 188 
216 452 
220 200 
188 212 
204 192 
232 208 
220 216 
220 204 
196 216 
196 204 
200 232 
200 208 
200 192 
204 232 
224 200 
200 196 
328 224 
196 204 
196 216 
196 216 
216 200 
216 220 
240 224 
200 196 
212 188 
212 208 
200 212 
420 212 
200 220 
216 208 
340 200 
204 272 
208 296 
196 192 
196 208 
232 204 
200 388 
212 192 
196 192 
216 264 
228 212 
196 212 
436 220 
216 220 
216 244 
208 348 
208 208 
200 200 
204 192 
220 212 
236 236 
240 232 
240 236 
200 188 
212 244 
244 236 
208 252 
232 208 
264 248 
364 280 
196 224 
200 196 
644 188 
212 188 
192 196 
232 288 
192 188 
220 224 
196 200 
216 220 
196 232 
204 212 
208 236 
216 220 
232 212 
192 192 
236 212 
196 192 
224 216 
192 188 
200 224 
196 220 
236 204 
192 192 
200 192 
340 220 
336 240 
448 196 
236 208 
236 296 
280 260 
216 212 
236 280 
208 220 
204 192 
196 196 
700 200 
188 188 
192 196 
212 208 
192 208 
196 200 
192 264 
288 188 
240 208 
216 212 
200 200 
200 196 
204 208 
192 212 
192 260 
196 192 
196 196 
244 264 
232 192 
236 248 
196 196 
216 200 
232 212 
236 304 
212 208 
216 216 
252 216 
196 228 
224 232 
244 240 
372 228 
220 220 
204 340 
200 192 
240 196 
232 192 
204 216 
208 196 
200 216 
196 204 
244 268 
608 196 
220 208 
200 192 
224 192 
224 216 
216 212 
208 232 
232 208 
228 212 
216 208 
192 192 
192 216 
192 192 
196 236 
220 228 
196 208 
216 192 
196 208 
200 232 
216 196 
200 192 
204 220 
216 232 
232 208 
192 212 
196 224 
228 212 
216 204 
200 212 
244 204 
208 192 
200 348 
212 188 
332 208 
196 192 
196 192 
192 200 
208 192 
192 192 
400 188 
196 204 
192 188 
208 204 
204 200 
220 188 
48 40 
228 192 
256 192 
196 216 
208 220 
200 196 
192 208 
196 276 
200 240 
612 288 
212 368 
216 220 
220 188 
196 248 
196 200 
192 216 
208 200 
196 216 
188 200 
200 204 
208 196 
192 236 
208 200 
220 188 
196 256 
216 188 
244 200 
244 228 
52 44 
244 248 
348 332 
196 224 
252 244 
236 192 
192 208 
332 220 
200 188 
200 200 
192 192 
220 224 
236 196 
220 204 
204 224 
196 196 
628 196 
192 208 
204 216 
200 204 
208 220 
212 444 
212 672 
240 256 
220 224 
192 180 
200 188 
196 204 
200 192 
204 192 
212 248 
188 220 
260 500 
212 208 
200 212 
196 220 
228 208 
212 328 
260 208 
232 208 
320 224 
332 280 
272 320 
244 264 
216 216 
264 304 
256 232 
196 192 
192 196 
268 192 
212 664 
272 188 
204 192 
260 248 
192 200 
212 208 
204 216 
196 228 
200 204 
192 236 
216 200 
200 192 
236 188 
204 196 
196 188 
204 196 
200 216 
196 228 
196 196 
220 324 
212 212 
232 216 
212 192 
212 196 
220 236 
212 268 
216 464 
188 204 
188 284 
200 224 
192 188 
192 212 
216 192 
200 192 
204 216 
196 224 
192 212 
196 196 
212 192 
200 196 
216 232 
216 236 
192 224 
348 232 
216 212 
192 224 
200 188 
240 220 
224 232 
216 252 
256 232 
232 204 
252 324 
212 604 
264 260 
236 212 
224 192 
200 188 
192 192 
212 228 
236 228 
436 216 
236 212 
216 488 
196 200 
232 236 
228 200 
212 208 
260 208 
224 208 
264 488 
232 188 
216 212 
216 216 
264 208 
240 216 
304 212 
236 212 
224 220 
312 324 
308 324 
232 212 
228 208 
232 208 
232 224 
240 204 
336 216 
240 220 
240 244 
236 260 
228 216 
232 208 
232 212 
228 204 
232 216 
236 204 
236 208 
244 216 
228 212 
232 208 
236 240 
236 208 
240 208 
232 212 
236 208 
236 212 
236 204 
236 216 
232 208 
240 216 
236 236 
236 248 
236 248 
236 220 
236 232 
236 204 
236 236 
232 220 
236 216 
252 208 
240 208 
220 208 
240 204 
240 204 
228 208 
240 232 
236 240 
228 212 
232 212 
232 208 
380 212 
236 216 
228 216 
236 232 
232 208 
232 204 
232 208 
236 208 
236 208 
648 216 
236 232 
232 240 
236 212 
240 244 
236 204 
232 208 
236 212 
220 208 
232 492 
232 208 
236 264 
240 212 
232 232 
240 220 
236 212 
236 232 
216 236 
232 212 
236 236 
236 232 
236 236 
236 264 
252 212 
228 212 
236 208 
216 216 
236 208 
232 208 
232 216 
228 212 
236 212 
236 236 
240 208 
228 212 
240 212 
236 212 
236 208 
240 208 
232 212 
324 208 
232 216 
240 228 
236 216 
232 216 
240 212 
236 204 
236 236 
232 208 
232 208 
236 232 
228 212 
252 212 
232 208 
232 212 
244 208 
236 264 
232 216 
236 208 
232 208 
236 236 
236 216 
232 212 
240 216 
240 216 
232 256 
248 208 
236 208 
252 216 
236 208 
240 212 
236 224 
228 228 
44 44 
232 212 
232 208 
236 208 
216 236 
232 220 
232 228 
236 208 
236 236 
236 208 
236 208 
232 212 
232 212 
444 208 
236 204 
236 208 
240 208 
232 212 
236 212 
236 208 
228 208 
236 212 
688 208 
232 208 
240 208 
240 212 
48 48 
236 216 
232 244 
236 212 
208 228 
236 532 
232 208 
232 208 
236 204 
236 220 
232 236 
240 208 
236 224 
216 204 
232 260 
240 212 
236 228 
236 208 
228 208 
236 208 
228 208 
240 204 
244 208 
240 212 
240 244 
236 216 
240 208 
236 208 
228 208 
232 44 
228 212 
244 208 
236 224 
236 236 
236 212 
232 248 
232 204 
240 224 
236 220 
236 236 
232 212 
240 232 
236 212 
240 260 
256 204 
244 208 
232 208 
236 228 
228 204 
240 212 
236 204 
236 224 
236 256 
228 212 
240 212 
232 208 
228 216 
232 208 
236 208 
232 208 
228 208 
240 240 
236 232 
236 228 
232 208 
232 220 
240 216 
232 228 
236 208 
232 216 
236 216 
236 256 
240 248 
224 208 
240 204 
232 256 
240 232 
232 216 
232 208 
244 212 
232 212 
236 236 
368 212 
240 216 
240 216 
232 208 
228 212 
232 212 
232 324 
236 232 
244 212 
688 208 
228 204 
232 256 
232 248 
240 208 
340 208 
248 216 
232 216 
208 208 
232 552 
236 204 
236 236 
232 240 
240 244 
236 208 
232 212 
236 220 
212 212 
236 216 
236 240 
236 212 
232 208 
232 208 
236 208 
236 232 
232 240 
240 212 
236 228 
240 208 
240 212 
240 212 
240 204 
228 204 
240 208 
240 204 
240 232 
232 212 
240 208 
236 208 
232 208 
232 224 
232 212 
236 220 
240 232 
244 208 
232 228 
264 204 
232 208 
236 296 
236 216 
232 220 
232 204 
232 216 
236 216 
368 208 
236 208 
240 224 
236 208 
240 208 
228 220 
236 204 
236 216 
244 208 
236 240 
252 212 
232 208 
236 232 
236 236 
236 256 
236 204 
236 212 
232 228 
236 220 
240 240 
236 212 
232 208 
232 208 
240 260 
244 208 
244 216 
352 236 
232 212 
236 212 
228 232 
244 216 
236 204 
472 208 
252 212 
232 204 
236 232 
232 244 
256 208 
236 244 
232 208 
240 216 
696 208 
236 212 
240 212 
232 208 
240 216 
240 212 
236 228 
236 228 
216 204 
240 572 
232 208 
240 232 
232 220 
232 216 
232 236 
232 212 
236 236 
220 208 
232 224 
236 420 
236 236 
236 252 
232 212 
236 236 
236 208 
240 208 
228 212 
236 212 
600 208 
240 240 
232 208 
228 212 
236 208 
232 240 
236 232 
232 208 
252 212 
232 208 
240 208 
232 216 
232 212 
236 208 
236 216 
232 204 
236 236 
236 208 
236 232 
348 208 
236 208 
240 204 
240 208 
236 212 
232 212 
236 220 
232 260 
236 208 
236 204 
236 216 
236 220 
236 212 
232 208 
232 212 
232 204 
232 224 
240 208 
236 204 
232 208 
228 204 
236 216 
232 208 
240 212 
236 260 
232 212 
236 232 
240 236 
232 216 
232 212 
292 208 
232 208 
236 212 
232 236 
240 212 
236 204 
232 208 
228 208 
236 212 
496 208 
236 208 
232 212 
240 212 
48 40 
236 212 
240 216 
232 212 
236 232 
236 356 
240 220 
236 260 
236 212 
240 212 
240 232 
236 204 
232 204 
216 208 
244 596 
228 212 
236 208 
236 208 
232 208 
240 208 
244 208 
232 208 
216 208 
236 220 
236 208 
236 212 
48 52 
236 236 
236 204 
236 280 
236 224 
236 208 
232 208 
236 216 
236 232 
236 212 
236 212 
232 208 
232 208 
240 216 
236 232 
232 212 
232 232 
228 204 
232 204 
240 232 
236 216 
232 204 
232 216 
236 208 
232 208 
240 216 
236 212 
228 224 
236 44 
232 208 
236 232 
232 204 
240 204 
236 208 
240 236 
236 256 
236 216 
232 216 
232 208 
240 256 
236 232 
228 208 
232 208 
236 208 
236 236 
244 208 
236 208 
236 212 
228 212 
240 208 
232 204 
232 204 
236 208 
236 232 
236 240 
240 248 
280 212 
232 208 
232 204 
240 212 
232 232 
228 212 
232 208 
244 212 
232 212 
544 208 
240 208 
232 212 
236 208 
236 232 
236 236 
236 212 
244 208 
232 208 
748 212 
236 240 
244 212 
244 208 
236 208 
236 232 
240 236 
232 212 
208 204 
232 584 
244 216 
232 208 
236 208 
240 220 
228 212 
236 204 
240 204 
212 220 
232 208 
232 204 
236 208 
232 204 
232 212 
244 216 
232 236 
236 236 
232 224 
244 204 
240 280 
232 208 
236 232 
236 244 
248 212 
236 204 
240 208 
228 208 
240 232 
232 232 
240 212 
236 204 
232 240 
232 208 
236 204 
232 208 
240 236 
236 236 
236 212 
240 224 
232 208 
244 216 
240 236 
232 224 
236 204 
236 216 
236 208 
236 212 
232 216 
236 244 
244 208 
232 208 
232 208 
232 208 
264 212 
232 232 
240 208 
232 212 
240 212 
228 216 
236 228 
232 208 
244 216 
244 212 
240 204 
232 212 
236 232 
232 204 
240 220 
296 216 
236 204 
232 208 
232 212 
232 216 
232 212 
260 212 
232 204 
240 212 
528 208 
236 208 
236 232 
232 208 
240 208 
236 208 
236 244 
232 232 
240 260 
236 360 
232 208 
240 216 
232 208 
228 208 
240 216 
236 236 
236 232 
216 236 
232 616 
236 212 
236 208 
236 220 
236 228 
232 212 
228 208 
232 216 
212 400 
236 212 
240 220 
268 208 
236 204 
228 208 
228 204 
228 216 
236 212 
232 216 
232 208 
232 204 
236 236 
232 208 
240 236 
228 208 
236 208 
240 236 
236 232 
260 204 
236 208 
232 208 
236 208 
232 216 
232 208 
236 236 
232 208 
232 208 
236 208 
236 224 
232 212 
228 204 
236 208 
244 220 
236 232 
240 212 
236 204 
236 220 
232 212 
240 208 
236 232 
236 236 
236 212 
232 232 
252 204 
232 256 
236 208 
240 220 
240 216 
240 208 
228 212 
236 208 
228 216 
236 204 
236 240 
236 232 
232 204 
240 212 
232 212 
232 208 
324 212 
256 208 
240 212 
240 204 
236 236 
236 232 
236 212 
236 208 
232 236 
564 216 
272 208 
232 204 
236 208 
236 216 
236 244 
236 208 
52 44 
228 208 
240 392 
236 236 
236 240 
240 208 
240 208 
244 236 
0 0 
0 0 
0 0 
0 0 
0 0 
0 0 
232 188 
232 232 
240 208 
240 208 
240 204 
240 224 
232 260 
236 208 
236 232 
236 232 
264 208 
232 208 
232 208 
240 208 
236 268 
232 208 
240 248 
236 212 
240 232 
232 232 
236 232 
232 208 
240 212 
240 216 
44 44 
232 208 
236 236 
236 212 
236 228 
240 208 
240 204 
236 220 
240 216 
240 212 
268 208 
236 248 
232 208 
232 208 
240 224 
240 212 
244 212 
228 208 
232 208 
244 256 
240 212 
232 212 
232 208 
236 204 
240 220 
236 208 
240 204 
232 48 
236 208 
236 236 
236 208 
236 212 
236 208 
232 208 
232 212 
240 236 
236 244 
232 204 
236 216 
236 208 
236 208 
348 208 
240 236 
236 208 
240 208 
240 216 
296 272 
236 208 
232 208 
232 208 
584 204 
240 240 
236 224 
236 324 
232 208 
192 204 
264 204 
228 216 
232 252 
236 428 
248 208 
240 236 
232 208 
232 204 
236 216 
232 212 
232 208 
212 212 
236 680 
236 248 
252 208 
244 212 
232 208 
232 204 
232 216 
240 204 
212 216 
244 240 
0 0 
0 0 
232 212 
236 204 
240 220 
244 212 
236 224 
232 240 
236 208 
236 244 
236 208 
236 208 
228 204 
240 212 
236 208 
240 208 
228 212 
232 212 
240 216 
228 208 
240 224 
232 228 
240 236 
232 228 
236 212 
240 216 
232 204 
240 208 
236 232 
240 256 
232 252 
244 208 
232 208 
236 208 
236 208 
232 208 
240 204 
240 212 
236 216 
236 216 
232 212 
240 264 
228 208 
232 208 
240 204 
240 248 
232 208 
236 204 
240 224 
236 248 
240 212 
232 208 
240 208 
228 216 
236 236 
232 244 
236 208 
236 236 
356 208 
232 212 
228 204 
232 248 
236 236 
240 208 
232 208 
236 208 
236 212 
592 220 
228 208 
236 208 
240 236 
228 212 
236 208 
240 212 
236 232 
216 208 
232 460 
228 212 
232 208 
236 236 
232 212 
240 208 
236 236 
236 212 
212 208 
232 684 
232 228 
236 208 
268 224 
236 232 
236 208 
236 208 
232 260 
212 232 
236 232 
236 208 
232 212 
256 208 
236 236 
232 232 
236 208 
228 208 
232 216 
236 216 
244 212 
240 212 
232 208 
232 204 
232 208 
240 216 
236 240 
240 228 
236 208 
236 220 
236 204 
232 208 
232 208 
240 204 
236 236 
232 212 
240 208 
232 216 
232 236 
232 204 
232 216 
232 208 
236 224 
236 228 
228 228 
236 208 
240 212 
236 256 
228 208 
240 208 
236 216 
236 216 
276 212 
232 212 
228 212 
236 208 
236 236 
240 224 
232 232 
264 208 
232 248 
236 208 
236 220 
232 264 
232 216 
228 208 
236 212 
232 204 
232 212 
404 216 
240 236 
232 256 
236 208 
236 220 
240 208 
236 212 
240 232 
236 224 
612 212 
232 208 
232 208 
244 220 
236 216 
232 212 
236 224 
232 208 
236 232 
228 480 
236 212 
236 248 
236 208 
236 232 
232 308 
236 212 
240 208 
212 232 
236 680 
240 208 
240 244 
236 212 
232 212 
236 212 
228 208 
272 236 
208 216 
236 212 
240 236 
240 204 
240 224 
232 216 
232 208 
240 208 
232 152 
48 228 
236 240 
232 212 
232 208 
232 208 
240 208 
236 220 
240 232 
240 232 
232 420 
236 232 
236 204 
240 208 
232 212 
232 208 
236 260 
236 240 
232 212 
228 216 
236 228 
232 224 
236 208 
228 208 
228 212 
232 224 
52 44 
236 260 
236 212 
244 208 
244 208 
240 232 
232 216 
244 212 
236 204 
232 208 
244 240 
232 208 
244 216 
232 212 
232 204 
236 208 
240 232 
224 232 
240 204 
240 212 
232 232 
240 232 
236 212 
232 208 
232 216 
232 208 
408 44 
236 216 
232 212 
232 204 
232 208 
240 236 
236 260 
232 212 
232 208 
668 204 
240 232 
236 212 
236 264 
228 208 
236 208 
232 212 
244 220 
208 240 
252 456 
240 208 
240 252 
244 204 
236 236 
228 212 
232 208 
232 204 
216 232 
228 208 
232 216 
240 208 
232 208 
236 208 
236 236 
232 220 
240 204 
220 216 
236 240 
232 212 
236 232 
228 212 
240 248 
232 208 
232 204 
236 208 
236 216 
300 208 
232 208 
236 208 
232 220 
232 204 
236 208 
240 216 
232 216 
236 212 
240 208 
232 228 
232 212 
236 208 
240 208 
240 208 
240 236 
232 240 
232 212 
252 208 
232 204 
232 212 
232 220 
240 216 
240 224 
236 232 
232 212 
236 232 
240 208 
232 224 
236 260 
236 220 
228 208 
232 212 
244 304 
232 232 
228 216 
236 228 
228 212 
236 252 
232 236 
236 232 
200 260 
228 248 
228 208 
232 208 
244 208 
236 252 
228 204 
232 216 
228 216 
412 208 
252 208 
232 208 
232 228 
228 208 
236 208 
232 212 
228 212 
244 216 
664 236 
228 216 
232 208 
236 208 
240 216 
236 248 
232 212 
240 236 
216 236 
272 212 
232 204 
240 264 
232 216 
240 232 
236 264 
232 204 
240 232 
212 232 
236 688 
236 220 
236 236 
240 264 
320 208 
236 212 
232 204 
236 212 
220 236 
232 216 
240 204 
236 208 
240 220 
236 260 
228 212 
228 208 
236 232 
232 224 
240 216 
228 212 
240 208 
236 208 
240 204 
236 208 
236 228 
252 208 
232 212 
232 208 
236 212 
236 236 
240 244 
232 252 
232 208 
240 232 
232 228 
236 240 
232 208 
232 212 
228 208 
236 204 
236 220 
232 236 
240 208 
240 236 
232 256 
232 208 
232 212 
236 232 
240 236 
236 236 
232 232 
240 204 
236 232 
236 216 
232 216 
240 236 
232 212 
232 216 
240 208 
200 208 
240 208 
236 208 
240 204 
232 220 
232 212 
232 212 
240 208 
236 208 
440 208 
232 208 
232 212 
236 212 
240 208 
240 232 
228 212 
228 208 
240 212 
676 208 
236 220 
232 212 
236 216 
232 252 
236 244 
236 236 
232 264 
308 208 
236 560 
240 216 
236 216 
232 204 
232 232 
236 212 
232 212 
236 204 
220 284 
228 216 
236 208 
236 216 
232 236 
236 212 
244 208 
240 208 
232 208 
240 216 
232 208 
236 208 
232 224 
248 208 
48 44 
240 240 
232 236 
232 208 
236 216 
232 212 
236 216 
240 236 
236 212 
236 204 
236 228 
240 208 
236 260 
232 208 
236 236 
240 232 
228 216 
232 212 
236 208 
240 224 
240 220 
232 208 
232 220 
232 212 
236 216 
236 264 
224 40 
228 204 
228 212 
236 204 
240 232 
240 212 
232 220 
228 216 
236 208 
236 244 
232 204 
240 208 
240 236 
236 240 
236 232 
232 224 
244 208 
228 232 
232 212 
232 204 
244 216 
240 244 
232 208 
236 208 
232 236 
232 236 
232 204 
232 44 
240 208 
476 212 
236 216 
240 208 
232 204 
240 208 
236 220 
236 260 
236 248 
236 216 
700 212 
236 212 
236 220 
268 212 
236 236 
260 208 
292 224 
236 212 
208 216 
232 520 
244 212 
236 228 
240 232 
236 208 
232 228 
240 236 
232 208 
252 208 
240 208 
228 204 
240 216 
236 248 
236 212 
228 208 
236 216 
232 208 
236 208 
236 220 
232 216 
228 216 
236 232 
236 208 
240 208 
232 208 
232 264 
240 212 
232 212 
232 248 
236 220 
236 212 
232 208 
236 204 
236 216 
232 216 
240 204 
236 204 
236 208 
236 256 
240 212 
236 204 
240 220 
236 236 
228 216 
240 208 
236 208 
232 212 
228 204 
240 208 
232 216 
232 252 
236 212 
236 236 
232 216 
232 208 
240 216 
232 212 
232 212 
236 212 
236 208 
232 216 
264 216 
236 228 
232 212 
240 208 
236 208 
236 236 
236 248 
232 208 
240 208 
240 332 
232 212 
240 232 
232 240 
232 216 
236 236 
236 232 
508 208 
240 212 
240 216 
236 224 
240 208 
240 208 
240 224 
232 208 
232 208 
720 216 
236 220 
232 232 
228 204 
240 232 
232 236 
236 232 
240 256 
212 236 
240 540 
240 212 
240 208 
232 208 
236 216 
236 256 
232 208 
236 224 
216 220 
232 212 
240 208 
236 212 
240 232 
260 208 
236 216 
240 216 
236 208 
236 236 
232 232 
228 228 
232 208 
240 204 
236 208 
232 232 
236 208 
240 212 
232 248 
228 212 
232 216 
232 216 
236 208 
292 288 
236 208 
236 208 
236 236 
232 212 
232 208 
232 236 
232 216 
232 216 
236 216 
232 208 
240 208 
232 204 
240 212 
236 212 
232 212 
240 216 
232 232 
284 316 
240 216 
236 208 
228 208 
236 204 
232 220 
232 212 
236 220 
240 208 
232 208 
240 232 
240 208 
236 208 
236 224 
240 236 
248 208 
232 204 
228 208 
236 208 
280 236 
232 216 
232 208 
240 216 
236 232 
232 208 
236 204 
236 228 
232 212 
500 216 
232 232 
236 236 
236 208 
236 212 
236 212 
236 232 
236 204 
232 212 
244 344 
240 208 
236 208 
236 212 
240 208 
236 216 
232 220 
240 220 
212 208 
232 596 
240 212 
232 204 
240 216 
240 212 
236 208 
236 208 
232 204 
212 396 
236 208 
236 236 
232 212 
232 208 
240 208 
236 208 
240 204 
236 228 
232 220 
244 212 
232 208 
236 260 
232 212 
232 212 
232 212 
236 208 
244 236 
236 220 
232 208 
236 240 
236 236 
232 204 
236 236 
236 256 
232 208 
236 212 
240 216 
44 44 
236 232 
240 212 
244 212 
236 216 
232 208 
236 216 
236 216 
240 264 
232 232 
236 236 
236 208 
232 208 
240 232 
236 212 
240 208 
228 208 
236 208 
236 212 
236 216 
236 236 
232 208 
232 208 
236 208 
236 208 
236 216 
236 248 
232 220 
236 208 
232 204 
56 40 
228 216 
268 204 
268 224 
236 208 
232 208 
232 212 
228 208 
232 208 
236 208 
236 232 
528 204 
236 212 
236 224 
236 236 
240 264 
252 212 
236 208 
228 216 
236 212 
240 376 
236 228 
232 244 
232 212 
232 212 
236 204 
232 44 
236 248 
252 208 
228 592 
232 208 
244 216 
240 252 
232 224 
236 252 
232 208 
236 208 
220 212 
280 212 
236 208 
240 208 
240 236 
232 220 
236 208 
236 224 
236 236 
232 236 
228 208 
236 208 
240 204 
240 216 
232 204 
240 212 
228 212 
232 208 
232 232 
236 232 
260 212 
236 228 
232 264 
236 216 
236 248 
228 204 
244 208 
240 248 
232 216 
232 224 
232 208 
240 232 
232 212 
232 208 
228 212 
284 216 
236 208 
232 208 
240 220 
236 212 
240 212 
240 224 
236 204 
232 216 
228 216 
236 212 
232 212 
236 212 
240 236 
228 212 
236 204 
236 224 
236 216 
236 208 
236 260 
236 220 
228 216 
236 252 
236 216 
236 204 
304 224 
240 212 
240 232 
232 204 
244 204 
236 212 
236 264 
236 268 
232 212 
536 216 
244 208 
240 232 
240 208 
236 232 
240 208 
236 204 
232 208 
280 208 
236 372 
232 208 
228 208 
240 204 
240 208 
232 216 
232 208 
232 204 
216 216 
932 216 
236 236 
236 212 
228 228 
232 216 
236 216 
236 232 
232 208 
212 208 
240 220 
236 260 
256 212 
228 208 
236 220 
232 212 
240 220 
244 216 
232 248 
232 204 
228 208 
232 208 
236 228 
240 264 
236 236 
232 216 
232 212 
236 232 
232 208 
232 316 
236 208 
232 220 
240 236 
240 212 
236 208 
240 204 
236 236 
236 232 
244 208 
244 212 
236 236 
236 232 
244 216 
240 240 
236 236 
236 240 
344 212 
232 208 
232 248 
228 208 
240 208 
232 216 
232 208 
236 208 
228 220 
232 204 
228 208 
236 236 
236 216 
248 212 
236 212 
244 216 
232 208 
236 212 
236 228 
236 228 
232 324 
236 212 
240 256 
336 208 
236 216 
236 252 
248 208 
232 208 
236 208 
232 204 
236 216 
240 264 
564 208 
236 232 
232 248 
260 216 
228 208 
236 228 
236 224 
232 204 
232 208 
240 400 
240 212 
236 212 
232 220 
236 204 
240 216 
236 240 
232 208 
208 208 
236 632 
240 208 
240 216 
240 236 
236 236 
236 232 
236 220 
232 212 
208 204 
228 208 
236 204 
236 212 
228 204 
236 220 
228 204 
240 208 
236 220 
240 264 
232 204 
240 208 
232 216 
240 236 
240 236 
236 252 
236 232 
236 232 
232 208 
232 212 
236 208 
236 232 
236 232 
240 204 
236 236 
232 208 
232 208 
232 212 
232 204 
236 208 
232 204 
236 208 
240 216 
240 256 
232 236 
228 208 
236 224 
232 208 
236 224 
236 248 
236 208 
232 216 
240 208 
252 236 
236 224 
232 48 
240 212 
232 220 
236 236 
236 244 
240 208 
240 232 
232 216 
236 208 
240 328 
232 216 
244 292 
236 216 
240 236 
236 224 
344 208 
236 208 
244 208 
232 212 
240 232 
232 212 
244 208 
236 216 
232 208 
588 236 
276 212 
244 216 
240 208 
48 40 
232 208 
232 212 
240 232 
220 216 
240 408 
232 212 
240 216 
232 212 
236 212 
240 212 
232 208 
236 208 
216 208 
236 660 
236 228 
236 212 
236 208 
240 208 
232 208 
236 220 
240 248 
216 208 
236 264 
236 212 
236 248 
232 48 
236 208 
240 232 
236 212 
292 208 
236 208 
236 208 
232 232 
232 216 
236 216 
232 208 
232 212 
232 204 
232 208 
228 208 
228 208 
240 224 
232 248 
232 236 
240 208 
232 208 
236 204 
240 216 
232 272 
232 208 
232 212 
236 208 
232 212 
232 260 
240 212 
232 236 
232 236 
232 208 
236 208 
236 224 
236 208 
236 216 
232 244 
228 208 
236 208 
232 220 
228 212 
236 212 
236 204 
236 208 
236 264 
232 260 
236 212 
232 208 
236 216 
236 216 
236 236 
236 220 
232 236 
232 204 
240 212 
344 208 
232 204 
240 212 
232 204 
232 208 
244 216 
236 232 
232 212 
236 240 
612 204 
236 208 
264 216 
236 232 
232 216 
232 208 
232 204 
236 216 
220 260 
236 452 
228 224 
232 212 
232 236 
320 208 
236 232 
236 260 
236 208 
212 212 
236 664 
236 204 
240 220 
232 216 
364 260 
232 212 
228 208 
236 208 
208 216 
232 208 
240 208 
240 228 
236 212 
232 212 
232 216 
232 288 
236 212 
236 232 
240 244 
232 208 
236 208 
228 208 
232 232 
232 212 
240 220 
232 212 
240 208 
236 208 
240 224 
240 208 
232 208 
236 208 
240 212 
236 240 
232 220 
236 244 
240 240 
300 212 
240 216 
236 244 
236 236 
236 212 
240 212 
236 232 
228 212 
232 208 
240 216 
236 204 
240 212 
232 208 
232 236 
232 236 
236 216 
240 236 
236 252 
240 212 
252 204 
232 208 
228 212 
236 216 
228 212 
232 208 
236 236 
236 268 
236 232 
228 224 
240 232 
232 216 
380 204 
240 204 
236 216 
248 208 
232 248 
232 204 
240 208 
240 260 
232 216 
608 232 
236 248 
236 244 
232 212 
240 220 
232 208 
244 212 
232 208 
332 204 
236 476 
240 216 
240 212 
236 220 
236 208 
236 204 
236 232 
236 232 
216 220 
232 724 
232 212 
236 216 
240 236 
236 212 
232 224 
228 208 
236 212 
208 236 
236 256 
232 236 
232 244 
240 208 
236 208 
236 204 
236 208 
236 232 
240 236 
276 208 
232 212 
228 208 
240 208 
240 208 
236 244 
236 268 
236 248 
236 208 
236 260 
232 208 
240 212 
236 228 
240 212 
232 204 
232 236 
232 208 
228 208 
240 204 
232 212 
240 216 
236 216 
232 216 
232 208 
232 208 
240 208 
236 208 
240 212 
232 232 
232 260 
232 212 
232 204 
240 212 
240 212 
236 224 
244 212 
236 228 
240 212 
232 208 
236 212 
236 212 
236 208 
48 44 
240 232 
232 212 
232 212 
232 212 
240 204 
240 212 
236 216 
412 212 
232 208 
236 240 
232 232 
228 212 
232 212 
232 208 
236 232 
240 236 
656 208 
232 208 
240 212 
232 212 
236 204 
240 212 
236 248 
232 212 
216 216 
236 464 
52 40 
240 220 
236 248 
240 224 
240 208 
236 248 
240 224 
208 208 
240 724 
244 224 
232 212 
232 208 
236 208 
236 264 
272 208 
232 208 
220 204 
284 208 
240 208 
232 208 
236 208 
244 212 
236 212 
236 220 
232 208 
228 208 
236 232 
232 44 
236 232 
236 228 
240 208 
236 208 
232 280 
232 208 
236 208 
240 312 
232 208 
232 208 
236 212 
240 208 
240 208 
228 208 
236 232 
236 248 
236 212 
236 220 
228 208 
240 236 
240 212 
232 208 
232 208 
236 232 
232 208 
232 216 
240 236 
244 212 
236 208 
240 256 
232 208 
236 208 
232 208 
228 208 
232 240 
240 216 
232 212 
236 204 
232 244 
252 212 
232 208 
228 208 
236 232 
236 212 
232 224 
240 216 
232 256 
256 208 
424 216 
232 216 
240 216 
240 232 
236 208 
236 216 
240 260 
236 248 
240 212 
660 208 
236 208 
232 212 
232 208 
232 204 
240 236 
236 208 
236 216 
220 208 
232 540 
228 216 
240 204 
240 208 
240 216 
232 204 
240 208 
240 232 
216 240 
240 692 
232 252 
232 216 
236 208 
228 228 
236 204 
236 216 
232 212 
220 236 
232 208 
232 236 
276 216 
236 212 
240 208 
236 232 
236 212 
236 212 
232 212 
232 208 
240 208 
232 232 
300 212 
232 208 
240 232 
232 208 
240 212 
248 264 
236 236 
236 268 
228 212 
232 208 
228 224 
232 204 
232 208 
240 216 
240 212 
228 216 
236 212 
232 208 
232 212 
236 220 
232 208 
232 204 
244 208 
232 220 
236 232 
244 212 
232 244 
236 216 
236 236 
236 208 
232 224 
228 220 
236 208 
240 208 
236 212 
236 252 
232 204 
236 208 
224 216 
236 232 
232 208 
232 216 
236 212 
240 208 
236 232 
236 236 
236 216 
432 236 
232 212 
240 232 
240 228 
232 208 
236 248 
232 212 
232 224 
232 212 
676 216 
240 208 
240 208 
236 236 
244 216 
240 204 
232 208 
236 208 
216 216 
232 568 
232 236 
236 208 
240 224 
240 252 
228 212 
240 208 
228 208 
248 288 
244 232 
236 216 
236 216 
232 208 
228 208 
236 212 
232 208 
236 220 
236 244 
232 244 
232 216 
236 236 
236 232 
232 232 
232 232 
236 220 
236 212 
236 232 
232 228 
232 216 
260 224 
232 236 
232 212 
236 208 
236 236 
240 208 
284 212 
240 204 
240 208 
236 256 
260 208 
236 208 
236 232 
236 236 
280 236 
232 204 
236 232 
228 208 
232 208 
236 208 
232 248 
232 212 
232 208 
232 208 
240 240 
236 264 
228 208 
240 204 
240 212 
232 212 
236 212 
236 208 
232 208 
236 232 
240 212 
236 208 
236 208 
236 232 
232 212 
236 240 
232 208 
240 208 
232 212 
232 212 
240 212 
252 216 
232 208 
236 212 
452 212 
236 232 
236 212 
236 240 
236 208 
236 232 
260 212 
232 224 
232 204 
700 208 
48 44 
236 208 
236 212 
232 232 
232 212 
228 208 
236 208 
216 216 
236 372 
236 204 
240 212 
232 208 
240 208 
236 208 
236 212 
228 216 
216 220 
260 212 
240 208 
232 212 
236 224 
236 208 
240 216 
236 252 
236 252 
236 216 
48 40 
232 212 
232 208 
232 216 
232 248 
236 212 
228 224 
236 224 
240 212 
236 208 
232 212 
236 236 
232 208 
228 204 
240 208 
240 212 
236 216 
232 208 
232 208 
240 232 
232 212 
228 204 
232 208 
244 236 
236 236 
236 212 
268 208 
236 208 
240 40 
236 208 
236 232 
236 208 
232 224 
228 212 
236 220 
240 232 
240 268 
236 212 
256 212 
240 208 
240 208 
244 208 
236 260 
236 208 
236 236 
232 208 
232 208 
236 208 
236 216 
236 256 
248 208 
236 236 
236 236 
236 216 
240 208 
236 208 
240 204 
236 208 
232 208 
492 208 
236 208 
232 208 
236 268 
236 236 
228 212 
244 212 
236 232 
236 256 
708 256 
236 248 
244 232 
232 220 
232 208 
232 212 
228 216 
236 232 
216 264 
236 536 
240 208 
240 204 
240 224 
236 212 
232 208 
236 216 
236 220 
216 232 
236 688 
240 220 
236 236 
228 232 
240 208 
232 212 
236 208 
232 208 
244 252 
244 224 
236 236 
232 204 
240 216 
236 236 
228 220 
228 208 
232 212 
240 212 
232 204 
244 212 
240 232 
236 252 
232 212 
240 216 
236 232 
240 232 
236 232 
236 236 
232 208 
232 208 
236 204 
236 216 
228 212 
240 232 
240 344 
0 0 
0 0 
0 0 
0 0 
0 0 
0 0 
0 0 
0 0 
0 0 
0 0 
0 0 
0 0 
0 0 
0 0 
0 0 
0 0 
0 0 
0 0 
0 0 
0 0 
0 0 
0 0 
0 0 
0 0 
0 0 
0 0 
0 0 
0 0 
0 0 
0 0 
0 0 
0 0 
0 0 
0 0 
0 0 
0 0 
0 0 
0 0 
0 0 
0 0 
0 0 
0 0 
0 0 
0 0 
236 216 
236 208 
232 208 
240 208 
236 224 
232 208 
216 212 
232 620 
232 212 
232 216 
236 212 
232 208 
232 208 
232 208 
236 208 
208 236 
236 208 
228 208 
236 236 
236 212 
232 204 
232 220 
236 220 
228 212 
228 212 
232 208 
292 208 
236 232 
240 212 
240 208 
232 232 
240 236 
232 240 
232 208 
240 208 
244 212 
236 256 
240 224 
236 212 
240 236 
232 228 
240 212 
232 208 
228 204 
240 228 
264 212 
236 236 
236 232 
232 240 
232 212 
236 208 
240 212 
236 228 
236 208 
236 208 
232 212 
232 208 
240 208 
232 208 
236 236 
236 216 
232 212 
332 208 
232 212 
236 220 
240 236 
232 204 
228 208 
228 208 
240 208 
228 204 
236 212 
232 208 
232 248 
240 236 
300 212 
240 224 
236 236 
236 252 
236 232 
236 208 
236 216 
232 232 
236 220 
548 244 
240 220 
236 212 
240 208 
236 208 
232 228 
244 208 
236 212 
232 208 
232 360 
232 208 
232 208 
236 212 
240 228 
236 212 
236 212 
240 212 
240 208 
232 620 
236 208 
236 212 
232 208 
240 216 
232 236 
232 208 
48 212 
216 212 
228 204 
232 208 
232 208 
236 216 
236 232 
236 232 
244 204 
232 208 
236 232 
236 232 
232 208 
236 236 
236 240 
252 208 
236 220 
236 212 
240 232 
240 236 
240 240 
236 208 
240 224 
236 244 
244 212 
236 204 
48 40 
240 220 
232 228 
236 208 
228 208 
240 212 
236 220 
236 236 
240 236 
232 204 
232 228 
232 216 
244 224 
236 216 
232 212 
228 216 
260 208 
232 256 
236 208 
228 208 
236 208 
244 208 
236 208 
236 208 
232 208 
232 208 
232 208 
232 208 
236 44 
236 256 
240 216 
244 208 
232 216 
240 212 
232 204 
328 220 
236 228 
232 208 
240 208 
232 208 
240 208 
232 236 
236 224 
236 232 
528 236 
232 216 
228 236 
236 208 
228 208 
300 236 
232 220 
236 228 
240 208 
240 376 
232 208 
240 208 
232 228 
228 212 
236 208 
232 216 
240 212 
228 216 
240 612 
236 232 
232 244 
232 212 
232 208 
240 232 
236 220 
236 208 
216 252 
240 208 
236 208 
244 296 
280 220 
252 208 
232 216 
236 208 
232 236 
232 208 
236 212 
240 220 
228 208 
240 232 
232 228 
240 224 
232 208 
236 236 
236 216 
228 220 
240 208 
232 232 
236 244 
228 212 
268 212 
240 208 
240 204 
232 208 
236 208 
240 208 
236 208 
236 204 
240 220 
256 212 
232 208 
248 204 
232 208 
236 228 
240 208 
236 216 
240 236 
236 264 
236 216 
232 208 
236 208 
240 208 
232 216 
244 204 
232 240 
228 212 
232 204 
236 204 
240 216 
236 204 
240 212 
244 208 
236 256 
228 224 
232 208 
236 212 
344 216 
348 236 
240 236 
236 232 
236 208 
240 232 
240 220 
236 204 
236 224 
576 212 
232 208 
232 308 
236 232 
232 208 
228 216 
236 212 
240 212 
232 208 
240 380 
236 208 
240 208 
232 232 
236 208 
232 224 
232 224 
236 212 
212 212 
336 564 
240 208 
232 208 
232 232 
236 212 
232 208 
240 212 
240 220 
220 212 
232 212 
236 216 
236 236 
232 228 
256 204 
236 204 
236 228 
236 220 
232 212 
236 216 
244 236 
240 236 
232 208 
228 208 
240 212 
232 232 
236 236 
264 208 
232 212 
236 208 
236 252 
236 212 
240 208 
236 232 
232 228 
240 244 
244 228 
240 236 
236 240 
236 204 
236 204 
236 228 
236 240 
232 212 
228 212 
228 208 
236 208 
240 212 
232 248 
236 224 
232 208 
236 208 
232 208 
240 208 
232 216 
236 236 
236 232 
240 220 
232 208 
240 256 
236 212 
236 208 
232 232 
232 208 
232 208 
236 236 
244 236 
232 212 
236 228 
356 236 
232 208 
232 212 
228 208 
240 208 
240 232 
232 236 
232 212 
236 216 
492 204 
228 216 
236 208 
232 208 
240 208 
236 236 
240 236 
236 232 
228 212 
236 428 
236 228 
236 208 
236 236 
228 204 
232 208 
236 220 
232 208 
208 212 
232 676 
236 236 
240 216 
232 212 
236 212 
240 220 
236 216 
236 208 
216 204 
236 232 
236 244 
236 212 
228 220 
232 208 
240 236 
232 208 
232 208 
240 208 
232 208 
44 40 
228 236 
252 204 
228 208 
240 212 
240 224 
232 252 
236 208 
232 232 
240 212 
236 224 
236 220 
232 208 
244 216 
236 236 
232 232 
252 208 
236 244 
232 224 
236 208 
236 232 
244 236 
236 208 
232 204 
236 232 
232 208 
236 212 
236 208 
52 44 
248 212 
228 208 
236 212 
236 208 
240 216 
232 232 
232 208 
240 216 
232 212 
236 232 
240 208 
232 220 
240 236 
232 212 
236 208 
240 208 
240 208 
240 212 
236 220 
240 240 
364 240 
240 208 
240 236 
236 212 
268 208 
244 212 
232 40 
236 256 
232 220 
600 244 
236 208 
232 212 
236 208 
240 208 
236 216 
232 204 
244 212 
308 224 
228 452 
244 204 
228 208 
244 212 
236 220 
236 260 
240 232 
248 212 
216 232 
236 672 
260 208 
232 208 
232 232 
236 252 
292 212 
232 204 
232 220 
212 220 
244 208 
240 208 
240 216 
228 216 
240 232 
240 208 
232 208 
236 212 
236 220 
260 216 
236 228 
240 216 
240 212 
240 208 
232 232 
232 212 
244 208 
236 216 
240 268 
232 264 
236 208 
240 208 
236 212 
232 244 
232 212 
232 216 
228 208 
240 212 
236 204 
236 204 
236 224 
232 220 
232 232 
236 208 
244 208 
228 204 
232 204 
244 208 
240 236 
236 240 
228 208 
236 204 
240 220 
236 204 
232 232 
236 236 
236 244 
236 208 
236 204 
236 208 
236 216 
240 276 
228 204 
236 204 
240 212 
232 212 
236 220 
240 212 
236 208 
392 232 
244 232 
248 208 
236 208 
232 224 
232 208 
236 212 
236 228 
236 248 
616 212 
228 212 
232 208 
236 220 
236 212 
244 236 
236 224 
236 212 
212 216 
308 376 
236 272 
232 208 
232 204 
240 256 
236 208 
240 228 
236 216 
220 224 
232 692 
232 212 
236 208 
236 232 
236 260 
236 208 
236 208 
236 256 
204 208 
236 216 
236 232 
232 208 
240 208 
240 212 
232 204 
244 208 
236 204 
240 204 
236 236 
236 260 
228 220 
232 276 
364 208 
232 212 
236 208 
228 208 
236 208 
