# ./FR-trace starting at Mon Apr 20 19:00:39 2020
################# CONFIG #################
# slot=5000
# samples=10000
# threshold=100
# idle=500
# minlen=500
# runs=10000
# pdathreads=2
# nmonitored=2
#   monitor0=../apps/openssl ec2_mult.c:153 0x1e7854
#   monitor1=../apps/openssl ec2_mult.c:161 0x1e789c
# nevicted=0
# npdatargets=2
#   target0=../apps/openssl bn_gf2m.c:412 0x20bd10
#   target1=../apps/openssl bn_gf2m.c:412+64 0x20bd50
# affinity=all
############## SYSTEM INFO ###############
# mastik_version=
# sysname=Linux
# nodename=lovelace
# release=5.3.7-arch1-1-ARCH
# version=#1 SMP PREEMPT Fri Oct 18 00:17:03 UTC 2019
# machine=x86_64
################## DATA ##################
# run=2697
# datapoints=10000
56 44 
240 208 
228 216 
232 212 
236 220 
232 236 
240 244 
236 208 
232 208 
232 220 
236 208 
236 216 
236 212 
232 212 
236 208 
228 208 
236 208 
232 212 
236 208 
228 212 
244 208 
236 236 
232 212 
224 236 
228 208 
236 212 
236 220 
292 208 
244 216 
240 208 
44 52 
228 236 
232 216 
228 216 
232 212 
236 204 
232 216 
232 212 
232 216 
228 212 
240 208 
236 212 
264 236 
232 220 
236 212 
236 212 
236 212 
236 240 
232 208 
308 216 
228 208 
240 212 
240 260 
232 232 
232 208 
232 212 
232 216 
236 216 
540 216 
236 216 
232 52 
236 216 
232 208 
232 216 
240 212 
236 212 
240 296 
232 416 
232 212 
236 212 
236 212 
240 216 
232 212 
232 208 
232 212 
212 212 
236 592 
236 204 
240 216 
232 236 
232 212 
236 236 
228 224 
232 208 
216 212 
232 240 
240 212 
260 212 
232 212 
240 208 
232 216 
240 212 
236 208 
236 232 
236 216 
232 220 
236 208 
236 220 
232 220 
224 216 
232 216 
240 212 
232 224 
232 208 
236 232 
236 244 
240 224 
236 208 
232 208 
232 212 
248 212 
452 236 
232 208 
236 212 
236 216 
236 212 
232 212 
284 236 
236 212 
232 212 
232 232 
232 212 
232 208 
232 204 
240 216 
232 236 
232 208 
256 216 
232 212 
236 220 
232 236 
240 248 
228 212 
236 216 
264 208 
232 208 
236 208 
232 220 
232 236 
232 212 
228 212 
228 208 
240 228 
232 236 
304 212 
228 212 
244 212 
236 216 
236 228 
228 220 
236 236 
236 216 
272 208 
580 212 
232 220 
236 216 
236 260 
228 212 
240 216 
232 256 
232 252 
392 1076 
240 420 
236 208 
236 216 
236 236 
236 212 
236 208 
232 212 
232 216 
204 272 
240 672 
236 204 
240 212 
232 244 
228 220 
232 204 
232 236 
232 216 
212 204 
240 204 
232 208 
236 208 
236 208 
300 224 
228 212 
232 212 
236 216 
232 220 
236 208 
236 244 
232 208 
232 208 
236 212 
240 260 
364 252 
232 232 
232 212 
236 212 
240 236 
236 212 
236 212 
228 208 
236 216 
240 212 
236 212 
236 208 
232 204 
228 216 
236 212 
232 208 
236 228 
232 216 
232 220 
268 232 
232 212 
236 220 
240 208 
236 212 
236 212 
240 212 
236 212 
228 220 
232 212 
236 264 
240 344 
224 212 
232 212 
236 208 
236 216 
228 212 
236 248 
232 212 
236 204 
244 216 
236 216 
236 244 
232 208 
232 204 
348 212 
236 220 
236 216 
232 212 
232 216 
240 212 
236 240 
232 208 
248 212 
592 212 
428 212 
236 232 
232 216 
232 216 
232 220 
232 216 
236 212 
232 216 
232 476 
232 216 
236 248 
232 208 
228 208 
236 216 
236 208 
228 212 
212 208 
236 680 
232 216 
232 212 
244 228 
236 208 
228 212 
236 220 
236 208 
208 208 
232 208 
232 240 
232 244 
1168 212 
236 256 
240 208 
236 212 
240 216 
232 212 
236 208 
236 232 
236 260 
236 232 
240 204 
232 208 
232 232 
236 232 
232 236 
236 212 
232 216 
232 208 
236 212 
240 212 
236 240 
228 212 
228 212 
232 204 
228 212 
240 236 
236 220 
240 216 
236 220 
236 252 
240 208 
236 212 
240 216 
236 268 
236 948 
228 212 
236 212 
236 212 
232 208 
232 216 
240 208 
236 208 
44 48 
240 236 
240 212 
236 216 
232 232 
232 208 
240 220 
244 224 
276 216 
232 212 
236 220 
232 212 
236 208 
232 208 
376 228 
228 216 
236 208 
232 212 
232 208 
236 236 
240 208 
232 224 
232 208 
628 216 
236 220 
236 268 
248 212 
232 220 
44 48 
228 208 
236 212 
208 208 
232 476 
236 236 
228 220 
228 212 
228 208 
236 212 
232 208 
236 204 
216 208 
232 724 
236 212 
296 240 
236 212 
244 216 
236 236 
236 208 
232 236 
212 212 
228 212 
232 208 
236 220 
248 220 
344 224 
236 216 
232 48 
236 212 
232 216 
236 212 
244 216 
236 232 
232 212 
232 264 
232 216 
236 212 
232 228 
232 216 
232 252 
240 212 
232 212 
236 208 
264 208 
280 216 
236 220 
240 268 
1144 224 
236 212 
232 216 
232 208 
240 216 
240 208 
236 252 
240 212 
232 216 
232 236 
232 208 
228 216 
232 212 
232 212 
232 228 
236 212 
232 216 
236 236 
240 204 
240 212 
236 232 
232 248 
236 228 
252 212 
236 236 
240 216 
232 240 
236 212 
236 208 
236 260 
236 244 
232 216 
240 212 
436 208 
236 216 
236 212 
232 220 
236 216 
232 236 
228 216 
232 216 
232 216 
620 212 
236 204 
228 208 
240 236 
236 236 
228 220 
232 208 
232 216 
216 216 
232 456 
248 208 
232 216 
232 208 
244 236 
0 0 
0 0 
0 0 
208 208 
236 748 
236 228 
232 216 
232 220 
232 196 
232 500 
232 212 
232 232 
236 192 
232 216 
236 216 
232 212 
224 236 
228 212 
456 208 
220 188 
248 220 
236 212 
236 432 
232 220 
232 460 
240 208 
232 240 
236 212 
236 1168 
232 204 
232 212 
248 208 
228 232 
236 220 
228 232 
228 208 
248 216 
232 228 
240 216 
248 204 
232 220 
232 216 
236 208 
244 204 
232 212 
236 216 
236 216 
232 228 
240 464 
220 212 
228 188 
200 212 
196 196 
220 380 
232 400 
212 212 
236 208 
236 216 
232 216 
292 224 
248 208 
232 216 
232 228 
196 208 
228 244 
384 220 
244 232 
44 48 
232 208 
236 208 
232 208 
240 236 
400 212 
236 244 
232 208 
228 208 
232 216 
236 240 
236 232 
236 220 
232 212 
660 212 
232 212 
236 232 
232 208 
232 216 
236 216 
236 204 
228 220 
212 216 
232 508 
268 216 
240 240 
236 236 
244 216 
1000 212 
232 208 
232 208 
212 212 
44 40 
236 236 
232 244 
236 268 
236 216 
236 208 
260 216 
236 212 
212 220 
240 212 
232 208 
236 212 
236 224 
236 920 
232 216 
232 236 
240 208 
236 212 
236 236 
308 212 
236 212 
236 220 
236 220 
288 212 
232 212 
232 220 
232 180 
232 204 
228 216 
236 212 
232 220 
236 220 
236 216 
236 220 
236 216 
236 228 
236 248 
228 208 
236 208 
240 236 
228 212 
236 212 
236 224 
232 216 
236 216 
240 268 
772 236 
232 216 
232 220 
236 208 
236 224 
228 244 
228 212 
232 212 
232 212 
232 208 
228 236 
236 212 
228 220 
204 208 
232 208 
236 212 
236 232 
240 236 
344 208 
236 212 
236 236 
360 244 
436 208 
232 244 
236 216 
228 208 
244 208 
236 236 
236 236 
236 208 
236 252 
668 212 
236 212 
236 212 
788 204 
236 208 
236 212 
236 208 
236 216 
212 216 
236 496 
236 236 
240 212 
236 236 
232 232 
232 208 
236 208 
236 212 
220 236 
236 212 
248 212 
236 212 
232 212 
232 204 
236 212 
232 232 
232 216 
228 216 
228 224 
236 212 
232 208 
228 208 
236 208 
232 220 
240 240 
232 232 
244 216 
240 212 
236 220 
236 224 
236 240 
288 228 
232 232 
232 212 
236 240 
232 212 
232 212 
240 212 
232 204 
240 220 
236 240 
232 212 
240 216 
228 212 
228 228 
236 252 
240 212 
232 212 
232 204 
272 220 
232 232 
236 240 
232 256 
236 208 
236 204 
236 212 
236 224 
232 240 
240 256 
232 228 
232 212 
236 212 
232 260 
232 212 
232 216 
232 212 
236 208 
240 236 
216 292 
284 216 
236 232 
232 212 
228 216 
236 212 
232 212 
236 212 
244 216 
476 236 
616 236 
236 212 
232 216 
228 212 
236 220 
228 228 
236 216 
232 220 
716 212 
236 212 
236 216 
236 212 
240 212 
232 216 
232 212 
232 208 
208 220 
236 552 
232 208 
236 236 
232 236 
236 236 
228 236 
232 236 
240 220 
216 208 
240 208 
232 236 
236 236 
236 264 
236 216 
232 236 
240 212 
232 208 
240 212 
232 208 
232 216 
236 236 
244 268 
232 220 
244 208 
232 208 
232 216 
236 212 
240 224 
232 264 
236 212 
232 216 
236 224 
240 240 
236 244 
228 224 
236 212 
232 212 
236 212 
232 212 
232 212 
236 212 
236 252 
236 216 
232 216 
232 268 
228 236 
232 212 
240 212 
232 212 
232 212 
236 224 
236 212 
236 232 
244 236 
232 212 
236 232 
232 212 
228 220 
224 232 
232 240 
236 212 
236 220 
236 216 
232 256 
240 228 
232 212 
236 212 
216 608 
248 216 
232 232 
236 236 
284 216 
232 216 
232 204 
232 208 
232 216 
240 204 
472 216 
240 216 
236 248 
236 216 
232 212 
232 212 
236 216 
240 236 
232 208 
664 216 
244 208 
44 40 
236 232 
232 240 
228 212 
232 212 
228 208 
208 224 
236 548 
232 208 
232 216 
232 224 
236 212 
412 208 
236 228 
232 208 
212 208 
232 212 
236 240 
316 216 
236 212 
228 236 
236 240 
236 268 
240 212 
228 276 
236 220 
236 236 
240 260 
236 216 
44 52 
236 216 
236 224 
236 212 
232 212 
236 216 
232 204 
236 212 
236 252 
232 208 
236 216 
236 220 
228 208 
240 208 
236 236 
236 240 
252 212 
536 208 
236 240 
236 212 
236 212 
236 204 
236 212 
232 208 
236 212 
236 220 
236 236 
236 212 
232 172 
232 208 
232 224 
236 264 
228 244 
232 208 
968 216 
228 220 
412 216 
232 212 
236 216 
232 224 
232 236 
236 212 
232 208 
232 208 
228 208 
236 228 
256 212 
232 208 
232 256 
228 208 
328 212 
236 212 
232 212 
232 220 
244 260 
496 216 
232 208 
236 212 
236 236 
240 240 
232 208 
232 208 
228 216 
232 208 
728 212 
236 212 
232 212 
236 240 
244 208 
232 220 
232 212 
236 236 
220 216 
232 576 
236 236 
240 256 
228 244 
240 212 
232 216 
240 224 
236 216 
216 216 
236 240 
248 212 
236 212 
232 224 
232 212 
332 224 
236 212 
236 208 
232 216 
264 208 
232 212 
232 252 
232 216 
232 224 
232 212 
228 216 
232 212 
240 264 
232 216 
196 228 
232 208 
236 232 
248 212 
236 216 
236 232 
240 208 
228 216 
232 212 
236 208 
240 236 
240 224 
232 212 
236 220 
236 212 
232 208 
232 212 
232 216 
236 212 
240 240 
236 232 
236 212 
228 224 
228 212 
228 212 
228 208 
236 208 
240 236 
232 228 
236 204 
232 216 
236 212 
236 212 
232 228 
236 236 
236 236 
236 212 
236 212 
232 220 
232 268 
288 208 
236 212 
232 220 
240 208 
256 248 
240 240 
236 236 
232 216 
252 208 
520 212 
236 208 
236 208 
236 212 
240 216 
244 216 
232 232 
236 212 
232 212 
232 356 
232 216 
236 208 
228 212 
232 232 
228 208 
264 212 
236 208 
212 212 
232 608 
240 208 
232 212 
232 212 
236 212 
232 220 
228 212 
232 208 
208 208 
240 212 
236 216 
236 264 
260 212 
236 208 
232 208 
240 236 
232 216 
392 236 
240 212 
232 208 
232 212 
236 240 
240 212 
232 212 
236 216 
228 212 
232 248 
236 248 
236 216 
236 212 
312 216 
236 220 
236 280 
232 208 
232 216 
244 256 
236 216 
236 244 
244 216 
228 216 
264 212 
240 220 
244 236 
236 240 
240 212 
236 236 
232 208 
284 216 
228 216 
232 208 
232 212 
356 232 
236 208 
236 240 
240 208 
232 212 
236 232 
236 232 
248 212 
232 208 
236 212 
236 216 
232 232 
232 208 
428 216 
236 208 
236 216 
236 1164 
308 216 
232 212 
232 212 
236 236 
232 212 
236 212 
236 216 
232 216 
236 240 
528 216 
232 212 
236 216 
236 220 
236 208 
236 216 
232 212 
232 216 
232 216 
248 368 
232 216 
236 236 
240 252 
244 220 
232 204 
228 208 
232 264 
248 220 
232 616 
240 208 
236 232 
232 216 
232 212 
240 212 
296 212 
232 220 
260 212 
236 212 
240 212 
236 212 
228 212 
232 212 
228 208 
236 220 
48 48 
240 212 
236 216 
236 216 
236 220 
228 208 
232 212 
260 240 
232 212 
232 212 
236 216 
236 212 
236 216 
232 208 
228 212 
236 212 
228 212 
232 216 
236 212 
236 224 
240 208 
232 244 
236 232 
232 208 
232 212 
232 212 
232 264 
236 212 
236 208 
44 48 
232 216 
236 212 
236 208 
240 216 
232 244 
256 212 
240 216 
232 216 
236 236 
236 212 
228 212 
236 204 
240 240 
288 220 
232 216 
236 212 
240 236 
236 236 
236 212 
232 212 
232 212 
232 220 
320 212 
228 212 
240 236 
236 256 
252 208 
236 216 
232 212 
236 44 
240 220 
528 232 
232 212 
232 216 
232 216 
236 264 
236 212 
236 212 
228 216 
236 212 
232 396 
236 212 
240 236 
1064 240 
240 252 
232 240 
232 252 
244 216 
212 208 
232 632 
260 208 
236 248 
236 212 
232 244 
236 208 
240 228 
236 236 
216 220 
228 228 
236 236 
224 212 
232 208 
236 216 
236 232 
224 216 
232 212 
240 208 
236 220 
236 212 
232 216 
232 212 
236 240 
244 240 
228 208 
232 212 
232 208 
244 212 
1192 212 
236 236 
236 240 
348 212 
232 244 
228 216 
232 204 
236 212 
240 208 
240 236 
244 208 
232 212 
232 220 
244 236 
228 216 
232 216 
232 216 
236 220 
228 212 
228 216 
232 208 
240 208 
232 204 
232 212 
232 212 
236 204 
236 224 
256 212 
236 216 
240 208 
232 208 
240 232 
232 212 
228 224 
236 212 
228 216 
236 216 
232 208 
232 212 
352 208 
320 212 
232 248 
232 216 
260 212 
240 212 
240 240 
232 212 
232 212 
604 208 
560 212 
232 264 
240 232 
236 236 
272 216 
228 208 
236 224 
232 220 
228 240 
244 364 
224 208 
240 216 
232 216 
232 208 
236 212 
236 208 
236 240 
216 232 
232 656 
236 264 
232 240 
240 212 
224 208 
232 204 
272 224 
232 212 
208 216 
236 224 
236 232 
236 216 
228 212 
232 208 
232 220 
232 212 
228 204 
1092 268 
240 216 
228 212 
232 216 
240 212 
236 216 
236 216 
236 236 
236 208 
236 212 
236 216 
232 248 
236 236 
228 208 
236 212 
256 212 
228 208 
236 212 
228 216 
236 212 
240 232 
236 212 
236 228 
232 212 
240 240 
236 212 
240 216 
236 244 
236 208 
240 212 
228 212 
236 236 
232 212 
236 212 
228 220 
256 216 
236 216 
236 208 
232 248 
232 204 
236 212 
236 212 
232 212 
236 216 
228 216 
240 212 
236 216 
240 220 
236 268 
240 220 
232 240 
336 216 
236 208 
236 248 
236 240 
232 216 
232 212 
236 212 
240 216 
236 216 
600 260 
228 212 
232 212 
236 212 
236 220 
236 264 
240 212 
240 216 
364 212 
232 488 
236 260 
232 216 
240 212 
232 212 
236 212 
236 212 
236 216 
316 212 
232 668 
236 216 
240 212 
232 212 
240 212 
236 256 
236 968 
236 220 
216 212 
236 240 
232 224 
240 216 
228 220 
232 212 
236 208 
236 240 
352 208 
232 212 
236 240 
240 268 
232 228 
236 212 
232 216 
232 240 
240 240 
292 208 
232 216 
236 264 
228 212 
236 208 
240 216 
232 236 
236 208 
228 220 
240 236 
192 212 
232 228 
232 228 
228 232 
196 188 
236 236 
212 204 
236 216 
228 212 
192 232 
216 192 
192 208 
492 184 
232 228 
192 224 
208 188 
396 232 
208 228 
232 208 
212 232 
228 236 
232 228 
188 192 
188 232 
232 228 
228 236 
208 232 
232 212 
228 232 
240 224 
232 192 
236 232 
232 228 
228 232 
192 232 
232 228 
192 232 
232 200 
584 396 
232 232 
244 196 
228 232 
204 248 
228 236 
236 232 
228 228 
232 232 
196 232 
232 232 
228 232 
216 184 
228 476 
228 232 
232 236 
232 188 
308 752 
200 208 
228 212 
212 208 
216 228 
228 232 
232 212 
232 232 
232 232 
232 232 
232 228 
232 236 
228 232 
208 208 
228 192 
232 236 
192 228 
236 232 
232 200 
236 220 
236 236 
240 232 
236 212 
232 208 
228 212 
236 220 
240 252 
256 236 
232 216 
236 208 
232 216 
236 236 
236 240 
672 212 
232 212 
236 212 
232 212 
240 260 
236 240 
236 232 
236 212 
236 212 
232 212 
44 40 
232 208 
240 212 
236 236 
236 272 
232 236 
228 208 
236 216 
236 224 
240 208 
240 212 
232 208 
240 256 
236 256 
224 220 
252 216 
240 212 
236 212 
236 328 
72 48 
232 216 
240 212 
236 212 
236 216 
512 240 
236 236 
232 208 
236 224 
232 216 
232 208 
388 220 
232 212 
236 216 
232 216 
232 208 
236 212 
228 220 
228 228 
236 212 
628 268 
236 212 
236 236 
236 264 
228 216 
236 216 
232 212 
228 44 
216 236 
256 432 
236 232 
236 220 
236 204 
236 212 
236 304 
232 212 
232 232 
216 236 
240 636 
228 208 
240 216 
232 216 
236 212 
236 212 
232 236 
236 212 
212 204 
240 212 
240 208 
236 268 
232 208 
228 208 
232 208 
240 208 
236 216 
236 240 
236 212 
232 212 
228 208 
236 208 
236 240 
228 212 
240 212 
228 208 
236 216 
236 248 
232 208 
232 212 
240 208 
232 216 
232 212 
236 212 
236 216 
232 216 
240 240 
232 212 
236 212 
236 236 
232 232 
240 212 
236 216 
236 220 
232 212 
232 216 
236 208 
232 212 
256 216 
232 212 
236 212 
468 264 
236 212 
232 212 
232 212 
240 216 
232 216 
236 236 
232 452 
224 212 
232 208 
232 216 
236 208 
236 216 
236 224 
236 208 
236 216 
236 204 
416 212 
232 220 
236 220 
232 208 
228 212 
232 256 
236 264 
236 208 
236 220 
660 204 
236 204 
236 236 
232 212 
232 208 
236 208 
236 212 
232 216 
212 212 
228 528 
236 212 
236 260 
232 248 
232 208 
232 216 
236 208 
236 212 
212 216 
240 252 
232 216 
232 212 
232 212 
240 296 
232 212 
236 208 
240 212 
256 212 
236 212 
232 208 
240 264 
240 212 
232 240 
248 212 
240 212 
236 212 
232 196 
232 260 
232 252 
232 208 
240 212 
252 212 
236 232 
232 240 
232 216 
232 212 
240 220 
240 212 
236 236 
236 244 
232 256 
236 208 
232 208 
236 212 
232 208 
232 216 
232 208 
236 212 
236 208 
668 232 
232 204 
228 208 
236 256 
240 208 
236 220 
236 208 
232 216 
232 236 
232 220 
236 212 
236 256 
236 236 
228 216 
232 212 
236 212 
232 212 
236 236 
236 240 
224 208 
348 212 
232 208 
240 224 
236 220 
232 212 
236 212 
264 212 
240 224 
452 220 
236 272 
240 224 
248 212 
228 208 
208 208 
236 208 
232 216 
236 332 
680 204 
232 208 
228 212 
236 212 
236 216 
236 208 
236 216 
232 236 
216 216 
236 520 
228 216 
228 208 
232 232 
236 240 
232 208 
288 208 
236 236 
212 208 
232 212 
268 208 
232 232 
232 216 
236 212 
236 212 
236 212 
232 212 
236 212 
240 236 
232 248 
232 204 
376 208 
236 212 
232 208 
240 244 
236 208 
236 232 
228 228 
232 248 
240 240 
284 208 
236 212 
240 208 
236 216 
228 208 
236 232 
232 204 
236 208 
600 216 
236 216 
256 208 
228 284 
256 212 
236 212 
236 212 
236 208 
232 236 
236 232 
236 268 
248 212 
236 212 
232 208 
236 216 
228 212 
228 212 
248 216 
232 232 
48 44 
236 232 
232 232 
236 212 
236 268 
236 224 
232 240 
232 208 
228 208 
232 208 
236 220 
216 212 
236 216 
256 228 
232 212 
232 216 
236 324 
232 208 
232 212 
44 48 
412 220 
240 212 
232 208 
232 208 
240 208 
236 212 
236 216 
236 240 
232 252 
668 216 
240 212 
240 212 
236 208 
236 212 
236 216 
228 216 
236 212 
212 208 
240 492 
236 216 
236 228 
232 208 
236 216 
236 240 
236 228 
224 220 
212 216 
232 212 
324 220 
236 44 
232 212 
236 220 
288 212 
224 208 
232 212 
296 216 
236 212 
232 212 
236 212 
240 220 
232 216 
232 212 
232 240 
240 236 
232 1256 
236 228 
236 208 
236 252 
236 216 
236 208 
236 212 
232 240 
256 216 
232 212 
236 220 
232 208 
228 208 
240 220 
236 236 
228 212 
232 212 
236 212 
232 216 
236 208 
232 220 
228 216 
232 204 
240 212 
232 220 
232 212 
236 212 
232 232 
232 212 
232 236 
232 228 
240 212 
244 344 
236 252 
240 1276 
236 236 
236 224 
232 208 
232 208 
240 208 
236 216 
232 220 
244 224 
232 212 
328 208 
240 220 
236 212 
232 248 
232 232 
232 220 
232 216 
388 216 
236 212 
236 212 
236 236 
236 232 
236 212 
232 212 
240 216 
232 248 
724 212 
232 204 
236 208 
240 208 
232 208 
232 228 
228 216 
232 216 
360 220 
240 572 
232 208 
236 208 
228 208 
228 208 
236 256 
232 212 
240 212 
212 216 
232 216 
240 232 
236 204 
236 212 
236 216 
232 212 
236 216 
268 232 
228 236 
236 236 
232 208 
236 216 
232 212 
244 212 
236 212 
232 208 
232 216 
240 220 
236 212 
232 212 
240 212 
232 212 
232 236 
236 240 
248 212 
236 236 
236 236 
236 216 
264 216 
232 212 
232 224 
236 208 
232 204 
232 212 
236 236 
236 260 
232 216 
232 204 
240 212 
236 212 
240 1040 
232 224 
232 212 
232 216 
232 208 
232 212 
240 252 
232 208 
232 208 
236 240 
236 212 
232 216 
232 208 
232 208 
240 232 
228 216 
236 216 
232 212 
232 208 
252 240 
232 236 
236 216 
236 240 
240 216 
232 260 
236 212 
232 208 
304 232 
488 216 
236 216 
240 264 
236 264 
236 260 
228 216 
352 216 
236 212 
236 236 
736 212 
228 212 
236 216 
236 216 
232 212 
228 212 
236 236 
232 208 
224 212 
236 620 
232 212 
232 220 
236 216 
240 212 
248 208 
232 260 
232 208 
224 216 
232 208 
236 236 
244 232 
240 236 
272 220 
232 204 
232 212 
236 208 
232 272 
236 208 
236 208 
236 204 
232 212 
236 216 
236 212 
232 248 
228 208 
232 220 
392 212 
232 208 
232 228 
232 212 
244 212 
236 236 
236 212 
232 232 
232 208 
236 212 
236 224 
236 228 
236 208 
236 212 
236 240 
240 236 
240 260 
236 212 
236 216 
232 212 
240 240 
232 264 
232 212 
232 216 
236 212 
236 220 
296 220 
232 208 
236 208 
236 204 
236 216 
240 236 
232 212 
236 212 
232 264 
232 216 
236 236 
236 208 
540 208 
236 240 
232 216 
272 212 
236 236 
232 236 
908 256 
236 212 
236 212 
228 208 
236 208 
240 232 
520 204 
232 236 
240 248 
240 220 
236 232 
236 208 
236 208 
232 212 
236 244 
224 372 
240 228 
44 48 
236 232 
232 212 
236 204 
236 220 
232 268 
216 208 
232 644 
232 216 
232 208 
260 208 
232 212 
236 216 
236 216 
252 220 
216 212 
228 212 
1016 220 
232 208 
232 216 
240 216 
252 208 
228 212 
264 240 
236 248 
240 212 
228 212 
232 208 
232 240 
232 212 
44 44 
232 240 
236 248 
232 216 
232 972 
240 212 
236 212 
236 240 
232 240 
232 216 
232 256 
240 216 
232 208 
240 212 
236 212 
232 208 
232 212 
236 208 
236 252 
236 220 
232 208 
236 248 
232 212 
232 208 
232 208 
236 212 
240 220 
232 212 
228 44 
236 212 
244 232 
236 216 
232 216 
228 212 
232 212 
232 212 
240 212 
228 212 
240 268 
232 252 
252 212 
236 208 
228 236 
232 208 
236 208 
308 236 
232 240 
240 212 
240 236 
240 236 
232 244 
244 220 
236 208 
232 208 
552 208 
240 232 
236 216 
232 216 
232 208 
232 212 
236 208 
240 244 
236 212 
236 368 
232 216 
236 212 
232 240 
392 212 
236 216 
236 240 
236 232 
564 636 
232 628 
236 224 
236 240 
248 204 
232 212 
236 228 
232 208 
228 216 
216 236 
228 216 
232 212 
232 208 
236 244 
236 240 
236 208 
240 212 
236 208 
236 212 
228 212 
232 216 
240 212 
240 232 
236 252 
256 208 
232 204 
236 212 
228 212 
236 212 
232 236 
236 236 
236 244 
244 236 
240 212 
232 208 
236 216 
228 212 
232 220 
240 212 
232 264 
232 212 
236 216 
236 236 
232 232 
240 216 
228 216 
232 236 
236 264 
228 208 
232 208 
236 236 
236 220 
240 252 
232 212 
236 212 
236 212 
236 236 
224 212 
232 212 
232 212 
232 212 
240 324 
232 216 
240 216 
232 220 
236 236 
248 216 
264 216 
232 208 
332 212 
236 212 
236 212 
240 204 
236 208 
244 220 
240 244 
232 212 
232 216 
540 236 
232 216 
236 212 
236 208 
236 264 
240 212 
856 472 
244 220 
332 216 
232 396 
240 212 
236 216 
236 264 
232 212 
232 220 
232 208 
316 208 
212 220 
232 640 
232 220 
232 212 
236 216 
236 232 
236 216 
236 208 
236 240 
216 300 
236 216 
232 220 
236 212 
236 220 
280 208 
232 208 
232 288 
236 212 
232 256 
236 236 
236 208 
232 216 
232 236 
228 216 
236 236 
236 236 
236 240 
232 272 
236 236 
232 212 
232 212 
236 208 
236 212 
236 216 
236 220 
232 244 
232 268 
232 212 
236 224 
236 264 
232 216 
232 236 
228 212 
244 248 
0 0 
0 0 
232 208 
232 212 
232 216 
236 208 
228 220 
240 228 
236 244 
236 204 
236 208 
236 212 
628 240 
232 204 
232 236 
260 212 
232 204 
232 212 
236 212 
240 220 
236 220 
236 208 
232 212 
236 208 
236 228 
336 216 
232 236 
232 216 
228 212 
1064 236 
236 228 
240 212 
236 216 
240 216 
564 216 
236 232 
240 212 
232 212 
232 216 
232 212 
236 212 
236 240 
240 264 
232 416 
232 212 
228 216 
236 208 
232 208 
236 212 
240 260 
292 208 
204 248 
232 664 
240 208 
236 204 
232 208 
236 212 
232 216 
236 232 
236 236 
212 212 
232 216 
524 216 
240 240 
240 212 
244 228 
236 236 
236 252 
240 228 
236 204 
236 204 
232 212 
244 256 
236 240 
292 216 
44 44 
236 216 
236 212 
236 212 
240 232 
236 216 
232 212 
232 212 
236 216 
232 216 
236 208 
232 212 
236 236 
236 240 
228 228 
260 216 
240 212 
236 212 
236 212 
236 264 
236 212 
696 208 
240 248 
232 212 
276 212 
44 44 
228 208 
236 220 
236 208 
236 212 
228 244 
328 204 
232 220 
236 212 
236 220 
232 216 
228 212 
228 212 
240 264 
232 212 
232 212 
236 208 
236 212 
228 212 
236 220 
348 112 
228 208 
232 212 
236 212 
232 216 
236 204 
232 212 
236 212 
236 212 
544 236 
228 212 
236 212 
236 220 
232 212 
236 204 
236 232 
240 236 
224 236 
232 436 
236 208 
232 208 
228 208 
232 216 
232 204 
236 212 
236 208 
212 212 
240 612 
236 232 
232 244 
236 212 
236 212 
236 216 
252 212 
236 216 
212 232 
232 216 
232 208 
240 212 
236 248 
232 212 
236 212 
228 212 
228 208 
240 236 
236 244 
244 208 
236 212 
228 224 
228 208 
232 208 
232 216 
244 204 
240 212 
236 212 
236 208 
236 208 
236 236 
232 236 
232 216 
412 228 
232 236 
232 272 
232 212 
236 232 
256 212 
232 216 
236 220 
232 216 
236 216 
244 208 
240 220 
236 216 
232 212 
232 216 
236 228 
260 220 
236 236 
320 212 
232 208 
232 216 
240 216 
236 216 
236 216 
236 208 
236 236 
232 212 
328 228 
236 228 
236 212 
232 248 
228 212 
236 216 
232 212 
208 288 
372 212 
228 216 
232 212 
236 220 
236 204 
232 212 
236 216 
236 236 
240 232 
604 236 
232 208 
232 208 
232 212 
236 216 
236 232 
232 216 
236 240 
216 248 
236 444 
232 208 
236 236 
232 228 
228 216 
228 216 
232 212 
232 212 
208 212 
240 676 
232 208 
232 232 
232 220 
232 216 
240 224 
232 208 
236 216 
208 212 
232 212 
236 212 
248 208 
244 216 
232 252 
240 212 
240 208 
236 268 
232 220 
228 212 
232 236 
236 212 
232 216 
844 212 
236 212 
236 236 
232 204 
228 212 
232 212 
228 212 
232 212 
228 216 
232 212 
236 236 
232 212 
236 212 
240 212 
236 220 
236 212 
236 216 
236 236 
232 204 
236 216 
236 216 
236 236 
232 240 
232 236 
232 240 
236 212 
236 212 
236 216 
236 212 
236 216 
240 208 
236 216 
228 212 
236 216 
236 212 
236 244 
240 212 
236 208 
236 212 
232 208 
232 212 
236 232 
284 212 
228 216 
232 204 
232 208 
384 208 
228 236 
232 216 
236 212 
252 212 
232 212 
236 220 
232 216 
236 220 
640 208 
232 212 
236 220 
232 212 
232 208 
232 208 
240 208 
236 224 
216 212 
236 472 
232 216 
236 208 
196 216 
232 212 
232 212 
232 224 
236 236 
212 220 
240 720 
232 208 
228 216 
228 212 
240 208 
236 212 
232 236 
260 212 
208 204 
228 212 
236 256 
492 212 
240 236 
232 240 
236 216 
236 216 
236 208 
240 236 
240 240 
240 212 
232 208 
240 208 
236 208 
236 220 
228 216 
232 208 
232 208 
232 236 
244 212 
240 212 
44 208 
232 208 
236 212 
236 232 
240 208 
232 220 
236 236 
248 212 
232 208 
236 212 
236 216 
236 236 
232 236 
232 208 
236 372 
236 220 
244 236 
236 232 
232 216 
236 264 
240 236 
240 216 
236 220 
228 216 
236 208 
236 244 
232 204 
232 244 
48 44 
236 216 
236 212 
236 208 
232 228 
228 208 
236 212 
232 208 
232 212 
240 224 
404 216 
232 204 
236 216 
232 204 
232 236 
232 212 
232 204 
232 216 
264 212 
648 220 
236 224 
236 212 
232 208 
232 208 
236 216 
228 212 
236 212 
212 212 
236 44 
240 252 
236 240 
240 216 
232 236 
236 216 
240 232 
224 216 
220 1040 
228 212 
236 212 
228 220 
292 212 
236 208 
236 240 
240 240 
236 236 
232 264 
232 212 
236 212 
228 208 
236 216 
232 264 
224 216 
232 208 
240 208 
240 220 
244 232 
232 244 
228 212 
228 208 
236 212 
228 208 
232 208 
232 212 
240 212 
236 220 
236 224 
228 208 
236 204 
232 216 
232 224 
240 1008 
232 212 
240 208 
232 216 
240 260 
228 220 
236 212 
232 216 
232 208 
232 212 
236 216 
236 212 
232 236 
236 216 
232 216 
240 212 
236 232 
240 212 
236 256 
240 220 
244 212 
232 228 
240 212 
232 240 
236 208 
228 204 
196 220 
348 212 
228 216 
236 240 
232 216 
240 208 
236 212 
244 268 
228 208 
452 212 
296 216 
232 232 
232 220 
236 208 
232 208 
236 232 
236 236 
236 252 
676 236 
252 208 
232 208 
232 208 
232 232 
228 212 
280 212 
232 212 
360 212 
236 524 
240 224 
232 208 
228 208 
428 212 
236 232 
232 268 
236 248 
236 244 
236 224 
232 208 
236 232 
228 212 
240 216 
232 212 
232 212 
228 212 
220 208 
240 232 
232 244 
236 248 
240 212 
236 208 
228 216 
228 212 
236 212 
240 236 
232 212 
240 220 
236 212 
232 236 
232 948 
232 212 
236 216 
232 212 
240 236 
244 212 
236 204 
236 236 
236 212 
228 220 
236 220 
236 208 
236 216 
236 204 
228 208 
236 212 
232 216 
236 212 
244 236 
240 208 
384 212 
240 260 
236 236 
236 260 
228 212 
236 212 
228 212 
428 216 
236 208 
232 212 
228 208 
236 216 
232 224 
228 212 
272 208 
236 212 
236 212 
232 220 
236 208 
236 216 
236 220 
232 216 
232 212 
232 208 
240 220 
232 232 
472 212 
236 220 
232 232 
256 208 
236 216 
232 212 
228 212 
236 240 
232 208 
684 220 
272 216 
228 208 
232 216 
232 208 
236 212 
236 204 
240 208 
228 212 
232 548 
232 212 
240 208 
240 232 
232 212 
228 236 
240 216 
236 212 
324 216 
232 208 
240 224 
236 212 
224 220 
228 224 
236 208 
240 220 
236 240 
248 212 
236 212 
236 212 
236 332 
236 216 
236 260 
232 212 
236 216 
236 224 
228 208 
228 208 
232 212 
236 216 
232 212 
236 212 
232 216 
232 212 
232 208 
236 212 
236 260 
240 232 
240 264 
240 212 
232 220 
236 208 
236 216 
236 264 
232 240 
232 216 
236 216 
236 240 
264 216 
228 212 
236 268 
232 216 
232 208 
840 224 
232 212 
236 216 
232 236 
236 204 
328 212 
232 216 
228 208 
232 212 
232 216 
232 224 
240 256 
228 220 
228 208 
240 228 
44 44 
232 220 
240 256 
240 228 
236 244 
240 264 
240 236 
240 236 
236 240 
460 228 
236 212 
240 212 
232 208 
228 212 
236 212 
232 216 
236 208 
232 212 
736 212 
948 240 
240 228 
236 212 
228 216 
236 208 
236 216 
232 216 
204 212 
228 568 
236 212 
232 208 
236 264 
44 44 
232 212 
236 212 
236 204 
216 216 
232 1012 
232 212 
232 208 
236 212 
240 224 
236 212 
240 216 
236 232 
228 228 
228 212 
232 208 
244 212 
236 208 
232 216 
236 212 
232 212 
236 236 
232 216 
236 240 
228 220 
232 220 
228 208 
236 228 
240 220 
240 216 
256 208 
240 44 
232 208 
240 240 
232 232 
236 236 
228 212 
232 224 
232 236 
236 212 
228 216 
232 212 
276 216 
236 212 
232 216 
240 208 
236 256 
232 248 
228 216 
228 212 
232 212 
232 212 
236 216 
240 236 
260 216 
240 208 
236 212 
240 212 
236 220 
240 208 
232 212 
236 220 
244 212 
236 264 
252 216 
228 216 
228 224 
228 212 
232 212 
236 240 
232 216 
232 208 
932 220 
496 268 
236 212 
236 212 
224 220 
236 216 
240 236 
240 224 
232 248 
232 236 
740 220 
248 212 
236 224 
236 236 
240 236 
232 212 
232 208 
240 212 
220 212 
236 536 
232 212 
236 208 
236 212 
236 220 
236 216 
236 208 
236 212 
212 216 
232 208 
232 212 
232 212 
236 236 
244 264 
236 216 
240 212 
236 216 
232 220 
236 236 
232 208 
232 216 
236 208 
232 212 
236 228 
312 208 
228 208 
232 220 
232 208 
236 216 
240 216 
236 208 
232 208 
236 212 
240 208 
232 212 
240 212 
236 216 
232 208 
232 208 
240 216 
236 252 
232 240 
232 216 
232 212 
232 208 
228 216 
236 216 
232 224 
228 208 
236 208 
232 216 
236 216 
236 216 
304 216 
232 212 
228 244 
232 208 
232 252 
240 232 
240 232 
236 212 
232 216 
236 220 
236 208 
228 208 
1072 216 
240 240 
232 216 
276 232 
236 216 
232 248 
240 216 
232 224 
236 216 
232 212 
240 208 
236 220 
500 208 
232 216 
232 212 
232 212 
240 212 
236 240 
236 224 
228 212 
236 252 
704 204 
248 212 
232 208 
236 212 
236 216 
236 224 
232 248 
232 216 
324 224 
232 596 
236 208 
240 212 
244 212 
240 236 
236 204 
236 208 
276 220 
220 236 
232 224 
232 212 
228 212 
232 212 
236 212 
236 228 
232 248 
240 208 
236 212 
240 232 
240 216 
244 216 
236 236 
236 216 
232 208 
264 288 
236 216 
236 228 
240 268 
236 236 
232 208 
232 208 
232 212 
232 268 
232 228 
228 212 
232 204 
232 208 
660 204 
232 216 
232 208 
232 232 
232 276 
232 216 
236 216 
228 224 
232 236 
236 272 
232 224 
240 212 
240 208 
236 240 
224 212 
224 212 
236 212 
884 220 
232 212 
236 212 
232 268 
240 216 
232 204 
228 216 
236 204 
232 216 
236 224 
232 204 
232 204 
236 208 
240 236 
284 208 
232 212 
236 208 
236 204 
228 216 
232 212 
236 208 
240 212 
240 236 
524 216 
232 208 
236 240 
236 208 
244 204 
236 212 
240 208 
232 208 
240 212 
240 392 
548 208 
232 208 
592 208 
232 212 
232 216 
256 224 
236 208 
212 220 
232 612 
292 240 
240 260 
240 240 
232 208 
236 212 
236 248 
244 216 
40 44 
240 244 
240 216 
236 212 
236 220 
284 212 
240 212 
236 208 
236 216 
236 236 
232 232 
236 212 
236 216 
232 220 
240 212 
236 240 
232 208 
236 216 
588 216 
232 216 
236 212 
236 216 
232 248 
232 212 
232 208 
232 212 
232 240 
236 236 
232 80 
48 48 
228 252 
228 208 
232 212 
236 220 
232 216 
232 216 
232 216 
232 216 
228 208 
236 240 
236 212 
232 212 
236 212 
232 212 
232 216 
236 212 
236 236 
236 236 
240 216 
232 212 
232 260 
236 216 
236 212 
232 220 
248 216 
232 216 
236 220 
236 44 
232 208 
236 236 
284 232 
232 208 
232 220 
256 208 
232 208 
236 212 
232 208 
236 216 
232 216 
544 240 
232 224 
228 212 
236 236 
236 256 
336 212 
232 220 
232 216 
228 212 
240 384 
236 212 
268 212 
236 208 
240 220 
236 252 
228 216 
236 212 
212 212 
228 620 
304 216 
232 212 
244 212 
236 212 
228 216 
236 208 
236 212 
216 236 
228 212 
236 208 
232 212 
240 220 
236 244 
236 208 
484 212 
232 240 
232 212 
240 216 
232 204 
232 208 
236 212 
232 240 
232 268 
236 240 
232 212 
236 216 
236 224 
240 232 
232 228 
232 248 
232 204 
228 208 
236 212 
236 240 
236 216 
236 212 
232 216 
244 264 
272 216 
232 212 
228 212 
228 216 
240 212 
228 208 
236 268 
236 216 
232 208 
228 212 
236 216 
228 212 
232 208 
240 216 
236 212 
236 212 
248 220 
232 240 
244 212 
236 220 
236 212 
236 216 
232 216 
232 212 
232 256 
236 268 
248 232 
232 208 
236 252 
324 212 
232 212 
236 212 
236 224 
232 208 
232 244 
260 212 
236 216 
236 212 
584 216 
236 216 
236 208 
232 228 
232 212 
240 228 
236 216 
232 240 
236 220 
232 376 
232 232 
232 212 
240 212 
236 212 
236 240 
236 252 
236 220 
216 220 
232 664 
232 216 
236 208 
240 236 
292 220 
232 212 
232 224 
228 220 
212 216 
232 208 
236 228 
236 224 
236 212 
236 216 
236 212 
240 208 
240 216 
236 220 
244 304 
236 208 
232 208 
232 260 
236 212 
228 208 
424 208 
232 236 
236 216 
232 212 
232 212 
236 204 
236 216 
232 256 
228 212 
232 264 
236 216 
228 212 
232 212 
240 216 
232 212 
232 204 
232 216 
232 208 
232 208 
248 212 
248 224 
236 260 
228 212 
228 208 
236 220 
232 220 
232 264 
228 212 
244 208 
232 208 
404 208 
240 216 
236 220 
232 264 
236 220 
232 212 
228 212 
232 216 
232 256 
240 208 
232 208 
228 216 
236 232 
240 220 
372 212 
232 216 
232 208 
220 208 
232 208 
236 216 
240 216 
240 216 
236 220 
612 220 
232 212 
232 208 
236 236 
228 224 
228 216 
228 220 
232 208 
232 212 
232 476 
236 208 
396 268 
236 212 
228 208 
240 260 
236 216 
232 232 
228 216 
228 664 
232 212 
232 204 
232 208 
236 212 
236 216 
236 236 
228 224 
212 208 
240 208 
236 216 
236 264 
232 212 
232 216 
236 224 
236 252 
236 204 
232 216 
240 212 
232 216 
280 212 
232 212 
232 212 
236 208 
236 224 
232 208 
236 596 
232 208 
236 236 
236 208 
232 204 
228 208 
236 212 
232 216 
232 208 
232 208 
232 208 
236 212 
240 216 
228 220 
236 256 
232 216 
236 236 
232 220 
232 240 
44 212 
240 240 
240 252 
232 212 
236 220 
232 256 
232 212 
232 208 
236 216 
236 216 
232 212 
228 212 
232 228 
236 216 
244 236 
232 236 
236 224 
236 212 
236 216 
320 212 
224 216 
264 268 
232 212 
364 212 
232 256 
236 212 
228 208 
232 212 
288 212 
240 212 
236 208 
44 48 
636 256 
252 208 
232 208 
232 212 
236 216 
236 240 
236 216 
236 212 
212 208 
236 436 
236 256 
236 212 
232 212 
236 216 
236 212 
236 208 
228 212 
208 212 
236 688 
236 208 
232 48 
240 212 
232 216 
236 268 
232 260 
236 220 
216 212 
236 220 
240 212 
236 236 
228 216 
228 216 
232 224 
236 924 
232 216 
236 208 
236 216 
232 208 
244 216 
232 208 
232 216 
236 244 
240 236 
236 240 
232 232 
236 240 
308 212 
236 212 
236 212 
232 232 
236 212 
236 232 
232 252 
236 212 
236 232 
232 220 
240 208 
236 216 
240 212 
240 208 
240 256 
232 236 
268 212 
236 224 
236 208 
240 216 
240 208 
340 204 
232 212 
232 208 
236 212 
236 220 
236 236 
236 216 
236 216 
232 216 
236 216 
236 212 
228 212 
232 216 
232 212 
236 212 
236 236 
232 232 
236 212 
252 228 
400 208 
236 216 
236 220 
232 220 
232 256 
236 212 
340 228 
232 204 
240 208 
640 220 
236 216 
236 240 
232 272 
232 248 
236 208 
228 216 
236 220 
208 208 
232 476 
236 216 
236 220 
236 212 
236 240 
236 268 
244 216 
232 208 
216 208 
236 688 
236 216 
236 212 
232 208 
236 932 
240 236 
232 260 
240 248 
220 236 
236 260 
236 216 
232 212 
232 212 
232 212 
232 212 
232 240 
236 240 
236 208 
236 220 
240 212 
328 212 
232 232 
240 212 
232 232 
252 208 
236 208 
232 212 
240 216 
236 224 
280 212 
236 232 
256 216 
236 216 
260 208 
240 208 
236 212 
272 216 
232 208 
220 212 
240 224 
236 244 
236 212 
228 212 
336 212 
236 212 
228 212 
232 216 
232 212 
232 208 
236 240 
248 204 
236 232 
240 236 
232 216 
240 240 
236 236 
232 228 
260 220 
236 212 
228 216 
240 212 
232 212 
236 212 
232 216 
236 236 
232 208 
240 216 
236 240 
408 212 
236 212 
228 228 
236 236 
240 216 
236 212 
232 240 
236 208 
240 212 
620 216 
236 208 
236 240 
240 212 
228 212 
228 208 
236 216 
232 236 
216 212 
240 432 
232 208 
244 1124 
232 208 
236 208 
236 240 
236 216 
240 204 
216 236 
240 764 
228 232 
236 208 
232 288 
232 208 
236 224 
228 212 
232 212 
216 212 
236 236 
232 208 
236 208 
236 220 
236 212 
232 212 
240 228 
228 212 
236 232 
228 212 
232 204 
232 208 
236 212 
236 220 
252 212 
268 224 
232 216 
592 208 
240 212 
228 216 
236 212 
236 216 
236 216 
232 260 
232 212 
232 204 
228 220 
232 208 
244 216 
232 212 
232 212 
240 204 
240 212 
232 220 
228 208 
228 216 
236 228 
232 212 
232 208 
236 216 
236 212 
240 232 
232 212 
232 216 
240 212 
236 232 
332 216 
232 212 
236 268 
240 216 
216 220 
896 264 
232 208 
236 236 
232 216 
232 208 
232 212 
236 208 
236 212 
460 220 
232 208 
236 216 
232 212 
256 212 
232 212 
232 208 
232 212 
48 52 
1552 256 
240 236 
236 260 
236 256 
236 216 
236 216 
228 212 
236 212 
212 220 
236 532 
228 216 
240 212 
236 212 
236 208 
236 224 
232 216 
236 244 
212 208 
388 496 
236 216 
232 240 
236 264 
232 208 
236 216 
236 236 
236 212 
236 212 
236 212 
44 48 
236 216 
260 212 
232 216 
228 212 
340 216 
232 212 
232 236 
228 212 
232 208 
240 204 
232 212 
236 212 
236 212 
304 212 
244 208 
236 204 
236 212 
236 208 
232 212 
232 208 
232 212 
232 236 
236 236 
236 216 
228 208 
232 208 
232 212 
232 48 
232 216 
228 212 
276 220 
232 212 
236 212 
236 244 
228 216 
236 240 
236 240 
232 212 
772 216 
232 208 
236 224 
236 220 
236 244 
240 236 
232 216 
236 212 
232 212 
236 212 
220 220 
240 208 
232 216 
228 208 
236 240 
236 216 
240 232 
240 208 
232 212 
452 216 
236 208 
236 240 
320 216 
236 252 
252 216 
232 208 
236 208 
236 212 
700 212 
240 212 
232 268 
240 212 
236 216 
232 240 
240 216 
240 236 
216 208 
240 508 
236 232 
236 236 
244 208 
232 224 
236 208 
240 208 
228 216 
208 232 
236 212 
236 212 
236 216 
252 208 
236 252 
232 212 
232 236 
232 240 
236 228 
232 208 
236 212 
236 236 
232 244 
232 236 
236 220 
236 244 
248 216 
236 236 
232 252 
236 212 
228 216 
236 236 
236 264 
292 212 
232 212 
232 236 
236 224 
232 208 
236 212 
236 236 
232 224 
236 236 
232 244 
236 216 
236 212 
324 212 
232 264 
232 204 
296 220 
236 204 
232 216 
236 208 
232 264 
236 212 
236 240 
236 236 
232 220 
240 216 
240 212 
240 240 
236 212 
232 212 
236 232 
236 240 
240 208 
232 212 
228 212 
236 220 
240 216 
244 216 
228 216 
228 212 
232 216 
236 220 
232 220 
236 236 
256 212 
232 208 
480 204 
236 216 
236 236 
236 224 
236 208 
236 212 
236 212 
236 240 
344 212 
708 212 
232 220 
240 204 
236 212 
236 212 
228 212 
232 212 
232 212 
212 224 
232 572 
236 216 
236 228 
228 212 
236 212 
232 212 
232 212 
232 208 
212 208 
236 236 
236 244 
240 236 
232 208 
232 260 
236 212 
236 212 
236 236 
236 236 
236 232 
272 236 
236 220 
240 212 
248 212 
232 244 
232 212 
236 212 
232 208 
236 216 
244 208 
236 236 
232 220 
236 252 
232 208 
332 312 
228 208 
236 208 
880 216 
236 212 
228 212 
228 212 
232 212 
232 224 
232 208 
232 208 
236 236 
236 236 
228 244 
232 224 
236 224 
240 212 
240 208 
236 240 
236 212 
240 212 
240 220 
232 228 
240 232 
260 212 
228 216 
236 212 
232 216 
232 208 
232 252 
232 208 
240 220 
236 216 
236 216 
228 208 
260 212 
448 220 
292 216 
236 232 
264 216 
244 212 
228 216 
236 212 
236 232 
488 216 
236 248 
232 216 
236 216 
244 240 
264 216 
236 212 
228 220 
228 204 
724 216 
236 216 
236 236 
220 236 
0 0 
44 52 
228 44 
232 228 
212 216 
228 620 
228 192 
236 236 
240 212 
228 220 
232 208 
232 208 
240 216 
244 216 
236 212 
236 240 
240 236 
248 216 
232 216 
240 204 
236 236 
232 212 
228 216 
236 216 
228 212 
236 232 
232 212 
236 216 
240 208 
240 208 
232 224 
232 216 
236 208 
228 264 
232 248 
236 236 
236 212 
432 212 
232 220 
232 216 
240 212 
236 244 
248 216 
240 212 
236 212 
236 244 
236 208 
228 220 
240 220 
236 212 
280 228 
232 212 
236 216 
232 212 
252 252 
236 212 
232 212 
240 216 
236 216 
232 216 
232 216 
236 236 
268 208 
228 216 
232 208 
236 204 
232 212 
244 228 
236 212 
236 232 
236 208 
232 216 
232 208 
264 208 
236 236 
232 216 
236 208 
236 216 
240 212 
240 212 
236 240 
232 252 
488 260 
232 208 
236 212 
236 216 
232 216 
232 248 
232 228 
236 216 
232 216 
236 368 
236 236 
236 216 
240 208 
236 208 
268 212 
388 220 
232 236 
216 216 
236 580 
236 212 
232 264 
232 236 
232 220 
228 232 
236 244 
236 232 
220 216 
240 212 
232 216 
232 208 
236 212 
248 212 
240 228 
236 220 
240 216 
240 252 
236 212 
232 216 
236 240 
240 212 
236 248 
236 216 
236 240 
228 212 
232 212 
236 272 
232 216 
228 212 
240 216 
216 240 
232 220 
240 212 
232 212 
244 212 
232 260 
324 224 
236 220 
232 204 
240 216 
236 260 
236 252 
240 240 
232 216 
236 224 
232 212 
232 216 
228 212 
228 284 
236 208 
236 256 
236 208 
228 212 
228 212 
236 236 
236 220 
236 260 
236 208 
236 220 
232 260 
260 212 
228 216 
232 208 
232 208 
244 224 
236 212 
48 52 
304 236 
236 268 
232 212 
224 212 
232 216 
236 212 
236 208 
236 212 
240 216 
528 212 
228 220 
228 212 
236 236 
472 220 
236 220 
232 220 
236 216 
236 216 
236 412 
236 248 
232 220 
232 252 
232 208 
232 208 
236 216 
240 216 
220 208 
40 44 
232 216 
232 212 
240 212 
232 208 
236 236 
248 228 
228 216 
208 212 
228 212 
232 212 
236 216 
240 264 
232 216 
232 236 
232 232 
232 208 
232 212 
240 244 
240 236 
232 236 
228 208 
248 216 
236 208 
228 208 
232 208 
348 216 
232 228 
236 208 
232 40 
232 220 
236 212 
236 220 
232 216 
236 216 
244 236 
228 212 
236 248 
228 212 
232 236 
232 236 
232 212 
236 208 
232 208 
236 212 
236 212 
232 216 
236 212 
236 264 
232 216 
232 212 
228 212 
244 212 
228 256 
232 204 
236 212 
236 208 
232 208 
232 240 
228 216 
232 208 
236 260 
232 236 
232 208 
232 208 
240 208 
240 212 
236 216 
320 212 
236 216 
420 212 
240 212 
232 212 
236 212 
232 208 
236 220 
236 228 
576 208 
236 216 
232 212 
292 212 
232 212 
232 208 
236 212 
236 212 
232 212 
236 416 
232 204 
236 212 
236 212 
236 216 
228 208 
240 212 
232 216 
216 232 
248 576 
232 212 
232 240 
236 212 
240 236 
240 212 
236 224 
236 216 
216 1036 
228 208 
236 212 
236 268 
236 240 
232 236 
236 244 
236 208 
232 216 
236 236 
236 216 
232 208 
236 232 
240 212 
224 216 
236 216 
232 212 
232 208 
236 208 
268 208 
232 212 
236 212 
236 212 
236 216 
236 216 
232 212 
232 204 
236 212 
232 248 
228 224 
232 212 
236 212 
232 208 
236 220 
236 208 
272 228 
232 216 
236 216 
236 208 
240 208 
236 212 
236 220 
232 224 
236 212 
236 240 
232 212 
236 220 
228 216 
240 216 
240 220 
1300 204 
240 212 
232 208 
236 212 
232 208 
240 212 
232 212 
232 208 
236 208 
240 264 
352 212 
236 208 
236 208 
236 232 
240 204 
236 232 
240 212 
228 208 
232 208 
528 212 
236 212 
232 236 
236 224 
240 212 
232 216 
240 212 
232 220 
236 268 
236 408 
236 212 
240 204 
232 228 
236 220 
236 208 
236 984 
228 216 
216 208 
236 664 
236 244 
344 216 
228 212 
228 212 
236 212 
240 208 
232 208 
216 208 
240 216 
240 232 
232 260 
240 248 
232 324 
232 212 
236 212 
232 236 
240 256 
232 216 
236 220 
236 216 
228 216 
236 212 
232 212 
236 216 
236 212 
236 236 
232 244 
232 208 
388 212 
236 252 
240 212 
240 376 
236 208 
236 216 
232 232 
232 220 
236 236 
236 264 
232 260 
236 216 
236 236 
236 208 
236 212 
244 208 
232 216 
240 212 
236 212 
232 256 
232 216 
232 212 
232 220 
236 236 
228 212 
232 208 
284 212 
232 212 
236 212 
236 212 
236 208 
236 216 
236 212 
236 216 
232 212 
232 224 
360 212 
236 208 
236 216 
364 216 
232 212 
236 240 
236 244 
232 208 
228 216 
232 208 
240 256 
236 212 
608 212 
236 232 
236 212 
240 216 
1128 216 
236 236 
236 256 
232 212 
232 212 
232 420 
232 216 
240 220 
244 216 
236 216 
236 216 
240 212 
228 208 
212 212 
236 680 
232 216 
236 208 
240 212 
236 208 
236 212 
240 216 
236 216 
44 44 
236 244 
236 212 
232 212 
232 212 
236 208 
244 212 
232 212 
236 236 
228 208 
236 208 
240 208 
236 212 
236 212 
232 216 
240 220 
236 220 
236 212 
232 220 
236 208 
44 48 
236 208 
240 216 
236 216 
240 216 
232 216 
232 260 
232 224 
244 216 
232 240 
228 216 
228 252 
232 212 
236 232 
284 208 
232 212 
232 208 
236 212 
232 220 
236 212 
236 220 
236 232 
236 224 
240 212 
224 224 
236 208 
236 260 
236 240 
236 236 
236 256 
232 208 
236 212 
236 216 
232 48 
236 236 
236 236 
236 216 
236 420 
240 216 
236 228 
376 216 
236 224 
228 992 
236 204 
228 208 
236 224 
236 264 
236 244 
232 216 
624 224 
236 212 
228 212 
232 212 
236 216 
232 208 
340 212 
236 220 
268 236 
232 456 
232 224 
236 224 
228 212 
232 208 
340 212 
240 268 
232 228 
208 212 
236 680 
236 252 
232 208 
236 212 
264 216 
236 212 
228 208 
236 232 
704 208 
236 212 
240 236 
232 212 
236 208 
284 212 
284 212 
232 216 
236 208 
240 216 
236 236 
468 212 
236 212 
236 216 
236 212 
232 224 
236 216 
236 240 
236 256 
236 232 
228 212 
232 212 
236 212 
244 204 
248 212 
232 216 
236 212 
236 216 
232 216 
232 212 
236 208 
232 208 
224 240 
232 212 
776 236 
236 212 
232 248 
232 212 
236 212 
236 224 
240 216 
236 248 
232 212 
236 236 
244 216 
236 216 
232 224 
232 212 
232 212 
236 208 
236 236 
800 220 
236 212 
236 208 
232 232 
240 236 
232 204 
232 212 
236 212 
232 228 
392 236 
240 220 
232 216 
240 212 
240 212 
232 208 
228 212 
236 236 
216 216 
632 228 
236 216 
236 212 
244 260 
232 232 
232 220 
232 220 
232 244 
212 208 
232 492 
232 212 
236 212 
236 204 
232 212 
240 220 
236 236 
236 228 
488 216 
236 724 
232 216 
236 248 
260 212 
232 296 
236 216 
232 216 
236 220 
216 228 
236 216 
232 236 
232 212 
236 236 
412 216 
232 208 
244 216 
248 216 
236 228 
236 224 
228 216 
240 232 
232 216 
232 212 
240 208 
240 236 
232 240 
236 236 
228 208 
236 212 
236 212 
236 236 
708 232 
236 264 
232 212 
236 224 
232 212 
232 252 
232 216 
240 240 
236 228 
232 208 
240 212 
236 208 
232 212 
232 212 
236 224 
236 212 
236 216 
236 240 
232 212 
240 212 
232 208 
236 216 
232 212 
232 224 
232 212 
244 212 
236 204 
236 264 
236 288 
236 224 
228 208 
232 232 
236 212 
236 216 
236 308 
232 216 
232 232 
396 220 
236 216 
328 216 
232 216 
240 212 
240 236 
232 212 
232 204 
276 244 
516 220 
236 208 
240 216 
232 212 
240 212 
236 232 
248 208 
232 228 
208 208 
244 496 
360 216 
236 208 
236 236 
232 236 
232 212 
232 212 
236 208 
296 220 
232 256 
232 236 
232 216 
260 220 
236 212 
240 212 
240 236 
276 212 
220 220 
236 256 
224 212 
232 208 
236 216 
232 208 
236 268 
240 212 
236 260 
228 216 
232 208 
236 224 
980 216 
232 208 
236 212 
44 44 
236 208 
232 216 
240 236 
236 252 
228 220 
228 208 
236 212 
240 212 
236 240 
236 216 
236 212 
232 236 
232 212 
236 252 
232 268 
236 220 
240 216 
228 216 
232 232 
236 212 
228 212 
236 220 
232 204 
240 236 
236 240 
232 252 
168 52 
228 204 
232 236 
236 236 
236 212 
236 208 
236 208 
232 256 
236 216 
220 220 
232 264 
232 216 
232 212 
232 260 
236 216 
232 212 
236 216 
236 232 
424 208 
236 212 
244 216 
232 216 
236 264 
364 212 
244 244 
236 212 
236 236 
676 268 
236 216 
388 212 
236 40 
236 212 
228 208 
236 236 
236 236 
216 236 
228 536 
440 212 
232 212 
232 204 
236 220 
232 216 
236 216 
236 212 
216 244 
232 208 
236 212 
228 208 
232 220 
236 240 
228 208 
232 220 
232 208 
220 212 
708 536 
240 212 
232 212 
240 208 
244 216 
232 240 
256 212 
232 220 
236 248 
240 212 
236 236 
232 208 
232 208 
240 220 
236 212 
236 220 
236 236 
232 212 
232 216 
268 232 
232 208 
240 236 
348 208 
236 216 
236 240 
232 256 
244 212 
232 204 
240 216 
236 208 
232 216 
232 208 
236 244 
348 208 
236 212 
232 208 
236 216 
244 212 
228 212 
232 232 
236 212 
240 208 
240 208 
236 208 
232 248 
228 216 
236 216 
240 232 
232 212 
236 212 
228 220 
236 228 
240 268 
240 220 
228 212 
232 212 
260 232 
232 212 
236 224 
420 212 
236 208 
236 240 
236 252 
236 220 
236 212 
240 272 
240 212 
372 208 
684 212 
232 208 
264 268 
228 208 
236 236 
236 264 
232 224 
232 216 
208 208 
236 548 
228 216 
232 220 
240 216 
236 228 
236 216 
236 1124 
304 208 
208 208 
236 208 
232 216 
232 204 
228 212 
232 212 
232 212 
232 216 
232 236 
244 240 
228 216 
240 212 
232 232 
228 208 
236 220 
232 240 
232 216 
236 212 
232 216 
236 208 
236 216 
228 212 
228 208 
236 212 
236 216 
236 204 
232 212 
232 208 
236 212 
236 252 
320 208 
232 212 
240 216 
236 212 
228 208 
240 220 
228 216 
232 228 
228 208 
232 212 
236 208 
236 204 
228 204 
232 212 
232 236 
236 216 
232 216 
232 216 
236 208 
240 216 
236 216 
236 216 
232 208 
236 216 
240 208 
232 212 
232 216 
236 224 
236 212 
236 212 
256 216 
232 204 
236 212 
236 208 
240 212 
236 236 
212 212 
232 212 
228 228 
484 212 
236 212 
236 220 
232 208 
236 208 
236 212 
232 212 
240 228 
236 212 
724 212 
232 236 
228 236 
232 216 
480 212 
240 236 
236 264 
240 216 
216 236 
236 552 
232 216 
232 212 
240 236 
232 244 
236 220 
232 216 
232 212 
216 216 
232 220 
228 220 
232 244 
336 216 
240 208 
236 216 
236 216 
232 244 
232 220 
232 236 
228 212 
232 212 
236 208 
236 212 
332 204 
232 208 
232 216 
232 212 
236 208 
240 212 
236 516 
236 216 
240 212 
232 252 
228 208 
232 208 
232 236 
236 208 
236 220 
236 208 
232 236 
232 216 
232 216 
236 204 
236 216 
400 208 
232 216 
232 228 
236 212 
228 224 
236 244 
232 240 
236 224 
232 208 
236 208 
48 48 
232 216 
228 208 
232 212 
240 208 
300 208 
236 208 
236 212 
236 208 
448 212 
240 212 
232 212 
240 208 
236 212 
248 220 
232 216 
236 208 
232 212 
232 240 
232 216 
112 44 
240 228 
232 212 
500 216 
240 216 
236 228 
268 220 
236 204 
236 224 
240 232 
236 216 
244 336 
684 228 
232 236 
232 236 
252 208 
236 208 
228 212 
248 216 
236 212 
220 48 
244 564 
232 208 
236 236 
240 248 
236 232 
244 220 
228 216 
228 212 
212 208 
232 216 
240 208 
240 236 
236 208 
236 220 
240 248 
236 212 
244 232 
236 236 
236 212 
232 216 
232 216 
236 260 
228 216 
232 204 
236 260 
236 228 
240 212 
256 208 
236 228 
232 232 
240 236 
240 216 
236 208 
232 212 
240 208 
232 248 
232 212 
236 212 
244 212 
232 212 
240 212 
236 212 
228 228 
228 212 
236 236 
232 244 
236 208 
236 212 
232 216 
240 208 
232 212 
240 208 
220 208 
236 216 
232 208 
236 216 
236 216 
232 208 
232 208 
236 248 
240 208 
236 208 
236 216 
236 272 
232 304 
236 320 
232 228 
224 208 
276 216 
232 212 
232 212 
232 212 
232 216 
236 212 
232 224 
228 204 
232 212 
500 212 
236 240 
232 236 
240 208 
240 208 
236 220 
240 212 
232 208 
228 900 
744 264 
236 236 
236 212 
232 216 
228 208 
236 212 
240 236 
232 232 
300 220 
232 616 
232 216 
228 216 
236 216 
232 220 
236 216 
228 208 
228 212 
224 216 
236 244 
236 212 
232 208 
232 212 
236 240 
232 224 
228 240 
240 212 
260 216 
236 208 
232 208 
232 216 
232 208 
236 216 
240 236 
232 212 
236 216 
240 216 
412 212 
240 216 
232 212 
232 212 
232 248 
232 212 
232 208 
236 232 
232 204 
232 208 
236 232 
236 212 
236 220 
1164 216 
240 216 
236 212 
236 220 
232 212 
232 208 
232 220 
236 212 
236 212 
232 208 
224 208 
232 220 
236 208 
232 208 
236 236 
232 212 
236 216 
236 248 
232 212 
236 212 
236 212 
236 232 
232 244 
232 208 
228 208 
236 220 
240 212 
232 212 
292 216 
240 240 
236 252 
232 212 
236 212 
236 224 
1224 212 
248 216 
236 256 
536 208 
236 212 
236 236 
240 232 
240 216 
248 212 
232 208 
236 216 
232 212 
236 364 
228 216 
296 212 
236 228 
232 216 
236 232 
236 216 
236 224 
208 216 
236 608 
228 212 
236 236 
236 244 
232 220 
232 216 
236 220 
232 212 
208 212 
232 228 
236 212 
232 240 
232 212 
236 212 
232 216 
240 204 
232 208 
232 216 
236 236 
236 236 
236 220 
236 268 
236 216 
232 216 
236 236 
236 204 
236 232 
244 216 
232 212 
240 216 
232 212 
236 232 
228 212 
232 208 
232 216 
232 208 
232 208 
228 276 
236 212 
228 212 
232 212 
232 216 
228 212 
232 220 
236 208 
228 216 
44 44 
228 212 
240 204 
232 212 
236 212 
236 216 
236 232 
232 216 
232 208 
228 212 
236 216 
232 216 
232 216 
228 216 
240 212 
228 208 
236 208 
1012 224 
236 212 
228 216 
356 208 
236 264 
300 216 
228 212 
236 212 
236 256 
232 216 
80 44 
236 212 
232 232 
244 228 
568 216 
236 236 
228 220 
232 244 
236 216 
236 212 
228 220 
236 256 
236 204 
232 416 
240 212 
240 216 
264 216 
232 212 
240 208 
240 48 
232 252 
216 236 
232 600 
236 216 
232 216 
232 236 
224 232 
232 208 
240 212 
236 208 
208 208 
236 212 
236 232 
228 248 
232 216 
236 228 
240 212 
232 216 
236 216 
236 208 
236 240 
228 212 
236 224 
228 208 
232 236 
232 204 
236 212 
232 212 
296 208 
232 212 
236 212 
236 216 
228 216 
232 204 
232 212 
228 308 
240 236 
232 212 
228 212 
232 212 
236 232 
240 236 
236 212 
240 216 
236 232 
232 208 
236 220 
232 216 
232 212 
232 212 
240 204 
240 204 
236 216 
232 212 
236 980 
228 216 
236 220 
228 212 
236 220 
236 236 
236 216 
236 212 
236 240 
232 216 
236 212 
232 212 
232 212 
240 232 
272 232 
232 208 
332 236 
232 208 
232 208 
236 212 
236 236 
256 208 
232 212 
244 240 
236 236 
588 232 
236 212 
548 208 
236 208 
232 212 
228 216 
236 216 
232 216 
608 216 
236 404 
228 228 
232 212 
232 212 
232 208 
236 216 
232 248 
240 212 
268 208 
240 672 
236 212 
236 208 
236 208 
228 224 
244 212 
232 208 
232 208 
216 212 
236 232 
236 216 
236 212 
236 240 
252 212 
232 220 
236 208 
228 212 
236 236 
240 216 
236 208 
244 212 
240 236 
236 268 
268 212 
584 264 
228 212 
232 212 
236 216 
236 236 
236 220 
236 216 
240 212 
244 216 
232 208 
240 212 
236 220 
232 204 
232 212 
236 212 
256 212 
232 216 
1120 256 
232 220 
236 220 
232 268 
232 212 
232 216 
236 216 
228 208 
232 208 
232 252 
236 208 
232 212 
232 240 
328 212 
236 248 
236 220 
236 224 
232 212 
236 208 
236 208 
232 240 
232 212 
228 212 
236 212 
236 216 
232 224 
236 232 
324 212 
228 212 
236 216 
236 220 
228 212 
240 212 
240 240 
232 212 
236 212 
616 208 
236 212 
240 212 
236 212 
236 228 
232 212 
236 212 
236 224 
224 212 
236 444 
232 236 
236 212 
232 208 
232 212 
236 212 
240 212 
236 208 
208 256 
236 680 
228 212 
236 216 
236 216 
236 208 
236 212 
236 208 
236 216 
212 212 
228 212 
232 268 
232 212 
236 208 
620 216 
232 212 
360 212 
232 216 
232 216 
472 212 
260 216 
232 208 
232 216 
236 212 
236 216 
232 212 
232 216 
232 208 
236 236 
236 320 
228 212 
236 248 
236 208 
232 216 
232 208 
236 212 
232 208 
280 288 
236 212 
232 216 
236 208 
228 208 
232 212 
236 256 
232 208 
236 240 
240 212 
236 220 
240 216 
236 232 
232 208 
236 212 
236 212 
240 260 
236 236 
48 48 
228 216 
232 216 
232 224 
236 212 
236 212 
236 220 
236 252 
236 248 
468 216 
240 260 
240 216 
236 220 
232 208 
356 228 
236 216 
244 216 
236 212 
236 208 
232 208 
236 216 
48 208 
240 208 
608 212 
236 240 
264 212 
232 260 
232 208 
240 260 
236 244 
232 208 
212 264 
232 452 
236 208 
236 212 
228 220 
232 220 
232 220 
236 216 
240 220 
212 220 
236 716 
228 212 
780 236 
236 236 
236 212 
232 208 
232 212 
236 240 
208 80 
240 212 
232 208 
232 208 
228 212 
236 208 
240 212 
236 216 
232 216 
236 216 
232 212 
228 220 
232 216 
240 208 
232 212 
236 208 
284 212 
240 212 
232 212 
240 216 
328 212 
236 208 
228 204 
236 224 
228 212 
236 212 
232 216 
232 212 
236 208 
240 208 
236 220 
236 212 
236 208 
236 216 
232 244 
252 216 
228 220 
236 224 
236 212 
232 212 
240 296 
240 216 
240 212 
232 212 
236 212 
228 208 
236 212 
240 260 
256 212 
232 208 
236 208 
232 212 
232 212 
236 216 
240 244 
232 212 
232 216 
236 240 
232 212 
236 236 
348 208 
324 216 
236 220 
240 216 
228 216 
240 216 
228 208 
236 216 
312 220 
624 212 
232 212 
240 208 
232 212 
232 216 
240 220 
236 264 
228 212 
212 208 
780 236 
236 216 
236 236 
228 212 
232 212 
240 212 
236 212 
236 236 
212 216 
236 728 
232 204 
232 216 
236 216 
236 220 
236 208 
240 220 
236 232 
220 224 
228 212 
236 236 
228 212 
236 212 
232 220 
232 212 
236 212 
232 208 
232 208 
224 216 
236 212 
236 224 
232 256 
228 212 
236 212 
236 208 
236 208 
312 216 
236 264 
228 216 
228 212 
232 212 
232 212 
236 208 
236 232 
236 220 
240 216 
232 208 
232 232 
240 216 
248 208 
236 216 
236 224 
236 232 
232 212 
236 232 
232 224 
236 220 
236 236 
228 228 
240 212 
236 212 
236 236 
232 212 
236 208 
228 208 
232 208 
240 224 
236 232 
276 208 
216 208 
236 244 
324 324 
236 212 
236 208 
232 264 
236 244 
232 208 
236 208 
428 208 
236 244 
236 316 
232 216 
228 208 
236 220 
232 1084 
232 208 
232 216 
644 224 
232 208 
236 216 
240 216 
232 216 
232 212 
232 216 
232 208 
212 236 
232 492 
236 236 
240 264 
272 212 
240 216 
228 212 
240 212 
236 212 
216 232 
236 712 
232 208 
232 224 
232 208 
236 204 
236 212 
236 212 
240 236 
212 212 
232 212 
236 208 
348 216 
236 212 
240 220 
240 208 
228 212 
236 236 
244 236 
232 216 
232 208 
240 212 
236 240 
240 212 
240 204 
232 212 
236 212 
232 220 
236 236 
236 208 
236 212 
232 212 
236 452 
0 0 
0 0 
240 216 
244 252 
232 220 
236 212 
236 216 
236 208 
228 284 
232 208 
236 208 
228 212 
232 236 
232 212 
236 208 
212 212 
236 212 
228 212 
240 208 
232 212 
236 212 
232 208 
228 216 
44 44 
236 212 
232 212 
232 232 
220 212 
236 216 
236 236 
232 264 
240 204 
236 216 
232 204 
236 220 
232 236 
440 208 
232 208 
232 216 
232 208 
236 216 
244 228 
236 216 
232 216 
232 208 
664 216 
244 216 
248 216 
240 236 
236 212 
236 236 
232 244 
228 212 
216 236 
40 52 
236 220 
236 212 
232 212 
232 208 
232 216 
240 220 
232 216 
216 232 
232 208 
240 216 
236 424 
240 216 
236 204 
236 212 
236 212 
244 236 
228 220 
240 216 
236 224 
236 212 
236 236 
236 236 
236 252 
240 212 
236 220 
236 212 
232 212 
236 44 
248 212 
232 208 
232 204 
236 212 
236 216 
232 208 
232 220 
236 208 
268 212 
312 228 
236 208 
240 216 
236 208 
232 208 
232 216 
228 204 
212 236 
232 216 
232 248 
232 212 
240 216 
236 216 
236 240 
232 216 
236 216 
236 212 
232 212 
228 216 
232 212 
236 216 
236 204 
232 220 
236 216 
236 216 
240 212 
232 240 
236 228 
236 244 
232 236 
228 208 
236 240 
240 208 
236 216 
236 240 
232 256 
236 208 
236 264 
236 236 
476 208 
232 212 
236 216 
232 212 
236 216 
272 212 
228 216 
232 212 
236 212 
688 240 
236 236 
236 212 
228 212 
236 212 
240 212 
236 208 
240 236 
216 236 
228 1260 
232 208 
236 220 
236 216 
232 236 
236 212 
232 208 
236 216 
212 212 
236 224 
228 212 
236 264 
228 212 
236 212 
228 232 
232 216 
236 212 
236 216 
232 208 
240 268 
236 208 
236 212 
236 236 
236 236 
232 220 
232 208 
232 216 
236 268 
236 220 
236 268 
232 212 
244 212 
236 212 
240 208 
324 212 
236 220 
232 212 
236 216 
236 272 
320 208 
236 220 
232 216 
256 232 
240 236 
284 220 
232 208 
232 216 
240 236 
228 212 
232 224 
236 240 
236 224 
232 216 
228 208 
240 212 
236 264 
244 248 
240 228 
236 236 
232 240 
232 208 
236 212 
236 208 
308 212 
232 228 
240 232 
232 252 
556 220 
224 212 
236 216 
240 208 
236 220 
236 212 
232 228 
228 212 
232 208 
232 212 
448 216 
228 212 
232 212 
232 208 
232 212 
228 208 
236 328 
232 208 
236 216 
712 208 
236 232 
232 208 
232 208 
232 224 
232 208 
232 212 
232 208 
216 220 
240 564 
240 228 
240 332 
236 216 
232 212 
236 216 
236 216 
236 212 
216 216 
236 220 
236 208 
236 228 
240 208 
232 212 
236 264 
252 212 
232 212 
240 228 
232 208 
236 216 
240 212 
240 212 
1000 220 
232 224 
236 240 
228 212 
232 220 
236 212 
240 216 
244 216 
228 212 
228 216 
236 224 
232 212 
244 208 
236 220 
236 264 
236 208 
236 236 
232 212 
232 260 
236 212 
240 340 
240 212 
236 228 
240 240 
236 224 
232 260 
236 220 
228 208 
240 212 
236 232 
240 212 
240 232 
236 264 
236 212 
300 224 
228 216 
232 216 
228 212 
236 208 
232 236 
236 220 
244 216 
236 212 
236 208 
240 216 
232 252 
248 204 
252 204 
240 216 
236 252 
236 208 
232 212 
236 236 
236 216 
236 248 
512 236 
232 204 
236 236 
232 212 
232 216 
232 212 
232 208 
244 216 
236 232 
692 232 
228 220 
232 212 
232 208 
228 216 
232 216 
236 240 
232 208 
208 212 
236 584 
236 208 
240 212 
44 44 
232 212 
236 224 
272 208 
236 208 
212 224 
236 216 
232 208 
236 240 
228 212 
236 336 
240 236 
228 216 
228 216 
232 232 
228 212 
240 212 
236 216 
236 208 
232 212 
236 212 
232 216 
236 212 
244 216 
232 236 
232 216 
232 216 
332 204 
236 216 
236 220 
44 44 
232 208 
232 232 
232 216 
236 212 
232 208 
236 220 
244 216 
232 208 
240 204 
228 216 
236 220 
896 216 
236 240 
348 212 
240 208 
232 208 
236 232 
236 236 
236 212 
236 208 
244 212 
236 232 
232 208 
236 212 
236 212 
236 220 
232 216 
236 48 
236 236 
240 216 
236 212 
232 208 
232 212 
236 220 
264 244 
236 232 
236 236 
232 220 
236 212 
240 236 
236 240 
240 228 
236 264 
520 208 
256 212 
228 212 
236 216 
236 208 
236 260 
232 216 
240 212 
236 260 
692 208 
232 212 
236 220 
232 212 
236 208 
236 216 
232 208 
252 216 
264 216 
232 616 
236 212 
232 208 
232 220 
236 212 
232 252 
232 212 
236 208 
208 212 
236 208 
232 240 
232 232 
232 208 
236 212 
236 236 
228 216 
228 212 
232 204 
228 212 
232 216 
236 264 
232 212 
228 232 
236 208 
232 212 
236 204 
236 204 
236 216 
256 208 
232 204 
232 208 
232 236 
228 216 
240 236 
1160 216 
232 212 
228 208 
240 216 
236 220 
240 232 
232 244 
232 208 
232 212 
232 224 
236 232 
232 208 
236 204 
236 212 
232 208 
236 212 
236 264 
232 212 
236 208 
232 216 
236 304 
232 204 
232 236 
244 212 
232 244 
236 216 
236 256 
240 220 
236 256 
232 212 
236 208 
232 212 
232 208 
372 224 
284 236 
232 216 
236 232 
240 256 
236 240 
228 208 
236 208 
236 212 
240 296 
528 216 
228 212 
236 212 
232 236 
232 220 
228 208 
240 208 
228 232 
236 212 
236 352 
236 236 
236 264 
232 216 
232 212 
236 224 
236 236 
236 236 
208 216 
224 572 
232 212 
232 216 
232 208 
240 212 
236 220 
624 216 
232 228 
212 212 
236 212 
228 216 
236 208 
232 212 
236 208 
236 216 
236 220 
236 236 
232 252 
236 236 
232 212 
232 212 
232 208 
236 212 
952 236 
236 208 
232 208 
232 224 
232 244 
232 212 
232 204 
240 212 
236 236 
236 224 
256 212 
232 212 
236 208 
232 208 
236 232 
228 208 
236 212 
260 212 
232 208 
232 216 
236 208 
236 216 
236 212 
236 216 
232 216 
232 208 
236 212 
232 272 
232 224 
232 212 
228 208 
232 208 
232 220 
236 212 
232 212 
236 212 
236 220 
236 212 
232 208 
240 208 
272 208 
236 216 
252 212 
240 204 
236 240 
304 212 
232 212 
236 212 
240 212 
328 212 
232 212 
240 220 
232 216 
240 216 
560 216 
236 236 
236 216 
236 216 
236 204 
252 212 
236 236 
240 204 
236 216 
228 392 
236 208 
228 216 
232 212 
508 232 
228 216 
236 240 
232 256 
224 232 
232 636 
236 220 
236 268 
240 244 
236 212 
232 208 
236 240 
228 224 
204 216 
228 232 
236 212 
232 208 
236 212 
236 232 
244 212 
236 212 
236 268 
232 204 
228 212 
456 216 
232 220 
228 232 
228 216 
260 220 
236 220 
236 216 
228 212 
236 208 
236 212 
240 212 
232 216 
240 212 
232 216 
232 212 
232 212 
232 216 
232 212 
232 212 
236 208 
48 44 
240 240 
244 212 
236 256 
232 256 
232 216 
232 220 
236 236 
232 216 
228 208 
236 212 
240 236 
240 212 
236 212 
232 216 
236 216 
228 212 
232 324 
236 260 
236 240 
236 212 
236 208 
232 212 
232 212 
236 208 
236 216 
44 48 
232 236 
244 224 
356 220 
232 212 
236 220 
236 220 
232 212 
240 228 
240 216 
232 244 
236 224 
568 252 
232 208 
820 216 
232 208 
232 212 
236 220 
232 208 
236 240 
236 208 
236 400 
232 240 
228 216 
236 264 
240 220 
236 212 
336 244 
224 48 
212 216 
232 660 
232 208 
236 212 
236 236 
240 252 
228 212 
232 212 
240 216 
208 212 
236 236 
228 220 
232 216 
232 204 
232 212 
232 208 
236 212 
236 208 
232 212 
232 212 
236 268 
236 240 
236 232 
232 208 
236 212 
236 256 
232 208 
232 220 
236 232 
324 216 
228 224 
228 212 
236 212 
236 236 
240 212 
228 212 
228 208 
236 212 
236 220 
236 236 
236 268 
236 208 
228 212 
236 236 
236 240 
232 216 
236 212 
240 212 
232 204 
236 208 
236 232 
236 236 
240 216 
236 208 
236 220 
232 216 
236 236 
236 212 
232 232 
236 212 
232 212 
232 216 
236 212 
236 236 
232 224 
240 212 
232 212 
232 212 
232 212 
328 236 
236 208 
236 212 
232 212 
232 208 
232 212 
236 216 
232 228 
228 212 
572 208 
228 216 
232 212 
232 204 
232 208 
236 240 
240 216 
240 212 
208 228 
236 444 
236 220 
228 220 
240 216 
236 208 
236 208 
236 236 
236 232 
204 212 
232 700 
232 212 
232 204 
236 208 
232 212 
232 212 
196 216 
320 212 
216 212 
300 252 
236 220 
236 236 
228 216 
244 208 
232 204 
232 212 
236 216 
236 212 
232 216 
228 212 
236 212 
240 220 
236 248 
232 216 
236 232 
236 216 
236 216 
232 228 
232 212 
236 212 
236 216 
236 252 
232 212 
232 216 
240 212 
240 236 
236 212 
236 224 
232 272 
232 216 
212 220 
232 216 
236 224 
232 208 
232 212 
232 220 
236 212 
236 220 
232 208 
232 204 
232 220 
236 212 
240 208 
236 224 
232 236 
236 216 
232 864 
260 220 
232 212 
236 212 
236 232 
240 212 
240 216 
236 208 
236 216 
232 212 
236 208 
236 216 
400 204 
232 212 
248 224 
228 212 
260 208 
236 216 
236 212 
228 216 
232 216 
600 208 
232 208 
232 208 
236 268 
276 300 
236 208 
232 208 
240 232 
208 208 
236 472 
236 220 
232 208 
232 224 
236 1064 
232 208 
236 212 
228 208 
208 212 
228 672 
232 208 
232 208 
236 212 
240 212 
228 212 
232 212 
236 216 
216 216 
232 268 
232 208 
236 204 
236 244 
232 208 
236 240 
236 232 
232 236 
232 216 
232 216 
232 232 
236 236 
236 268 
232 212 
236 212 
232 212 
228 208 
232 236 
236 260 
236 256 
244 236 
232 216 
240 260 
232 212 
228 212 
232 212 
236 212 
232 208 
240 232 
236 264 
280 204 
232 212 
232 216 
232 208 
236 212 
236 220 
240 240 
232 208 
236 216 
240 212 
240 216 
228 212 
236 208 
240 212 
232 212 
236 212 
240 232 
232 244 
236 232 
236 324 
220 204 
236 216 
264 236 
236 208 
232 208 
236 212 
236 236 
236 236 
236 236 
436 44 
236 240 
232 224 
228 208 
232 204 
240 236 
240 208 
240 216 
236 236 
656 212 
236 212 
232 988 
236 216 
240 212 
232 208 
232 240 
236 212 
212 220 
232 492 
240 268 
236 232 
236 216 
232 220 
232 212 
236 212 
236 240 
212 212 
40 48 
228 212 
228 216 
236 224 
232 212 
236 208 
232 212 
240 212 
212 236 
232 204 
236 232 
240 260 
240 236 
236 232 
244 212 
236 212 
240 212 
236 212 
192 208 
236 216 
236 212 
236 228 
236 220 
236 212 
232 220 
232 216 
240 212 
236 216 
236 204 
236 216 
236 48 
236 212 
232 236 
224 216 
232 208 
228 208 
232 208 
236 236 
236 240 
228 216 
240 408 
236 260 
252 216 
232 204 
228 208 
260 220 
236 236 
232 208 
232 220 
228 208 
228 208 
232 208 
232 216 
236 240 
236 236 
236 216 
236 244 
232 212 
228 208 
236 212 
232 236 
244 240 
232 252 
228 208 
236 212 
232 212 
232 208 
240 212 
396 1076 
236 236 
232 212 
236 224 
240 232 
232 204 
232 212 
232 212 
236 224 
644 236 
236 240 
236 224 
232 204 
232 204 
244 212 
240 236 
236 208 
212 216 
236 468 
228 212 
232 228 
244 212 
232 212 
236 212 
228 228 
264 212 
324 220 
236 724 
240 212 
240 240 
232 208 
236 212 
240 232 
232 216 
240 204 
240 244 
228 328 
244 216 
244 220 
236 228 
232 212 
236 224 
232 216 
232 212 
240 216 
236 212 
232 216 
240 216 
240 232 
236 264 
232 212 
268 224 
236 228 
236 208 
236 216 
236 216 
236 220 
240 248 
236 224 
236 244 
232 248 
236 216 
236 224 
236 220 
236 220 
228 216 
232 216 
1000 216 
240 212 
228 208 
236 204 
236 212 
232 208 
236 212 
236 232 
232 208 
232 208 
232 216 
236 236 
232 212 
228 216 
232 240 
232 212 
240 292 
236 364 
240 216 
224 216 
236 212 
232 208 
232 212 
236 212 
232 232 
232 212 
236 208 
232 216 
432 264 
236 220 
240 212 
232 208 
232 208 
236 236 
232 216 
236 232 
232 320 
676 216 
236 216 
232 212 
236 208 
232 216 
240 236 
272 224 
232 212 
240 216 
240 512 
232 208 
236 224 
236 216 
924 244 
236 212 
236 256 
236 264 
212 212 
232 208 
224 212 
236 240 
348 212 
236 208 
256 216 
232 236 
236 236 
240 240 
240 212 
236 236 
240 212 
232 232 
232 204 
232 208 
296 236 
236 236 
240 236 
236 244 
228 212 
264 224 
236 216 
240 224 
232 212 
232 224 
232 216 
232 212 
232 204 
232 244 
880 208 
240 204 
236 236 
240 236 
236 220 
228 212 
228 204 
232 212 
232 212 
232 212 
232 208 
236 208 
240 216 
232 208 
236 232 
240 236 
240 236 
236 236 
232 236 
232 220 
232 212 
240 208 
236 212 
232 212 
232 208 
240 212 
236 224 
236 244 
232 236 
232 216 
284 212 
240 212 
232 208 
228 208 
228 212 
236 208 
236 236 
232 212 
232 208 
468 216 
232 232 
236 208 
232 236 
232 212 
232 208 
240 232 
232 212 
236 212 
712 208 
228 228 
244 224 
232 212 
244 212 
236 212 
248 252 
232 204 
212 216 
240 524 
236 212 
232 220 
232 216 
236 304 
236 212 
232 212 
232 248 
260 212 
232 212 
232 212 
240 212 
232 212 
236 216 
44 40 
232 212 
240 212 
240 212 
232 216 
236 216 
236 212 
232 224 
232 248 
236 240 
232 208 
240 208 
240 240 
808 220 
232 208 
232 208 
236 216 
236 240 
232 208 
232 248 
236 248 
244 212 
240 208 
232 220 
232 212 
232 212 
232 216 
44 48 
236 212 
232 220 
232 208 
232 220 
232 236 
240 220 
236 224 
232 252 
232 216 
236 212 
232 212 
236 216 
232 216 
232 208 
232 224 
236 208 
232 212 
232 260 
232 212 
236 208 
240 48 
240 220 
232 236 
236 240 
240 244 
236 216 
228 208 
236 212 
236 240 
232 208 
236 208 
232 216 
240 212 
236 212 
236 240 
444 236 
232 240 
232 216 
236 216 
236 228 
236 260 
260 216 
232 224 
236 260 
704 220 
240 216 
236 268 
236 212 
236 272 
224 216 
232 228 
232 216 
216 216 
228 556 
232 208 
240 268 
228 216 
236 208 
236 212 
236 208 
236 236 
316 216 
280 688 
240 212 
240 212 
240 212 
236 216 
236 208 
236 216 
972 236 
228 220 
240 232 
228 208 
228 216 
236 212 
232 212 
228 208 
372 212 
236 208 
228 216 
232 216 
240 248 
232 248 
236 228 
240 212 
240 216 
232 216 
236 228 
340 212 
232 212 
232 216 
288 208 
236 220 
232 216 
236 216 
232 212 
236 208 
236 216 
292 208 
232 216 
240 212 
236 212 
472 216 
276 216 
236 236 
236 212 
236 216 
236 204 
232 208 
232 248 
232 216 
232 212 
236 212 
232 240 
232 216 
256 212 
232 216 
236 212 
236 228 
236 208 
236 212 
236 212 
260 212 
232 208 
228 212 
240 220 
232 240 
236 212 
228 248 
236 208 
508 212 
240 208 
232 212 
236 212 
240 236 
232 212 
436 244 
236 220 
236 224 
844 216 
240 224 
228 212 
240 216 
236 236 
232 240 
248 220 
224 208 
208 288 
228 556 
232 208 
232 216 
236 220 
236 236 
868 244 
240 220 
236 220 
208 212 
236 236 
232 208 
228 216 
236 212 
236 260 
236 204 
232 216 
232 216 
232 208 
236 212 
232 264 
236 216 
236 236 
232 216 
236 212 
236 216 
232 212 
244 380 
236 208 
240 204 
228 212 
244 208 
236 224 
232 260 
236 208 
232 212 
236 240 
236 216 
272 228 
232 212 
240 236 
236 212 
232 208 
236 204 
236 212 
236 236 
236 216 
232 216 
228 216 
236 208 
236 212 
232 212 
232 216 
232 208 
228 212 
236 212 
236 212 
236 212 
232 216 
232 220 
232 244 
236 216 
236 220 
236 264 
236 252 
232 208 
232 212 
232 220 
236 212 
268 240 
236 212 
232 260 
232 216 
508 208 
236 216 
240 224 
228 212 
236 212 
520 240 
236 212 
272 212 
236 212 
236 240 
232 236 
232 208 
240 264 
232 208 
628 212 
232 216 
232 208 
236 208 
244 236 
236 208 
232 208 
236 216 
216 268 
232 596 
232 232 
236 236 
232 232 
232 268 
248 212 
232 208 
236 212 
212 220 
232 208 
236 212 
236 264 
240 216 
232 212 
236 212 
236 240 
236 220 
240 212 
232 248 
232 212 
236 212 
236 240 
236 212 
244 212 
240 212 
44 48 
228 232 
240 216 
236 212 
232 212 
236 212 
236 212 
232 248 
268 208 
232 220 
240 220 
236 204 
240 216 
236 236 
232 260 
324 212 
232 216 
240 220 
236 236 
236 216 
240 216 
236 216 
228 212 
236 212 
232 236 
240 236 
240 216 
236 216 
240 216 
236 248 
44 48 
232 212 
232 216 
240 212 
232 240 
232 232 
368 224 
236 212 
236 212 
232 208 
232 208 
236 232 
236 252 
308 216 
228 212 
232 224 
232 216 
228 212 
236 220 
232 212 
236 212 
236 236 
520 208 
228 208 
248 232 
232 212 
232 216 
236 212 
236 52 
232 264 
236 204 
232 396 
252 212 
232 212 
232 212 
236 212 
240 216 
236 216 
232 208 
216 208 
232 620 
232 208 
236 208 
240 212 
236 240 
240 212 
232 216 
240 216 
212 208 
236 216 
228 248 
236 208 
232 216 
236 216 
240 212 
228 212 
232 208 
228 280 
232 208 
236 204 
236 232 
236 212 
236 224 
224 216 
228 212 
236 208 
232 220 
236 260 
236 208 
228 212 
236 208 
240 208 
236 208 
212 208 
232 212 
232 216 
232 216 
244 216 
232 216 
232 212 
232 208 
236 220 
236 232 
228 208 
236 228 
232 248 
228 208 
236 216 
236 236 
236 256 
408 244 
232 212 
232 240 
232 216 
228 216 
232 252 
228 216 
232 212 
236 216 
232 212 
236 212 
232 216 
240 204 
236 208 
232 240 
236 216 
240 236 
228 208 
336 220 
244 252 
232 216 
240 216 
240 216 
232 220 
232 208 
232 208 
236 240 
580 212 
236 212 
240 212 
236 240 
232 208 
228 212 
236 224 
232 216 
300 208 
236 388 
232 220 
228 208 
236 204 
228 216 
236 216 
236 216 
240 212 
208 212 
236 640 
232 256 
228 216 
236 216 
228 236 
232 212 
236 216 
236 240 
208 224 
236 216 
236 216 
232 212 
236 208 
232 212 
236 212 
260 212 
236 256 
228 212 
232 208 
232 212 
236 336 
236 216 
236 216 
232 208 
236 212 
244 208 
260 212 
236 224 
232 268 
236 212 
232 212 
232 208 
232 228 
236 208 
240 264 
232 212 
236 212 
232 220 
1160 256 
236 236 
272 212 
236 220 
240 208 
228 216 
232 208 
232 208 
236 228 
236 232 
248 216 
236 208 
236 216 
232 212 
232 236 
236 216 
232 228 
240 228 
256 216 
236 216 
236 212 
232 204 
236 220 
232 232 
232 236 
236 208 
236 220 
240 212 
236 208 
236 240 
328 208 
232 204 
232 220 
232 208 
364 780 
232 212 
236 212 
232 236 
236 236 
592 236 
228 220 
232 216 
232 216 
236 216 
232 264 
236 236 
232 220 
236 216 
240 408 
236 216 
236 236 
236 264 
240 212 
232 212 
300 224 
232 232 
212 208 
236 664 
276 216 
236 220 
236 252 
232 212 
260 216 
244 236 
236 240 
212 248 
236 224 
236 208 
240 264 
228 208 
236 212 
236 248 
232 212 
236 212 
236 216 
240 232 
236 208 
236 204 
236 236 
228 212 
236 212 
236 212 
236 216 
232 212 
236 212 
232 208 
232 212 
232 212 
232 216 
236 212 
236 208 
236 208 
240 236 
236 212 
232 208 
240 212 
236 212 
236 228 
236 232 
236 212 
236 208 
236 204 
236 208 
236 216 
236 256 
240 208 
236 232 
232 212 
232 212 
236 212 
48 44 
236 236 
252 216 
232 208 
228 208 
228 212 
236 208 
236 212 
236 904 
232 212 
236 240 
232 212 
232 212 
232 212 
236 268 
348 212 
228 236 
236 212 
236 208 
284 212 
236 268 
232 212 
240 216 
240 216 
616 276 
236 212 
212 244 
0 0 
232 212 
236 204 
52 264 
232 228 
228 212 
236 404 
208 232 
236 208 
232 212 
240 208 
196 208 
232 228 
244 52 
208 224 
240 216 
228 216 
232 192 
236 208 
228 224 
232 208 
208 216 
228 220 
208 200 
236 244 
240 236 
228 208 
232 236 
252 220 
228 216 
236 216 
384 212 
248 216 
232 216 
232 232 
236 212 
236 236 
304 208 
228 212 
236 212 
236 208 
244 232 
232 248 
240 212 
228 204 
236 232 
236 236 
232 228 
232 208 
232 208 
236 212 
240 236 
236 244 
236 264 
252 216 
236 208 
324 208 
232 212 
236 240 
236 212 
232 212 
232 208 
240 212 
236 212 
236 212 
232 1020 
232 236 
228 228 
236 228 
232 216 
236 232 
232 208 
240 212 
240 212 
240 260 
232 240 
232 228 
236 204 
236 212 
236 240 
232 224 
256 216 
232 212 
368 212 
232 224 
236 240 
236 212 
232 208 
236 208 
236 232 
236 236 
300 256 
624 216 
240 240 
236 212 
240 216 
240 264 
236 236 
240 212 
236 224 
240 216 
232 460 
236 212 
236 236 
236 236 
228 228 
228 220 
236 212 
236 220 
216 208 
240 708 
236 240 
248 212 
228 212 
232 212 
240 256 
232 212 
232 204 
216 220 
236 236 
232 208 
232 208 
232 212 
228 212 
232 208 
236 212 
236 216 
236 220 
232 212 
236 208 
232 220 
236 232 
912 212 
240 236 
232 236 
236 224 
232 252 
228 216 
232 216 
236 208 
232 220 
240 252 
252 232 
232 212 
236 212 
228 216 
236 232 
232 212 
228 212 
240 992 
240 216 
240 224 
236 260 
240 216 
232 224 
236 216 
240 224 
240 316 
236 204 
232 216 
236 212 
236 244 
332 216 
232 268 
228 216 
232 216 
240 212 
260 208 
232 208 
232 204 
236 208 
240 212 
236 220 
232 244 
244 216 
228 208 
236 208 
232 208 
400 208 
236 236 
236 244 
232 236 
852 208 
232 220 
232 208 
228 212 
236 212 
632 208 
236 216 
236 204 
236 208 
232 208 
236 236 
232 240 
236 268 
256 208 
236 480 
236 216 
232 208 
240 216 
236 224 
236 248 
236 256 
232 228 
208 212 
240 720 
236 212 
236 212 
232 220 
236 212 
236 276 
232 232 
232 216 
208 208 
228 204 
232 212 
752 232 
244 204 
240 212 
236 212 
240 208 
236 264 
232 212 
292 216 
232 240 
232 212 
240 216 
236 216 
244 212 
240 236 
236 228 
232 216 
236 212 
232 208 
236 208 
232 212 
228 212 
232 204 
44 212 
236 220 
236 204 
232 208 
232 228 
248 216 
228 220 
240 224 
232 208 
236 216 
240 212 
232 208 
236 208 
236 208 
232 208 
236 208 
240 236 
232 208 
240 272 
236 240 
240 220 
248 216 
228 208 
236 216 
232 216 
336 224 
48 48 
236 236 
248 264 
236 268 
232 228 
232 208 
232 208 
232 212 
460 212 
416 212 
236 228 
236 212 
236 220 
236 216 
232 208 
232 208 
232 220 
236 212 
644 216 
232 216 
240 216 
236 216 
236 228 
236 212 
232 208 
236 252 
212 216 
232 492 
228 232 
236 216 
232 208 
232 212 
232 208 
232 216 
232 212 
208 212 
576 212 
236 216 
240 212 
232 212 
236 236 
240 220 
236 212 
240 232 
216 216 
236 216 
240 232 
240 208 
240 216 
236 236 
236 204 
232 232 
228 220 
228 276 
236 208 
304 220 
236 244 
232 232 
236 240 
244 208 
232 240 
240 208 
236 212 
236 232 
348 220 
236 212 
240 304 
236 236 
232 236 
232 220 
228 252 
244 216 
232 208 
232 212 
236 212 
236 212 
240 240 
240 212 
232 248 
236 204 
232 212 
236 240 
236 216 
232 220 
240 212 
228 216 
236 216 
248 216 
228 212 
232 216 
232 232 
244 212 
240 240 
240 240 
236 240 
212 212 
240 208 
232 236 
236 204 
232 216 
232 212 
228 208 
232 252 
212 208 
424 208 
240 236 
236 208 
240 272 
232 264 
236 208 
228 216 
236 272 
240 212 
660 208 
256 212 
228 220 
232 208 
232 212 
236 204 
228 216 
920 256 
208 208 
236 508 
236 212 
232 220 
240 208 
232 236 
252 212 
236 212 
236 212 
212 220 
236 656 
236 236 
236 236 
236 208 
236 232 
232 212 
236 216 
232 212 
220 236 
232 220 
232 248 
228 232 
236 212 
240 212 
240 208 
236 216 
236 208 
236 220 
236 208 
236 216 
236 224 
240 236 
324 208 
236 216 
236 208 
236 216 
236 216 
232 212 
292 240 
240 244 
236 212 
236 236 
236 268 
236 212 
232 216 
236 208 
228 208 
256 224 
228 224 
232 244 
236 212 
240 224 
252 212 
240 208 
236 216 
232 256 
252 228 
232 208 
228 208 
240 216 
236 236 
236 216 
232 204 
232 212 
240 272 
232 264 
476 208 
260 212 
236 212 
236 236 
232 224 
248 216 
236 232 
232 216 
236 232 
236 216 
228 220 
236 236 
436 204 
236 236 
228 216 
232 208 
236 212 
852 212 
236 236 
232 208 
232 252 
716 212 
232 236 
236 240 
236 240 
236 220 
236 336 
236 204 
240 248 
212 216 
248 516 
228 212 
232 212 
236 216 
236 236 
240 216 
228 212 
240 212 
212 208 
232 212 
240 220 
240 212 
232 240 
240 212 
232 212 
232 204 
232 208 
240 212 
300 212 
232 212 
228 236 
232 208 
232 216 
236 212 
232 232 
232 220 
232 212 
240 216 
236 236 
228 208 
236 216 
236 216 
284 212 
228 220 
236 208 
232 244 
240 236 
236 260 
240 252 
472 216 
236 220 
236 220 
340 208 
232 212 
236 212 
236 240 
236 236 
240 236 
232 220 
228 212 
236 216 
232 216 
236 208 
240 216 
500 212 
244 216 
240 216 
44 48 
236 224 
236 208 
240 236 
236 248 
240 244 
236 208 
236 240 
236 236 
240 248 
236 216 
248 212 
236 236 
240 264 
232 256 
232 216 
232 208 
236 212 
236 232 
260 216 
472 212 
232 260 
236 208 
228 224 
228 212 
232 208 
236 212 
236 212 
240 212 
40 44 
264 216 
232 228 
236 216 
232 252 
232 220 
232 212 
240 216 
212 216 
236 560 
236 220 
236 208 
240 264 
232 212 
232 212 
236 212 
236 224 
216 260 
232 208 
240 212 
228 212 
236 224 
228 212 
232 212 
228 216 
240 212 
232 212 
244 264 
236 256 
228 208 
240 212 
232 48 
236 216 
240 264 
228 212 
236 248 
232 224 
232 216 
232 216 
236 220 
236 220 
236 240 
236 216 
236 212 
232 216 
236 212 
236 208 
232 212 
232 236 
236 232 
232 212 
236 236 
480 208 
228 208 
284 204 
236 212 
236 224 
248 228 
236 224 
232 212 
240 236 
236 224 
232 212 
232 216 
236 212 
232 208 
236 220 
236 236 
272 212 
232 212 
236 264 
232 216 
292 212 
228 212 
236 236 
236 220 
236 236 
256 220 
236 212 
236 236 
240 236 
240 236 
232 212 
232 212 
228 212 
236 216 
496 208 
236 232 
232 216 
232 208 
236 212 
236 208 
236 236 
236 240 
232 252 
720 212 
236 208 
236 216 
232 216 
228 204 
232 208 
236 212 
236 220 
212 212 
236 572 
240 240 
236 208 
228 204 
236 208 
228 212 
236 208 
236 208 
208 208 
236 212 
236 236 
236 216 
232 228 
232 208 
236 236 
232 216 
236 236 
232 268 
236 220 
236 212 
236 236 
232 228 
232 208 
236 204 
232 208 
228 204 
236 224 
236 220 
224 216 
232 208 
232 220 
240 212 
484 208 
232 208 
232 220 
232 220 
240 232 
232 232 
240 224 
236 212 
236 240 
236 216 
232 212 
240 212 
236 248 
236 244 
236 212 
228 212 
232 212 
236 220 
236 216 
240 220 
232 216 
236 208 
240 216 
232 208 
232 220 
232 216 
272 212 
232 232 
236 232 
228 212 
236 216 
272 220 
240 212 
232 232 
240 212 
232 212 
284 212 
240 228 
232 212 
236 212 
236 212 
240 236 
228 216 
228 212 
232 208 
524 216 
232 212 
236 212 
232 212 
232 208 
244 240 
236 224 
232 212 
236 212 
720 216 
236 212 
232 204 
232 212 
236 212 
236 212 
236 212 
236 236 
208 216 
232 648 
232 212 
236 236 
236 224 
240 208 
236 208 
240 232 
232 220 
212 204 
232 216 
236 260 
236 260 
232 212 
236 212 
240 212 
236 216 
236 208 
232 236 
236 212 
236 212 
1176 232 
236 208 
240 248 
232 212 
232 216 
228 212 
240 212 
232 264 
236 216 
236 216 
236 216 
232 212 
288 212 
232 212 
236 220 
236 216 
236 212 
232 212 
236 212 
240 208 
232 228 
232 212 
236 208 
236 212 
232 236 
232 240 
236 248 
232 224 
232 208 
236 212 
232 208 
232 212 
236 236 
236 240 
236 928 
240 212 
236 204 
236 236 
236 216 
232 216 
240 212 
236 224 
236 216 
232 208 
236 256 
240 216 
232 204 
232 208 
280 244 
236 240 
240 216 
236 208 
228 228 
44 216 
232 212 
240 216 
236 220 
520 212 
228 212 
236 216 
236 228 
236 236 
232 212 
228 212 
236 212 
236 236 
232 404 
232 212 
236 256 
236 216 
236 208 
236 212 
232 236 
236 232 
212 208 
232 604 
264 212 
236 204 
236 216 
240 236 
236 248 
240 216 
236 256 
44 48 
240 212 
236 220 
232 208 
236 264 
272 212 
232 212 
236 220 
236 208 
232 208 
240 232 
236 208 
232 212 
236 224 
236 236 
232 240 
236 220 
232 212 
232 212 
232 212 
260 212 
232 208 
236 208 
236 212 
236 236 
236 212 
236 216 
236 208 
236 212 
232 208 
232 228 
228 212 
232 212 
240 208 
232 228 
576 216 
236 212 
236 212 
236 236 
232 208 
228 212 
236 208 
240 208 
232 208 
232 208 
236 216 
236 212 
228 240 
228 208 
232 212 
232 212 
232 216 
240 212 
236 220 
236 212 
232 216 
236 236 
232 236 
232 244 
232 216 
320 224 
236 216 
232 212 
232 208 
236 236 
232 220 
236 208 
236 212 
236 216 
236 212 
224 216 
236 208 
228 220 
232 212 
232 212 
236 248 
288 208 
500 212 
236 368 
272 204 
240 240 
236 216 
236 228 
244 220 
236 208 
236 212 
212 212 
236 648 
232 208 
228 208 
240 240 
224 212 
232 204 
236 208 
236 232 
244 228 
232 208 
236 216 
236 224 
236 256 
236 208 
236 220 
232 208 
236 212 
236 268 
236 248 
232 220 
232 220 
240 220 
240 208 
236 236 
232 212 
232 216 
236 212 
236 236 
244 244 
232 216 
236 212 
244 212 
232 864 
236 236 
236 212 
228 216 
244 256 
228 216 
236 212 
236 208 
236 232 
228 208 
228 208 
236 208 
240 236 
232 236 
228 212 
236 208 
232 208 
208 208 
236 212 
232 208 
232 204 
244 232 
236 212 
240 216 
236 236 
232 212 
260 252 
236 212 
240 220 
240 240 
232 236 
276 236 
312 208 
236 216 
240 208 
240 212 
336 264 
236 216 
236 208 
236 232 
232 212 
232 212 
232 208 
232 216 
236 216 
572 208 
232 268 
236 268 
240 208 
236 252 
232 208 
236 252 
240 212 
232 212 
232 408 
336 212 
232 208 
236 212 
264 208 
236 208 
232 208 
236 220 
220 228 
232 648 
236 236 
232 224 
236 212 
860 216 
236 216 
240 216 
236 212 
208 212 
236 220 
236 220 
232 212 
232 248 
240 216 
240 240 
232 212 
236 208 
232 212 
228 236 
240 212 
232 212 
324 720 
232 208 
232 208 
232 212 
236 212 
236 268 
236 236 
236 236 
232 216 
236 220 
236 240 
264 212 
232 216 
236 216 
236 264 
232 216 
236 212 
236 212 
232 212 
240 208 
236 212 
236 236 
236 240 
228 212 
232 208 
232 208 
236 212 
240 220 
240 212 
232 204 
236 212 
232 220 
232 204 
648 212 
236 204 
240 316 
232 212 
236 216 
236 236 
232 212 
236 216 
236 204 
236 216 
244 212 
232 212 
236 208 
236 212 
344 212 
228 212 
232 208 
240 216 
240 208 
236 232 
236 264 
236 248 
232 212 
580 212 
236 236 
232 232 
228 216 
240 212 
236 216 
232 248 
232 208 
236 212 
236 356 
264 240 
680 216 
232 220 
264 220 
232 212 
244 216 
232 224 
216 208 
232 672 
236 232 
232 216 
236 216 
240 236 
240 208 
232 208 
44 44 
236 216 
232 216 
236 228 
236 212 
236 232 
240 212 
232 208 
232 220 
252 212 
228 216 
236 236 
240 212 
232 216 
236 212 
232 208 
236 236 
236 248 
228 212 
232 216 
232 212 
240 220 
236 236 
236 208 
236 208 
232 224 
236 240 
232 216 
236 216 
44 48 
232 216 
236 236 
232 232 
236 252 
232 212 
240 212 
232 212 
232 220 
232 264 
252 304 
232 216 
240 208 
228 208 
232 208 
232 208 
240 212 
236 212 
236 212 
236 208 
232 208 
232 216 
232 236 
236 204 
240 212 
236 220 
236 212 
236 216 
236 212 
240 228 
232 236 
232 80 
392 208 
236 240 
236 216 
236 240 
236 260 
232 216 
232 212 
236 212 
236 212 
604 204 
236 212 
236 212 
232 212 
228 208 
232 232 
232 212 
236 252 
212 216 
236 488 
236 236 
268 212 
232 220 
236 232 
236 208 
236 212 
232 208 
212 216 
236 704 
244 208 
468 212 
228 208 
232 208 
236 232 
228 220 
232 208 
216 216 
232 236 
236 236 
232 248 
232 216 
236 216 
228 212 
236 236 
236 212 
232 292 
240 208 
240 208 
236 208 
236 240 
240 256 
228 216 
236 224 
248 212 
240 212 
232 216 
332 212 
232 212 
240 256 
232 268 
228 216 
232 212 
228 228 
228 212 
232 208 
236 208 
240 216 
228 216 
232 216 
236 240 
236 240 
232 228 
236 212 
232 212 
228 208 
240 216 
236 208 
232 216 
232 264 
228 220 
236 244 
232 212 
236 212 
228 216 
232 208 
236 212 
232 208 
236 268 
248 212 
232 216 
256 220 
236 272 
232 208 
236 208 
296 212 
236 216 
408 212 
232 212 
236 212 
240 220 
240 212 
240 216 
236 216 
236 208 
232 264 
628 216 
244 236 
236 236 
232 220 
228 208 
232 216 
236 208 
232 216 
316 208 
232 484 
236 224 
236 208 
236 216 
236 216 
224 224 
232 208 
236 212 
216 220 
240 712 
240 348 
240 232 
240 212 
236 232 
236 212 
240 236 
236 236 
212 212 
236 216 
236 208 
240 208 
236 236 
232 208 
320 212 
236 216 
236 236 
236 208 
236 240 
228 216 
236 212 
232 208 
232 208 
232 220 
232 204 
236 212 
236 212 
240 236 
232 216 
232 232 
232 232 
232 236 
228 212 
228 220 
232 208 
236 212 
356 212 
236 216 
236 208 
244 216 
232 212 
236 208 
236 212 
232 212 
236 232 
228 216 
236 224 
232 216 
236 212 
236 212 
236 256 
232 240 
232 216 
236 216 
240 212 
236 252 
224 212 
236 204 
236 216 
244 224 
236 236 
228 212 
232 228 
232 236 
236 208 
236 220 
236 212 
236 232 
416 212 
228 216 
236 208 
232 232 
232 220 
232 216 
228 208 
232 208 
236 208 
568 212 
236 212 
232 212 
236 216 
232 236 
232 248 
232 212 
236 212 
212 296 
240 476 
252 220 
232 212 
232 212 
236 212 
236 212 
256 212 
236 220 
212 208 
236 1160 
232 212 
240 208 
236 212 
228 208 
236 268 
232 208 
236 208 
204 212 
228 208 
236 220 
228 208 
232 216 
232 208 
236 240 
232 208 
236 212 
236 212 
232 208 
236 212 
244 208 
236 228 
232 212 
236 208 
252 212 
228 216 
232 212 
232 236 
236 208 
236 248 
232 216 
232 212 
240 208 
236 212 
236 240 
240 216 
224 228 
232 212 
236 212 
232 208 
232 232 
236 236 
232 236 
240 212 
232 208 
236 208 
236 212 
228 212 
252 212 
232 212 
228 312 
240 224 
236 208 
236 212 
240 208 
240 216 
232 204 
236 216 
48 48 
224 224 
232 220 
228 216 
236 204 
252 212 
228 212 
248 212 
232 228 
936 204 
408 208 
236 204 
236 220 
236 256 
236 220 
228 220 
236 208 
232 204 
236 224 
664 212 
236 212 
232 264 
236 212 
232 220 
236 264 
240 212 
232 964 
212 216 
232 504 
236 252 
236 232 
44 48 
236 220 
232 216 
232 208 
236 208 
216 212 
236 692 
232 224 
236 208 
232 216 
240 216 
236 212 
236 208 
240 236 
236 236 
236 252 
232 240 
228 208 
236 336 
232 212 
232 212 
236 216 
232 232 
232 232 
228 208 
228 212 
236 244 
232 264 
920 236 
240 212 
228 212 
232 212 
232 208 
228 212 
236 212 
236 216 
264 216 
232 216 
236 240 
240 260 
236 240 
228 208 
228 212 
228 208 
236 216 
236 208 
236 216 
228 212 
232 260 
232 240 
232 212 
232 212 
232 248 
236 212 
236 216 
236 212 
268 212 
232 208 
236 204 
236 212 
236 212 
232 236 
936 212 
240 216 
240 208 
228 212 
232 212 
236 212 
240 216 
232 204 
232 212 
240 212 
240 224 
232 208 
440 212 
232 228 
236 244 
232 256 
236 208 
236 208 
236 220 
228 240 
236 208 
700 212 
228 208 
236 208 
236 208 
236 220 
228 236 
232 208 
232 208 
208 212 
236 532 
236 268 
256 224 
228 216 
236 216 
240 240 
228 216 
232 208 
220 216 
232 208 
228 212 
236 212 
240 220 
232 252 
236 240 
336 212 
236 212 
232 204 
232 216 
236 240 
236 268 
240 236 
232 244 
236 212 
236 240 
228 216 
236 208 
232 208 
228 220 
248 212 
232 212 
224 212 
232 212 
236 208 
240 208 
240 216 
372 216 
232 204 
244 212 
236 212 
236 212 
232 216 
236 220 
240 236 
236 232 
232 232 
232 228 
240 212 
240 232 
236 224 
228 216 
232 208 
236 216 
240 260 
712 216 
232 252 
240 220 
232 212 
236 216 
236 252 
228 212 
236 236 
236 236 
236 208 
244 216 
236 236 
228 212 
240 208 
240 216 
236 212 
236 224 
232 208 
452 216 
236 220 
232 220 
232 212 
228 212 
468 232 
232 268 
240 208 
236 208 
232 212 
236 220 
232 212 
228 216 
232 212 
700 236 
240 232 
236 236 
228 212 
236 212 
236 212 
296 216 
228 212 
212 216 
240 560 
236 208 
244 216 
232 208 
236 216 
236 244 
232 216 
236 208 
216 264 
232 208 
236 212 
236 212 
244 208 
232 212 
232 236 
236 224 
236 240 
232 216 
236 208 
232 248 
236 208 
236 212 
228 212 
244 212 
232 232 
256 208 
232 224 
236 216 
236 212 
236 220 
240 220 
240 236 
236 208 
232 216 
240 208 
236 220 
236 232 
232 216 
232 216 
236 212 
240 212 
240 228 
236 216 
844 260 
236 208 
236 272 
232 216 
232 212 
232 208 
240 220 
236 236 
236 220 
236 212 
236 204 
236 208 
236 220 
228 216 
228 212 
236 212 
240 252 
236 216 
236 216 
236 248 
236 212 
268 272 
232 216 
232 248 
228 216 
240 216 
232 296 
232 208 
232 212 
228 220 
232 260 
240 212 
236 212 
408 212 
504 236 
232 212 
240 216 
276 208 
264 212 
232 208 
236 204 
232 212 
232 236 
740 224 
236 208 
232 212 
236 212 
236 212 
232 212 
232 212 
228 212 
292 216 
236 608 
232 212 
236 212 
240 236 
236 216 
232 208 
232 96 
44 48 
208 212 
232 208 
236 224 
244 208 
236 208 
240 208 
232 212 
568 208 
236 212 
244 236 
276 216 
236 216 
232 212 
240 236 
228 216 
248 208 
232 208 
236 204 
236 220 
244 216 
232 236 
240 240 
