# ./FR-trace starting at Mon Apr 20 19:03:02 2020
################# CONFIG #################
# slot=5000
# samples=10000
# threshold=100
# idle=500
# minlen=500
# runs=10000
# pdathreads=2
# nmonitored=2
#   monitor0=../apps/openssl ec2_mult.c:153 0x1e7854
#   monitor1=../apps/openssl ec2_mult.c:161 0x1e789c
# nevicted=0
# npdatargets=2
#   target0=../apps/openssl bn_gf2m.c:412 0x20bd10
#   target1=../apps/openssl bn_gf2m.c:412+64 0x20bd50
# affinity=all
############## SYSTEM INFO ###############
# mastik_version=
# sysname=Linux
# nodename=lovelace
# release=5.3.7-arch1-1-ARCH
# version=#1 SMP PREEMPT Fri Oct 18 00:17:03 UTC 2019
# machine=x86_64
################## DATA ##################
# run=3447
# datapoints=3374
48 80 
192 212 
212 224 
236 668 
232 208 
236 232 
348 208 
232 208 
240 264 
236 216 
236 212 
216 208 
240 208 
240 212 
232 208 
304 232 
236 212 
248 212 
232 212 
228 204 
236 304 
52 56 
0 0 
0 0 
0 0 
240 208 
780 212 
232 232 
236 260 
236 208 
236 220 
236 216 
236 228 
236 240 
236 208 
236 212 
232 212 
236 208 
236 224 
240 208 
240 232 
232 256 
236 212 
236 208 
228 208 
236 248 
232 204 
236 232 
236 216 
236 232 
236 44 
232 208 
232 212 
232 208 
236 220 
228 208 
228 208 
232 208 
336 208 
244 212 
236 232 
232 216 
232 212 
240 208 
232 220 
252 208 
228 212 
228 212 
240 232 
240 260 
232 208 
396 212 
232 212 
232 208 
248 232 
232 216 
236 208 
232 208 
232 204 
232 208 
616 208 
228 220 
240 212 
228 208 
240 212 
236 244 
232 208 
240 212 
476 208 
236 432 
232 208 
232 212 
240 208 
356 208 
244 208 
228 208 
232 204 
212 216 
236 692 
240 216 
240 224 
240 236 
236 232 
256 212 
240 212 
228 204 
224 224 
236 216 
232 208 
232 212 
596 232 
240 208 
232 232 
236 220 
260 208 
228 208 
240 208 
260 212 
236 212 
236 260 
232 212 
240 216 
244 260 
236 216 
236 212 
236 204 
236 208 
228 272 
240 220 
232 212 
236 208 
236 212 
236 252 
236 212 
232 208 
236 256 
236 208 
236 236 
236 216 
228 212 
236 216 
236 224 
240 208 
236 208 
236 212 
240 236 
240 204 
236 240 
232 208 
228 216 
240 208 
236 264 
236 212 
236 204 
240 260 
244 208 
232 228 
236 212 
236 236 
240 240 
236 224 
232 208 
232 212 
240 220 
240 236 
240 212 
392 188 
236 208 
228 208 
240 212 
236 264 
228 208 
240 232 
236 212 
228 216 
656 212 
236 212 
308 208 
232 212 
240 224 
236 212 
252 260 
232 212 
220 208 
240 456 
236 208 
236 212 
240 212 
232 208 
240 208 
240 236 
232 212 
284 216 
236 1636 
232 228 
236 220 
240 236 
236 204 
236 224 
232 204 
236 208 
216 236 
232 236 
232 216 
236 212 
228 208 
228 204 
236 216 
232 236 
232 208 
232 236 
244 212 
240 232 
236 224 
232 212 
232 212 
232 208 
240 236 
232 204 
228 208 
236 236 
236 212 
236 232 
228 208 
236 204 
228 208 
236 208 
236 220 
240 232 
236 228 
240 208 
232 216 
232 212 
352 236 
232 208 
232 212 
236 216 
236 208 
236 260 
228 204 
240 236 
232 208 
236 232 
232 208 
236 212 
232 208 
236 208 
240 212 
236 208 
232 212 
236 216 
236 208 
224 228 
232 212 
232 208 
236 204 
236 208 
240 232 
232 208 
236 212 
232 208 
372 228 
240 208 
236 208 
232 240 
228 212 
240 208 
236 208 
240 240 
236 208 
644 208 
236 208 
48 36 
236 244 
232 236 
252 208 
232 204 
232 208 
228 208 
232 476 
228 216 
236 244 
236 208 
244 240 
256 216 
228 212 
232 208 
216 208 
232 208 
228 204 
328 212 
232 204 
228 216 
236 204 
236 248 
240 208 
212 220 
44 48 
244 208 
232 212 
228 216 
232 228 
232 212 
260 208 
228 208 
240 212 
240 236 
228 208 
232 216 
236 236 
236 204 
236 1128 
232 212 
232 208 
236 220 
236 232 
236 216 
236 212 
228 204 
244 236 
232 208 
232 208 
240 300 
236 44 
232 208 
236 208 
232 212 
236 208 
232 212 
236 220 
236 232 
240 208 
236 212 
240 216 
236 232 
240 232 
240 232 
232 208 
236 256 
236 232 
236 208 
240 232 
236 232 
232 212 
240 236 
188 212 
236 208 
200 236 
232 232 
240 236 
228 208 
232 236 
276 212 
236 212 
236 208 
228 204 
452 208 
236 236 
240 212 
240 256 
236 236 
236 208 
232 216 
236 216 
232 208 
656 232 
236 216 
236 224 
252 208 
232 212 
232 208 
240 264 
244 232 
216 204 
236 508 
240 216 
236 212 
236 208 
240 208 
232 232 
240 208 
240 212 
212 232 
232 204 
228 204 
236 208 
228 208 
228 212 
252 212 
236 220 
240 236 
244 208 
236 212 
240 236 
236 236 
284 316 
236 232 
260 232 
240 212 
236 228 
256 212 
268 208 
240 208 
236 260 
228 208 
236 232 
240 208 
252 212 
236 236 
232 208 
228 216 
240 216 
232 212 
236 208 
240 236 
240 216 
240 204 
236 252 
236 228 
236 236 
228 208 
236 212 
236 208 
240 216 
240 208 
236 208 
240 232 
232 204 
884 232 
232 216 
240 212 
232 208 
236 208 
240 232 
244 208 
232 208 
236 220 
236 212 
244 216 
236 208 
232 208 
232 212 
220 208 
236 208 
236 204 
240 232 
236 208 
236 256 
272 216 
228 212 
240 208 
456 212 
232 208 
228 224 
236 208 
236 212 
240 208 
236 220 
236 208 
232 212 
652 208 
240 212 
1100 248 
260 208 
232 212 
236 208 
236 212 
240 232 
212 232 
232 532 
240 208 
236 232 
236 220 
236 216 
244 208 
232 232 
228 208 
216 212 
228 208 
232 336 
236 240 
232 216 
236 208 
236 208 
232 220 
236 216 
232 208 
240 232 
236 216 
240 208 
232 240 
240 260 
236 216 
236 208 
236 232 
244 212 
232 208 
236 236 
236 236 
240 208 
236 252 
232 204 
232 212 
240 212 
236 204 
236 204 
368 236 
236 216 
236 236 
284 312 
232 208 
228 212 
240 208 
236 212 
240 212 
236 248 
232 208 
240 208 
236 216 
236 236 
236 204 
236 208 
240 208 
240 236 
236 212 
232 208 
232 228 
236 208 
240 208 
232 208 
236 232 
232 260 
236 212 
236 212 
232 220 
236 220 
228 216 
236 260 
252 212 
236 208 
244 208 
236 204 
236 208 
236 208 
240 220 
232 204 
1168 236 
232 208 
240 232 
244 208 
232 212 
236 236 
244 212 
228 208 
240 216 
688 220 
232 216 
236 240 
232 216 
240 216 
232 208 
240 232 
236 212 
212 212 
240 560 
240 248 
232 208 
48 40 
272 208 
240 208 
232 208 
240 212 
212 236 
240 208 
236 208 
240 212 
240 208 
236 232 
228 208 
236 264 
240 212 
228 212 
232 204 
236 220 
236 220 
228 212 
232 208 
240 208 
236 236 
228 208 
232 220 
240 208 
232 44 
240 44 
240 232 
236 208 
236 216 
228 204 
240 224 
232 212 
232 208 
232 212 
240 208 
232 212 
236 208 
240 232 
232 228 
236 208 
232 208 
400 224 
232 216 
232 208 
228 212 
212 264 
232 232 
244 212 
240 232 
240 236 
232 44 
236 220 
236 232 
228 212 
236 220 
240 208 
240 224 
232 240 
232 212 
240 216 
236 236 
232 208 
1160 260 
240 212 
260 296 
232 208 
236 224 
236 224 
240 212 
240 208 
236 232 
232 212 
232 220 
484 208 
236 256 
240 208 
232 212 
244 216 
232 208 
236 212 
236 236 
236 240 
736 208 
232 212 
232 208 
232 208 
236 208 
232 208 
232 208 
236 220 
212 204 
228 572 
228 208 
240 208 
240 216 
232 248 
240 208 
232 208 
232 208 
212 208 
236 220 
228 204 
232 208 
236 236 
236 232 
236 284 
232 208 
236 236 
236 212 
236 208 
236 236 
228 216 
228 208 
240 208 
228 204 
236 208 
232 208 
240 208 
232 220 
236 232 
232 208 
244 236 
236 232 
232 208 
240 212 
232 208 
232 224 
232 208 
236 204 
732 204 
232 228 
236 208 
240 212 
236 212 
240 240 
232 224 
232 208 
232 216 
236 232 
236 232 
236 208 
240 208 
236 208 
236 232 
236 216 
232 208 
1160 244 
236 236 
236 204 
240 232 
236 212 
236 208 
236 396 
236 232 
240 208 
232 212 
240 204 
236 208 
244 208 
284 208 
232 276 
236 256 
240 204 
264 208 
232 228 
244 272 
232 216 
236 232 
512 208 
240 240 
236 256 
232 208 
236 212 
232 212 
240 208 
236 216 
236 232 
744 212 
236 244 
620 212 
228 208 
232 204 
232 232 
232 208 
240 212 
216 208 
236 600 
236 216 
232 212 
236 220 
232 208 
232 212 
236 232 
236 220 
216 208 
232 220 
240 208 
236 208 
240 204 
240 208 
228 212 
248 204 
232 208 
236 224 
236 704 
232 208 
232 204 
232 208 
236 216 
236 240 
236 208 
236 208 
232 228 
376 212 
260 248 
240 236 
236 232 
240 212 
232 208 
228 216 
280 212 
236 260 
236 212 
236 208 
236 236 
232 208 
232 208 
232 208 
260 228 
236 220 
236 232 
240 256 
240 216 
232 208 
232 232 
232 220 
228 212 
252 208 
232 208 
232 212 
232 208 
228 232 
232 212 
232 208 
232 212 
240 252 
236 204 
240 232 
236 220 
236 240 
236 208 
240 216 
240 212 
240 232 
292 208 
228 212 
232 204 
308 212 
236 208 
232 236 
236 212 
236 208 
236 208 
536 216 
296 236 
236 228 
228 212 
244 212 
232 216 
244 212 
236 232 
264 212 
232 380 
232 208 
232 204 
240 208 
236 240 
228 208 
240 256 
240 208 
220 320 
236 560 
240 208 
236 216 
240 252 
232 232 
240 220 
236 220 
240 208 
220 236 
236 212 
236 208 
232 208 
232 216 
240 216 
236 228 
236 220 
500 44 
232 244 
232 208 
240 212 
232 204 
240 236 
236 236 
232 212 
240 204 
232 208 
236 212 
240 208 
240 256 
228 216 
232 204 
236 216 
276 316 
236 208 
240 236 
236 232 
232 216 
228 208 
232 212 
240 264 
236 256 
180 44 
236 228 
236 236 
236 232 
236 236 
232 212 
236 236 
236 216 
240 208 
236 220 
272 208 
228 208 
232 220 
232 208 
228 208 
236 208 
236 232 
296 208 
240 208 
240 208 
232 216 
236 212 
240 212 
240 208 
236 204 
232 264 
236 204 
336 212 
228 208 
240 48 
236 212 
244 204 
236 224 
240 248 
240 240 
236 240 
552 208 
256 212 
236 244 
236 212 
228 204 
236 248 
232 204 
232 212 
236 212 
236 388 
236 236 
236 212 
232 240 
352 208 
232 216 
236 208 
236 208 
216 208 
240 584 
232 204 
232 212 
236 224 
232 212 
600 212 
236 212 
228 208 
216 212 
240 216 
236 252 
232 212 
228 208 
236 216 
232 216 
236 212 
228 236 
232 212 
232 208 
236 256 
272 208 
236 216 
240 232 
232 216 
236 232 
236 228 
236 212 
232 204 
240 208 
232 228 
232 208 
236 208 
240 220 
228 212 
228 208 
232 204 
232 208 
236 260 
236 232 
232 212 
236 204 
240 220 
240 212 
236 232 
244 208 
236 216 
232 208 
360 236 
236 216 
236 216 
232 204 
232 204 
240 224 
232 204 
244 212 
236 208 
236 204 
232 208 
240 224 
236 216 
236 212 
232 232 
252 208 
232 208 
236 212 
232 224 
232 208 
232 212 
352 212 
240 236 
232 208 
236 208 
256 212 
236 204 
232 208 
236 236 
240 208 
544 208 
240 212 
236 208 
240 232 
236 216 
232 204 
240 212 
236 204 
212 204 
232 432 
232 212 
236 220 
532 208 
240 208 
232 208 
240 224 
236 236 
212 208 
236 664 
236 236 
232 228 
232 240 
236 264 
232 212 
232 208 
240 236 
208 208 
244 216 
236 216 
232 204 
228 212 
236 224 
236 208 
232 208 
228 208 
232 204 
228 212 
240 236 
236 228 
240 204 
232 228 
232 224 
236 208 
240 220 
228 208 
240 212 
240 204 
240 236 
236 212 
268 208 
232 208 
232 204 
228 204 
232 208 
236 204 
236 208 
236 232 
236 260 
236 212 
232 212 
236 216 
232 216 
236 244 
228 204 
284 208 
228 212 
236 236 
236 212 
236 208 
232 208 
280 212 
236 236 
240 248 
232 212 
236 244 
236 204 
240 216 
232 212 
236 216 
212 204 
240 216 
236 208 
240 256 
228 212 
232 220 
236 208 
360 208 
236 208 
236 208 
240 260 
232 208 
236 428 
248 208 
232 212 
228 208 
1016 236 
232 208 
240 212 
236 236 
240 208 
232 204 
236 236 
232 216 
220 232 
228 420 
228 212 
240 208 
228 208 
232 212 
232 248 
236 256 
240 216 
208 316 
236 624 
236 228 
240 220 
240 208 
228 212 
236 216 
236 232 
232 212 
240 212 
232 208 
244 208 
232 212 
232 220 
52 40 
240 212 
232 232 
236 1060 
236 216 
236 256 
232 212 
236 204 
240 236 
240 224 
240 212 
236 204 
236 212 
236 208 
232 216 
232 220 
236 208 
236 204 
236 240 
232 212 
236 240 
232 208 
232 208 
232 216 
236 252 
236 212 
240 236 
236 88 
240 44 
236 232 
240 208 
232 208 
232 232 
288 236 
232 208 
232 204 
240 208 
360 212 
232 216 
236 208 
236 236 
232 232 
232 212 
236 208 
232 232 
232 212 
240 208 
228 212 
240 220 
236 252 
240 232 
228 212 
236 232 
232 236 
232 224 
252 40 
232 208 
240 208 
232 216 
280 212 
232 216 
240 212 
232 220 
232 208 
608 208 
236 208 
232 208 
236 220 
240 208 
252 216 
236 204 
232 248 
208 212 
232 472 
240 232 
256 212 
240 216 
232 208 
232 212 
240 212 
240 224 
208 228 
240 704 
232 208 
240 208 
228 216 
232 204 
240 208 
236 260 
276 220 
220 228 
236 232 
236 256 
236 208 
236 216 
236 252 
228 208 
240 208 
244 208 
232 216 
232 212 
236 208 
252 208 
232 212 
240 208 
232 208 
240 208 
236 236 
236 232 
240 208 
228 216 
236 236 
236 236 
240 204 
236 236 
240 220 
236 212 
236 252 
228 216 
236 212 
428 260 
216 208 
236 208 
240 268 
296 228 
232 216 
236 268 
236 216 
232 208 
236 236 
232 208 
240 224 
232 228 
240 256 
232 220 
232 208 
236 208 
228 212 
232 212 
232 208 
232 212 
236 204 
236 212 
232 236 
240 228 
232 208 
228 220 
232 216 
236 264 
240 208 
364 212 
232 208 
232 204 
232 208 
240 208 
232 208 
236 208 
232 208 
232 208 
644 208 
236 208 
228 208 
248 212 
232 212 
236 212 
232 216 
232 212 
216 208 
236 456 
232 240 
236 236 
236 1328 
236 208 
236 208 
236 212 
232 208 
220 212 
228 720 
236 232 
232 208 
236 212 
240 208 
232 212 
228 208 
228 208 
212 216 
236 236 
236 232 
240 232 
260 212 
252 212 
240 228 
240 264 
232 208 
240 336 
236 236 
232 208 
228 208 
232 212 
264 268 
240 232 
232 228 
240 204 
232 204 
980 224 
232 212 
240 204 
240 236 
236 232 
272 208 
232 208 
232 220 
232 212 
228 212 
240 208 
232 244 
228 208 
232 208 
232 208 
236 232 
232 224 
240 232 
236 212 
232 224 
444 208 
240 232 
232 244 
248 232 
232 212 
228 204 
244 204 
236 232 
232 208 
240 208 
232 208 
240 212 
224 212 
236 208 
828 188 
232 216 
228 208 
232 204 
236 252 
236 232 
256 208 
400 216 
232 212 
232 220 
236 224 
232 212 
236 216 
232 224 
236 220 
228 208 
672 208 
236 1068 
232 204 
232 208 
240 204 
236 236 
236 252 
236 216 
208 212 
236 484 
48 40 
232 224 
236 212 
232 208 
232 216 
244 216 
236 208 
220 208 
236 688 
228 208 
228 204 
244 212 
240 236 
232 228 
236 204 
232 212 
212 44 
240 44 
240 232 
236 204 
232 208 
236 208 
240 244 
268 212 
240 204 
236 220 
240 216 
240 212 
232 208 
236 204 
236 208 
236 208 
236 212 
228 208 
228 208 
236 216 
240 212 
228 48 
228 256 
232 212 
228 204 
236 204 
232 208 
232 208 
232 208 
244 224 
244 212 
240 208 
236 208 
240 236 
236 220 
236 260 
232 212 
232 216 
232 212 
236 236 
236 256 
232 208 
232 236 
228 208 
240 216 
240 256 
228 212 
236 264 
236 220 
240 208 
236 252 
216 216 
240 204 
232 268 
268 204 
236 208 
236 244 
236 228 
232 212 
236 204 
420 208 
236 240 
232 204 
232 204 
236 204 
228 208 
232 224 
232 208 
236 208 
704 208 
232 204 
236 208 
240 220 
236 228 
232 208 
236 244 
236 208 
212 224 
232 360 
236 216 
248 208 
236 208 
252 212 
268 212 
236 208 
240 208 
220 208 
232 732 
236 208 
232 208 
232 212 
236 220 
232 228 
240 208 
240 220 
240 264 
240 220 
240 212 
496 204 
240 216 
232 208 
232 208 
240 216 
236 232 
240 212 
236 260 
232 208 
236 208 
244 216 
212 208 
228 216 
240 236 
232 208 
236 212 
236 236 
240 232 
236 208 
232 212 
236 264 
236 208 
232 260 
240 212 
236 224 
232 208 
240 212 
236 264 
1044 216 
244 216 
284 208 
248 204 
236 212 
240 232 
228 212 
236 208 
236 236 
236 224 
240 208 
236 216 
232 208 
232 208 
236 208 
236 236 
236 208 
244 208 
240 220 
236 212 
232 208 
228 212 
236 212 
236 216 
236 236 
240 208 
232 212 
240 212 
232 216 
444 208 
236 208 
232 216 
232 208 
232 208 
236 212 
240 208 
236 232 
232 212 
712 204 
232 208 
236 208 
240 208 
232 208 
236 208 
232 208 
228 216 
216 212 
228 540 
232 208 
236 236 
236 232 
236 220 
232 204 
232 204 
236 208 
216 212 
236 208 
236 208 
236 244 
236 224 
244 236 
236 232 
236 252 
236 216 
240 204 
240 212 
240 216 
492 236 
236 208 
240 256 
232 204 
236 208 
228 212 
232 216 
236 208 
240 232 
240 236 
236 208 
236 208 
228 208 
236 236 
236 220 
232 208 
236 212 
980 232 
240 232 
256 212 
228 208 
232 208 
240 208 
236 204 
236 252 
236 204 
236 232 
236 204 
232 208 
244 208 
236 236 
240 236 
228 268 
232 208 
300 216 
232 208 
236 212 
240 228 
236 244 
232 212 
232 212 
232 208 
404 212 
236 212 
240 208 
236 208 
232 208 
236 208 
248 236 
228 208 
748 208 
236 204 
228 204 
232 224 
48 48 
240 228 
236 240 
464 208 
232 208 
240 216 
232 208 
236 208 
232 220 
236 212 
240 232 
232 212 
712 208 
236 232 
236 212 
236 212 
236 236 
236 260 
232 212 
228 236 
208 208 
236 552 
232 212 
232 208 
232 208 
236 236 
48 44 
236 208 
236 240 
216 208 
668 212 
240 212 
240 216 
236 260 
232 248 
240 212 
236 236 
236 208 
228 208 
232 224 
232 208 
240 236 
236 212 
228 204 
240 236 
240 208 
240 212 
228 208 
236 208 
240 236 
240 252 
300 212 
236 208 
236 208 
240 236 
228 280 
232 44 
236 236 
236 208 
236 216 
240 204 
236 204 
240 208 
236 220 
236 236 
236 232 
236 212 
240 252 
236 212 
232 208 
236 208 
232 212 
232 212 
240 208 
236 264 
240 236 
236 208 
236 208 
232 228 
236 212 
236 212 
236 208 
240 236 
236 240 
240 216 
236 224 
236 232 
236 208 
240 212 
240 208 
236 204 
236 256 
236 208 
232 212 
236 212 
244 232 
236 212 
232 208 
492 248 
232 204 
240 208 
240 212 
232 216 
228 212 
240 212 
240 208 
268 232 
752 240 
232 216 
228 208 
232 232 
236 216 
232 240 
240 212 
504 212 
212 236 
236 568 
240 208 
236 212 
232 212 
236 212 
236 216 
228 208 
240 208 
212 236 
232 216 
240 208 
236 208 
228 212 
236 232 
236 212 
236 216 
240 256 
232 204 
232 208 
236 232 
232 212 
236 208 
236 232 
252 212 
232 208 
236 204 
240 208 
240 208 
232 212 
232 208 
236 204 
240 208 
436 208 
240 208 
236 212 
236 212 
232 232 
236 244 
236 256 
232 236 
228 212 
228 204 
240 208 
236 220 
236 244 
232 216 
228 208 
240 220 
240 212 
232 236 
244 208 
232 216 
232 240 
256 236 
240 208 
236 208 
240 216 
236 260 
232 208 
236 232 
232 228 
264 208 
656 460 
0 0 
0 0 
0 0 
0 0 
0 0 
0 0 
0 0 
0 0 
0 0 
0 0 
0 0 
0 0 
0 0 
0 0 
0 0 
0 0 
0 0 
0 0 
0 0 
0 0 
0 0 
0 0 
0 0 
0 0 
0 0 
0 0 
0 0 
0 0 
0 0 
0 0 
0 0 
0 0 
0 0 
0 0 
0 0 
0 0 
0 0 
0 0 
0 0 
0 0 
0 0 
0 0 
0 0 
0 0 
0 0 
0 0 
0 0 
0 0 
0 0 
0 0 
0 0 
0 0 
0 0 
0 0 
0 0 
0 0 
0 0 
0 0 
0 0 
0 0 
0 0 
0 0 
0 0 
0 0 
0 0 
0 0 
0 0 
228 204 
236 208 
232 208 
192 236 
232 220 
232 212 
240 208 
236 260 
236 252 
232 236 
236 232 
232 208 
232 208 
228 208 
236 212 
236 212 
236 212 
252 208 
228 204 
240 204 
232 212 
476 212 
236 216 
240 212 
236 212 
236 208 
236 236 
232 212 
236 232 
232 208 
244 208 
232 228 
236 496 
296 248 
240 208 
236 204 
592 216 
244 216 
232 236 
232 212 
232 208 
244 224 
536 208 
232 244 
248 208 
240 212 
236 212 
236 232 
244 208 
232 208 
236 220 
232 368 
236 252 
236 212 
236 208 
244 220 
232 212 
232 208 
236 208 
212 208 
280 560 
324 208 
228 212 
240 212 
228 204 
236 208 
244 240 
236 220 
204 204 
232 384 
232 208 
232 212 
232 212 
244 212 
236 256 
232 224 
232 208 
236 208 
232 208 
236 224 
240 232 
232 208 
232 208 
240 220 
240 212 
192 208 
48 212 
236 236 
260 208 
236 208 
236 204 
240 212 
236 216 
228 208 
240 212 
240 232 
232 216 
232 216 
236 260 
228 216 
228 204 
240 216 
232 244 
236 248 
232 228 
240 208 
244 216 
232 208 
236 208 
52 172 
232 212 
232 236 
236 208 
232 260 
228 204 
236 208 
236 212 
232 204 
232 208 
240 1016 
240 208 
240 212 
232 204 
232 216 
240 208 
232 212 
236 232 
232 208 
332 232 
236 208 
236 236 
232 216 
236 328 
232 232 
232 216 
236 208 
232 208 
568 40 
236 232 
236 204 
236 232 
236 228 
232 208 
232 208 
236 224 
236 212 
264 352 
236 208 
232 216 
240 208 
232 212 
236 236 
232 212 
232 1020 
216 236 
256 564 
236 212 
236 216 
232 208 
240 208 
240 232 
232 236 
232 212 
216 208 
236 236 
236 248 
232 208 
232 208 
236 232 
264 212 
240 208 
240 216 
236 208 
232 208 
232 212 
232 204 
260 212 
236 216 
252 216 
240 232 
236 244 
232 236 
236 208 
236 208 
232 240 
236 220 
232 236 
336 236 
236 216 
240 212 
228 204 
232 208 
236 208 
240 208 
236 232 
232 220 
232 208 
240 208 
232 208 
240 212 
232 208 
232 208 
240 208 
232 216 
228 204 
240 220 
236 204 
236 232 
240 216 
236 216 
240 232 
236 252 
236 228 
236 224 
240 212 
232 208 
260 212 
236 216 
232 228 
236 208 
236 228 
228 204 
228 208 
324 208 
232 208 
236 208 
240 208 
236 232 
236 244 
232 232 
240 208 
252 212 
596 208 
236 212 
236 212 
232 208 
236 216 
244 836 
232 208 
240 216 
240 240 
252 396 
232 208 
232 204 
236 220 
236 232 
232 212 
236 204 
232 232 
208 228 
236 636 
236 208 
232 208 
236 256 
232 208 
232 208 
236 212 
232 252 
208 208 
236 240 
232 224 
236 212 
236 232 
236 204 
240 208 
240 236 
236 232 
244 208 
232 208 
240 204 
232 216 
232 216 
236 208 
232 208 
232 208 
236 208 
240 236 
228 208 
240 232 
236 212 
236 212 
232 208 
232 208 
232 208 
244 216 
236 232 
236 244 
236 220 
244 212 
244 212 
232 232 
236 236 
232 212 
232 208 
232 208 
240 204 
232 212 
232 208 
232 216 
232 212 
252 216 
236 216 
240 228 
232 220 
232 212 
236 216 
236 220 
228 208 
232 208 
232 208 
276 212 
240 232 
236 204 
232 212 
232 208 
272 216 
244 212 
232 228 
360 212 
236 264 
232 212 
252 1028 
240 216 
232 224 
232 208 
228 208 
236 216 
596 232 
232 208 
240 204 
232 208 
236 204 
228 212 
240 208 
236 216 
232 212 
240 416 
240 216 
268 208 
232 244 
236 208 
240 216 
228 204 
236 232 
212 264 
232 664 
240 216 
232 208 
232 212 
240 208 
240 232 
240 208 
244 204 
216 240 
1208 204 
240 428 
232 236 
264 216 
236 236 
236 208 
228 208 
236 208 
240 208 
240 204 
240 236 
232 236 
232 212 
236 212 
236 236 
228 204 
232 208 
236 216 
236 204 
232 232 
236 216 
240 212 
48 40 
236 208 
236 224 
236 216 
236 220 
232 216 
236 216 
232 204 
236 212 
236 208 
240 208 
240 232 
924 212 
232 204 
240 204 
244 264 
232 248 
236 204 
236 204 
240 236 
232 244 
244 212 
228 212 
236 212 
236 204 
240 236 
232 256 
232 212 
44 44 
232 904 
232 212 
236 204 
232 208 
332 232 
240 208 
232 232 
232 208 
396 232 
232 204 
240 260 
236 208 
240 224 
236 244 
236 232 
240 212 
232 208 
632 216 
232 208 
236 212 
236 232 
248 212 
240 208 
228 208 
232 228 
220 220 
240 460 
228 44 
240 216 
236 236 
232 212 
236 236 
232 236 
236 216 
212 212 
240 696 
236 220 
232 244 
240 208 
240 208 
236 236 
236 212 
244 208 
216 216 
228 224 
236 232 
232 212 
232 208 
232 212 
244 208 
240 216 
232 204 
236 236 
232 208 
240 236 
244 212 
228 212 
236 208 
240 208 
232 228 
232 208 
228 216 
228 204 
232 224 
236 208 
232 212 
232 204 
756 204 
236 208 
240 212 
244 284 
240 240 
232 212 
232 208 
232 212 
232 236 
236 248 
240 232 
228 208 
232 212 
236 204 
236 212 
232 204 
248 204 
240 232 
236 236 
232 208 
240 212 
228 208 
232 208 
236 216 
232 216 
240 208 
232 208 
232 208 
240 208 
236 232 
240 232 
228 208 
232 208 
236 204 
236 216 
236 216 
416 212 
232 212 
232 208 
240 212 
240 216 
240 216 
232 212 
236 216 
240 216 
756 212 
236 208 
236 232 
232 216 
236 240 
232 208 
236 220 
240 208 
208 228 
236 468 
232 208 
228 216 
232 216 
236 236 
240 212 
228 212 
240 212 
212 208 
236 664 
236 224 
240 248 
236 212 
232 208 
236 212 
232 212 
240 212 
212 228 
236 232 
236 264 
236 220 
228 212 
248 208 
236 232 
276 212 
232 204 
236 208 
240 232 
232 208 
232 208 
956 216 
232 208 
236 224 
236 216 
232 208 
232 208 
236 208 
236 216 
240 260 
236 212 
232 208 
240 212 
240 216 
236 220 
236 240 
236 212 
236 216 
236 208 
228 204 
236 208 
236 212 
232 212 
232 216 
232 208 
236 236 
600 208 
240 224 
236 232 
236 248 
236 208 
236 212 
236 244 
232 204 
232 208 
232 208 
232 216 
236 208 
228 280 
448 212 
232 208 
228 212 
232 208 
236 220 
240 208 
232 204 
236 216 
236 236 
408 556 
236 208 
232 212 
232 212 
228 216 
240 216 
236 232 
248 212 
236 212 
656 216 
232 212 
236 216 
236 224 
236 232 
232 212 
228 208 
232 208 
216 220 
228 532 
240 228 
520 216 
232 208 
240 208 
236 208 
236 204 
232 212 
232 208 
232 684 
240 208 
244 236 
236 212 
232 208 
240 212 
236 232 
228 308 
224 208 
240 212 
892 236 
228 208 
232 208 
232 216 
240 220 
236 236 
236 228 
236 240 
232 216 
236 208 
236 224 
240 208 
232 204 
236 208 
236 220 
232 248 
228 232 
232 216 
332 236 
232 212 
232 216 
236 232 
232 204 
232 212 
236 224 
236 212 
232 204 
236 212 
240 256 
232 204 
236 236 
236 216 
232 224 
468 216 
236 208 
236 216 
40 48 
240 240 
232 232 
240 224 
236 216 
232 208 
236 256 
232 208 
236 220 
244 216 
232 212 
232 228 
236 216 
220 208 
232 224 
240 208 
236 236 
228 212 
240 204 
232 236 
232 216 
244 212 
444 268 
236 236 
232 260 
236 212 
236 212 
228 204 
80 40 
236 236 
256 208 
712 208 
232 208 
236 212 
240 208 
236 252 
244 212 
264 208 
248 208 
208 212 
232 496 
228 208 
240 216 
240 236 
232 244 
232 204 
236 204 
232 212 
216 216 
240 748 
240 232 
236 264 
236 208 
240 232 
232 256 
232 208 
236 204 
212 44 
232 208 
236 208 
232 212 
236 208 
240 220 
232 244 
232 204 
236 244 
240 212 
232 212 
232 212 
236 208 
236 232 
236 232 
232 232 
236 236 
236 212 
232 232 
232 208 
236 212 
236 220 
232 212 
240 208 
240 264 
228 208 
232 216 
236 236 
240 208 
236 232 
228 208 
228 208 
236 232 
236 212 
228 204 
236 212 
236 232 
232 204 
232 208 
236 204 
236 212 
232 212 
260 212 
228 208 
240 216 
236 252 
232 208 
236 212 
236 208 
236 224 
236 208 
220 208 
232 208 
232 208 
236 216 
240 252 
232 236 
240 244 
452 208 
236 232 
480 208 
240 204 
228 212 
236 208 
244 236 
236 232 
244 236 
228 208 
232 208 
716 208 
240 216 
236 232 
240 212 
236 212 
232 212 
232 252 
236 208 
216 212 
244 500 
228 212 
228 208 
232 212 
232 208 
240 252 
240 208 
236 216 
212 232 
236 224 
240 212 
232 212 
228 204 
240 212 
232 236 
232 204 
388 208 
240 236 
228 212 
232 208 
240 220 
236 208 
236 208 
232 220 
236 208 
232 216 
236 212 
236 208 
232 212 
232 216 
236 208 
232 208 
236 208 
236 224 
228 212 
232 208 
240 236 
236 212 
244 208 
236 216 
240 232 
232 216 
236 260 
240 208 
228 204 
236 208 
236 236 
240 208 
232 212 
236 208 
232 208 
232 208 
232 216 
236 208 
240 236 
236 220 
236 208 
240 232 
236 236 
256 212 
228 204 
236 208 
232 212 
228 208 
620 208 
236 212 
232 204 
268 212 
220 232 
236 236 
236 260 
236 256 
236 208 
260 208 
240 212 
236 212 
244 216 
480 220 
228 208 
236 216 
232 208 
240 216 
236 252 
268 212 
236 204 
240 208 
708 208 
228 224 
236 208 
232 208 
232 224 
232 208 
240 208 
244 236 
212 208 
232 560 
236 236 
240 208 
236 208 
232 208 
232 208 
236 208 
236 212 
212 212 
236 208 
232 216 
236 232 
236 232 
232 232 
232 208 
236 260 
240 204 
232 232 
228 204 
236 216 
236 248 
236 236 
232 204 
236 208 
240 212 
240 204 
232 212 
240 224 
232 212 
240 208 
236 256 
236 216 
240 208 
240 212 
240 216 
240 236 
236 224 
232 208 
236 208 
232 208 
216 204 
48 44 
232 228 
236 204 
216 208 
44 48 
232 208 
228 44 
228 208 
236 208 
236 316 
236 212 
212 188 
208 188 
216 188 
232 228 
232 232 
196 200 
208 320 
232 208 
216 208 
232 192 
196 232 
228 192 
528 228 
236 196 
232 212 
232 192 
216 224 
232 304 
208 192 
240 192 
236 208 
192 232 
200 200 
232 228 
200 192 
228 420 
340 208 
212 188 
192 228 
192 188 
236 216 
196 204 
196 192 
192 196 
208 620 
200 224 
192 192 
236 232 
236 228 
208 192 
236 228 
192 188 
192 228 
212 204 
232 232 
212 232 
236 232 
212 232 
232 192 
192 196 
232 196 
204 192 
204 232 
220 208 
316 232 
192 232 
208 212 
208 196 
192 192 
212 200 
212 192 
216 228 
212 188 
200 192 
196 220 
232 208 
260 208 
188 236 
196 192 
232 224 
232 232 
232 192 
196 208 
232 232 
224 192 
192 192 
216 232 
208 216 
224 232 
232 232 
228 236 
232 232 
232 228 
232 228 
212 228 
228 232 
228 232 
232 236 
232 212 
192 232 
212 188 
236 236 
232 192 
232 232 
236 232 
228 228 
232 228 
232 228 
212 232 
232 228 
212 188 
216 192 
260 736 
236 232 
212 232 
232 232 
232 232 
232 232 
232 232 
232 232 
236 232 
280 232 
232 228 
236 228 
240 200 
228 224 
236 228 
232 228 
232 232 
232 228 
504 228 
236 228 
212 192 
240 228 
196 232 
348 236 
212 208 
192 240 
208 192 
744 232 
232 188 
192 228 
232 208 
236 212 
192 192 
260 188 
232 236 
236 208 
340 196 
192 192 
232 188 
208 228 
236 232 
192 232 
212 188 
236 256 
212 188 
216 232 
224 216 
236 192 
192 216 
204 192 
188 232 
232 188 
196 196 
240 208 
232 232 
216 228 
192 192 
192 212 
220 188 
732 212 
236 212 
212 200 
192 204 
232 232 
232 232 
236 232 
232 228 
228 228 
228 228 
228 236 
228 232 
232 228 
232 232 
232 188 
196 228 
196 308 
220 232 
692 192 
240 232 
212 216 
232 228 
236 228 
204 196 
236 188 
212 208 
212 192 
280 232 
224 200 
232 232 
228 188 
212 208 
212 188 
200 208 
192 196 
212 232 
240 192 
232 228 
232 268 
192 224 
192 192 
196 188 
216 200 
232 232 
208 188 
212 192 
208 216 
236 232 
192 212 
252 228 
196 224 
204 188 
232 188 
232 188 
208 196 
232 228 
232 220 
228 228 
192 188 
212 196 
192 188 
232 236 
212 232 
200 404 
220 236 
244 212 
192 192 
216 232 
236 196 
232 236 
208 208 
208 216 
208 228 
232 188 
196 204 
208 212 
232 232 
192 200 
192 232 
212 204 
240 208 
216 228 
232 188 
236 232 
216 232 
232 228 
196 192 
192 228 
704 228 
232 224 
232 208 
216 192 
232 212 
216 232 
208 204 
232 232 
192 188 
232 212 
212 216 
188 228 
196 232 
232 208 
192 192 
228 228 
264 232 
240 744 
232 216 
224 192 
196 188 
236 228 
192 204 
212 232 
208 192 
632 188 
212 192 
480 224 
232 232 
232 192 
196 236 
236 228 
200 212 
212 192 
196 188 
232 232 
228 236 
192 228 
220 236 
232 232 
228 208 
208 232 
208 232 
236 212 
232 232 
232 232 
188 216 
232 212 
232 504 
192 232 
228 228 
212 188 
328 232 
220 212 
232 212 
192 212 
232 232 
232 232 
232 192 
192 208 
232 232 
528 232 
196 208 
212 204 
192 208 
216 192 
272 212 
208 232 
192 288 
208 212 
208 216 
260 192 
232 228 
212 300 
232 192 
412 208 
228 232 
232 232 
236 212 
232 648 
236 232 
232 216 
236 192 
248 228 
308 276 
244 340 
200 232 
212 192 
196 232 
600 316 
236 296 
212 320 
316 312 
196 232 
200 192 
196 228 
196 212 
232 264 
212 192 
192 208 
192 572 
200 208 
188 200 
204 272 
232 208 
232 208 
232 232 
212 188 
208 196 
208 212 
192 324 
488 276 
228 328 
192 188 
216 224 
196 200 
228 232 
208 228 
200 232 
196 192 
216 220 
216 204 
192 192 
204 204 
192 252 
232 192 
212 192 
200 400 
204 236 
344 232 
200 196 
192 228 
192 208 
196 232 
208 440 
220 192 
192 192 
212 192 
192 192 
232 232 
192 192 
308 224 
212 228 
192 196 
204 212 
228 212 
220 200 
196 204 
252 240 
480 260 
204 204 
196 200 
192 268 
192 232 
212 232 
196 192 
192 192 
196 224 
224 192 
200 224 
192 228 
196 220 
196 196 
200 196 
200 208 
196 188 
320 224 
196 208 
212 228 
200 232 
196 188 
268 236 
196 204 
232 204 
228 220 
196 196 
196 196 
228 208 
196 236 
192 192 
196 192 
220 224 
196 204 
236 188 
232 232 
232 188 
336 208 
308 236 
204 208 
212 208 
300 288 
192 196 
232 220 
228 192 
236 268 
972 232 
332 276 
208 212 
200 320 
216 196 
192 264 
196 192 
236 220 
220 232 
228 200 
244 208 
240 224 
244 232 
208 232 
232 192 
212 204 
236 208 
240 208 
240 236 
236 208 
472 304 
240 196 
204 196 
220 188 
192 208 
200 208 
228 188 
208 232 
224 216 
244 196 
256 332 
208 208 
212 192 
192 1124 
220 200 
188 220 
232 196 
232 200 
228 580 
200 188 
244 212 
240 196 
300 324 
200 204 
232 208 
236 224 
220 212 
268 196 
204 196 
224 208 
208 192 
232 208 
