# ./FR-trace starting at Mon Apr 20 19:01:45 2020
################# CONFIG #################
# slot=5000
# samples=10000
# threshold=100
# idle=500
# minlen=500
# runs=10000
# pdathreads=2
# nmonitored=2
#   monitor0=../apps/openssl ec2_mult.c:153 0x1e7854
#   monitor1=../apps/openssl ec2_mult.c:161 0x1e789c
# nevicted=0
# npdatargets=2
#   target0=../apps/openssl bn_gf2m.c:412 0x20bd10
#   target1=../apps/openssl bn_gf2m.c:412+64 0x20bd50
# affinity=all
############## SYSTEM INFO ###############
# mastik_version=
# sysname=Linux
# nodename=lovelace
# release=5.3.7-arch1-1-ARCH
# version=#1 SMP PREEMPT Fri Oct 18 00:17:03 UTC 2019
# machine=x86_64
################## DATA ##################
# run=3023
# datapoints=10000
48 56 
244 236 
0 0 
0 0 
0 0 
0 0 
0 0 
0 0 
0 0 
0 0 
0 0 
0 0 
0 0 
0 0 
0 0 
0 0 
0 0 
0 0 
0 0 
0 0 
0 0 
0 0 
0 0 
0 0 
0 0 
0 0 
0 0 
0 0 
0 0 
0 0 
0 0 
0 0 
0 0 
0 0 
0 0 
0 0 
0 0 
0 0 
0 0 
0 0 
0 0 
0 0 
0 0 
0 0 
0 0 
0 0 
0 0 
0 0 
0 0 
0 0 
0 0 
0 0 
0 0 
0 0 
0 0 
0 0 
0 0 
0 0 
0 0 
0 0 
0 0 
0 0 
232 216 
216 232 
236 704 
236 212 
244 212 
236 236 
236 208 
236 224 
232 272 
240 208 
212 216 
232 236 
232 212 
228 216 
232 208 
236 220 
236 236 
232 260 
232 232 
232 212 
236 208 
236 224 
228 216 
240 236 
236 264 
236 240 
236 248 
236 240 
232 208 
240 208 
240 240 
236 212 
232 208 
236 248 
236 216 
240 228 
236 216 
232 216 
228 212 
548 212 
236 240 
232 212 
232 208 
236 212 
232 212 
256 208 
232 216 
236 208 
232 212 
232 220 
236 232 
236 240 
236 220 
240 212 
236 208 
236 212 
1000 212 
236 228 
236 228 
236 208 
240 212 
236 236 
236 248 
240 212 
232 232 
236 372 
236 216 
232 208 
236 212 
248 212 
384 240 
240 208 
244 232 
232 204 
236 212 
236 212 
240 208 
228 212 
236 240 
616 236 
232 216 
236 236 
232 212 
236 216 
236 204 
236 208 
240 212 
212 240 
236 412 
460 212 
240 268 
236 252 
236 316 
232 212 
228 208 
240 244 
256 212 
236 620 
232 252 
228 212 
228 212 
236 220 
236 236 
228 212 
232 208 
212 212 
240 212 
232 208 
236 220 
316 208 
228 240 
240 240 
228 208 
232 208 
232 216 
232 212 
236 228 
236 212 
236 216 
232 208 
236 216 
236 212 
232 224 
560 212 
244 216 
240 212 
240 208 
232 216 
244 220 
236 224 
236 232 
236 260 
240 216 
232 212 
240 236 
236 240 
236 260 
236 252 
240 260 
228 216 
272 212 
232 212 
236 212 
236 212 
232 248 
240 216 
348 208 
232 216 
240 216 
232 208 
236 212 
276 208 
232 212 
236 208 
232 212 
236 256 
232 216 
232 232 
236 220 
232 236 
236 216 
232 212 
236 264 
232 256 
260 212 
404 208 
236 212 
236 216 
236 216 
236 232 
236 212 
232 216 
228 212 
228 216 
592 220 
236 248 
240 216 
228 208 
232 216 
236 236 
236 252 
228 220 
208 232 
232 496 
236 236 
48 44 
236 216 
232 208 
240 212 
232 216 
232 212 
232 216 
232 724 
236 212 
232 256 
232 208 
236 212 
236 216 
236 232 
236 232 
216 220 
236 216 
240 236 
236 224 
232 216 
232 236 
228 212 
284 220 
232 216 
236 248 
240 208 
52 48 
232 216 
232 212 
236 208 
232 208 
240 212 
236 216 
236 252 
232 212 
232 212 
232 216 
232 212 
240 240 
236 208 
236 236 
236 260 
236 216 
228 212 
280 308 
236 244 
236 216 
240 224 
232 208 
236 264 
236 224 
236 236 
232 212 
308 224 
236 240 
236 44 
232 212 
240 204 
248 220 
232 216 
236 236 
232 216 
232 236 
228 228 
236 220 
236 208 
224 212 
236 232 
232 220 
232 212 
232 212 
236 208 
240 208 
232 216 
236 216 
400 204 
232 264 
228 212 
232 212 
236 208 
240 204 
236 228 
236 216 
236 244 
664 212 
232 260 
232 208 
232 216 
232 260 
232 216 
312 208 
232 212 
216 208 
248 476 
232 244 
232 260 
232 212 
236 252 
236 212 
232 208 
244 212 
212 212 
240 728 
236 216 
232 228 
228 208 
764 212 
224 216 
236 208 
236 216 
208 216 
232 208 
236 216 
232 240 
240 212 
232 216 
228 212 
232 208 
240 216 
240 204 
228 212 
232 208 
240 216 
256 212 
236 216 
236 236 
228 212 
236 212 
232 208 
236 236 
240 220 
236 216 
240 212 
236 208 
236 236 
236 236 
236 216 
240 216 
236 208 
236 240 
284 212 
232 208 
236 212 
236 216 
232 204 
232 212 
236 220 
228 220 
228 208 
232 212 
232 212 
232 220 
232 240 
232 232 
244 212 
236 240 
232 212 
236 212 
236 220 
232 248 
232 212 
204 204 
236 208 
232 224 
228 216 
232 208 
232 212 
236 236 
236 236 
228 208 
440 220 
232 216 
232 232 
240 220 
232 232 
236 212 
236 212 
232 204 
236 212 
696 212 
228 224 
232 212 
240 216 
240 220 
236 220 
236 256 
236 212 
208 212 
232 536 
236 256 
520 212 
232 208 
240 240 
236 216 
232 212 
236 216 
212 212 
236 748 
236 248 
240 216 
240 212 
232 208 
224 212 
232 208 
236 216 
236 236 
240 236 
236 220 
240 212 
236 212 
232 212 
232 208 
236 212 
232 220 
240 212 
236 208 
232 212 
236 208 
236 236 
232 264 
236 216 
232 204 
232 252 
240 300 
232 256 
236 212 
252 212 
240 272 
232 228 
236 232 
240 208 
228 212 
236 208 
332 216 
236 216 
236 220 
228 216 
252 216 
232 212 
236 208 
228 208 
232 232 
232 216 
236 208 
236 216 
236 236 
236 216 
248 208 
232 212 
236 212 
280 208 
228 284 
240 216 
240 212 
232 240 
240 236 
220 208 
240 208 
236 220 
276 228 
236 212 
232 208 
236 208 
232 236 
224 216 
324 216 
236 256 
236 212 
240 212 
236 212 
236 208 
232 212 
232 232 
236 1032 
704 212 
232 208 
232 208 
236 240 
352 220 
232 232 
236 212 
236 212 
216 212 
232 552 
228 212 
236 212 
236 208 
236 224 
240 260 
256 216 
232 216 
216 212 
236 216 
236 236 
236 212 
228 208 
236 208 
228 216 
236 212 
240 228 
236 236 
240 212 
232 208 
232 216 
236 260 
236 208 
52 48 
236 756 
232 268 
228 216 
240 224 
232 212 
236 240 
236 228 
240 216 
240 212 
232 216 
232 208 
236 240 
232 208 
236 208 
236 212 
240 240 
232 216 
232 260 
228 212 
248 212 
228 208 
236 208 
236 216 
236 240 
232 248 
240 212 
232 212 
312 216 
236 204 
236 212 
236 236 
48 52 
232 208 
236 236 
280 208 
240 216 
244 212 
236 224 
228 208 
236 212 
240 216 
236 236 
236 224 
244 236 
264 204 
240 236 
236 268 
232 212 
236 212 
240 208 
240 264 
228 212 
240 208 
472 216 
244 232 
232 216 
236 232 
228 212 
232 212 
236 212 
232 44 
236 212 
732 216 
248 208 
232 212 
236 252 
236 236 
272 228 
240 276 
232 216 
220 212 
240 560 
232 216 
236 208 
240 208 
236 236 
228 212 
240 208 
236 216 
212 228 
240 212 
236 208 
232 212 
228 216 
228 964 
236 216 
236 236 
236 236 
228 216 
228 212 
236 216 
244 232 
232 212 
228 208 
232 212 
232 208 
240 212 
236 208 
232 212 
232 208 
240 208 
236 240 
228 208 
236 208 
240 212 
236 208 
236 212 
240 208 
236 212 
228 220 
232 212 
236 240 
232 208 
236 204 
236 212 
236 212 
228 236 
228 208 
236 256 
240 236 
236 252 
236 216 
236 216 
232 216 
236 260 
232 248 
232 248 
240 208 
232 224 
236 220 
236 208 
232 212 
236 212 
240 212 
240 232 
260 208 
232 208 
236 228 
228 208 
288 252 
236 208 
228 212 
240 240 
232 240 
236 208 
240 212 
232 212 
232 252 
464 216 
236 216 
240 236 
236 240 
228 252 
236 220 
232 228 
240 220 
232 232 
736 204 
228 212 
236 204 
236 204 
236 216 
232 216 
232 212 
228 216 
212 220 
232 568 
232 208 
232 1044 
244 220 
236 232 
232 212 
232 208 
236 212 
216 212 
236 216 
236 204 
236 212 
232 240 
232 208 
236 208 
236 212 
232 244 
232 212 
236 208 
232 236 
236 236 
232 212 
236 208 
232 208 
232 208 
236 236 
236 208 
232 248 
232 212 
232 240 
240 208 
236 292 
236 212 
240 212 
236 216 
820 216 
232 216 
236 236 
232 212 
228 216 
236 212 
236 212 
236 264 
236 220 
232 240 
236 204 
236 220 
236 268 
232 236 
236 212 
232 212 
232 216 
236 208 
240 216 
232 208 
236 212 
236 264 
236 220 
228 220 
232 244 
228 216 
232 208 
232 204 
228 212 
236 208 
236 212 
240 216 
236 220 
296 212 
1052 236 
240 212 
236 224 
232 208 
228 320 
236 212 
236 212 
236 248 
596 216 
232 208 
232 216 
236 216 
224 212 
236 212 
240 208 
236 216 
240 248 
744 212 
232 212 
236 216 
232 236 
240 268 
232 212 
240 216 
244 212 
220 220 
236 580 
240 208 
252 212 
240 208 
232 212 
240 216 
240 216 
236 300 
240 300 
236 216 
236 212 
240 212 
240 236 
240 212 
236 248 
232 216 
228 236 
232 232 
232 240 
232 208 
228 208 
232 212 
236 212 
232 216 
236 220 
236 216 
232 216 
236 212 
236 216 
236 300 
232 212 
228 212 
236 212 
240 224 
236 212 
232 216 
236 212 
232 232 
268 240 
232 236 
260 208 
232 236 
228 212 
232 228 
236 220 
224 216 
240 236 
240 260 
236 216 
240 212 
232 208 
232 212 
240 216 
360 220 
84 48 
232 232 
236 216 
236 216 
800 212 
240 236 
236 220 
232 212 
232 208 
228 320 
236 240 
232 212 
240 208 
236 212 
308 240 
232 212 
232 208 
236 232 
240 216 
260 208 
228 216 
236 236 
252 216 
536 216 
232 212 
460 216 
236 236 
232 216 
240 216 
60 48 
232 244 
228 212 
704 236 
236 212 
232 208 
232 220 
232 204 
248 208 
240 232 
252 220 
212 208 
228 624 
236 208 
232 212 
236 240 
232 212 
228 212 
236 212 
236 224 
212 236 
228 212 
236 236 
236 244 
232 216 
236 212 
232 216 
236 224 
228 212 
236 212 
232 48 
232 260 
236 216 
236 216 
244 236 
232 236 
232 220 
252 212 
236 208 
236 216 
236 208 
236 236 
236 212 
236 216 
232 248 
232 252 
256 208 
272 208 
236 212 
232 216 
236 208 
236 204 
236 236 
264 216 
232 256 
236 220 
236 252 
236 208 
240 212 
1028 228 
228 212 
232 216 
236 208 
236 212 
236 208 
232 212 
232 208 
240 212 
236 224 
228 212 
228 216 
240 236 
232 204 
240 236 
224 212 
232 236 
232 236 
232 212 
236 236 
240 31904 
0 0 
0 0 
0 0 
0 0 
0 0 
0 0 
236 216 
240 236 
288 216 
568 216 
236 212 
232 212 
236 216 
236 216 
268 216 
236 208 
232 240 
236 244 
232 392 
236 208 
236 212 
236 216 
236 236 
236 216 
236 204 
232 212 
212 212 
236 620 
244 216 
240 216 
236 240 
236 248 
240 208 
232 248 
232 212 
212 212 
232 224 
232 316 
232 220 
236 236 
232 240 
232 260 
232 252 
256 236 
232 216 
232 216 
232 212 
236 212 
232 216 
232 216 
240 212 
228 212 
236 220 
236 232 
236 212 
236 220 
236 208 
236 216 
240 212 
236 216 
232 208 
232 208 
240 216 
232 216 
232 216 
236 228 
236 236 
240 216 
228 216 
232 208 
236 216 
232 220 
228 216 
236 208 
232 212 
232 216 
232 204 
236 212 
236 212 
240 212 
236 204 
228 212 
236 216 
232 236 
264 208 
232 236 
236 204 
236 228 
236 244 
228 212 
232 212 
236 236 
236 212 
232 212 
232 216 
328 228 
232 216 
240 212 
232 216 
232 240 
236 252 
240 212 
232 216 
236 208 
560 212 
236 216 
236 208 
228 216 
236 208 
308 208 
232 216 
232 212 
232 228 
236 444 
240 236 
244 228 
236 260 
232 212 
236 204 
240 212 
232 212 
212 236 
236 660 
236 212 
236 208 
236 216 
236 236 
256 212 
232 220 
236 220 
212 228 
232 212 
236 220 
236 204 
236 220 
232 212 
228 208 
236 208 
236 212 
232 208 
232 212 
232 236 
236 208 
236 216 
232 212 
232 208 
232 212 
236 264 
240 220 
228 212 
228 236 
236 212 
236 220 
232 224 
228 232 
240 232 
232 212 
232 244 
232 216 
236 208 
236 216 
232 212 
232 216 
232 212 
228 216 
228 208 
236 216 
236 236 
228 212 
228 212 
236 216 
240 208 
228 220 
232 216 
232 216 
240 228 
236 216 
248 212 
232 212 
232 216 
236 208 
236 212 
240 232 
240 216 
232 208 
236 220 
236 264 
224 216 
236 260 
232 212 
344 212 
236 264 
236 216 
240 252 
236 216 
232 208 
232 212 
236 220 
236 248 
600 240 
232 212 
236 212 
236 220 
240 264 
236 212 
236 228 
236 212 
224 208 
44 48 
228 212 
240 212 
236 212 
232 264 
240 220 
244 240 
232 232 
216 224 
236 664 
240 236 
236 232 
232 276 
232 212 
232 216 
236 220 
240 236 
212 236 
236 208 
236 212 
240 212 
232 212 
236 212 
232 240 
236 240 
236 216 
232 212 
236 224 
236 212 
40 44 
232 244 
236 248 
228 236 
236 212 
232 212 
232 212 
236 264 
236 208 
228 208 
236 216 
236 216 
232 208 
236 216 
236 208 
232 248 
240 208 
1188 236 
236 208 
236 224 
228 208 
236 216 
236 208 
232 216 
236 260 
228 216 
236 208 
232 212 
232 220 
236 48 
232 204 
232 216 
240 232 
240 212 
240 216 
236 212 
232 216 
236 236 
236 208 
232 204 
240 208 
236 212 
236 212 
236 212 
236 220 
236 236 
236 216 
240 240 
356 212 
236 208 
232 208 
232 224 
236 236 
284 220 
232 216 
228 208 
240 220 
620 252 
256 208 
232 212 
240 208 
240 220 
240 216 
236 220 
232 216 
216 216 
232 468 
232 208 
236 204 
236 212 
236 216 
236 212 
236 216 
236 216 
212 220 
232 680 
252 244 
236 212 
232 212 
228 212 
232 216 
232 208 
236 216 
212 268 
232 212 
228 212 
412 208 
236 216 
236 232 
236 236 
236 212 
232 204 
236 212 
240 240 
236 244 
232 208 
232 208 
236 232 
236 216 
236 216 
240 236 
336 216 
232 212 
232 212 
240 240 
232 212 
236 212 
236 208 
240 220 
232 224 
244 236 
252 208 
232 212 
240 256 
236 212 
232 216 
240 208 
236 236 
228 208 
236 220 
304 236 
240 240 
236 240 
228 228 
236 208 
236 216 
244 212 
236 236 
236 208 
232 212 
240 208 
236 204 
244 240 
236 244 
232 212 
232 208 
236 212 
236 216 
240 208 
240 236 
236 240 
240 216 
228 208 
416 236 
240 216 
232 208 
232 208 
232 212 
236 264 
236 212 
232 236 
236 212 
620 220 
236 236 
228 208 
232 216 
240 236 
236 228 
236 220 
236 220 
220 268 
244 464 
236 216 
240 208 
236 268 
232 204 
232 212 
244 240 
228 212 
212 220 
232 720 
236 216 
236 220 
232 216 
236 212 
232 208 
232 212 
236 212 
216 212 
240 236 
228 216 
236 216 
236 212 
236 212 
236 236 
1196 232 
236 216 
264 216 
232 208 
236 212 
244 236 
232 212 
236 224 
236 232 
236 240 
244 216 
236 212 
252 216 
228 220 
228 232 
232 216 
244 240 
420 212 
236 208 
236 232 
236 216 
256 212 
236 220 
232 236 
236 216 
232 216 
232 216 
496 208 
240 216 
240 212 
232 216 
232 208 
232 208 
236 236 
236 208 
240 216 
240 216 
228 216 
236 204 
244 224 
232 216 
232 212 
232 232 
232 216 
284 208 
240 220 
236 216 
236 208 
236 208 
232 232 
236 208 
236 216 
232 236 
420 212 
244 212 
232 212 
232 212 
240 236 
236 212 
232 212 
236 212 
236 220 
660 208 
244 232 
228 216 
232 208 
232 208 
636 236 
236 260 
236 212 
212 236 
236 508 
236 264 
236 212 
232 260 
232 208 
436 216 
236 236 
228 212 
212 212 
232 212 
236 232 
240 216 
236 212 
1052 256 
232 208 
236 208 
236 212 
208 216 
244 212 
232 224 
232 248 
344 216 
232 228 
232 256 
232 216 
232 212 
236 212 
232 212 
240 216 
44 44 
232 212 
232 220 
240 264 
276 212 
240 212 
232 208 
236 216 
244 212 
236 212 
240 212 
232 212 
236 216 
228 212 
236 260 
232 216 
240 212 
556 228 
412 220 
232 212 
288 232 
232 216 
232 212 
236 220 
240 260 
240 220 
228 212 
236 208 
40 44 
232 216 
236 212 
232 256 
236 216 
232 212 
232 212 
232 208 
240 216 
236 224 
232 212 
216 212 
236 212 
248 248 
240 208 
232 212 
232 220 
232 220 
232 224 
232 292 
436 216 
232 212 
232 204 
452 236 
232 216 
236 208 
236 216 
232 48 
236 236 
652 236 
236 236 
236 228 
228 212 
232 212 
236 236 
232 236 
232 216 
212 216 
236 532 
236 236 
232 216 
236 216 
228 216 
232 212 
240 212 
232 212 
216 204 
232 208 
232 212 
236 268 
236 252 
240 220 
232 208 
236 268 
236 228 
228 212 
232 212 
232 208 
232 220 
232 236 
232 224 
232 232 
228 208 
236 208 
240 208 
236 212 
240 240 
232 248 
232 208 
228 208 
236 220 
232 240 
280 208 
236 212 
232 212 
236 208 
236 208 
236 216 
232 232 
240 212 
236 216 
240 212 
232 224 
236 228 
236 212 
236 224 
228 212 
236 220 
240 236 
236 240 
244 224 
232 208 
232 208 
240 436 
236 236 
232 260 
244 216 
232 224 
336 216 
232 216 
232 212 
232 216 
256 232 
232 208 
232 264 
236 208 
204 212 
384 232 
236 212 
232 216 
236 212 
240 224 
228 212 
236 208 
236 212 
444 220 
232 208 
236 208 
232 212 
232 212 
232 212 
236 216 
232 236 
232 212 
700 216 
232 236 
232 216 
272 236 
232 204 
236 220 
228 232 
232 208 
212 208 
232 560 
236 216 
232 232 
228 216 
236 236 
284 216 
232 208 
232 212 
212 228 
232 208 
228 208 
244 212 
236 232 
232 220 
236 220 
232 208 
236 224 
232 268 
240 216 
232 240 
232 212 
240 212 
236 236 
232 232 
232 216 
232 236 
232 212 
232 208 
236 208 
236 220 
232 240 
236 216 
228 212 
228 212 
228 208 
236 208 
232 220 
236 216 
236 228 
236 212 
236 216 
232 220 
232 212 
236 212 
236 236 
236 228 
232 220 
244 244 
256 216 
236 208 
236 212 
236 212 
236 216 
232 208 
232 212 
232 212 
236 212 
228 212 
776 208 
236 216 
232 208 
232 216 
232 208 
236 260 
232 212 
380 212 
228 204 
240 208 
220 220 
256 212 
232 208 
232 208 
232 208 
240 216 
232 216 
232 268 
236 216 
496 232 
256 212 
232 212 
236 216 
236 208 
232 208 
236 220 
236 216 
232 208 
700 212 
232 212 
228 212 
232 216 
232 216 
240 236 
232 208 
240 240 
220 240 
240 552 
236 220 
240 236 
236 216 
232 216 
232 216 
232 212 
236 208 
216 208 
232 228 
240 228 
232 216 
232 256 
232 212 
236 252 
240 236 
236 264 
232 212 
236 232 
232 224 
232 212 
236 232 
240 224 
232 208 
236 216 
236 232 
232 204 
228 212 
240 216 
236 232 
192 208 
236 212 
236 240 
232 212 
236 204 
232 208 
236 224 
44 44 
232 212 
236 212 
232 216 
228 212 
232 208 
232 216 
240 212 
240 216 
236 208 
624 208 
232 216 
232 208 
236 208 
236 220 
236 260 
232 252 
232 216 
240 212 
240 236 
228 212 
236 212 
236 212 
240 212 
232 208 
236 212 
48 44 
236 228 
236 204 
232 232 
248 212 
268 212 
236 212 
232 240 
236 256 
232 208 
228 216 
240 204 
236 208 
236 216 
516 216 
232 236 
232 216 
228 212 
236 212 
228 216 
236 208 
236 212 
236 216 
756 208 
228 216 
232 212 
236 212 
272 220 
232 212 
228 216 
236 80 
212 208 
228 588 
236 240 
236 216 
232 212 
236 236 
228 220 
228 224 
232 208 
212 228 
236 212 
232 248 
240 216 
236 216 
228 216 
236 220 
232 236 
240 212 
304 212 
232 208 
232 208 
236 236 
236 236 
228 216 
236 212 
240 212 
236 236 
240 208 
236 212 
240 212 
236 208 
236 236 
232 216 
236 216 
232 220 
272 216 
236 1000 
228 208 
240 212 
236 220 
236 204 
232 208 
232 212 
232 208 
236 212 
236 212 
232 208 
228 212 
236 240 
236 208 
236 216 
236 208 
236 264 
232 212 
232 216 
228 208 
236 212 
236 220 
236 232 
236 212 
236 212 
236 220 
248 220 
236 208 
236 224 
240 232 
240 212 
232 224 
240 216 
268 208 
244 1008 
232 216 
228 208 
232 212 
232 212 
236 220 
236 220 
236 268 
512 212 
240 236 
236 224 
0 0 
0 0 
0 0 
0 0 
0 0 
240 216 
628 216 
240 216 
236 232 
236 240 
228 212 
232 212 
232 248 
236 228 
212 212 
236 584 
236 236 
232 216 
236 216 
232 220 
232 212 
236 216 
236 212 
216 204 
236 212 
244 236 
240 236 
228 220 
228 224 
236 212 
240 212 
232 208 
228 212 
232 208 
236 204 
236 236 
240 236 
260 212 
228 216 
236 212 
236 220 
228 212 
232 216 
236 236 
232 212 
236 204 
232 220 
240 216 
232 244 
236 212 
240 216 
268 260 
232 232 
228 212 
228 212 
236 212 
232 208 
240 208 
248 216 
232 240 
252 212 
240 220 
240 216 
236 220 
232 264 
236 220 
236 216 
228 232 
232 228 
232 216 
240 212 
228 232 
236 232 
236 980 
232 208 
228 212 
236 208 
232 212 
236 216 
232 216 
236 212 
232 208 
236 220 
288 220 
272 212 
232 228 
232 212 
236 212 
236 256 
236 208 
232 212 
236 216 
544 256 
232 212 
236 212 
236 216 
236 212 
232 216 
228 224 
240 208 
232 212 
236 388 
236 220 
240 224 
232 208 
240 232 
236 208 
192 212 
236 212 
212 212 
228 640 
240 216 
232 260 
232 212 
236 212 
240 256 
380 208 
240 256 
212 260 
232 224 
232 220 
232 212 
236 208 
236 208 
236 212 
232 216 
236 240 
236 236 
228 212 
228 216 
236 224 
228 216 
228 208 
232 212 
232 236 
240 240 
228 216 
228 204 
232 212 
236 220 
236 216 
228 216 
232 212 
232 212 
240 236 
228 216 
228 252 
232 212 
232 208 
236 216 
232 212 
236 240 
236 212 
232 244 
236 212 
232 236 
228 212 
236 1188 
232 212 
288 212 
232 228 
236 240 
232 216 
236 212 
236 216 
232 232 
232 212 
232 204 
236 212 
44 44 
236 232 
236 212 
236 208 
232 216 
236 240 
236 260 
228 216 
228 212 
324 208 
232 220 
228 256 
232 208 
240 212 
236 232 
244 208 
232 236 
232 216 
560 220 
232 212 
236 208 
792 212 
232 212 
236 216 
236 220 
240 208 
440 208 
232 408 
236 220 
232 212 
236 212 
68 48 
236 236 
236 216 
232 220 
212 240 
232 648 
236 208 
232 268 
232 208 
240 264 
232 220 
236 220 
240 208 
216 272 
228 216 
228 220 
232 212 
236 208 
232 208 
236 208 
232 208 
240 212 
232 212 
228 212 
988 244 
232 204 
232 212 
240 236 
236 212 
240 204 
236 44 
232 208 
240 212 
236 208 
236 236 
236 224 
236 208 
236 208 
232 212 
228 212 
228 216 
232 1052 
240 236 
228 216 
236 216 
232 212 
236 208 
232 220 
236 212 
240 212 
236 220 
232 260 
228 216 
228 212 
232 224 
236 212 
236 212 
236 212 
232 208 
236 236 
236 212 
232 216 
232 208 
236 268 
236 216 
236 208 
236 260 
240 228 
236 220 
232 208 
232 216 
240 260 
252 212 
340 212 
236 208 
228 216 
244 216 
228 212 
232 204 
240 208 
240 216 
232 236 
576 260 
236 216 
232 208 
236 248 
236 208 
232 240 
232 212 
232 216 
236 244 
228 440 
240 216 
232 228 
232 212 
236 212 
232 256 
232 236 
236 208 
216 208 
236 684 
240 260 
224 212 
236 220 
232 208 
236 224 
240 240 
228 208 
692 236 
232 208 
236 212 
232 244 
236 212 
232 212 
236 208 
236 220 
228 216 
228 208 
232 204 
236 228 
236 244 
228 208 
236 236 
236 268 
232 212 
236 216 
240 212 
236 216 
240 212 
232 212 
236 204 
236 212 
232 232 
244 212 
236 208 
236 224 
232 212 
236 212 
232 212 
232 212 
236 216 
232 256 
232 208 
260 212 
236 240 
236 252 
232 216 
236 208 
236 228 
240 220 
232 244 
236 216 
232 212 
236 212 
236 260 
236 264 
236 256 
228 212 
388 220 
236 220 
240 236 
232 216 
232 212 
236 208 
240 236 
236 236 
228 216 
228 208 
344 240 
236 216 
236 272 
236 224 
232 256 
236 208 
348 212 
236 208 
228 216 
596 236 
228 220 
240 216 
232 224 
240 248 
244 208 
232 204 
232 220 
240 216 
236 368 
236 208 
232 212 
240 204 
232 212 
236 216 
996 220 
228 220 
204 212 
232 676 
236 244 
236 248 
264 212 
228 208 
232 212 
228 212 
240 228 
212 208 
236 212 
252 208 
236 216 
232 256 
324 228 
308 212 
236 208 
232 208 
236 236 
236 240 
228 224 
228 208 
236 216 
228 336 
236 212 
232 224 
232 212 
232 208 
232 208 
244 212 
236 240 
236 244 
236 228 
232 208 
228 260 
236 212 
244 244 
228 212 
232 212 
228 212 
228 216 
236 216 
236 216 
236 236 
248 216 
224 216 
236 212 
236 216 
236 240 
236 264 
228 216 
240 232 
232 212 
236 212 
228 220 
240 224 
240 236 
236 216 
228 212 
232 212 
236 264 
228 212 
232 216 
232 208 
236 216 
512 208 
268 212 
236 212 
236 228 
380 216 
236 204 
232 212 
248 212 
236 216 
232 216 
232 252 
240 236 
264 208 
600 212 
232 212 
236 208 
228 208 
940 240 
232 208 
236 212 
236 256 
216 216 
232 440 
264 204 
232 208 
236 212 
268 220 
236 212 
232 212 
240 208 
212 204 
232 704 
236 236 
236 220 
228 208 
232 228 
228 252 
424 212 
44 44 
216 224 
236 220 
240 204 
236 212 
236 244 
236 216 
232 232 
236 212 
228 212 
240 212 
232 212 
452 212 
236 216 
228 212 
236 212 
232 208 
236 216 
232 212 
232 208 
348 208 
236 216 
236 240 
236 240 
236 240 
232 208 
232 204 
232 208 
236 268 
232 240 
332 220 
48 48 
236 212 
232 212 
232 212 
232 220 
236 216 
232 216 
228 208 
244 236 
232 208 
236 212 
232 212 
228 208 
236 216 
236 236 
440 212 
236 236 
236 220 
236 212 
236 212 
236 240 
232 216 
232 208 
236 240 
232 208 
232 216 
240 212 
232 212 
236 216 
236 240 
412 44 
228 216 
232 212 
236 212 
232 204 
232 208 
236 220 
236 236 
256 220 
636 208 
240 216 
240 208 
244 244 
232 216 
232 220 
232 216 
232 204 
216 212 
236 476 
232 244 
228 216 
228 216 
244 212 
232 208 
232 220 
236 208 
216 216 
240 712 
232 212 
232 232 
236 260 
228 208 
244 216 
240 268 
232 212 
212 248 
236 224 
236 212 
244 240 
228 216 
236 216 
236 236 
236 256 
228 216 
232 216 
232 212 
236 212 
232 216 
228 216 
232 204 
236 216 
236 236 
236 232 
236 240 
232 320 
232 212 
236 208 
232 244 
236 216 
236 216 
240 220 
232 208 
240 208 
236 212 
236 236 
240 236 
236 204 
248 216 
236 252 
448 220 
236 220 
236 212 
228 208 
240 232 
232 244 
236 228 
240 224 
232 212 
276 212 
236 212 
236 220 
232 212 
232 212 
236 232 
240 212 
232 204 
224 220 
232 208 
236 212 
236 220 
240 236 
232 220 
232 244 
236 244 
244 212 
432 240 
240 216 
236 212 
232 216 
236 208 
236 208 
236 220 
236 252 
224 236 
640 260 
236 216 
232 212 
232 216 
240 208 
232 216 
236 236 
236 212 
332 212 
236 464 
240 268 
236 236 
236 208 
232 208 
240 208 
232 212 
240 208 
212 208 
232 212 
236 236 
228 216 
232 212 
236 208 
232 212 
232 212 
240 216 
224 216 
228 208 
236 236 
232 216 
236 232 
256 212 
228 212 
236 212 
236 236 
232 212 
236 212 
236 220 
236 232 
240 216 
252 252 
240 212 
232 208 
232 208 
232 208 
236 212 
236 220 
236 208 
232 216 
620 212 
236 220 
232 252 
228 216 
232 220 
236 264 
236 220 
232 212 
236 216 
240 216 
236 208 
240 236 
232 212 
232 208 
276 224 
236 220 
240 212 
232 212 
236 216 
236 216 
240 216 
236 208 
260 212 
240 212 
228 212 
228 208 
232 204 
240 216 
224 232 
236 216 
260 228 
244 212 
228 212 
244 216 
236 212 
236 212 
236 224 
436 208 
232 212 
228 208 
236 216 
232 212 
240 240 
232 244 
232 216 
228 208 
660 212 
224 216 
240 212 
236 216 
232 236 
236 232 
236 208 
236 208 
212 212 
236 548 
240 224 
232 236 
228 208 
236 240 
236 212 
236 212 
236 212 
212 204 
232 220 
232 216 
236 224 
236 216 
232 260 
232 216 
232 204 
228 216 
224 216 
232 224 
236 268 
236 240 
228 208 
232 216 
236 240 
232 240 
236 208 
236 204 
256 216 
240 216 
456 208 
236 220 
236 236 
232 224 
236 224 
236 208 
236 240 
236 244 
232 252 
256 264 
232 208 
236 212 
236 264 
232 236 
236 256 
232 208 
232 212 
236 228 
236 208 
232 220 
236 236 
228 232 
228 208 
236 204 
240 236 
236 224 
44 44 
236 236 
236 240 
236 212 
232 208 
232 228 
236 216 
236 1564 
236 216 
240 252 
236 212 
228 208 
232 208 
212 240 
232 212 
244 240 
228 208 
240 212 
236 248 
240 216 
236 216 
428 216 
444 224 
244 216 
232 212 
232 212 
236 244 
232 224 
236 208 
244 236 
232 216 
588 216 
232 216 
236 212 
52 100 
240 216 
232 264 
232 220 
236 208 
212 236 
232 520 
236 212 
388 208 
236 216 
252 208 
240 208 
240 208 
236 216 
208 212 
236 220 
240 208 
240 256 
232 236 
228 216 
236 216 
232 216 
240 212 
240 208 
232 212 
236 208 
240 208 
232 212 
236 212 
228 216 
236 220 
232 44 
236 204 
232 212 
268 208 
236 216 
232 220 
240 208 
232 216 
236 212 
232 240 
232 224 
240 208 
236 236 
232 212 
236 212 
236 256 
232 216 
236 212 
232 208 
236 212 
236 208 
236 208 
232 208 
232 212 
236 248 
268 212 
232 852 
236 216 
228 204 
244 212 
232 216 
228 208 
232 208 
236 204 
236 212 
232 212 
236 212 
240 232 
232 212 
232 232 
236 212 
232 204 
236 232 
236 212 
236 240 
236 244 
232 208 
232 208 
232 212 
240 252 
236 232 
228 208 
484 216 
232 244 
236 208 
224 212 
232 208 
260 212 
236 220 
232 212 
192 212 
712 256 
240 236 
232 216 
232 212 
232 208 
240 224 
228 216 
236 204 
212 212 
236 536 
232 216 
240 208 
236 236 
232 252 
236 212 
240 220 
236 220 
212 220 
232 212 
232 232 
232 236 
236 212 
236 224 
236 208 
236 240 
240 216 
236 216 
232 216 
236 220 
236 292 
236 204 
236 208 
236 208 
240 220 
236 256 
240 240 
232 232 
232 220 
232 212 
236 212 
236 220 
236 212 
232 236 
232 264 
232 212 
232 216 
236 208 
232 260 
240 212 
1180 240 
240 224 
232 216 
232 212 
236 240 
236 252 
224 216 
232 212 
236 208 
232 236 
244 216 
648 212 
236 228 
268 220 
236 208 
236 236 
240 240 
236 232 
236 208 
236 212 
236 216 
240 236 
236 216 
228 224 
232 208 
232 212 
240 216 
252 212 
272 216 
240 228 
232 232 
240 212 
232 208 
232 224 
240 236 
240 240 
228 244 
492 240 
228 220 
228 216 
232 212 
236 216 
236 232 
236 208 
232 212 
236 240 
720 212 
236 216 
228 216 
236 208 
236 272 
236 212 
236 212 
240 216 
220 240 
236 512 
228 212 
232 232 
232 216 
240 208 
228 212 
232 212 
236 216 
212 236 
232 216 
232 208 
228 212 
252 212 
236 212 
232 236 
232 212 
232 212 
240 232 
284 204 
236 208 
244 224 
232 240 
236 220 
240 208 
240 216 
232 212 
236 236 
232 212 
232 208 
232 1052 
244 208 
236 204 
456 212 
240 212 
236 212 
236 236 
236 216 
260 220 
236 216 
236 236 
232 236 
232 256 
236 212 
412 216 
236 216 
236 236 
228 208 
232 208 
232 216 
232 216 
328 208 
232 212 
236 212 
240 212 
228 212 
240 232 
240 212 
228 208 
232 208 
236 228 
356 220 
236 216 
512 212 
228 212 
236 216 
232 208 
236 224 
228 216 
268 208 
236 236 
236 236 
232 232 
240 212 
236 216 
232 224 
232 212 
316 220 
520 208 
236 224 
240 212 
236 204 
232 208 
240 212 
236 216 
336 208 
240 212 
744 216 
236 216 
268 208 
236 212 
232 216 
236 256 
236 216 
240 212 
216 236 
244 572 
756 208 
236 248 
44 48 
252 212 
232 208 
236 212 
236 236 
216 236 
240 220 
232 248 
224 208 
236 216 
236 212 
232 204 
236 212 
236 236 
232 232 
240 896 
232 208 
240 212 
248 212 
264 220 
236 212 
232 212 
240 208 
228 212 
232 216 
232 208 
232 208 
236 224 
44 40 
228 212 
232 212 
236 208 
240 212 
236 236 
236 268 
228 224 
232 212 
236 220 
236 220 
236 244 
228 244 
356 248 
236 208 
236 252 
232 228 
236 220 
236 220 
236 208 
236 208 
232 216 
240 220 
236 216 
236 212 
232 228 
236 212 
236 232 
236 272 
240 216 
236 212 
236 264 
236 216 
236 324 
236 212 
232 208 
232 208 
292 236 
232 264 
228 216 
236 212 
248 208 
240 240 
236 232 
240 208 
236 236 
520 236 
232 208 
228 212 
232 208 
236 216 
232 220 
244 212 
236 204 
1152 240 
236 392 
228 216 
240 220 
236 224 
228 220 
236 212 
232 208 
228 204 
208 208 
236 632 
232 208 
236 212 
232 244 
232 204 
232 212 
360 220 
236 224 
208 216 
236 208 
240 212 
232 212 
236 212 
232 204 
236 208 
232 208 
236 212 
236 212 
236 260 
232 216 
232 208 
232 212 
236 216 
232 208 
264 208 
236 212 
232 208 
244 208 
232 212 
236 204 
236 216 
236 212 
236 220 
240 216 
232 252 
236 224 
228 212 
236 204 
236 208 
236 212 
236 220 
228 220 
256 204 
228 208 
228 212 
232 208 
236 208 
236 240 
228 212 
232 212 
232 208 
240 336 
228 228 
240 232 
236 212 
232 216 
232 216 
244 216 
236 240 
236 240 
228 208 
236 212 
236 212 
236 236 
232 256 
240 220 
236 208 
236 212 
324 236 
236 212 
232 212 
228 216 
232 212 
236 236 
960 236 
232 212 
236 212 
560 212 
240 252 
228 212 
236 236 
232 228 
236 228 
240 216 
232 204 
236 220 
240 400 
232 236 
236 240 
240 240 
236 224 
292 216 
232 212 
236 220 
216 256 
236 628 
232 260 
232 216 
316 212 
228 236 
236 212 
236 240 
236 208 
212 264 
236 224 
236 216 
232 212 
240 236 
232 248 
268 260 
232 232 
232 208 
232 216 
228 212 
244 276 
236 236 
240 216 
232 236 
236 232 
228 212 
232 204 
232 212 
236 264 
232 236 
232 240 
236 212 
240 208 
236 220 
232 232 
236 212 
236 240 
228 212 
236 236 
236 216 
232 212 
296 220 
236 216 
232 208 
360 220 
232 216 
240 204 
312 212 
236 240 
232 212 
232 220 
236 212 
228 212 
236 208 
236 208 
232 216 
236 224 
240 252 
296 212 
232 232 
232 212 
240 208 
240 236 
232 216 
944 212 
224 216 
232 208 
236 208 
236 212 
328 224 
236 216 
232 232 
228 212 
240 216 
232 204 
232 204 
228 216 
240 220 
568 216 
236 204 
236 212 
236 212 
232 236 
240 212 
232 208 
360 212 
252 216 
232 404 
232 212 
240 236 
232 264 
236 236 
232 208 
236 208 
236 204 
216 212 
232 656 
300 220 
236 212 
236 216 
232 248 
232 220 
232 212 
228 220 
212 240 
236 232 
236 240 
228 216 
236 208 
232 216 
240 216 
236 256 
236 212 
232 236 
232 216 
236 212 
236 208 
236 212 
236 212 
236 212 
236 216 
240 236 
244 212 
232 216 
240 212 
224 232 
48 48 
236 204 
228 204 
240 236 
236 212 
488 204 
228 216 
236 216 
232 220 
236 212 
232 220 
236 236 
236 208 
236 212 
236 248 
236 264 
232 208 
236 208 
228 208 
236 220 
240 216 
236 216 
228 220 
240 232 
236 236 
232 224 
224 208 
232 208 
240 212 
48 48 
236 284 
236 232 
240 232 
232 216 
232 256 
232 212 
232 216 
348 208 
376 220 
236 204 
236 236 
236 232 
240 212 
236 216 
232 216 
236 220 
236 216 
600 212 
232 220 
232 224 
232 212 
232 212 
232 240 
236 216 
236 212 
240 220 
228 44 
236 220 
236 208 
232 212 
228 216 
236 248 
268 216 
232 212 
208 212 
236 676 
236 236 
232 208 
236 232 
236 260 
240 216 
232 208 
236 212 
212 232 
236 216 
232 208 
232 204 
236 212 
236 220 
240 212 
232 216 
232 212 
236 256 
236 208 
236 236 
240 232 
236 232 
232 260 
240 212 
396 212 
232 224 
232 204 
232 204 
236 204 
236 236 
236 240 
236 252 
236 220 
232 216 
236 216 
236 212 
236 212 
236 240 
232 212 
232 212 
228 212 
232 224 
224 216 
232 212 
236 216 
236 228 
232 232 
236 232 
240 216 
240 208 
232 216 
236 208 
232 232 
232 216 
232 212 
232 208 
232 212 
236 252 
412 208 
236 204 
232 208 
232 240 
232 216 
232 212 
240 240 
236 216 
232 220 
232 236 
344 208 
236 236 
240 232 
240 232 
240 232 
236 264 
236 204 
228 216 
236 232 
636 216 
236 212 
236 220 
236 216 
236 224 
236 236 
232 220 
240 216 
212 212 
232 476 
232 208 
232 212 
236 208 
236 236 
236 236 
228 288 
236 240 
212 228 
236 700 
236 236 
232 216 
236 208 
236 208 
240 208 
236 212 
228 212 
216 264 
232 216 
232 208 
236 216 
240 208 
496 216 
232 208 
236 212 
236 236 
236 208 
232 220 
236 212 
232 212 
240 208 
232 212 
232 212 
232 208 
236 216 
236 252 
236 224 
240 240 
236 260 
236 216 
240 264 
240 204 
260 208 
236 216 
232 264 
228 212 
236 236 
228 224 
240 208 
252 208 
236 204 
232 212 
236 216 
232 212 
232 208 
232 208 
240 216 
228 208 
240 260 
228 212 
232 216 
232 208 
228 212 
236 220 
236 212 
228 212 
236 204 
236 212 
232 224 
236 260 
236 268 
236 212 
276 212 
236 224 
232 208 
232 236 
236 208 
392 216 
236 212 
236 212 
232 208 
232 212 
240 216 
228 208 
232 240 
240 252 
656 240 
236 216 
236 240 
236 236 
236 212 
228 208 
232 208 
236 220 
212 244 
232 472 
232 204 
232 256 
236 212 
236 212 
236 216 
232 268 
236 216 
212 216 
232 708 
240 212 
360 204 
232 216 
232 208 
236 220 
232 212 
236 232 
232 228 
232 232 
228 228 
188 236 
244 208 
240 192 
192 188 
228 216 
228 192 
232 204 
224 192 
232 208 
240 300 
232 208 
208 192 
188 232 
232 212 
208 228 
232 212 
212 240 
228 232 
236 232 
228 232 
188 228 
228 232 
236 208 
232 204 
236 896 
236 216 
236 212 
228 248 
244 208 
236 212 
236 212 
236 228 
236 208 
232 232 
228 212 
232 252 
240 212 
236 236 
256 208 
236 212 
240 216 
232 220 
236 212 
228 216 
232 224 
236 220 
232 232 
236 240 
232 232 
236 208 
236 224 
228 208 
228 212 
236 228 
232 208 
236 212 
232 216 
424 216 
236 212 
236 232 
232 220 
236 212 
236 256 
44 48 
236 216 
228 228 
664 212 
232 212 
236 208 
240 212 
232 212 
240 220 
236 240 
232 208 
1156 240 
236 476 
228 232 
232 216 
236 212 
240 236 
232 216 
232 208 
232 212 
220 208 
232 708 
232 216 
232 212 
228 212 
228 208 
236 228 
132 44 
232 216 
216 212 
232 212 
228 216 
244 216 
240 216 
236 216 
228 220 
228 212 
232 208 
232 224 
228 212 
244 208 
232 216 
248 212 
228 216 
236 216 
1152 208 
236 240 
252 212 
228 212 
236 212 
240 248 
244 212 
228 208 
236 212 
236 212 
232 220 
232 216 
236 216 
236 224 
240 40 
236 236 
232 224 
236 216 
240 212 
236 244 
236 216 
236 212 
232 236 
232 216 
236 236 
296 228 
232 208 
236 224 
232 212 
236 252 
228 216 
232 208 
236 212 
224 216 
236 232 
208 252 
236 212 
240 216 
240 208 
232 208 
236 236 
232 240 
236 212 
232 228 
424 224 
236 212 
232 212 
240 208 
240 216 
248 216 
232 208 
236 216 
260 212 
672 208 
228 216 
232 216 
232 208 
236 248 
232 212 
232 212 
228 212 
216 216 
316 408 
236 260 
240 244 
236 224 
232 208 
228 212 
240 208 
240 216 
220 208 
236 236 
228 212 
236 212 
272 212 
244 240 
240 216 
236 260 
232 248 
240 244 
244 224 
244 212 
232 212 
232 208 
1176 212 
232 204 
232 212 
236 212 
236 232 
232 216 
232 216 
236 212 
232 212 
236 220 
0 0 
232 236 
228 216 
232 208 
232 208 
236 208 
236 212 
232 236 
240 260 
236 224 
232 212 
236 212 
236 212 
236 216 
236 208 
232 204 
452 208 
236 324 
236 232 
232 212 
236 216 
232 236 
232 248 
240 212 
228 216 
236 212 
232 212 
232 212 
232 208 
240 212 
232 204 
232 212 
232 232 
236 236 
256 216 
236 232 
220 216 
236 216 
236 216 
228 208 
236 236 
232 216 
232 212 
232 216 
236 216 
460 212 
228 212 
240 236 
280 216 
232 220 
232 208 
236 212 
236 220 
244 212 
700 208 
236 220 
232 212 
280 204 
244 212 
232 204 
232 208 
236 212 
212 216 
236 608 
236 208 
236 212 
240 212 
236 256 
240 208 
236 216 
228 216 
220 212 
236 212 
240 232 
236 916 
232 228 
236 208 
232 240 
240 212 
240 240 
232 220 
232 212 
236 216 
236 224 
232 228 
232 212 
236 232 
236 212 
244 220 
260 216 
232 240 
228 212 
232 212 
232 216 
232 208 
232 212 
240 208 
236 216 
232 208 
232 212 
232 216 
236 240 
228 208 
224 216 
228 216 
232 212 
236 208 
728 208 
232 232 
236 296 
236 220 
224 208 
236 216 
232 212 
240 220 
232 240 
236 236 
236 216 
232 256 
232 204 
248 212 
232 212 
236 216 
240 236 
236 252 
240 268 
256 216 
196 48 
236 216 
228 208 
236 212 
216 216 
236 204 
232 208 
236 236 
236 220 
236 208 
236 204 
232 212 
236 208 
464 220 
712 216 
240 232 
236 232 
228 212 
240 236 
240 216 
228 212 
236 236 
724 212 
236 212 
232 212 
240 232 
232 216 
236 208 
228 208 
240 208 
216 216 
1168 216 
228 236 
44 216 
236 216 
236 220 
232 244 
232 212 
232 256 
212 208 
232 208 
228 208 
232 208 
232 216 
232 216 
240 236 
240 272 
240 220 
232 208 
236 212 
240 208 
232 240 
236 216 
236 212 
232 212 
236 212 
236 236 
236 212 
236 220 
232 236 
236 212 
236 212 
232 48 
236 248 
232 236 
244 216 
236 220 
232 232 
228 216 
240 212 
256 212 
232 220 
232 212 
228 216 
236 208 
240 220 
240 228 
232 212 
236 204 
236 212 
236 212 
240 212 
232 212 
232 212 
232 232 
252 212 
232 204 
232 208 
236 224 
236 240 
232 216 
248 232 
236 220 
236 240 
232 208 
232 216 
236 208 
236 212 
760 212 
256 256 
236 212 
236 236 
236 212 
224 212 
236 208 
240 208 
228 212 
256 212 
472 208 
240 244 
232 220 
240 212 
236 212 
240 212 
232 212 
244 212 
232 216 
732 212 
228 216 
236 212 
236 236 
232 220 
224 220 
240 212 
236 216 
212 216 
232 568 
236 248 
228 216 
228 208 
232 212 
236 208 
232 212 
232 216 
212 224 
236 240 
240 264 
240 212 
236 212 
232 220 
232 212 
236 208 
228 208 
236 212 
236 212 
232 224 
236 236 
236 240 
232 248 
232 212 
236 212 
236 212 
236 212 
232 208 
236 220 
240 236 
236 256 
232 240 
232 236 
232 212 
240 220 
240 264 
236 216 
240 204 
236 212 
232 220 
236 208 
240 236 
240 244 
236 244 
236 216 
232 208 
236 240 
232 272 
236 216 
260 204 
240 212 
236 212 
232 216 
228 212 
232 212 
240 212 
928 208 
228 212 
268 204 
232 212 
232 216 
232 212 
236 212 
232 232 
232 212 
228 208 
236 220 
236 212 
220 204 
228 216 
232 216 
228 216 
236 208 
240 236 
240 220 
240 204 
236 212 
524 212 
236 216 
236 236 
232 216 
236 212 
228 212 
228 216 
236 208 
236 208 
748 208 
228 216 
232 204 
232 208 
232 212 
232 220 
236 224 
240 232 
212 240 
256 592 
232 208 
240 236 
240 212 
240 208 
240 240 
236 216 
236 208 
212 248 
228 208 
236 212 
236 208 
232 232 
232 232 
232 244 
236 220 
232 212 
240 224 
236 304 
240 240 
236 240 
228 216 
224 220 
240 248 
240 212 
228 216 
236 212 
236 208 
232 216 
240 212 
232 212 
236 208 
236 236 
232 208 
236 208 
240 220 
236 252 
268 224 
232 236 
232 212 
232 232 
256 212 
232 212 
240 212 
232 236 
756 212 
232 260 
236 224 
228 216 
236 208 
240 212 
236 240 
232 212 
232 212 
232 208 
236 236 
232 224 
232 216 
232 208 
236 216 
236 236 
236 228 
236 208 
236 208 
236 236 
236 268 
228 212 
232 220 
280 216 
236 212 
232 212 
236 208 
232 216 
232 220 
232 212 
228 212 
232 204 
536 212 
356 208 
232 216 
236 236 
236 208 
232 212 
232 216 
232 208 
236 208 
752 228 
240 216 
228 212 
228 212 
232 208 
232 208 
240 204 
236 232 
212 240 
228 640 
236 212 
232 216 
244 212 
232 208 
40 48 
236 228 
232 216 
212 212 
232 216 
240 212 
236 236 
240 208 
236 228 
240 228 
228 232 
236 212 
336 208 
236 232 
232 208 
240 228 
232 236 
236 232 
232 252 
236 212 
236 216 
232 212 
232 236 
232 264 
240 252 
244 212 
316 212 
232 208 
248 1116 
236 216 
44 48 
236 240 
312 212 
236 204 
232 208 
236 212 
228 212 
236 236 
232 212 
240 208 
228 212 
236 208 
236 212 
232 236 
240 216 
232 208 
236 212 
240 216 
232 216 
236 216 
236 212 
236 216 
232 212 
232 232 
256 212 
232 212 
236 212 
236 252 
232 216 
260 216 
232 228 
236 228 
232 216 
308 216 
236 48 
236 204 
236 216 
236 208 
236 236 
232 216 
228 212 
236 208 
572 212 
296 212 
248 208 
228 208 
232 208 
240 212 
236 236 
224 212 
232 212 
240 340 
236 216 
232 208 
232 216 
236 228 
232 232 
232 252 
232 224 
212 208 
240 640 
236 220 
232 212 
264 236 
232 220 
240 212 
212 208 
232 212 
216 216 
236 212 
236 220 
232 232 
232 212 
236 232 
236 220 
236 212 
232 216 
236 212 
236 244 
232 256 
248 208 
232 212 
392 216 
232 204 
232 208 
232 212 
232 216 
260 224 
272 212 
236 220 
232 236 
232 264 
244 212 
236 232 
236 236 
236 236 
240 260 
232 212 
232 208 
240 216 
228 248 
244 208 
232 212 
236 256 
236 236 
264 216 
232 208 
236 212 
232 224 
232 220 
232 220 
236 216 
228 212 
240 240 
232 212 
232 208 
244 1080 
232 212 
236 224 
236 216 
240 228 
228 212 
236 220 
236 212 
236 228 
240 208 
232 208 
232 248 
340 240 
232 236 
240 216 
232 212 
260 212 
244 216 
240 216 
232 212 
236 216 
556 212 
236 228 
228 212 
228 212 
232 212 
236 212 
236 232 
236 224 
228 256 
232 420 
232 204 
232 208 
236 216 
236 232 
228 216 
236 208 
232 208 
220 216 
236 672 
236 216 
232 256 
228 220 
236 236 
236 212 
236 224 
236 224 
212 212 
232 216 
236 248 
232 212 
232 208 
236 204 
232 212 
228 216 
236 212 
236 212 
236 212 
236 252 
232 244 
236 212 
236 236 
240 212 
236 228 
236 204 
232 240 
240 240 
240 236 
236 212 
228 212 
232 212 
240 240 
236 216 
240 264 
232 216 
232 212 
232 208 
240 204 
236 268 
232 232 
228 208 
240 208 
236 224 
240 208 
232 212 
236 212 
236 212 
228 212 
236 216 
236 232 
240 236 
232 212 
236 208 
236 216 
232 212 
240 212 
236 212 
224 240 
236 224 
232 224 
236 212 
232 212 
236 212 
236 216 
252 216 
268 220 
236 224 
344 236 
260 208 
236 220 
232 236 
236 260 
248 236 
236 208 
236 212 
236 216 
592 216 
228 208 
292 216 
228 216 
232 212 
228 216 
236 212 
240 236 
252 212 
228 436 
232 208 
236 212 
232 216 
232 216 
232 248 
236 216 
236 212 
228 216 
232 668 
236 208 
232 208 
236 208 
236 216 
236 216 
232 256 
232 256 
216 212 
236 236 
240 224 
236 208 
240 208 
240 236 
228 220 
232 208 
236 216 
1132 208 
232 208 
240 212 
232 212 
236 240 
236 208 
240 212 
232 208 
232 236 
236 220 
232 216 
232 212 
248 212 
228 204 
44 48 
228 220 
232 208 
228 212 
232 208 
232 220 
232 268 
236 208 
232 216 
232 208 
236 212 
240 240 
236 236 
236 244 
232 272 
232 224 
236 208 
240 208 
240 240 
236 212 
232 208 
236 236 
236 236 
236 212 
248 204 
236 252 
44 48 
236 216 
236 264 
236 220 
232 208 
236 236 
232 208 
232 212 
236 252 
236 216 
1436 212 
392 216 
236 260 
232 264 
240 216 
236 212 
232 264 
240 264 
232 220 
232 212 
632 216 
236 232 
232 204 
236 240 
260 232 
232 216 
236 224 
236 212 
212 216 
236 48 
264 224 
232 232 
232 216 
236 212 
236 216 
236 220 
232 212 
208 208 
244 692 
228 208 
236 220 
236 216 
240 256 
236 240 
1096 208 
236 208 
208 208 
232 216 
236 208 
236 216 
232 232 
232 220 
236 260 
248 212 
232 204 
240 220 
232 252 
236 216 
232 208 
232 216 
232 216 
236 212 
240 228 
228 212 
236 208 
236 236 
228 212 
232 220 
240 220 
240 240 
236 212 
236 220 
236 208 
232 208 
236 212 
232 208 
240 220 
232 212 
232 216 
236 212 
236 260 
232 212 
232 216 
240 208 
240 220 
236 236 
236 236 
232 216 
232 208 
232 216 
236 236 
236 216 
264 212 
240 232 
236 236 
228 212 
232 220 
240 208 
232 236 
236 240 
236 232 
232 212 
236 212 
236 228 
236 216 
268 224 
404 256 
236 212 
236 216 
236 216 
232 232 
228 236 
228 208 
232 212 
232 220 
616 236 
236 216 
240 224 
236 208 
236 216 
228 216 
228 212 
232 264 
212 208 
232 460 
236 208 
236 212 
228 216 
1064 208 
236 236 
236 216 
232 228 
212 228 
236 696 
232 208 
236 240 
236 264 
236 208 
252 212 
232 208 
236 212 
212 208 
228 204 
240 268 
232 248 
240 212 
272 216 
232 240 
236 212 
236 208 
232 204 
232 228 
232 240 
236 232 
232 212 
236 216 
236 216 
244 216 
236 216 
228 208 
236 236 
228 208 
232 208 
240 224 
236 232 
236 208 
232 244 
236 204 
228 212 
232 228 
236 212 
232 208 
236 220 
232 240 
232 212 
240 208 
228 216 
236 208 
232 248 
232 236 
232 236 
236 248 
248 216 
232 208 
236 308 
236 212 
240 212 
232 232 
240 220 
236 216 
236 212 
252 216 
216 216 
244 208 
232 256 
240 220 
236 240 
232 208 
236 260 
232 208 
236 216 
396 216 
236 212 
232 252 
244 212 
244 216 
236 256 
244 216 
232 212 
236 220 
680 212 
240 220 
1196 224 
232 252 
236 260 
232 216 
240 240 
236 236 
228 208 
768 208 
232 208 
232 212 
244 220 
232 212 
240 220 
236 208 
232 212 
316 220 
236 232 
236 216 
240 240 
236 236 
236 216 
236 212 
236 224 
236 244 
208 236 
232 220 
232 212 
236 216 
228 212 
236 224 
236 204 
228 216 
232 228 
532 224 
236 212 
240 216 
232 236 
232 216 
244 236 
232 220 
224 216 
232 212 
236 208 
236 212 
240 232 
236 212 
240 216 
228 220 
232 208 
240 212 
232 208 
232 212 
48 44 
236 208 
236 208 
236 240 
232 236 
236 212 
236 236 
244 212 
240 212 
232 208 
232 216 
232 208 
228 208 
236 240 
236 232 
572 212 
240 232 
228 252 
240 236 
236 212 
232 232 
236 212 
236 236 
220 208 
236 260 
236 236 
228 240 
40 52 
232 228 
252 212 
228 212 
232 208 
1024 244 
248 212 
228 220 
236 212 
240 256 
240 212 
232 240 
236 212 
236 220 
660 212 
236 224 
236 216 
240 248 
232 244 
236 216 
240 236 
232 236 
236 216 
232 464 
236 236 
232 228 
268 204 
240 240 
232 208 
232 48 
236 212 
216 212 
252 748 
236 216 
232 212 
232 212 
236 216 
236 232 
232 212 
420 212 
232 212 
228 212 
232 208 
236 208 
236 232 
232 216 
236 208 
236 212 
228 212 
236 236 
236 212 
236 216 
228 212 
232 232 
236 208 
236 220 
232 220 
236 236 
236 212 
236 216 
228 208 
236 212 
240 236 
236 240 
240 236 
232 212 
252 216 
228 228 
232 260 
236 216 
236 236 
236 212 
384 236 
236 212 
236 208 
236 216 
236 216 
240 220 
236 204 
236 220 
232 208 
240 212 
240 240 
240 236 
244 216 
236 212 
240 216 
236 208 
228 216 
232 236 
260 212 
216 224 
240 212 
232 272 
240 212 
232 212 
236 212 
232 216 
228 212 
232 208 
348 208 
240 224 
236 208 
236 212 
236 208 
244 232 
232 208 
236 232 
236 248 
692 212 
232 216 
236 260 
244 212 
232 212 
232 208 
252 212 
236 212 
212 212 
228 564 
232 244 
236 212 
228 216 
232 212 
240 236 
236 232 
236 236 
204 216 
236 252 
236 216 
240 212 
236 208 
236 256 
232 212 
236 216 
244 216 
216 236 
236 232 
236 232 
236 236 
236 212 
232 212 
236 208 
236 340 
232 212 
236 236 
236 280 
228 208 
236 216 
236 216 
264 244 
232 208 
232 208 
232 212 
236 240 
224 212 
232 216 
688 268 
360 212 
236 208 
240 260 
232 212 
228 212 
232 216 
236 212 
232 216 
236 248 
260 260 
232 216 
240 208 
236 216 
232 240 
228 240 
232 216 
232 212 
312 216 
228 212 
352 208 
228 228 
236 224 
236 216 
240 208 
236 212 
232 208 
236 212 
236 256 
236 260 
256 208 
232 208 
244 216 
228 212 
236 220 
228 216 
244 208 
236 216 
236 212 
496 216 
232 208 
228 260 
236 236 
236 212 
232 212 
232 216 
236 212 
240 272 
708 224 
236 220 
232 216 
232 216 
232 232 
232 204 
232 212 
236 236 
212 248 
232 564 
236 220 
240 236 
236 236 
232 236 
240 232 
236 240 
240 212 
204 220 
236 228 
288 204 
232 208 
240 220 
236 236 
268 212 
232 216 
236 216 
228 236 
232 232 
236 212 
236 220 
228 220 
236 216 
232 208 
232 212 
236 228 
236 216 
600 236 
236 212 
236 232 
236 212 
228 212 
232 220 
236 236 
240 212 
236 204 
236 208 
232 260 
236 212 
236 236 
240 208 
232 212 
236 236 
228 212 
236 212 
236 236 
236 264 
228 212 
232 224 
228 212 
240 244 
260 212 
236 212 
236 212 
240 212 
232 212 
236 216 
232 208 
236 224 
236 256 
196 212 
240 208 
240 212 
236 264 
236 212 
236 256 
236 212 
256 220 
268 212 
236 212 
232 220 
236 252 
232 216 
236 204 
240 212 
232 208 
236 208 
496 236 
228 212 
248 208 
236 216 
236 204 
236 236 
240 220 
228 212 
232 212 
44 44 
236 216 
236 212 
236 208 
236 244 
236 232 
240 240 
236 256 
332 208 
232 572 
236 212 
240 240 
236 220 
228 224 
236 212 
232 240 
232 236 
208 212 
232 216 
232 212 
236 216 
236 236 
232 212 
236 216 
236 1072 
232 236 
232 212 
232 212 
236 232 
56 48 
236 228 
232 216 
240 208 
232 208 
236 224 
236 212 
236 264 
240 212 
236 204 
236 212 
240 212 
232 212 
232 204 
232 212 
236 208 
236 216 
236 224 
232 204 
232 240 
240 216 
244 224 
252 212 
236 212 
236 220 
236 232 
236 208 
236 212 
232 204 
236 352 
292 300 
236 44 
236 236 
232 264 
232 208 
236 220 
236 212 
236 240 
236 220 
232 216 
236 312 
248 212 
232 212 
232 212 
236 220 
236 208 
236 208 
232 208 
272 240 
232 240 
236 204 
232 208 
236 252 
248 216 
236 204 
232 216 
232 212 
496 212 
236 220 
248 208 
236 212 
232 212 
240 208 
232 212 
236 216 
236 236 
780 260 
228 212 
232 212 
236 212 
232 208 
232 232 
232 220 
228 212 
212 216 
236 580 
228 212 
236 240 
236 236 
248 216 
232 268 
236 212 
228 208 
212 216 
236 256 
232 208 
236 216 
232 216 
236 212 
232 212 
240 240 
228 212 
232 208 
232 212 
236 216 
232 212 
232 212 
280 212 
236 208 
240 232 
248 212 
232 220 
236 236 
228 216 
244 208 
236 212 
236 216 
236 232 
236 224 
232 212 
240 212 
232 212 
240 224 
236 1020 
232 216 
236 220 
228 212 
248 216 
232 236 
228 216 
228 204 
236 304 
236 216 
236 216 
232 216 
236 216 
240 220 
236 212 
236 204 
232 212 
236 208 
236 236 
236 216 
232 208 
236 208 
236 216 
244 216 
236 212 
232 212 
228 212 
240 204 
232 216 
236 212 
264 216 
232 220 
244 216 
232 208 
312 216 
236 220 
236 260 
232 216 
236 212 
552 260 
240 212 
232 208 
236 232 
228 240 
236 216 
236 220 
236 252 
232 228 
228 392 
232 212 
228 212 
236 220 
236 212 
240 220 
236 208 
240 216 
216 220 
236 632 
232 228 
240 240 
236 256 
228 212 
228 208 
232 208 
236 204 
212 256 
236 212 
236 216 
232 208 
232 212 
236 216 
232 212 
232 212 
236 236 
236 212 
236 228 
228 252 
232 204 
228 208 
232 236 
232 212 
236 208 
236 216 
240 212 
232 212 
236 252 
232 232 
240 236 
236 216 
228 212 
236 216 
236 216 
232 236 
248 216 
240 208 
232 248 
232 212 
236 248 
232 216 
236 212 
228 208 
232 212 
236 212 
232 212 
236 212 
236 236 
232 232 
236 260 
232 244 
236 212 
228 212 
236 228 
252 252 
240 244 
232 220 
232 216 
232 264 
232 220 
212 216 
244 208 
236 212 
236 308 
240 216 
236 260 
232 212 
308 236 
236 220 
232 256 
236 212 
236 212 
236 216 
240 260 
236 204 
228 212 
560 212 
232 216 
236 216 
236 212 
228 212 
232 212 
228 212 
236 240 
232 212 
236 332 
240 212 
236 216 
232 212 
236 216 
232 212 
228 212 
232 212 
556 220 
232 620 
236 208 
236 216 
232 208 
228 212 
232 208 
236 216 
232 232 
212 240 
228 232 
240 212 
324 220 
228 212 
232 212 
232 236 
228 212 
232 1132 
232 236 
232 216 
236 208 
264 212 
232 208 
232 208 
232 224 
232 204 
236 256 
240 236 
232 212 
232 220 
232 212 
40 44 
236 212 
236 264 
240 260 
236 212 
232 212 
240 212 
240 212 
232 232 
236 216 
236 220 
232 212 
236 232 
232 216 
256 220 
236 212 
240 212 
236 236 
236 216 
1000 216 
236 212 
240 216 
244 212 
232 216 
232 212 
228 216 
236 212 
232 208 
236 212 
236 208 
236 208 
236 216 
232 216 
44 44 
236 216 
240 232 
240 212 
236 236 
340 204 
240 232 
236 212 
228 216 
232 208 
236 236 
232 248 
236 232 
224 216 
576 228 
240 212 
236 216 
232 60 
236 212 
232 212 
952 216 
236 212 
220 208 
236 396 
236 260 
236 212 
240 240 
236 236 
240 244 
236 220 
232 228 
232 236 
232 652 
236 212 
232 208 
236 220 
232 216 
232 336 
232 212 
236 224 
216 244 
232 236 
240 212 
232 208 
236 216 
232 252 
236 216 
236 220 
236 216 
236 216 
236 208 
232 204 
236 212 
232 220 
228 208 
236 236 
232 264 
236 212 
236 212 
236 220 
232 216 
236 212 
232 220 
232 244 
316 256 
240 208 
240 212 
232 236 
236 216 
232 216 
240 304 
236 212 
416 212 
236 212 
228 208 
228 208 
236 212 
232 216 
232 224 
240 236 
228 208 
236 220 
232 212 
240 276 
280 216 
236 232 
240 216 
232 208 
232 208 
236 212 
232 220 
232 208 
240 212 
232 212 
236 216 
236 236 
232 256 
236 216 
236 216 
236 208 
356 220 
236 212 
232 240 
236 204 
252 552 
236 212 
232 216 
240 212 
232 212 
604 224 
228 212 
236 212 
236 208 
236 212 
236 212 
236 212 
232 208 
220 236 
236 440 
236 228 
232 208 
236 248 
236 220 
236 236 
228 212 
228 216 
212 260 
236 676 
236 220 
236 212 
232 212 
228 212 
232 220 
240 208 
236 212 
208 232 
236 212 
232 236 
236 208 
232 260 
228 216 
240 208 
240 212 
236 236 
236 212 
244 212 
236 216 
236 236 
232 212 
232 208 
232 216 
228 216 
232 216 
240 240 
240 212 
236 220 
236 208 
236 220 
240 212 
232 248 
228 232 
236 216 
232 256 
232 208 
232 208 
240 204 
236 232 
232 220 
236 208 
232 212 
236 232 
232 240 
232 220 
236 208 
236 208 
228 212 
236 208 
240 208 
240 220 
236 224 
232 228 
232 220 
228 208 
232 216 
236 212 
232 212 
240 220 
228 212 
1068 212 
236 208 
232 216 
232 264 
236 240 
232 216 
232 212 
392 236 
260 244 
0 0 
196 224 
236 216 
228 216 
236 220 
232 236 
232 212 
596 212 
236 236 
236 228 
228 204 
228 208 
232 236 
236 232 
240 260 
216 212 
236 516 
232 252 
232 208 
236 216 
236 212 
236 268 
228 220 
244 232 
592 208 
264 676 
236 204 
236 208 
232 208 
236 212 
228 208 
244 216 
236 212 
212 212 
228 212 
240 216 
236 260 
232 220 
236 212 
236 216 
232 256 
240 208 
236 220 
228 212 
232 212 
232 212 
240 208 
240 208 
236 236 
240 216 
236 220 
236 212 
232 212 
232 212 
236 216 
236 220 
236 240 
232 216 
820 212 
232 240 
44 40 
232 216 
244 232 
232 240 
236 224 
240 208 
240 204 
228 228 
232 212 
232 212 
240 224 
232 204 
232 220 
236 236 
236 212 
1080 216 
236 256 
232 220 
228 224 
232 220 
232 216 
232 204 
236 208 
232 212 
244 232 
0 0 
0 0 
228 212 
232 208 
232 212 
240 212 
40 48 
212 212 
372 212 
232 216 
232 212 
236 208 
236 212 
236 216 
236 236 
232 236 
236 208 
620 216 
232 212 
240 216 
232 216 
232 212 
236 216 
232 216 
232 208 
216 212 
228 472 
240 240 
232 216 
232 212 
236 216 
236 236 
232 212 
236 212 
216 220 
236 704 
236 208 
236 48 
232 252 
232 244 
236 216 
236 256 
232 212 
216 204 
232 220 
240 212 
236 212 
236 232 
236 224 
240 208 
244 212 
232 252 
232 212 
336 220 
236 236 
236 216 
236 220 
584 216 
236 212 
244 212 
240 216 
232 212 
232 256 
232 212 
232 208 
236 204 
232 212 
236 212 
324 216 
236 216 
232 208 
228 208 
236 216 
232 216 
236 208 
232 236 
236 252 
232 208 
236 220 
232 216 
236 208 
236 212 
232 212 
236 236 
236 212 
232 236 
236 220 
236 208 
236 212 
236 212 
232 224 
240 236 
240 216 
232 232 
236 212 
236 212 
240 236 
232 232 
232 220 
236 208 
236 236 
236 208 
232 224 
388 212 
256 232 
232 208 
232 208 
232 212 
236 212 
236 216 
232 236 
232 252 
652 212 
240 212 
236 220 
236 220 
240 212 
236 212 
232 232 
232 264 
212 220 
240 484 
236 228 
228 212 
232 212 
236 216 
236 208 
236 204 
236 216 
228 208 
236 212 
240 212 
232 236 
236 208 
236 216 
236 236 
232 212 
244 228 
212 216 
228 212 
236 212 
600 260 
228 220 
236 220 
236 212 
232 208 
236 204 
232 208 
236 212 
232 212 
232 212 
236 212 
228 216 
232 212 
232 208 
308 224 
228 208 
232 212 
232 216 
228 216 
320 220 
232 292 
232 212 
236 212 
236 240 
232 236 
236 232 
236 324 
240 212 
236 228 
228 208 
232 208 
240 212 
232 212 
236 236 
244 216 
232 212 
240 236 
236 220 
228 212 
236 220 
256 216 
240 220 
232 228 
232 208 
236 212 
236 216 
232 224 
232 216 
220 216 
232 212 
236 208 
240 208 
232 212 
240 212 
232 208 
236 240 
236 208 
436 204 
228 216 
232 212 
236 212 
232 212 
232 212 
228 208 
224 204 
236 216 
664 216 
196 216 
236 208 
240 236 
232 216 
232 240 
232 208 
236 208 
216 212 
260 472 
232 208 
236 212 
236 212 
232 212 
236 216 
236 232 
240 216 
216 208 
644 260 
228 216 
236 216 
236 216 
236 236 
236 212 
232 224 
228 212 
236 204 
236 208 
232 220 
236 208 
240 208 
228 216 
236 236 
236 228 
236 216 
240 240 
232 236 
236 224 
236 220 
236 212 
236 244 
236 212 
236 212 
232 212 
252 212 
252 208 
232 212 
236 208 
236 240 
240 228 
252 212 
220 208 
236 236 
244 212 
236 216 
236 236 
236 212 
228 216 
280 304 
240 228 
236 208 
276 216 
228 208 
244 212 
236 212 
232 212 
228 228 
236 216 
232 212 
232 212 
236 224 
232 44 
228 204 
232 212 
232 212 
232 208 
236 212 
216 216 
232 208 
236 236 
232 208 
236 212 
228 212 
240 216 
232 208 
240 216 
460 212 
232 208 
232 212 
236 220 
236 236 
236 212 
236 212 
232 216 
232 260 
700 212 
236 212 
236 240 
228 212 
232 208 
232 52 
236 44 
232 212 
212 208 
232 524 
228 236 
228 212 
236 260 
232 212 
232 204 
240 208 
232 216 
224 208 
236 236 
236 240 
236 216 
232 212 
236 216 
236 216 
232 208 
240 212 
236 224 
240 236 
264 212 
232 212 
232 212 
236 212 
236 208 
236 252 
236 44 
236 232 
232 212 
240 280 
240 204 
232 208 
320 908 
256 220 
232 216 
232 216 
236 204 
236 236 
240 208 
236 224 
236 236 
228 216 
236 212 
236 220 
240 212 
232 212 
236 208 
240 212 
244 212 
232 204 
236 220 
232 212 
232 212 
236 212 
232 212 
228 232 
232 216 
236 236 
236 236 
232 212 
232 216 
240 212 
236 236 
236 236 
232 208 
232 308 
236 220 
240 232 
236 232 
240 212 
232 212 
236 212 
284 220 
236 212 
236 236 
228 220 
232 208 
236 212 
448 216 
232 204 
236 236 
232 212 
228 240 
236 216 
236 224 
232 236 
228 212 
704 216 
244 224 
232 240 
232 236 
236 208 
232 224 
236 216 
236 216 
208 208 
232 596 
236 236 
232 224 
232 212 
236 220 
236 208 
232 208 
232 208 
208 220 
244 212 
232 236 
228 220 
232 232 
232 208 
236 212 
236 236 
236 264 
236 208 
236 212 
236 220 
236 916 
236 216 
236 216 
224 208 
228 208 
232 216 
236 236 
232 228 
276 216 
232 208 
236 212 
236 216 
236 240 
228 236 
236 236 
236 224 
236 248 
232 240 
228 212 
236 236 
228 220 
232 220 
236 208 
236 208 
236 236 
240 212 
236 220 
232 208 
228 212 
244 208 
236 216 
228 212 
232 212 
256 212 
196 212 
236 212 
276 216 
232 216 
236 212 
236 232 
232 248 
296 228 
232 212 
236 208 
228 232 
228 252 
228 212 
232 216 
268 216 
228 208 
236 208 
236 208 
280 212 
232 204 
284 216 
228 220 
236 208 
484 212 
236 232 
236 232 
232 224 
232 208 
232 212 
236 228 
232 204 
252 208 
736 252 
232 212 
232 216 
232 208 
236 240 
252 212 
232 232 
236 224 
240 224 
232 580 
252 212 
232 260 
228 216 
232 208 
232 232 
236 244 
228 212 
212 208 
236 1216 
228 212 
240 232 
232 236 
236 236 
256 216 
232 212 
232 212 
240 232 
236 240 
236 208 
236 216 
232 208 
240 212 
452 208 
244 204 
232 216 
232 212 
228 212 
236 212 
240 216 
236 224 
224 216 
232 208 
228 212 
240 208 
228 236 
240 212 
236 208 
232 212 
240 296 
232 216 
236 220 
240 236 
236 212 
236 232 
228 212 
228 216 
236 224 
232 208 
232 208 
232 216 
236 212 
236 240 
240 240 
232 232 
232 212 
244 228 
232 208 
232 260 
232 236 
228 208 
236 220 
236 212 
232 264 
236 208 
232 212 
236 212 
232 216 
276 208 
232 208 
236 212 
232 240 
264 212 
260 216 
240 204 
236 208 
1096 236 
524 216 
236 212 
228 212 
232 208 
348 208 
232 212 
48 48 
236 212 
232 236 
288 308 
232 212 
232 208 
236 260 
232 212 
232 204 
236 204 
236 1084 
216 216 
240 592 
236 260 
232 264 
232 208 
232 212 
236 216 
236 208 
236 236 
216 212 
240 240 
232 212 
236 208 
240 260 
232 264 
232 216 
236 208 
236 228 
232 216 
44 48 
232 208 
232 216 
240 220 
236 236 
236 236 
232 212 
236 236 
236 212 
232 216 
240 208 
236 212 
240 212 
848 208 
236 220 
232 208 
228 216 
232 212 
236 208 
240 256 
236 236 
232 236 
232 220 
232 208 
232 212 
240 216 
236 264 
240 208 
232 48 
236 240 
252 208 
236 224 
236 212 
248 212 
228 212 
232 212 
256 212 
240 236 
236 212 
272 216 
252 208 
232 212 
236 208 
236 240 
236 248 
232 228 
232 216 
828 220 
232 216 
240 212 
304 208 
232 212 
236 240 
228 216 
240 212 
236 204 
236 236 
236 212 
232 208 
544 208 
232 212 
228 212 
240 216 
232 248 
336 220 
228 236 
232 232 
236 212 
236 372 
232 216 
232 236 
232 216 
236 228 
232 212 
228 216 
232 212 
212 212 
232 532 
236 208 
232 232 
236 204 
236 208 
236 240 
236 236 
236 240 
208 212 
232 212 
236 212 
236 212 
232 208 
324 208 
236 208 
236 216 
236 228 
236 208 
232 208 
228 216 
232 208 
232 212 
236 212 
228 236 
236 240 
236 216 
228 220 
232 212 
232 248 
228 212 
236 216 
236 208 
236 212 
236 236 
232 240 
236 216 
264 232 
232 216 
236 268 
232 220 
240 208 
236 264 
240 252 
236 216 
232 208 
232 212 
236 212 
228 216 
236 236 
232 236 
352 216 
240 212 
236 236 
228 216 
716 252 
244 232 
264 208 
236 236 
228 208 
236 204 
236 232 
236 212 
232 268 
228 220 
232 216 
232 216 
236 236 
232 212 
296 232 
232 240 
228 220 
236 232 
252 212 
232 212 
236 208 
236 204 
236 272 
540 236 
236 208 
236 216 
240 236 
256 212 
240 228 
232 212 
232 212 
236 208 
236 404 
240 216 
232 212 
236 212 
244 208 
236 216 
244 240 
232 236 
212 240 
232 632 
236 208 
240 216 
228 216 
232 216 
236 212 
236 236 
232 256 
216 208 
236 236 
232 216 
232 220 
236 216 
236 240 
232 244 
236 208 
232 212 
236 216 
232 212 
232 212 
236 236 
232 252 
232 212 
236 212 
228 208 
236 212 
236 212 
236 208 
236 212 
236 232 
232 236 
228 212 
240 220 
240 240 
236 236 
236 232 
232 212 
264 212 
240 212 
236 256 
232 212 
236 212 
228 212 
600 444 
240 216 
244 232 
232 264 
256 212 
236 212 
232 212 
232 276 
232 208 
236 208 
232 300 
236 236 
232 208 
232 212 
240 264 
232 240 
236 264 
236 212 
244 220 
272 212 
228 216 
232 212 
232 208 
236 224 
236 256 
332 216 
232 208 
232 284 
232 212 
236 212 
236 240 
236 240 
232 216 
320 224 
580 224 
236 216 
228 216 
236 212 
232 240 
232 224 
240 204 
240 240 
312 296 
232 424 
232 208 
232 208 
236 252 
236 252 
236 236 
228 212 
232 208 
212 208 
236 652 
228 212 
236 212 
236 208 
236 208 
236 212 
232 256 
236 212 
212 208 
236 216 
232 220 
236 212 
236 236 
384 212 
232 208 
48 72 
236 224 
276 212 
232 212 
236 208 
244 216 
232 208 
228 208 
244 212 
232 212 
232 212 
236 220 
236 216 
236 236 
236 212 
256 212 
236 204 
876 252 
232 212 
236 212 
240 212 
44 44 
232 224 
232 208 
236 208 
276 252 
236 236 
236 252 
248 212 
356 308 
240 204 
240 220 
236 208 
236 212 
288 212 
232 208 
236 208 
236 240 
236 256 
236 216 
240 208 
228 220 
236 232 
232 264 
232 212 
236 216 
236 216 
228 208 
236 208 
236 216 
236 212 
240 208 
236 232 
344 216 
236 208 
232 44 
236 212 
240 212 
232 212 
236 216 
236 212 
232 240 
576 236 
236 216 
236 208 
236 220 
232 216 
236 256 
232 224 
228 216 
216 212 
248 424 
228 212 
240 208 
236 204 
232 216 
232 216 
248 216 
236 208 
212 224 
236 668 
236 204 
236 208 
236 236 
396 216 
344 228 
236 216 
228 212 
228 212 
236 208 
236 224 
236 240 
232 228 
232 212 
236 212 
232 212 
236 224 
232 236 
236 212 
232 212 
232 208 
240 240 
232 236 
236 256 
236 216 
236 212 
236 232 
232 240 
224 212 
244 216 
240 212 
232 212 
240 212 
228 212 
236 216 
232 248 
228 216 
232 220 
232 220 
240 208 
236 212 
244 212 
232 260 
228 220 
232 208 
232 216 
236 212 
224 212 
232 228 
236 212 
236 236 
240 236 
232 212 
228 212 
236 208 
236 236 
232 264 
236 212 
236 212 
244 208 
236 236 
232 260 
228 212 
232 208 
240 224 
236 232 
232 244 
228 208 
408 240 
236 212 
236 236 
232 240 
236 228 
236 208 
236 208 
236 240 
240 216 
604 236 
236 224 
232 216 
240 208 
236 212 
240 212 
236 236 
236 260 
212 212 
784 208 
232 224 
500 216 
232 212 
236 236 
236 240 
236 236 
232 240 
212 216 
236 704 
236 208 
236 208 
240 232 
236 264 
232 224 
232 212 
236 240 
216 236 
236 236 
236 212 
232 236 
232 212 
232 224 
236 216 
236 208 
232 208 
232 216 
236 236 
232 248 
232 212 
228 208 
232 208 
236 240 
236 216 
228 228 
232 208 
232 260 
232 212 
236 220 
236 240 
232 264 
240 220 
256 228 
228 212 
232 208 
228 212 
236 216 
232 268 
232 248 
236 208 
236 212 
236 220 
236 236 
228 216 
236 236 
264 208 
228 216 
240 216 
236 236 
228 216 
268 224 
236 240 
240 216 
236 220 
232 264 
236 232 
236 212 
232 236 
232 208 
236 224 
232 252 
228 216 
232 216 
236 216 
236 256 
236 208 
232 236 
416 220 
236 248 
232 212 
236 212 
240 212 
236 236 
228 216 
232 220 
232 212 
544 216 
240 264 
236 240 
236 216 
232 212 
232 216 
236 220 
236 220 
212 228 
232 484 
232 208 
232 216 
228 208 
232 216 
236 208 
236 236 
236 220 
212 216 
232 692 
232 216 
236 208 
236 212 
236 212 
240 208 
296 236 
48 44 
208 244 
228 212 
228 212 
232 204 
240 212 
232 212 
228 212 
240 216 
228 208 
232 220 
236 212 
236 232 
236 212 
232 208 
232 284 
228 212 
232 216 
232 216 
244 208 
236 232 
232 208 
232 212 
232 212 
232 212 
232 212 
228 208 
228 212 
232 216 
232 96 
244 48 
236 220 
228 216 
296 220 
236 216 
236 248 
240 236 
300 240 
236 212 
228 224 
236 236 
240 404 
244 212 
236 212 
236 224 
232 260 
232 228 
232 212 
232 212 
228 216 
228 208 
228 208 
236 216 
228 212 
236 220 
232 212 
232 208 
240 216 
1136 52 
236 212 
240 204 
424 232 
236 212 
236 212 
236 216 
236 236 
232 212 
236 216 
232 212 
232 216 
644 208 
232 208 
240 236 
240 208 
240 224 
232 212 
240 216 
236 236 
208 204 
236 492 
240 216 
248 216 
336 208 
232 212 
236 212 
272 212 
232 212 
212 216 
236 728 
264 204 
232 212 
232 216 
228 1020 
240 212 
232 208 
232 212 
216 216 
236 208 
236 224 
236 220 
236 212 
232 220 
240 212 
236 236 
236 212 
228 284 
256 228 
232 212 
228 244 
232 216 
232 208 
240 208 
228 212 
228 212 
236 216 
232 212 
232 208 
236 252 
236 212 
240 216 
232 216 
232 212 
236 212 
236 240 
288 216 
236 208 
232 224 
272 212 
232 212 
232 216 
236 216 
236 240 
236 232 
232 240 
232 212 
232 212 
236 244 
240 208 
236 220 
232 212 
228 208 
228 216 
236 220 
232 212 
236 212 
236 232 
236 248 
216 212 
236 212 
240 212 
236 220 
240 236 
236 228 
236 204 
236 208 
236 232 
420 212 
232 216 
232 212 
240 216 
232 216 
232 232 
232 208 
228 228 
232 212 
652 216 
236 240 
272 208 
232 236 
232 264 
232 212 
232 208 
236 212 
212 212 
240 512 
236 228 
1140 216 
236 208 
232 216 
236 208 
240 212 
232 256 
212 224 
232 208 
236 208 
240 248 
232 212 
232 212 
240 216 
240 236 
228 212 
232 228 
240 212 
244 208 
236 224 
236 212 
236 236 
232 216 
232 212 
232 212 
232 216 
232 212 
232 208 
228 232 
232 236 
236 268 
232 232 
232 212 
236 212 
476 212 
236 232 
276 212 
244 220 
236 256 
236 208 
232 212 
236 240 
236 236 
244 216 
236 208 
232 208 
284 208 
240 212 
236 212 
248 216 
232 212 
232 208 
236 232 
232 232 
232 256 
236 208 
236 220 
240 212 
236 208 
236 240 
236 244 
236 244 
228 216 
232 208 
232 212 
232 212 
236 208 
224 216 
240 208 
232 208 
236 236 
236 204 
228 208 
232 208 
236 208 
232 208 
468 256 
236 208 
232 212 
232 220 
236 212 
232 216 
240 216 
236 236 
236 232 
896 216 
232 216 
240 216 
232 216 
228 252 
232 216 
232 212 
232 208 
212 208 
236 492 
236 244 
256 216 
232 212 
236 248 
232 216 
236 272 
236 236 
212 212 
232 220 
232 232 
232 208 
232 220 
228 220 
232 252 
236 208 
236 212 
212 224 
236 232 
224 212 
236 208 
232 204 
236 220 
236 212 
256 212 
240 212 
236 236 
252 216 
236 208 
232 212 
236 208 
236 236 
236 208 
228 208 
236 204 
236 208 
228 216 
236 216 
236 240 
240 236 
232 236 
236 256 
240 256 
232 208 
240 272 
232 236 
228 212 
232 208 
236 212 
236 212 
232 228 
44 224 
228 208 
236 216 
236 220 
240 216 
240 212 
228 208 
816 244 
240 236 
232 240 
228 216 
280 212 
232 212 
232 212 
232 212 
236 216 
236 216 
212 212 
236 208 
236 216 
256 212 
232 208 
232 216 
236 260 
232 960 
236 220 
460 212 
236 224 
236 208 
232 220 
48 48 
236 208 
236 216 
236 232 
236 252 
656 220 
236 228 
232 232 
236 244 
268 224 
232 212 
236 216 
236 224 
216 216 
236 560 
236 268 
232 216 
232 220 
232 212 
240 208 
236 224 
240 216 
208 260 
228 220 
232 204 
240 268 
236 212 
692 204 
236 208 
228 44 
236 248 
232 212 
236 212 
236 208 
236 240 
236 212 
232 216 
236 260 
232 212 
236 216 
236 212 
232 240 
236 208 
232 216 
236 208 
236 216 
240 236 
252 216 
236 212 
236 208 
232 220 
232 208 
236 212 
240 236 
236 208 
232 212 
232 208 
236 212 
236 236 
236 240 
236 236 
708 236 
232 216 
236 236 
228 216 
232 212 
232 220 
232 236 
228 212 
236 216 
228 224 
236 220 
236 236 
252 212 
232 208 
236 216 
236 208 
228 212 
232 208 
228 240 
236 232 
228 216 
260 216 
288 216 
256 208 
236 212 
232 216 
236 212 
236 212 
232 208 
232 212 
464 212 
236 216 
232 212 
236 212 
236 240 
228 216 
228 212 
240 208 
236 236 
720 220 
228 216 
236 220 
236 208 
236 208 
232 208 
236 216 
236 212 
208 212 
236 560 
236 236 
236 236 
264 212 
236 212 
232 212 
236 212 
240 244 
216 236 
236 716 
236 236 
236 216 
232 208 
236 216 
236 220 
236 212 
240 324 
232 340 
240 212 
240 208 
236 212 
232 216 
232 212 
232 208 
232 212 
228 212 
248 212 
240 252 
228 208 
236 232 
232 212 
232 220 
240 204 
232 212 
236 220 
232 212 
736 208 
236 212 
236 216 
236 216 
360 208 
232 216 
236 208 
240 216 
236 236 
236 260 
232 208 
236 208 
236 236 
236 216 
268 232 
228 212 
232 216 
236 228 
236 236 
292 224 
268 236 
236 268 
236 240 
248 224 
232 208 
240 220 
228 204 
232 216 
228 208 
236 212 
236 232 
240 240 
268 216 
236 212 
236 212 
236 232 
228 212 
236 216 
236 216 
232 208 
232 204 
524 216 
236 208 
236 204 
236 212 
232 208 
240 212 
236 224 
232 236 
236 236 
744 216 
228 216 
232 224 
232 216 
240 208 
240 216 
236 264 
236 212 
208 232 
232 628 
232 212 
236 236 
232 248 
232 216 
240 228 
224 216 
232 232 
212 216 
232 236 
240 208 
228 212 
232 212 
232 212 
236 208 
236 248 
236 236 
232 232 
232 208 
240 216 
236 236 
232 240 
232 232 
232 208 
236 208 
932 216 
232 212 
232 208 
236 220 
232 212 
232 212 
236 212 
240 252 
236 252 
232 236 
248 212 
232 212 
280 216 
232 224 
228 208 
240 208 
236 240 
236 212 
236 252 
228 212 
236 208 
232 216 
236 212 
236 208 
232 208 
232 236 
232 212 
336 216 
236 212 
232 208 
232 252 
228 212 
248 224 
484 208 
228 236 
236 212 
236 212 
232 212 
232 212 
228 144 
44 208 
236 212 
264 224 
292 212 
240 216 
232 212 
232 212 
228 220 
228 212 
236 232 
240 236 
232 208 
528 220 
236 260 
232 212 
236 216 
236 212 
228 216 
240 240 
232 216 
236 216 
232 388 
236 216 
232 212 
236 216 
232 260 
228 212 
384 212 
48 44 
212 212 
236 608 
236 244 
256 212 
232 208 
232 228 
236 240 
236 220 
232 212 
212 212 
232 212 
236 212 
236 212 
236 208 
236 232 
712 228 
232 216 
232 216 
236 288 
232 264 
232 252 
236 256 
364 88 
0 0 
0 0 
0 0 
0 0 
0 0 
0 0 
0 0 
0 0 
0 0 
0 0 
0 0 
0 0 
0 0 
0 0 
0 0 
0 0 
0 0 
0 0 
0 0 
0 0 
0 0 
0 0 
0 0 
0 0 
0 0 
0 0 
0 0 
0 0 
0 0 
0 0 
0 0 
0 0 
0 0 
0 0 
0 0 
0 0 
0 0 
0 0 
0 0 
0 0 
0 0 
0 0 
0 0 
0 0 
0 0 
0 0 
0 0 
0 0 
0 0 
0 0 
0 0 
0 0 
0 0 
0 0 
0 0 
0 0 
0 0 
0 0 
0 0 
0 0 
0 0 
0 0 
0 0 
0 0 
0 0 
0 0 
0 0 
0 0 
0 0 
0 0 
0 0 
0 0 
0 0 
0 0 
0 0 
0 0 
0 0 
0 0 
0 0 
0 0 
0 0 
0 0 
0 0 
0 0 
0 0 
0 0 
0 0 
0 0 
0 0 
0 0 
0 0 
0 0 
0 0 
0 0 
0 0 
0 0 
0 0 
0 0 
0 0 
0 0 
0 0 
0 0 
0 0 
0 0 
0 0 
0 0 
0 0 
0 0 
0 0 
0 0 
0 0 
0 0 
0 0 
0 0 
0 0 
0 0 
0 0 
0 0 
0 0 
0 0 
0 0 
0 0 
0 0 
0 0 
0 0 
0 0 
0 0 
0 0 
0 0 
0 0 
0 0 
0 0 
0 0 
0 0 
0 0 
0 0 
0 0 
0 0 
0 0 
0 0 
0 0 
0 0 
0 0 
0 0 
0 0 
0 0 
0 0 
0 0 
0 0 
0 0 
0 0 
0 0 
0 0 
0 0 
0 0 
0 0 
0 0 
0 0 
0 0 
0 0 
0 0 
0 0 
0 0 
0 0 
0 0 
0 0 
0 0 
0 0 
0 0 
0 0 
0 0 
0 0 
0 0 
0 0 
0 0 
0 0 
0 0 
0 0 
0 0 
0 0 
0 0 
0 0 
0 0 
0 0 
0 0 
0 0 
0 0 
0 0 
0 0 
0 0 
0 0 
0 0 
0 0 
0 0 
0 0 
0 0 
0 0 
0 0 
0 0 
0 0 
0 0 
0 0 
0 0 
0 0 
0 0 
0 0 
0 0 
0 0 
0 0 
0 0 
0 0 
0 0 
0 0 
0 0 
236 212 
228 204 
236 212 
236 236 
236 208 
236 204 
232 216 
236 216 
236 204 
240 208 
236 216 
236 236 
240 232 
420 208 
228 212 
236 216 
232 216 
228 208 
236 228 
236 208 
260 208 
236 240 
356 212 
232 216 
232 212 
240 208 
236 208 
232 216 
232 228 
232 256 
240 236 
564 232 
244 212 
236 212 
236 216 
256 208 
240 212 
232 212 
236 216 
216 208 
236 464 
240 236 
236 208 
236 212 
236 212 
232 220 
232 212 
240 208 
216 208 
232 676 
232 228 
232 204 
232 208 
240 212 
236 212 
232 212 
236 204 
212 216 
240 220 
228 236 
44 48 
236 212 
236 212 
260 208 
236 212 
244 216 
240 236 
236 212 
232 212 
236 220 
228 208 
240 216 
344 212 
236 240 
232 264 
328 212 
236 212 
236 216 
232 212 
232 212 
248 212 
240 208 
236 216 
236 216 
240 244 
280 232 
236 220 
232 260 
232 212 
232 216 
232 212 
80 44 
228 244 
236 220 
232 212 
232 228 
1040 220 
240 228 
236 208 
236 240 
236 212 
228 212 
240 264 
236 228 
228 212 
236 212 
236 240 
240 232 
232 212 
232 208 
236 208 
232 224 
232 236 
228 220 
232 208 
232 212 
236 212 
388 216 
232 208 
236 216 
236 212 
236 44 
240 212 
232 268 
232 240 
232 208 
604 216 
232 212 
236 216 
236 204 
448 536 
236 212 
232 212 
240 212 
212 216 
240 428 
236 260 
228 212 
232 212 
232 204 
244 228 
232 212 
228 212 
212 212 
340 604 
236 216 
236 236 
232 232 
236 216 
228 208 
228 212 
236 212 
208 236 
236 240 
228 216 
232 212 
236 212 
236 212 
232 244 
236 212 
240 240 
236 212 
236 212 
240 236 
236 212 
236 236 
232 240 
236 248 
240 212 
228 212 
236 216 
360 208 
236 208 
236 228 
232 256 
236 228 
248 208 
236 212 
236 208 
232 208 
240 300 
232 240 
232 232 
228 212 
228 220 
236 212 
236 216 
236 240 
236 212 
236 240 
232 212 
240 212 
228 208 
232 212 
232 212 
228 216 
228 212 
232 212 
240 212 
228 216 
240 212 
232 212 
240 212 
236 240 
228 232 
244 216 
268 256 
232 212 
248 216 
228 260 
292 204 
236 212 
388 208 
232 216 
1140 236 
240 240 
248 212 
240 236 
236 216 
236 212 
236 204 
644 212 
236 212 
236 204 
232 208 
232 212 
260 212 
236 212 
232 212 
212 212 
228 480 
236 260 
236 212 
232 208 
232 224 
232 208 
236 216 
228 228 
212 236 
228 704 
232 216 
268 216 
232 244 
232 228 
236 216 
236 232 
236 256 
212 224 
248 208 
240 216 
236 220 
236 236 
232 220 
236 212 
232 216 
228 208 
232 208 
236 208 
344 216 
236 216 
232 232 
228 208 
236 212 
240 208 
232 264 
236 216 
232 212 
236 208 
236 220 
228 212 
236 280 
236 236 
236 220 
236 212 
240 208 
236 220 
232 236 
228 212 
232 208 
236 208 
228 220 
236 272 
236 220 
260 216 
240 220 
236 208 
232 292 
236 224 
232 296 
232 224 
232 212 
236 216 
236 252 
228 212 
244 216 
236 212 
236 204 
236 208 
236 892 
236 212 
236 208 
240 212 
236 236 
228 208 
232 236 
236 212 
228 216 
396 212 
232 212 
236 248 
248 212 
228 216 
232 216 
240 240 
236 232 
232 320 
656 216 
232 212 
232 212 
232 208 
236 260 
228 208 
228 264 
244 212 
216 236 
232 508 
228 212 
232 212 
236 220 
240 232 
232 216 
236 224 
232 208 
216 216 
232 240 
232 216 
232 224 
244 216 
236 208 
236 232 
236 232 
232 216 
228 244 
392 716 
236 212 
236 216 
232 216 
236 212 
232 216 
260 212 
236 208 
240 216 
240 240 
240 208 
236 220 
232 208 
228 212 
232 236 
240 240 
232 244 
228 244 
232 212 
232 212 
228 220 
232 208 
636 212 
232 236 
236 248 
240 212 
236 236 
228 212 
236 212 
232 212 
228 212 
228 208 
232 244 
232 216 
240 212 
232 232 
44 48 
240 236 
236 212 
320 776 
232 212 
240 216 
236 236 
272 212 
228 232 
228 212 
232 208 
236 236 
236 228 
240 216 
224 236 
236 212 
240 212 
236 216 
236 216 
228 212 
232 212 
240 216 
236 236 
436 212 
236 204 
236 212 
48 72 
232 280 
232 204 
236 212 
232 208 
236 208 
676 224 
236 232 
232 208 
240 208 
764 216 
232 208 
236 208 
232 212 
208 228 
232 540 
240 240 
236 244 
236 216 
232 212 
232 216 
232 216 
236 212 
216 216 
244 704 
228 208 
232 216 
240 212 
240 216 
228 48 
228 232 
232 212 
232 212 
232 212 
236 224 
232 208 
240 236 
236 252 
232 212 
236 216 
236 220 
232 240 
232 212 
240 212 
672 260 
280 216 
264 256 
236 208 
236 236 
232 212 
236 212 
232 220 
236 232 
232 212 
232 212 
236 256 
232 212 
236 220 
232 212 
240 212 
236 252 
232 212 
232 212 
228 208 
232 208 
244 216 
260 212 
236 216 
236 212 
244 236 
236 232 
228 212 
236 212 
232 212 
228 204 
236 236 
236 228 
248 232 
248 260 
232 212 
232 232 
236 220 
236 216 
236 212 
236 216 
232 236 
232 212 
232 216 
244 216 
232 272 
268 216 
236 212 
476 208 
236 204 
240 252 
240 216 
232 212 
236 220 
232 240 
240 216 
232 220 
688 232 
232 208 
236 216 
232 232 
232 216 
232 208 
236 212 
232 208 
212 208 
300 440 
232 208 
228 212 
240 212 
240 236 
236 204 
224 232 
232 232 
248 212 
232 212 
232 208 
232 216 
232 216 
228 212 
232 212 
232 216 
232 212 
232 216 
520 696 
236 236 
260 228 
236 208 
236 212 
240 216 
236 216 
236 208 
232 216 
236 212 
232 216 
236 216 
236 236 
232 252 
228 212 
232 212 
240 212 
232 212 
240 212 
240 240 
236 220 
236 224 
232 208 
232 216 
236 236 
276 212 
240 208 
240 264 
232 256 
232 212 
232 236 
232 212 
236 208 
236 224 
236 204 
240 208 
232 220 
236 236 
236 224 
240 272 
232 252 
228 216 
252 212 
232 212 
232 212 
228 212 
232 236 
236 236 
228 212 
232 212 
328 208 
236 216 
256 212 
236 208 
236 236 
236 264 
228 240 
236 208 
232 236 
440 216 
240 236 
232 248 
228 216 
236 232 
248 208 
228 216 
236 212 
236 268 
708 232 
244 216 
240 216 
236 232 
228 216 
236 208 
236 216 
236 248 
208 212 
236 592 
228 236 
232 248 
236 232 
228 216 
232 212 
236 212 
720 236 
204 260 
236 248 
228 212 
232 208 
236 212 
228 284 
236 212 
236 212 
236 236 
236 236 
236 220 
240 244 
236 256 
228 204 
236 236 
232 212 
236 236 
236 232 
240 216 
236 212 
232 212 
236 216 
232 208 
236 216 
236 216 
236 216 
232 216 
236 216 
240 256 
228 212 
236 216 
232 212 
212 208 
236 220 
232 208 
236 240 
236 240 
236 240 
228 212 
232 208 
232 208 
236 212 
232 220 
232 212 
236 216 
236 220 
236 240 
232 216 
236 208 
236 212 
232 224 
236 212 
236 208 
236 212 
236 208 
236 212 
236 216 
236 216 
232 248 
236 204 
240 212 
236 236 
232 212 
236 216 
232 212 
244 212 
328 208 
232 208 
240 212 
496 212 
232 208 
232 220 
236 240 
236 216 
232 212 
236 208 
240 276 
236 228 
720 212 
40 44 
232 208 
236 212 
232 220 
480 264 
232 208 
240 212 
212 224 
236 548 
240 212 
236 212 
236 236 
228 216 
232 208 
228 208 
240 236 
212 224 
232 232 
48 216 
236 276 
240 236 
232 256 
232 204 
232 208 
232 212 
240 212 
236 236 
236 212 
236 212 
232 208 
236 212 
224 208 
232 212 
236 208 
252 228 
232 216 
236 212 
236 208 
236 212 
232 208 
240 212 
236 268 
232 220 
232 204 
236 208 
236 212 
284 216 
232 40 
228 220 
244 212 
240 208 
236 228 
236 268 
236 240 
232 216 
232 224 
240 212 
240 208 
232 208 
236 208 
240 220 
236 268 
232 208 
232 208 
228 208 
232 212 
236 216 
232 216 
248 216 
232 236 
232 248 
196 212 
236 208 
236 216 
232 224 
232 212 
268 216 
236 240 
240 224 
236 216 
228 216 
232 208 
232 216 
236 212 
232 240 
476 212 
232 208 
240 208 
236 212 
240 220 
236 220 
236 212 
236 216 
236 264 
728 220 
256 244 
228 212 
232 212 
236 208 
240 260 
228 208 
228 212 
208 212 
228 564 
232 204 
236 204 
232 260 
240 232 
228 212 
236 232 
236 212 
212 240 
276 212 
232 208 
228 208 
232 208 
236 264 
232 208 
232 212 
236 216 
236 216 
228 208 
236 216 
236 212 
240 244 
240 236 
232 236 
232 208 
236 212 
240 236 
236 236 
256 220 
232 220 
232 216 
236 212 
236 212 
240 220 
232 208 
232 204 
236 208 
236 236 
228 212 
232 212 
228 216 
232 252 
232 240 
228 212 
240 212 
232 212 
236 208 
236 220 
240 220 
236 236 
232 212 
236 212 
248 220 
232 252 
260 212 
232 208 
228 216 
236 224 
240 212 
240 208 
236 260 
232 236 
236 208 
232 212 
232 212 
236 208 
236 240 
236 236 
296 224 
236 236 
236 216 
236 232 
256 212 
228 216 
240 228 
236 208 
236 212 
560 216 
228 212 
236 216 
236 216 
236 204 
236 212 
236 220 
228 224 
232 212 
236 216 
236 212 
236 264 
232 208 
236 236 
236 272 
248 208 
228 208 
216 220 
244 628 
232 216 
232 220 
236 232 
248 224 
236 208 
236 236 
228 1080 
212 232 
236 228 
236 236 
236 240 
236 216 
228 204 
232 208 
236 216 
236 240 
244 212 
232 212 
228 220 
240 236 
236 236 
232 248 
240 216 
244 232 
240 228 
236 212 
232 212 
236 216 
236 264 
236 216 
232 224 
232 284 
236 216 
228 212 
236 216 
240 216 
236 248 
232 212 
240 212 
236 216 
592 212 
240 212 
232 208 
232 212 
232 236 
232 204 
232 208 
232 236 
236 236 
236 224 
228 208 
236 252 
232 208 
236 216 
236 224 
240 240 
240 208 
224 216 
232 208 
236 212 
232 212 
240 212 
240 212 
236 212 
232 212 
236 216 
236 236 
300 216 
232 212 
244 216 
232 212 
280 208 
236 212 
232 208 
228 212 
232 212 
544 212 
236 208 
236 236 
236 236 
248 212 
236 204 
232 216 
228 216 
236 212 
236 336 
228 216 
240 216 
228 216 
232 252 
240 216 
228 224 
236 236 
212 96 
232 636 
228 212 
236 212 
228 208 
240 228 
228 220 
244 236 
228 216 
212 208 
236 216 
236 224 
228 212 
232 212 
232 220 
236 216 
228 208 
232 212 
236 220 
236 240 
236 220 
236 232 
236 208 
232 212 
240 220 
228 236 
232 212 
228 216 
228 236 
236 208 
964 212 
236 208 
44 52 
232 212 
232 212 
236 212 
240 256 
240 232 
232 212 
236 212 
236 216 
240 216 
236 216 
240 236 
232 216 
232 252 
228 212 
240 216 
236 228 
236 240 
236 208 
240 212 
236 208 
236 236 
240 212 
236 216 
232 236 
256 220 
240 216 
232 44 
236 224 
244 252 
244 236 
268 208 
1144 212 
236 256 
240 216 
232 248 
256 236 
336 216 
240 224 
236 224 
236 264 
232 212 
232 212 
236 212 
236 216 
240 204 
568 220 
232 208 
236 204 
240 1140 
240 216 
232 240 
236 216 
232 208 
232 208 
236 416 
236 216 
236 224 
236 204 
228 212 
232 236 
236 212 
236 224 
208 212 
232 652 
232 212 
236 216 
232 212 
236 208 
236 232 
240 256 
244 236 
256 224 
232 320 
232 232 
236 248 
252 228 
232 212 
240 240 
232 212 
232 208 
240 236 
232 216 
232 208 
228 212 
232 208 
228 216 
248 216 
236 212 
232 232 
232 220 
244 220 
236 212 
236 236 
236 236 
232 260 
236 204 
228 216 
236 208 
236 212 
236 212 
232 212 
232 212 
236 212 
240 216 
228 212 
236 208 
256 208 
272 212 
224 216 
228 208 
236 212 
236 208 
236 216 
232 208 
236 244 
1280 216 
332 208 
236 216 
236 208 
236 236 
232 216 
236 216 
236 212 
232 224 
236 268 
232 212 
232 208 
236 236 
232 264 
236 236 
232 232 
340 208 
236 208 
232 216 
236 240 
240 220 
460 212 
236 208 
236 208 
232 228 
608 212 
232 292 
232 204 
236 212 
236 212 
228 212 
236 212 
236 224 
216 212 
232 216 
236 208 
232 264 
232 232 
232 260 
228 208 
232 256 
232 220 
208 208 
228 680 
236 204 
236 208 
232 212 
236 220 
232 240 
252 208 
232 208 
212 204 
232 212 
236 212 
232 216 
240 208 
236 212 
232 212 
232 212 
236 216 
236 212 
232 224 
228 208 
236 216 
236 236 
236 252 
244 212 
240 216 
236 244 
240 216 
232 212 
228 212 
240 220 
236 232 
228 212 
232 212 
240 220 
228 220 
236 212 
240 216 
236 240 
236 268 
236 208 
228 208 
1160 212 
240 236 
236 236 
240 236 
232 244 
224 204 
236 216 
236 228 
236 204 
236 212 
232 212 
232 212 
232 212 
236 260 
232 240 
232 216 
272 228 
208 208 
240 236 
232 220 
236 208 
236 212 
236 216 
232 208 
232 216 
272 220 
232 232 
356 220 
240 232 
232 268 
232 232 
236 212 
232 216 
232 216 
232 212 
240 212 
604 208 
240 236 
240 236 
236 256 
232 232 
232 224 
232 208 
240 228 
216 216 
232 396 
236 240 
232 240 
236 212 
232 212 
232 212 
232 204 
232 216 
220 216 
44 44 
232 212 
236 208 
236 236 
228 216 
256 212 
240 228 
236 208 
208 204 
236 232 
232 216 
232 208 
240 212 
664 216 
256 208 
240 220 
236 208 
236 208 
240 224 
236 216 
232 208 
228 240 
228 212 
232 216 
236 212 
280 216 
244 212 
236 224 
232 212 
232 208 
1068 216 
232 240 
232 216 
240 208 
44 48 
236 240 
256 216 
236 220 
232 212 
232 208 
232 236 
240 216 
452 212 
228 212 
232 208 
228 220 
240 228 
236 216 
240 240 
232 216 
232 212 
236 212 
236 208 
236 240 
228 208 
236 236 
248 216 
232 212 
240 220 
236 212 
236 216 
232 216 
236 216 
568 224 
236 44 
232 216 
240 212 
236 208 
412 204 
264 224 
232 212 
228 208 
240 212 
232 212 
236 216 
240 212 
236 220 
636 216 
228 208 
232 212 
236 208 
240 212 
232 244 
248 208 
236 208 
212 240 
232 480 
232 204 
240 216 
232 260 
240 216 
228 208 
236 212 
228 208 
216 212 
232 728 
240 232 
596 216 
228 208 
228 208 
240 308 
240 208 
232 256 
216 220 
236 236 
240 216 
236 216 
236 212 
244 212 
232 212 
240 220 
228 212 
232 252 
232 236 
236 212 
228 216 
240 212 
236 236 
228 216 
236 236 
236 208 
232 228 
232 212 
232 212 
240 208 
256 212 
240 236 
236 260 
280 228 
232 208 
236 208 
236 216 
232 212 
236 216 
236 224 
244 208 
232 208 
232 208 
232 212 
236 212 
236 236 
228 216 
232 208 
236 208 
236 216 
240 208 
236 240 
236 236 
236 212 
228 212 
232 212 
236 212 
232 228 
232 212 
216 252 
236 220 
236 220 
232 208 
236 212 
268 212 
236 216 
236 208 
232 216 
348 212 
232 236 
232 208 
236 232 
236 248 
236 208 
236 208 
232 228 
236 204 
660 216 
240 212 
236 216 
236 212 
232 240 
236 208 
232 212 
236 212 
212 224 
576 212 
232 216 
240 240 
232 224 
232 208 
232 216 
236 224 
236 220 
212 212 
236 208 
240 224 
236 268 
236 240 
236 240 
236 204 
232 212 
240 244 
212 216 
232 204 
228 208 
232 212 
236 212 
236 236 
240 236 
232 212 
232 216 
232 208 
236 208 
236 212 
236 220 
240 236 
232 252 
232 216 
228 212 
236 232 
272 220 
232 208 
236 220 
236 304 
236 208 
228 236 
236 208 
232 212 
240 236 
232 228 
236 220 
232 212 
232 208 
236 208 
236 220 
232 212 
232 236 
240 236 
232 252 
252 216 
232 212 
240 208 
236 208 
244 208 
236 240 
236 236 
232 212 
240 208 
236 252 
232 220 
232 212 
236 220 
212 216 
208 252 
308 224 
236 208 
236 244 
236 208 
236 236 
236 236 
224 216 
232 212 
416 216 
236 208 
236 212 
240 220 
236 244 
228 212 
232 208 
604 232 
352 212 
692 220 
236 216 
240 212 
232 212 
236 212 
236 220 
236 212 
232 208 
216 216 
236 500 
228 212 
236 240 
236 216 
236 208 
232 212 
228 208 
240 240 
216 224 
232 212 
232 208 
240 212 
232 240 
236 212 
236 228 
232 232 
232 216 
224 212 
232 208 
236 208 
236 216 
232 216 
232 220 
232 216 
240 224 
276 216 
236 216 
236 236 
232 208 
232 212 
232 208 
236 240 
236 224 
236 244 
232 208 
236 236 
232 240 
228 212 
240 212 
236 236 
232 220 
236 216 
232 216 
232 208 
228 212 
232 260 
228 216 
232 208 
236 212 
236 208 
236 216 
44 48 
228 212 
228 212 
228 208 
236 228 
272 208 
236 208 
236 208 
244 216 
232 208 
240 208 
240 212 
228 216 
232 212 
236 208 
236 216 
240 208 
228 204 
232 216 
236 208 
244 212 
236 208 
556 212 
232 212 
236 212 
240 228 
412 284 
236 212 
48 212 
236 216 
236 236 
308 216 
244 260 
232 212 
244 208 
684 212 
236 272 
248 216 
232 208 
424 212 
240 212 
240 216 
236 264 
216 212 
236 524 
232 212 
232 212 
236 208 
228 208 
236 212 
228 220 
232 208 
208 212 
232 212 
232 216 
240 272 
232 220 
232 208 
236 208 
236 48 
232 208 
236 212 
236 204 
232 236 
232 212 
236 208 
236 232 
236 208 
240 208 
232 212 
236 212 
236 236 
236 208 
240 212 
236 204 
232 208 
236 236 
236 240 
232 236 
236 208 
236 212 
232 216 
236 208 
236 212 
240 232 
228 216 
232 216 
232 216 
228 216 
196 212 
228 212 
232 212 
244 240 
228 212 
236 204 
236 216 
236 236 
232 212 
232 208 
236 212 
236 212 
232 212 
232 240 
240 244 
232 232 
240 1216 
236 240 
240 236 
232 228 
228 216 
272 212 
228 252 
200 212 
0 0 
0 0 
196 188 
228 228 
228 232 
236 212 
212 232 
232 232 
456 232 
232 228 
228 232 
232 232 
208 236 
236 236 
232 232 
232 232 
232 228 
708 304 
212 228 
228 196 
232 228 
228 232 
232 224 
232 232 
228 232 
208 232 
208 740 
228 236 
228 236 
228 236 
232 232 
232 232 
232 232 
236 228 
208 228 
200 208 
228 208 
228 232 
228 228 
228 236 
232 212 
188 228 
196 192 
232 188 
228 232 
216 240 
208 236 
232 236 
192 232 
232 232 
232 232 
232 228 
228 212 
236 228 
188 232 
192 232 
232 192 
228 232 
236 232 
220 228 
232 228 
228 212 
232 228 
232 232 
236 212 
232 252 
236 260 
236 224 
240 212 
228 212 
232 216 
236 236 
236 236 
236 212 
236 224 
236 220 
232 216 
236 212 
236 216 
232 216 
244 212 
240 216 
232 236 
232 208 
236 212 
236 232 
232 208 
232 232 
236 224 
232 212 
236 212 
236 212 
236 256 
232 220 
216 212 
232 208 
236 212 
232 300 
228 216 
236 212 
236 208 
232 204 
236 216 
484 228 
228 220 
224 236 
232 216 
236 240 
236 248 
260 208 
232 1024 
236 212 
748 220 
236 212 
236 240 
232 212 
240 220 
260 212 
228 212 
224 248 
212 212 
236 364 
240 208 
232 208 
236 224 
232 212 
232 224 
240 216 
236 224 
216 260 
232 216 
232 228 
232 216 
228 208 
240 208 
232 216 
228 216 
232 236 
240 264 
236 216 
236 212 
236 220 
232 236 
236 208 
220 212 
236 244 
232 216 
232 236 
232 212 
236 220 
232 212 
236 240 
236 212 
236 216 
236 252 
236 208 
232 212 
232 208 
236 248 
232 236 
236 220 
228 216 
248 212 
232 204 
236 212 
228 212 
236 216 
240 264 
236 216 
236 212 
236 208 
236 232 
236 256 
236 212 
232 212 
240 204 
232 212 
236 216 
232 256 
232 212 
232 212 
236 208 
236 236 
236 212 
232 212 
240 260 
236 232 
232 216 
236 208 
288 216 
232 212 
240 212 
236 212 
236 224 
260 1116 
232 204 
236 208 
228 208 
504 220 
228 212 
244 212 
256 212 
224 216 
232 212 
240 208 
236 208 
236 240 
752 220 
228 256 
232 208 
232 204 
236 208 
236 220 
232 236 
236 216 
212 212 
232 584 
264 216 
232 216 
240 232 
232 216 
232 208 
232 208 
236 216 
204 224 
364 700 
236 212 
892 240 
232 208 
236 268 
240 236 
228 220 
228 220 
272 204 
232 216 
236 220 
240 220 
236 248 
236 220 
232 208 
232 212 
236 236 
232 232 
232 236 
236 208 
424 212 
240 220 
244 212 
232 216 
232 212 
236 236 
232 208 
256 224 
236 208 
232 212 
232 216 
236 212 
236 232 
240 260 
236 208 
240 212 
48 48 
236 216 
240 240 
232 212 
236 264 
236 240 
232 212 
232 216 
232 208 
236 208 
228 208 
236 248 
252 208 
236 220 
232 208 
240 236 
232 232 
232 1028 
236 212 
232 212 
236 220 
232 208 
236 216 
288 212 
232 208 
232 212 
236 216 
232 264 
236 216 
40 48 
232 212 
236 216 
532 216 
232 212 
236 232 
236 212 
240 236 
232 212 
236 212 
232 208 
228 204 
232 380 
232 216 
232 232 
232 208 
236 212 
236 220 
240 208 
228 204 
212 212 
236 612 
228 212 
228 212 
232 220 
232 216 
236 212 
236 48 
232 216 
212 220 
228 216 
228 212 
236 220 
236 204 
232 208 
236 256 
236 212 
232 208 
244 216 
232 232 
236 268 
236 232 
232 208 
232 212 
236 212 
236 232 
236 216 
236 212 
236 208 
232 216 
232 208 
232 224 
236 240 
296 240 
232 236 
876 236 
232 212 
200 216 
228 208 
232 212 
236 216 
236 268 
252 212 
