# ./FR-trace starting at Mon Apr 20 19:01:55 2020
################# CONFIG #################
# slot=5000
# samples=10000
# threshold=100
# idle=500
# minlen=500
# runs=10000
# pdathreads=2
# nmonitored=2
#   monitor0=../apps/openssl ec2_mult.c:153 0x1e7854
#   monitor1=../apps/openssl ec2_mult.c:161 0x1e789c
# nevicted=0
# npdatargets=2
#   target0=../apps/openssl bn_gf2m.c:412 0x20bd10
#   target1=../apps/openssl bn_gf2m.c:412+64 0x20bd50
# affinity=all
############## SYSTEM INFO ###############
# mastik_version=
# sysname=Linux
# nodename=lovelace
# release=5.3.7-arch1-1-ARCH
# version=#1 SMP PREEMPT Fri Oct 18 00:17:03 UTC 2019
# machine=x86_64
################## DATA ##################
# run=3077
# datapoints=8173
48 48 
232 208 
232 220 
228 208 
240 244 
232 208 
232 240 
232 236 
228 208 
236 240 
232 220 
232 212 
236 224 
236 208 
228 216 
236 216 
236 240 
236 232 
228 208 
236 352 
236 212 
232 240 
240 212 
232 212 
236 264 
240 212 
244 236 
232 208 
232 212 
284 224 
44 48 
236 236 
232 216 
236 212 
236 220 
232 236 
228 216 
228 212 
240 236 
280 208 
232 236 
228 204 
276 212 
236 236 
232 212 
232 236 
344 208 
236 232 
236 212 
228 216 
236 220 
232 216 
228 236 
232 208 
236 220 
556 212 
236 248 
232 236 
236 44 
236 212 
232 212 
236 216 
236 212 
216 208 
240 412 
236 212 
232 216 
236 224 
232 208 
232 208 
976 208 
416 208 
212 208 
224 216 
0 0 
0 0 
0 0 
208 232 
224 232 
192 232 
220 232 
208 232 
232 232 
224 224 
228 232 
232 232 
232 232 
232 232 
232 232 
232 192 
232 204 
188 196 
228 228 
248 204 
188 192 
228 228 
232 236 
232 228 
232 232 
228 228 
228 228 
228 232 
232 232 
228 232 
232 240 
240 232 
232 236 
232 228 
228 220 
208 200 
228 236 
228 232 
232 228 
232 228 
232 228 
228 236 
228 236 
232 232 
228 232 
228 232 
232 232 
228 192 
232 232 
228 236 
232 232 
232 228 
232 224 
240 216 
232 212 
236 212 
232 260 
232 228 
236 212 
236 212 
232 236 
236 208 
232 212 
232 216 
232 260 
244 208 
232 228 
372 192 
228 232 
212 188 
232 228 
208 196 
228 232 
208 228 
232 232 
208 208 
232 212 
192 208 
228 208 
236 208 
1180 200 
232 208 
192 304 
188 216 
216 228 
228 460 
236 188 
228 196 
228 232 
228 240 
280 192 
232 228 
228 228 
216 216 
236 676 
228 236 
236 220 
232 208 
240 208 
236 236 
228 212 
232 212 
216 216 
236 264 
236 212 
236 216 
236 240 
236 220 
236 232 
232 212 
236 240 
232 212 
244 212 
508 208 
228 240 
236 216 
232 208 
236 216 
228 208 
244 204 
236 212 
236 240 
240 212 
228 212 
232 208 
240 216 
248 224 
240 208 
232 204 
228 216 
236 244 
232 212 
240 264 
232 208 
228 212 
240 236 
240 216 
240 236 
236 328 
236 208 
232 204 
236 236 
236 212 
228 216 
236 236 
228 208 
232 232 
676 208 
240 236 
232 208 
236 248 
236 208 
236 216 
236 212 
232 208 
232 212 
232 208 
232 204 
240 236 
232 208 
256 212 
236 220 
380 212 
236 252 
1028 220 
236 208 
236 240 
232 220 
236 212 
240 216 
228 236 
604 212 
232 204 
232 216 
232 216 
236 208 
240 220 
232 208 
232 208 
212 212 
232 448 
232 240 
256 208 
248 232 
232 208 
228 212 
236 216 
236 224 
208 220 
232 716 
236 308 
232 208 
236 212 
240 208 
232 220 
244 208 
232 216 
212 236 
236 252 
236 220 
236 264 
232 212 
236 220 
236 212 
232 212 
232 240 
240 212 
232 208 
232 232 
256 212 
232 216 
240 240 
232 208 
236 204 
232 240 
232 268 
236 216 
228 212 
236 212 
232 204 
232 208 
236 236 
232 236 
288 208 
232 208 
232 212 
240 236 
232 212 
228 240 
232 208 
232 212 
1204 208 
252 212 
236 212 
232 208 
240 220 
236 212 
232 228 
236 220 
228 216 
236 220 
252 208 
232 212 
232 236 
232 212 
236 212 
236 212 
232 208 
236 236 
232 208 
232 208 
240 212 
236 208 
232 204 
236 212 
228 212 
236 236 
388 216 
244 236 
352 248 
232 212 
236 268 
236 208 
236 216 
232 208 
216 212 
644 212 
228 212 
232 208 
232 216 
232 212 
236 248 
232 216 
240 216 
212 240 
236 496 
240 232 
240 212 
236 260 
228 212 
236 240 
256 216 
236 228 
208 208 
236 684 
232 216 
240 208 
236 212 
232 208 
232 216 
236 232 
232 212 
212 236 
248 212 
232 212 
232 240 
232 208 
232 208 
236 208 
232 212 
232 236 
232 212 
232 212 
240 216 
236 212 
236 236 
236 212 
236 236 
232 208 
228 216 
232 208 
236 208 
228 236 
236 236 
236 256 
784 220 
236 244 
236 264 
240 304 
232 228 
228 236 
236 208 
232 212 
48 48 
232 208 
236 208 
268 212 
240 212 
232 216 
236 216 
232 208 
240 240 
232 220 
236 208 
232 236 
236 268 
232 212 
236 260 
240 212 
228 208 
236 236 
228 208 
236 216 
220 212 
236 236 
236 260 
232 212 
232 216 
236 224 
232 216 
236 212 
48 188 
432 260 
236 216 
236 232 
236 216 
232 212 
232 208 
240 220 
236 212 
236 232 
660 220 
236 212 
240 224 
232 212 
236 244 
232 216 
232 224 
232 212 
212 216 
280 448 
232 208 
232 216 
232 224 
236 212 
232 212 
232 244 
236 212 
280 224 
232 208 
232 212 
232 280 
316 208 
232 212 
232 208 
232 224 
236 236 
224 212 
228 244 
232 220 
232 212 
236 208 
232 252 
240 280 
228 212 
240 240 
232 208 
236 236 
240 212 
692 208 
236 220 
236 212 
232 216 
236 224 
240 212 
232 212 
236 216 
228 212 
236 228 
240 268 
236 212 
232 220 
224 220 
240 212 
232 212 
236 264 
236 220 
232 212 
232 232 
228 212 
344 208 
236 212 
240 240 
236 212 
232 220 
232 224 
232 208 
232 232 
232 208 
292 208 
232 260 
228 212 
328 212 
240 216 
232 208 
232 216 
240 232 
236 232 
204 244 
240 208 
232 204 
236 236 
236 212 
236 224 
236 240 
236 216 
232 208 
452 208 
236 216 
228 212 
232 212 
228 212 
240 232 
268 208 
232 208 
340 208 
692 220 
232 224 
236 220 
232 224 
232 236 
236 208 
232 208 
236 268 
208 212 
244 436 
316 220 
232 208 
240 260 
252 216 
236 220 
232 204 
232 236 
212 216 
232 212 
240 208 
232 212 
236 236 
228 208 
232 212 
232 220 
228 204 
240 1084 
232 204 
232 212 
228 212 
236 236 
236 220 
232 208 
232 236 
232 208 
236 220 
236 212 
236 204 
236 212 
236 208 
236 212 
236 212 
236 256 
232 212 
232 212 
236 252 
236 212 
232 216 
224 212 
240 212 
232 240 
236 212 
228 232 
232 212 
228 212 
236 212 
232 212 
232 208 
232 208 
508 212 
232 328 
236 232 
232 240 
232 212 
248 216 
236 224 
228 224 
236 232 
228 208 
244 236 
236 212 
236 216 
236 212 
236 264 
232 232 
228 208 
248 212 
204 212 
232 208 
232 240 
244 208 
232 244 
240 208 
232 224 
236 216 
240 208 
452 212 
236 216 
232 212 
240 232 
236 212 
228 212 
232 224 
228 208 
216 208 
716 220 
232 212 
232 244 
284 208 
244 212 
240 236 
232 216 
228 220 
208 212 
236 544 
232 212 
232 268 
256 208 
228 212 
240 216 
236 208 
236 212 
208 212 
232 208 
228 212 
232 208 
232 240 
236 208 
232 204 
232 260 
236 216 
232 208 
232 236 
236 208 
240 240 
240 208 
244 212 
236 240 
236 220 
236 208 
228 212 
236 236 
236 212 
236 236 
232 212 
260 232 
236 240 
232 212 
236 236 
232 216 
236 212 
236 224 
240 224 
236 280 
228 352 
232 208 
240 220 
240 212 
232 216 
236 220 
232 224 
236 216 
232 212 
240 272 
304 216 
236 216 
240 216 
236 216 
228 232 
228 208 
232 212 
232 208 
232 228 
252 216 
232 212 
232 256 
236 216 
236 212 
44 44 
232 208 
240 216 
228 212 
248 216 
240 296 
232 216 
236 268 
236 208 
232 228 
280 208 
236 236 
324 300 
492 216 
236 216 
236 216 
240 216 
232 216 
236 212 
232 224 
236 212 
240 232 
728 240 
240 256 
236 236 
232 208 
240 224 
232 208 
44 44 
232 208 
220 208 
236 564 
232 224 
252 212 
236 208 
236 240 
232 212 
232 208 
232 212 
212 236 
236 208 
236 236 
232 212 
236 236 
228 208 
236 232 
240 208 
236 268 
232 212 
232 212 
232 212 
228 216 
236 220 
232 212 
236 248 
240 212 
232 48 
232 232 
236 212 
232 224 
232 216 
228 212 
236 216 
232 208 
236 216 
240 240 
236 216 
236 220 
232 220 
236 236 
228 216 
232 236 
236 212 
236 224 
236 260 
232 240 
240 236 
236 240 
240 236 
228 208 
228 220 
232 208 
232 248 
236 204 
228 228 
232 236 
236 212 
236 236 
228 212 
236 220 
240 212 
240 216 
288 208 
244 216 
208 220 
240 208 
240 236 
240 212 
236 224 
248 240 
232 204 
228 228 
236 232 
236 240 
232 208 
232 212 
236 204 
236 264 
512 236 
232 240 
232 216 
232 204 
236 236 
232 208 
236 216 
232 212 
232 216 
740 252 
232 212 
232 216 
236 216 
232 240 
232 208 
236 224 
232 212 
212 220 
232 604 
1120 232 
360 220 
240 212 
248 220 
236 212 
228 216 
240 208 
216 220 
232 208 
228 228 
232 208 
228 212 
236 236 
236 244 
232 212 
236 212 
232 212 
236 1176 
236 216 
236 232 
232 212 
232 216 
232 220 
232 212 
236 208 
232 212 
236 212 
228 212 
240 240 
236 208 
228 216 
236 220 
236 212 
228 212 
236 332 
232 220 
236 208 
244 212 
232 232 
232 212 
232 212 
236 224 
232 216 
232 216 
232 208 
232 260 
232 208 
232 212 
240 236 
232 212 
1024 240 
236 216 
232 236 
236 216 
240 248 
232 212 
236 236 
240 212 
244 212 
236 224 
240 216 
232 212 
236 212 
240 208 
232 208 
236 248 
236 212 
296 212 
236 236 
232 208 
228 208 
232 208 
236 208 
236 212 
236 228 
232 212 
536 240 
240 236 
236 216 
236 232 
268 216 
236 236 
228 212 
240 224 
988 224 
736 216 
232 212 
240 212 
320 216 
232 236 
240 212 
236 208 
232 212 
212 224 
232 612 
240 224 
240 220 
232 232 
228 236 
232 220 
232 208 
244 208 
208 248 
232 216 
232 208 
236 244 
248 212 
364 216 
236 208 
236 212 
236 224 
240 212 
240 216 
236 240 
232 204 
244 236 
236 212 
232 216 
232 220 
236 236 
240 236 
232 204 
228 216 
236 212 
228 208 
236 232 
232 208 
232 212 
244 240 
240 212 
236 236 
232 208 
236 212 
240 212 
228 220 
232 216 
228 204 
232 244 
232 216 
236 252 
232 208 
232 236 
232 208 
232 212 
240 236 
232 216 
228 216 
236 260 
232 216 
260 212 
228 228 
236 212 
256 216 
236 220 
240 212 
276 212 
236 220 
232 212 
232 240 
228 208 
236 204 
236 220 
312 216 
256 212 
232 212 
240 232 
232 208 
236 236 
888 220 
232 240 
240 212 
560 236 
236 244 
232 208 
44 48 
232 216 
236 212 
232 216 
228 208 
232 228 
732 236 
232 208 
240 244 
236 212 
236 220 
228 240 
236 204 
232 212 
216 240 
236 620 
232 212 
236 220 
232 216 
268 204 
236 212 
236 208 
232 212 
220 240 
236 208 
236 212 
240 216 
232 212 
44 48 
236 240 
236 224 
228 216 
236 244 
236 216 
228 208 
232 236 
228 212 
232 216 
240 208 
236 240 
236 216 
232 220 
232 212 
232 212 
232 252 
232 208 
228 220 
232 44 
232 212 
236 244 
240 216 
236 208 
236 212 
240 240 
236 208 
252 212 
236 236 
228 208 
236 208 
236 212 
236 236 
232 232 
236 208 
228 212 
236 240 
232 216 
236 212 
236 220 
292 240 
232 208 
236 216 
236 216 
228 208 
232 240 
236 216 
232 212 
228 216 
236 260 
1076 240 
232 212 
228 212 
236 236 
232 208 
316 212 
236 216 
232 232 
236 212 
236 216 
232 236 
228 212 
228 212 
240 212 
552 232 
232 216 
232 212 
236 216 
232 216 
236 212 
232 208 
228 232 
236 208 
232 384 
236 236 
240 212 
228 212 
240 212 
232 216 
236 220 
232 212 
216 212 
320 552 
680 208 
232 232 
236 208 
256 212 
232 240 
236 208 
232 216 
216 212 
232 220 
232 204 
236 224 
228 216 
232 236 
232 212 
236 236 
236 208 
232 208 
236 268 
236 212 
232 216 
236 236 
252 212 
236 232 
236 260 
236 208 
236 204 
232 216 
236 240 
236 216 
228 220 
232 212 
232 212 
236 212 
232 212 
720 228 
236 216 
232 216 
232 236 
232 208 
236 264 
236 216 
232 260 
236 236 
236 216 
236 236 
236 208 
232 212 
236 212 
232 212 
236 212 
240 216 
552 556 
236 232 
236 220 
232 236 
236 216 
232 212 
232 208 
236 208 
232 232 
228 216 
236 236 
236 212 
332 208 
236 212 
236 216 
236 216 
352 212 
232 264 
236 224 
228 208 
252 220 
236 208 
232 208 
232 236 
232 212 
592 212 
232 212 
232 220 
232 232 
232 212 
228 212 
236 212 
236 208 
228 220 
236 428 
232 236 
232 212 
232 216 
232 212 
232 232 
236 216 
236 204 
208 220 
236 648 
232 208 
232 240 
236 208 
236 236 
232 224 
240 208 
232 240 
220 220 
240 240 
236 204 
240 256 
232 232 
240 228 
236 248 
288 212 
236 212 
236 208 
240 212 
232 212 
232 240 
240 212 
232 240 
236 212 
664 208 
228 208 
228 216 
236 224 
232 248 
236 236 
236 208 
228 208 
236 212 
232 228 
232 208 
232 224 
232 212 
228 212 
236 212 
232 208 
232 268 
236 228 
240 212 
228 208 
236 220 
232 204 
236 240 
232 212 
232 216 
236 216 
232 216 
228 216 
244 248 
232 208 
236 224 
232 208 
236 264 
236 212 
232 216 
228 212 
236 236 
232 208 
236 216 
232 212 
236 260 
232 228 
232 208 
236 236 
356 224 
236 212 
236 236 
240 208 
236 220 
236 212 
232 228 
248 212 
232 216 
600 212 
228 212 
236 212 
232 216 
228 212 
232 208 
236 248 
240 212 
216 208 
240 416 
240 208 
236 212 
232 208 
232 240 
228 216 
236 252 
232 244 
216 212 
232 672 
232 44 
232 212 
228 208 
236 216 
236 268 
236 224 
228 224 
216 236 
240 208 
232 208 
236 260 
228 216 
656 212 
232 268 
240 236 
236 212 
232 208 
240 208 
232 208 
240 212 
236 212 
228 240 
232 236 
236 208 
240 240 
240 220 
232 228 
236 240 
228 276 
44 48 
236 232 
236 208 
232 212 
232 212 
232 220 
236 220 
228 212 
232 236 
232 212 
232 212 
228 220 
236 212 
232 212 
248 208 
240 208 
232 212 
236 256 
232 212 
232 240 
232 236 
376 208 
236 220 
232 208 
252 220 
232 216 
228 208 
236 212 
228 44 
236 204 
232 236 
236 212 
232 216 
236 212 
232 236 
228 212 
280 212 
232 212 
384 204 
236 216 
240 384 
236 212 
232 220 
232 240 
232 208 
236 236 
232 208 
596 216 
232 252 
232 212 
284 212 
236 240 
236 208 
232 212 
240 208 
212 212 
228 508 
236 208 
236 228 
232 212 
236 204 
236 216 
236 208 
232 208 
212 216 
236 700 
228 212 
1068 216 
244 236 
232 208 
236 212 
236 212 
236 216 
212 220 
240 216 
232 240 
232 208 
232 232 
240 212 
228 212 
232 228 
236 212 
232 208 
236 240 
240 236 
240 224 
232 212 
232 216 
244 236 
236 288 
232 204 
240 232 
232 208 
236 224 
232 212 
228 212 
296 212 
236 224 
232 212 
236 236 
232 208 
232 212 
240 240 
252 216 
236 240 
232 232 
236 212 
236 228 
236 236 
232 208 
244 220 
228 232 
232 212 
232 236 
236 316 
236 236 
236 236 
232 216 
232 212 
236 220 
228 212 
232 224 
240 208 
232 212 
236 208 
236 208 
232 212 
240 212 
232 212 
228 216 
236 220 
232 236 
240 208 
384 212 
212 212 
232 224 
236 208 
232 204 
236 248 
236 212 
240 228 
232 208 
624 212 
232 208 
240 216 
236 292 
236 212 
232 208 
232 256 
228 204 
212 928 
232 488 
240 232 
232 236 
236 236 
240 236 
228 212 
280 208 
240 208 
212 212 
236 720 
232 212 
236 216 
232 204 
236 256 
236 212 
236 208 
236 232 
212 212 
232 216 
232 236 
232 208 
236 216 
236 220 
232 256 
232 212 
232 212 
240 236 
240 236 
232 220 
232 232 
236 212 
244 216 
232 212 
232 1128 
240 212 
228 212 
240 216 
232 208 
240 208 
232 204 
236 212 
236 212 
232 216 
232 208 
236 236 
228 212 
236 208 
240 232 
232 448 
240 212 
272 208 
248 216 
236 208 
232 208 
228 232 
240 236 
232 208 
232 228 
236 216 
236 212 
236 208 
244 252 
232 212 
232 216 
236 208 
232 212 
232 224 
288 236 
220 212 
232 208 
232 236 
232 212 
232 212 
236 240 
236 212 
236 328 
228 212 
440 212 
236 232 
236 208 
232 248 
236 220 
228 208 
244 216 
232 208 
240 208 
680 208 
236 236 
232 216 
232 236 
256 212 
232 212 
236 236 
232 208 
212 208 
240 480 
236 224 
224 240 
236 216 
232 208 
236 264 
236 232 
240 212 
216 216 
236 224 
232 208 
232 208 
236 216 
232 212 
228 212 
236 212 
232 208 
212 236 
232 216 
240 240 
232 212 
232 220 
228 360 
236 236 
228 208 
232 212 
236 212 
236 208 
240 236 
232 208 
232 216 
240 220 
232 208 
232 220 
236 212 
236 216 
236 212 
236 228 
44 216 
236 236 
236 208 
236 232 
228 208 
232 216 
236 216 
240 212 
228 216 
232 212 
240 236 
232 212 
236 236 
232 208 
232 232 
240 208 
236 208 
236 240 
312 216 
232 208 
232 236 
236 208 
236 212 
240 216 
232 208 
236 268 
236 212 
232 220 
48 200 
244 208 
204 212 
236 212 
236 212 
232 212 
232 236 
224 220 
236 216 
232 212 
240 208 
460 236 
236 204 
232 212 
228 236 
236 208 
232 216 
240 220 
236 208 
232 44 
680 212 
224 212 
224 248 
248 216 
236 208 
232 208 
236 244 
236 212 
208 208 
236 500 
228 208 
232 324 
228 208 
228 232 
236 236 
232 208 
228 216 
216 208 
232 204 
236 236 
232 216 
236 208 
236 232 
236 212 
228 212 
236 216 
236 276 
236 212 
236 208 
236 252 
236 212 
240 208 
232 252 
236 236 
232 208 
232 216 
240 264 
240 224 
232 216 
240 216 
232 216 
232 208 
232 236 
232 208 
260 244 
232 212 
232 208 
236 232 
240 220 
232 232 
232 208 
236 240 
232 216 
236 236 
208 212 
228 212 
240 208 
244 212 
232 248 
264 208 
232 216 
236 208 
232 208 
236 264 
236 216 
232 208 
236 208 
240 212 
232 212 
236 236 
236 208 
236 212 
232 212 
228 208 
236 240 
292 216 
228 208 
228 220 
232 208 
240 236 
232 216 
236 216 
236 220 
236 208 
244 228 
236 216 
460 236 
968 236 
232 208 
232 228 
236 220 
236 212 
236 232 
236 220 
236 208 
700 212 
236 212 
236 212 
236 208 
236 232 
232 208 
228 228 
232 204 
212 212 
236 1456 
232 224 
228 208 
236 236 
232 212 
232 204 
232 268 
236 212 
208 208 
236 216 
232 204 
236 208 
232 252 
236 244 
244 212 
232 212 
236 216 
220 264 
236 232 
236 212 
232 212 
232 268 
240 216 
236 216 
236 232 
236 208 
232 292 
232 208 
232 236 
240 212 
232 240 
232 208 
272 208 
940 220 
236 208 
232 212 
232 216 
236 212 
236 232 
236 204 
236 208 
232 208 
236 220 
232 204 
232 244 
236 208 
232 216 
236 216 
232 212 
232 212 
236 208 
248 252 
232 212 
228 216 
256 212 
232 244 
236 240 
240 212 
228 212 
228 216 
240 212 
232 212 
232 240 
228 208 
228 208 
236 236 
236 240 
896 216 
232 212 
232 204 
232 256 
228 208 
228 212 
236 232 
232 208 
236 212 
232 212 
436 216 
376 208 
240 236 
236 208 
232 212 
236 208 
232 212 
236 208 
236 252 
700 216 
232 212 
232 212 
228 212 
236 236 
244 216 
232 212 
236 236 
216 216 
232 580 
236 228 
236 212 
236 212 
240 216 
232 212 
228 204 
280 216 
224 232 
232 212 
236 212 
236 212 
232 208 
236 220 
236 212 
232 236 
240 236 
264 212 
232 208 
240 216 
232 240 
236 204 
236 264 
228 208 
232 264 
240 216 
232 228 
232 260 
236 212 
232 240 
356 220 
236 212 
228 212 
236 208 
228 248 
236 212 
232 212 
228 204 
232 212 
232 204 
232 272 
232 236 
236 208 
236 220 
240 240 
232 212 
236 216 
232 208 
240 240 
236 212 
232 212 
236 236 
228 212 
232 236 
236 208 
48 48 
1000 204 
228 212 
236 216 
236 204 
236 264 
232 208 
228 220 
236 212 
232 208 
240 208 
232 212 
236 212 
248 208 
236 264 
244 216 
236 216 
240 236 
228 240 
232 264 
236 208 
236 220 
484 256 
236 232 
236 212 
232 208 
236 216 
228 216 
40 44 
232 208 
232 216 
728 212 
240 220 
236 204 
288 216 
232 212 
232 204 
232 236 
228 216 
216 240 
248 572 
236 216 
232 204 
236 232 
236 208 
232 208 
240 236 
240 212 
216 240 
228 212 
236 208 
236 212 
236 216 
232 208 
232 228 
232 212 
236 220 
232 44 
236 268 
236 212 
232 208 
232 212 
236 236 
232 212 
232 208 
236 236 
228 212 
236 236 
248 212 
236 212 
236 236 
232 212 
232 212 
236 208 
240 204 
244 236 
264 212 
236 216 
228 212 
228 212 
236 216 
236 208 
232 208 
236 240 
232 208 
936 240 
228 236 
236 236 
0 0 
228 232 
556 212 
208 208 
208 232 
232 212 
232 212 
240 212 
236 208 
224 208 
240 216 
232 212 
232 264 
232 212 
236 212 
232 216 
240 216 
236 212 
236 220 
232 216 
256 220 
240 208 
236 212 
232 212 
228 244 
236 216 
236 256 
228 208 
240 212 
532 224 
512 212 
232 212 
232 228 
232 224 
232 248 
236 208 
232 224 
232 212 
232 368 
240 228 
240 208 
240 208 
228 212 
232 208 
232 212 
240 240 
212 216 
236 604 
272 208 
236 216 
236 204 
236 236 
236 224 
236 232 
228 208 
212 236 
232 208 
236 212 
228 208 
232 260 
236 216 
236 236 
236 208 
244 212 
640 208 
236 212 
232 212 
232 224 
232 212 
236 216 
232 212 
236 208 
228 232 
236 232 
236 240 
236 212 
232 216 
240 208 
256 212 
236 224 
232 204 
1020 236 
236 212 
232 212 
236 256 
236 208 
236 216 
244 216 
236 208 
232 212 
236 212 
236 236 
232 208 
228 220 
236 216 
236 216 
236 236 
232 216 
236 236 
284 236 
236 232 
236 232 
236 212 
228 212 
236 220 
236 208 
232 236 
232 216 
236 212 
236 236 
232 208 
256 224 
236 212 
240 216 
232 204 
304 220 
236 204 
240 236 
240 212 
236 236 
232 208 
228 228 
236 216 
236 204 
492 236 
232 224 
236 236 
236 208 
236 252 
236 220 
236 224 
236 256 
356 212 
236 400 
236 204 
232 216 
236 332 
228 216 
236 216 
236 208 
228 212 
216 220 
232 612 
232 212 
232 248 
228 212 
232 204 
240 212 
512 208 
244 212 
216 252 
236 212 
232 216 
244 208 
232 208 
236 216 
236 212 
236 212 
236 240 
232 244 
232 232 
228 220 
232 212 
236 264 
236 220 
240 240 
240 212 
232 228 
236 216 
232 212 
236 212 
240 216 
236 220 
228 212 
244 204 
236 264 
240 212 
244 224 
236 208 
228 212 
228 212 
232 216 
216 236 
232 236 
232 208 
260 216 
236 220 
228 236 
236 212 
232 208 
240 248 
232 216 
232 264 
240 212 
232 216 
232 236 
232 208 
232 212 
236 208 
232 252 
228 212 
236 212 
236 236 
232 220 
260 212 
236 212 
232 208 
236 216 
240 212 
236 212 
312 212 
236 232 
236 208 
236 252 
236 212 
224 212 
236 208 
232 308 
232 208 
540 212 
236 212 
232 228 
236 244 
236 212 
232 208 
244 236 
236 212 
232 216 
44 48 
232 216 
240 212 
232 208 
576 208 
232 220 
232 236 
232 212 
208 244 
236 604 
232 212 
232 240 
232 216 
236 240 
236 208 
240 212 
232 236 
208 212 
300 216 
236 224 
240 212 
232 208 
232 212 
228 208 
48 60 
0 0 
0 0 
0 0 
0 0 
0 0 
236 224 
236 212 
232 204 
240 236 
232 216 
236 256 
236 212 
240 212 
232 216 
236 220 
232 216 
236 224 
232 212 
236 240 
236 208 
232 204 
228 224 
232 240 
236 224 
236 212 
232 216 
240 236 
232 212 
232 240 
236 212 
376 44 
232 212 
232 216 
236 224 
232 208 
240 232 
236 212 
260 216 
236 220 
232 208 
228 220 
232 216 
236 208 
228 212 
236 244 
232 208 
240 232 
236 208 
236 216 
232 216 
236 240 
232 216 
332 224 
240 224 
232 204 
228 208 
232 208 
236 204 
224 220 
236 212 
232 212 
560 212 
232 232 
232 264 
236 208 
236 208 
236 296 
236 224 
228 212 
236 232 
228 436 
240 240 
228 216 
232 240 
236 216 
236 212 
236 212 
232 216 
224 220 
232 644 
272 216 
236 216 
232 208 
240 236 
236 212 
236 212 
236 240 
220 208 
232 204 
248 212 
232 212 
232 212 
240 232 
240 212 
232 244 
232 208 
248 212 
260 224 
236 216 
232 208 
236 236 
236 208 
232 204 
240 216 
232 212 
240 216 
236 292 
232 212 
240 216 
232 216 
228 212 
236 236 
240 212 
240 232 
232 216 
232 208 
236 212 
236 224 
232 216 
256 216 
232 216 
232 212 
232 208 
232 212 
236 220 
236 208 
236 204 
236 236 
232 216 
236 248 
232 216 
228 216 
240 212 
232 212 
228 212 
232 216 
232 216 
240 240 
236 212 
228 208 
232 256 
236 204 
236 216 
232 212 
240 244 
232 204 
232 252 
376 236 
232 216 
236 216 
240 224 
236 236 
236 224 
232 208 
236 228 
232 212 
588 216 
232 208 
240 216 
236 212 
236 208 
232 212 
232 220 
232 252 
220 212 
232 436 
236 224 
256 208 
236 212 
228 220 
240 216 
236 236 
232 208 
212 256 
236 660 
228 208 
236 260 
232 212 
228 216 
236 208 
260 212 
236 240 
212 220 
240 236 
228 212 
232 212 
236 220 
236 240 
236 232 
232 216 
236 212 
240 212 
236 208 
236 220 
232 208 
292 212 
236 212 
236 236 
232 208 
236 204 
232 208 
236 236 
236 216 
236 208 
236 236 
232 212 
240 216 
232 208 
232 212 
236 240 
240 212 
236 208 
232 268 
236 216 
240 208 
228 208 
236 208 
224 236 
236 216 
232 216 
236 208 
232 208 
240 236 
248 212 
232 208 
236 212 
232 228 
236 216 
240 216 
236 204 
236 248 
232 208 
240 204 
232 232 
236 212 
236 204 
232 208 
228 208 
240 240 
236 212 
240 216 
240 208 
380 212 
236 212 
232 212 
236 236 
228 232 
236 236 
228 212 
232 240 
236 212 
624 208 
236 216 
232 208 
812 216 
236 220 
232 212 
236 240 
232 208 
212 232 
240 456 
44 116 
232 232 
236 212 
236 232 
232 216 
240 220 
236 204 
216 236 
232 700 
232 216 
1056 216 
236 208 
236 208 
236 232 
228 228 
236 212 
216 212 
240 236 
236 212 
232 240 
236 256 
232 212 
228 208 
232 212 
236 236 
236 212 
232 236 
236 236 
260 208 
236 204 
44 52 
236 208 
228 260 
236 212 
232 212 
232 232 
232 208 
236 212 
236 248 
236 216 
240 212 
232 252 
232 220 
240 236 
240 240 
232 208 
228 216 
236 212 
232 208 
232 212 
228 212 
240 208 
240 208 
236 216 
232 208 
236 248 
236 220 
236 224 
232 216 
232 204 
228 204 
232 212 
232 216 
236 224 
232 204 
240 236 
236 212 
232 208 
236 212 
228 204 
236 204 
236 236 
236 296 
236 208 
236 236 
232 212 
376 216 
664 208 
236 236 
236 216 
236 216 
228 208 
232 240 
236 216 
228 216 
640 208 
232 236 
232 216 
232 212 
232 212 
236 236 
244 208 
228 212 
216 216 
240 464 
244 208 
244 240 
232 212 
236 208 
236 236 
228 208 
232 232 
212 212 
232 712 
232 208 
236 208 
232 212 
236 244 
236 208 
236 216 
236 212 
212 292 
228 216 
224 236 
232 208 
232 248 
240 212 
236 212 
228 216 
236 220 
232 212 
236 240 
240 216 
228 240 
232 208 
232 208 
240 236 
236 216 
236 212 
232 244 
236 208 
232 212 
252 236 
228 216 
240 216 
240 208 
232 208 
236 216 
236 216 
240 236 
236 204 
236 216 
236 208 
236 212 
232 204 
240 236 
236 208 
236 216 
240 212 
236 204 
232 260 
236 212 
236 216 
240 236 
228 208 
240 244 
232 212 
236 208 
232 212 
236 236 
236 208 
780 204 
216 212 
236 236 
232 212 
236 220 
232 216 
240 212 
232 212 
240 240 
228 208 
440 240 
236 240 
236 216 
240 208 
232 204 
228 232 
236 212 
236 232 
232 208 
656 216 
232 212 
228 208 
236 224 
236 236 
236 216 
236 204 
236 236 
332 216 
236 476 
240 208 
240 208 
236 204 
232 212 
228 220 
232 208 
228 212 
216 212 
232 724 
232 208 
232 208 
236 236 
232 228 
236 212 
248 216 
236 212 
216 212 
236 272 
232 208 
232 212 
236 236 
232 212 
232 248 
236 216 
236 232 
236 212 
236 212 
236 228 
236 236 
236 212 
236 208 
228 208 
232 212 
236 212 
232 212 
240 236 
236 212 
476 212 
264 208 
240 268 
232 212 
232 224 
232 208 
232 208 
228 212 
232 216 
228 216 
236 240 
228 208 
232 216 
232 216 
240 216 
232 260 
232 212 
248 212 
600 212 
244 232 
236 212 
232 208 
236 236 
228 208 
236 208 
232 204 
236 236 
236 212 
232 212 
236 240 
192 208 
228 208 
236 212 
228 216 
240 252 
232 212 
236 268 
236 212 
232 204 
436 228 
232 240 
228 216 
236 216 
232 212 
228 240 
240 216 
228 220 
240 212 
660 212 
232 236 
236 220 
224 208 
240 216 
236 236 
236 228 
228 220 
216 236 
240 492 
228 212 
236 232 
232 240 
236 212 
232 204 
232 228 
232 204 
208 208 
236 232 
236 212 
232 216 
232 208 
236 240 
236 212 
236 240 
232 212 
240 220 
236 208 
236 216 
232 260 
240 216 
236 236 
228 208 
380 212 
240 236 
236 208 
232 216 
192 208 
232 212 
240 228 
48 48 
228 216 
236 220 
236 212 
232 208 
240 216 
232 208 
252 216 
236 208 
228 208 
236 212 
224 216 
232 212 
236 928 
240 240 
232 212 
236 216 
232 240 
228 216 
232 240 
236 240 
232 216 
232 236 
232 212 
232 216 
232 216 
232 256 
240 220 
48 44 
240 220 
236 208 
240 216 
236 208 
232 248 
236 236 
232 208 
236 220 
208 208 
232 216 
232 208 
236 260 
236 220 
236 208 
236 220 
232 208 
244 216 
444 220 
232 1336 
236 240 
236 216 
232 212 
232 208 
248 220 
232 208 
232 208 
696 236 
236 48 
232 216 
236 264 
236 208 
236 240 
232 208 
240 220 
216 208 
232 536 
228 212 
228 236 
232 212 
228 212 
236 240 
232 208 
232 216 
212 212 
236 204 
248 256 
232 208 
236 212 
232 220 
236 212 
232 208 
236 236 
240 208 
232 208 
236 212 
236 216 
236 216 
232 204 
228 224 
232 216 
232 216 
236 268 
236 216 
232 212 
236 268 
248 208 
236 236 
228 212 
236 208 
232 212 
236 212 
232 208 
232 244 
260 216 
232 212 
232 208 
232 212 
228 212 
232 236 
232 212 
232 228 
240 216 
236 204 
240 268 
236 212 
236 256 
236 212 
236 220 
236 216 
240 212 
236 212 
228 216 
236 208 
236 216 
248 228 
232 208 
232 216 
236 208 
236 208 
232 216 
232 208 
232 208 
236 928 
252 212 
232 212 
232 272 
232 212 
236 236 
240 212 
232 204 
236 236 
236 212 
384 212 
232 208 
236 232 
240 220 
232 212 
240 240 
232 212 
228 220 
240 208 
748 208 
236 256 
236 212 
232 220 
236 332 
224 216 
232 216 
232 212 
212 236 
240 572 
232 220 
236 240 
224 228 
240 212 
232 216 
224 204 
240 248 
264 208 
232 216 
236 220 
232 208 
236 232 
244 264 
240 212 
240 208 
232 252 
232 212 
232 212 
232 212 
236 256 
232 208 
236 236 
236 204 
236 268 
232 212 
228 212 
232 240 
232 212 
244 236 
232 212 
236 216 
236 216 
232 212 
228 208 
236 236 
236 208 
236 216 
236 216 
232 236 
240 212 
240 236 
236 208 
240 216 
232 204 
240 228 
232 208 
232 216 
236 236 
236 212 
236 240 
232 216 
240 236 
232 212 
240 236 
232 208 
240 220 
228 208 
236 232 
240 264 
228 208 
236 208 
232 212 
236 240 
236 212 
236 216 
232 208 
236 240 
252 212 
232 220 
232 216 
240 240 
232 208 
228 208 
228 212 
236 208 
232 212 
524 220 
232 212 
232 224 
228 232 
236 216 
236 220 
240 240 
232 208 
232 212 
736 236 
240 224 
236 236 
228 212 
228 212 
228 220 
240 236 
232 208 
212 228 
236 532 
236 212 
240 212 
232 208 
244 212 
232 216 
232 236 
236 216 
216 212 
236 240 
240 212 
236 216 
232 216 
236 208 
232 236 
240 212 
428 216 
232 212 
228 244 
236 240 
232 212 
232 212 
232 208 
228 212 
304 256 
232 208 
240 260 
292 212 
988 236 
236 224 
236 216 
232 208 
228 212 
240 212 
232 240 
232 212 
232 216 
236 212 
232 212 
232 228 
240 204 
232 248 
240 236 
232 216 
232 216 
240 1084 
232 208 
276 212 
240 216 
48 44 
240 240 
232 212 
236 216 
232 208 
228 212 
236 240 
232 212 
232 232 
236 236 
236 220 
228 208 
232 216 
240 236 
232 212 
252 212 
236 208 
232 208 
236 240 
284 212 
232 208 
332 212 
236 208 
232 204 
228 212 
236 212 
232 208 
240 228 
44 48 
892 236 
236 244 
232 216 
240 216 
236 224 
232 208 
232 240 
312 224 
732 212 
232 212 
232 212 
232 216 
232 212 
236 212 
236 236 
232 204 
212 240 
232 616 
232 212 
228 212 
228 212 
240 220 
232 208 
236 252 
236 212 
208 216 
236 240 
232 44 
236 212 
232 212 
236 216 
236 216 
236 212 
228 212 
840 244 
236 236 
232 208 
228 252 
236 212 
236 212 
240 236 
232 212 
236 224 
236 208 
228 216 
236 236 
232 240 
236 208 
236 216 
236 204 
240 272 
236 224 
232 208 
232 256 
240 224 
232 232 
232 212 
236 260 
236 232 
232 228 
236 208 
232 220 
236 240 
256 212 
240 220 
232 212 
240 212 
228 236 
232 212 
232 212 
236 232 
232 208 
236 236 
232 216 
232 228 
232 212 
236 224 
236 212 
232 212 
232 240 
232 212 
228 240 
236 212 
240 236 
252 208 
296 208 
228 248 
240 216 
232 212 
240 220 
232 212 
236 212 
232 208 
236 228 
520 220 
232 208 
232 236 
232 208 
228 208 
240 236 
236 212 
232 216 
348 208 
236 376 
240 204 
236 216 
244 212 
260 212 
232 208 
232 216 
236 204 
212 208 
240 636 
240 212 
236 236 
228 208 
232 212 
232 232 
952 212 
232 248 
208 220 
240 208 
240 216 
240 236 
232 212 
236 232 
240 208 
236 288 
236 220 
240 212 
232 212 
236 208 
232 212 
236 216 
240 264 
320 244 
232 208 
236 232 
232 208 
236 228 
236 212 
232 208 
248 216 
236 212 
228 212 
240 240 
228 208 
228 248 
236 212 
236 240 
236 208 
232 212 
236 220 
236 212 
240 216 
236 216 
232 204 
236 236 
228 232 
232 260 
232 208 
232 212 
232 208 
232 236 
240 212 
228 220 
236 212 
232 216 
236 208 
240 212 
236 212 
236 236 
240 208 
236 252 
236 212 
232 216 
232 256 
236 212 
232 240 
232 208 
296 236 
228 212 
240 220 
232 268 
232 256 
232 268 
236 208 
228 212 
236 240 
560 208 
232 244 
236 212 
232 216 
236 220 
232 216 
280 216 
236 216 
236 220 
236 388 
236 216 
236 212 
232 208 
1052 236 
232 212 
232 224 
236 244 
208 212 
240 620 
328 216 
232 212 
236 208 
240 216 
236 260 
232 208 
228 224 
212 220 
232 208 
232 220 
232 240 
240 236 
236 208 
232 208 
240 240 
232 212 
236 232 
228 240 
228 216 
236 216 
236 236 
236 240 
236 208 
228 212 
236 236 
240 208 
228 212 
452 212 
236 208 
236 236 
232 208 
256 212 
240 212 
232 208 
240 236 
252 212 
240 216 
236 212 
236 216 
232 204 
228 240 
240 216 
232 216 
236 212 
48 48 
240 220 
232 208 
232 212 
236 208 
236 216 
232 240 
236 208 
236 208 
236 236 
232 220 
236 212 
236 260 
232 212 
232 272 
228 212 
236 216 
652 208 
236 248 
236 236 
236 212 
240 216 
228 204 
320 216 
236 264 
232 212 
240 248 
240 208 
40 48 
240 212 
232 236 
232 312 
592 216 
232 212 
892 220 
232 272 
236 208 
232 212 
232 236 
236 232 
236 216 
228 440 
232 216 
240 216 
232 204 
236 236 
236 212 
236 184 
236 216 
212 216 
236 680 
232 332 
232 208 
236 212 
236 216 
232 208 
232 244 
236 216 
216 208 
236 240 
232 216 
236 220 
232 236 
236 236 
232 208 
232 216 
236 216 
228 208 
232 236 
228 208 
236 236 
232 216 
236 220 
244 208 
268 212 
232 236 
236 212 
236 220 
232 208 
236 228 
236 204 
228 216 
232 212 
228 208 
232 236 
232 212 
236 232 
236 212 
232 212 
236 212 
240 268 
236 208 
232 212 
236 236 
228 208 
232 224 
236 212 
228 208 
232 212 
232 212 
232 236 
568 204 
224 240 
236 236 
236 204 
232 240 
236 212 
232 212 
236 208 
296 212 
232 216 
232 212 
232 224 
236 208 
232 212 
232 256 
228 208 
232 236 
340 236 
232 252 
236 208 
232 228 
240 204 
232 216 
236 220 
240 208 
232 212 
588 204 
232 208 
236 256 
232 236 
228 208 
228 240 
240 208 
232 208 
212 212 
240 448 
232 212 
236 208 
240 216 
228 236 
232 208 
236 216 
236 212 
208 264 
236 664 
236 212 
232 212 
236 240 
236 208 
228 212 
236 240 
232 232 
208 248 
236 212 
232 212 
240 236 
236 216 
236 212 
240 216 
236 208 
232 212 
236 216 
240 220 
232 212 
240 228 
236 212 
236 212 
268 220 
236 208 
236 220 
232 292 
232 220 
240 212 
248 220 
232 212 
236 212 
232 208 
236 228 
236 212 
228 216 
244 240 
232 240 
240 212 
628 204 
532 240 
236 220 
232 212 
232 244 
244 208 
232 236 
236 208 
240 240 
232 216 
320 212 
232 208 
232 212 
236 264 
232 212 
232 216 
240 236 
232 236 
232 240 
232 228 
228 216 
236 212 
236 228 
236 236 
232 212 
236 220 
244 220 
236 212 
232 216 
368 212 
232 208 
236 212 
236 232 
236 212 
236 216 
240 216 
232 212 
224 228 
604 212 
236 220 
232 212 
244 236 
236 212 
232 208 
232 208 
232 212 
216 236 
236 440 
232 212 
236 212 
232 212 
240 232 
236 232 
236 220 
236 208 
204 208 
236 684 
236 204 
236 232 
236 212 
228 232 
236 236 
228 228 
236 216 
224 216 
236 216 
232 212 
232 240 
192 212 
236 212 
236 236 
236 212 
232 212 
232 204 
236 204 
232 224 
236 208 
232 212 
236 236 
232 216 
236 216 
236 208 
248 212 
232 208 
232 284 
432 236 
228 220 
236 208 
232 208 
232 272 
232 212 
232 212 
240 224 
236 212 
236 244 
236 232 
236 232 
236 212 
228 220 
236 208 
232 208 
232 268 
232 208 
232 220 
232 264 
236 212 
232 204 
236 240 
232 204 
244 236 
240 236 
236 220 
228 256 
240 236 
232 208 
236 244 
228 236 
228 212 
236 208 
48 52 
236 232 
232 208 
236 212 
232 236 
420 220 
232 220 
236 212 
240 212 
240 216 
232 220 
240 224 
356 208 
236 212 
656 256 
236 220 
228 208 
232 208 
236 208 
232 228 
232 260 
240 236 
212 260 
232 496 
232 208 
240 236 
236 212 
228 212 
232 48 
228 48 
232 208 
220 216 
232 724 
236 220 
232 220 
244 244 
236 212 
236 204 
232 240 
228 216 
212 208 
240 208 
232 204 
240 236 
232 212 
236 212 
232 216 
236 216 
240 232 
1148 232 
236 204 
232 216 
236 212 
228 220 
236 236 
236 216 
240 216 
236 48 
232 212 
228 216 
228 204 
236 232 
236 212 
236 208 
232 208 
240 240 
236 212 
236 204 
236 212 
232 212 
236 208 
236 236 
232 208 
232 208 
236 220 
236 212 
228 212 
232 240 
236 236 
236 236 
232 212 
240 216 
232 216 
236 1020 
236 220 
232 212 
232 220 
236 236 
236 204 
236 212 
236 236 
220 216 
232 216 
236 236 
232 212 
228 232 
232 228 
232 208 
348 204 
236 236 
412 236 
236 216 
228 212 
232 240 
240 208 
232 208 
232 216 
232 212 
232 208 
672 236 
232 208 
228 212 
236 216 
232 208 
244 212 
228 224 
240 208 
232 212 
236 504 
236 248 
232 212 
228 220 
236 212 
232 208 
236 216 
232 208 
208 216 
236 684 
236 232 
236 212 
232 212 
236 212 
236 212 
228 216 
236 208 
216 236 
228 216 
240 212 
228 212 
236 236 
232 204 
236 212 
236 228 
236 212 
236 216 
232 224 
236 280 
232 212 
240 240 
232 212 
228 216 
236 204 
236 204 
236 216 
232 236 
236 212 
236 216 
232 208 
228 220 
236 212 
236 204 
236 248 
240 232 
232 212 
232 320 
236 236 
232 212 
252 836 
236 232 
232 208 
232 248 
236 208 
240 216 
228 208 
232 216 
304 208 
236 244 
236 216 
236 212 
252 212 
240 212 
232 208 
244 212 
236 212 
236 204 
236 216 
224 208 
244 224 
236 208 
240 212 
236 212 
232 216 
236 236 
296 212 
236 212 
428 216 
236 224 
236 208 
244 256 
240 212 
236 224 
240 236 
236 224 
236 244 
668 212 
228 212 
236 236 
232 208 
236 240 
236 264 
232 216 
236 216 
240 240 
0 0 
0 0 
236 248 
232 208 
244 212 
236 208 
272 216 
236 216 
208 236 
232 212 
236 248 
228 232 
236 232 
232 208 
228 212 
236 216 
232 212 
224 236 
232 212 
228 216 
236 220 
240 240 
236 236 
232 208 
228 240 
240 212 
232 212 
232 212 
240 236 
236 208 
236 236 
228 212 
240 212 
236 220 
232 204 
232 212 
236 232 
228 216 
232 1072 
232 232 
240 272 
228 212 
232 260 
236 236 
232 212 
236 216 
228 204 
236 216 
240 212 
240 244 
240 236 
236 212 
228 208 
236 212 
232 208 
232 228 
236 232 
232 236 
236 344 
228 208 
236 272 
236 212 
228 216 
236 224 
228 208 
244 212 
236 212 
228 208 
228 236 
232 212 
232 208 
236 216 
236 236 
236 212 
236 208 
236 208 
236 240 
448 216 
232 212 
236 232 
232 212 
244 216 
236 236 
232 208 
240 212 
232 208 
700 232 
228 264 
232 212 
236 208 
236 228 
240 236 
232 216 
232 212 
208 220 
236 532 
228 208 
236 220 
232 208 
236 212 
236 236 
232 208 
232 216 
44 40 
240 236 
744 240 
236 216 
232 216 
232 212 
240 216 
232 236 
232 204 
240 240 
236 208 
236 240 
236 212 
232 212 
236 244 
236 220 
232 212 
232 216 
232 208 
232 964 
240 216 
232 224 
236 216 
240 208 
236 220 
240 236 
236 216 
232 244 
232 216 
48 52 
240 208 
236 208 
232 216 
232 212 
240 216 
240 212 
232 256 
236 212 
236 216 
236 208 
232 212 
228 236 
236 216 
232 204 
244 224 
232 208 
232 228 
236 216 
296 208 
236 216 
240 228 
236 236 
868 216 
236 268 
236 212 
232 224 
236 236 
236 296 
236 212 
232 236 
244 212 
244 212 
236 208 
236 256 
236 212 
236 216 
236 240 
260 212 
240 212 
460 216 
232 216 
248 208 
232 212 
240 236 
232 212 
232 240 
240 260 
228 216 
708 228 
236 240 
228 208 
280 212 
240 208 
236 216 
236 220 
232 208 
348 780 
232 548 
236 212 
236 208 
232 208 
236 256 
240 208 
232 212 
236 240 
212 236 
232 208 
232 212 
232 212 
228 240 
240 212 
232 208 
236 232 
368 208 
240 208 
236 212 
240 212 
236 236 
228 216 
236 240 
232 212 
236 244 
236 224 
232 224 
228 232 
228 208 
236 216 
240 236 
232 212 
232 240 
232 208 
240 212 
232 240 
240 208 
236 224 
236 208 
236 204 
236 236 
232 212 
256 216 
236 220 
236 208 
232 216 
236 240 
228 212 
232 236 
232 212 
232 212 
232 208 
236 236 
232 260 
236 216 
232 236 
236 236 
232 220 
232 212 
228 236 
236 212 
236 204 
236 236 
232 212 
240 216 
236 208 
228 204 
236 208 
264 216 
236 236 
228 212 
232 216 
236 216 
236 212 
232 216 
232 208 
236 216 
516 212 
232 212 
236 220 
228 208 
252 208 
240 220 
968 204 
232 244 
236 212 
748 236 
236 212 
236 240 
236 208 
236 252 
232 208 
232 236 
240 212 
212 216 
240 536 
232 216 
232 208 
240 236 
232 216 
424 212 
236 264 
228 224 
216 240 
236 240 
240 212 
236 236 
240 212 
236 224 
232 208 
232 216 
232 204 
232 212 
232 212 
236 236 
228 212 
236 212 
236 236 
236 208 
236 220 
232 212 
236 212 
232 256 
236 208 
232 208 
240 220 
240 212 
236 208 
232 208 
240 244 
236 236 
240 216 
236 212 
224 212 
236 220 
232 208 
232 248 
232 220 
240 212 
228 212 
240 236 
236 212 
232 208 
236 232 
232 220 
304 212 
236 208 
232 212 
236 240 
360 204 
228 212 
228 216 
240 220 
232 208 
228 220 
232 212 
228 212 
236 208 
232 212 
236 372 
240 212 
240 236 
232 208 
288 216 
232 220 
232 208 
236 212 
908 236 
228 240 
232 208 
256 212 
236 212 
536 264 
236 236 
232 212 
232 212 
232 220 
236 208 
232 208 
236 240 
244 212 
232 360 
236 232 
232 212 
228 240 
232 212 
228 228 
228 212 
240 208 
216 220 
236 600 
236 208 
236 220 
232 236 
240 212 
232 216 
228 244 
236 212 
212 204 
232 216 
236 236 
232 208 
236 212 
232 212 
236 212 
236 232 
232 240 
232 216 
232 212 
236 240 
232 216 
228 208 
232 208 
236 236 
236 204 
232 224 
240 220 
228 208 
236 208 
232 216 
240 240 
48 48 
236 208 
236 204 
240 212 
228 220 
232 208 
236 220 
232 240 
240 212 
236 220 
236 208 
236 216 
236 212 
456 204 
232 208 
244 216 
240 208 
232 204 
236 264 
236 212 
44 48 
236 216 
232 208 
236 212 
232 260 
252 208 
232 212 
236 232 
232 204 
236 208 
800 216 
228 216 
236 204 
232 212 
240 216 
236 204 
236 236 
288 212 
268 220 
236 212 
232 224 
232 212 
240 236 
232 208 
244 212 
236 212 
560 244 
232 232 
232 44 
228 212 
236 216 
228 216 
232 208 
232 240 
232 212 
232 372 
236 212 
232 220 
232 208 
232 236 
232 240 
236 232 
232 212 
212 224 
236 624 
232 208 
228 244 
232 216 
228 224 
232 220 
244 212 
236 264 
216 212 
232 216 
236 252 
232 216 
236 208 
232 212 
232 208 
232 208 
232 204 
236 208 
232 216 
236 240 
232 208 
252 212 
236 208 
236 208 
236 224 
256 216 
240 220 
232 212 
236 232 
236 208 
236 216 
268 232 
244 228 
284 256 
236 208 
228 220 
236 220 
232 208 
232 224 
236 208 
232 212 
236 252 
232 216 
236 208 
240 236 
232 208 
240 216 
248 208 
232 208 
236 220 
232 236 
248 212 
240 232 
236 240 
232 208 
228 220 
240 212 
232 240 
236 236 
268 216 
232 236 
228 208 
236 216 
232 204 
232 216 
232 208 
232 268 
228 220 
312 248 
232 212 
236 212 
232 208 
232 256 
236 212 
236 216 
232 216 
236 208 
544 236 
232 208 
240 220 
240 212 
236 216 
236 208 
256 212 
232 240 
236 212 
240 400 
232 212 
232 208 
236 212 
232 212 
232 212 
232 236 
232 212 
212 236 
232 652 
236 212 
236 236 
232 212 
240 236 
236 236 
236 204 
236 236 
212 212 
232 216 
232 220 
260 272 
236 224 
236 244 
244 216 
232 212 
236 216 
236 220 
232 208 
236 216 
232 212 
232 236 
596 208 
236 208 
232 248 
236 212 
232 220 
236 232 
236 212 
232 220 
236 212 
232 212 
228 208 
236 236 
232 208 
272 212 
232 208 
232 212 
236 244 
232 212 
232 220 
228 208 
240 220 
572 208 
236 216 
236 224 
228 212 
232 252 
240 204 
236 260 
232 212 
228 208 
236 224 
228 216 
236 220 
232 208 
232 204 
232 220 
236 216 
232 208 
236 236 
232 204 
232 232 
240 240 
232 212 
232 220 
236 212 
232 216 
344 228 
236 236 
240 208 
236 212 
228 248 
228 216 
244 236 
232 208 
228 232 
560 212 
236 216 
240 240 
236 212 
232 220 
232 212 
232 264 
236 212 
228 212 
232 408 
236 216 
236 236 
236 212 
252 208 
232 216 
236 220 
236 204 
216 260 
236 648 
232 208 
232 212 
232 212 
236 204 
268 216 
236 268 
236 212 
208 216 
236 208 
232 216 
516 208 
232 232 
232 204 
264 208 
260 216 
240 212 
232 204 
236 260 
236 212 
236 240 
232 212 
232 212 
236 212 
228 216 
236 256 
232 204 
236 208 
236 208 
228 208 
232 208 
40 52 
236 212 
232 216 
236 212 
236 216 
232 216 
232 212 
236 212 
232 208 
232 208 
240 208 
232 228 
232 212 
236 240 
232 208 
232 212 
232 204 
232 228 
240 212 
232 208 
236 236 
232 208 
232 240 
228 212 
232 212 
240 236 
236 212 
228 208 
48 44 
236 212 
232 260 
232 212 
236 256 
236 224 
228 224 
240 240 
236 204 
340 212 
232 208 
240 236 
228 208 
228 212 
236 224 
232 212 
236 240 
236 208 
604 296 
236 240 
240 220 
232 208 
232 212 
232 208 
236 256 
236 212 
212 248 
228 44 
236 216 
232 232 
236 212 
236 216 
228 212 
232 256 
228 208 
1316 220 
236 704 
236 236 
232 212 
236 212 
240 208 
232 212 
228 212 
240 208 
212 216 
236 268 
228 224 
236 224 
240 216 
232 212 
228 212 
236 220 
232 212 
240 240 
232 208 
232 252 
236 224 
232 216 
232 224 
236 212 
232 212 
236 236 
228 212 
228 216 
236 216 
236 212 
228 208 
232 212 
228 208 
240 888 
236 236 
232 208 
236 224 
236 216 
232 252 
240 212 
236 212 
236 236 
236 212 
236 236 
232 204 
232 264 
236 212 
236 208 
292 216 
232 212 
240 228 
236 212 
236 212 
236 216 
232 212 
232 220 
232 244 
232 216 
232 208 
260 208 
232 220 
232 232 
236 212 
228 216 
236 212 
232 236 
232 232 
208 212 
352 208 
256 212 
236 236 
232 204 
236 224 
236 212 
236 228 
236 232 
228 204 
640 212 
240 216 
240 208 
244 252 
232 208 
232 240 
236 220 
232 212 
216 240 
228 476 
228 220 
252 212 
240 232 
232 208 
228 220 
236 232 
240 212 
216 212 
236 692 
232 208 
236 208 
232 208 
228 224 
236 212 
232 216 
232 240 
220 208 
236 208 
236 236 
236 248 
232 208 
236 232 
232 216 
232 236 
232 208 
232 212 
236 212 
292 216 
228 208 
228 244 
1100 240 
232 212 
232 224 
236 212 
236 212 
236 236 
232 212 
236 236 
236 208 
232 212 
232 212 
232 220 
236 220 
236 208 
236 240 
236 212 
228 268 
232 212 
236 236 
244 220 
236 212 
228 216 
236 216 
232 208 
248 220 
232 216 
236 268 
236 216 
236 212 
232 212 
232 232 
236 212 
232 204 
236 232 
236 236 
232 220 
236 212 
236 212 
256 232 
232 216 
224 216 
236 216 
236 268 
232 212 
240 212 
236 216 
384 208 
232 212 
236 240 
240 208 
232 212 
240 240 
232 212 
236 216 
232 208 
632 236 
236 216 
236 208 
236 232 
232 228 
236 208 
236 208 
228 268 
352 228 
228 500 
240 264 
236 212 
236 208 
236 204 
228 212 
236 212 
240 208 
216 236 
232 212 
236 236 
232 220 
232 208 
240 236 
236 208 
240 212 
236 232 
208 212 
228 240 
236 216 
232 1028 
240 212 
236 220 
232 208 
236 224 
236 208 
236 236 
232 212 
232 236 
236 208 
232 212 
244 212 
240 220 
232 204 
236 260 
228 208 
232 212 
240 212 
232 208 
232 212 
236 208 
236 236 
232 212 
232 208 
240 256 
236 216 
44 44 
236 212 
228 212 
236 220 
232 208 
236 236 
236 216 
232 216 
232 208 
236 216 
232 236 
228 208 
232 212 
288 208 
236 216 
232 212 
232 228 
240 212 
232 220 
232 152 
40 224 
232 208 
216 220 
240 248 
236 208 
236 216 
232 208 
228 212 
232 212 
232 208 
236 216 
416 236 
360 208 
236 236 
232 216 
236 224 
236 212 
236 208 
236 268 
236 220 
648 236 
864 212 
240 212 
228 232 
228 224 
236 268 
232 208 
228 216 
212 212 
240 492 
236 56 
236 220 
236 228 
232 212 
232 212 
236 224 
240 208 
212 240 
236 904 
232 212 
228 208 
240 212 
236 212 
240 212 
232 216 
232 248 
216 216 
236 216 
232 240 
228 232 
232 212 
232 208 
236 212 
236 220 
228 208 
232 212 
240 236 
236 212 
232 312 
240 236 
276 212 
232 208 
240 236 
232 220 
236 236 
232 208 
236 236 
240 208 
236 232 
236 212 
336 204 
720 208 
236 208 
232 252 
232 208 
232 216 
232 236 
232 228 
232 216 
236 212 
232 208 
228 220 
236 220 
232 212 
236 220 
236 232 
232 240 
232 208 
232 208 
236 240 
232 212 
232 236 
236 212 
232 208 
240 236 
236 212 
232 240 
212 208 
316 208 
232 236 
236 376 
240 236 
236 212 
232 212 
240 216 
688 240 
440 212 
228 212 
236 208 
232 208 
236 232 
236 212 
232 212 
236 236 
236 212 
664 216 
236 212 
240 208 
236 208 
240 212 
240 268 
232 212 
232 212 
216 236 
236 512 
236 236 
324 212 
236 208 
236 204 
228 224 
236 208 
236 224 
212 224 
236 212 
236 236 
236 208 
232 208 
232 248 
236 216 
232 236 
236 212 
232 212 
236 232 
236 212 
236 220 
412 212 
236 220 
232 212 
240 252 
228 212 
232 212 
236 216 
228 216 
232 208 
228 212 
232 204 
240 216 
236 208 
232 236 
232 220 
236 252 
236 240 
244 216 
232 216 
232 216 
236 212 
228 208 
280 216 
240 212 
244 208 
236 212 
228 212 
232 224 
232 208 
228 248 
240 236 
236 212 
236 224 
232 208 
228 208 
236 216 
236 236 
232 212 
236 220 
232 212 
232 212 
240 228 
232 208 
236 256 
576 212 
236 212 
236 212 
208 216 
236 236 
236 212 
228 208 
232 216 
240 208 
232 220 
232 208 
236 240 
348 216 
236 212 
236 216 
236 220 
232 208 
236 240 
236 212 
236 220 
228 216 
692 208 
232 212 
236 236 
236 208 
228 208 
236 236 
232 212 
228 216 
208 208 
232 536 
236 216 
236 240 
232 212 
228 212 
236 232 
232 216 
240 212 
204 208 
228 220 
236 208 
236 212 
228 216 
236 216 
232 216 
236 216 
236 240 
232 216 
232 212 
232 212 
232 244 
232 236 
232 208 
236 208 
236 240 
236 216 
240 216 
232 236 
240 212 
228 236 
232 212 
232 216 
240 208 
232 212 
240 236 
232 208 
232 228 
232 212 
232 208 
260 216 
236 236 
232 208 
236 216 
232 204 
232 256 
40 44 
236 216 
236 212 
240 216 
232 204 
232 236 
236 212 
236 220 
236 212 
768 240 
236 216 
232 216 
228 208 
236 236 
232 212 
244 228 
236 212 
228 208 
228 256 
232 248 
240 236 
232 212 
232 228 
236 212 
232 212 
236 212 
232 240 
232 224 
228 208 
44 48 
236 216 
236 272 
472 208 
232 212 
232 232 
240 220 
232 212 
232 260 
236 212 
232 212 
236 212 
716 208 
216 208 
236 232 
236 212 
240 212 
232 216 
236 212 
236 236 
208 204 
232 576 
228 248 
244 212 
232 216 
240 212 
232 208 
236 172 
236 212 
208 208 
232 684 
236 208 
236 256 
240 208 
228 216 
236 220 
232 212 
236 208 
228 208 
236 212 
232 208 
236 268 
236 212 
236 208 
232 212 
236 240 
232 236 
428 208 
240 236 
232 240 
236 208 
232 216 
236 224 
232 208 
236 220 
228 236 
236 224 
240 212 
236 212 
232 216 
240 212 
236 208 
236 240 
228 208 
720 244 
232 212 
236 220 
236 208 
232 220 
228 208 
240 272 
236 212 
236 224 
232 212 
232 204 
240 212 
228 208 
232 216 
236 220 
228 212 
236 208 
240 212 
228 212 
236 264 
232 216 
236 212 
232 220 
236 212 
244 212 
264 212 
232 208 
236 236 
228 208 
228 212 
236 236 
240 220 
232 256 
236 208 
504 208 
236 208 
236 264 
240 212 
228 212 
228 216 
232 212 
236 260 
404 208 
752 224 
232 216 
236 236 
228 212 
228 212 
236 224 
236 212 
232 212 
216 204 
232 580 
232 212 
236 216 
236 236 
232 204 
232 216 
236 212 
236 240 
216 216 
232 248 
236 228 
232 212 
236 228 
240 212 
232 236 
316 208 
232 216 
236 212 
232 208 
232 216 
240 236 
232 208 
228 220 
240 236 
240 208 
232 204 
232 208 
232 212 
232 212 
232 244 
240 208 
232 208 
236 216 
232 212 
236 208 
232 220 
232 212 
228 276 
232 208 
236 240 
232 208 
228 208 
232 244 
236 212 
236 236 
236 208 
232 208 
232 220 
236 208 
220 236 
244 216 
236 216 
232 212 
232 220 
228 212 
232 236 
236 216 
232 216 
224 220 
240 236 
232 216 
232 216 
236 216 
236 256 
232 216 
240 232 
236 236 
236 216 
280 208 
240 244 
228 212 
228 224 
236 212 
228 212 
236 212 
232 212 
232 236 
504 220 
236 248 
232 212 
236 216 
232 208 
236 264 
232 280 
236 212 
236 208 
752 216 
228 208 
228 220 
236 208 
228 212 
236 268 
232 212 
240 232 
212 212 
276 580 
236 208 
236 208 
236 256 
436 248 
232 212 
236 208 
236 204 
208 228 
232 236 
232 212 
248 256 
236 212 
240 212 
232 212 
236 212 
236 208 
240 236 
232 212 
232 216 
236 212 
240 212 
240 236 
232 216 
232 208 
232 236 
236 236 
228 212 
232 208 
240 240 
232 212 
232 248 
240 208 
232 236 
236 216 
236 212 
236 256 
240 216 
232 208 
232 216 
256 248 
232 212 
228 216 
240 240 
232 264 
236 212 
232 204 
240 228 
232 216 
240 216 
236 220 
240 212 
232 216 
236 204 
244 1268 
232 212 
232 212 
232 224 
232 208 
240 216 
236 212 
240 244 
232 208 
236 216 
232 204 
236 212 
236 216 
232 216 
292 212 
232 172 
44 212 
236 208 
232 208 
232 216 
232 212 
240 216 
232 216 
548 212 
252 220 
232 228 
232 216 
228 220 
224 212 
236 212 
228 208 
232 252 
752 232 
228 208 
244 240 
236 212 
268 260 
236 240 
232 212 
232 216 
216 208 
236 636 
236 236 
40 44 
232 216 
232 212 
232 216 
232 220 
244 216 
216 212 
236 212 
232 260 
252 208 
240 220 
232 208 
240 212 
236 212 
232 208 
236 212 
240 212 
232 212 
240 236 
232 216 
236 52 
232 240 
236 212 
236 236 
232 216 
236 212 
236 212 
228 248 
240 204 
236 216 
240 212 
232 216 
232 236 
232 212 
236 212 
236 208 
228 208 
240 240 
236 208 
232 220 
248 236 
232 204 
232 268 
232 228 
240 212 
236 212 
232 240 
232 212 
228 212 
232 220 
236 208 
236 236 
232 204 
236 212 
232 208 
236 272 
228 220 
232 208 
228 212 
240 236 
280 216 
236 212 
232 264 
236 208 
232 212 
232 216 
316 212 
240 216 
232 236 
236 208 
236 236 
232 208 
244 212 
236 220 
968 232 
520 216 
236 252 
236 212 
232 212 
236 252 
236 212 
232 208 
240 216 
232 208 
232 420 
232 236 
232 216 
236 224 
232 232 
232 208 
236 236 
236 212 
212 208 
232 628 
228 212 
232 212 
236 208 
236 240 
244 212 
236 240 
236 240 
212 220 
236 208 
224 244 
236 216 
232 208 
236 212 
236 244 
248 824 
236 240 
232 212 
232 236 
236 208 
236 208 
248 252 
236 212 
236 260 
240 208 
236 212 
232 212 
232 260 
240 236 
232 208 
232 216 
232 216 
236 1200 
236 212 
236 240 
236 208 
232 212 
236 236 
236 236 
232 216 
232 212 
236 216 
232 212 
232 212 
236 256 
232 208 
240 236 
236 208 
244 208 
232 208 
232 216 
236 216 
232 220 
232 236 
232 212 
228 232 
236 236 
228 208 
236 212 
236 236 
232 208 
232 244 
236 236 
232 208 
236 232 
232 208 
232 208 
228 208 
324 212 
236 212 
232 220 
236 236 
232 216 
236 212 
240 212 
240 204 
240 220 
588 236 
232 212 
236 208 
236 228 
232 212 
232 208 
232 208 
232 208 
236 264 
252 404 
236 236 
228 212 
236 208 
236 236 
236 212 
232 216 
240 212 
212 212 
224 672 
236 228 
236 240 
228 204 
380 220 
240 204 
236 260 
236 212 
208 212 
240 232 
228 208 
232 272 
232 204 
232 216 
236 216 
232 208 
236 232 
236 208 
232 212 
236 220 
228 232 
240 264 
236 212 
228 216 
240 212 
232 204 
232 260 
240 212 
236 212 
340 208 
232 204 
236 244 
240 220 
232 212 
228 244 
236 208 
232 212 
232 232 
232 208 
232 216 
232 216 
236 240 
240 284 
232 236 
236 240 
232 216 
264 216 
236 204 
236 240 
240 216 
236 232 
236 224 
232 208 
252 252 
240 208 
228 216 
236 240 
232 208 
232 212 
236 240 
232 212 
232 212 
240 208 
232 236 
236 212 
232 212 
240 236 
236 228 
344 220 
236 236 
232 204 
236 212 
232 236 
236 236 
232 216 
232 248 
228 208 
608 236 
280 216 
240 212 
232 212 
232 212 
248 216 
232 208 
228 216 
132 48 
236 432 
236 212 
1180 244 
232 208 
236 240 
232 212 
228 216 
236 216 
212 204 
236 604 
232 212 
244 236 
228 208 
236 232 
240 212 
232 212 
236 216 
212 268 
236 212 
228 208 
236 216 
236 252 
228 208 
232 224 
244 252 
232 212 
232 212 
44 44 
236 216 
236 208 
232 212 
236 212 
232 212 
232 240 
232 204 
232 216 
232 208 
232 228 
240 208 
232 236 
236 208 
232 216 
236 220 
232 212 
256 220 
236 220 
236 236 
0 0 
0 0 
228 196 
232 232 
240 228 
232 208 
224 208 
232 236 
228 204 
232 212 
236 236 
232 208 
232 244 
236 216 
232 44 
236 244 
236 216 
232 216 
228 212 
232 236 
232 212 
232 204 
780 208 
232 212 
232 236 
232 208 
232 212 
232 236 
232 204 
236 260 
368 260 
232 252 
236 264 
232 212 
236 216 
236 236 
236 208 
240 216 
236 212 
1560 236 
236 208 
224 212 
236 212 
236 208 
236 228 
236 212 
232 208 
272 212 
236 484 
228 212 
240 232 
228 208 
236 216 
240 204 
228 212 
232 212 
208 212 
240 704 
236 216 
232 220 
224 212 
232 216 
232 216 
236 232 
236 224 
208 208 
240 220 
240 212 
236 212 
236 236 
228 220 
236 236 
792 216 
232 212 
232 224 
240 216 
228 208 
232 236 
228 232 
228 232 
240 204 
232 204 
232 212 
232 212 
236 252 
236 240 
232 216 
236 216 
232 216 
232 216 
236 216 
232 228 
228 208 
236 216 
232 252 
236 212 
232 208 
236 208 
236 264 
236 208 
232 264 
236 268 
228 212 
228 216 
236 208 
232 204 
760 208 
236 208 
236 208 
232 264 
240 236 
232 236 
236 208 
232 212 
232 236 
248 216 
232 208 
236 240 
232 212 
236 220 
236 208 
236 252 
228 284 
232 208 
236 236 
380 220 
240 216 
232 236 
236 212 
228 232 
232 204 
232 212 
232 212 
240 208 
620 212 
236 204 
232 236 
228 208 
236 236 
236 208 
232 228 
232 216 
208 208 
232 472 
232 208 
236 216 
236 232 
236 208 
236 212 
236 220 
236 356 
216 252 
240 720 
232 208 
236 264 
292 208 
236 212 
232 240 
236 236 
228 236 
212 272 
232 204 
228 212 
232 208 
228 204 
236 208 
228 224 
232 208 
232 240 
236 216 
236 236 
228 212 
248 216 
236 212 
236 220 
232 212 
228 208 
236 252 
232 212 
236 212 
232 208 
236 236 
232 208 
232 208 
232 236 
240 216 
232 208 
236 236 
236 236 
228 212 
488 220 
232 220 
240 212 
236 208 
236 232 
236 208 
236 232 
236 216 
236 264 
236 208 
232 208 
232 212 
240 212 
232 212 
240 216 
232 208 
232 204 
240 212 
228 212 
236 212 
232 208 
224 236 
236 212 
232 216 
236 208 
232 216 
232 212 
236 232 
232 216 
236 216 
404 224 
232 212 
240 240 
232 224 
232 212 
232 224 
232 212 
228 216 
240 220 
644 216 
236 268 
256 208 
232 208 
228 216 
240 264 
240 204 
236 212 
216 220 
240 460 
232 212 
232 212 
236 216 
232 212 
232 204 
232 216 
232 212 
212 212 
240 212 
236 268 
232 208 
236 208 
236 236 
232 212 
240 208 
232 204 
220 260 
240 208 
236 216 
240 208 
236 220 
232 212 
48 44 
236 212 
232 212 
236 208 
236 240 
228 212 
232 244 
228 212 
276 208 
232 220 
240 236 
232 212 
236 212 
744 236 
236 212 
296 212 
236 212 
232 212 
236 212 
236 216 
232 224 
236 236 
232 208 
244 216 
236 220 
236 208 
232 268 
236 224 
44 48 
236 208 
236 208 
236 212 
240 260 
236 208 
232 208 
236 264 
236 212 
232 208 
232 236 
236 232 
232 204 
236 220 
236 220 
236 212 
232 256 
224 208 
236 216 
236 212 
236 216 
232 212 
232 240 
232 208 
232 248 
236 208 
460 216 
232 264 
236 44 
236 208 
232 212 
232 208 
236 216 
236 232 
232 204 
664 212 
232 208 
232 220 
232 208 
236 216 
312 212 
236 216 
232 224 
212 212 
228 528 
232 264 
232 208 
232 236 
232 208 
232 228 
232 212 
228 228 
216 212 
232 208 
236 264 
240 212 
236 204 
236 212 
232 220 
236 208 
228 208 
228 232 
240 204 
228 216 
240 212 
232 236 
240 212 
232 208 
236 212 
640 212 
240 212 
240 212 
228 216 
236 232 
232 216 
236 204 
232 212 
232 212 
232 232 
236 236 
232 212 
236 268 
240 212 
232 220 
228 232 
236 236 
228 216 
240 240 
232 208 
236 212 
232 216 
232 208 
232 236 
264 216 
232 236 
232 224 
236 208 
232 220 
240 240 
236 208 
232 216 
236 236 
236 212 
240 216 
228 212 
236 216 
236 212 
228 220 
232 236 
232 208 
236 240 
236 208 
228 216 
228 212 
240 216 
236 212 
240 236 
236 212 
232 220 
236 224 
236 216 
468 248 
232 216 
236 216 
228 208 
236 216 
236 212 
232 208 
236 244 
240 220 
664 236 
236 216 
236 240 
232 208 
236 216 
228 208 
220 208 
232 224 
216 208 
236 568 
236 236 
240 212 
248 220 
232 208 
236 216 
292 216 
236 236 
212 212 
232 236 
232 212 
232 212 
236 264 
228 212 
228 208 
236 228 
232 212 
220 212 
232 204 
236 240 
240 240 
232 212 
240 216 
232 208 
236 216 
236 236 
228 208 
228 228 
232 208 
232 212 
232 236 
236 216 
236 236 
236 212 
236 392 
236 208 
232 212 
236 260 
232 212 
228 248 
236 208 
232 260 
236 216 
232 208 
236 216 
232 212 
232 212 
232 320 
232 212 
236 212 
232 232 
236 212 
236 208 
228 216 
240 216 
228 208 
236 232 
228 212 
232 208 
240 228 
236 208 
240 216 
236 228 
236 208 
236 212 
240 208 
232 232 
236 216 
240 220 
240 212 
236 236 
228 208 
228 212 
240 264 
228 212 
236 228 
244 208 
468 244 
236 236 
232 228 
236 240 
396 208 
236 224 
232 204 
232 212 
236 240 
720 236 
228 212 
240 216 
228 204 
236 240 
232 212 
240 212 
232 216 
208 216 
232 544 
240 216 
232 236 
232 240 
340 220 
232 212 
240 228 
236 208 
212 212 
236 236 
236 208 
232 216 
240 212 
240 216 
240 208 
228 212 
240 252 
232 208 
236 232 
236 220 
236 212 
236 240 
232 212 
228 208 
232 244 
232 216 
232 232 
236 212 
232 212 
232 232 
236 268 
232 228 
252 212 
240 208 
232 272 
236 216 
236 1004 
236 236 
232 212 
44 40 
232 208 
236 208 
236 228 
240 208 
232 212 
232 220 
232 208 
240 228 
236 360 
232 208 
232 212 
240 216 
236 264 
232 208 
240 252 
236 212 
240 212 
236 236 
232 212 
240 224 
236 212 
236 212 
236 204 
244 256 
244 212 
232 212 
232 240 
44 44 
232 240 
232 216 
252 220 
236 204 
232 212 
236 228 
228 240 
232 216 
236 208 
484 212 
236 220 
236 208 
228 212 
240 232 
232 212 
236 244 
232 216 
236 216 
344 52 
236 216 
236 208 
232 212 
236 240 
236 208 
232 216 
236 216 
212 216 
248 592 
228 212 
232 216 
228 224 
236 236 
236 212 
228 208 
232 212 
228 208 
240 216 
240 208 
224 216 
236 208 
244 220 
236 208 
236 212 
228 260 
240 212 
232 216 
236 216 
240 236 
236 216 
232 252 
228 248 
240 204 
232 332 
232 208 
236 236 
232 232 
244 212 
236 220 
576 208 
232 212 
236 220 
232 212 
228 240 
236 216 
236 208 
240 236 
232 212 
232 220 
232 236 
252 236 
228 216 
236 232 
228 212 
232 212 
240 208 
232 216 
240 212 
236 224 
232 208 
232 240 
232 212 
236 212 
236 260 
236 216 
232 212 
324 264 
232 260 
232 212 
228 208 
236 220 
232 208 
228 216 
236 228 
268 212 
232 216 
272 212 
240 216 
236 224 
232 204 
232 240 
236 212 
236 236 
240 256 
228 216 
504 236 
240 220 
228 208 
228 212 
236 216 
228 212 
256 216 
244 212 
420 204 
232 392 
244 268 
244 208 
240 208 
228 252 
236 264 
1080 216 
232 212 
216 248 
236 588 
232 236 
240 220 
232 236 
236 212 
276 212 
236 216 
232 208 
208 256 
236 208 
228 208 
236 212 
236 212 
236 260 
236 1196 
232 212 
236 228 
236 216 
232 220 
236 220 
232 208 
228 216 
236 212 
236 232 
232 208 
232 212 
236 212 
232 204 
232 236 
268 208 
236 236 
240 212 
232 212 
228 216 
240 208 
236 208 
236 240 
236 212 
236 208 
264 212 
236 220 
232 348 
240 236 
232 216 
232 212 
240 212 
232 208 
236 240 
228 232 
232 208 
236 216 
236 216 
228 220 
236 224 
236 212 
240 208 
236 212 
236 216 
232 212 
236 268 
236 220 
236 216 
232 204 
244 216 
240 212 
236 232 
228 208 
236 220 
312 212 
232 208 
232 204 
272 208 
236 208 
232 212 
232 240 
236 208 
236 212 
524 236 
236 212 
228 216 
236 212 
932 240 
236 236 
236 212 
236 212 
232 228 
232 372 
228 212 
232 208 
232 232 
240 208 
236 204 
232 232 
232 216 
208 220 
228 624 
228 216 
232 212 
228 216 
240 220 
232 208 
232 240 
240 212 
208 216 
236 212 
236 212 
232 260 
232 216 
232 204 
236 236 
236 216 
228 220 
240 220 
236 216 
236 228 
228 208 
228 208 
236 236 
232 260 
236 268 
236 208 
240 208 
232 208 
232 212 
224 240 
232 236 
236 212 
232 212 
236 236 
236 212 
232 220 
44 44 
236 208 
232 208 
240 212 
228 264 
236 212 
236 220 
244 232 
228 212 
232 236 
232 208 
236 240 
232 216 
236 212 
228 240 
256 212 
236 268 
240 236 
232 212 
240 244 
232 208 
224 248 
232 212 
232 208 
236 240 
236 212 
228 212 
240 224 
236 44 
236 48 
236 212 
264 212 
292 208 
232 240 
1132 236 
232 212 
232 212 
240 212 
232 212 
240 232 
232 216 
540 216 
236 236 
232 212 
236 236 
240 208 
236 212 
236 240 
232 232 
240 248 
236 476 
232 208 
228 224 
236 212 
236 212 
236 240 
236 216 
232 212 
208 44 
232 660 
236 212 
236 216 
232 212 
232 232 
236 224 
236 204 
240 236 
276 216 
236 212 
236 208 
232 212 
236 232 
236 208 
240 208 
236 224 
232 212 
228 208 
232 212 
232 212 
228 204 
232 208 
232 216 
236 240 
236 208 
236 240 
232 212 
240 208 
232 208 
232 208 
232 212 
236 220 
232 212 
268 216 
232 212 
232 216 
232 216 
228 212 
236 236 
240 216 
236 208 
232 224 
584 240 
236 208 
240 204 
232 232 
232 208 
232 212 
240 216 
232 212 
232 212 
240 236 
228 208 
228 216 
232 208 
236 260 
232 216 
232 212 
236 212 
1036 220 
240 216 
232 204 
236 236 
236 212 
240 236 
236 212 
236 208 
232 212 
324 212 
232 212 
228 212 
232 256 
236 208 
236 264 
236 236 
240 208 
216 268 
580 208 
232 212 
236 232 
236 212 
240 236 
380 232 
232 212 
236 236 
236 232 
232 436 
232 212 
236 240 
232 216 
228 244 
232 220 
664 212 
236 248 
212 216 
232 684 
236 240 
240 216 
232 220 
232 208 
276 216 
236 216 
236 236 
212 204 
232 212 
236 212 
236 240 
232 208 
240 220 
232 244 
336 212 
228 208 
236 212 
232 224 
236 208 
236 212 
232 220 
232 204 
236 236 
232 208 
240 216 
232 216 
240 236 
228 208 
236 212 
240 216 
616 212 
236 212 
236 208 
232 232 
240 212 
236 232 
228 212 
240 212 
232 208 
236 240 
232 208 
232 212 
236 240 
232 212 
236 212 
232 208 
232 260 
232 224 
232 212 
236 212 
240 212 
236 260 
232 208 
244 212 
236 212 
232 212 
228 212 
232 264 
236 224 
232 208 
236 220 
236 212 
232 208 
240 236 
236 220 
232 216 
232 208 
364 220 
236 212 
240 212 
236 208 
236 248 
228 216 
236 208 
268 212 
236 212 
620 208 
236 212 
236 212 
236 236 
236 208 
236 224 
228 204 
232 204 
212 236 
232 440 
236 232 
236 212 
232 212 
236 224 
232 212 
236 208 
232 216 
212 208 
236 660 
232 220 
232 204 
232 232 
232 208 
228 212 
236 240 
232 204 
212 212 
228 284 
236 236 
232 212 
232 236 
236 216 
232 208 
232 224 
236 252 
236 236 
232 208 
236 216 
536 208 
236 212 
236 216 
232 212 
236 212 
236 220 
232 248 
236 208 
236 208 
236 212 
232 208 
236 244 
232 212 
232 252 
236 228 
232 216 
232 212 
236 216 
232 208 
232 208 
236 208 
236 212 
240 216 
228 216 
236 240 
252 220 
236 236 
276 212 
232 216 
236 236 
236 208 
232 236 
236 208 
232 216 
240 212 
232 208 
236 240 
232 212 
228 220 
232 220 
236 212 
240 252 
232 236 
44 212 
236 208 
236 232 
236 208 
232 208 
392 216 
232 208 
232 208 
236 216 
236 216 
236 212 
232 208 
292 220 
236 212 
616 216 
228 212 
236 224 
236 208 
232 232 
232 212 
232 216 
232 220 
216 208 
232 452 
240 236 
236 204 
236 208 
232 208 
48 48 
228 212 
232 220 
216 236 
228 704 
276 212 
232 220 
232 212 
236 220 
236 280 
236 240 
232 212 
216 240 
600 240 
236 220 
236 212 
232 232 
236 212 
228 220 
232 208 
236 208 
240 240 
232 208 
236 212 
236 216 
236 208 
240 220 
236 44 
236 212 
236 212 
236 236 
232 208 
232 212 
236 236 
232 212 
236 256 
236 224 
232 216 
236 212 
236 208 
236 216 
232 216 
236 216 
232 208 
232 240 
232 208 
232 212 
228 244 
228 216 
232 212 
232 228 
232 208 
232 216 
232 208 
236 220 
232 220 
232 212 
240 220 
228 236 
228 208 
240 208 
232 208 
232 208 
240 236 
232 208 
236 216 
232 236 
232 208 
232 216 
228 224 
228 204 
232 248 
412 244 
232 212 
232 212 
228 216 
240 208 
232 208 
232 220 
236 220 
400 204 
632 212 
232 204 
244 232 
236 240 
232 208 
228 208 
236 212 
228 212 
212 236 
236 488 
232 216 
236 236 
240 236 
236 224 
232 252 
236 212 
848 204 
208 208 
236 688 
240 240 
236 208 
228 228 
236 216 
228 244 
232 300 
236 216 
216 212 
228 216 
236 236 
232 208 
232 208 
240 236 
228 228 
232 212 
240 212 
232 212 
232 236 
232 216 
236 236 
240 208 
232 216 
240 216 
228 208 
232 216 
236 228 
228 208 
228 216 
232 208 
232 212 
236 340 
260 236 
228 220 
240 220 
228 212 
228 264 
232 212 
248 212 
236 232 
232 212 
232 216 
236 216 
236 236 
252 212 
236 264 
232 208 
228 216 
240 216 
244 260 
236 212 
240 216 
228 236 
240 216 
232 212 
232 208 
236 260 
236 212 
232 216 
220 208 
232 212 
236 204 
232 208 
236 224 
236 264 
208 216 
236 224 
236 224 
404 240 
232 260 
236 216 
236 220 
232 236 
240 212 
236 212 
228 216 
232 236 
648 208 
228 216 
236 220 
240 212 
236 1060 
236 212 
236 212 
228 224 
216 216 
228 536 
228 216 
236 300 
232 212 
236 216 
240 236 
232 212 
240 204 
212 240 
236 212 
232 212 
236 240 
228 208 
236 216 
236 220 
236 212 
236 212 
216 208 
232 236 
228 212 
236 228 
240 212 
232 212 
236 212 
232 208 
236 212 
232 208 
236 208 
232 240 
232 984 
264 208 
236 212 
232 208 
236 208 
228 208 
232 232 
236 212 
240 216 
236 236 
236 212 
232 212 
236 236 
236 220 
244 216 
240 212 
236 232 
232 208 
232 236 
236 208 
236 232 
236 220 
236 232 
240 216 
236 212 
232 208 
228 212 
236 236 
228 204 
236 216 
232 208 
240 216 
236 208 
232 212 
192 212 
232 208 
236 212 
240 212 
228 212 
224 232 
236 208 
232 208 
232 236 
236 208 
236 204 
232 216 
236 264 
232 208 
460 212 
236 212 
232 208 
240 212 
232 236 
308 240 
236 216 
232 220 
236 216 
680 208 
236 232 
228 216 
48 44 
236 208 
228 204 
232 208 
236 220 
208 212 
232 500 
236 212 
260 236 
236 216 
240 236 
236 212 
240 212 
232 232 
212 216 
228 216 
240 220 
232 208 
236 236 
88 48 
236 224 
232 216 
236 216 
212 208 
232 952 
236 220 
240 208 
236 208 
236 236 
232 212 
232 212 
232 212 
228 272 
236 216 
232 208 
232 212 
232 208 
236 216 
232 212 
232 212 
232 224 
240 264 
228 212 
228 212 
236 212 
232 248 
236 236 
236 212 
232 44 
228 216 
236 220 
236 204 
232 212 
236 212 
236 212 
232 240 
232 212 
236 224 
236 240 
236 204 
232 216 
228 216 
232 208 
228 240 
236 208 
236 216 
232 212 
236 212 
404 236 
236 240 
236 328 
236 236 
232 208 
232 268 
216 212 
232 212 
224 216 
236 260 
240 232 
236 236 
244 212 
232 212 
228 220 
428 220 
228 272 
236 236 
232 212 
232 212 
236 212 
232 212 
240 208 
216 216 
708 212 
236 260 
236 208 
228 212 
240 224 
236 232 
240 216 
236 236 
208 208 
228 576 
232 236 
232 212 
232 224 
236 208 
232 212 
228 216 
236 748 
208 220 
236 212 
232 212 
232 260 
232 212 
228 212 
236 236 
232 212 
236 212 
240 212 
232 208 
232 232 
244 212 
236 212 
236 224 
228 212 
236 216 
236 212 
240 236 
240 220 
236 216 
236 212 
240 208 
236 236 
228 212 
240 220 
236 224 
232 208 
236 232 
232 208 
240 212 
228 212 
880 212 
232 244 
232 236 
232 212 
228 212 
232 204 
228 216 
240 212 
228 220 
232 212 
236 208 
236 236 
236 212 
228 212 
232 208 
236 208 
324 220 
240 212 
344 220 
232 212 
236 220 
240 212 
236 204 
236 208 
232 248 
232 216 
228 216 
240 212 
228 216 
236 252 
236 212 
232 212 
232 212 
232 216 
1136 212 
232 212 
240 220 
460 224 
232 216 
236 212 
236 232 
236 240 
236 216 
232 212 
236 240 
236 208 
728 212 
236 216 
236 236 
232 216 
232 236 
232 956 
236 212 
236 240 
212 208 
236 564 
232 212 
260 240 
236 212 
236 212 
236 236 
236 216 
232 216 
212 212 
228 216 
236 208 
232 208 
236 236 
232 244 
236 236 
240 208 
236 208 
240 264 
232 212 
240 216 
236 240 
232 212 
232 208 
244 212 
232 208 
232 216 
232 208 
236 236 
236 220 
236 236 
232 212 
240 220 
228 212 
304 212 
252 208 
236 236 
236 208 
232 212 
228 208 
232 212 
232 220 
228 212 
232 220 
236 224 
232 236 
236 216 
232 212 
236 208 
228 208 
240 240 
236 212 
244 216 
232 208 
228 208 
236 236 
260 216 
236 208 
240 264 
240 212 
236 208 
236 212 
232 208 
228 216 
892 212 
244 252 
240 212 
236 236 
236 212 
272 208 
232 268 
236 220 
228 212 
232 208 
228 220 
232 208 
228 216 
232 236 
484 212 
236 208 
236 232 
228 208 
232 212 
236 236 
232 216 
232 240 
240 212 
744 236 
232 208 
236 252 
232 212 
228 212 
236 208 
236 208 
236 228 
224 208 
228 616 
236 236 
236 240 
232 216 
240 220 
240 212 
44 172 
236 212 
216 212 
236 216 
248 208 
228 232 
236 236 
228 212 
260 216 
236 216 
236 236 
232 212 
236 216 
240 220 
236 216 
236 212 
236 208 
232 208 
228 216 
232 216 
236 264 
236 256 
236 212 
228 236 
236 264 
232 212 
240 256 
236 216 
48 48 
240 212 
232 244 
236 212 
232 208 
228 220 
236 268 
232 204 
240 232 
232 212 
236 236 
232 212 
232 216 
232 220 
236 256 
236 212 
228 216 
236 216 
1072 232 
236 220 
232 216 
236 260 
232 212 
236 232 
232 212 
232 212 
240 256 
232 212 
228 48 
232 208 
228 216 
232 260 
232 212 
236 216 
280 216 
236 244 
240 208 
252 212 
228 220 
236 216 
236 240 
240 224 
236 216 
524 220 
236 212 
232 212 
236 212 
236 212 
260 220 
228 208 
240 208 
320 216 
236 560 
240 240 
236 212 
232 212 
240 236 
236 208 
252 212 
236 216 
212 212 
232 632 
240 212 
236 244 
236 212 
232 212 
240 236 
228 212 
236 216 
208 220 
240 216 
236 220 
364 204 
232 216 
240 224 
232 204 
232 220 
236 208 
236 204 
228 204 
228 212 
224 208 
232 208 
236 212 
236 232 
544 216 
276 224 
240 208 
236 224 
240 232 
232 212 
232 216 
236 236 
240 212 
236 212 
236 232 
240 208 
240 216 
232 220 
236 240 
232 232 
232 212 
928 224 
232 240 
232 212 
236 248 
236 212 
236 268 
232 208 
232 220 
228 212 
240 232 
232 220 
232 240 
260 212 
232 216 
236 236 
232 232 
232 208 
212 216 
236 212 
232 256 
236 212 
224 212 
236 236 
232 212 
232 216 
232 212 
224 244 
292 220 
236 208 
232 212 
232 212 
232 208 
240 236 
308 204 
232 236 
232 208 
528 204 
236 232 
232 212 
236 220 
236 212 
228 216 
236 236 
236 240 
0 0 
748 236 
192 232 
228 228 
232 228 
232 236 
232 192 
236 232 
228 232 
208 228 
232 644 
228 208 
232 232 
196 228 
200 196 
232 232 
208 228 
228 232 
212 208 
228 196 
192 232 
228 232 
296 228 
340 188 
236 208 
188 228 
228 228 
192 232 
232 236 
236 228 
228 232 
232 228 
232 232 
232 236 
232 228 
228 232 
228 208 
228 236 
228 228 
228 228 
232 224 
228 232 
228 212 
228 228 
232 216 
228 232 
232 232 
232 216 
232 228 
228 228 
232 232 
232 232 
232 232 
232 232 
228 208 
208 224 
256 228 
212 232 
232 232 
228 232 
232 228 
232 232 
236 232 
216 232 
228 232 
228 228 
228 228 
240 220 
0 0 
0 0 
0 0 
0 0 
0 0 
0 0 
0 0 
0 0 
0 0 
0 0 
0 0 
0 0 
0 0 
0 0 
0 0 
0 0 
0 0 
0 0 
0 0 
0 0 
0 0 
228 232 
212 232 
232 232 
216 216 
204 236 
208 188 
232 212 
216 228 
236 212 
196 184 
232 208 
228 244 
232 232 
208 236 
228 228 
232 232 
228 668 
228 236 
244 232 
232 232 
228 228 
228 232 
232 232 
232 228 
208 208 
232 232 
232 232 
228 232 
232 228 
236 232 
188 232 
236 232 
232 232 
232 208 
232 232 
228 228 
228 232 
228 212 
232 228 
232 232 
232 232 
236 228 
228 224 
232 212 
228 232 
236 228 
232 232 
228 192 
228 232 
232 232 
228 232 
228 232 
232 228 
228 232 
232 228 
232 228 
228 192 
232 232 
228 232 
192 192 
192 228 
204 216 
232 232 
236 232 
232 236 
228 232 
240 232 
228 232 
228 228 
192 236 
232 228 
232 228 
240 236 
228 232 
232 232 
688 232 
232 228 
228 236 
236 232 
232 228 
232 232 
232 232 
232 228 
232 224 
196 228 
232 232 
232 228 
236 208 
228 228 
228 228 
232 228 
232 228 
244 236 
572 232 
232 228 
232 228 
232 228 
232 224 
232 228 
232 228 
228 228 
220 236 
472 232 
232 232 
232 208 
232 228 
228 236 
228 232 
232 236 
228 232 
208 208 
232 184 
228 228 
200 232 
232 228 
232 228 
236 188 
232 228 
232 228 
212 208 
232 232 
228 228 
228 228 
236 232 
232 232 
228 232 
232 236 
232 232 
232 208 
228 232 
232 232 
232 228 
228 232 
232 240 
228 196 
232 228 
192 228 
228 240 
232 232 
232 232 
232 228 
232 224 
232 228 
232 232 
232 232 
236 232 
188 236 
228 236 
232 228 
208 232 
232 240 
65535 216 
0 0 
0 0 
0 0 
0 0 
0 0 
0 0 
0 0 
0 0 
0 0 
0 0 
0 0 
0 0 
0 0 
0 0 
232 208 
232 256 
240 208 
568 212 
240 220 
236 212 
232 216 
236 260 
236 212 
228 212 
236 232 
236 224 
228 204 
368 212 
232 212 
232 212 
240 236 
236 212 
232 212 
236 240 
560 212 
232 212 
604 216 
232 236 
256 208 
232 212 
232 212 
256 212 
236 220 
236 208 
224 248 
232 456 
236 260 
364 256 
236 236 
232 208 
236 224 
236 212 
228 220 
212 240 
228 692 
232 236 
268 212 
232 208 
240 212 
240 240 
232 212 
240 212 
248 212 
236 260 
228 208 
236 212 
232 212 
240 872 
236 208 
232 212 
236 240 
236 212 
232 212 
236 236 
228 228 
236 212 
236 236 
236 232 
232 212 
232 208 
236 236 
240 260 
232 248 
236 216 
244 240 
236 216 
236 216 
236 208 
228 220 
236 264 
236 212 
232 208 
232 216 
232 208 
236 236 
236 208 
240 236 
248 212 
232 212 
236 212 
232 208 
228 216 
232 212 
236 224 
232 208 
232 232 
232 208 
232 220 
236 208 
232 248 
232 236 
232 208 
236 208 
236 212 
240 240 
236 208 
232 216 
236 720 
232 228 
236 232 
236 228 
236 236 
360 232 
236 216 
236 208 
236 216 
232 208 
228 216 
236 212 
236 244 
236 212 
624 212 
232 216 
232 212 
224 216 
240 240 
240 212 
236 212 
236 236 
216 232 
232 484 
232 212 
