# ./FR-trace starting at Mon Apr 20 19:03:12 2020
################# CONFIG #################
# slot=5000
# samples=10000
# threshold=100
# idle=500
# minlen=500
# runs=10000
# pdathreads=2
# nmonitored=2
#   monitor0=../apps/openssl ec2_mult.c:153 0x1e7854
#   monitor1=../apps/openssl ec2_mult.c:161 0x1e789c
# nevicted=0
# npdatargets=2
#   target0=../apps/openssl bn_gf2m.c:412 0x20bd10
#   target1=../apps/openssl bn_gf2m.c:412+64 0x20bd50
# affinity=all
############## SYSTEM INFO ###############
# mastik_version=
# sysname=Linux
# nodename=lovelace
# release=5.3.7-arch1-1-ARCH
# version=#1 SMP PREEMPT Fri Oct 18 00:17:03 UTC 2019
# machine=x86_64
################## DATA ##################
# run=3508
# datapoints=10000
44 44 
220 208 
232 208 
756 236 
236 224 
232 248 
236 224 
232 204 
236 220 
236 232 
244 212 
240 256 
260 212 
232 220 
232 216 
240 208 
240 232 
236 252 
236 204 
236 212 
236 244 
232 208 
232 208 
236 204 
236 232 
236 208 
228 308 
236 212 
140 40 
236 208 
236 232 
236 244 
240 208 
236 248 
236 252 
232 208 
252 208 
232 204 
232 236 
236 208 
240 236 
228 208 
232 208 
240 216 
228 212 
228 48 
228 204 
236 232 
240 208 
236 216 
232 208 
240 208 
236 264 
232 208 
232 204 
232 216 
240 208 
232 216 
236 208 
236 208 
228 208 
280 232 
236 208 
240 256 
236 208 
240 260 
232 208 
232 204 
236 212 
232 212 
232 208 
232 212 
232 224 
240 208 
236 212 
232 216 
236 212 
240 204 
232 212 
748 208 
232 212 
236 212 
232 216 
236 208 
232 248 
236 216 
236 232 
764 204 
232 608 
236 204 
228 208 
236 216 
232 208 
232 212 
236 236 
236 208 
212 212 
240 216 
236 208 
244 212 
232 228 
236 204 
240 208 
236 208 
236 232 
236 204 
240 220 
248 212 
236 208 
236 220 
228 204 
236 232 
240 208 
232 260 
236 216 
236 232 
236 208 
276 212 
232 204 
236 208 
236 220 
240 212 
232 204 
240 224 
240 232 
228 216 
240 216 
236 208 
236 232 
232 208 
232 212 
228 208 
236 216 
232 216 
236 208 
236 208 
236 216 
232 208 
236 208 
236 216 
232 212 
232 204 
236 204 
236 216 
232 276 
236 208 
232 264 
232 208 
236 216 
232 244 
240 228 
240 208 
240 212 
232 216 
292 208 
236 204 
328 256 
236 220 
236 240 
264 208 
236 208 
240 236 
244 212 
240 220 
236 232 
548 208 
232 212 
236 244 
228 208 
228 208 
236 208 
240 260 
236 216 
236 220 
240 400 
236 204 
240 240 
248 208 
236 244 
240 212 
232 208 
236 228 
212 212 
240 592 
236 208 
236 220 
236 236 
236 212 
220 208 
240 236 
236 208 
220 208 
236 232 
228 208 
232 208 
240 204 
240 236 
236 208 
232 208 
232 212 
240 208 
236 212 
236 204 
236 264 
236 472 
244 224 
236 236 
236 208 
236 216 
248 224 
236 236 
232 212 
232 208 
244 216 
236 236 
236 236 
240 216 
256 228 
228 208 
236 220 
244 212 
232 208 
240 208 
240 236 
236 212 
236 212 
232 208 
236 208 
236 208 
240 208 
236 208 
240 208 
240 216 
228 208 
232 212 
232 204 
236 340 
240 232 
444 212 
236 228 
232 244 
236 208 
232 212 
228 216 
236 236 
240 216 
232 236 
232 208 
232 232 
236 216 
240 268 
284 208 
236 208 
232 208 
240 228 
236 220 
232 212 
232 216 
236 204 
240 264 
556 208 
236 208 
240 248 
236 236 
244 212 
232 212 
240 208 
236 232 
232 212 
48 48 
228 208 
232 208 
236 204 
232 232 
228 212 
228 232 
240 216 
212 208 
244 644 
232 208 
232 208 
232 208 
236 236 
236 236 
232 252 
240 204 
304 212 
232 208 
232 1160 
236 204 
236 204 
240 212 
236 212 
228 208 
232 208 
236 208 
48 48 
232 208 
236 236 
240 212 
232 212 
240 212 
232 208 
236 236 
236 256 
232 204 
232 212 
232 236 
236 212 
240 208 
232 232 
236 208 
236 220 
236 208 
228 208 
236 236 
236 212 
232 212 
240 236 
264 212 
232 208 
232 216 
224 212 
240 208 
232 232 
236 40 
240 220 
232 236 
232 212 
232 208 
232 208 
232 208 
232 216 
236 212 
236 208 
240 232 
240 236 
240 212 
236 212 
240 260 
236 208 
232 208 
240 220 
236 216 
240 224 
228 208 
364 212 
240 208 
236 236 
228 212 
240 212 
244 224 
236 228 
236 212 
236 208 
232 448 
236 236 
244 208 
236 224 
236 236 
236 236 
232 212 
232 208 
216 208 
228 424 
228 208 
240 236 
240 236 
232 212 
232 212 
228 216 
232 236 
212 268 
232 676 
236 236 
236 260 
236 260 
244 208 
240 208 
236 208 
232 252 
208 212 
236 208 
240 232 
240 232 
240 232 
236 208 
232 208 
236 208 
232 232 
236 244 
244 208 
232 208 
236 212 
236 208 
232 208 
240 208 
240 232 
232 208 
232 216 
232 264 
232 212 
236 212 
236 216 
236 208 
1036 232 
240 208 
236 216 
236 220 
232 204 
232 204 
240 212 
240 216 
228 208 
244 296 
240 204 
236 212 
232 208 
240 212 
236 260 
240 212 
232 232 
232 208 
240 232 
236 208 
236 216 
236 232 
236 208 
232 204 
240 260 
240 208 
232 208 
228 208 
236 208 
240 208 
240 208 
232 208 
240 236 
236 256 
1140 232 
232 212 
364 212 
240 224 
236 228 
232 208 
236 212 
228 208 
236 212 
232 204 
232 208 
612 208 
240 212 
236 204 
236 216 
236 220 
236 208 
232 420 
240 244 
216 232 
232 440 
236 212 
240 208 
236 208 
232 208 
244 208 
240 216 
232 212 
212 216 
236 700 
236 248 
228 208 
240 208 
240 208 
232 212 
236 208 
240 208 
216 216 
236 204 
240 232 
256 208 
248 208 
232 212 
236 220 
236 232 
236 232 
232 204 
240 208 
268 208 
240 232 
232 208 
228 208 
232 236 
232 236 
252 208 
240 208 
232 212 
236 204 
236 212 
236 232 
236 256 
240 212 
240 216 
240 208 
236 224 
236 224 
236 212 
240 216 
236 212 
232 204 
236 208 
240 212 
240 232 
228 208 
232 208 
240 208 
240 208 
240 260 
240 216 
240 208 
232 208 
264 236 
236 236 
236 220 
1100 236 
240 212 
232 216 
236 208 
236 212 
236 216 
236 232 
244 256 
236 220 
232 212 
240 260 
236 224 
240 220 
400 208 
232 208 
236 212 
236 236 
232 240 
228 204 
240 212 
232 224 
244 208 
620 232 
232 232 
232 212 
236 204 
244 252 
232 212 
236 220 
240 264 
220 208 
240 460 
228 212 
232 208 
248 208 
356 312 
240 212 
48 40 
236 212 
208 204 
236 712 
232 208 
236 244 
236 208 
236 212 
240 236 
232 208 
236 208 
212 212 
240 208 
240 236 
236 216 
244 208 
240 220 
236 216 
232 208 
240 232 
48 40 
232 232 
236 212 
236 208 
240 232 
232 280 
236 208 
236 260 
240 208 
228 208 
240 208 
232 208 
228 216 
236 208 
236 244 
232 208 
240 224 
232 212 
232 212 
228 240 
240 212 
236 208 
236 236 
240 208 
232 216 
228 64 
232 208 
1196 232 
232 208 
240 264 
240 216 
244 212 
236 208 
232 264 
232 208 
232 208 
236 208 
236 208 
236 204 
240 216 
232 212 
236 208 
216 256 
240 204 
236 216 
232 212 
244 212 
232 208 
236 204 
236 232 
236 256 
388 208 
228 208 
240 204 
232 208 
240 232 
236 212 
232 208 
236 216 
236 240 
672 204 
232 232 
232 212 
236 204 
236 208 
240 236 
232 216 
236 232 
216 256 
232 460 
232 212 
236 208 
236 208 
236 268 
232 212 
248 212 
232 204 
208 208 
240 676 
236 232 
252 212 
340 208 
240 220 
232 208 
232 208 
240 212 
224 204 
252 208 
240 224 
236 232 
288 212 
240 204 
240 204 
252 208 
768 204 
236 236 
232 204 
236 208 
232 212 
232 212 
232 252 
236 204 
236 232 
236 208 
240 216 
236 208 
240 228 
228 208 
232 208 
236 208 
228 208 
1088 260 
228 216 
244 212 
232 256 
228 204 
236 216 
232 212 
272 220 
240 212 
236 260 
232 232 
240 208 
236 232 
236 208 
240 220 
236 236 
240 212 
660 212 
236 212 
240 216 
236 212 
236 228 
232 208 
236 232 
244 212 
240 220 
220 208 
232 208 
240 216 
232 208 
232 204 
236 208 
228 208 
680 208 
236 212 
448 256 
236 208 
236 232 
232 232 
232 208 
236 212 
232 208 
232 208 
228 208 
668 240 
232 208 
236 236 
232 224 
228 212 
232 208 
240 212 
232 316 
212 204 
244 500 
232 212 
228 208 
236 236 
240 212 
232 236 
228 208 
232 240 
256 224 
232 208 
232 212 
236 224 
240 236 
236 208 
696 216 
236 204 
236 220 
236 212 
236 208 
292 208 
236 252 
236 212 
232 208 
236 216 
244 208 
232 204 
236 216 
236 252 
276 212 
232 208 
236 232 
240 212 
236 220 
248 208 
232 212 
228 212 
236 252 
232 208 
236 212 
240 208 
232 212 
236 236 
236 208 
240 208 
232 208 
232 212 
240 212 
236 216 
228 208 
232 208 
240 212 
236 208 
232 212 
272 208 
236 204 
232 216 
236 208 
232 220 
232 204 
236 208 
232 212 
228 208 
240 208 
236 236 
236 208 
240 208 
232 216 
236 212 
220 204 
240 212 
236 208 
232 228 
232 212 
236 208 
236 232 
232 212 
236 208 
448 232 
232 212 
236 228 
236 208 
236 212 
240 208 
232 204 
240 208 
236 232 
720 208 
232 204 
236 208 
236 216 
232 212 
236 232 
248 208 
236 248 
212 220 
232 544 
236 216 
48 40 
764 216 
228 212 
240 216 
236 220 
232 236 
212 212 
240 220 
240 212 
240 236 
236 216 
236 216 
236 208 
236 236 
240 212 
236 208 
236 236 
256 208 
240 208 
240 208 
236 216 
228 212 
232 212 
232 208 
236 232 
236 204 
240 204 
228 216 
232 212 
236 232 
48 44 
232 224 
228 208 
236 208 
236 264 
240 208 
232 212 
236 232 
232 232 
236 212 
236 240 
236 228 
248 208 
236 204 
232 216 
236 224 
236 236 
240 212 
240 44 
240 236 
236 216 
240 236 
236 212 
236 208 
240 236 
232 208 
236 232 
232 208 
232 208 
232 212 
240 208 
232 208 
232 208 
228 208 
232 232 
232 236 
216 212 
236 208 
240 260 
232 252 
228 208 
232 208 
236 208 
232 212 
236 212 
468 208 
236 204 
240 236 
236 264 
232 204 
256 208 
236 236 
228 212 
232 204 
728 208 
620 216 
228 212 
244 208 
236 220 
272 212 
236 204 
244 208 
212 240 
232 584 
232 212 
240 208 
232 208 
236 236 
232 216 
236 204 
228 216 
216 300 
240 208 
232 212 
228 208 
236 208 
236 216 
236 236 
232 208 
236 216 
240 260 
260 208 
232 228 
228 208 
236 212 
232 208 
232 208 
236 248 
216 208 
232 208 
240 212 
236 232 
236 236 
236 216 
232 256 
240 204 
244 220 
232 208 
236 236 
240 212 
232 228 
240 216 
236 208 
232 212 
240 204 
232 216 
236 208 
232 208 
232 212 
236 216 
240 232 
240 220 
236 212 
232 212 
236 204 
232 212 
236 212 
232 256 
232 208 
240 232 
236 236 
236 224 
228 208 
240 216 
236 248 
228 224 
236 208 
232 212 
236 228 
232 212 
236 204 
248 244 
236 216 
232 212 
240 216 
236 232 
232 220 
240 212 
236 220 
788 232 
476 212 
228 212 
228 208 
232 212 
232 208 
240 220 
236 208 
228 216 
236 208 
748 236 
240 212 
232 236 
240 232 
236 252 
244 336 
232 208 
252 204 
208 204 
236 584 
228 212 
240 232 
228 212 
232 208 
236 212 
236 212 
232 208 
208 212 
232 208 
236 212 
236 208 
236 204 
236 232 
256 268 
236 212 
236 208 
240 236 
228 204 
236 236 
236 236 
228 212 
232 208 
228 208 
240 236 
244 208 
240 212 
236 240 
236 216 
236 208 
276 208 
236 240 
236 204 
232 208 
244 232 
232 208 
240 240 
232 216 
284 216 
232 204 
232 208 
236 220 
236 232 
236 228 
244 208 
240 212 
236 260 
232 212 
220 208 
240 212 
240 204 
236 212 
240 208 
232 208 
236 212 
236 212 
232 212 
232 208 
236 216 
236 232 
232 216 
236 208 
244 212 
624 212 
236 316 
236 236 
236 252 
236 208 
296 208 
240 212 
240 256 
236 212 
236 212 
232 208 
240 208 
240 208 
236 208 
512 208 
244 212 
244 208 
240 212 
232 208 
232 208 
232 220 
228 216 
232 236 
724 296 
240 204 
228 216 
232 204 
240 208 
232 232 
240 208 
48 40 
216 208 
240 600 
468 208 
236 236 
240 384 
248 212 
232 204 
240 216 
240 236 
208 212 
232 212 
232 208 
236 216 
236 208 
240 220 
236 212 
232 232 
252 208 
232 208 
240 216 
236 208 
236 236 
228 208 
232 212 
236 204 
236 212 
244 236 
236 212 
44 44 
236 212 
236 208 
240 224 
240 208 
236 208 
232 212 
236 232 
240 212 
232 208 
212 232 
236 216 
236 212 
236 232 
236 208 
236 212 
236 220 
236 260 
368 204 
228 212 
240 216 
236 212 
232 204 
240 208 
240 236 
236 232 
232 40 
232 236 
232 212 
240 208 
232 208 
232 208 
232 208 
240 208 
236 232 
228 208 
236 220 
236 208 
236 212 
240 208 
240 208 
292 236 
236 220 
236 216 
240 208 
236 208 
240 208 
228 208 
236 216 
244 240 
536 232 
232 212 
240 204 
240 212 
236 228 
240 216 
236 240 
228 216 
232 208 
240 384 
240 1044 
228 244 
236 208 
232 208 
236 208 
228 204 
236 232 
212 332 
232 620 
236 204 
236 228 
232 228 
232 208 
232 256 
236 212 
236 208 
204 240 
240 228 
232 204 
232 236 
240 328 
236 232 
232 232 
236 228 
232 212 
240 216 
240 220 
232 212 
236 240 
232 212 
232 228 
232 204 
236 208 
236 236 
308 212 
232 208 
236 208 
240 216 
236 220 
236 236 
232 208 
236 236 
236 244 
232 212 
232 216 
236 236 
252 212 
240 208 
236 220 
240 208 
232 232 
232 204 
240 208 
232 232 
240 212 
236 208 
236 252 
232 212 
236 212 
228 212 
232 208 
240 232 
236 212 
232 216 
236 208 
240 208 
232 208 
240 592 
244 232 
236 248 
236 240 
228 212 
232 204 
232 204 
240 208 
240 216 
332 208 
236 208 
240 204 
244 260 
256 212 
232 216 
236 228 
232 208 
232 224 
524 232 
240 232 
236 212 
240 208 
404 208 
232 216 
236 212 
244 208 
236 284 
232 404 
232 256 
232 208 
236 236 
236 228 
228 208 
232 208 
240 216 
216 264 
232 640 
240 212 
240 208 
236 212 
232 232 
232 228 
232 208 
240 248 
208 208 
240 212 
236 236 
240 232 
232 212 
236 216 
1012 244 
240 236 
232 212 
228 208 
244 208 
232 208 
240 208 
236 208 
232 208 
236 236 
240 236 
232 216 
228 208 
236 232 
228 208 
236 264 
236 204 
236 212 
236 224 
248 212 
236 208 
236 204 
236 228 
232 212 
232 212 
232 216 
236 232 
236 212 
236 232 
236 232 
232 232 
232 208 
232 232 
232 208 
1172 208 
236 212 
240 208 
236 232 
236 236 
236 212 
236 208 
244 212 
236 216 
236 232 
236 240 
228 204 
328 308 
248 216 
236 208 
232 212 
240 216 
336 232 
236 212 
236 224 
320 216 
240 228 
232 296 
236 208 
236 232 
240 236 
232 208 
236 208 
236 232 
584 264 
228 212 
236 212 
236 216 
232 208 
240 232 
236 264 
236 260 
228 208 
232 420 
232 208 
236 244 
228 204 
232 208 
244 208 
232 208 
244 212 
216 256 
240 656 
240 240 
0 0 
0 0 
0 0 
0 0 
0 0 
0 0 
0 0 
0 0 
0 0 
0 0 
0 0 
0 0 
0 0 
0 0 
0 0 
0 0 
0 0 
0 0 
0 0 
0 0 
0 0 
0 0 
0 0 
0 0 
0 0 
0 0 
0 0 
0 0 
0 0 
0 0 
0 0 
0 0 
0 0 
0 0 
0 0 
0 0 
0 0 
0 0 
0 0 
0 0 
0 0 
0 0 
0 0 
0 0 
0 0 
0 0 
0 0 
0 0 
0 0 
232 232 
236 200 
232 216 
212 228 
236 228 
212 232 
212 208 
208 232 
208 232 
232 232 
212 204 
192 188 
44 44 
236 236 
236 228 
232 220 
232 208 
360 232 
284 220 
236 240 
236 208 
228 208 
240 208 
244 252 
236 248 
232 216 
592 208 
232 208 
272 220 
236 212 
232 204 
236 208 
240 208 
236 204 
224 216 
256 408 
236 204 
232 204 
240 216 
232 212 
232 228 
176 40 
240 232 
212 208 
228 688 
236 232 
232 256 
232 216 
236 232 
228 212 
232 212 
236 220 
212 244 
260 212 
240 232 
228 220 
236 204 
232 216 
232 208 
240 216 
236 236 
236 216 
236 208 
244 216 
236 244 
240 216 
232 216 
236 204 
232 232 
240 236 
1132 208 
236 40 
236 208 
236 220 
232 212 
236 204 
240 264 
232 212 
236 208 
236 236 
232 216 
236 208 
240 208 
240 208 
232 208 
240 236 
240 232 
236 236 
236 236 
236 232 
236 212 
236 252 
236 204 
232 208 
232 212 
252 212 
240 232 
252 212 
232 208 
228 208 
240 220 
240 208 
236 216 
232 204 
232 232 
236 232 
232 208 
232 212 
252 212 
236 208 
228 212 
232 212 
400 212 
240 216 
240 248 
240 204 
236 216 
240 212 
284 208 
236 232 
240 236 
620 208 
228 212 
236 232 
236 220 
236 208 
236 208 
236 216 
236 212 
232 216 
232 464 
236 208 
236 216 
228 208 
232 208 
240 220 
232 208 
744 208 
212 204 
236 700 
240 224 
232 236 
236 204 
236 208 
236 260 
232 208 
228 208 
212 204 
240 216 
240 208 
240 212 
240 208 
228 212 
232 260 
992 228 
236 208 
232 212 
232 208 
236 208 
236 264 
232 204 
228 208 
240 204 
236 208 
232 216 
236 236 
236 212 
232 248 
232 204 
264 216 
240 212 
236 208 
236 236 
236 208 
240 208 
236 232 
236 236 
236 260 
240 208 
232 204 
240 212 
236 208 
240 208 
232 232 
236 232 
228 208 
228 204 
612 208 
236 208 
236 208 
236 232 
228 212 
228 208 
232 208 
240 208 
236 232 
228 216 
236 208 
236 228 
240 208 
236 204 
240 232 
244 208 
240 236 
232 208 
228 208 
236 236 
400 232 
236 228 
232 208 
236 208 
240 208 
236 240 
240 212 
232 212 
240 212 
644 208 
264 212 
228 212 
232 212 
232 204 
660 204 
232 212 
236 212 
216 236 
240 436 
232 208 
236 224 
228 208 
232 232 
232 212 
240 208 
236 232 
216 220 
236 704 
236 212 
236 212 
232 204 
236 244 
228 244 
232 220 
232 212 
216 216 
244 232 
232 212 
236 208 
236 208 
240 216 
232 212 
232 216 
236 232 
232 224 
236 212 
240 212 
240 236 
236 204 
240 236 
236 216 
264 208 
232 208 
236 208 
236 208 
236 232 
240 224 
232 244 
240 240 
228 208 
240 304 
236 236 
236 232 
240 212 
236 208 
228 216 
236 216 
236 208 
236 208 
240 216 
240 220 
244 212 
240 236 
228 208 
232 204 
232 212 
236 264 
240 208 
236 208 
240 208 
232 208 
236 260 
232 228 
236 236 
232 224 
232 204 
224 232 
240 208 
236 240 
236 212 
236 240 
232 204 
236 216 
228 208 
232 208 
416 212 
240 236 
236 208 
544 212 
236 212 
240 208 
236 220 
228 220 
236 208 
656 208 
236 252 
232 244 
228 208 
232 208 
240 228 
232 208 
44 48 
220 208 
232 532 
232 208 
232 208 
240 236 
236 236 
236 216 
232 208 
232 208 
208 228 
232 208 
232 208 
232 248 
236 208 
236 232 
232 212 
232 208 
236 216 
260 208 
232 208 
268 212 
232 212 
228 208 
244 212 
228 208 
236 236 
48 44 
236 208 
236 204 
236 212 
240 208 
232 208 
240 208 
240 236 
236 232 
228 208 
240 208 
232 208 
244 220 
236 228 
232 208 
240 220 
240 228 
244 232 
232 212 
236 228 
240 208 
232 236 
232 212 
236 208 
232 208 
236 48 
236 212 
236 208 
232 212 
232 216 
232 204 
228 212 
236 224 
236 208 
228 212 
236 204 
240 212 
236 232 
264 212 
232 204 
228 208 
236 208 
232 216 
220 232 
528 232 
228 216 
240 212 
232 216 
232 220 
232 208 
236 208 
236 216 
444 208 
240 224 
236 212 
232 208 
232 220 
236 212 
232 208 
232 208 
232 216 
680 256 
236 248 
232 216 
232 208 
232 208 
236 256 
236 260 
236 208 
212 208 
232 504 
236 208 
236 208 
236 208 
236 216 
236 236 
236 216 
236 220 
212 212 
236 232 
240 212 
240 204 
232 212 
240 224 
236 212 
232 216 
240 212 
216 212 
240 224 
232 204 
236 212 
236 220 
236 212 
236 204 
240 264 
232 208 
240 236 
252 212 
236 208 
240 216 
232 220 
236 236 
236 208 
236 208 
232 208 
236 236 
228 252 
240 212 
240 232 
236 212 
232 264 
448 204 
236 212 
236 208 
232 208 
236 212 
240 212 
236 236 
228 212 
228 204 
232 208 
236 232 
240 220 
228 208 
236 208 
236 204 
232 212 
236 212 
536 212 
236 236 
236 212 
232 208 
240 208 
232 236 
236 208 
236 208 
236 232 
236 236 
204 212 
236 216 
236 212 
240 236 
344 224 
240 220 
240 236 
236 208 
240 224 
444 212 
232 204 
240 212 
228 204 
244 208 
236 216 
240 220 
232 208 
248 212 
680 208 
240 212 
236 260 
240 216 
232 224 
256 1316 
240 212 
240 236 
212 236 
236 540 
236 204 
236 216 
232 208 
240 212 
236 216 
232 208 
236 236 
212 208 
260 208 
232 220 
240 212 
236 212 
236 208 
240 208 
240 232 
236 208 
236 292 
236 268 
232 212 
228 204 
244 216 
236 232 
248 212 
236 216 
244 208 
240 208 
240 232 
236 256 
236 212 
244 216 
236 228 
232 208 
232 208 
240 216 
244 208 
232 236 
232 216 
232 216 
232 216 
240 216 
236 212 
232 208 
232 212 
244 208 
236 212 
244 1032 
240 252 
236 220 
236 248 
236 212 
236 212 
240 216 
240 260 
272 212 
228 216 
236 208 
240 216 
232 204 
240 208 
236 228 
236 212 
228 208 
236 208 
232 208 
236 224 
244 216 
236 236 
252 212 
232 204 
236 220 
240 248 
272 212 
324 232 
240 216 
236 244 
240 216 
472 220 
236 212 
232 208 
236 1028 
236 208 
236 224 
236 208 
48 44 
240 236 
820 216 
240 208 
236 204 
236 212 
240 208 
240 212 
240 252 
236 208 
212 208 
240 536 
236 216 
236 232 
232 248 
232 212 
232 216 
240 236 
232 212 
216 216 
228 208 
240 264 
232 208 
232 224 
232 208 
244 228 
44 44 
232 208 
236 204 
236 216 
320 208 
228 208 
236 244 
232 208 
240 236 
228 208 
236 208 
236 208 
240 236 
236 220 
232 212 
228 208 
232 208 
244 216 
236 212 
240 208 
236 212 
232 204 
240 216 
236 208 
232 212 
232 208 
232 224 
232 44 
232 248 
244 216 
228 208 
236 228 
236 212 
232 208 
244 216 
236 216 
232 208 
236 252 
228 244 
236 216 
240 220 
236 212 
232 216 
236 216 
236 216 
236 224 
492 204 
260 208 
236 208 
228 212 
236 216 
252 212 
228 212 
276 216 
228 924 
232 208 
232 208 
236 212 
232 208 
240 204 
232 208 
236 224 
488 212 
240 208 
232 208 
228 212 
240 208 
236 208 
236 212 
236 232 
244 208 
752 220 
240 236 
236 216 
236 216 
236 208 
232 208 
240 232 
240 264 
220 212 
272 552 
232 216 
228 212 
236 208 
240 232 
232 208 
236 208 
236 204 
248 212 
236 216 
236 232 
228 216 
232 212 
236 204 
240 212 
236 208 
240 216 
240 228 
236 216 
240 256 
240 212 
236 216 
236 208 
236 212 
232 216 
232 212 
236 208 
240 204 
364 228 
236 208 
240 208 
236 208 
236 224 
236 208 
232 208 
236 212 
236 212 
236 216 
236 208 
228 212 
240 204 
244 208 
240 204 
244 248 
240 212 
240 212 
232 216 
232 208 
240 236 
232 212 
244 208 
236 204 
240 212 
240 212 
244 232 
236 212 
228 232 
232 208 
236 1188 
232 248 
232 204 
236 208 
232 204 
240 208 
240 232 
236 216 
232 212 
240 236 
276 232 
232 208 
240 208 
236 204 
228 212 
228 212 
232 208 
240 212 
236 232 
500 212 
228 208 
232 204 
240 220 
240 208 
236 260 
232 212 
228 212 
236 208 
232 364 
232 216 
232 216 
236 224 
236 212 
836 216 
244 208 
236 208 
212 208 
228 576 
236 208 
240 208 
236 208 
232 240 
232 208 
244 232 
236 216 
208 212 
240 208 
236 252 
236 260 
232 264 
236 208 
288 208 
236 232 
236 216 
236 216 
228 212 
240 212 
232 216 
240 208 
244 256 
236 208 
236 216 
232 204 
232 216 
236 248 
232 240 
236 208 
968 256 
232 208 
240 264 
336 212 
228 208 
232 204 
236 212 
228 208 
236 208 
236 208 
232 212 
236 232 
232 232 
236 212 
256 208 
240 228 
236 208 
240 1016 
232 212 
236 232 
240 236 
232 236 
232 208 
236 236 
236 232 
236 224 
232 208 
232 212 
232 204 
236 244 
236 216 
236 208 
236 212 
232 212 
236 208 
232 208 
232 212 
232 212 
316 208 
232 212 
228 208 
236 260 
236 240 
232 208 
240 232 
232 208 
236 236 
528 260 
232 212 
236 208 
240 264 
236 220 
228 208 
232 208 
232 208 
232 212 
236 368 
232 216 
228 208 
236 236 
240 208 
256 208 
232 208 
236 208 
208 80 
48 44 
232 208 
228 220 
228 204 
232 216 
240 212 
236 212 
232 208 
212 208 
236 208 
232 224 
232 236 
236 240 
240 220 
236 224 
236 204 
236 256 
232 208 
236 236 
804 232 
236 232 
232 248 
228 208 
236 208 
232 212 
232 208 
48 44 
236 208 
232 208 
240 204 
232 208 
240 216 
244 216 
240 216 
232 220 
232 212 
236 216 
236 260 
232 220 
236 216 
236 216 
236 208 
236 208 
236 256 
236 320 
508 208 
232 212 
240 232 
240 232 
232 316 
232 220 
236 208 
240 260 
236 232 
232 212 
232 216 
232 208 
232 212 
236 212 
240 220 
236 252 
236 208 
236 216 
240 204 
240 212 
236 208 
232 248 
232 208 
312 212 
232 208 
232 228 
236 208 
236 236 
244 212 
236 236 
232 220 
236 232 
560 232 
236 204 
232 208 
232 208 
236 224 
236 236 
228 208 
236 208 
228 212 
232 392 
236 212 
232 260 
232 212 
232 212 
252 208 
232 204 
240 212 
212 248 
232 612 
232 212 
236 208 
236 220 
240 220 
236 204 
232 208 
232 204 
996 236 
232 216 
232 212 
240 204 
240 216 
232 208 
240 208 
240 204 
240 208 
236 204 
228 212 
232 208 
236 208 
236 228 
232 212 
232 204 
232 208 
240 204 
236 236 
236 256 
236 252 
236 208 
328 236 
228 212 
240 228 
240 220 
244 212 
236 212 
236 264 
236 204 
240 232 
236 216 
232 208 
236 212 
236 240 
232 212 
232 204 
236 208 
264 216 
236 236 
244 204 
236 232 
228 212 
232 208 
232 208 
240 204 
236 236 
228 212 
236 320 
232 204 
240 208 
236 208 
232 236 
236 208 
236 232 
240 236 
240 208 
240 232 
252 208 
228 212 
356 232 
236 232 
232 208 
232 208 
236 324 
244 208 
228 208 
544 212 
240 236 
592 212 
228 204 
232 212 
236 208 
236 208 
228 212 
232 208 
240 208 
232 236 
240 404 
236 212 
236 216 
236 260 
232 232 
236 208 
980 300 
244 216 
208 208 
240 636 
228 232 
236 248 
236 212 
232 212 
236 208 
236 244 
236 220 
216 208 
232 208 
228 208 
240 208 
240 212 
232 216 
308 232 
236 216 
232 216 
236 232 
232 244 
232 228 
240 232 
236 216 
236 216 
232 204 
236 204 
232 220 
232 208 
228 204 
244 236 
244 224 
412 212 
240 264 
236 224 
232 208 
236 260 
232 216 
332 208 
236 236 
232 232 
232 204 
232 208 
240 208 
236 220 
236 264 
240 236 
228 224 
236 204 
228 204 
240 236 
236 232 
232 212 
240 236 
264 208 
232 208 
240 236 
236 232 
232 248 
232 204 
236 212 
232 212 
236 208 
236 216 
240 212 
240 220 
372 248 
232 204 
236 212 
232 204 
356 208 
232 248 
232 204 
236 208 
232 212 
240 236 
236 208 
236 212 
232 208 
608 208 
236 208 
240 216 
252 212 
344 236 
232 220 
236 228 
236 232 
236 232 
240 448 
232 252 
232 228 
236 232 
240 220 
236 236 
236 248 
232 208 
208 208 
240 660 
232 204 
232 216 
236 208 
236 240 
240 208 
240 228 
240 208 
216 208 
264 208 
232 208 
232 208 
44 48 
236 208 
232 212 
232 208 
236 220 
236 252 
232 212 
228 212 
236 208 
236 236 
236 232 
236 228 
236 212 
244 208 
236 216 
232 212 
240 208 
232 204 
236 232 
232 208 
236 224 
232 236 
240 236 
232 208 
240 204 
236 232 
344 208 
232 204 
48 40 
244 208 
228 204 
232 212 
240 216 
236 208 
240 216 
236 248 
240 236 
236 232 
232 208 
232 204 
236 228 
420 212 
236 204 
232 208 
228 208 
232 216 
236 220 
240 212 
232 212 
236 260 
236 216 
228 216 
236 220 
228 44 
232 208 
232 208 
364 212 
236 228 
248 208 
228 212 
232 204 
236 208 
232 204 
236 216 
232 208 
592 216 
236 256 
232 212 
232 212 
228 216 
232 276 
236 256 
236 204 
216 216 
264 380 
240 212 
236 232 
232 212 
232 212 
240 212 
232 216 
236 212 
208 216 
240 608 
232 208 
240 228 
236 232 
240 232 
236 204 
232 204 
236 256 
208 204 
232 212 
228 208 
236 204 
236 260 
236 252 
236 212 
236 216 
236 236 
232 224 
236 220 
240 228 
236 208 
240 212 
232 232 
240 316 
232 208 
292 208 
236 232 
232 208 
240 208 
232 208 
240 220 
240 240 
232 212 
232 204 
228 208 
240 212 
236 208 
244 256 
240 212 
240 212 
236 212 
236 212 
816 208 
232 208 
236 220 
236 232 
232 216 
232 208 
236 300 
240 240 
232 212 
236 212 
240 212 
236 208 
232 212 
232 208 
240 220 
232 264 
232 252 
240 208 
272 208 
232 204 
236 212 
236 232 
240 212 
244 236 
240 212 
240 232 
404 208 
228 212 
236 216 
228 212 
280 208 
232 212 
248 212 
236 204 
232 204 
624 208 
232 208 
240 216 
236 216 
240 204 
232 212 
232 216 
244 208 
212 220 
236 464 
236 248 
256 212 
236 204 
236 232 
240 212 
232 208 
232 212 
216 212 
240 692 
236 220 
236 232 
248 212 
236 208 
236 208 
232 204 
232 212 
212 212 
236 224 
236 256 
276 228 
232 252 
240 208 
236 216 
236 216 
236 204 
240 212 
268 212 
236 216 
236 236 
244 236 
236 264 
232 208 
236 208 
232 208 
228 236 
232 212 
236 232 
232 208 
232 204 
492 208 
236 232 
240 212 
236 204 
236 224 
248 208 
236 236 
236 240 
236 244 
232 212 
232 204 
232 212 
240 208 
236 212 
236 208 
232 208 
232 208 
244 232 
236 256 
232 212 
232 208 
236 208 
228 208 
232 204 
240 216 
236 208 
244 216 
236 248 
240 232 
232 244 
232 208 
240 212 
236 216 
232 1100 
236 212 
240 208 
232 244 
424 224 
236 208 
232 208 
236 208 
236 232 
236 208 
232 216 
236 216 
232 208 
668 212 
236 216 
232 212 
232 204 
240 208 
240 220 
232 220 
236 212 
212 260 
236 524 
232 216 
236 208 
236 208 
240 216 
236 212 
236 216 
240 208 
216 208 
228 208 
240 232 
276 220 
248 208 
228 204 
232 236 
236 232 
236 208 
232 216 
236 244 
236 224 
240 208 
244 212 
240 236 
236 212 
232 208 
240 212 
232 356 
240 212 
240 896 
236 208 
236 232 
232 212 
232 204 
48 48 
240 208 
236 232 
236 236 
232 208 
232 208 
232 212 
232 204 
232 232 
244 208 
232 208 
232 208 
240 208 
236 212 
232 208 
236 232 
236 216 
236 232 
236 208 
232 204 
232 212 
232 208 
232 208 
240 204 
236 236 
236 236 
240 224 
248 212 
236 228 
228 848 
48 40 
240 220 
232 208 
232 208 
232 212 
200 208 
236 232 
232 212 
236 220 
236 216 
232 216 
240 208 
236 216 
240 236 
428 208 
228 208 
232 204 
228 208 
400 208 
240 208 
232 208 
232 240 
232 216 
680 212 
232 236 
232 208 
280 208 
236 40 
252 208 
232 216 
228 208 
208 212 
240 512 
240 216 
236 232 
232 236 
236 232 
240 232 
240 204 
232 216 
212 204 
232 236 
236 212 
232 204 
232 208 
240 212 
236 208 
232 208 
236 216 
220 236 
240 212 
232 204 
232 208 
232 216 
232 204 
232 208 
236 208 
240 212 
236 232 
228 208 
232 208 
232 204 
232 212 
240 236 
236 208 
236 212 
232 208 
232 260 
232 232 
236 204 
232 204 
244 232 
236 208 
232 204 
228 208 
228 208 
232 208 
240 208 
240 212 
236 236 
240 208 
236 208 
236 216 
1160 224 
240 208 
236 208 
232 236 
236 236 
236 216 
232 204 
236 208 
236 232 
236 208 
232 212 
232 208 
240 208 
240 224 
232 236 
232 216 
228 208 
216 236 
232 208 
232 208 
232 216 
236 208 
232 220 
228 208 
232 216 
232 212 
456 216 
236 212 
232 212 
228 204 
240 208 
236 208 
236 208 
240 212 
236 260 
672 212 
232 208 
236 208 
236 212 
236 212 
240 232 
228 208 
228 208 
216 204 
236 500 
228 208 
232 212 
240 208 
232 208 
240 264 
236 232 
236 236 
220 212 
240 212 
236 216 
244 236 
240 216 
232 208 
232 212 
268 212 
240 208 
240 212 
236 232 
232 212 
228 208 
236 236 
236 228 
744 232 
232 208 
232 212 
232 208 
236 232 
232 212 
236 212 
228 204 
228 224 
232 208 
232 204 
228 212 
240 208 
240 208 
248 208 
232 208 
240 208 
240 980 
236 208 
244 208 
236 208 
240 216 
236 256 
240 208 
236 252 
228 212 
236 204 
232 236 
232 212 
228 208 
256 220 
236 212 
232 212 
228 204 
232 244 
232 208 
240 220 
240 244 
236 212 
240 216 
236 216 
236 208 
232 212 
232 212 
236 208 
256 216 
232 268 
232 224 
236 216 
232 208 
728 208 
232 236 
236 212 
240 208 
496 212 
228 204 
240 208 
232 208 
232 260 
236 208 
240 220 
232 208 
268 208 
728 236 
236 248 
232 236 
236 212 
232 212 
240 220 
236 260 
236 252 
216 204 
232 560 
232 252 
232 244 
232 208 
240 232 
252 212 
328 212 
244 236 
216 232 
268 712 
232 204 
240 220 
724 232 
240 244 
236 212 
236 212 
228 208 
244 220 
236 208 
236 212 
236 248 
240 212 
236 208 
232 208 
240 212 
236 216 
236 208 
236 208 
236 212 
240 508 
236 220 
232 216 
240 208 
244 212 
236 220 
236 236 
288 208 
232 216 
232 212 
236 212 
232 208 
236 212 
232 232 
232 212 
232 212 
232 212 
228 212 
236 228 
236 216 
228 208 
244 240 
240 232 
232 212 
240 236 
236 228 
236 204 
236 232 
232 208 
44 48 
236 216 
240 212 
236 208 
236 204 
232 208 
228 216 
232 208 
236 208 
236 232 
260 212 
240 212 
236 232 
232 248 
232 204 
232 212 
236 208 
232 208 
336 208 
520 208 
232 216 
240 208 
236 240 
232 228 
228 212 
248 216 
236 260 
232 212 
48 48 
236 244 
232 240 
232 212 
240 220 
236 220 
232 208 
232 208 
208 224 
244 552 
848 232 
240 208 
240 236 
236 216 
240 208 
236 212 
240 288 
212 232 
240 216 
236 260 
232 224 
232 216 
240 208 
276 256 
236 208 
236 228 
244 208 
232 208 
236 224 
240 240 
232 232 
236 232 
244 212 
228 204 
236 224 
236 212 
236 208 
232 212 
236 208 
232 212 
244 236 
232 224 
232 208 
240 212 
240 208 
236 236 
232 212 
236 212 
236 212 
232 204 
464 204 
232 216 
236 212 
236 216 
236 248 
232 208 
232 208 
216 332 
0 0 
0 0 
228 224 
192 236 
464 216 
200 208 
232 212 
236 216 
232 224 
228 208 
236 212 
236 216 
236 212 
240 208 
236 252 
228 208 
232 220 
232 208 
236 216 
284 212 
236 220 
232 212 
236 208 
236 396 
236 268 
256 212 
232 208 
240 220 
504 208 
236 208 
232 212 
240 208 
236 260 
232 204 
236 208 
232 208 
992 224 
744 212 
236 216 
244 224 
236 236 
240 212 
232 232 
236 208 
236 236 
212 236 
236 548 
236 204 
228 204 
240 260 
268 208 
240 212 
228 208 
236 224 
212 212 
236 216 
244 212 
232 204 
232 212 
240 212 
236 212 
236 216 
232 212 
236 208 
240 208 
240 212 
236 212 
228 208 
232 216 
236 212 
240 208 
236 204 
232 204 
236 236 
236 232 
236 212 
228 208 
240 208 
236 264 
236 260 
232 236 
236 224 
236 236 
236 240 
228 212 
236 208 
240 208 
236 224 
236 212 
232 216 
236 220 
232 212 
236 256 
236 208 
236 208 
236 212 
228 208 
240 216 
236 208 
236 208 
236 212 
240 208 
256 212 
380 216 
240 244 
236 228 
236 224 
232 208 
232 208 
240 208 
232 236 
228 204 
232 208 
236 212 
284 212 
236 228 
236 208 
236 208 
236 212 
232 216 
824 208 
236 212 
236 208 
548 240 
232 204 
244 216 
232 212 
232 208 
232 212 
236 220 
236 220 
228 208 
244 368 
236 208 
236 228 
316 204 
240 208 
232 264 
240 236 
228 252 
212 204 
892 232 
232 204 
236 216 
232 212 
236 204 
236 208 
240 260 
236 208 
212 212 
236 204 
228 204 
232 212 
460 208 
240 240 
228 208 
232 208 
240 208 
236 232 
240 208 
236 236 
236 220 
232 204 
236 208 
232 252 
236 212 
232 216 
232 212 
232 216 
240 212 
248 208 
228 212 
244 208 
232 204 
236 208 
236 208 
228 216 
236 208 
244 244 
236 208 
232 204 
240 208 
236 236 
232 216 
232 204 
236 208 
236 228 
432 212 
232 216 
232 208 
240 212 
236 232 
240 212 
232 208 
236 216 
244 216 
232 208 
52 40 
232 208 
232 208 
240 324 
240 208 
236 228 
240 296 
232 212 
232 208 
236 208 
232 208 
232 208 
304 212 
232 212 
236 212 
244 208 
308 204 
244 208 
232 204 
228 212 
228 212 
572 208 
232 244 
236 256 
232 212 
240 212 
236 208 
48 44 
236 212 
240 212 
236 380 
236 244 
240 232 
236 216 
240 224 
236 256 
236 244 
232 212 
212 208 
236 624 
236 228 
232 208 
240 232 
236 208 
240 236 
232 208 
236 208 
216 212 
232 208 
228 208 
240 236 
236 204 
240 208 
232 40 
232 232 
232 204 
236 208 
240 208 
236 212 
232 208 
232 208 
240 208 
236 208 
232 208 
232 236 
240 232 
236 220 
232 204 
232 204 
240 224 
228 208 
232 208 
232 212 
232 240 
320 208 
236 212 
232 224 
232 260 
228 212 
236 208 
244 208 
232 204 
236 208 
232 208 
240 208 
236 244 
232 216 
232 224 
236 236 
236 212 
232 216 
240 212 
236 232 
240 232 
240 208 
236 208 
232 228 
240 232 
236 208 
228 212 
236 232 
232 224 
232 208 
236 208 
232 212 
232 204 
232 216 
352 212 
228 208 
228 224 
236 236 
232 208 
236 208 
236 208 
236 240 
232 208 
564 216 
232 208 
232 208 
236 216 
232 208 
236 208 
236 224 
244 220 
232 212 
240 404 
240 224 
240 204 
240 212 
236 232 
228 208 
232 268 
236 228 
208 208 
236 680 
232 208 
236 208 
240 204 
240 232 
236 232 
232 232 
232 212 
212 204 
236 204 
236 260 
240 240 
232 216 
236 208 
236 208 
244 248 
232 252 
232 220 
228 208 
232 212 
236 204 
232 212 
240 212 
236 232 
372 232 
236 336 
236 208 
232 208 
240 232 
232 232 
240 208 
240 264 
232 212 
240 208 
232 216 
232 232 
244 208 
240 232 
308 212 
236 212 
236 204 
236 216 
244 236 
240 244 
236 208 
236 212 
232 212 
240 236 
236 212 
232 208 
240 208 
236 220 
240 224 
236 208 
232 232 
240 208 
232 212 
232 204 
240 236 
232 208 
240 204 
240 216 
236 232 
232 208 
240 216 
232 208 
240 208 
236 212 
356 212 
236 204 
236 216 
240 216 
232 212 
236 216 
236 240 
236 236 
232 212 
600 212 
236 216 
228 220 
232 208 
236 236 
236 216 
236 248 
232 216 
216 236 
236 420 
236 208 
232 208 
240 204 
232 216 
232 256 
240 216 
236 208 
212 248 
232 668 
240 216 
236 256 
260 208 
236 212 
232 208 
236 220 
240 260 
216 244 
240 208 
232 216 
240 216 
228 204 
416 216 
232 208 
232 228 
236 232 
236 224 
232 208 
236 208 
228 212 
236 204 
232 216 
236 204 
232 208 
236 212 
228 212 
232 208 
232 236 
240 208 
236 208 
236 208 
240 208 
248 208 
228 208 
236 208 
232 224 
228 208 
240 208 
236 216 
232 244 
240 208 
232 212 
236 212 
240 208 
240 208 
232 808 
240 216 
236 208 
232 208 
236 216 
232 204 
240 212 
236 212 
232 220 
232 208 
240 236 
236 240 
324 208 
240 208 
240 232 
232 208 
244 208 
240 216 
236 212 
228 212 
48 44 
236 208 
384 208 
232 216 
240 224 
228 208 
264 216 
232 208 
240 232 
232 216 
232 208 
596 236 
236 212 
232 220 
232 212 
240 208 
236 208 
236 208 
236 212 
216 208 
232 452 
232 212 
232 220 
236 208 
232 204 
232 212 
44 212 
232 212 
216 208 
232 708 
1164 232 
228 208 
236 208 
236 232 
236 208 
236 212 
236 240 
220 224 
240 244 
240 212 
232 208 
232 216 
228 204 
240 224 
232 208 
236 208 
236 212 
244 232 
236 236 
232 216 
232 240 
236 152 
236 220 
236 208 
236 216 
228 212 
232 208 
240 212 
236 232 
232 208 
228 208 
244 212 
232 212 
232 208 
1164 236 
240 208 
240 236 
232 208 
240 208 
240 208 
236 264 
240 232 
232 208 
236 220 
236 208 
232 236 
232 216 
240 220 
232 212 
240 204 
232 212 
228 208 
240 232 
240 212 
236 224 
236 212 
232 212 
232 212 
232 208 
228 208 
236 208 
240 204 
240 264 
228 204 
240 208 
236 208 
236 208 
388 208 
240 212 
232 212 
236 212 
236 208 
236 228 
228 208 
228 212 
236 328 
648 212 
236 228 
276 220 
236 236 
236 224 
232 212 
232 204 
240 212 
208 212 
236 452 
300 208 
228 216 
232 220 
240 208 
236 232 
236 212 
236 208 
212 260 
244 712 
240 204 
232 212 
232 208 
236 220 
240 212 
236 204 
232 220 
216 208 
232 232 
232 212 
236 220 
232 212 
236 216 
236 204 
240 224 
236 232 
244 208 
236 208 
236 216 
236 208 
240 212 
236 212 
268 208 
1124 236 
240 212 
240 212 
240 232 
228 208 
232 208 
232 204 
240 216 
240 216 
236 208 
232 208 
232 208 
236 208 
240 216 
236 216 
236 208 
236 208 
228 392 
228 204 
228 204 
236 236 
228 208 
232 208 
236 212 
232 208 
280 208 
240 216 
232 228 
236 232 
236 208 
236 212 
236 208 
240 256 
236 248 
236 216 
208 208 
228 208 
232 208 
236 224 
236 212 
236 236 
240 236 
232 204 
240 212 
436 208 
240 208 
228 204 
240 208 
236 232 
232 220 
228 216 
240 208 
228 208 
544 236 
240 208 
232 220 
232 208 
236 212 
236 252 
228 212 
236 208 
216 248 
232 536 
232 236 
232 204 
228 212 
236 232 
236 232 
364 208 
232 208 
216 232 
240 728 
240 212 
232 212 
236 236 
244 244 
232 212 
232 208 
240 216 
220 236 
232 208 
228 212 
252 232 
232 248 
240 880 
240 220 
232 212 
228 208 
228 212 
240 204 
232 232 
240 208 
232 212 
232 208 
236 216 
236 232 
248 204 
232 208 
228 208 
236 216 
236 232 
228 212 
240 216 
264 232 
236 216 
236 236 
236 220 
232 216 
240 204 
236 232 
244 228 
336 208 
236 212 
240 232 
236 236 
240 240 
368 208 
532 236 
232 208 
232 208 
236 212 
236 236 
232 208 
236 212 
236 208 
240 208 
232 240 
232 208 
236 224 
344 216 
236 232 
232 232 
232 212 
240 216 
232 208 
236 220 
236 220 
236 256 
236 208 
424 212 
228 212 
236 228 
240 208 
240 232 
232 216 
236 236 
236 236 
232 208 
672 232 
228 212 
236 208 
860 216 
232 208 
236 216 
236 236 
236 232 
212 208 
48 40 
236 204 
236 212 
240 208 
232 204 
236 236 
240 208 
240 208 
216 204 
240 736 
240 240 
1116 212 
236 208 
232 212 
232 208 
236 212 
232 208 
212 212 
236 256 
240 208 
260 212 
232 208 
232 224 
228 204 
236 208 
244 224 
236 228 
232 212 
236 256 
48 44 
232 216 
232 208 
232 212 
232 208 
240 216 
236 204 
240 248 
344 216 
236 208 
232 224 
356 208 
232 216 
236 204 
240 232 
236 212 
240 212 
232 220 
228 208 
232 204 
244 236 
328 312 
232 204 
232 208 
232 212 
228 204 
240 40 
260 220 
236 236 
236 256 
228 208 
232 212 
232 216 
236 232 
228 216 
232 208 
236 236 
236 252 
232 208 
236 208 
232 208 
244 236 
236 244 
236 208 
236 212 
232 268 
240 208 
236 232 
468 208 
852 256 
232 212 
240 228 
240 212 
232 220 
276 204 
232 216 
236 216 
712 252 
236 212 
240 212 
236 220 
236 240 
240 220 
232 216 
228 220 
216 236 
232 560 
236 208 
260 212 
232 212 
232 240 
232 208 
228 208 
232 204 
212 212 
244 208 
232 204 
244 236 
240 208 
232 232 
236 212 
232 208 
232 248 
236 232 
236 228 
232 212 
508 208 
240 236 
240 212 
236 260 
240 220 
240 208 
236 232 
356 264 
240 212 
236 236 
240 208 
244 216 
232 208 
236 208 
236 208 
232 212 
236 208 
236 232 
240 208 
232 208 
240 224 
240 212 
236 232 
236 204 
240 208 
236 252 
248 272 
228 216 
240 252 
236 208 
232 232 
236 212 
236 208 
240 212 
236 216 
240 216 
236 236 
244 212 
236 208 
236 208 
236 240 
236 228 
248 212 
232 204 
236 216 
232 208 
232 232 
728 220 
260 208 
232 224 
236 208 
236 208 
236 208 
232 204 
232 212 
240 216 
236 224 
468 232 
232 208 
244 212 
236 212 
240 236 
232 212 
228 212 
240 208 
240 216 
732 208 
240 212 
232 212 
228 204 
232 204 
228 232 
236 208 
232 212 
216 208 
344 256 
232 208 
236 260 
232 208 
232 208 
240 212 
236 216 
232 212 
220 208 
240 216 
232 216 
236 464 
232 208 
240 204 
228 208 
248 208 
236 208 
232 236 
240 204 
232 216 
232 212 
236 232 
236 252 
232 208 
240 212 
240 208 
236 216 
240 212 
240 216 
236 216 
232 228 
240 208 
232 256 
232 212 
232 212 
232 212 
232 208 
240 236 
284 212 
512 208 
232 208 
236 216 
236 232 
232 240 
232 208 
236 232 
228 208 
236 224 
232 236 
236 208 
232 212 
240 208 
232 208 
236 252 
236 208 
228 208 
564 224 
236 232 
236 232 
236 216 
236 212 
232 212 
236 216 
240 236 
236 208 
236 208 
232 208 
236 208 
252 224 
232 216 
236 216 
236 204 
232 204 
240 204 
240 208 
236 236 
280 208 
480 212 
236 232 
240 240 
232 212 
240 216 
236 232 
236 216 
232 212 
240 208 
752 236 
240 236 
236 232 
416 208 
236 208 
232 212 
236 216 
232 204 
48 40 
236 596 
240 212 
240 216 
236 248 
232 212 
244 208 
236 204 
236 364 
216 208 
240 224 
232 240 
236 224 
232 212 
232 204 
236 236 
236 216 
232 208 
228 212 
240 236 
240 204 
236 208 
236 216 
232 208 
252 208 
228 204 
236 216 
52 36 
236 216 
340 208 
236 208 
232 208 
236 216 
240 216 
240 208 
232 464 
236 224 
236 216 
232 208 
240 208 
236 232 
240 256 
228 208 
240 208 
232 208 
240 1220 
240 208 
240 232 
236 232 
240 212 
232 220 
232 208 
228 204 
232 44 
236 264 
232 212 
240 216 
232 208 
236 208 
240 224 
232 208 
232 208 
232 228 
248 208 
228 208 
236 208 
288 224 
236 240 
236 216 
280 208 
232 216 
232 208 
240 208 
232 208 
236 208 
232 208 
240 208 
244 212 
508 216 
236 232 
236 208 
236 244 
240 268 
236 252 
236 212 
236 212 
236 252 
744 208 
236 236 
236 212 
232 212 
232 208 
236 220 
240 236 
236 208 
208 204 
232 592 
228 204 
240 208 
236 224 
240 208 
236 232 
236 236 
236 232 
212 216 
236 660 
236 244 
236 212 
236 204 
236 232 
236 252 
232 212 
232 216 
232 208 
236 208 
236 220 
240 208 
228 212 
236 232 
236 232 
240 212 
240 212 
232 216 
236 236 
236 220 
240 232 
264 212 
232 212 
232 212 
240 212 
232 208 
236 244 
232 216 
244 208 
236 240 
236 208 
232 212 
236 232 
240 208 
236 260 
232 212 
232 208 
360 216 
236 212 
240 212 
240 208 
240 216 
232 216 
240 264 
232 204 
236 208 
232 232 
232 208 
236 232 
236 224 
228 204 
236 204 
232 204 
236 228 
232 256 
232 208 
232 208 
232 232 
232 1208 
296 212 
236 212 
228 204 
236 212 
236 252 
228 208 
236 208 
236 208 
232 236 
532 212 
232 208 
232 212 
232 208 
240 212 
240 236 
232 212 
236 232 
240 212 
236 376 
228 208 
240 212 
236 212 
240 208 
228 212 
240 212 
232 208 
372 208 
240 568 
240 208 
232 216 
232 208 
236 236 
236 252 
208 204 
228 228 
212 208 
236 248 
236 204 
228 208 
240 252 
240 224 
232 208 
240 236 
240 232 
232 208 
240 208 
232 236 
236 208 
236 236 
232 208 
232 252 
236 212 
292 208 
232 236 
232 208 
240 212 
240 216 
232 208 
236 212 
228 208 
368 208 
232 216 
232 208 
232 212 
228 216 
236 232 
232 208 
236 208 
236 208 
232 212 
228 212 
232 208 
228 208 
368 208 
236 212 
236 208 
228 204 
240 208 
236 244 
228 208 
236 208 
236 236 
236 232 
228 212 
240 208 
240 212 
228 212 
236 208 
236 232 
236 236 
232 204 
240 208 
236 264 
240 212 
232 204 
304 244 
240 208 
232 220 
228 212 
236 236 
228 212 
232 208 
236 248 
232 204 
572 208 
232 232 
232 216 
232 232 
232 212 
244 208 
236 212 
236 236 
232 220 
232 316 
232 212 
240 212 
232 232 
384 208 
240 208 
240 212 
236 208 
208 216 
236 652 
236 208 
236 204 
228 208 
240 216 
44 44 
232 212 
236 232 
216 264 
236 264 
228 204 
228 208 
232 204 
236 208 
232 212 
240 212 
236 244 
236 212 
236 212 
232 224 
236 220 
232 208 
240 208 
236 208 
236 232 
236 212 
236 208 
236 260 
1152 236 
236 208 
236 216 
48 40 
240 212 
236 240 
240 208 
236 220 
240 208 
232 212 
236 204 
240 256 
348 208 
236 220 
236 216 
228 208 
232 204 
240 208 
236 208 
232 232 
232 212 
232 204 
232 220 
236 208 
228 220 
232 208 
240 220 
236 244 
228 204 
228 212 
236 236 
236 48 
236 224 
232 212 
240 204 
240 204 
236 244 
228 240 
232 208 
232 216 
332 232 
236 204 
232 204 
236 220 
232 228 
232 204 
232 244 
232 212 
232 208 
592 212 
1128 204 
232 204 
236 212 
236 212 
232 228 
236 220 
232 228 
236 240 
236 392 
228 216 
228 204 
236 236 
232 216 
232 208 
240 212 
232 204 
212 212 
240 640 
232 212 
228 208 
236 236 
240 284 
232 208 
244 292 
232 232 
208 232 
236 212 
232 248 
232 216 
236 212 
232 224 
232 228 
232 204 
236 204 
1160 216 
232 208 
236 212 
232 216 
236 204 
228 208 
240 216 
240 256 
236 256 
232 264 
236 208 
232 212 
236 216 
236 260 
240 232 
256 208 
232 236 
236 204 
232 208 
236 272 
244 236 
244 208 
236 236 
240 212 
236 232 
236 232 
232 260 
232 244 
232 232 
240 208 
236 256 
240 216 
244 204 
236 216 
236 236 
232 216 
236 236 
240 208 
236 212 
232 204 
236 224 
232 244 
232 216 
236 208 
236 248 
236 240 
236 216 
236 208 
232 212 
236 232 
232 224 
368 232 
232 212 
232 212 
228 208 
232 208 
236 228 
336 212 
236 208 
228 208 
612 220 
232 212 
240 212 
232 204 
236 248 
232 224 
232 208 
236 208 
208 204 
732 208 
236 212 
236 220 
232 220 
240 212 
232 208 
232 212 
232 252 
212 208 
236 684 
228 208 
228 216 
236 212 
228 208 
240 216 
984 236 
228 208 
208 208 
232 248 
240 208 
240 208 
232 208 
232 216 
232 208 
236 264 
240 208 
240 208 
232 208 
232 260 
236 208 
276 204 
240 208 
240 216 
236 208 
236 220 
240 208 
232 212 
236 208 
236 216 
232 236 
228 208 
232 208 
236 216 
228 212 
236 216 
236 212 
232 240 
232 220 
232 216 
228 224 
232 212 
240 236 
228 212 
236 236 
232 212 
244 208 
240 208 
236 216 
296 208 
236 208 
232 208 
236 236 
228 228 
232 216 
236 220 
232 208 
240 216 
236 216 
240 204 
236 252 
228 208 
236 208 
240 208 
240 236 
240 264 
240 268 
232 252 
380 212 
240 236 
240 228 
236 208 
236 236 
236 208 
236 236 
236 236 
236 232 
604 204 
236 204 
256 272 
236 228 
236 216 
252 208 
240 204 
236 264 
232 224 
236 444 
232 204 
264 236 
240 248 
1188 220 
236 208 
240 216 
292 212 
212 212 
232 704 
232 208 
232 212 
232 216 
248 212 
236 208 
44 48 
232 220 
216 212 
236 208 
240 212 
236 220 
236 252 
232 240 
240 228 
232 208 
236 216 
240 236 
232 208 
232 208 
240 208 
232 212 
236 240 
228 208 
236 208 
244 236 
256 208 
232 208 
688 212 
236 208 
236 216 
356 212 
52 44 
240 212 
236 232 
236 232 
236 216 
236 212 
236 212 
236 212 
236 224 
412 208 
236 208 
244 212 
240 208 
236 236 
236 212 
232 208 
228 212 
232 232 
236 232 
232 212 
232 212 
240 236 
236 260 
232 204 
240 212 
236 40 
236 208 
232 208 
228 216 
240 236 
644 208 
236 204 
240 208 
236 236 
240 228 
232 208 
396 208 
232 208 
240 208 
236 240 
240 216 
232 208 
232 340 
244 208 
232 216 
628 212 
232 204 
996 236 
236 208 
236 216 
236 208 
236 232 
240 204 
212 204 
236 484 
236 236 
236 256 
232 220 
232 204 
232 208 
232 236 
240 208 
212 204 
232 724 
232 212 
240 232 
236 240 
260 208 
236 212 
236 236 
240 232 
216 260 
236 212 
228 208 
236 212 
240 220 
240 208 
236 208 
236 236 
236 236 
232 204 
228 208 
240 216 
236 236 
236 244 
240 212 
232 212 
232 208 
232 236 
232 208 
236 208 
236 224 
232 212 
232 280 
232 208 
236 212 
236 228 
240 204 
228 208 
240 212 
236 248 
240 208 
232 204 
232 264 
236 236 
256 208 
232 208 
232 208 
240 208 
236 244 
248 208 
236 216 
236 208 
236 204 
524 256 
236 208 
236 212 
228 212 
240 216 
232 204 
236 204 
232 212 
240 256 
232 208 
236 228 
232 212 
240 208 
232 204 
236 208 
228 208 
240 232 
428 208 
236 204 
240 208 
232 212 
236 208 
236 236 
232 228 
236 208 
236 204 
672 216 
232 248 
236 208 
240 212 
228 208 
232 212 
240 212 
232 208 
220 204 
232 456 
240 204 
236 212 
236 228 
228 220 
228 208 
236 216 
240 204 
212 212 
232 228 
240 224 
232 268 
240 204 
236 208 
236 208 
232 212 
232 204 
228 208 
236 216 
236 208 
232 212 
236 232 
232 212 
232 212 
232 208 
236 208 
240 216 
240 232 
232 224 
232 212 
232 208 
236 208 
236 216 
236 208 
232 240 
228 204 
232 232 
232 252 
236 208 
232 204 
232 208 
232 212 
228 216 
240 204 
236 216 
256 208 
240 208 
240 220 
232 208 
688 232 
236 232 
232 212 
236 208 
228 236 
240 244 
232 212 
236 204 
236 232 
316 212 
240 264 
232 212 
232 208 
240 212 
228 216 
240 216 
240 204 
228 208 
240 216 
208 236 
268 208 
232 208 
240 232 
232 212 
232 212 
240 208 
236 208 
232 244 
408 208 
228 212 
240 260 
260 208 
232 280 
232 212 
240 208 
232 208 
236 212 
692 240 
236 208 
236 236 
236 216 
236 204 
240 216 
236 208 
232 216 
216 204 
240 220 
0 0 
0 0 
232 216 
196 208 
232 236 
23684 216 
0 0 
0 0 
0 0 
0 0 
240 208 
232 216 
236 216 
48 64 
236 208 
236 244 
240 204 
240 208 
240 212 
240 248 
196 240 
232 308 
232 212 
228 212 
232 220 
244 208 
232 204 
232 216 
240 232 
232 228 
240 236 
360 248 
236 224 
232 212 
232 212 
232 208 
236 208 
456 232 
232 208 
232 220 
48 44 
228 208 
240 208 
236 208 
240 208 
236 224 
228 208 
236 216 
232 208 
232 232 
232 208 
232 204 
232 204 
236 236 
236 256 
232 212 
232 208 
240 236 
232 248 
232 208 
260 208 
236 212 
240 212 
236 264 
240 212 
236 240 
232 216 
212 208 
232 44 
236 208 
232 208 
240 212 
232 208 
240 204 
232 208 
232 212 
460 208 
240 236 
232 212 
240 236 
232 216 
228 212 
236 208 
232 208 
240 216 
696 216 
236 212 
232 212 
232 208 
236 216 
236 236 
232 236 
236 256 
212 224 
232 564 
236 212 
232 216 
232 208 
240 216 
236 220 
232 228 
228 212 
212 212 
240 216 
208 212 
228 208 
236 216 
316 208 
228 212 
228 204 
232 208 
240 212 
240 236 
236 212 
244 236 
240 216 
236 216 
228 212 
240 236 
236 220 
260 360 
236 208 
236 208 
236 240 
232 208 
244 208 
240 212 
232 216 
232 232 
232 212 
232 208 
232 232 
228 204 
228 208 
240 216 
228 212 
232 212 
236 236 
240 208 
236 212 
236 208 
236 212 
236 252 
232 212 
240 232 
276 212 
232 212 
232 208 
232 232 
232 240 
228 208 
232 236 
240 208 
240 300 
240 1048 
240 212 
232 216 
236 220 
232 236 
240 208 
232 212 
232 212 
232 212 
236 208 
236 216 
232 208 
240 208 
232 208 
232 204 
232 208 
236 208 
460 212 
240 236 
236 216 
232 208 
236 220 
236 224 
236 208 
228 208 
240 208 
728 208 
236 236 
232 212 
236 208 
236 212 
236 216 
232 212 
236 208 
236 204 
236 564 
232 212 
240 216 
232 212 
232 212 
236 208 
240 232 
236 208 
212 220 
240 236 
236 232 
236 232 
232 212 
236 264 
232 212 
232 212 
240 208 
240 228 
244 208 
236 208 
232 232 
236 216 
236 216 
236 212 
240 208 
240 216 
240 220 
236 236 
236 232 
240 212 
236 220 
244 228 
240 208 
240 236 
228 276 
260 208 
236 232 
232 212 
232 208 
236 232 
240 232 
232 220 
240 236 
232 212 
232 208 
240 216 
232 236 
236 232 
232 232 
232 1044 
236 228 
236 236 
236 232 
248 208 
232 212 
228 208 
240 208 
236 232 
240 236 
228 212 
236 216 
236 208 
236 232 
276 212 
228 212 
228 208 
232 208 
232 208 
260 208 
236 236 
232 208 
228 208 
228 204 
236 232 
232 216 
236 208 
236 232 
504 212 
232 208 
236 256 
236 208 
240 216 
236 212 
208 208 
236 212 
236 236 
752 212 
232 288 
236 216 
232 208 
324 236 
244 208 
232 212 
240 208 
212 204 
236 552 
248 212 
236 208 
240 208 
244 232 
240 208 
240 232 
232 216 
212 208 
228 208 
48 212 
236 208 
232 212 
240 208 
240 208 
236 212 
236 236 
240 216 
228 204 
232 216 
232 208 
240 236 
236 220 
236 208 
240 208 
236 216 
236 260 
232 204 
232 208 
236 212 
228 208 
240 208 
252 208 
236 208 
240 216 
236 228 
232 208 
232 208 
48 44 
236 216 
236 252 
232 212 
236 208 
236 228 
240 208 
232 232 
236 220 
232 212 
236 248 
232 224 
236 220 
232 208 
244 216 
240 216 
228 216 
236 208 
240 212 
232 228 
240 204 
236 208 
232 224 
232 208 
236 232 
232 44 
240 236 
232 208 
228 204 
236 216 
308 212 
232 216 
236 208 
240 212 
192 208 
232 208 
284 212 
240 220 
228 212 
520 216 
232 208 
236 236 
236 244 
236 240 
236 216 
232 204 
236 232 
232 216 
712 236 
232 232 
236 264 
236 208 
232 204 
236 204 
240 220 
228 212 
240 208 
236 592 
232 216 
236 232 
232 260 
232 212 
232 216 
228 208 
236 208 
212 260 
236 220 
1152 208 
240 224 
236 192 
240 208 
232 224 
228 208 
236 204 
236 216 
236 236 
236 208 
236 208 
240 204 
236 236 
232 208 
240 212 
240 240 
236 220 
228 1132 
232 248 
236 208 
232 216 
240 212 
232 212 
232 212 
228 208 
240 208 
232 216 
236 232 
240 232 
288 244 
236 236 
236 232 
232 256 
236 212 
240 232 
240 208 
232 208 
236 208 
236 212 
244 208 
232 208 
232 212 
232 208 
244 216 
236 212 
236 236 
264 208 
236 212 
232 208 
232 204 
1028 232 
232 212 
232 212 
228 208 
236 220 
236 204 
240 208 
236 232 
260 208 
232 212 
232 208 
228 208 
232 216 
236 236 
236 212 
236 236 
232 232 
516 212 
244 208 
236 208 
232 204 
240 232 
232 216 
240 204 
240 232 
240 248 
236 352 
232 208 
236 224 
236 232 
260 208 
236 260 
240 216 
232 208 
1272 232 
236 588 
236 212 
232 208 
232 208 
232 208 
236 208 
236 208 
232 232 
240 232 
244 228 
232 208 
236 208 
228 208 
248 208 
236 216 
240 232 
236 220 
236 208 
236 208 
240 232 
232 208 
240 212 
236 228 
232 232 
236 208 
232 216 
232 204 
228 208 
232 212 
232 236 
240 216 
244 232 
236 236 
228 220 
232 212 
240 216 
236 228 
252 212 
260 208 
232 208 
236 248 
236 208 
236 212 
228 204 
240 204 
232 212 
236 208 
244 236 
236 232 
244 208 
232 232 
236 208 
240 236 
236 224 
236 208 
232 212 
232 256 
240 208 
232 208 
240 208 
244 204 
236 236 
236 208 
244 248 
236 216 
236 212 
236 232 
236 204 
324 208 
236 208 
240 232 
236 208 
236 252 
232 208 
236 208 
244 220 
236 212 
552 208 
272 216 
236 212 
240 208 
240 232 
244 216 
880 236 
240 208 
232 212 
236 384 
232 208 
244 208 
236 232 
236 248 
232 240 
232 208 
232 216 
220 208 
232 628 
236 212 
236 208 
236 220 
232 204 
228 204 
232 216 
236 232 
212 240 
244 256 
228 208 
244 212 
236 212 
232 228 
240 220 
232 208 
232 228 
240 216 
240 216 
240 212 
236 208 
236 212 
236 212 
244 260 
236 248 
240 208 
236 236 
236 236 
48 44 
232 208 
240 204 
236 212 
228 208 
232 204 
236 204 
240 260 
236 216 
232 212 
236 212 
232 236 
236 244 
240 216 
240 252 
232 216 
248 208 
236 208 
268 208 
236 232 
236 236 
232 204 
232 208 
232 212 
236 204 
240 220 
240 212 
44 48 
236 240 
240 232 
232 204 
240 208 
236 208 
228 216 
240 208 
240 208 
240 224 
236 220 
236 216 
232 240 
356 208 
236 208 
236 212 
240 252 
904 232 
240 212 
192 44 
228 208 
232 220 
588 216 
232 204 
232 204 
236 220 
236 232 
232 252 
236 208 
236 204 
228 212 
236 384 
240 208 
240 236 
232 216 
232 208 
236 204 
236 236 
232 208 
212 208 
236 632 
236 224 
232 264 
232 212 
232 204 
236 208 
240 212 
240 212 
208 208 
244 232 
444 220 
236 256 
232 248 
232 208 
236 224 
232 212 
240 216 
232 208 
232 216 
236 220 
236 260 
240 232 
248 216 
232 208 
240 204 
236 212 
236 212 
236 232 
236 220 
240 240 
232 216 
232 208 
232 208 
232 212 
232 216 
228 208 
236 232 
232 216 
240 292 
236 208 
240 216 
236 208 
232 212 
232 204 
528 236 
228 232 
232 204 
240 208 
240 264 
232 212 
240 212 
240 204 
232 216 
236 208 
232 260 
232 248 
260 212 
232 208 
228 204 
232 208 
236 212 
900 232 
240 204 
236 212 
240 212 
240 220 
236 216 
236 244 
368 580 
236 236 
244 208 
236 236 
240 224 
236 208 
236 236 
228 208 
236 232 
572 208 
236 208 
232 208 
232 212 
232 212 
232 212 
232 208 
236 212 
240 232 
236 416 
236 212 
228 212 
232 220 
232 208 
236 232 
236 208 
236 204 
216 212 
236 672 
236 208 
232 204 
240 212 
240 220 
236 204 
232 212 
236 212 
212 268 
236 212 
236 236 
236 216 
236 204 
240 232 
236 216 
236 260 
232 216 
236 212 
244 208 
240 208 
228 272 
232 212 
240 232 
240 236 
240 208 
228 212 
232 208 
236 228 
236 244 
240 220 
232 212 
240 212 
232 208 
388 216 
232 212 
232 212 
228 204 
232 208 
236 236 
228 232 
232 212 
248 212 
232 232 
232 248 
228 208 
240 216 
236 224 
236 208 
236 216 
236 208 
232 208 
240 212 
236 216 
236 212 
236 260 
232 204 
236 208 
240 212 
236 208 
236 232 
236 268 
240 212 
232 244 
228 208 
240 216 
240 232 
240 204 
208 216 
376 208 
232 212 
240 220 
240 236 
236 236 
264 208 
236 212 
232 220 
236 208 
608 208 
236 216 
232 216 
232 208 
236 212 
236 212 
236 208 
240 212 
216 204 
232 456 
236 236 
240 236 
236 232 
232 208 
236 208 
236 236 
236 232 
220 208 
232 660 
236 208 
232 216 
240 232 
244 216 
236 220 
236 236 
236 204 
224 236 
248 256 
232 208 
240 208 
236 224 
236 220 
248 208 
232 208 
236 228 
236 208 
236 212 
228 240 
232 208 
232 208 
436 216 
232 212 
236 216 
232 236 
48 44 
236 220 
240 244 
232 208 
236 236 
236 232 
232 240 
236 216 
232 208 
232 224 
256 224 
232 208 
236 220 
232 208 
236 236 
240 212 
232 220 
236 232 
232 208 
236 208 
240 216 
228 208 
236 208 
244 212 
232 208 
248 228 
48 44 
232 212 
232 208 
244 208 
236 208 
232 208 
240 212 
236 244 
236 212 
232 216 
236 208 
240 212 
232 212 
236 204 
232 216 
232 232 
376 208 
240 264 
232 212 
240 216 
232 232 
236 204 
240 240 
240 252 
232 208 
640 216 
240 232 
232 216 
232 228 
232 208 
232 276 
228 212 
240 208 
216 232 
236 432 
240 212 
240 208 
200 216 
236 208 
236 216 
236 208 
232 220 
212 208 
236 724 
232 212 
240 208 
240 204 
232 208 
256 208 
236 212 
232 208 
208 204 
244 216 
236 232 
432 208 
236 204 
232 208 
236 204 
236 208 
236 216 
232 212 
236 212 
236 232 
236 236 
236 236 
232 216 
228 208 
244 212 
240 232 
236 212 
236 208 
240 216 
232 212 
252 212 
240 232 
228 208 
232 216 
232 208 
240 208 
312 212 
236 208 
240 204 
232 244 
228 212 
232 212 
228 208 
236 216 
240 252 
232 212 
236 468 
232 244 
236 244 
236 216 
236 208 
236 216 
236 232 
236 232 
236 232 
228 204 
236 204 
232 212 
320 232 
240 212 
232 240 
236 204 
236 212 
240 236 
232 212 
232 212 
240 212 
240 240 
408 212 
232 208 
232 244 
232 212 
240 248 
232 212 
236 240 
232 248 
232 208 
668 216 
224 208 
232 256 
232 212 
240 212 
236 236 
240 212 
228 212 
216 208 
236 456 
232 220 
236 208 
236 216 
244 216 
228 208 
232 212 
232 208 
220 1136 
236 684 
236 208 
240 208 
236 244 
236 208 
236 204 
236 240 
240 208 
208 256 
236 216 
240 236 
240 232 
236 232 
240 220 
232 208 
272 216 
240 220 
248 212 
236 236 
232 216 
232 212 
236 212 
240 212 
236 208 
236 220 
228 220 
232 212 
228 216 
236 212 
236 264 
232 212 
232 216 
232 212 
236 996 
240 248 
232 220 
232 236 
240 208 
236 204 
236 216 
232 208 
236 232 
236 208 
236 236 
232 216 
240 212 
236 228 
228 208 
248 216 
252 208 
232 216 
244 224 
240 232 
236 236 
232 204 
332 208 
232 220 
236 208 
228 204 
208 212 
240 268 
236 248 
240 204 
240 236 
228 256 
236 204 
244 208 
236 232 
440 208 
232 208 
232 232 
232 208 
240 208 
240 216 
232 212 
236 208 
236 208 
660 208 
244 212 
232 204 
236 208 
232 208 
240 212 
232 212 
232 208 
220 212 
232 568 
232 212 
236 232 
236 224 
232 232 
232 212 
232 208 
232 216 
224 208 
228 216 
232 228 
232 248 
236 228 
232 208 
244 216 
340 212 
232 208 
228 204 
232 216 
236 208 
240 236 
232 240 
236 208 
232 212 
236 208 
236 212 
232 204 
236 204 
232 204 
236 204 
236 256 
232 868 
232 208 
232 264 
240 236 
232 208 
236 212 
240 236 
48 44 
236 208 
236 264 
232 208 
228 204 
240 208 
240 204 
236 252 
236 212 
352 240 
236 220 
232 208 
236 264 
240 216 
232 220 
236 244 
228 232 
232 208 
240 212 
244 292 
240 208 
236 216 
236 212 
236 204 
236 212 
240 216 
232 244 
196 216 
236 208 
44 44 
224 216 
236 208 
240 232 
240 212 
236 232 
236 212 
236 216 
240 256 
232 240 
464 212 
232 248 
236 212 
236 216 
236 208 
236 236 
236 228 
248 204 
232 208 
672 212 
236 212 
240 320 
228 208 
240 216 
236 224 
232 208 
232 204 
212 208 
236 40 
236 204 
236 208 
228 236 
236 212 
236 220 
240 232 
236 212 
212 208 
232 216 
236 212 
240 232 
232 232 
240 208 
232 208 
236 208 
240 204 
240 232 
236 212 
236 204 
232 1144 
236 212 
228 248 
236 260 
232 212 
232 204 
236 236 
232 208 
244 212 
236 232 
240 236 
236 236 
232 208 
232 208 
240 216 
240 252 
232 208 
236 220 
228 208 
232 208 
244 208 
232 252 
232 212 
232 208 
232 208 
240 212 
240 272 
232 212 
240 212 
232 216 
240 296 
232 224 
228 208 
228 208 
240 220 
232 260 
236 220 
240 236 
232 220 
284 212 
236 204 
236 212 
240 208 
236 208 
232 204 
236 208 
236 236 
232 208 
224 260 
236 216 
236 208 
236 220 
240 212 
232 216 
236 208 
236 212 
232 212 
492 244 
236 216 
232 212 
232 208 
232 204 
268 216 
236 212 
236 236 
232 208 
740 216 
996 212 
232 208 
236 216 
236 216 
236 208 
240 204 
232 204 
216 212 
236 552 
228 212 
232 216 
232 212 
244 232 
232 236 
236 208 
240 232 
212 208 
240 1096 
232 204 
232 208 
240 216 
236 232 
236 204 
240 208 
236 216 
236 208 
240 236 
228 212 
232 212 
240 212 
244 220 
228 212 
236 208 
236 208 
240 208 
232 208 
240 208 
240 212 
236 220 
232 208 
232 208 
236 228 
240 236 
236 208 
232 204 
236 232 
232 224 
236 240 
236 208 
236 220 
896 232 
236 208 
228 216 
236 212 
232 208 
240 240 
236 208 
232 236 
232 208 
236 208 
236 212 
236 216 
256 212 
240 208 
236 216 
232 220 
236 236 
272 208 
236 204 
232 208 
236 228 
260 208 
236 212 
228 208 
240 224 
240 232 
256 212 
240 220 
232 212 
240 208 
236 208 
236 212 
236 260 
268 212 
812 236 
512 212 
232 208 
236 216 
232 212 
236 232 
236 244 
236 212 
268 208 
228 208 
740 244 
228 208 
232 208 
236 232 
232 212 
236 208 
244 232 
244 236 
220 236 
260 512 
240 208 
236 212 
236 208 
236 208 
236 216 
240 244 
256 212 
216 236 
232 212 
232 212 
240 208 
236 256 
232 244 
240 212 
232 236 
256 232 
240 236 
232 208 
240 212 
232 208 
228 216 
236 220 
236 256 
240 216 
236 240 
228 204 
236 216 
232 208 
232 216 
232 220 
236 216 
236 220 
236 252 
240 212 
228 208 
236 208 
244 212 
232 204 
244 208 
236 260 
232 208 
232 216 
240 208 
228 204 
240 220 
236 228 
240 224 
292 208 
240 220 
244 208 
232 208 
236 208 
232 232 
236 208 
240 224 
48 44 
236 212 
236 208 
232 204 
232 224 
228 208 
232 204 
236 236 
256 208 
752 232 
236 212 
240 208 
276 212 
236 224 
240 256 
236 268 
228 208 
232 212 
232 208 
232 216 
232 208 
508 208 
236 236 
236 208 
232 212 
232 208 
44 48 
236 252 
232 208 
232 204 
236 360 
240 220 
236 236 
232 208 
232 220 
232 208 
232 212 
236 224 
216 208 
244 576 
236 212 
248 212 
236 212 
240 208 
236 212 
236 244 
232 232 
208 224 
272 204 
232 212 
236 260 
232 212 
232 128 
240 212 
236 216 
236 244 
240 212 
232 208 
236 228 
236 216 
240 216 
228 212 
232 208 
236 248 
232 208 
240 208 
232 212 
240 208 
260 212 
236 216 
236 236 
236 212 
240 208 
240 212 
236 228 
232 204 
232 232 
232 212 
232 208 
232 220 
232 212 
236 252 
228 204 
244 256 
232 220 
232 208 
236 208 
236 236 
240 256 
236 212 
236 232 
240 256 
236 232 
944 232 
232 204 
232 236 
232 208 
240 212 
236 232 
232 208 
236 216 
236 212 
240 212 
240 232 
248 208 
236 204 
240 204 
288 208 
232 232 
236 232 
236 236 
236 232 
236 240 
232 216 
232 216 
236 268 
536 260 
236 208 
236 208 
232 208 
236 208 
236 212 
240 208 
236 204 
244 208 
784 208 
384 212 
236 216 
232 212 
236 212 
236 232 
236 208 
232 208 
208 240 
240 580 
236 204 
232 208 
232 208 
236 216 
232 212 
232 208 
236 220 
212 232 
232 208 
236 216 
240 216 
236 232 
252 212 
232 204 
240 208 
232 228 
236 248 
232 212 
240 220 
236 216 
236 232 
236 208 
236 236 
240 216 
236 208 
572 204 
232 216 
228 220 
228 216 
228 208 
240 236 
232 212 
240 208 
240 256 
236 204 
236 212 
240 208 
232 212 
232 208 
232 220 
248 208 
232 212 
820 252 
236 212 
228 216 
236 208 
236 208 
240 220 
232 208 
232 212 
228 216 
228 208 
240 216 
236 236 
232 208 
236 208 
236 232 
236 236 
248 212 
236 216 
236 224 
236 220 
236 236 
228 216 
236 220 
240 236 
236 216 
308 216 
240 208 
276 208 
232 204 
240 208 
228 208 
236 236 
236 236 
236 260 
556 208 
232 232 
228 216 
244 224 
244 232 
240 216 
232 208 
236 232 
240 236 
228 360 
236 208 
236 212 
236 212 
236 228 
232 208 
248 204 
232 208 
208 232 
288 576 
236 232 
236 260 
236 204 
232 208 
240 236 
232 212 
236 212 
212 208 
232 212 
236 212 
236 216 
228 212 
244 232 
240 208 
560 232 
260 216 
232 208 
232 216 
232 260 
236 216 
228 212 
232 204 
244 208 
232 212 
228 216 
236 212 
232 240 
252 208 
232 212 
240 260 
236 204 
240 208 
232 208 
236 232 
228 208 
236 204 
240 208 
236 232 
232 204 
236 204 
236 236 
240 220 
232 228 
232 208 
228 208 
240 212 
236 212 
232 204 
216 264 
236 212 
228 216 
232 208 
256 212 
276 208 
232 212 
236 208 
236 208 
240 208 
232 244 
232 204 
240 216 
232 208 
236 204 
236 264 
232 208 
236 216 
236 204 
52 48 
240 236 
232 212 
236 236 
236 228 
236 212 
232 216 
236 216 
236 212 
556 208 
228 208 
232 208 
232 204 
240 208 
236 260 
232 212 
240 204 
232 208 
232 464 
236 208 
236 208 
236 232 
240 208 
236 248 
236 212 
236 216 
48 44 
236 660 
240 224 
236 232 
232 208 
644 208 
236 232 
236 212 
228 208 
216 216 
236 236 
236 244 
236 208 
236 204 
232 208 
244 224 
232 204 
232 208 
228 208 
228 204 
232 236 
232 212 
232 204 
236 224 
240 236 
236 208 
240 48 
232 204 
236 208 
240 324 
240 232 
236 212 
236 212 
236 212 
236 236 
244 208 
236 224 
236 208 
228 208 
240 212 
228 208 
240 232 
232 224 
232 212 
244 208 
236 256 
232 212 
232 208 
240 216 
240 232 
232 232 
232 232 
232 208 
228 232 
232 256 
232 208 
240 208 
240 208 
236 216 
232 208 
240 212 
236 244 
240 232 
244 212 
236 236 
236 212 
232 208 
236 232 
240 232 
304 212 
236 212 
232 236 
244 212 
240 224 
228 208 
236 232 
236 212 
232 204 
572 208 
240 216 
232 236 
236 212 
236 224 
232 208 
236 204 
236 236 
212 232 
232 436 
228 204 
428 208 
240 208 
228 212 
228 208 
236 216 
236 216 
212 212 
232 672 
232 208 
240 216 
236 208 
232 216 
236 208 
236 248 
236 264 
240 212 
240 208 
236 208 
240 220 
236 236 
232 204 
232 212 
228 208 
232 228 
232 208 
228 208 
232 208 
236 208 
244 212 
232 212 
232 220 
236 208 
232 208 
240 264 
236 208 
236 232 
240 228 
248 212 
228 216 
232 208 
228 204 
240 224 
232 224 
232 208 
236 204 
240 256 
0 0 
0 0 
0 0 
228 208 
232 212 
232 212 
240 212 
232 208 
240 212 
236 208 
232 204 
240 212 
236 220 
236 220 
236 236 
228 208 
232 212 
240 244 
236 344 
236 220 
236 324 
236 212 
240 212 
236 208 
240 236 
236 240 
264 204 
228 212 
348 232 
348 212 
236 220 
228 212 
240 208 
236 236 
232 220 
236 212 
240 216 
1212 216 
604 208 
244 236 
252 212 
232 212 
240 212 
236 208 
344 232 
232 228 
220 212 
236 428 
236 232 
236 208 
240 208 
236 224 
228 212 
236 224 
232 212 
216 228 
236 720 
344 208 
240 208 
236 212 
232 232 
240 212 
248 208 
240 216 
212 220 
232 204 
264 212 
240 212 
236 420 
232 216 
236 208 
232 952 
236 208 
240 14932 
0 0 
0 0 
0 0 
240 212 
236 236 
236 228 
236 208 
228 208 
236 208 
232 208 
236 252 
232 224 
232 208 
228 208 
236 260 
240 208 
240 212 
232 208 
228 208 
232 212 
236 212 
240 204 
280 216 
232 212 
240 208 
244 212 
236 212 
236 228 
232 204 
360 204 
232 204 
232 208 
240 208 
260 212 
232 208 
232 208 
236 208 
240 208 
240 208 
240 208 
232 216 
252 224 
240 208 
232 208 
232 208 
240 236 
240 216 
232 224 
236 236 
236 244 
360 212 
228 208 
236 212 
236 216 
232 284 
244 216 
48 44 
232 208 
232 208 
620 208 
240 208 
236 208 
232 240 
232 208 
236 208 
240 212 
236 212 
212 208 
240 476 
232 212 
236 204 
240 216 
228 208 
236 216 
236 204 
232 212 
216 212 
236 736 
236 220 
228 208 
236 236 
1104 208 
48 44 
232 208 
240 212 
212 212 
232 212 
236 212 
240 208 
240 208 
228 232 
228 212 
232 208 
236 212 
232 212 
228 208 
240 208 
240 216 
240 232 
236 236 
236 204 
232 208 
228 208 
244 208 
236 208 
236 224 
236 216 
240 208 
232 264 
240 228 
232 204 
240 208 
236 208 
236 204 
236 208 
240 40 
240 236 
232 240 
232 204 
232 208 
236 208 
236 216 
236 248 
240 212 
232 208 
228 204 
240 208 
240 228 
244 208 
228 212 
236 256 
232 216 
236 256 
240 236 
236 236 
232 208 
232 208 
228 208 
240 232 
232 232 
228 208 
232 208 
232 212 
276 232 
236 232 
404 216 
236 216 
236 228 
236 208 
240 208 
244 212 
232 216 
232 216 
240 216 
668 208 
232 208 
236 232 
232 208 
228 208 
236 236 
236 208 
228 224 
228 208 
240 500 
244 232 
236 988 
228 208 
236 216 
236 216 
240 252 
232 208 
212 204 
232 208 
236 208 
240 232 
232 232 
232 204 
240 216 
236 236 
232 212 
236 212 
236 216 
228 224 
232 240 
232 232 
232 228 
240 240 
240 224 
236 236 
232 216 
236 208 
236 212 
240 216 
264 212 
236 232 
232 236 
232 212 
236 208 
244 212 
248 212 
232 212 
232 204 
232 208 
232 260 
236 208 
236 260 
240 244 
240 208 
236 208 
236 248 
236 212 
232 228 
228 216 
240 204 
232 212 
236 216 
240 212 
244 204 
236 208 
236 204 
232 208 
236 236 
236 244 
236 220 
232 208 
228 208 
240 212 
232 232 
240 204 
232 232 
232 256 
224 220 
796 216 
236 232 
236 208 
240 208 
240 216 
240 228 
236 212 
236 220 
440 208 
236 216 
236 204 
240 288 
228 216 
236 232 
232 208 
232 208 
248 216 
1596 264 
364 208 
240 212 
232 208 
236 232 
232 244 
232 216 
240 204 
216 212 
236 476 
232 220 
236 208 
236 232 
232 268 
296 212 
236 204 
308 260 
220 212 
240 208 
240 236 
240 208 
232 208 
244 212 
232 224 
232 212 
236 208 
244 236 
240 256 
240 212 
236 208 
232 208 
232 220 
236 212 
796 224 
240 208 
360 208 
232 212 
236 232 
232 208 
228 240 
228 212 
232 208 
228 216 
232 212 
240 208 
236 208 
236 236 
232 208 
236 208 
232 204 
236 208 
236 212 
232 232 
240 216 
484 204 
232 220 
232 212 
236 232 
240 208 
236 236 
228 204 
236 212 
240 216 
228 212 
236 224 
240 240 
232 212 
956 212 
232 208 
244 216 
248 208 
232 232 
236 232 
236 212 
236 224 
232 48 
244 208 
236 216 
232 208 
232 208 
228 208 
244 260 
232 208 
228 212 
232 204 
232 212 
476 236 
232 216 
232 208 
240 236 
236 236 
236 248 
232 208 
240 208 
232 264 
684 212 
236 264 
236 224 
232 204 
236 208 
236 232 
236 224 
232 208 
48 44 
232 540 
236 208 
236 236 
236 220 
236 212 
236 208 
240 204 
240 236 
216 220 
228 216 
236 224 
340 216 
232 220 
236 248 
240 212 
240 232 
232 208 
236 40 
236 208 
236 232 
240 208 
228 208 
220 208 
240 212 
232 216 
232 228 
236 232 
196 228 
644 228 
228 232 
192 232 
192 232 
192 208 
196 192 
192 212 
192 208 
196 192 
228 192 
192 208 
232 208 
232 188 
488 212 
212 232 
200 204 
192 212 
228 220 
232 192 
232 228 
236 232 
208 188 
192 228 
192 232 
216 228 
192 252 
216 228 
232 192 
236 232 
232 232 
232 228 
192 228 
232 228 
200 212 
236 196 
232 208 
268 224 
236 232 
236 232 
236 284 
228 232 
196 192 
216 208 
240 212 
212 244 
248 208 
212 232 
276 296 
192 192 
232 400 
232 204 
212 208 
192 192 
252 220 
228 192 
232 192 
212 212 
192 208 
208 364 
236 232 
196 232 
236 212 
232 232 
232 232 
192 284 
240 232 
212 228 
228 208 
228 212 
192 228 
236 228 
212 188 
232 232 
276 192 
192 188 
216 208 
196 208 
236 208 
216 212 
208 212 
232 232 
212 228 
236 232 
224 228 
232 232 
232 192 
196 208 
212 256 
236 192 
212 208 
228 188 
196 208 
196 1036 
236 208 
204 208 
236 232 
196 232 
232 188 
188 208 
232 228 
244 212 
232 232 
236 192 
212 212 
208 208 
208 228 
192 212 
272 204 
232 192 
224 188 
272 192 
232 188 
192 220 
192 188 
196 224 
232 228 
228 188 
220 648 
232 232 
196 188 
216 208 
192 228 
196 208 
232 192 
232 192 
216 208 
216 220 
216 220 
208 232 
192 224 
192 232 
228 224 
196 220 
196 196 
212 204 
232 500 
196 192 
188 232 
216 228 
188 212 
232 196 
212 232 
196 188 
192 212 
684 188 
192 232 
236 232 
188 196 
228 312 
200 196 
192 188 
232 192 
232 192 
236 340 
232 220 
212 212 
216 212 
204 200 
228 188 
232 204 
212 224 
216 220 
220 188 
212 192 
232 272 
232 208 
236 208 
232 228 
200 192 
232 212 
316 228 
232 244 
240 260 
220 212 
212 188 
200 192 
216 196 
232 236 
236 188 
212 220 
232 196 
264 212 
232 212 
240 208 
196 188 
228 684 
216 232 
236 240 
244 212 
232 340 
232 276 
232 204 
220 196 
228 196 
412 240 
220 200 
220 204 
208 196 
212 200 
200 188 
196 216 
224 208 
192 268 
236 188 
228 228 
236 208 
240 252 
200 188 
216 224 
220 220 
196 220 
244 192 
204 216 
224 212 
224 196 
200 192 
232 232 
540 220 
200 192 
228 212 
212 300 
188 216 
232 220 
200 220 
228 192 
204 216 
256 240 
216 1216 
196 196 
204 200 
292 208 
236 208 
240 216 
196 228 
196 212 
196 200 
188 232 
196 196 
196 224 
244 196 
228 192 
240 228 
196 208 
280 248 
260 268 
196 220 
224 236 
212 208 
196 236 
200 208 
236 216 
212 204 
236 216 
220 208 
240 212 
236 208 
312 344 
320 192 
208 196 
340 196 
196 204 
344 200 
196 220 
196 196 
240 208 
192 272 
236 212 
240 204 
196 224 
216 196 
208 192 
236 196 
232 220 
216 216 
232 208 
192 208 
228 208 
236 192 
236 212 
332 192 
196 216 
240 212 
212 232 
240 232 
196 212 
248 208 
236 216 
240 216 
188 188 
216 192 
296 208 
208 192 
220 196 
284 188 
1032 204 
196 208 
252 268 
200 372 
212 232 
236 220 
224 192 
200 192 
208 208 
236 200 
236 220 
244 192 
224 208 
232 212 
240 608 
196 188 
236 200 
204 1284 
316 232 
236 192 
216 196 
232 208 
48 44 
192 208 
236 208 
236 192 
220 200 
212 228 
360 212 
332 244 
240 188 
240 212 
236 216 
240 208 
200 200 
192 188 
224 224 
196 284 
240 216 
196 232 
204 184 
200 196 
236 208 
240 212 
224 208 
312 324 
268 196 
232 228 
48 44 
228 396 
964 288 
328 320 
232 212 
328 352 
256 236 
232 228 
208 208 
216 196 
236 604 
208 208 
232 204 
220 208 
196 236 
232 216 
228 220 
208 224 
204 192 
196 216 
196 196 
216 212 
216 216 
216 204 
208 224 
200 188 
264 208 
204 208 
192 192 
232 232 
232 44 
232 212 
220 216 
216 212 
240 224 
232 240 
896 196 
196 208 
236 212 
212 216 
196 192 
212 208 
236 216 
212 204 
224 196 
220 236 
240 200 
204 220 
240 212 
200 200 
192 284 
208 208 
220 196 
220 208 
192 216 
220 188 
232 208 
208 212 
216 208 
236 208 
236 208 
232 236 
240 252 
240 208 
332 336 
272 236 
332 316 
252 220 
212 192 
240 192 
272 192 
192 204 
224 192 
196 192 
196 192 
216 216 
212 216 
236 216 
188 268 
196 232 
232 204 
240 248 
208 208 
244 300 
196 216 
224 188 
236 232 
240 620 
196 192 
200 240 
200 192 
192 212 
208 192 
196 208 
232 192 
404 204 
240 376 
208 212 
236 208 
312 260 
356 320 
220 192 
232 216 
200 212 
220 212 
232 616 
224 192 
232 208 
232 220 
216 188 
212 228 
192 200 
200 212 
196 188 
196 260 
208 208 
216 192 
232 208 
240 220 
212 192 
724 192 
316 200 
216 196 
192 208 
204 220 
236 216 
216 208 
268 228 
292 208 
240 212 
236 216 
220 220 
240 212 
548 216 
232 208 
204 196 
220 232 
240 216 
236 316 
236 288 
268 288 
232 232 
232 640 
232 220 
228 196 
216 208 
192 192 
204 204 
232 216 
220 216 
196 248 
236 400 
240 256 
236 212 
208 232 
232 204 
308 212 
240 312 
288 224 
236 208 
200 216 
200 212 
200 200 
220 188 
188 200 
200 188 
188 224 
364 216 
236 232 
216 216 
240 212 
212 212 
196 220 
236 692 
200 216 
224 208 
196 188 
192 212 
192 200 
192 208 
236 208 
240 208 
200 216 
228 576 
208 204 
208 212 
208 304 
336 220 
236 208 
232 208 
232 212 
216 444 
232 212 
228 212 
240 224 
216 204 
216 212 
276 216 
236 208 
240 208 
236 648 
232 216 
236 192 
288 220 
1016 284 
220 196 
280 192 
236 192 
188 208 
200 208 
208 224 
232 200 
188 196 
224 212 
196 200 
212 432 
280 196 
208 212 
200 200 
196 188 
196 208 
240 236 
240 212 
356 336 
256 320 
268 236 
252 468 
196 208 
216 196 
196 204 
200 208 
196 224 
228 340 
220 196 
196 192 
196 196 
216 200 
208 236 
200 196 
192 184 
200 304 
232 268 
692 188 
200 216 
216 204 
212 216 
216 208 
212 212 
204 216 
200 216 
196 196 
200 192 
228 188 
196 204 
212 204 
316 224 
196 196 
196 196 
200 192 
196 200 
200 212 
200 220 
204 188 
216 192 
196 204 
648 228 
232 192 
212 188 
220 216 
308 208 
192 184 
496 196 
208 228 
200 232 
236 224 
240 192 
316 44 
232 232 
232 228 
196 216 
472 344 
200 192 
228 196 
192 212 
196 208 
200 196 
192 188 
212 208 
960 208 
252 204 
200 240 
196 192 
208 256 
232 204 
204 292 
276 196 
224 212 
204 208 
196 232 
44 44 
196 192 
196 192 
196 188 
824 204 
208 212 
228 208 
240 212 
204 216 
256 224 
288 208 
196 196 
236 204 
216 212 
216 216 
216 200 
200 200 
212 188 
320 236 
196 196 
196 208 
200 312 
204 196 
212 192 
244 196 
200 260 
228 204 
196 196 
196 44 
196 204 
200 196 
196 192 
228 220 
236 192 
244 196 
304 196 
236 192 
240 224 
208 332 
292 236 
264 240 
248 272 
216 228 
208 236 
216 720 
280 304 
408 260 
212 196 
212 192 
212 196 
232 208 
212 196 
216 600 
204 196 
584 212 
212 560 
636 200 
220 208 
204 196 
204 324 
212 316 
208 192 
216 220 
200 236 
368 196 
228 212 
212 188 
196 300 
196 288 
192 332 
216 212 
192 196 
196 224 
200 192 
192 196 
240 272 
196 220 
324 200 
200 236 
324 212 
236 260 
284 284 
232 236 
268 292 
324 304 
580 204 
332 244 
188 204 
192 196 
196 196 
228 528 
224 196 
244 224 
204 216 
192 216 
204 228 
240 236 
220 192 
192 196 
204 196 
200 240 
232 216 
204 216 
200 200 
196 208 
192 192 
220 232 
204 200 
772 216 
220 416 
204 188 
232 192 
240 208 
288 248 
256 232 
272 280 
340 264 
268 260 
208 200 
200 196 
208 196 
212 204 
192 216 
200 224 
196 192 
212 188 
220 200 
232 224 
196 220 
200 220 
196 188 
224 212 
212 268 
204 220 
272 196 
196 188 
196 192 
196 196 
192 220 
200 208 
772 220 
204 196 
196 208 
200 196 
212 632 
236 220 
200 212 
216 532 
240 260 
192 196 
220 196 
192 208 
200 196 
212 188 
200 188 
200 196 
220 236 
332 240 
192 208 
200 192 
648 224 
220 272 
232 248 
228 204 
196 188 
208 196 
204 196 
196 220 
200 224 
220 192 
212 212 
200 192 
192 252 
208 248 
232 240 
200 188 
504 232 
192 188 
200 208 
208 212 
204 192 
208 196 
228 200 
220 228 
192 192 
272 288 
192 200 
200 196 
200 208 
204 196 
240 248 
212 216 
196 212 
200 220 
316 268 
240 212 
380 316 
220 212 
200 208 
192 208 
192 232 
324 228 
212 248 
248 216 
212 192 
192 204 
192 200 
296 228 
204 208 
200 192 
196 196 
204 212 
196 212 
644 216 
192 196 
200 224 
196 200 
212 200 
192 192 
208 240 
208 276 
308 256 
236 196 
412 228 
492 236 
192 320 
200 184 
316 232 
280 272 
312 280 
240 264 
340 188 
200 220 
200 208 
216 192 
232 332 
260 192 
196 192 
212 232 
196 188 
220 204 
228 192 
220 260 
220 196 
284 504 
212 208 
192 240 
196 268 
296 208 
220 192 
212 228 
220 196 
216 216 
200 188 
212 540 
192 192 
336 192 
252 216 
216 212 
220 196 
208 208 
196 232 
280 188 
192 188 
216 224 
196 252 
312 208 
204 240 
272 244 
316 196 
232 256 
236 232 
260 284 
328 416 
252 224 
268 204 
284 248 
204 204 
200 196 
196 196 
44 184 
356 208 
196 232 
276 192 
192 204 
196 196 
200 228 
260 212 
212 224 
196 192 
192 248 
200 192 
196 196 
220 208 
220 188 
200 208 
204 232 
236 320 
324 296 
252 228 
224 196 
208 204 
340 196 
212 200 
708 188 
228 192 
44 40 
196 1528 
204 208 
200 200 
196 196 
212 200 
296 232 
216 228 
196 192 
192 188 
196 192 
232 196 
192 204 
200 192 
196 188 
252 192 
200 208 
240 220 
228 192 
212 200 
212 48 
680 252 
200 208 
196 200 
204 204 
188 216 
192 208 
192 196 
200 196 
204 188 
224 228 
212 212 
200 196 
200 200 
236 252 
236 1252 
196 236 
236 236 
332 188 
240 208 
196 212 
196 216 
240 204 
196 204 
324 232 
212 192 
192 196 
312 252 
284 236 
244 208 
264 196 
192 216 
204 204 
196 212 
232 192 
196 220 
220 208 
192 188 
196 188 
228 220 
416 196 
216 216 
228 248 
216 240 
240 228 
212 196 
208 192 
208 216 
216 212 
200 292 
192 184 
204 192 
196 188 
236 208 
200 192 
200 196 
420 228 
200 192 
240 216 
216 188 
224 204 
252 200 
192 204 
208 208 
192 188 
344 220 
204 232 
236 208 
228 228 
196 220 
232 308 
232 232 
316 224 
332 284 
204 300 
192 208 
280 232 
212 656 
196 200 
200 212 
212 208 
216 192 
192 196 
240 220 
196 248 
248 228 
232 192 
320 288 
236 228 
244 236 
292 216 
472 256 
332 256 
200 192 
212 208 
220 236 
244 196 
216 192 
196 228 
208 944 
276 208 
212 232 
212 212 
228 216 
384 236 
336 208 
324 232 
240 204 
340 264 
204 216 
200 188 
200 212 
204 196 
192 200 
200 192 
208 204 
196 192 
212 196 
196 196 
220 200 
236 196 
212 212 
224 188 
232 228 
212 212 
216 216 
304 204 
196 192 
204 196 
200 188 
196 192 
196 220 
196 220 
468 192 
200 212 
456 216 
192 188 
220 208 
192 192 
240 192 
196 240 
196 220 
196 208 
220 204 
348 228 
216 188 
236 448 
200 212 
236 196 
200 188 
304 212 
192 204 
196 216 
228 244 
208 216 
200 216 
216 200 
200 212 
192 188 
196 200 
232 192 
192 188 
188 196 
196 192 
192 208 
192 204 
216 212 
224 268 
208 216 
216 192 
212 216 
196 208 
216 212 
192 216 
196 204 
192 188 
192 192 
604 196 
232 212 
196 204 
208 204 
196 228 
192 252 
216 844 
196 192 
188 192 
352 232 
220 256 
192 216 
236 204 
240 208 
192 196 
204 196 
208 208 
204 208 
260 216 
196 220 
724 220 
196 216 
212 208 
200 284 
280 216 
196 236 
220 208 
216 240 
216 216 
196 216 
200 188 
200 216 
188 196 
200 196 
292 240 
200 188 
236 260 
236 216 
272 192 
232 204 
460 268 
252 236 
256 212 
232 196 
280 204 
192 192 
196 236 
196 196 
200 200 
192 192 
200 224 
208 216 
220 196 
384 292 
192 204 
204 196 
48 48 
240 192 
204 260 
200 204 
192 288 
228 208 
192 204 
192 196 
216 220 
216 252 
192 196 
272 240 
228 192 
196 188 
232 200 
216 236 
228 236 
540 556 
324 252 
228 232 
264 212 
300 200 
220 204 
236 232 
248 188 
204 200 
240 196 
192 216 
204 192 
44 40 
196 192 
204 220 
188 220 
436 188 
220 920 
196 216 
200 192 
260 224 
192 220 
204 192 
224 196 
200 236 
200 228 
236 196 
196 196 
212 200 
200 212 
236 224 
408 216 
236 224 
224 236 
196 208 
240 260 
300 232 
320 44 
204 200 
328 204 
240 276 
228 224 
252 240 
200 208 
224 204 
268 260 
192 192 
216 224 
208 208 
224 208 
836 232 
584 212 
216 212 
212 232 
240 204 
192 212 
232 264 
252 212 
252 260 
216 192 
200 196 
204 312 
188 192 
208 244 
208 196 
216 244 
200 224 
212 464 
212 192 
252 208 
204 192 
196 204 
232 228 
228 196 
240 200 
216 196 
208 196 
236 200 
228 212 
240 200 
208 188 
204 200 
224 212 
204 200 
956 196 
216 684 
236 704 
212 192 
196 208 
196 212 
196 196 
244 196 
224 224 
192 204 
192 192 
216 216 
196 200 
276 208 
196 216 
192 192 
192 192 
216 204 
232 196 
224 212 
208 308 
200 196 
196 264 
192 188 
220 224 
192 200 
196 192 
224 216 
232 208 
232 192 
236 200 
208 224 
208 204 
200 196 
212 192 
192 216 
240 264 
664 232 
252 232 
256 332 
220 212 
196 232 
196 188 
232 208 
200 208 
220 196 
204 192 
208 220 
192 192 
196 196 
212 192 
192 188 
236 192 
212 236 
236 188 
192 240 
200 208 
200 192 
216 648 
220 196 
216 652 
200 216 
248 232 
188 204 
216 220 
200 252 
200 240 
204 204 
196 208 
192 208 
192 212 
428 268 
232 200 
208 212 
216 208 
212 212 
212 228 
584 208 
308 308 
236 236 
236 284 
324 236 
208 196 
328 344 
676 312 
216 208 
212 188 
196 212 
192 196 
232 192 
280 248 
252 288 
224 200 
200 196 
192 188 
200 188 
204 200 
196 192 
228 232 
204 204 
196 192 
208 208 
212 192 
196 216 
224 316 
196 248 
228 228 
200 200 
212 408 
200 216 
196 196 
216 192 
200 196 
220 200 
212 204 
208 228 
208 228 
196 192 
228 200 
200 188 
196 248 
220 276 
192 216 
212 196 
208 188 
248 228 
208 188 
204 232 
216 208 
244 240 
200 192 
196 196 
196 188 
192 196 
200 208 
200 216 
248 244 
708 228 
308 236 
340 232 
324 316 
232 268 
320 280 
216 284 
200 196 
216 196 
196 208 
200 188 
212 232 
208 208 
196 224 
212 212 
196 192 
244 212 
216 212 
284 216 
216 220 
216 212 
216 220 
212 232 
208 208 
256 212 
240 248 
272 260 
332 332 
536 308 
328 212 
232 204 
932 236 
232 208 
236 212 
240 208 
164 48 
0 0 
0 0 
0 0 
0 0 
0 0 
0 0 
0 0 
0 0 
0 0 
0 0 
0 0 
0 0 
0 0 
0 0 
0 0 
0 0 
0 0 
0 0 
0 0 
0 0 
0 0 
0 0 
0 0 
0 0 
0 0 
0 0 
0 0 
0 0 
0 0 
0 0 
0 0 
0 0 
0 0 
0 0 
0 0 
0 0 
0 0 
0 0 
0 0 
0 0 
0 0 
0 0 
0 0 
0 0 
0 0 
0 0 
0 0 
0 0 
0 0 
232 208 
236 204 
304 212 
232 212 
244 224 
236 236 
240 212 
232 216 
232 208 
240 216 
236 204 
232 212 
228 208 
464 212 
232 236 
228 212 
240 220 
236 204 
236 208 
244 208 
236 208 
232 220 
240 232 
516 212 
232 208 
236 240 
236 216 
232 232 
324 208 
240 208 
796 212 
236 232 
236 216 
244 208 
228 204 
228 204 
232 208 
552 208 
236 252 
232 216 
236 212 
48 44 
232 208 
240 208 
232 232 
236 212 
232 396 
232 212 
232 212 
232 212 
236 204 
244 212 
232 228 
236 228 
208 212 
240 616 
240 212 
232 208 
236 208 
232 252 
232 208 
232 208 
240 228 
216 212 
92 40 
236 208 
236 212 
240 232 
232 208 
236 212 
232 212 
228 208 
236 220 
600 208 
232 212 
240 212 
232 212 
236 220 
232 212 
236 232 
240 232 
232 212 
232 208 
244 40 
232 208 
232 232 
232 208 
236 216 
236 240 
240 236 
228 208 
240 332 
248 216 
232 208 
236 232 
236 232 
232 216 
384 204 
236 220 
232 208 
236 216 
232 224 
236 208 
236 208 
228 208 
232 208 
244 220 
232 208 
232 208 
228 232 
228 208 
236 208 
236 208 
228 208 
228 208 
240 216 
244 268 
228 220 
232 212 
236 208 
232 208 
240 236 
236 212 
348 216 
232 212 
232 204 
228 208 
240 216 
232 232 
236 208 
236 212 
236 212 
568 216 
236 208 
232 216 
232 208 
236 228 
232 244 
240 212 
236 216 
236 216 
236 408 
232 220 
240 208 
232 232 
236 212 
228 236 
232 208 
236 236 
216 212 
236 648 
236 212 
240 220 
236 208 
228 212 
232 216 
236 204 
228 228 
216 204 
244 224 
236 224 
232 208 
236 216 
236 212 
264 208 
244 204 
240 208 
236 212 
236 232 
240 236 
232 208 
240 208 
236 232 
240 212 
240 232 
236 212 
232 204 
232 204 
236 212 
236 244 
244 208 
732 208 
232 212 
232 236 
236 216 
236 236 
232 208 
228 212 
244 216 
232 220 
232 212 
232 208 
240 204 
236 208 
232 216 
232 212 
232 208 
240 232 
236 208 
236 208 
236 208 
232 208 
236 212 
232 208 
260 224 
228 216 
236 212 
240 268 
228 208 
232 208 
240 212 
232 232 
236 236 
240 228 
232 208 
240 216 
236 212 
236 216 
360 216 
232 204 
232 212 
240 216 
232 232 
228 212 
232 212 
236 208 
228 204 
584 252 
240 216 
236 212 
232 204 
280 300 
232 208 
232 212 
236 204 
220 208 
232 376 
248 216 
232 244 
244 240 
240 208 
236 212 
236 208 
240 208 
212 256 
240 656 
236 204 
260 212 
436 220 
232 208 
236 216 
232 208 
236 232 
220 228 
236 212 
232 204 
232 208 
232 208 
240 220 
232 208 
232 232 
280 212 
232 208 
236 216 
240 264 
276 244 
236 248 
232 212 
232 208 
240 236 
232 212 
232 212 
232 204 
236 208 
232 204 
232 208 
236 232 
236 208 
232 208 
236 220 
232 208 
236 232 
324 272 
236 208 
228 208 
232 236 
232 236 
240 232 
236 208 
232 216 
236 220 
240 208 
236 208 
240 208 
228 212 
64 40 
232 216 
232 212 
236 220 
240 232 
268 212 
232 248 
236 236 
296 220 
240 208 
236 208 
240 260 
240 268 
232 224 
232 208 
232 212 
232 216 
236 232 
404 232 
236 204 
236 260 
236 212 
236 208 
236 248 
232 208 
240 208 
348 212 
584 244 
48 44 
236 208 
240 204 
240 204 
236 256 
240 204 
228 212 
216 208 
240 448 
244 212 
232 236 
232 208 
232 216 
232 216 
240 212 
232 216 
212 212 
236 652 
236 236 
232 208 
244 260 
232 260 
232 212 
232 204 
228 216 
1076 208 
240 216 
228 208 
236 44 
236 236 
232 260 
256 208 
232 212 
236 208 
236 232 
232 248 
236 212 
236 236 
240 208 
236 216 
232 216 
232 208 
228 204 
228 204 
232 208 
232 228 
244 216 
240 220 
236 236 
236 212 
240 208 
236 208 
232 208 
236 220 
232 212 
236 208 
228 208 
232 208 
240 208 
236 864 
232 208 
240 212 
232 220 
236 232 
244 232 
236 240 
232 212 
232 240 
236 232 
228 212 
236 208 
240 212 
232 236 
232 212 
232 260 
244 204 
232 208 
240 208 
240 216 
264 208 
236 208 
240 208 
236 204 
236 216 
232 208 
408 212 
232 228 
232 208 
240 204 
236 268 
248 212 
232 208 
236 208 
232 204 
636 236 
236 248 
232 208 
232 212 
240 212 
240 212 
236 212 
228 212 
212 220 
236 460 
236 212 
236 212 
236 228 
240 244 
232 232 
240 224 
240 212 
212 212 
240 688 
236 216 
244 232 
236 228 
240 208 
236 212 
232 212 
232 208 
212 204 
240 212 
232 324 
236 208 
236 212 
232 248 
232 208 
232 236 
236 232 
240 240 
236 212 
232 208 
228 208 
240 208 
236 216 
232 212 
232 236 
240 204 
232 208 
236 208 
236 264 
232 216 
236 212 
1124 244 
232 216 
236 232 
236 208 
240 256 
232 224 
236 208 
236 216 
232 212 
236 208 
236 248 
240 216 
236 216 
240 220 
236 288 
232 208 
240 208 
232 208 
232 204 
236 212 
236 268 
260 212 
232 208 
240 212 
292 208 
244 212 
232 208 
232 204 
236 232 
232 208 
232 208 
236 208 
240 236 
232 204 
232 260 
236 212 
240 236 
432 212 
236 208 
248 208 
228 212 
232 212 
240 216 
232 212 
232 208 
240 204 
652 216 
240 260 
240 212 
236 212 
236 220 
240 212 
236 208 
236 232 
216 236 
236 416 
240 208 
228 208 
232 208 
232 208 
236 216 
236 252 
240 236 
272 212 
236 212 
232 208 
236 220 
232 236 
240 220 
256 212 
240 212 
236 232 
232 240 
236 220 
292 232 
240 212 
236 216 
244 208 
236 208 
236 204 
240 216 
228 208 
232 212 
232 216 
228 940 
236 240 
232 208 
232 264 
236 232 
236 212 
236 216 
236 212 
240 240 
228 212 
236 220 
240 232 
240 204 
244 212 
232 212 
232 204 
244 208 
232 208 
236 212 
236 220 
236 212 
232 204 
244 208 
240 220 
240 236 
232 260 
228 220 
232 208 
232 204 
232 208 
228 228 
236 204 
232 204 
232 208 
236 216 
236 216 
96 48 
236 216 
232 212 
212 208 
236 236 
236 212 
232 208 
236 208 
232 232 
232 212 
240 208 
236 236 
440 208 
232 204 
232 208 
232 228 
236 208 
236 208 
236 224 
232 208 
232 208 
676 212 
232 212 
240 236 
272 268 
240 220 
52 76 
244 236 
240 232 
216 204 
252 452 
1028 216 
232 216 
232 212 
232 236 
232 252 
228 204 
236 216 
216 240 
236 204 
228 212 
236 208 
236 212 
236 208 
236 236 
240 208 
236 204 
236 208 
608 212 
236 236 
232 232 
244 212 
236 276 
448 264 
232 40 
236 208 
240 224 
232 208 
240 208 
240 232 
232 212 
236 216 
232 220 
240 212 
236 208 
236 208 
236 232 
232 220 
236 208 
236 208 
232 204 
240 212 
232 208 
236 212 
236 208 
240 236 
228 208 
232 204 
232 216 
232 252 
240 236 
728 212 
232 212 
240 264 
236 220 
236 208 
232 212 
232 204 
236 208 
232 208 
236 212 
236 236 
256 216 
236 208 
236 204 
232 208 
232 208 
236 216 
204 212 
236 232 
244 208 
244 208 
236 208 
236 204 
236 224 
228 212 
236 208 
476 232 
236 208 
236 208 
236 220 
348 216 
232 220 
248 208 
240 212 
620 208 
676 208 
240 216 
236 212 
236 212 
236 212 
232 236 
236 240 
232 208 
220 212 
232 464 
240 208 
232 208 
236 208 
240 216 
232 232 
236 248 
240 220 
212 212 
232 232 
236 216 
296 204 
236 212 
236 212 
552 208 
240 208 
240 212 
228 208 
232 208 
232 204 
232 208 
232 208 
240 216 
228 212 
232 208 
236 224 
236 236 
236 212 
236 216 
236 208 
236 208 
232 208 
240 212 
232 220 
232 204 
240 212 
236 228 
244 208 
240 212 
240 212 
236 232 
232 236 
240 208 
236 232 
240 212 
232 216 
228 208 
228 208 
232 204 
236 236 
240 208 
232 208 
232 212 
232 240 
252 208 
232 208 
232 216 
236 212 
236 232 
232 204 
236 204 
236 244 
240 208 
232 208 
240 232 
232 208 
248 216 
240 216 
232 208 
244 240 
236 236 
232 212 
228 212 
236 212 
696 208 
232 212 
228 208 
496 236 
240 220 
240 212 
232 208 
236 212 
240 208 
236 260 
228 212 
236 212 
728 208 
240 208 
236 232 
240 208 
232 244 
240 212 
232 224 
236 208 
208 208 
236 564 
236 232 
232 216 
232 208 
232 204 
232 208 
236 212 
240 204 
212 216 
232 208 
240 208 
236 220 
240 208 
236 216 
236 208 
232 212 
240 232 
248 236 
