# ./FR-trace starting at Mon Apr 20 19:07:14 2020
################# CONFIG #################
# slot=5000
# samples=10000
# threshold=100
# idle=500
# minlen=500
# runs=10000
# pdathreads=2
# nmonitored=2
#   monitor0=../apps/openssl ec2_mult.c:153 0x1e7854
#   monitor1=../apps/openssl ec2_mult.c:161 0x1e789c
# nevicted=0
# npdatargets=2
#   target0=../apps/openssl bn_gf2m.c:412 0x20bd10
#   target1=../apps/openssl bn_gf2m.c:412+64 0x20bd50
# affinity=all
############## SYSTEM INFO ###############
# mastik_version=
# sysname=Linux
# nodename=lovelace
# release=5.3.7-arch1-1-ARCH
# version=#1 SMP PREEMPT Fri Oct 18 00:17:03 UTC 2019
# machine=x86_64
################## DATA ##################
# run=4914
# datapoints=7532
44 48 
232 232 
244 216 
236 236 
232 432 
240 212 
232 224 
236 212 
236 264 
244 208 
240 220 
232 216 
232 216 
240 232 
232 232 
240 208 
236 204 
244 216 
232 212 
232 212 
240 208 
236 216 
232 212 
232 216 
236 208 
228 208 
236 232 
232 204 
236 216 
48 44 
232 240 
232 232 
232 220 
236 248 
240 204 
236 220 
244 208 
232 208 
236 208 
232 224 
220 208 
232 220 
228 208 
228 208 
1216 236 
240 212 
240 208 
240 260 
228 208 
448 212 
236 208 
232 208 
228 208 
236 208 
232 236 
232 208 
240 212 
240 48 
0 0 
0 0 
0 0 
0 0 
0 0 
0 0 
0 0 
0 0 
0 0 
0 0 
0 0 
232 188 
232 228 
192 184 
240 208 
240 260 
232 220 
208 212 
236 208 
544 224 
232 220 
240 212 
232 440 
236 204 
236 208 
232 208 
236 220 
240 212 
232 208 
236 236 
236 212 
232 212 
240 216 
236 224 
236 212 
216 204 
236 212 
236 212 
236 228 
232 204 
236 220 
232 212 
240 212 
216 208 
232 212 
236 208 
232 212 
240 240 
196 236 
232 216 
232 240 
452 232 
228 204 
644 188 
216 212 
232 212 
232 212 
232 240 
232 208 
380 212 
228 204 
228 236 
240 208 
236 212 
240 208 
240 224 
236 248 
240 208 
192 208 
208 224 
1108 208 
232 204 
236 216 
236 228 
236 208 
232 208 
232 208 
236 212 
236 236 
256 208 
236 208 
232 216 
232 212 
236 208 
232 208 
244 208 
472 208 
232 260 
232 208 
232 252 
240 212 
232 204 
240 212 
232 208 
240 256 
688 216 
236 216 
232 208 
240 212 
240 240 
232 212 
236 208 
236 212 
216 264 
232 524 
244 256 
228 208 
232 204 
236 232 
248 216 
236 208 
228 212 
212 208 
236 736 
236 236 
236 244 
236 212 
236 212 
244 216 
244 232 
240 232 
244 212 
240 264 
228 212 
232 212 
240 208 
232 244 
244 212 
240 216 
48 44 
232 216 
236 212 
236 208 
236 220 
268 208 
232 224 
232 208 
720 212 
236 216 
236 208 
232 220 
232 236 
236 212 
236 228 
232 216 
240 208 
232 212 
240 204 
236 208 
236 216 
232 220 
228 208 
228 204 
240 208 
240 216 
44 44 
240 232 
272 216 
236 212 
236 212 
240 212 
236 212 
232 212 
228 212 
232 212 
236 240 
228 204 
232 208 
236 216 
244 232 
236 244 
216 204 
272 212 
240 216 
236 232 
236 232 
236 232 
232 228 
236 208 
240 216 
236 256 
504 232 
232 216 
240 48 
232 204 
232 216 
240 208 
232 208 
240 208 
256 212 
712 208 
232 236 
240 292 
236 232 
340 208 
232 264 
232 216 
240 216 
216 232 
232 572 
232 204 
232 220 
244 208 
240 208 
236 212 
228 208 
236 216 
212 236 
232 216 
236 220 
236 208 
232 204 
236 232 
236 204 
236 220 
236 208 
228 220 
232 212 
244 224 
232 208 
232 212 
220 652 
236 212 
236 252 
236 236 
240 212 
232 224 
228 224 
232 216 
240 236 
240 232 
232 212 
236 212 
232 208 
240 232 
232 232 
336 212 
232 236 
236 208 
236 220 
232 208 
228 232 
232 216 
244 212 
232 236 
232 244 
236 240 
232 204 
236 216 
320 312 
232 208 
236 228 
232 208 
240 212 
236 244 
240 204 
236 256 
236 248 
236 208 
236 216 
236 216 
244 208 
232 208 
236 204 
236 220 
236 252 
264 232 
260 232 
232 204 
240 212 
236 220 
268 212 
388 208 
240 228 
268 208 
236 204 
500 208 
236 220 
236 236 
232 212 
240 208 
240 212 
236 236 
236 212 
236 212 
724 216 
236 216 
240 216 
496 208 
236 224 
240 232 
236 208 
232 208 
216 208 
240 616 
236 204 
236 208 
236 236 
236 212 
232 208 
232 204 
236 240 
216 212 
236 236 
236 244 
556 232 
232 208 
236 204 
228 208 
232 208 
240 220 
244 224 
236 244 
232 208 
240 212 
236 224 
232 216 
228 208 
236 236 
244 208 
336 232 
236 208 
232 220 
236 208 
232 208 
240 236 
240 220 
232 208 
232 212 
240 212 
232 208 
236 232 
236 232 
236 220 
236 208 
236 212 
240 204 
236 232 
216 208 
236 212 
236 208 
244 208 
232 208 
236 236 
232 208 
228 240 
232 204 
236 216 
324 236 
232 232 
240 208 
236 232 
236 236 
232 208 
232 208 
228 208 
236 236 
236 208 
236 232 
240 232 
232 220 
232 204 
284 208 
236 204 
232 212 
236 228 
252 248 
240 208 
228 208 
240 208 
228 216 
528 216 
276 212 
232 208 
236 208 
232 232 
236 236 
236 216 
240 244 
248 224 
240 340 
232 208 
236 260 
236 212 
228 204 
232 216 
228 208 
236 220 
208 1052 
236 604 
236 216 
232 232 
228 212 
232 204 
232 240 
236 204 
232 236 
212 240 
232 204 
236 260 
236 244 
232 212 
240 212 
232 208 
236 208 
240 232 
240 208 
232 212 
240 236 
232 216 
228 224 
240 212 
44 44 
240 216 
236 216 
240 228 
236 228 
232 208 
236 212 
236 232 
236 236 
240 220 
232 336 
236 216 
236 244 
236 208 
232 204 
228 204 
236 208 
236 236 
240 256 
236 224 
240 236 
248 212 
240 212 
240 236 
236 212 
232 216 
236 216 
48 44 
232 256 
232 208 
236 236 
236 248 
236 216 
240 204 
236 244 
236 208 
240 224 
240 220 
236 204 
240 232 
236 240 
236 204 
244 216 
232 208 
224 212 
300 204 
236 212 
240 208 
240 204 
244 212 
288 204 
236 212 
232 228 
236 232 
560 44 
228 212 
228 204 
240 216 
232 256 
236 216 
240 208 
240 208 
236 216 
232 376 
232 208 
236 204 
240 212 
232 252 
228 208 
236 208 
236 232 
216 232 
236 620 
240 216 
240 220 
236 232 
236 216 
240 212 
236 236 
260 212 
216 208 
240 220 
232 240 
236 212 
232 204 
232 212 
236 224 
236 236 
236 228 
248 208 
236 212 
232 204 
232 208 
236 208 
240 1052 
240 204 
236 216 
236 232 
232 228 
228 232 
236 212 
236 232 
236 212 
236 216 
228 208 
228 224 
232 204 
236 216 
236 208 
236 208 
236 216 
236 236 
236 212 
232 208 
236 208 
240 208 
240 220 
236 232 
256 212 
240 244 
236 212 
408 208 
240 208 
232 208 
244 232 
232 256 
232 256 
252 208 
196 240 
236 204 
236 204 
244 220 
236 248 
232 212 
232 212 
232 212 
240 216 
228 212 
236 216 
228 208 
320 232 
236 204 
236 216 
236 232 
236 204 
232 212 
236 208 
232 212 
228 212 
560 224 
240 236 
232 264 
232 208 
240 208 
228 212 
232 212 
240 216 
232 216 
236 408 
232 208 
232 208 
236 216 
232 260 
240 208 
228 216 
240 208 
320 212 
236 632 
244 204 
236 228 
232 212 
236 208 
236 216 
236 208 
228 204 
220 228 
236 208 
280 224 
236 204 
232 216 
228 212 
236 216 
240 212 
240 212 
232 208 
236 212 
240 208 
240 208 
236 224 
236 240 
228 208 
232 208 
236 216 
236 204 
228 212 
232 208 
240 208 
236 216 
232 208 
240 236 
240 236 
244 212 
236 212 
228 208 
236 208 
228 212 
232 212 
236 208 
236 240 
236 252 
228 212 
232 208 
220 212 
236 212 
232 208 
232 208 
236 236 
232 212 
236 204 
236 220 
232 232 
228 208 
236 232 
228 240 
232 212 
236 208 
240 216 
236 236 
232 208 
236 212 
232 212 
236 204 
228 208 
232 208 
240 216 
368 212 
232 212 
240 208 
232 216 
236 212 
236 208 
232 212 
236 204 
240 216 
580 244 
1104 236 
236 212 
236 236 
232 208 
240 244 
240 260 
232 216 
324 216 
240 424 
236 248 
232 208 
240 256 
232 208 
232 212 
228 204 
240 204 
212 248 
232 1164 
288 208 
232 208 
236 212 
244 216 
240 236 
232 240 
228 208 
216 216 
236 252 
232 208 
236 364 
236 212 
232 208 
232 204 
244 208 
236 232 
236 232 
244 208 
240 216 
260 216 
232 216 
232 212 
236 212 
236 236 
236 256 
232 212 
232 244 
232 208 
44 40 
232 208 
240 208 
240 204 
956 220 
232 208 
240 208 
236 212 
232 212 
236 260 
228 228 
236 216 
236 232 
232 248 
232 208 
252 212 
236 216 
240 228 
240 208 
236 232 
240 216 
240 212 
228 208 
232 208 
244 208 
240 216 
236 236 
232 232 
44 48 
236 224 
236 204 
232 208 
232 208 
240 212 
240 216 
232 208 
240 208 
240 212 
972 212 
364 208 
240 204 
232 208 
236 224 
244 216 
232 208 
236 236 
236 208 
236 256 
624 212 
252 208 
232 212 
232 212 
236 264 
236 212 
228 208 
228 212 
216 44 
260 348 
236 216 
232 208 
236 212 
236 236 
236 212 
232 264 
228 216 
220 212 
236 700 
240 232 
232 208 
240 208 
240 236 
232 236 
232 208 
232 216 
212 236 
236 232 
240 216 
236 236 
232 232 
236 236 
232 208 
232 208 
236 216 
228 212 
236 208 
232 204 
232 212 
232 208 
228 212 
236 252 
240 240 
236 208 
232 260 
232 212 
236 236 
236 212 
232 208 
232 208 
240 256 
260 208 
236 236 
264 212 
232 208 
232 208 
232 212 
232 208 
240 220 
236 240 
232 208 
256 212 
240 256 
232 212 
236 208 
240 212 
232 212 
232 208 
232 208 
240 324 
236 208 
228 212 
240 240 
232 208 
884 232 
236 216 
228 228 
236 204 
236 208 
240 236 
236 220 
240 208 
232 208 
236 212 
236 216 
236 232 
396 256 
240 208 
236 236 
232 248 
240 212 
236 220 
236 216 
236 256 
240 212 
636 208 
232 208 
236 420 
236 208 
232 208 
232 232 
236 204 
236 220 
220 212 
240 460 
236 232 
236 232 
240 224 
232 220 
228 212 
236 208 
240 216 
212 220 
232 708 
276 220 
232 208 
236 204 
252 296 
240 208 
244 208 
236 232 
212 232 
264 212 
232 204 
236 216 
236 232 
240 260 
240 216 
240 212 
232 264 
232 208 
240 208 
244 212 
236 208 
236 252 
244 212 
232 212 
228 208 
240 236 
232 212 
236 216 
236 232 
240 208 
236 216 
236 208 
312 300 
236 236 
240 228 
232 208 
244 220 
236 208 
240 208 
232 240 
240 212 
240 212 
228 248 
232 208 
236 208 
604 208 
228 212 
240 208 
240 216 
232 224 
236 208 
236 216 
236 208 
240 236 
236 236 
232 232 
236 220 
228 208 
232 208 
216 212 
236 208 
240 212 
232 208 
232 228 
236 208 
232 208 
232 212 
248 212 
416 228 
240 208 
236 208 
236 212 
232 204 
236 208 
240 212 
240 216 
236 244 
640 232 
668 208 
232 208 
228 208 
236 232 
228 216 
232 216 
236 204 
212 204 
232 476 
240 228 
236 236 
232 212 
240 208 
232 208 
228 224 
232 236 
220 212 
228 204 
236 208 
232 208 
240 232 
236 224 
232 212 
232 208 
232 208 
224 212 
232 212 
232 212 
236 208 
236 208 
232 232 
332 208 
236 216 
240 212 
828 208 
232 208 
240 208 
272 224 
232 208 
240 208 
240 212 
240 212 
236 224 
236 280 
228 212 
48 48 
236 236 
236 240 
236 264 
236 240 
232 208 
596 232 
260 212 
236 208 
232 236 
236 236 
244 208 
236 208 
228 216 
240 212 
232 208 
240 208 
240 216 
240 208 
80 48 
240 204 
236 212 
240 212 
232 212 
232 208 
268 204 
236 228 
236 236 
236 212 
236 224 
244 208 
220 212 
236 236 
232 208 
236 208 
236 204 
232 212 
236 208 
228 212 
236 204 
424 208 
236 212 
236 212 
228 212 
240 208 
236 212 
232 216 
232 44 
232 208 
660 212 
236 216 
232 208 
232 212 
232 208 
252 220 
232 204 
232 224 
220 208 
232 528 
236 212 
236 216 
232 252 
236 212 
240 236 
228 212 
228 220 
208 208 
228 208 
232 220 
232 220 
232 208 
240 208 
236 232 
548 204 
232 208 
232 208 
236 232 
232 212 
244 212 
228 204 
236 204 
232 208 
236 208 
244 220 
236 220 
232 232 
232 208 
236 220 
240 220 
236 252 
240 244 
236 216 
236 212 
240 232 
240 216 
232 204 
236 208 
236 208 
236 212 
232 220 
240 216 
232 208 
236 236 
240 236 
232 208 
236 248 
240 208 
240 216 
236 236 
236 236 
228 216 
232 204 
236 208 
232 216 
228 208 
244 216 
240 236 
236 244 
252 208 
232 208 
228 208 
228 212 
240 236 
232 216 
232 208 
232 236 
204 208 
232 208 
232 220 
236 216 
240 208 
240 208 
236 216 
236 212 
236 236 
440 212 
232 328 
232 216 
232 216 
240 208 
228 204 
236 232 
232 216 
272 204 
652 208 
240 208 
228 212 
236 216 
240 212 
232 212 
232 256 
240 208 
216 236 
236 524 
244 216 
232 224 
236 212 
664 212 
244 208 
268 208 
236 212 
220 212 
236 728 
236 232 
232 224 
240 216 
240 236 
240 256 
260 212 
232 208 
244 248 
236 296 
344 216 
228 212 
240 208 
240 208 
240 204 
236 228 
236 204 
232 256 
232 208 
240 212 
236 240 
232 232 
232 208 
232 208 
232 216 
236 212 
236 212 
240 212 
240 220 
236 216 
228 212 
240 208 
232 208 
240 208 
236 252 
236 216 
236 240 
232 212 
232 208 
240 208 
236 212 
236 224 
240 208 
232 208 
240 220 
244 208 
236 216 
240 212 
232 204 
232 208 
236 232 
232 208 
232 208 
236 216 
240 204 
232 208 
232 208 
236 212 
232 208 
244 208 
236 232 
240 252 
288 204 
232 228 
232 208 
232 232 
240 212 
232 280 
472 208 
232 204 
232 228 
228 208 
236 208 
236 208 
232 236 
240 208 
232 212 
720 208 
228 208 
764 208 
228 208 
236 212 
236 208 
236 232 
236 208 
212 212 
244 528 
240 208 
236 240 
232 236 
232 208 
232 208 
236 236 
232 208 
216 208 
236 208 
240 212 
232 208 
236 228 
232 208 
236 236 
236 228 
276 204 
232 208 
240 216 
240 208 
236 232 
236 220 
232 216 
232 216 
244 208 
236 212 
212 208 
240 232 
232 236 
236 216 
232 208 
232 208 
236 208 
236 208 
44 56 
232 204 
240 236 
236 212 
236 220 
232 208 
236 212 
240 236 
240 216 
232 236 
236 228 
236 204 
232 220 
236 204 
232 208 
232 220 
228 216 
236 216 
240 248 
236 212 
232 212 
232 208 
240 208 
236 216 
236 236 
232 212 
236 216 
240 236 
240 208 
236 228 
48 44 
232 216 
232 216 
236 232 
260 216 
244 212 
240 232 
236 236 
240 212 
240 232 
240 216 
240 248 
236 888 
488 208 
240 256 
236 208 
236 208 
240 236 
240 256 
236 212 
244 208 
236 236 
708 388 
236 232 
236 212 
236 216 
232 208 
236 44 
236 216 
236 232 
212 212 
228 588 
240 208 
244 216 
236 256 
232 212 
236 208 
236 216 
236 232 
216 240 
232 208 
240 208 
240 236 
232 228 
240 216 
240 204 
232 1100 
236 208 
240 216 
236 232 
240 208 
236 208 
236 216 
240 212 
228 208 
240 208 
240 216 
232 204 
228 224 
228 204 
228 208 
240 212 
240 208 
240 212 
236 252 
232 208 
232 208 
240 208 
236 232 
232 208 
252 208 
228 208 
232 236 
236 256 
240 220 
228 212 
244 208 
236 208 
232 264 
232 208 
232 232 
236 236 
232 232 
236 228 
236 216 
236 212 
232 276 
232 204 
240 212 
228 204 
232 212 
236 232 
228 204 
236 216 
244 224 
228 212 
228 208 
232 208 
236 236 
264 208 
236 216 
232 208 
240 212 
232 236 
236 248 
232 220 
236 236 
240 208 
508 216 
232 208 
228 208 
240 236 
236 208 
240 232 
236 208 
236 240 
236 236 
232 356 
280 208 
236 212 
240 212 
232 216 
236 208 
232 232 
240 204 
212 204 
236 600 
240 204 
232 244 
264 212 
232 364 
240 212 
236 216 
240 232 
212 208 
232 212 
236 216 
236 240 
264 208 
232 208 
236 208 
236 256 
236 212 
240 208 
372 204 
232 216 
236 232 
240 208 
236 212 
236 208 
232 208 
236 208 
236 224 
236 248 
236 228 
232 228 
240 212 
232 252 
260 208 
232 220 
232 208 
236 232 
240 212 
236 212 
232 208 
236 212 
240 236 
232 220 
232 204 
232 208 
236 220 
232 240 
236 208 
240 212 
236 220 
236 232 
228 204 
228 208 
236 216 
240 236 
240 220 
240 212 
232 208 
232 208 
228 204 
236 236 
232 260 
236 208 
240 208 
232 228 
232 212 
236 216 
236 204 
236 208 
280 212 
416 204 
240 236 
232 236 
236 236 
236 208 
240 232 
236 240 
232 204 
524 204 
240 208 
232 224 
228 208 
232 208 
232 212 
236 208 
236 216 
236 204 
752 212 
236 244 
232 1172 
236 232 
228 276 
236 212 
240 212 
228 208 
216 212 
232 616 
240 260 
236 236 
240 256 
232 236 
232 212 
244 208 
232 212 
216 236 
236 256 
236 204 
236 220 
236 216 
260 204 
236 204 
240 236 
228 208 
236 204 
372 216 
236 208 
236 252 
232 248 
232 232 
244 208 
236 236 
232 212 
232 216 
208 208 
240 224 
232 240 
232 212 
232 212 
236 236 
272 204 
232 232 
232 228 
236 212 
232 208 
236 232 
232 260 
232 232 
236 232 
256 208 
236 252 
236 220 
236 232 
236 208 
240 232 
240 232 
256 212 
48 40 
240 208 
232 204 
228 212 
228 208 
244 204 
236 216 
236 236 
284 236 
240 208 
940 216 
236 212 
236 208 
236 208 
236 232 
228 208 
236 208 
240 208 
300 212 
232 212 
232 208 
240 208 
240 212 
232 232 
236 252 
232 212 
240 212 
1020 248 
228 212 
240 204 
40 48 
236 208 
248 212 
232 208 
268 220 
236 212 
236 384 
232 208 
236 208 
320 236 
240 264 
240 248 
240 212 
232 208 
208 212 
232 652 
232 208 
232 232 
236 208 
232 232 
232 212 
228 212 
244 216 
216 212 
232 212 
236 236 
288 208 
236 236 
232 48 
228 216 
948 232 
236 208 
232 204 
232 216 
240 204 
236 252 
236 216 
232 208 
232 212 
248 216 
232 208 
232 208 
232 216 
228 280 
240 212 
232 216 
240 212 
232 228 
240 236 
236 220 
236 208 
232 204 
240 216 
240 208 
236 212 
232 204 
232 232 
228 212 
228 208 
236 204 
232 212 
236 236 
236 232 
232 208 
868 236 
240 208 
240 224 
284 208 
236 208 
236 220 
232 208 
252 212 
228 212 
228 208 
236 240 
236 208 
232 208 
232 208 
240 208 
252 208 
228 208 
232 232 
232 204 
336 260 
236 212 
236 232 
240 208 
240 208 
236 212 
240 264 
232 212 
240 264 
568 228 
232 216 
244 212 
232 204 
240 232 
240 232 
236 208 
236 240 
236 236 
232 404 
236 208 
368 208 
236 212 
232 216 
236 212 
236 264 
236 244 
212 208 
232 660 
232 208 
236 232 
236 216 
236 212 
236 236 
240 248 
236 244 
212 232 
232 208 
232 212 
228 212 
240 216 
232 236 
232 240 
236 240 
228 208 
232 208 
232 204 
240 204 
236 212 
240 220 
232 212 
232 208 
236 208 
240 216 
236 204 
236 220 
236 208 
228 212 
232 212 
232 216 
240 208 
240 208 
232 208 
236 208 
240 232 
240 216 
816 244 
244 208 
236 220 
236 212 
232 208 
228 216 
240 208 
232 212 
240 208 
232 212 
240 212 
232 208 
232 248 
236 204 
240 244 
276 208 
228 204 
236 220 
232 236 
236 212 
236 208 
240 240 
240 256 
236 208 
236 208 
236 232 
236 256 
244 208 
236 208 
240 212 
360 208 
232 216 
236 212 
236 208 
236 224 
348 232 
232 224 
240 208 
240 244 
600 268 
236 208 
232 208 
236 236 
244 212 
228 204 
232 216 
240 228 
236 260 
240 400 
240 212 
232 208 
236 236 
236 252 
232 216 
236 220 
236 248 
212 244 
232 680 
240 208 
236 232 
232 208 
236 216 
240 260 
236 212 
236 232 
220 212 
232 208 
236 208 
240 208 
244 212 
236 232 
240 208 
236 208 
236 208 
228 212 
240 232 
228 208 
232 212 
232 208 
236 216 
236 220 
232 212 
236 208 
240 212 
940 236 
236 208 
232 212 
240 208 
228 216 
232 204 
232 212 
240 216 
240 236 
236 256 
232 208 
236 204 
232 212 
236 216 
236 232 
236 236 
236 240 
228 212 
232 240 
232 224 
232 216 
232 216 
236 212 
240 208 
236 216 
256 228 
232 208 
228 212 
236 260 
236 232 
232 212 
236 244 
232 208 
536 208 
232 236 
248 208 
236 208 
228 212 
240 208 
236 204 
236 236 
368 208 
236 212 
232 232 
240 208 
236 248 
44 40 
232 208 
236 208 
236 216 
612 232 
232 208 
232 208 
236 256 
240 256 
236 204 
232 208 
236 216 
220 216 
236 432 
236 212 
232 208 
228 212 
240 208 
240 220 
228 212 
236 224 
540 204 
236 704 
232 232 
240 208 
236 260 
248 220 
232 212 
236 212 
48 44 
216 216 
236 260 
236 208 
228 208 
232 208 
240 208 
232 212 
232 212 
884 228 
232 208 
240 208 
236 216 
232 256 
232 244 
236 208 
236 232 
232 260 
236 208 
240 208 
236 256 
344 92 
0 0 
0 0 
0 0 
0 0 
0 0 
0 0 
0 0 
0 0 
0 0 
0 0 
0 0 
0 0 
0 0 
0 0 
0 0 
0 0 
0 0 
0 0 
0 0 
0 0 
0 0 
0 0 
0 0 
0 0 
0 0 
0 0 
0 0 
0 0 
0 0 
0 0 
0 0 
0 0 
0 0 
0 0 
0 0 
0 0 
0 0 
0 0 
0 0 
0 0 
0 0 
0 0 
0 0 
0 0 
0 0 
0 0 
0 0 
0 0 
0 0 
0 0 
0 0 
0 0 
0 0 
0 0 
0 0 
0 0 
0 0 
0 0 
0 0 
0 0 
0 0 
236 208 
240 212 
236 264 
240 236 
212 300 
236 640 
228 220 
236 208 
236 212 
236 236 
236 204 
240 208 
296 216 
212 212 
332 220 
232 252 
240 232 
232 212 
232 212 
232 208 
232 216 
232 228 
236 208 
236 252 
232 212 
232 208 
240 220 
240 212 
232 208 
236 208 
236 236 
232 208 
232 204 
244 212 
240 232 
240 232 
236 228 
240 236 
236 232 
240 208 
232 212 
240 228 
236 208 
240 212 
232 216 
240 204 
236 252 
236 240 
244 208 
236 232 
228 204 
236 204 
236 208 
232 208 
240 236 
236 260 
232 208 
232 208 
236 208 
240 212 
232 212 
236 212 
244 216 
236 208 
240 208 
240 208 
232 208 
232 208 
240 288 
236 236 
236 236 
240 212 
236 204 
404 224 
236 252 
232 208 
232 208 
632 204 
240 204 
232 232 
232 232 
232 208 
640 212 
232 204 
236 220 
232 212 
228 208 
240 232 
240 256 
236 216 
212 220 
240 484 
232 248 
240 208 
240 332 
236 232 
244 212 
236 216 
236 216 
336 212 
236 716 
228 212 
236 216 
236 212 
232 208 
236 232 
236 244 
236 208 
240 212 
232 236 
240 208 
232 216 
232 232 
232 236 
236 224 
236 204 
240 208 
236 220 
236 208 
240 216 
228 204 
232 208 
236 208 
240 208 
240 228 
228 220 
232 208 
236 228 
236 212 
232 208 
240 216 
236 228 
240 208 
236 216 
236 248 
232 212 
240 208 
240 216 
248 212 
228 208 
236 220 
236 212 
236 236 
236 208 
316 212 
232 208 
236 256 
236 232 
236 204 
232 208 
232 212 
232 212 
252 212 
240 220 
236 220 
240 204 
236 264 
232 208 
232 204 
220 208 
232 212 
224 392 
232 208 
240 212 
236 216 
232 216 
236 208 
236 256 
424 212 
236 212 
236 204 
240 204 
240 212 
228 212 
228 208 
256 208 
236 208 
640 212 
232 204 
240 208 
236 236 
228 212 
228 208 
232 68 
232 260 
212 252 
240 500 
240 208 
236 216 
232 208 
232 204 
240 248 
232 236 
236 252 
224 212 
240 728 
236 232 
240 228 
232 268 
240 208 
232 220 
232 208 
232 208 
240 216 
252 208 
232 208 
228 204 
244 208 
236 216 
236 212 
48 40 
232 204 
236 232 
236 236 
236 220 
232 204 
328 232 
236 252 
236 248 
228 208 
236 208 
236 236 
232 236 
236 212 
236 212 
232 216 
240 208 
232 216 
236 228 
236 224 
240 212 
228 208 
236 208 
236 216 
232 208 
240 212 
236 236 
240 212 
236 40 
236 204 
232 208 
232 208 
248 216 
240 208 
1172 240 
236 236 
232 208 
232 208 
236 232 
232 212 
240 212 
232 208 
236 208 
240 220 
224 208 
232 224 
236 236 
236 220 
232 212 
232 208 
236 236 
236 256 
236 212 
440 208 
240 212 
232 216 
244 216 
232 228 
232 248 
236 208 
228 212 
228 216 
704 208 
240 232 
232 228 
236 212 
236 216 
236 240 
236 872 
232 208 
220 204 
236 468 
236 204 
232 216 
240 204 
232 204 
232 208 
240 216 
236 244 
208 204 
236 212 
240 204 
232 232 
236 248 
236 232 
228 204 
236 216 
232 216 
216 220 
232 208 
240 204 
236 212 
236 208 
232 216 
232 204 
236 212 
232 208 
232 208 
240 204 
240 232 
240 212 
236 236 
236 208 
304 256 
236 252 
232 212 
236 216 
232 212 
232 216 
328 220 
228 212 
236 212 
236 232 
232 216 
236 208 
228 212 
232 208 
240 220 
236 208 
228 208 
236 208 
232 208 
240 224 
240 240 
240 244 
232 208 
232 236 
228 208 
240 224 
236 248 
236 204 
236 204 
236 216 
240 208 
232 208 
244 212 
232 212 
236 212 
236 232 
236 212 
240 212 
228 204 
232 208 
236 208 
232 216 
236 216 
240 220 
236 216 
452 204 
236 252 
232 204 
236 212 
232 904 
236 232 
236 264 
232 216 
288 204 
720 208 
236 212 
232 208 
232 208 
228 212 
232 236 
232 232 
240 208 
204 216 
236 516 
236 236 
232 208 
236 224 
236 232 
232 212 
232 208 
232 208 
216 232 
232 208 
232 212 
228 208 
232 256 
232 240 
228 216 
232 212 
228 232 
236 204 
236 216 
228 248 
236 256 
232 208 
236 216 
236 232 
236 240 
236 208 
232 208 
256 208 
232 212 
236 212 
236 236 
232 212 
232 232 
240 204 
232 220 
236 228 
232 204 
240 260 
236 252 
236 232 
232 208 
232 212 
236 216 
236 232 
236 208 
228 212 
232 208 
232 212 
240 208 
236 212 
232 240 
264 212 
232 212 
236 208 
240 212 
240 224 
232 208 
232 216 
240 208 
240 216 
236 204 
232 208 
232 208 
236 244 
232 232 
236 212 
240 208 
236 216 
244 208 
232 212 
236 1044 
236 204 
232 216 
236 208 
236 208 
236 216 
228 208 
484 208 
240 208 
232 400 
272 224 
236 224 
232 212 
236 212 
232 236 
236 252 
744 208 
232 216 
232 208 
232 208 
240 212 
232 208 
236 208 
56 44 
232 208 
232 572 
232 204 
236 212 
232 208 
228 224 
232 208 
236 208 
240 208 
212 232 
232 232 
232 216 
264 216 
236 208 
236 208 
240 208 
240 252 
240 216 
236 212 
228 212 
244 212 
236 216 
236 232 
232 208 
236 204 
236 204 
236 208 
48 232 
228 208 
240 284 
236 208 
240 224 
236 236 
232 208 
304 236 
248 212 
236 204 
228 212 
240 204 
236 236 
236 212 
236 212 
236 240 
712 208 
236 208 
236 208 
232 212 
228 212 
236 208 
264 208 
228 208 
232 212 
240 208 
236 212 
232 44 
236 208 
232 248 
236 216 
240 208 
240 268 
236 1212 
236 212 
236 212 
232 212 
236 240 
240 212 
236 216 
236 208 
240 248 
284 208 
232 224 
236 208 
240 232 
240 208 
232 212 
236 216 
240 208 
216 212 
484 208 
236 256 
236 220 
232 208 
388 212 
228 208 
236 208 
232 224 
236 208 
740 208 
236 220 
236 264 
236 212 
240 228 
240 208 
656 216 
240 208 
216 212 
240 576 
236 244 
232 208 
232 208 
228 208 
340 236 
240 216 
236 216 
232 212 
240 216 
236 248 
232 208 
236 208 
232 204 
232 204 
236 212 
240 232 
240 240 
232 208 
236 208 
240 260 
240 208 
236 208 
236 232 
240 208 
236 216 
236 232 
240 232 
232 208 
236 212 
244 208 
256 220 
232 212 
232 208 
232 208 
236 204 
236 236 
240 244 
236 232 
236 212 
232 216 
236 236 
240 236 
236 252 
240 216 
232 212 
232 208 
240 216 
228 208 
240 204 
232 220 
236 212 
236 220 
240 216 
240 204 
232 240 
232 208 
236 212 
236 232 
236 248 
232 208 
232 212 
228 208 
232 208 
236 232 
232 236 
232 224 
232 208 
300 204 
232 208 
236 236 
236 220 
228 216 
240 208 
240 236 
232 216 
232 208 
512 220 
232 208 
244 208 
232 248 
228 216 
232 260 
232 212 
240 212 
232 212 
236 372 
232 212 
232 220 
232 208 
252 208 
236 256 
248 208 
232 208 
212 232 
232 592 
268 204 
240 236 
236 232 
236 216 
228 204 
232 208 
232 216 
220 212 
240 228 
240 232 
232 208 
236 208 
236 208 
232 236 
232 204 
240 208 
236 224 
236 208 
236 208 
700 252 
232 208 
240 216 
228 208 
240 212 
240 212 
236 212 
232 212 
240 208 
232 212 
252 208 
232 208 
236 208 
236 236 
236 252 
232 212 
256 204 
240 208 
240 208 
236 208 
232 208 
264 216 
236 208 
236 208 
244 208 
236 208 
236 212 
236 232 
236 232 
232 212 
228 212 
232 224 
232 208 
228 212 
236 232 
236 208 
236 256 
232 244 
236 208 
240 208 
244 212 
208 208 
196 200 
232 212 
236 208 
232 208 
232 212 
240 208 
300 220 
236 252 
240 252 
228 204 
236 204 
236 212 
236 212 
244 212 
232 208 
436 208 
232 236 
232 208 
232 224 
232 208 
232 208 
236 208 
240 212 
232 208 
240 380 
240 224 
240 216 
236 212 
228 204 
232 208 
44 44 
236 256 
216 232 
240 596 
232 208 
228 208 
232 208 
232 208 
236 236 
240 212 
240 204 
220 220 
1064 212 
236 208 
236 204 
240 208 
232 236 
232 212 
232 212 
240 232 
232 236 
232 212 
232 212 
232 208 
232 208 
244 204 
236 232 
52 48 
236 220 
232 212 
236 208 
240 232 
240 212 
232 208 
232 208 
240 236 
228 212 
236 204 
240 216 
232 212 
240 208 
240 212 
228 208 
236 236 
236 216 
280 252 
228 208 
240 216 
236 208 
228 208 
236 236 
248 204 
228 252 
232 236 
240 212 
232 40 
236 236 
264 212 
236 212 
232 216 
228 208 
240 212 
232 208 
232 212 
240 232 
232 208 
236 212 
236 216 
232 208 
232 208 
240 204 
304 240 
232 212 
232 216 
236 232 
236 244 
236 212 
236 208 
236 212 
596 256 
560 220 
236 208 
240 208 
240 212 
236 204 
240 236 
228 204 
232 208 
240 220 
236 416 
232 208 
236 208 
236 216 
232 208 
252 232 
252 208 
720 212 
216 224 
236 656 
232 208 
232 212 
240 220 
244 236 
240 204 
236 216 
232 212 
212 208 
232 208 
236 220 
260 208 
232 212 
240 216 
236 208 
236 212 
240 224 
240 208 
232 236 
232 208 
236 212 
244 208 
236 208 
240 232 
228 208 
236 216 
232 208 
244 212 
236 236 
232 208 
236 208 
244 232 
240 208 
236 212 
232 208 
232 212 
236 236 
236 204 
232 208 
236 212 
240 220 
232 232 
236 220 
240 232 
236 236 
240 240 
232 216 
232 212 
228 208 
244 236 
232 212 
240 236 
232 224 
240 212 
232 208 
236 236 
232 212 
228 216 
232 212 
232 204 
240 212 
236 232 
232 212 
232 308 
240 208 
200 260 
236 216 
232 544 
336 212 
236 240 
232 244 
240 212 
240 208 
240 208 
228 208 
240 212 
240 208 
588 212 
232 212 
228 204 
232 208 
236 232 
240 208 
280 208 
232 208 
236 236 
236 400 
236 208 
232 212 
240 212 
232 208 
236 208 
236 216 
232 232 
212 252 
240 656 
228 204 
240 212 
240 212 
240 204 
240 216 
240 208 
232 208 
216 204 
240 216 
236 204 
228 208 
236 208 
240 208 
240 236 
240 240 
232 212 
232 204 
240 208 
236 228 
240 216 
232 204 
240 232 
236 236 
236 240 
260 212 
232 204 
236 208 
236 256 
312 208 
236 212 
232 204 
240 208 
236 232 
232 212 
236 232 
236 224 
236 208 
240 232 
308 212 
240 216 
232 228 
256 208 
236 212 
236 232 
232 208 
232 208 
232 248 
232 212 
228 212 
236 232 
232 224 
232 208 
240 420 
300 208 
232 204 
236 208 
232 208 
244 208 
232 232 
228 216 
240 212 
236 232 
236 212 
236 208 
236 252 
236 204 
236 244 
380 232 
240 216 
232 232 
236 208 
232 208 
240 204 
228 236 
240 208 
236 208 
604 224 
232 208 
240 212 
236 208 
232 212 
240 216 
240 252 
236 232 
220 256 
232 456 
236 208 
240 216 
236 244 
232 244 
236 208 
236 220 
232 208 
208 208 
240 600 
268 228 
232 204 
232 204 
240 208 
236 260 
232 208 
240 216 
216 232 
240 216 
236 204 
236 216 
228 216 
232 208 
228 208 
236 232 
48 216 
236 212 
240 256 
240 208 
244 212 
232 212 
232 212 
236 236 
236 264 
228 208 
236 232 
236 308 
240 224 
232 236 
232 212 
236 208 
240 208 
232 204 
232 208 
232 212 
236 228 
228 212 
236 216 
232 208 
240 216 
236 232 
232 204 
380 220 
48 36 
232 236 
236 212 
232 208 
236 216 
244 232 
236 248 
232 208 
236 208 
228 212 
240 236 
264 212 
236 224 
232 232 
236 212 
236 232 
236 212 
236 236 
228 212 
236 208 
232 212 
240 232 
232 208 
232 208 
396 236 
236 208 
240 212 
236 44 
240 208 
232 208 
232 204 
240 204 
232 208 
636 212 
240 232 
232 316 
236 212 
232 212 
232 232 
236 228 
228 208 
236 236 
236 460 
232 208 
236 212 
240 212 
232 208 
232 208 
228 208 
236 1008 
216 208 
236 704 
232 224 
236 204 
240 212 
232 212 
232 204 
236 208 
236 232 
212 208 
240 232 
248 208 
232 208 
236 220 
232 212 
232 208 
232 212 
240 208 
240 220 
240 256 
228 208 
232 212 
236 252 
236 252 
232 212 
240 208 
240 208 
236 208 
232 216 
232 224 
232 228 
240 208 
1060 220 
232 208 
232 212 
240 208 
240 236 
236 236 
232 208 
228 208 
240 256 
236 208 
240 208 
232 220 
228 212 
232 216 
236 212 
236 212 
236 216 
232 208 
240 216 
236 216 
232 208 
232 208 
240 208 
236 232 
232 312 
240 208 
232 216 
236 204 
232 208 
236 208 
236 208 
232 208 
240 212 
236 212 
232 344 
240 220 
236 212 
408 208 
236 228 
240 220 
240 212 
232 204 
236 208 
240 212 
228 212 
240 240 
668 244 
240 264 
236 204 
244 212 
236 228 
232 216 
240 212 
236 212 
220 204 
240 464 
236 224 
232 208 
232 208 
232 204 
236 204 
236 232 
236 212 
212 208 
232 716 
236 220 
232 212 
232 212 
240 208 
240 216 
232 212 
236 212 
216 236 
232 220 
232 204 
232 248 
232 208 
232 232 
240 208 
236 208 
232 216 
240 216 
232 224 
228 208 
232 216 
232 208 
236 208 
232 208 
236 232 
232 236 
236 208 
232 208 
236 220 
240 208 
232 204 
236 204 
240 228 
232 208 
232 204 
244 208 
236 208 
236 212 
240 208 
232 236 
232 204 
236 208 
232 208 
240 212 
236 212 
236 216 
232 224 
236 208 
236 236 
260 204 
232 208 
236 236 
232 212 
232 212 
908 500 
232 216 
232 208 
244 208 
236 212 
220 208 
236 208 
228 208 
228 208 
232 208 
240 216 
236 208 
232 240 
232 212 
384 216 
236 244 
236 208 
236 244 
236 236 
232 208 
240 212 
236 212 
232 212 
668 208 
236 208 
240 216 
236 252 
232 212 
232 212 
240 212 
232 212 
216 208 
232 512 
228 208 
236 208 
236 232 
232 260 
244 208 
240 208 
240 236 
212 212 
236 204 
236 216 
232 232 
236 244 
232 212 
240 212 
244 216 
240 212 
212 232 
232 216 
232 208 
236 220 
236 268 
232 208 
228 212 
244 224 
236 212 
228 208 
232 212 
240 236 
232 220 
240 240 
228 208 
236 212 
244 220 
336 208 
240 208 
232 216 
236 248 
232 216 
244 208 
232 208 
48 44 
236 216 
232 208 
236 212 
248 208 
236 208 
232 208 
240 236 
236 220 
232 212 
240 216 
236 980 
228 240 
252 212 
240 216 
240 212 
232 224 
236 232 
232 208 
236 208 
240 240 
232 216 
236 236 
232 224 
236 232 
232 212 
44 44 
204 260 
232 208 
240 232 
232 216 
228 224 
192 208 
236 224 
240 232 
240 44 
440 208 
236 232 
232 208 
232 208 
236 232 
208 212 
232 228 
232 188 
208 188 
228 212 
232 188 
232 232 
192 192 
192 232 
232 448 
232 188 
232 232 
212 232 
236 524 
232 196 
196 232 
220 204 
232 208 
208 232 
232 228 
196 232 
212 228 
232 228 
224 232 
188 188 
192 220 
192 192 
208 228 
212 200 
192 192 
228 212 
232 232 
232 236 
236 232 
272 248 
188 232 
232 228 
188 240 
236 228 
232 208 
236 232 
216 188 
264 188 
232 236 
236 192 
232 232 
232 192 
212 208 
236 236 
236 204 
220 232 
236 188 
232 232 
212 192 
236 232 
236 232 
236 232 
232 228 
196 228 
192 188 
232 228 
312 188 
236 232 
232 232 
236 232 
232 228 
232 232 
212 208 
232 208 
236 228 
192 220 
228 232 
192 224 
216 188 
232 228 
228 196 
232 236 
196 192 
196 208 
232 212 
212 212 
236 212 
328 204 
212 212 
232 232 
200 208 
192 228 
232 232 
232 228 
236 228 
452 232 
228 232 
212 192 
236 228 
216 228 
228 228 
196 232 
208 228 
216 204 
716 224 
200 188 
228 192 
192 232 
196 204 
196 356 
748 272 
188 312 
208 232 
228 640 
212 212 
192 204 
224 192 
196 192 
192 232 
196 204 
212 232 
220 212 
216 204 
196 228 
196 228 
196 228 
200 192 
232 228 
236 232 
228 216 
232 192 
192 192 
224 196 
232 232 
216 220 
236 248 
536 232 
192 204 
200 232 
228 212 
224 192 
220 232 
264 252 
256 220 
212 220 
232 560 
236 232 
192 196 
220 284 
220 260 
224 212 
188 204 
192 192 
196 252 
196 212 
208 216 
236 276 
232 212 
232 212 
252 204 
196 216 
192 212 
220 224 
196 208 
232 236 
244 232 
252 216 
228 212 
192 188 
232 196 
196 228 
196 200 
216 228 
200 192 
208 196 
192 188 
236 204 
212 208 
240 208 
200 208 
232 228 
548 220 
212 196 
380 284 
316 196 
236 208 
228 212 
196 224 
232 212 
216 216 
208 192 
212 204 
240 208 
232 220 
224 212 
236 216 
212 208 
236 208 
236 264 
320 244 
324 256 
236 200 
220 200 
232 208 
200 232 
196 212 
208 216 
220 212 
196 240 
236 212 
236 196 
200 192 
220 196 
204 192 
236 224 
232 212 
212 216 
228 200 
220 196 
240 220 
236 192 
240 208 
232 208 
232 232 
232 208 
228 200 
336 208 
236 256 
232 228 
232 200 
236 212 
516 236 
200 192 
232 208 
228 208 
188 204 
196 212 
308 232 
240 212 
196 200 
236 604 
236 212 
244 216 
232 228 
224 236 
236 232 
208 236 
208 260 
196 264 
324 208 
236 1872 
344 200 
204 232 
260 320 
200 192 
224 200 
232 212 
196 208 
284 192 
232 228 
232 192 
240 216 
196 224 
232 188 
236 232 
204 196 
252 192 
212 212 
240 216 
232 208 
236 208 
236 264 
236 216 
316 208 
324 300 
232 232 
232 532 
236 224 
236 248 
192 236 
200 208 
188 200 
208 216 
228 208 
228 224 
240 216 
324 336 
236 204 
232 232 
244 192 
232 208 
236 236 
240 224 
236 188 
188 200 
208 200 
192 192 
196 208 
204 192 
204 192 
248 204 
228 192 
220 228 
236 632 
196 236 
200 232 
228 212 
240 344 
196 208 
236 196 
360 204 
196 212 
236 212 
212 196 
236 260 
224 192 
192 208 
216 208 
368 252 
244 296 
312 604 
304 204 
208 232 
192 212 
228 220 
196 192 
240 216 
196 216 
240 248 
200 192 
244 224 
216 260 
196 208 
244 292 
288 1132 
396 204 
232 224 
236 212 
196 256 
232 208 
220 336 
348 300 
48 52 
244 204 
360 188 
232 192 
216 204 
228 212 
224 216 
316 256 
264 232 
232 200 
220 208 
216 212 
232 344 
224 196 
200 212 
232 212 
216 212 
220 212 
232 208 
204 212 
232 748 
240 236 
200 212 
240 200 
192 200 
236 204 
224 284 
44 156 
224 212 
300 324 
220 212 
236 208 
204 192 
240 216 
196 208 
192 212 
212 208 
220 204 
516 200 
196 228 
240 216 
192 188 
196 192 
232 212 
196 208 
232 224 
232 208 
200 208 
192 212 
228 248 
212 220 
196 208 
212 212 
216 216 
224 208 
236 236 
200 188 
196 204 
244 48 
372 260 
240 208 
352 228 
196 188 
260 288 
280 228 
228 196 
224 192 
200 200 
204 200 
200 216 
216 212 
216 216 
224 224 
200 228 
236 236 
224 224 
236 1128 
228 236 
196 216 
196 224 
236 188 
224 208 
200 228 
236 260 
236 284 
236 188 
240 212 
272 212 
216 208 
200 216 
216 216 
212 208 
236 264 
268 208 
292 320 
240 288 
232 208 
220 208 
196 208 
236 236 
236 228 
232 212 
236 244 
200 192 
196 236 
200 216 
196 204 
232 212 
204 224 
232 240 
228 196 
232 200 
232 300 
200 196 
236 196 
584 256 
208 276 
200 208 
232 196 
220 200 
236 208 
236 216 
232 204 
196 220 
524 204 
212 204 
240 208 
192 208 
212 188 
200 212 
216 208 
244 240 
0 0 
0 0 
208 228 
212 236 
232 236 
248 228 
288 264 
212 216 
220 204 
236 208 
192 224 
900 212 
232 244 
240 236 
216 224 
744 212 
228 216 
208 220 
216 216 
292 232 
232 232 
212 216 
236 208 
192 188 
196 236 
232 208 
196 188 
240 232 
232 984 
588 216 
220 208 
196 204 
236 232 
224 196 
192 192 
236 212 
224 208 
232 208 
192 224 
220 196 
200 192 
232 224 
220 200 
216 220 
216 192 
196 228 
232 208 
228 236 
228 216 
316 288 
240 236 
212 212 
196 220 
216 216 
224 216 
248 216 
212 212 
232 220 
232 208 
232 212 
272 320 
868 248 
232 264 
236 236 
200 232 
204 244 
196 196 
208 212 
200 192 
208 196 
228 216 
192 228 
200 260 
204 204 
196 216 
196 192 
192 204 
212 232 
192 200 
220 200 
224 220 
200 192 
192 228 
196 200 
208 232 
320 260 
200 196 
300 208 
232 264 
232 300 
236 320 
276 320 
624 200 
224 188 
192 188 
1040 192 
196 188 
224 196 
200 192 
212 192 
204 196 
192 208 
224 208 
228 240 
196 308 
208 192 
212 320 
212 232 
212 236 
264 208 
216 208 
212 208 
260 188 
196 204 
240 280 
196 220 
276 216 
192 204 
188 200 
232 412 
192 208 
260 240 
228 200 
192 196 
204 200 
220 188 
200 188 
196 196 
192 256 
228 228 
192 196 
208 256 
196 204 
220 192 
328 192 
192 228 
192 228 
644 196 
236 224 
236 200 
216 248 
352 216 
200 212 
204 280 
196 212 
220 196 
208 200 
204 192 
252 260 
192 192 
200 240 
196 224 
188 208 
280 348 
272 236 
328 284 
296 240 
208 196 
204 200 
232 192 
244 212 
216 196 
208 192 
224 204 
284 212 
208 212 
260 192 
208 228 
200 212 
220 212 
236 196 
224 212 
204 216 
196 224 
200 200 
196 192 
220 232 
196 196 
232 196 
916 216 
192 192 
192 200 
232 224 
188 216 
200 188 
236 204 
44 44 
232 196 
200 200 
220 192 
240 312 
192 220 
216 212 
192 192 
240 192 
212 212 
196 200 
192 192 
196 244 
252 236 
304 260 
268 324 
212 216 
240 248 
268 236 
248 304 
192 188 
192 256 
288 192 
228 204 
196 204 
228 200 
212 208 
44 48 
204 192 
220 196 
200 196 
196 192 
192 188 
212 208 
212 240 
200 236 
196 204 
188 212 
196 208 
196 212 
212 196 
212 208 
204 188 
200 192 
200 192 
200 192 
236 216 
196 192 
200 260 
204 204 
196 212 
196 196 
236 284 
228 44 
240 192 
328 312 
240 260 
256 260 
196 192 
200 212 
308 328 
196 192 
208 204 
328 236 
240 284 
200 212 
220 188 
204 212 
196 228 
208 196 
220 196 
280 268 
240 196 
208 196 
196 192 
216 216 
196 208 
832 196 
204 188 
228 224 
220 220 
196 200 
192 188 
196 200 
244 204 
220 200 
216 224 
240 216 
264 200 
268 324 
232 248 
336 232 
264 272 
220 192 
240 280 
360 476 
196 208 
192 196 
216 204 
192 244 
240 196 
196 652 
204 196 
204 196 
200 188 
204 196 
192 200 
192 196 
504 248 
212 216 
396 324 
188 212 
200 200 
220 216 
212 232 
276 216 
232 216 
248 192 
208 196 
200 192 
232 212 
216 216 
316 260 
196 228 
192 204 
328 212 
212 216 
208 256 
212 196 
196 196 
232 236 
304 188 
192 192 
268 188 
236 216 
232 220 
200 196 
208 192 
196 196 
200 244 
200 208 
212 252 
196 212 
196 188 
660 336 
224 224 
216 212 
192 196 
224 196 
232 188 
196 236 
192 188 
204 200 
220 200 
204 200 
200 204 
204 224 
196 208 
224 208 
240 196 
192 232 
856 192 
280 236 
236 236 
196 224 
196 212 
188 200 
192 208 
200 212 
260 192 
240 308 
196 192 
260 300 
256 228 
244 240 
228 228 
196 320 
204 208 
216 224 
196 208 
196 192 
196 188 
220 188 
392 196 
196 196 
192 196 
236 188 
228 192 
296 256 
208 188 
220 208 
212 192 
204 196 
216 232 
440 192 
300 216 
232 252 
248 284 
328 256 
236 236 
236 224 
196 204 
228 232 
320 232 
200 196 
196 280 
200 228 
224 204 
196 192 
212 192 
212 192 
196 216 
216 196 
236 200 
204 184 
224 200 
228 220 
196 192 
608 388 
200 212 
192 188 
256 228 
256 292 
192 224 
196 216 
208 216 
196 200 
284 212 
488 208 
236 228 
228 288 
196 236 
256 236 
236 196 
200 212 
196 240 
220 208 
228 216 
216 324 
244 232 
192 228 
200 208 
196 204 
236 240 
244 260 
308 272 
232 188 
236 244 
268 232 
196 228 
192 228 
200 256 
212 224 
204 200 
240 196 
220 196 
208 208 
196 216 
512 300 
200 192 
476 204 
192 192 
488 288 
192 208 
240 204 
208 212 
212 188 
184 40 
196 228 
196 220 
200 216 
244 216 
240 252 
284 332 
268 196 
272 212 
204 196 
200 208 
196 192 
196 196 
204 200 
196 212 
248 196 
200 192 
192 192 
196 192 
200 192 
188 192 
200 192 
200 200 
196 204 
236 220 
212 204 
196 208 
192 216 
704 192 
44 44 
196 212 
412 208 
208 192 
196 216 
224 200 
252 200 
208 192 
200 216 
200 224 
192 188 
196 200 
252 192 
196 208 
200 244 
724 220 
652 200 
216 208 
200 188 
220 192 
244 232 
192 212 
188 248 
208 252 
196 208 
212 44 
196 244 
196 200 
192 192 
188 300 
216 204 
196 196 
204 188 
336 284 
252 192 
200 212 
208 256 
204 212 
232 304 
244 236 
196 212 
220 220 
208 224 
248 200 
272 276 
304 320 
232 184 
236 208 
252 264 
268 328 
192 212 
208 208 
196 208 
220 212 
212 448 
192 196 
196 188 
200 236 
192 188 
200 192 
192 268 
196 220 
216 200 
340 196 
192 192 
212 212 
208 204 
212 192 
204 196 
212 196 
212 452 
196 208 
196 228 
192 248 
200 208 
240 232 
332 276 
236 308 
444 188 
288 192 
204 184 
224 688 
232 196 
200 192 
220 256 
212 188 
200 188 
192 200 
200 196 
256 200 
340 288 
232 252 
216 240 
336 212 
236 192 
196 224 
212 320 
192 400 
204 204 
200 196 
352 264 
228 232 
260 608 
232 240 
212 200 
212 216 
288 268 
216 212 
204 192 
256 248 
284 192 
292 236 
216 192 
200 208 
348 192 
212 464 
196 240 
196 208 
196 188 
196 192 
216 196 
212 196 
192 220 
196 212 
204 200 
200 216 
220 648 
212 200 
200 184 
220 204 
224 284 
208 216 
232 216 
200 212 
192 196 
196 212 
200 192 
200 336 
192 188 
236 264 
224 188 
208 192 
192 200 
196 204 
196 188 
212 268 
232 236 
192 216 
200 204 
192 192 
208 192 
232 212 
280 212 
216 268 
244 304 
232 216 
216 216 
216 300 
212 248 
192 208 
236 196 
192 208 
216 196 
240 200 
208 192 
240 192 
196 228 
220 200 
248 192 
320 232 
196 216 
216 212 
220 220 
216 256 
216 280 
432 204 
220 208 
208 220 
200 192 
212 188 
200 196 
224 196 
200 192 
1240 196 
200 260 
212 192 
228 212 
196 188 
208 204 
188 192 
228 200 
200 196 
288 272 
196 284 
192 204 
192 216 
192 208 
196 252 
196 196 
200 196 
196 216 
280 192 
220 216 
212 216 
192 212 
220 188 
196 208 
604 328 
268 244 
252 192 
204 212 
244 192 
220 200 
196 216 
216 244 
228 196 
192 220 
196 960 
196 196 
240 328 
240 248 
284 256 
332 196 
540 304 
196 228 
196 200 
344 300 
272 228 
192 188 
228 196 
196 200 
228 224 
200 208 
200 224 
192 300 
284 264 
188 196 
200 240 
220 196 
240 188 
232 264 
200 240 
208 204 
196 192 
188 204 
208 192 
192 196 
200 216 
216 216 
44 40 
196 220 
572 256 
212 220 
312 260 
216 196 
212 196 
236 328 
212 268 
352 308 
204 236 
200 260 
276 212 
236 208 
224 200 
192 224 
220 196 
200 188 
48 48 
240 208 
240 220 
196 200 
236 200 
196 216 
196 200 
192 192 
200 188 
276 192 
196 188 
316 228 
208 200 
196 252 
232 196 
208 208 
200 196 
348 544 
220 428 
260 244 
240 224 
208 244 
248 192 
284 232 
260 232 
204 316 
220 204 
200 220 
236 256 
196 212 
288 208 
200 208 
212 44 
236 228 
1172 312 
192 196 
196 200 
196 188 
192 256 
236 244 
192 216 
304 232 
196 196 
340 260 
268 368 
236 220 
216 220 
216 204 
228 208 
192 192 
192 196 
192 220 
196 192 
192 224 
232 212 
220 192 
204 192 
196 212 
200 192 
196 188 
228 232 
228 208 
284 204 
196 196 
196 192 
228 300 
204 268 
336 240 
232 196 
216 192 
200 212 
200 216 
200 220 
196 228 
192 220 
196 196 
204 196 
236 232 
188 240 
284 260 
192 208 
208 200 
192 204 
208 224 
212 208 
212 232 
204 192 
212 236 
192 192 
200 188 
212 196 
196 212 
192 200 
240 204 
332 248 
220 216 
312 188 
280 188 
484 184 
216 216 
196 200 
200 192 
204 232 
196 236 
236 220 
196 212 
252 224 
240 236 
200 240 
308 232 
236 236 
236 204 
232 244 
264 248 
288 184 
256 320 
192 220 
232 196 
204 948 
200 288 
232 236 
244 228 
192 192 
188 192 
196 212 
200 192 
188 196 
216 216 
216 232 
192 236 
196 212 
212 488 
224 192 
216 280 
196 200 
204 220 
192 228 
216 204 
192 212 
228 192 
188 192 
256 216 
436 188 
200 228 
192 196 
216 220 
208 208 
216 204 
220 580 
276 232 
240 232 
240 236 
240 212 
208 232 
240 236 
256 200 
196 192 
208 232 
196 192 
192 224 
216 244 
220 232 
300 288 
208 208 
196 256 
196 216 
236 212 
192 192 
204 216 
196 188 
196 196 
192 196 
196 188 
212 192 
200 200 
204 192 
200 220 
236 196 
252 192 
192 228 
244 188 
356 344 
256 212 
192 188 
492 308 
804 240 
236 232 
296 204 
236 212 
188 196 
192 212 
196 252 
200 216 
192 248 
212 196 
648 196 
192 196 
192 196 
232 232 
240 308 
212 192 
260 188 
204 896 
196 200 
204 208 
204 196 
196 204 
240 308 
312 328 
320 232 
288 208 
328 228 
700 300 
216 408 
276 300 
212 208 
260 212 
220 208 
192 192 
276 212 
212 200 
216 216 
212 216 
240 216 
216 196 
220 200 
196 192 
248 220 
252 296 
340 212 
344 300 
264 208 
216 216 
232 208 
212 228 
696 508 
216 236 
236 208 
212 212 
232 216 
236 248 
240 208 
236 208 
240 196 
40 40 
232 232 
232 212 
236 208 
48 48 
240 236 
236 216 
200 44 
232 232 
240 208 
248 196 
240 236 
244 212 
232 212 
196 208 
228 232 
208 236 
216 236 
228 256 
232 232 
192 216 
216 228 
232 232 
232 228 
236 212 
616 204 
236 212 
232 208 
236 252 
232 216 
232 208 
232 208 
236 244 
236 212 
236 316 
288 232 
232 212 
236 220 
244 212 
232 204 
236 216 
236 208 
240 212 
240 232 
516 212 
236 204 
236 216 
240 264 
232 260 
236 208 
228 204 
236 204 
240 236 
236 364 
236 216 
232 208 
228 204 
232 208 
324 232 
232 208 
236 208 
216 208 
244 588 
236 232 
236 236 
232 212 
232 208 
240 208 
236 236 
236 232 
220 224 
236 216 
232 212 
236 212 
232 216 
232 212 
236 208 
232 212 
236 208 
236 208 
236 236 
232 208 
232 212 
228 212 
232 204 
236 212 
240 216 
240 208 
236 236 
240 264 
236 204 
240 208 
232 208 
236 208 
236 216 
232 208 
236 208 
240 220 
44 48 
236 216 
236 216 
236 240 
236 248 
232 212 
232 208 
240 236 
228 208 
236 208 
244 212 
500 212 
232 208 
236 212 
232 220 
232 204 
236 212 
404 216 
240 208 
236 236 
232 212 
232 208 
236 220 
252 212 
232 212 
240 216 
316 224 
236 212 
48 44 
236 216 
244 244 
232 212 
280 208 
232 204 
232 208 
232 208 
232 208 
244 208 
236 204 
232 236 
236 208 
564 208 
240 212 
240 204 
236 216 
228 216 
244 216 
236 216 
236 212 
232 208 
228 388 
240 212 
232 236 
240 212 
240 220 
232 44 
244 212 
240 208 
216 212 
236 632 
232 204 
240 212 
232 208 
236 208 
240 264 
236 232 
240 240 
216 216 
240 208 
236 208 
232 216 
236 204 
228 208 
236 236 
240 232 
240 232 
240 236 
236 236 
424 208 
240 236 
252 208 
232 212 
236 212 
240 208 
240 208 
236 228 
232 212 
232 208 
256 216 
232 236 
232 208 
236 208 
244 212 
236 376 
232 208 
780 232 
240 208 
236 232 
236 232 
240 240 
236 208 
240 232 
240 236 
236 208 
236 216 
240 224 
240 204 
236 236 
236 252 
232 208 
236 212 
232 208 
240 212 
240 208 
232 208 
240 208 
244 220 
236 232 
240 208 
232 208 
236 212 
232 212 
232 216 
232 208 
236 204 
236 236 
244 212 
344 232 
308 212 
236 216 
232 260 
240 236 
232 212 
228 216 
240 220 
232 208 
548 236 
232 204 
236 208 
236 208 
252 220 
240 212 
232 208 
232 212 
228 208 
244 428 
240 208 
240 212 
244 208 
240 212 
236 220 
244 208 
232 208 
212 208 
236 636 
240 204 
236 212 
240 208 
240 208 
228 232 
232 208 
236 208 
216 264 
240 208 
240 212 
244 212 
236 212 
236 232 
232 208 
232 204 
240 208 
236 224 
236 256 
228 208 
248 264 
236 216 
236 208 
236 232 
240 208 
888 208 
232 256 
228 220 
228 208 
228 212 
228 212 
240 208 
232 228 
240 212 
240 208 
240 236 
240 260 
236 212 
232 208 
236 204 
240 208 
252 212 
228 212 
232 208 
236 212 
232 208 
236 208 
232 212 
232 204 
240 256 
232 220 
232 208 
240 236 
236 204 
240 208 
236 208 
240 256 
236 208 
236 204 
232 208 
236 208 
236 232 
236 212 
236 260 
236 208 
240 208 
236 256 
244 236 
336 236 
236 240 
232 208 
240 208 
232 212 
232 208 
240 204 
228 204 
244 212 
604 208 
420 208 
236 216 
236 236 
236 208 
228 204 
232 208 
276 224 
220 236 
244 400 
232 216 
232 216 
236 232 
232 212 
232 208 
204 216 
232 212 
208 208 
232 684 
240 236 
236 212 
236 220 
240 252 
232 216 
236 204 
236 232 
220 236 
236 212 
236 212 
240 216 
244 208 
236 236 
240 208 
240 212 
232 208 
232 216 
240 208 
228 204 
240 212 
232 236 
232 212 
240 204 
232 212 
236 264 
232 208 
236 208 
48 44 
240 264 
236 232 
236 204 
232 228 
232 208 
232 208 
236 208 
240 256 
236 256 
232 204 
236 208 
232 236 
232 232 
228 212 
236 212 
232 220 
236 216 
236 208 
236 220 
240 208 
236 216 
236 208 
232 216 
232 208 
240 212 
280 220 
48 44 
240 236 
240 216 
240 236 
232 208 
232 212 
240 208 
236 240 
236 204 
228 208 
236 232 
244 208 
232 212 
348 232 
236 236 
236 232 
236 216 
236 232 
232 212 
232 208 
236 220 
232 208 
612 208 
232 208 
236 288 
228 208 
532 216 
240 216 
252 212 
232 44 
216 212 
236 396 
240 260 
232 228 
236 220 
232 204 
240 212 
232 212 
236 216 
216 216 
240 652 
232 228 
232 240 
236 256 
240 208 
228 212 
236 208 
236 260 
228 208 
232 252 
236 236 
236 208 
228 208 
240 216 
236 208 
240 248 
236 232 
232 240 
232 228 
236 236 
236 208 
240 204 
236 236 
240 208 
232 208 
232 232 
236 208 
232 252 
228 216 
228 208 
236 216 
236 240 
236 212 
236 208 
232 208 
236 232 
232 288 
240 232 
236 232 
240 204 
232 208 
240 216 
236 236 
232 212 
232 208 
236 216 
236 236 
240 260 
232 216 
236 236 
236 208 
232 208 
236 216 
236 208 
236 204 
232 212 
288 232 
240 216 
240 204 
232 236 
228 208 
236 208 
240 232 
236 208 
232 204 
232 208 
236 208 
236 232 
348 208 
240 216 
408 208 
240 212 
236 204 
228 204 
232 220 
232 204 
236 216 
608 204 
232 216 
236 212 
232 212 
232 208 
240 208 
240 232 
236 252 
212 208 
244 452 
232 208 
232 216 
240 208 
236 208 
236 208 
236 212 
232 240 
216 216 
240 716 
236 204 
232 240 
248 208 
236 208 
236 208 
240 232 
232 212 
232 204 
232 208 
232 232 
240 232 
240 264 
232 216 
236 208 
236 236 
236 212 
232 208 
236 208 
240 220 
244 236 
236 208 
228 208 
244 212 
236 236 
256 212 
236 252 
232 204 
232 208 
236 216 
236 228 
240 208 
236 204 
244 212 
240 212 
240 220 
228 220 
236 212 
236 236 
240 216 
240 224 
232 264 
236 232 
232 212 
232 208 
240 212 
248 216 
236 204 
240 216 
236 236 
236 212 
228 208 
228 208 
240 208 
236 228 
236 212 
232 216 
232 240 
1004 260 
232 208 
236 208 
228 212 
232 208 
232 208 
236 212 
240 232 
232 208 
232 216 
424 208 
232 236 
232 212 
232 208 
232 204 
236 224 
236 220 
232 204 
232 208 
636 208 
236 208 
240 328 
236 212 
236 204 
232 212 
236 216 
228 224 
212 208 
240 448 
236 244 
228 208 
244 208 
236 232 
240 208 
232 852 
232 208 
216 216 
236 728 
236 212 
240 212 
236 240 
232 232 
240 212 
236 204 
228 212 
220 212 
232 232 
232 236 
244 208 
236 264 
240 208 
232 216 
236 232 
240 228 
240 212 
232 208 
236 204 
236 212 
236 208 
236 208 
264 208 
232 204 
232 212 
236 208 
232 220 
228 212 
232 216 
52 48 
232 212 
236 232 
236 216 
232 208 
232 216 
232 212 
240 224 
240 236 
232 212 
232 208 
444 216 
232 208 
236 232 
236 216 
240 208 
236 232 
232 208 
232 212 
240 208 
240 220 
236 208 
232 212 
232 208 
236 208 
236 204 
236 232 
48 48 
244 208 
216 208 
236 216 
236 244 
236 208 
232 236 
232 224 
236 212 
236 216 
236 208 
424 216 
240 216 
228 204 
232 216 
240 208 
240 208 
236 216 
236 216 
228 212 
660 216 
240 212 
240 212 
252 208 
1064 216 
236 252 
236 212 
232 216 
216 216 
236 508 
236 204 
240 208 
236 204 
236 208 
236 216 
232 220 
236 212 
212 204 
236 208 
240 220 
236 236 
240 212 
240 208 
240 208 
236 236 
232 208 
240 204 
232 212 
236 208 
236 212 
236 216 
232 216 
228 216 
232 212 
236 208 
236 236 
292 240 
236 208 
236 204 
236 212 
232 212 
236 216 
236 212 
232 208 
228 208 
236 228 
228 208 
232 208 
236 208 
236 232 
236 240 
236 236 
232 216 
240 224 
232 208 
232 220 
236 248 
232 208 
228 212 
244 208 
232 232 
236 240 
240 208 
240 224 
240 212 
228 208 
252 212 
240 212 
236 232 
232 212 
232 208 
244 220 
232 220 
232 208 
240 220 
236 216 
240 212 
216 212 
276 212 
236 212 
236 216 
240 216 
240 288 
232 208 
236 208 
232 212 
440 208 
264 216 
644 640 
236 212 
236 216 
236 208 
236 216 
240 212 
260 216 
704 212 
232 212 
236 208 
236 212 
240 252 
236 232 
236 256 
236 228 
212 232 
240 532 
236 216 
232 208 
244 208 
236 236 
232 204 
240 232 
240 236 
208 244 
232 232 
228 204 
228 208 
236 204 
236 208 
232 212 
236 220 
236 212 
224 208 
240 212 
236 204 
236 228 
236 212 
228 212 
228 208 
240 208 
232 232 
236 232 
232 212 
232 212 
236 220 
236 208 
240 208 
240 212 
240 216 
240 208 
232 204 
236 208 
236 232 
240 232 
240 208 
240 208 
232 212 
236 208 
232 208 
236 236 
240 232 
236 240 
232 208 
232 208 
232 236 
236 208 
712 228 
240 220 
240 256 
236 228 
228 208 
232 208 
236 212 
240 224 
232 212 
240 212 
228 224 
232 224 
232 240 
232 212 
240 212 
232 212 
232 208 
1112 220 
240 244 
236 224 
232 208 
232 208 
236 208 
244 208 
288 212 
236 212 
456 208 
236 216 
232 232 
228 208 
236 236 
232 232 
232 212 
228 220 
208 208 
652 240 
232 204 
236 212 
236 232 
236 212 
232 208 
232 212 
232 212 
292 232 
236 520 
260 208 
236 212 
232 204 
228 204 
236 236 
688 204 
232 208 
208 208 
240 216 
236 236 
228 216 
240 212 
236 216 
232 216 
240 208 
232 208 
236 256 
236 220 
236 208 
232 236 
232 208 
236 208 
244 204 
232 216 
240 204 
236 236 
64 52 
0 0 
0 0 
0 0 
0 0 
0 0 
0 0 
244 224 
236 236 
236 256 
232 212 
240 212 
240 204 
744 216 
232 208 
232 220 
240 204 
232 212 
232 216 
236 208 
232 208 
228 216 
228 204 
236 220 
232 208 
236 216 
240 240 
228 216 
268 208 
236 204 
44 40 
248 208 
232 208 
236 212 
236 212 
236 232 
236 212 
228 204 
236 220 
236 212 
240 232 
268 208 
228 208 
240 220 
232 220 
240 232 
232 208 
232 208 
232 212 
236 228 
472 208 
240 204 
236 252 
240 204 
232 216 
232 212 
240 224 
232 208 
232 128 
708 208 
236 204 
236 212 
232 204 
236 208 
240 204 
228 216 
236 208 
216 208 
240 504 
236 232 
244 212 
236 232 
236 208 
236 216 
232 204 
232 212 
216 208 
236 240 
236 240 
236 212 
232 204 
232 220 
240 216 
236 220 
232 212 
236 208 
236 212 
236 216 
232 216 
236 208 
240 236 
232 212 
236 208 
232 208 
244 236 
232 212 
232 208 
524 200 
240 204 
236 208 
228 212 
244 236 
236 208 
236 204 
232 208 
236 212 
240 212 
240 204 
240 212 
236 212 
232 204 
240 208 
232 212 
228 204 
240 212 
236 208 
236 236 
256 208 
232 208 
236 224 
232 212 
232 260 
228 240 
236 208 
240 212 
232 204 
240 204 
232 208 
232 232 
240 236 
232 208 
236 212 
236 208 
236 244 
232 212 
236 224 
268 216 
232 232 
240 252 
232 208 
232 212 
236 208 
232 212 
240 236 
236 208 
492 208 
232 208 
236 236 
232 208 
240 208 
232 212 
236 208 
240 236 
232 228 
720 212 
232 208 
232 204 
236 216 
236 232 
232 232 
232 212 
232 204 
212 204 
236 536 
236 216 
232 204 
236 212 
236 256 
236 256 
236 256 
232 208 
220 208 
236 228 
240 212 
232 216 
236 204 
240 224 
232 256 
232 212 
232 212 
240 208 
708 604 
232 208 
236 228 
236 256 
232 212 
236 208 
236 244 
240 232 
236 216 
240 232 
236 204 
236 212 
232 208 
240 216 
232 212 
240 216 
236 236 
236 212 
236 228 
236 204 
232 212 
236 256 
240 212 
232 212 
232 216 
236 264 
228 216 
232 208 
240 208 
240 212 
236 236 
240 236 
232 212 
244 232 
236 280 
236 212 
232 208 
236 236 
236 208 
236 248 
232 232 
232 204 
236 216 
236 220 
232 244 
240 208 
228 208 
240 216 
240 220 
232 232 
284 204 
228 208 
240 204 
228 204 
228 208 
236 208 
236 208 
232 208 
244 208 
520 232 
244 212 
236 232 
232 216 
236 204 
240 212 
244 244 
236 204 
252 212 
236 380 
232 208 
236 236 
236 204 
240 208 
236 232 
236 232 
236 208 
212 208 
236 616 
236 212 
240 240 
232 208 
232 208 
236 216 
236 236 
484 204 
216 220 
232 236 
232 212 
236 212 
236 244 
236 248 
236 208 
232 208 
240 212 
236 260 
232 208 
240 216 
232 208 
240 236 
236 208 
232 204 
244 212 
236 208 
232 236 
228 212 
44 44 
236 236 
232 208 
228 212 
236 236 
236 268 
236 264 
236 212 
232 208 
232 208 
236 208 
232 212 
240 212 
232 212 
240 212 
236 208 
232 204 
232 232 
236 244 
252 216 
228 204 
232 232 
236 208 
240 216 
236 208 
240 212 
240 212 
44 48 
228 204 
232 208 
236 216 
240 216 
236 220 
232 220 
232 216 
228 224 
232 208 
232 220 
236 212 
236 232 
312 208 
232 212 
240 236 
232 212 
228 224 
264 212 
204 228 
236 232 
232 208 
564 208 
244 208 
236 208 
232 208 
236 216 
236 232 
232 308 
244 40 
232 208 
240 380 
240 220 
236 228 
232 216 
232 212 
236 252 
244 220 
236 248 
216 284 
236 620 
232 248 
232 264 
236 216 
236 208 
236 204 
232 236 
236 256 
212 212 
236 212 
232 208 
240 216 
240 236 
232 212 
244 212 
232 208 
236 208 
232 208 
228 216 
232 208 
236 236 
232 212 
240 232 
236 236 
232 212 
236 208 
236 208 
236 212 
268 208 
232 336 
240 236 
232 232 
348 212 
240 208 
232 208 
228 216 
232 248 
240 220 
240 224 
236 212 
240 212 
236 236 
236 244 
232 224 
228 208 
236 212 
232 220 
244 208 
236 212 
236 236 
236 208 
236 240 
232 208 
240 208 
232 236 
232 208 
240 208 
236 216 
236 228 
236 232 
232 212 
228 216 
232 212 
332 216 
228 208 
232 208 
228 212 
236 208 
324 236 
240 216 
232 212 
240 212 
240 224 
236 232 
236 216 
236 256 
244 212 
560 212 
240 208 
232 208 
232 208 
232 212 
236 204 
236 236 
236 260 
240 204 
244 400 
232 208 
232 208 
228 212 
240 216 
240 224 
232 228 
228 208 
208 204 
236 620 
240 236 
236 248 
232 244 
232 212 
232 212 
236 216 
240 212 
208 240 
232 212 
232 212 
240 216 
236 232 
232 260 
232 216 
240 232 
228 220 
236 220 
236 1004 
232 208 
240 212 
236 208 
236 240 
236 212 
228 212 
240 208 
236 208 
232 212 
232 240 
236 204 
228 204 
240 208 
240 236 
232 212 
240 204 
236 212 
228 208 
236 208 
240 220 
228 208 
236 204 
240 220 
236 244 
232 232 
236 248 
252 216 
240 232 
232 212 
232 212 
240 208 
236 260 
236 208 
216 236 
232 228 
236 212 
232 228 
240 208 
232 216 
240 232 
240 204 
244 212 
240 216 
232 208 
232 208 
236 236 
236 212 
240 236 
232 208 
348 208 
236 204 
236 244 
236 212 
232 208 
236 224 
236 232 
228 212 
232 208 
600 216 
232 264 
228 228 
236 208 
236 216 
236 216 
236 232 
236 220 
236 208 
240 424 
232 328 
228 208 
228 208 
244 216 
232 212 
240 208 
236 232 
212 240 
244 668 
236 216 
232 212 
240 208 
232 212 
244 228 
240 236 
240 304 
232 208 
236 208 
240 212 
240 220 
232 212 
232 228 
232 204 
240 212 
236 232 
228 212 
240 208 
236 232 
236 248 
240 252 
236 204 
240 208 
236 208 
236 208 
232 212 
236 204 
240 204 
232 208 
244 236 
244 236 
280 220 
232 208 
232 208 
232 208 
44 48 
240 220 
240 232 
236 216 
932 256 
240 212 
240 232 
232 220 
232 212 
364 216 
236 236 
236 232 
232 212 
232 216 
236 248 
232 208 
244 208 
228 216 
44 40 
236 236 
232 216 
236 208 
240 224 
236 216 
232 208 
240 208 
232 204 
236 292 
240 212 
232 204 
236 260 
240 224 
380 208 
232 216 
232 232 
236 208 
232 208 
248 212 
1096 232 
236 204 
232 208 
600 208 
236 252 
232 256 
232 208 
236 208 
236 44 
232 228 
232 212 
236 216 
232 440 
232 208 
284 224 
276 216 
228 208 
232 1028 
232 212 
228 204 
212 236 
232 680 
236 208 
236 208 
240 224 
228 204 
228 212 
236 212 
240 212 
212 208 
236 232 
236 212 
232 212 
232 208 
236 232 
236 208 
232 220 
232 208 
236 204 
228 216 
232 248 
232 208 
228 208 
236 232 
236 236 
236 224 
236 212 
236 208 
240 220 
236 212 
232 212 
232 252 
240 228 
232 208 
236 204 
228 208 
240 208 
236 212 
236 208 
240 248 
236 216 
232 208 
236 212 
236 216 
236 236 
236 220 
232 212 
232 208 
232 212 
240 204 
236 204 
232 208 
240 212 
244 208 
240 204 
236 208 
232 208 
232 204 
236 208 
236 220 
236 224 
232 208 
236 208 
232 212 
928 228 
240 216 
236 236 
240 208 
240 208 
396 212 
236 212 
232 208 
232 216 
232 208 
240 260 
232 240 
236 244 
228 216 
564 252 
240 248 
232 212 
236 208 
236 236 
244 216 
232 224 
232 204 
216 232 
232 444 
236 208 
232 236 
236 212 
236 268 
240 208 
232 212 
240 212 
212 220 
236 696 
240 204 
236 208 
236 264 
232 212 
240 204 
228 208 
236 260 
212 208 
228 204 
236 208 
236 216 
236 232 
232 208 
232 248 
240 256 
240 208 
236 208 
240 208 
240 208 
244 208 
236 208 
236 208 
244 212 
236 260 
232 264 
240 256 
236 212 
240 236 
236 220 
228 208 
228 208 
240 208 
236 260 
232 260 
228 212 
232 236 
236 212 
228 208 
240 236 
228 212 
236 208 
232 212 
232 236 
236 208 
228 204 
236 208 
232 212 
240 208 
232 208 
236 212 
236 208 
1108 248 
236 328 
232 208 
236 232 
228 208 
236 212 
228 208 
232 208 
240 204 
240 224 
236 204 
232 312 
236 252 
232 236 
232 208 
240 212 
428 236 
232 204 
232 208 
236 216 
236 236 
236 208 
236 216 
236 212 
232 216 
636 232 
236 236 
232 208 
228 208 
232 220 
236 252 
292 252 
228 212 
208 208 
236 500 
240 208 
236 228 
232 260 
236 228 
236 248 
232 212 
236 208 
220 204 
232 688 
236 212 
272 224 
240 236 
240 232 
232 232 
236 232 
232 212 
216 212 
236 236 
236 236 
232 236 
236 204 
236 216 
240 208 
236 236 
236 224 
236 232 
240 236 
232 208 
232 208 
232 204 
44 52 
276 216 
688 212 
232 212 
232 224 
232 212 
240 204 
236 260 
232 232 
236 216 
232 216 
236 208 
240 212 
236 228 
236 240 
240 216 
236 260 
240 240 
240 208 
1096 232 
244 232 
236 236 
240 204 
236 220 
236 212 
236 220 
232 204 
48 40 
228 216 
236 212 
236 216 
236 252 
332 208 
232 212 
232 208 
232 208 
212 208 
204 208 
236 220 
232 208 
236 216 
236 212 
240 236 
232 216 
232 212 
240 212 
428 208 
240 208 
236 224 
232 236 
236 236 
240 212 
664 212 
228 212 
240 44 
672 220 
236 232 
236 212 
232 212 
232 212 
232 232 
232 212 
240 232 
204 236 
236 500 
228 204 
236 208 
236 212 
232 208 
236 232 
232 212 
236 216 
212 224 
232 212 
232 208 
232 208 
240 216 
240 428 
236 212 
240 232 
232 216 
212 204 
236 212 
228 208 
232 220 
232 208 
464 236 
232 208 
232 208 
240 212 
236 212 
236 216 
232 304 
264 208 
228 208 
364 208 
240 208 
232 212 
236 208 
236 208 
240 224 
236 232 
236 212 
240 224 
236 212 
232 212 
236 224 
236 212 
236 212 
236 212 
236 240 
236 212 
232 208 
232 212 
232 216 
232 212 
240 208 
232 252 
272 212 
236 208 
236 232 
240 220 
236 236 
236 212 
232 208 
236 232 
240 212 
276 212 
236 204 
232 208 
240 220 
236 216 
200 212 
232 208 
232 208 
232 208 
232 208 
240 232 
240 248 
236 272 
232 212 
440 232 
236 208 
232 216 
236 216 
228 212 
228 228 
240 236 
236 240 
232 208 
684 208 
240 260 
236 236 
236 232 
236 208 
232 212 
240 208 
240 224 
244 264 
236 520 
232 204 
232 212 
228 204 
232 208 
232 212 
240 344 
236 236 
212 232 
248 212 
228 208 
404 240 
236 232 
308 212 
236 240 
240 204 
236 220 
212 232 
232 216 
240 208 
236 216 
232 220 
232 260 
236 212 
236 236 
236 220 
232 244 
236 212 
236 212 
232 208 
232 208 
240 232 
236 216 
240 312 
240 212 
236 212 
232 236 
232 224 
240 228 
232 212 
236 212 
232 212 
232 208 
232 208 
236 208 
228 224 
232 208 
236 232 
232 208 
240 208 
232 208 
240 212 
232 228 
240 208 
232 212 
228 220 
232 232 
240 212 
232 204 
236 232 
240 240 
236 244 
232 204 
232 212 
232 208 
240 208 
240 228 
228 208 
208 208 
236 248 
236 236 
236 236 
236 208 
232 208 
240 204 
240 216 
232 232 
476 232 
236 208 
232 204 
240 204 
236 244 
232 212 
232 208 
236 208 
236 220 
704 208 
232 216 
236 208 
232 212 
232 208 
236 232 
228 212 
240 236 
212 244 
736 204 
236 244 
236 232 
236 232 
232 260 
228 212 
240 216 
240 208 
216 248 
228 208 
236 212 
236 248 
232 208 
236 248 
236 208 
240 208 
236 220 
236 208 
236 336 
240 208 
240 224 
232 220 
236 216 
232 236 
236 212 
236 232 
236 232 
240 224 
232 240 
232 208 
232 204 
240 212 
236 236 
240 212 
232 212 
228 204 
236 244 
232 204 
44 44 
236 244 
272 212 
232 248 
232 204 
236 208 
232 204 
236 232 
232 220 
240 204 
232 212 
232 212 
236 204 
236 212 
232 208 
236 260 
228 280 
236 208 
228 208 
244 208 
232 208 
232 212 
240 216 
232 212 
240 208 
232 204 
44 48 
236 232 
228 204 
232 208 
264 212 
240 208 
236 212 
232 208 
240 232 
240 236 
236 204 
232 220 
236 208 
472 208 
240 220 
232 208 
232 208 
240 216 
232 216 
236 44 
588 232 
232 216 
724 292 
232 212 
236 208 
236 216 
228 204 
232 208 
236 212 
240 216 
216 208 
232 556 
236 212 
232 212 
236 208 
436 208 
236 264 
228 208 
240 232 
208 208 
236 232 
232 208 
232 208 
228 216 
236 208 
236 236 
240 236 
232 208 
240 212 
236 208 
236 216 
236 204 
236 236 
232 1372 
232 216 
236 208 
236 208 
240 220 
236 212 
236 224 
240 232 
240 232 
240 224 
232 208 
236 204 
236 260 
236 232 
232 212 
248 212 
236 232 
264 212 
232 208 
236 224 
240 236 
232 208 
232 228 
232 220 
236 232 
240 236 
228 212 
236 208 
232 208 
240 252 
232 224 
232 208 
240 204 
228 208 
236 212 
240 216 
236 220 
228 232 
232 256 
232 212 
228 208 
240 300 
232 208 
232 236 
236 228 
236 252 
268 216 
232 204 
236 236 
232 212 
240 1056 
232 212 
228 212 
232 208 
244 208 
488 204 
232 208 
236 212 
244 212 
232 236 
236 212 
240 208 
232 212 
236 212 
728 240 
240 260 
240 236 
232 224 
236 212 
236 216 
236 216 
232 236 
216 236 
236 512 
232 256 
232 208 
236 208 
232 236 
236 208 
236 204 
228 212 
212 236 
236 208 
232 208 
248 1116 
236 208 
236 208 
232 208 
232 208 
232 208 
236 240 
232 216 
240 232 
236 248 
236 212 
232 212 
236 204 
232 236 
236 236 
236 204 
236 232 
228 212 
232 208 
236 204 
232 208 
240 212 
240 260 
236 216 
232 216 
240 208 
232 232 
232 224 
240 208 
236 208 
232 244 
236 232 
240 212 
232 232 
232 252 
232 208 
232 204 
236 260 
236 236 
236 224 
232 212 
232 208 
228 208 
240 208 
236 236 
228 208 
228 212 
240 260 
232 212 
232 212 
236 244 
232 208 
236 236 
240 204 
236 208 
236 208 
240 212 
276 212 
236 232 
236 252 
232 208 
248 208 
236 216 
232 208 
232 208 
236 232 
536 260 
232 204 
236 208 
232 208 
232 204 
232 212 
232 208 
236 208 
240 220 
756 216 
240 212 
236 232 
240 236 
240 208 
228 208 
232 208 
232 208 
216 216 
232 884 
240 212 
240 232 
240 208 
280 212 
236 208 
228 212 
228 204 
208 216 
232 208 
244 236 
236 220 
236 232 
232 204 
236 208 
240 208 
236 220 
236 208 
236 220 
232 208 
240 212 
232 208 
240 212 
240 248 
236 232 
232 212 
236 208 
232 212 
236 232 
236 212 
232 232 
228 208 
232 212 
248 212 
232 212 
196 188 
188 220 
236 188 
216 188 
232 192 
232 192 
676 188 
216 192 
240 204 
248 232 
212 232 
236 228 
236 232 
232 232 
236 228 
232 228 
236 228 
232 232 
236 296 
240 208 
240 216 
228 208 
236 216 
236 212 
288 212 
228 204 
236 216 
240 216 
236 212 
232 208 
240 208 
236 232 
236 228 
308 212 
236 208 
232 208 
240 264 
236 216 
232 212 
236 236 
232 248 
304 236 
524 208 
240 232 
236 216 
232 204 
236 216 
236 208 
240 212 
236 1064 
232 208 
236 372 
240 208 
236 228 
236 264 
232 216 
240 208 
236 204 
240 224 
212 232 
232 560 
232 208 
260 204 
232 208 
236 208 
232 212 
236 236 
232 228 
212 208 
236 204 
240 216 
236 240 
232 208 
232 216 
228 204 
232 216 
240 212 
232 208 
232 212 
236 228 
232 212 
232 208 
860 216 
236 232 
228 220 
240 236 
232 212 
240 212 
240 216 
232 264 
232 208 
236 340 
236 216 
232 212 
236 212 
228 204 
236 212 
236 208 
236 204 
228 208 
232 208 
244 204 
236 212 
228 244 
232 204 
236 228 
236 228 
236 212 
236 208 
232 212 
240 312 
232 208 
236 216 
236 208 
236 216 
240 236 
920 216 
240 212 
232 208 
232 216 
236 212 
232 220 
236 232 
232 252 
232 204 
232 208 
236 208 
236 212 
328 208 
240 204 
240 220 
232 212 
240 224 
240 976 
232 208 
232 208 
232 216 
548 208 
232 216 
232 240 
244 216 
240 216 
232 248 
236 216 
236 244 
236 212 
236 376 
228 208 
232 208 
232 212 
232 204 
240 224 
232 208 
324 208 
216 216 
232 652 
236 308 
236 236 
236 208 
240 232 
248 212 
236 208 
232 204 
360 208 
240 208 
244 224 
236 224 
236 220 
236 216 
240 208 
240 256 
228 208 
236 212 
244 228 
232 212 
232 248 
236 232 
236 220 
252 212 
236 212 
248 208 
228 208 
240 212 
240 208 
240 212 
244 208 
236 204 
264 212 
236 212 
240 224 
236 220 
240 232 
232 252 
232 212 
232 220 
248 212 
240 204 
236 216 
236 204 
232 204 
824 236 
240 224 
236 236 
228 212 
236 264 
232 248 
260 204 
192 236 
228 232 
232 236 
232 232 
232 228 
236 204 
240 216 
236 232 
236 264 
236 212 
240 208 
240 232 
228 212 
240 204 
236 216 
240 220 
328 212 
232 208 
240 216 
236 212 
236 220 
236 212 
232 256 
232 208 
240 208 
564 208 
232 220 
236 216 
228 216 
232 208 
236 208 
228 204 
236 208 
228 212 
232 440 
240 232 
228 220 
232 212 
236 204 
236 236 
240 216 
240 232 
216 232 
236 668 
256 204 
232 220 
236 208 
232 208 
232 204 
232 232 
232 216 
208 212 
244 212 
236 240 
232 208 
240 204 
236 208 
