# ./FR-trace starting at Mon Apr 20 18:56:20 2020
################# CONFIG #################
# slot=5000
# samples=10000
# threshold=100
# idle=500
# minlen=500
# runs=10000
# pdathreads=2
# nmonitored=2
#   monitor0=../apps/openssl ec2_mult.c:153 0x1e7854
#   monitor1=../apps/openssl ec2_mult.c:161 0x1e789c
# nevicted=0
# npdatargets=2
#   target0=../apps/openssl bn_gf2m.c:412 0x20bd10
#   target1=../apps/openssl bn_gf2m.c:412+64 0x20bd50
# affinity=all
############## SYSTEM INFO ###############
# mastik_version=
# sysname=Linux
# nodename=lovelace
# release=5.3.7-arch1-1-ARCH
# version=#1 SMP PREEMPT Fri Oct 18 00:17:03 UTC 2019
# machine=x86_64
################## DATA ##################
# run=1399
# datapoints=10000
40 48 
236 216 
240 236 
220 236 
236 528 
236 216 
240 268 
228 224 
228 216 
232 216 
236 216 
232 212 
208 212 
232 216 
236 232 
240 252 
240 208 
228 212 
240 208 
244 208 
240 216 
244 240 
240 268 
240 216 
232 212 
236 208 
240 240 
236 212 
232 104 
48 48 
240 208 
232 212 
1164 240 
236 244 
228 212 
236 220 
236 208 
240 208 
228 220 
232 212 
232 236 
228 212 
232 248 
232 212 
232 212 
236 208 
240 216 
236 212 
228 208 
232 212 
240 212 
244 216 
240 236 
232 240 
228 216 
352 232 
228 44 
232 212 
232 236 
232 228 
240 220 
244 236 
232 256 
232 236 
232 240 
232 240 
236 212 
232 208 
232 212 
228 212 
236 216 
236 212 
212 240 
240 208 
232 208 
232 212 
232 212 
236 216 
236 212 
232 212 
236 216 
392 208 
232 220 
244 208 
232 208 
240 212 
240 212 
236 224 
228 212 
236 224 
704 212 
232 208 
236 208 
236 212 
228 228 
232 252 
236 208 
232 216 
212 212 
228 552 
232 212 
236 252 
228 212 
236 212 
240 212 
232 208 
236 232 
216 236 
236 248 
236 212 
228 224 
240 212 
232 216 
236 212 
232 216 
232 216 
936 216 
236 208 
240 276 
236 240 
232 244 
232 244 
232 208 
232 208 
232 212 
240 216 
232 216 
232 216 
236 244 
232 208 
236 256 
232 212 
236 208 
236 212 
236 224 
232 232 
236 208 
228 232 
228 220 
232 208 
236 232 
232 212 
236 212 
236 212 
228 212 
232 232 
236 248 
232 220 
232 212 
236 220 
1044 208 
232 212 
236 212 
236 216 
232 256 
232 228 
252 208 
236 220 
228 208 
236 212 
236 212 
232 216 
232 248 
228 212 
240 212 
232 240 
236 220 
224 224 
232 208 
236 204 
236 216 
236 212 
236 208 
232 228 
232 216 
236 220 
460 212 
236 216 
224 212 
232 256 
236 212 
252 212 
232 204 
228 220 
236 236 
656 216 
232 224 
236 212 
228 232 
228 208 
236 232 
236 240 
236 204 
216 212 
232 568 
240 212 
240 220 
236 260 
236 240 
240 212 
656 212 
240 212 
208 216 
236 232 
232 212 
232 216 
236 240 
236 220 
236 240 
232 212 
236 208 
240 208 
240 212 
232 220 
232 212 
236 236 
240 212 
712 224 
228 208 
236 208 
236 236 
232 212 
240 216 
240 212 
232 212 
236 208 
232 260 
232 212 
232 216 
232 212 
236 208 
224 216 
232 208 
228 208 
872 224 
228 212 
236 244 
232 236 
236 216 
256 216 
240 236 
232 268 
232 216 
256 212 
232 208 
232 212 
232 208 
232 208 
236 224 
232 212 
240 208 
240 220 
240 232 
452 216 
236 208 
236 236 
232 216 
240 268 
240 224 
228 216 
232 216 
328 208 
244 212 
228 216 
252 212 
232 236 
236 220 
472 212 
236 212 
236 216 
232 236 
492 236 
236 204 
228 208 
232 212 
236 224 
232 216 
236 232 
240 220 
236 220 
740 220 
232 220 
236 212 
236 216 
232 216 
236 216 
272 212 
244 236 
252 220 
232 564 
232 240 
240 216 
236 208 
236 208 
228 208 
236 220 
236 232 
212 228 
236 236 
228 204 
236 212 
236 212 
240 212 
236 216 
236 256 
240 212 
240 216 
232 236 
236 252 
240 252 
236 216 
236 216 
236 240 
236 228 
232 228 
232 208 
232 216 
236 212 
236 304 
232 208 
240 212 
44 48 
232 216 
232 216 
236 212 
228 212 
236 212 
232 228 
236 212 
236 204 
232 220 
236 236 
228 216 
236 212 
236 208 
236 212 
328 208 
232 220 
240 216 
236 208 
228 212 
236 212 
236 236 
236 232 
232 260 
228 212 
236 208 
48 44 
232 212 
232 212 
236 212 
532 208 
232 236 
232 228 
260 228 
232 212 
236 212 
272 324 
232 212 
232 220 
236 236 
236 268 
260 212 
240 212 
232 212 
232 208 
512 232 
232 252 
228 216 
240 212 
244 216 
232 216 
232 244 
232 216 
236 44 
728 208 
228 208 
244 212 
236 232 
232 212 
240 204 
232 212 
240 236 
212 268 
236 596 
236 212 
232 204 
232 208 
232 208 
240 236 
236 240 
232 216 
208 220 
232 212 
232 212 
228 216 
232 220 
228 212 
236 208 
232 224 
236 228 
236 316 
228 212 
236 212 
228 236 
232 240 
236 256 
232 204 
232 212 
252 212 
232 240 
232 232 
232 232 
236 212 
236 208 
236 208 
236 212 
232 212 
240 212 
232 216 
236 208 
232 212 
232 208 
236 220 
232 236 
236 232 
232 212 
236 268 
240 216 
236 236 
232 232 
236 208 
232 212 
232 212 
240 212 
476 208 
232 216 
232 212 
232 236 
236 212 
240 208 
236 216 
236 240 
252 216 
240 208 
236 240 
228 212 
236 216 
240 216 
236 272 
236 252 
228 212 
308 212 
232 208 
232 220 
224 216 
232 216 
232 256 
232 212 
232 208 
236 208 
532 212 
236 208 
232 216 
240 212 
232 204 
232 212 
236 232 
236 220 
540 208 
744 212 
236 240 
292 220 
232 208 
232 212 
236 216 
236 212 
240 216 
208 216 
240 572 
236 232 
236 244 
232 208 
236 220 
232 212 
240 236 
232 212 
208 244 
236 208 
236 220 
232 260 
236 208 
236 220 
240 212 
228 212 
228 232 
232 208 
236 236 
280 212 
240 216 
236 212 
236 208 
224 216 
228 208 
232 208 
240 212 
232 208 
232 212 
236 212 
236 220 
268 220 
232 236 
240 208 
232 204 
240 236 
236 208 
232 212 
236 252 
232 248 
248 212 
232 204 
236 208 
236 212 
228 216 
236 216 
240 204 
244 240 
236 236 
236 232 
232 220 
236 208 
240 236 
232 224 
228 212 
232 212 
232 212 
240 236 
272 224 
236 212 
232 204 
236 208 
236 212 
236 232 
236 216 
232 216 
236 240 
232 208 
300 232 
232 232 
236 252 
232 216 
232 208 
228 212 
428 212 
232 208 
236 204 
544 208 
232 212 
236 212 
232 232 
240 228 
228 216 
232 204 
256 208 
236 232 
748 216 
232 216 
228 216 
236 216 
236 216 
320 220 
232 208 
232 208 
212 208 
236 584 
296 212 
248 208 
232 208 
228 216 
232 252 
228 212 
232 236 
216 240 
240 224 
232 220 
232 208 
192 212 
240 212 
236 248 
416 212 
232 232 
236 236 
236 228 
236 216 
232 208 
236 212 
236 216 
232 260 
240 212 
232 208 
232 212 
236 232 
300 220 
232 216 
236 240 
232 208 
232 212 
236 212 
236 216 
344 216 
236 264 
232 220 
236 208 
236 212 
232 212 
236 228 
236 240 
228 212 
236 216 
236 216 
240 208 
240 236 
40 216 
236 268 
232 228 
232 212 
236 216 
232 216 
236 208 
236 236 
244 236 
236 236 
240 236 
236 212 
236 216 
240 212 
236 920 
236 232 
240 208 
232 212 
232 216 
232 224 
348 232 
240 220 
236 248 
228 212 
232 220 
240 216 
244 212 
236 240 
44 48 
560 216 
232 212 
236 228 
232 216 
232 216 
232 232 
236 212 
232 236 
220 220 
828 212 
228 212 
232 216 
240 252 
272 212 
236 212 
228 212 
236 216 
208 256 
240 664 
220 208 
232 220 
232 212 
304 220 
232 248 
232 212 
232 228 
212 212 
232 212 
232 208 
228 208 
236 212 
236 52 
236 204 
228 216 
236 212 
236 216 
240 220 
232 208 
232 220 
236 212 
236 224 
236 212 
236 216 
236 216 
236 216 
240 244 
232 208 
228 260 
252 216 
236 212 
236 236 
236 220 
232 212 
208 212 
232 232 
232 232 
252 208 
232 232 
236 212 
236 216 
236 232 
260 212 
240 208 
260 216 
232 208 
228 212 
236 208 
236 208 
232 208 
228 1160 
236 216 
232 244 
236 240 
232 216 
236 236 
232 212 
236 220 
248 208 
240 212 
232 220 
228 208 
236 220 
232 228 
236 264 
260 212 
240 208 
360 236 
240 252 
236 208 
236 240 
240 232 
236 236 
236 208 
240 204 
236 244 
608 244 
232 208 
236 220 
236 236 
244 212 
236 228 
264 212 
232 208 
244 216 
232 396 
240 212 
232 212 
232 216 
236 216 
236 240 
228 232 
240 204 
216 216 
236 660 
236 212 
232 224 
236 208 
236 208 
236 264 
232 248 
236 240 
224 212 
236 204 
236 260 
236 232 
228 220 
240 240 
240 212 
244 216 
232 220 
236 220 
240 248 
228 212 
236 204 
232 260 
232 204 
244 220 
236 224 
236 240 
236 236 
236 216 
296 224 
236 236 
232 212 
236 208 
236 216 
236 220 
236 208 
236 232 
240 220 
236 212 
232 208 
232 220 
236 1056 
236 216 
232 212 
232 220 
228 204 
236 208 
236 220 
240 232 
232 204 
232 208 
228 212 
236 212 
228 216 
236 220 
232 212 
232 216 
236 204 
228 244 
240 216 
228 216 
236 212 
236 216 
236 240 
232 208 
232 212 
236 208 
236 212 
240 212 
348 212 
236 212 
232 216 
240 208 
236 220 
232 212 
228 1056 
236 260 
232 208 
624 208 
244 220 
236 216 
232 216 
232 240 
232 212 
240 216 
236 240 
208 244 
232 448 
236 216 
240 216 
236 248 
232 216 
232 212 
236 216 
236 216 
212 232 
280 656 
236 208 
236 220 
240 216 
232 240 
232 216 
236 212 
236 216 
212 236 
228 220 
236 216 
240 212 
756 204 
236 212 
236 220 
232 208 
236 212 
240 208 
236 252 
232 212 
236 216 
232 220 
232 216 
228 220 
232 212 
232 204 
228 212 
232 212 
236 220 
236 216 
236 216 
232 212 
228 204 
236 212 
236 236 
416 208 
236 212 
240 216 
232 216 
236 256 
232 208 
236 232 
236 244 
236 212 
236 208 
240 216 
240 240 
236 208 
232 208 
236 300 
228 236 
228 208 
236 212 
240 228 
236 248 
232 212 
240 212 
236 208 
232 236 
232 256 
236 220 
236 208 
236 236 
236 416 
236 204 
232 228 
232 212 
236 220 
380 208 
228 208 
236 220 
240 208 
236 216 
232 236 
240 236 
232 232 
232 232 
624 224 
232 208 
232 208 
236 236 
40 44 
244 212 
228 212 
228 216 
212 208 
228 500 
240 212 
236 232 
232 208 
236 224 
232 208 
236 264 
232 216 
216 212 
232 712 
1100 232 
236 208 
236 212 
236 216 
236 212 
236 212 
240 216 
212 328 
240 268 
236 212 
232 212 
228 220 
44 176 
236 216 
236 216 
236 208 
236 212 
236 268 
232 216 
236 212 
244 212 
252 212 
236 216 
232 212 
236 212 
232 236 
236 236 
232 224 
232 264 
236 240 
228 212 
228 48 
232 208 
232 208 
240 272 
236 232 
232 256 
236 212 
236 236 
236 232 
236 240 
244 212 
236 212 
236 232 
228 212 
232 216 
232 212 
236 208 
236 216 
236 228 
248 220 
236 236 
240 212 
264 208 
232 212 
236 236 
236 204 
236 212 
232 216 
232 216 
228 220 
236 212 
236 236 
240 236 
236 240 
236 216 
232 212 
424 236 
236 216 
232 236 
236 220 
228 216 
236 220 
232 216 
236 220 
232 240 
652 216 
232 212 
240 220 
236 212 
232 236 
232 228 
240 212 
236 260 
1200 240 
236 452 
236 260 
232 232 
236 224 
236 216 
236 212 
236 208 
244 212 
216 220 
240 728 
232 216 
232 216 
232 244 
232 204 
236 212 
236 208 
236 220 
224 208 
232 212 
232 228 
232 216 
236 212 
232 216 
248 216 
232 216 
236 208 
236 240 
236 204 
232 212 
236 212 
228 212 
236 212 
236 216 
940 212 
232 220 
236 212 
240 208 
236 216 
236 232 
236 224 
232 216 
232 212 
228 208 
240 216 
236 216 
224 212 
232 208 
312 216 
228 212 
264 216 
236 208 
232 228 
232 212 
236 216 
244 208 
236 236 
240 216 
240 212 
292 208 
236 240 
232 208 
236 216 
232 256 
228 212 
236 208 
232 212 
232 216 
212 220 
216 212 
232 216 
236 208 
232 204 
232 224 
232 208 
236 212 
232 208 
232 212 
392 212 
228 208 
228 240 
228 228 
236 212 
232 216 
860 236 
236 224 
236 224 
676 216 
232 204 
232 240 
236 236 
248 264 
236 220 
236 260 
228 212 
208 216 
228 564 
232 212 
236 212 
232 216 
228 208 
236 220 
232 224 
240 232 
208 208 
240 232 
232 220 
236 236 
236 244 
236 224 
232 224 
236 220 
232 216 
220 204 
232 208 
236 232 
232 244 
232 212 
752 224 
236 208 
236 212 
236 216 
236 208 
236 240 
236 236 
232 240 
236 212 
236 208 
240 212 
236 220 
228 216 
236 212 
232 220 
228 212 
232 208 
236 252 
232 236 
236 208 
232 208 
236 216 
236 216 
232 212 
236 224 
232 212 
240 208 
236 232 
232 212 
236 208 
236 216 
228 212 
236 216 
524 212 
236 240 
236 232 
236 212 
248 216 
236 236 
232 252 
236 240 
232 212 
236 240 
236 220 
236 212 
232 208 
208 208 
236 208 
240 212 
236 220 
236 240 
236 212 
236 212 
240 216 
228 228 
476 212 
240 212 
236 220 
228 220 
236 208 
236 228 
236 220 
232 212 
240 256 
712 204 
236 208 
232 208 
236 244 
256 220 
236 216 
236 212 
228 228 
44 236 
228 556 
232 212 
240 220 
236 224 
240 212 
236 204 
228 216 
236 216 
208 212 
236 724 
236 212 
236 212 
232 212 
232 212 
232 220 
236 212 
244 216 
236 244 
232 248 
232 212 
236 212 
236 216 
236 212 
236 208 
232 228 
236 208 
232 212 
240 208 
232 208 
236 212 
236 228 
40 48 
236 268 
236 240 
236 260 
260 216 
228 212 
228 212 
232 212 
232 236 
236 216 
232 240 
236 236 
228 216 
528 212 
236 212 
232 236 
232 216 
240 212 
236 212 
232 212 
232 256 
232 212 
228 208 
236 212 
236 208 
232 212 
236 216 
264 204 
232 216 
232 208 
236 212 
240 236 
232 232 
232 204 
236 212 
240 224 
236 224 
228 208 
236 212 
240 216 
232 212 
236 212 
236 236 
236 216 
232 216 
232 216 
468 212 
228 212 
232 212 
276 264 
236 240 
232 216 
236 212 
236 216 
444 208 
736 216 
228 232 
232 236 
236 208 
240 212 
236 208 
240 228 
236 212 
208 240 
232 496 
240 212 
232 212 
232 216 
240 236 
232 216 
236 216 
240 212 
216 244 
228 208 
228 216 
240 244 
232 208 
240 212 
240 240 
240 232 
256 212 
232 212 
236 208 
236 240 
236 220 
232 236 
232 248 
232 232 
240 240 
232 236 
236 220 
236 212 
236 208 
232 212 
232 220 
232 212 
232 212 
556 216 
232 212 
236 228 
236 204 
236 208 
236 216 
240 248 
236 208 
228 208 
232 220 
240 236 
232 212 
236 228 
236 236 
236 252 
232 212 
236 212 
232 208 
236 208 
236 216 
236 236 
240 260 
228 216 
236 212 
236 212 
232 236 
236 236 
232 208 
228 316 
232 208 
232 208 
236 228 
232 224 
240 220 
488 216 
232 252 
236 224 
240 212 
236 236 
232 256 
228 212 
232 252 
236 212 
236 236 
500 212 
236 216 
224 212 
240 216 
252 216 
228 212 
224 204 
300 620 
0 0 
0 0 
0 0 
0 0 
0 0 
0 0 
0 0 
236 232 
228 232 
208 228 
228 608 
232 232 
224 228 
232 228 
228 228 
232 232 
232 232 
232 220 
212 212 
228 232 
228 228 
236 232 
228 232 
188 232 
236 192 
232 232 
228 236 
232 208 
240 232 
228 236 
232 228 
228 228 
228 232 
232 228 
228 232 
228 232 
232 208 
228 236 
236 228 
232 192 
228 228 
240 232 
232 236 
232 228 
232 232 
236 208 
228 220 
236 208 
232 208 
236 232 
236 208 
428 212 
252 212 
236 240 
296 212 
232 212 
232 208 
236 208 
240 208 
236 232 
232 212 
232 212 
232 208 
232 212 
236 216 
236 232 
188 216 
236 212 
232 212 
232 208 
232 220 
232 208 
236 216 
240 216 
232 216 
240 208 
236 216 
236 232 
288 212 
232 208 
232 212 
240 228 
236 244 
236 212 
232 236 
240 248 
232 260 
496 252 
232 216 
236 204 
236 220 
236 236 
236 220 
236 212 
232 208 
236 208 
748 216 
240 216 
236 220 
216 208 
232 236 
232 208 
232 208 
236 208 
212 216 
236 580 
236 240 
244 208 
320 212 
236 212 
232 212 
240 232 
236 260 
224 220 
236 216 
424 212 
232 216 
240 208 
236 212 
236 216 
236 236 
228 224 
244 216 
232 208 
344 236 
236 212 
236 208 
236 264 
236 240 
236 240 
232 212 
292 220 
232 224 
236 212 
236 256 
236 212 
232 208 
236 232 
236 224 
228 212 
232 212 
240 216 
232 216 
232 216 
228 208 
240 220 
236 260 
236 216 
232 208 
1164 212 
236 224 
240 212 
228 248 
260 208 
236 204 
240 208 
232 232 
236 252 
232 212 
232 216 
240 228 
236 208 
232 224 
232 216 
232 212 
236 212 
236 212 
228 208 
236 224 
236 220 
240 212 
236 240 
232 232 
288 212 
236 208 
240 220 
232 236 
240 216 
232 212 
48 44 
236 260 
232 212 
544 216 
236 232 
236 220 
232 232 
232 216 
236 204 
236 216 
232 216 
232 204 
236 372 
236 212 
236 236 
236 248 
236 256 
240 216 
236 216 
236 252 
216 216 
232 608 
236 212 
232 212 
240 212 
240 216 
232 236 
236 240 
40 44 
212 212 
236 236 
236 204 
232 208 
232 212 
240 236 
232 236 
324 216 
240 208 
236 232 
236 260 
232 224 
232 236 
260 208 
232 212 
236 220 
232 236 
228 216 
232 204 
236 216 
228 220 
232 208 
236 240 
236 236 
236 212 
236 424 
244 208 
228 208 
236 240 
232 52 
232 216 
240 232 
232 236 
232 260 
280 212 
236 252 
236 216 
236 256 
228 208 
244 212 
236 216 
232 212 
232 208 
236 220 
232 268 
232 212 
252 268 
240 216 
236 248 
236 232 
236 252 
228 208 
232 208 
232 212 
240 212 
236 212 
236 236 
228 220 
240 212 
236 216 
328 216 
320 204 
232 248 
244 212 
232 216 
232 212 
236 236 
228 220 
232 252 
544 216 
240 216 
236 208 
240 220 
232 244 
236 212 
232 212 
232 204 
232 216 
236 396 
236 208 
236 220 
232 212 
236 208 
240 232 
236 212 
232 212 
236 216 
232 576 
240 212 
228 236 
232 216 
240 220 
240 240 
236 236 
228 216 
216 220 
244 232 
236 212 
232 208 
236 324 
236 212 
232 236 
236 252 
228 204 
236 208 
240 268 
232 212 
236 236 
240 208 
236 920 
232 208 
236 220 
324 212 
228 212 
236 204 
236 208 
236 208 
232 232 
236 208 
228 212 
232 212 
228 208 
232 216 
244 212 
236 228 
264 208 
240 256 
232 220 
240 212 
236 212 
232 236 
332 204 
240 232 
236 236 
236 236 
240 240 
232 224 
228 212 
240 208 
228 208 
240 212 
236 236 
264 212 
232 1040 
232 208 
232 212 
240 232 
240 236 
232 232 
240 232 
236 236 
236 252 
236 216 
236 208 
228 224 
336 248 
236 220 
236 208 
232 216 
276 212 
228 208 
236 208 
232 208 
236 216 
568 208 
232 260 
224 216 
260 228 
236 212 
232 208 
236 216 
232 252 
216 240 
232 404 
232 212 
236 208 
676 208 
232 240 
236 208 
236 204 
232 208 
212 208 
236 668 
232 212 
232 244 
228 216 
236 212 
236 252 
232 260 
280 232 
212 216 
236 212 
232 208 
232 208 
236 220 
236 248 
236 208 
244 208 
228 208 
232 212 
232 212 
240 216 
232 212 
240 212 
240 260 
232 216 
232 212 
228 212 
272 220 
232 232 
232 260 
236 216 
232 220 
236 216 
232 236 
236 220 
228 212 
260 228 
228 208 
236 216 
236 300 
236 232 
236 260 
252 228 
236 216 
236 224 
236 244 
1072 224 
236 216 
244 212 
240 216 
236 212 
232 240 
232 224 
260 212 
232 208 
236 212 
236 236 
232 212 
232 212 
236 216 
232 212 
232 204 
228 208 
244 216 
236 216 
272 224 
236 216 
240 236 
236 236 
344 212 
240 212 
240 208 
232 236 
240 224 
232 204 
232 208 
240 208 
232 224 
616 232 
984 224 
236 208 
232 224 
236 240 
260 212 
232 216 
232 208 
220 240 
232 436 
232 212 
232 208 
232 204 
240 212 
236 204 
236 232 
236 212 
212 212 
236 708 
232 208 
236 220 
264 232 
236 208 
240 212 
240 232 
236 216 
216 220 
228 212 
236 212 
232 212 
232 216 
236 212 
236 204 
232 208 
232 264 
232 216 
232 212 
240 212 
236 216 
240 216 
44 48 
236 212 
232 216 
232 208 
236 212 
236 236 
236 252 
240 252 
232 220 
236 224 
240 216 
236 264 
236 236 
228 212 
240 216 
236 204 
232 208 
236 208 
232 212 
232 220 
232 236 
236 268 
228 212 
316 212 
232 244 
228 216 
232 212 
268 240 
40 48 
240 220 
236 212 
236 216 
236 212 
240 236 
232 220 
232 208 
232 216 
240 216 
232 212 
232 212 
236 216 
232 248 
232 216 
232 212 
232 212 
1020 216 
340 212 
240 212 
236 208 
232 208 
236 220 
236 212 
236 232 
232 212 
232 216 
632 220 
232 212 
236 212 
232 220 
228 48 
236 236 
232 240 
224 216 
212 216 
236 472 
236 216 
236 272 
236 212 
232 212 
236 212 
232 216 
236 216 
212 212 
236 700 
244 216 
232 208 
240 212 
232 220 
232 212 
848 236 
232 208 
216 212 
236 220 
232 216 
332 208 
240 212 
236 220 
236 208 
236 212 
236 208 
232 232 
236 220 
236 256 
240 236 
232 240 
236 208 
236 212 
236 228 
232 208 
240 212 
236 212 
236 216 
240 208 
240 216 
236 212 
236 236 
240 216 
236 212 
236 224 
232 204 
232 220 
236 248 
240 216 
212 236 
232 240 
236 212 
236 208 
232 216 
228 208 
240 240 
236 236 
236 236 
396 212 
232 216 
236 260 
236 220 
236 224 
232 216 
276 216 
704 212 
260 212 
232 204 
236 208 
240 240 
244 216 
236 216 
236 240 
232 212 
236 216 
232 260 
228 208 
384 220 
236 232 
256 240 
232 236 
236 236 
236 212 
236 216 
232 216 
232 228 
640 220 
228 220 
264 208 
236 204 
236 208 
236 212 
236 216 
232 244 
212 216 
236 460 
236 256 
256 212 
228 216 
652 256 
232 248 
236 216 
236 208 
212 240 
236 740 
284 216 
232 212 
240 212 
476 212 
236 208 
232 232 
240 236 
216 240 
228 212 
236 212 
236 236 
240 240 
228 212 
236 232 
236 224 
236 212 
228 216 
232 216 
236 208 
236 220 
232 248 
232 212 
236 208 
236 212 
232 240 
236 232 
236 256 
236 212 
244 208 
236 212 
232 212 
232 216 
240 236 
240 240 
236 252 
236 252 
240 236 
232 212 
232 212 
240 220 
328 208 
236 232 
240 236 
240 216 
240 232 
252 236 
240 212 
232 212 
232 208 
236 240 
236 236 
236 216 
240 240 
232 236 
232 212 
236 228 
236 212 
252 212 
228 220 
236 208 
236 216 
232 212 
236 208 
236 244 
240 236 
236 240 
244 216 
320 216 
236 212 
236 212 
236 216 
236 240 
236 236 
236 216 
232 204 
232 208 
640 212 
232 216 
236 212 
240 212 
248 228 
232 212 
232 216 
240 268 
212 240 
228 504 
236 212 
236 212 
232 216 
236 208 
236 336 
240 236 
240 236 
224 212 
232 748 
236 208 
236 212 
236 208 
236 220 
236 204 
232 208 
232 220 
244 212 
232 208 
236 212 
236 224 
236 216 
236 208 
232 208 
244 216 
232 212 
236 220 
284 220 
228 216 
232 212 
240 216 
232 212 
236 224 
232 212 
232 212 
228 208 
236 208 
232 212 
236 212 
240 236 
232 228 
232 216 
236 208 
236 216 
236 212 
236 236 
236 208 
236 220 
232 216 
244 212 
232 212 
236 220 
236 236 
232 208 
2388 212 
0 0 
232 252 
232 208 
236 212 
228 220 
44 48 
236 216 
228 208 
236 216 
236 260 
232 216 
236 236 
272 228 
212 212 
236 236 
228 208 
232 212 
228 212 
232 216 
280 212 
236 208 
232 212 
416 216 
236 208 
240 212 
228 212 
228 208 
236 220 
232 236 
228 208 
272 216 
696 212 
448 216 
44 44 
228 220 
232 212 
236 208 
232 268 
236 252 
240 208 
232 540 
236 260 
236 236 
232 212 
228 208 
236 212 
240 256 
232 244 
236 212 
232 212 
236 204 
236 208 
236 212 
232 212 
236 216 
236 216 
232 208 
232 212 
236 204 
228 208 
228 212 
236 48 
236 216 
236 208 
236 216 
236 212 
236 204 
240 216 
236 236 
240 216 
236 208 
240 224 
240 216 
236 212 
228 232 
236 216 
236 244 
232 256 
236 216 
232 204 
232 212 
236 252 
236 228 
232 208 
232 216 
232 212 
240 220 
236 232 
292 232 
236 216 
236 212 
236 208 
268 216 
236 212 
232 212 
236 208 
232 216 
240 212 
236 216 
232 212 
236 212 
236 212 
236 220 
232 236 
236 224 
236 240 
236 240 
236 220 
208 212 
248 208 
240 212 
232 208 
232 208 
232 232 
236 256 
232 208 
232 228 
460 208 
228 232 
232 208 
232 216 
240 216 
236 236 
236 212 
232 212 
232 212 
712 264 
236 212 
228 216 
236 232 
232 212 
232 232 
232 212 
228 212 
208 220 
232 560 
232 208 
232 232 
232 204 
232 212 
236 216 
232 256 
232 244 
212 208 
236 212 
232 216 
240 212 
232 212 
236 212 
236 216 
232 232 
232 212 
236 224 
236 208 
232 208 
232 212 
236 252 
236 212 
232 220 
232 216 
236 208 
236 224 
236 236 
268 232 
232 212 
236 244 
236 224 
236 228 
236 216 
236 208 
236 240 
232 216 
240 208 
236 208 
236 216 
248 244 
228 216 
236 236 
232 256 
236 220 
240 208 
236 224 
244 216 
236 220 
232 204 
240 244 
236 256 
232 208 
228 208 
232 216 
236 208 
236 216 
240 236 
236 224 
236 232 
236 212 
228 212 
236 236 
232 212 
232 212 
236 212 
228 240 
240 212 
312 216 
232 208 
232 208 
240 212 
232 232 
236 232 
236 216 
232 212 
232 216 
464 212 
848 216 
236 256 
228 216 
232 216 
236 208 
236 212 
232 240 
268 216 
696 216 
236 216 
236 240 
228 216 
228 220 
236 208 
228 216 
232 236 
212 256 
236 564 
236 212 
236 216 
244 220 
236 216 
232 204 
232 212 
240 212 
212 212 
232 264 
232 212 
232 212 
232 212 
236 220 
236 208 
232 216 
236 296 
236 216 
236 236 
236 276 
232 208 
236 232 
228 208 
236 232 
232 248 
232 212 
240 208 
236 236 
232 224 
232 212 
236 244 
232 224 
232 208 
1016 212 
232 212 
236 236 
232 232 
240 236 
276 204 
232 208 
236 208 
232 212 
232 216 
228 212 
232 208 
232 212 
236 224 
228 212 
232 212 
236 236 
240 372 
236 236 
232 216 
240 236 
236 220 
232 268 
232 208 
232 212 
236 328 
232 212 
232 208 
236 208 
236 236 
232 216 
232 208 
240 216 
240 220 
1344 208 
388 212 
236 204 
232 204 
236 208 
240 264 
244 216 
240 220 
232 216 
236 220 
512 232 
240 204 
232 240 
236 208 
236 208 
232 208 
232 220 
236 232 
236 264 
744 208 
232 216 
232 212 
232 236 
48 44 
268 216 
232 212 
232 212 
212 212 
228 584 
232 212 
240 224 
232 252 
232 228 
604 212 
236 212 
236 236 
212 240 
232 216 
240 208 
236 216 
228 216 
232 216 
236 224 
236 260 
232 264 
228 220 
388 208 
232 212 
236 208 
236 212 
232 208 
240 244 
232 248 
232 208 
48 48 
232 216 
240 216 
228 204 
232 208 
340 224 
236 216 
232 212 
232 208 
232 212 
232 256 
232 232 
240 208 
232 268 
228 216 
236 216 
236 220 
236 224 
236 252 
236 212 
236 216 
240 220 
236 232 
232 224 
236 212 
232 212 
232 208 
240 208 
240 216 
228 216 
232 48 
236 220 
236 236 
236 212 
236 216 
236 208 
228 224 
228 220 
232 212 
228 208 
236 204 
236 240 
252 212 
236 208 
240 208 
232 252 
236 220 
236 232 
240 212 
236 236 
236 256 
516 204 
228 212 
236 212 
236 212 
236 220 
232 252 
240 236 
232 212 
236 212 
748 212 
232 208 
236 216 
600 212 
232 216 
236 220 
236 208 
236 212 
216 216 
240 588 
236 236 
240 264 
232 208 
236 208 
228 216 
228 212 
232 208 
216 216 
236 236 
228 212 
224 216 
228 212 
240 236 
232 236 
232 212 
232 216 
236 332 
236 208 
232 216 
236 212 
232 212 
240 224 
232 208 
236 236 
228 212 
236 220 
236 212 
232 212 
236 208 
232 212 
236 212 
240 212 
240 216 
228 216 
236 212 
232 212 
232 212 
304 216 
236 204 
236 212 
232 228 
236 216 
232 248 
236 236 
236 240 
232 208 
284 216 
232 252 
232 216 
236 232 
228 208 
236 228 
232 216 
232 212 
236 208 
232 224 
240 236 
236 260 
236 240 
232 204 
232 216 
236 208 
232 264 
232 212 
232 212 
240 224 
236 212 
284 212 
236 236 
236 216 
240 216 
236 212 
232 212 
236 240 
240 236 
236 264 
504 264 
652 212 
232 208 
232 216 
232 216 
236 236 
232 212 
236 244 
244 220 
232 376 
232 212 
232 212 
232 224 
240 212 
236 260 
232 216 
236 236 
212 240 
240 628 
396 216 
236 216 
232 216 
236 208 
232 208 
236 228 
320 212 
212 216 
232 208 
236 216 
232 212 
236 252 
228 212 
232 212 
232 208 
236 216 
584 204 
236 220 
236 208 
236 236 
236 224 
236 220 
232 224 
228 212 
232 236 
228 216 
228 208 
232 212 
236 232 
240 212 
232 204 
240 208 
236 228 
232 256 
228 208 
236 220 
244 208 
224 216 
236 240 
228 212 
232 216 
260 216 
228 216 
240 236 
236 204 
232 232 
236 220 
232 216 
236 204 
624 224 
236 208 
236 208 
232 220 
232 216 
232 208 
232 212 
232 212 
236 220 
240 236 
232 216 
232 212 
232 208 
236 204 
232 216 
240 208 
236 208 
236 212 
304 208 
232 232 
232 208 
236 236 
236 232 
232 236 
232 232 
236 208 
232 212 
560 212 
236 216 
236 236 
232 252 
228 212 
228 216 
232 208 
228 208 
232 216 
228 424 
244 216 
236 236 
240 216 
276 212 
232 204 
240 220 
236 240 
216 236 
232 640 
236 208 
236 212 
232 216 
232 208 
232 332 
376 204 
232 212 
212 208 
236 220 
236 216 
228 240 
232 216 
232 212 
240 216 
252 208 
236 212 
240 248 
236 236 
228 212 
232 212 
240 216 
236 228 
232 208 
232 216 
232 212 
236 296 
240 248 
252 212 
232 212 
236 212 
236 220 
236 268 
236 216 
232 220 
236 212 
232 208 
40 48 
236 212 
228 220 
240 212 
236 240 
236 212 
236 216 
236 236 
236 232 
236 208 
236 208 
260 212 
236 212 
236 252 
240 228 
228 212 
232 244 
232 208 
240 216 
40 44 
232 204 
232 212 
236 208 
240 236 
240 248 
228 204 
232 216 
240 236 
232 216 
236 236 
272 208 
280 212 
232 208 
236 216 
236 232 
268 236 
236 236 
240 232 
232 240 
300 208 
576 216 
236 216 
232 216 
236 212 
240 216 
236 212 
240 320 
228 216 
232 44 
236 440 
228 216 
228 228 
232 924 
232 208 
236 212 
236 212 
232 212 
208 216 
236 680 
236 232 
232 212 
236 216 
232 216 
232 240 
232 216 
228 216 
212 244 
236 232 
232 212 
232 212 
236 212 
236 216 
232 212 
240 208 
236 208 
240 240 
236 228 
236 208 
232 216 
236 216 
236 212 
232 220 
236 264 
236 220 
232 216 
240 228 
236 212 
228 208 
236 244 
232 220 
236 224 
232 264 
240 208 
232 216 
236 212 
240 216 
236 236 
232 208 
228 264 
232 216 
236 232 
248 208 
228 236 
240 216 
236 252 
240 228 
236 216 
388 208 
232 216 
240 220 
240 204 
236 256 
232 208 
232 208 
236 216 
228 228 
236 212 
228 212 
236 224 
232 204 
236 236 
240 264 
232 244 
228 228 
232 216 
236 208 
356 236 
236 212 
232 208 
236 212 
228 212 
232 236 
228 208 
232 208 
232 204 
608 208 
232 1124 
240 204 
240 228 
236 216 
232 224 
232 212 
232 212 
236 224 
236 452 
228 212 
232 220 
232 236 
240 232 
236 204 
232 208 
232 208 
216 220 
236 688 
232 216 
236 220 
228 216 
236 212 
236 220 
232 212 
228 204 
212 220 
236 212 
232 212 
284 240 
236 220 
236 212 
228 212 
236 212 
236 220 
236 208 
232 208 
236 208 
228 216 
236 212 
232 220 
236 212 
256 208 
236 232 
232 224 
228 260 
236 236 
240 232 
236 236 
236 208 
232 212 
228 212 
232 212 
232 208 
244 212 
232 208 
236 220 
236 260 
228 220 
240 212 
236 212 
236 220 
236 208 
236 228 
240 212 
232 212 
236 212 
236 296 
240 236 
224 208 
232 212 
232 204 
232 244 
232 228 
236 208 
240 252 
236 204 
232 212 
240 208 
236 232 
236 212 
228 212 
232 208 
232 212 
236 208 
1164 236 
360 232 
236 220 
236 232 
232 216 
236 208 
240 220 
236 244 
236 220 
232 216 
620 224 
236 212 
232 236 
232 264 
240 216 
232 208 
236 220 
232 208 
212 232 
236 460 
236 224 
228 300 
260 216 
256 212 
240 208 
244 208 
228 212 
216 232 
228 708 
232 216 
236 224 
236 224 
236 204 
228 212 
232 1104 
236 212 
216 256 
240 244 
236 212 
232 260 
232 216 
236 220 
228 228 
232 216 
232 216 
232 216 
232 208 
240 216 
236 236 
232 220 
236 264 
240 208 
196 44 
236 216 
236 252 
232 224 
236 212 
236 236 
232 236 
232 220 
236 248 
236 208 
236 236 
240 236 
236 264 
232 208 
232 208 
532 224 
236 220 
236 216 
228 216 
232 204 
236 212 
44 48 
236 208 
236 236 
236 212 
236 232 
232 220 
324 216 
232 208 
236 216 
236 252 
268 212 
240 216 
236 208 
236 208 
236 232 
240 216 
240 228 
236 236 
232 216 
232 208 
236 216 
240 212 
236 212 
404 208 
236 212 
232 208 
232 212 
240 240 
236 208 
236 212 
240 244 
236 212 
636 44 
236 208 
232 212 
240 216 
236 212 
236 236 
244 232 
232 252 
216 208 
232 496 
236 212 
232 216 
232 212 
312 660 
236 252 
236 236 
228 216 
212 212 
240 708 
236 208 
232 208 
236 240 
236 220 
232 232 
232 212 
236 212 
220 244 
232 236 
236 232 
232 212 
236 212 
232 220 
228 208 
232 212 
240 208 
236 232 
236 248 
232 212 
240 212 
232 224 
228 208 
240 216 
236 216 
228 216 
244 212 
236 216 
988 236 
232 212 
236 240 
324 212 
236 204 
232 208 
236 224 
236 248 
236 240 
252 212 
248 208 
228 208 
232 212 
240 240 
240 304 
232 256 
292 212 
232 216 
268 236 
232 216 
240 220 
240 236 
232 208 
236 212 
232 216 
240 220 
236 268 
236 216 
232 224 
232 216 
240 216 
236 240 
236 212 
232 252 
232 244 
232 208 
232 208 
236 212 
236 216 
240 240 
396 216 
236 252 
236 224 
228 220 
228 212 
256 220 
236 208 
236 240 
236 220 
620 240 
232 236 
244 220 
236 260 
236 212 
232 212 
232 208 
240 204 
208 208 
232 524 
232 220 
236 232 
232 212 
232 212 
240 216 
320 212 
236 252 
228 216 
232 216 
236 228 
236 212 
232 208 
240 244 
236 256 
236 220 
240 260 
236 240 
228 208 
232 212 
236 204 
232 212 
240 212 
236 236 
236 216 
236 228 
808 220 
228 212 
240 264 
232 216 
252 208 
232 212 
236 212 
228 212 
240 236 
236 236 
244 236 
0 0 
0 0 
248 208 
244 208 
236 208 
232 236 
240 208 
248 224 
228 392 
224 216 
240 216 
428 212 
232 216 
240 212 
236 220 
236 208 
216 232 
240 212 
232 232 
208 204 
224 208 
228 216 
232 228 
372 372 
236 212 
232 436 
232 212 
232 220 
244 208 
232 208 
236 216 
236 212 
232 216 
232 212 
240 216 
248 212 
44 44 
236 220 
200 216 
216 200 
428 228 
236 212 
248 212 
228 228 
236 212 
44 52 
236 216 
240 232 
236 216 
672 240 
360 208 
236 228 
236 216 
236 208 
236 208 
236 212 
240 232 
208 212 
232 488 
232 216 
236 212 
244 216 
236 248 
232 208 
232 232 
232 224 
216 220 
236 248 
232 268 
236 212 
232 208 
236 216 
236 216 
764 236 
232 48 
216 260 
236 212 
232 212 
244 212 
236 216 
232 252 
232 216 
236 236 
236 228 
232 208 
232 216 
240 292 
240 212 
240 216 
244 208 
404 208 
236 216 
244 212 
236 216 
232 212 
228 212 
236 208 
236 216 
232 212 
236 216 
236 236 
280 268 
232 212 
232 208 
236 216 
236 208 
240 240 
604 232 
232 212 
224 208 
236 208 
228 216 
236 260 
252 208 
236 208 
252 212 
236 240 
236 220 
228 216 
236 212 
236 236 
236 212 
236 236 
232 244 
236 212 
236 224 
204 268 
232 208 
236 212 
232 248 
236 208 
236 236 
236 240 
240 208 
236 236 
436 208 
232 212 
228 204 
376 208 
228 216 
368 212 
232 236 
236 236 
232 212 
672 236 
236 220 
240 240 
236 224 
236 212 
240 208 
232 212 
232 212 
208 216 
232 564 
236 212 
236 232 
236 248 
236 220 
232 208 
232 208 
232 204 
212 212 
232 256 
228 216 
232 208 
232 236 
232 252 
236 216 
236 208 
236 208 
240 212 
236 212 
236 236 
236 212 
232 208 
232 216 
236 220 
248 216 
236 204 
232 216 
228 236 
236 220 
236 252 
236 216 
232 208 
232 204 
236 212 
248 212 
232 212 
232 216 
236 1148 
236 212 
236 204 
232 208 
232 216 
240 240 
240 236 
236 212 
228 268 
264 216 
244 212 
232 212 
240 224 
232 264 
304 208 
232 208 
232 224 
236 236 
236 212 
228 232 
236 212 
232 204 
232 208 
236 264 
232 212 
232 220 
232 244 
236 212 
240 212 
232 212 
228 208 
244 208 
236 240 
236 212 
608 212 
240 212 
236 236 
236 236 
252 232 
228 208 
480 208 
236 240 
236 232 
232 208 
236 212 
236 236 
236 220 
236 240 
236 220 
688 260 
232 220 
232 212 
236 216 
240 216 
240 208 
236 216 
232 256 
216 208 
232 572 
240 216 
232 212 
236 212 
240 228 
232 212 
228 216 
228 220 
232 220 
236 248 
236 228 
236 240 
232 216 
236 224 
236 268 
232 220 
236 236 
232 260 
228 220 
232 228 
232 212 
236 208 
232 208 
232 216 
232 212 
236 228 
240 260 
236 240 
236 236 
232 236 
232 224 
232 220 
232 212 
236 212 
236 216 
236 204 
228 228 
236 216 
236 216 
236 216 
236 260 
236 216 
236 216 
236 256 
240 240 
232 248 
244 212 
236 208 
232 208 
236 212 
236 224 
232 268 
232 204 
232 212 
232 208 
356 208 
232 208 
232 264 
236 248 
236 216 
480 216 
236 212 
236 240 
232 216 
236 208 
236 212 
236 236 
252 216 
272 212 
240 216 
236 256 
232 212 
236 224 
236 216 
236 212 
236 228 
240 220 
504 208 
236 204 
40 44 
236 208 
236 224 
252 212 
228 212 
236 220 
232 292 
728 264 
236 236 
232 272 
240 236 
232 208 
236 216 
236 216 
232 212 
208 244 
228 584 
232 216 
240 220 
232 216 
236 236 
236 212 
232 216 
228 212 
216 212 
236 208 
236 240 
236 232 
232 212 
240 208 
44 48 
240 204 
232 208 
244 208 
232 204 
236 240 
232 220 
232 240 
248 216 
228 216 
236 216 
232 212 
240 212 
236 268 
228 216 
236 216 
236 272 
228 220 
240 592 
236 216 
228 212 
228 216 
232 212 
236 212 
264 224 
228 204 
228 236 
240 208 
236 220 
232 44 
232 212 
240 236 
236 216 
236 228 
232 220 
236 208 
236 208 
264 204 
232 212 
244 216 
232 224 
236 260 
232 216 
232 208 
232 216 
232 228 
240 236 
232 228 
228 220 
236 212 
232 216 
232 212 
232 204 
264 212 
272 220 
236 216 
232 228 
236 212 
232 220 
236 208 
236 224 
236 208 
236 212 
496 236 
228 212 
236 212 
240 208 
232 208 
236 212 
312 216 
232 208 
236 212 
684 224 
232 256 
260 212 
236 212 
244 236 
232 232 
240 236 
236 224 
208 232 
232 632 
232 208 
252 220 
232 216 
236 216 
316 252 
232 216 
236 220 
216 224 
236 236 
232 212 
236 212 
240 212 
228 212 
236 236 
240 212 
236 216 
232 208 
340 212 
228 216 
228 240 
232 236 
236 216 
240 240 
236 240 
240 220 
236 216 
228 216 
236 232 
236 220 
232 256 
236 208 
240 212 
232 208 
236 232 
236 208 
240 208 
236 216 
236 220 
236 204 
240 216 
232 216 
276 216 
240 340 
236 212 
236 208 
236 236 
240 216 
232 268 
316 220 
232 208 
236 232 
232 212 
236 208 
240 212 
228 208 
232 208 
236 216 
360 208 
236 220 
232 216 
236 216 
232 216 
236 240 
232 220 
248 216 
228 232 
232 220 
280 248 
232 216 
232 228 
1216 252 
236 212 
240 212 
236 224 
228 228 
240 236 
512 216 
240 236 
228 208 
236 208 
236 224 
240 204 
236 216 
232 220 
236 216 
228 388 
232 248 
232 208 
228 216 
236 208 
240 216 
236 236 
236 240 
212 220 
232 604 
244 208 
232 268 
228 216 
232 208 
232 208 
232 216 
236 248 
212 208 
236 240 
240 216 
240 216 
236 260 
240 228 
236 220 
236 224 
236 216 
232 204 
236 208 
240 248 
316 212 
236 208 
236 212 
236 216 
232 236 
232 204 
236 208 
232 216 
228 208 
236 208 
228 216 
232 220 
228 220 
240 208 
232 212 
244 208 
232 224 
232 212 
236 208 
228 212 
232 216 
232 212 
236 212 
236 216 
236 240 
236 260 
232 208 
236 212 
236 212 
240 216 
232 208 
236 212 
236 236 
232 244 
236 208 
244 224 
240 212 
236 216 
232 224 
236 232 
236 920 
236 208 
232 248 
232 208 
232 212 
236 216 
236 228 
256 264 
308 240 
236 240 
240 232 
232 212 
236 212 
236 260 
232 208 
232 212 
236 216 
544 212 
236 232 
284 216 
228 212 
236 212 
228 208 
240 252 
240 212 
232 216 
232 528 
236 208 
232 208 
236 220 
236 224 
252 212 
240 208 
232 212 
228 272 
228 652 
232 216 
232 220 
232 208 
236 212 
236 208 
240 212 
236 220 
212 256 
228 216 
44 48 
236 216 
280 216 
316 208 
236 212 
236 244 
232 204 
236 236 
228 212 
232 208 
228 208 
236 212 
232 228 
252 228 
232 216 
240 236 
236 268 
228 212 
348 236 
232 212 
240 236 
232 216 
232 212 
232 212 
236 216 
236 212 
228 204 
232 212 
224 232 
44 48 
248 232 
232 208 
232 220 
236 224 
232 208 
232 212 
240 216 
236 212 
236 216 
1152 208 
236 216 
236 240 
236 240 
260 228 
232 208 
236 236 
232 212 
236 216 
236 236 
236 232 
236 208 
240 268 
232 216 
232 216 
236 240 
240 208 
236 216 
236 208 
320 212 
236 220 
236 220 
240 216 
240 212 
232 212 
232 212 
236 208 
240 212 
572 216 
236 204 
236 212 
236 212 
228 228 
236 208 
1176 220 
232 208 
240 216 
236 436 
232 236 
236 256 
236 208 
236 208 
236 240 
240 212 
240 260 
212 208 
236 616 
240 216 
232 216 
232 224 
232 208 
236 236 
232 220 
236 212 
216 212 
232 212 
228 212 
240 268 
236 236 
232 208 
240 204 
240 220 
232 208 
232 212 
240 212 
236 212 
236 212 
576 208 
232 208 
276 216 
236 308 
232 216 
244 204 
236 216 
236 212 
232 220 
248 208 
240 212 
232 244 
240 212 
236 208 
236 212 
236 208 
240 268 
236 252 
236 216 
236 212 
232 224 
232 208 
236 216 
232 212 
232 212 
236 232 
236 212 
244 212 
232 244 
236 204 
232 208 
236 212 
236 236 
252 208 
248 232 
228 224 
244 236 
236 216 
236 220 
236 216 
236 212 
236 208 
236 236 
240 204 
240 236 
240 208 
236 232 
344 212 
236 212 
232 236 
224 212 
536 224 
228 312 
236 208 
232 212 
232 208 
592 216 
240 216 
236 260 
224 212 
268 216 
236 208 
232 236 
228 228 
348 220 
232 400 
236 212 
236 216 
236 236 
240 216 
232 208 
236 208 
236 236 
216 220 
236 636 
236 220 
232 216 
236 208 
236 264 
236 216 
240 216 
236 216 
212 212 
236 244 
440 216 
240 216 
232 236 
232 212 
236 212 
232 212 
236 212 
236 212 
240 220 
240 208 
236 212 
236 264 
232 224 
240 216 
232 212 
236 220 
236 212 
232 208 
232 212 
236 216 
232 208 
236 224 
228 216 
236 204 
236 212 
232 228 
232 212 
236 236 
232 228 
244 212 
228 216 
232 204 
236 212 
232 264 
232 208 
236 216 
236 220 
240 236 
236 232 
232 228 
236 216 
236 236 
236 212 
232 216 
232 220 
232 208 
236 208 
232 216 
264 212 
232 216 
236 212 
236 212 
228 232 
232 236 
264 212 
264 212 
228 220 
236 216 
384 212 
236 244 
260 212 
236 224 
236 208 
228 216 
236 216 
232 204 
236 208 
596 236 
236 208 
232 232 
232 248 
224 212 
236 204 
236 216 
236 232 
216 236 
232 392 
228 216 
236 216 
236 236 
232 240 
232 212 
236 224 
236 224 
668 228 
236 692 
236 216 
232 256 
236 208 
236 244 
232 212 
232 240 
240 212 
216 260 
232 216 
232 212 
264 212 
236 240 
232 216 
236 216 
236 208 
236 220 
236 244 
232 216 
232 216 
236 216 
236 212 
236 216 
240 204 
236 216 
44 44 
240 212 
236 208 
240 216 
232 212 
236 264 
236 224 
236 236 
792 216 
232 256 
244 236 
236 236 
236 248 
236 256 
256 216 
232 216 
252 204 
236 236 
236 208 
236 208 
232 236 
244 240 
232 252 
228 208 
240 240 
240 248 
232 208 
232 208 
124 44 
228 212 
232 212 
236 212 
236 244 
232 232 
232 236 
236 220 
232 228 
236 212 
236 264 
240 208 
232 216 
228 216 
236 264 
384 212 
232 212 
232 212 
240 212 
240 212 
236 212 
244 240 
236 264 
236 212 
608 236 
228 212 
236 220 
236 240 
232 44 
236 216 
724 216 
236 204 
212 208 
232 516 
236 248 
236 244 
228 212 
228 208 
236 212 
232 212 
232 240 
208 236 
236 708 
236 208 
232 216 
224 212 
232 212 
312 212 
232 216 
236 212 
212 208 
236 216 
228 212 
232 212 
232 220 
236 208 
232 208 
236 216 
232 212 
232 212 
244 212 
236 236 
240 224 
260 212 
708 212 
236 252 
228 216 
240 212 
228 220 
228 208 
236 212 
236 212 
236 256 
236 212 
236 224 
232 232 
240 236 
228 212 
232 212 
236 208 
228 216 
232 216 
236 212 
228 212 
240 240 
236 236 
236 220 
236 208 
236 256 
228 216 
232 208 
236 216 
228 216 
236 208 
232 216 
232 216 
240 212 
224 208 
228 228 
236 212 
432 216 
220 212 
236 220 
236 236 
236 212 
240 208 
228 220 
232 220 
232 212 
240 244 
396 212 
236 216 
240 240 
232 212 
236 208 
232 212 
236 208 
232 212 
236 220 
660 240 
240 208 
228 216 
236 208 
228 212 
240 212 
236 216 
240 220 
340 220 
228 500 
228 216 
228 256 
236 216 
236 228 
228 212 
232 220 
228 212 
212 220 
232 724 
236 212 
240 212 
236 244 
232 232 
232 212 
232 204 
232 212 
212 260 
244 224 
240 820 
236 216 
228 212 
236 236 
228 212 
236 252 
236 216 
228 220 
232 212 
232 212 
232 236 
236 212 
236 284 
236 224 
232 212 
236 236 
232 236 
228 216 
232 220 
232 212 
232 212 
236 208 
316 208 
232 232 
232 212 
232 216 
232 208 
232 272 
236 212 
232 208 
360 216 
236 240 
236 240 
232 212 
488 212 
232 216 
228 208 
236 216 
236 228 
232 228 
232 212 
256 216 
232 232 
236 236 
236 212 
236 208 
232 208 
240 260 
232 212 
236 216 
236 220 
236 216 
228 212 
236 208 
236 208 
228 212 
232 224 
236 212 
428 208 
228 208 
232 208 
236 216 
236 240 
236 212 
228 216 
232 212 
236 240 
656 212 
236 208 
236 208 
228 208 
236 224 
236 212 
236 212 
232 224 
212 212 
232 524 
236 256 
232 216 
236 240 
232 212 
228 212 
232 216 
236 212 
212 236 
236 236 
232 212 
240 204 
228 208 
232 212 
236 236 
232 244 
232 216 
220 232 
228 212 
236 216 
236 216 
232 208 
236 208 
236 240 
260 212 
236 216 
236 212 
232 236 
360 216 
232 208 
232 216 
236 208 
240 236 
240 236 
228 208 
232 240 
236 228 
236 216 
236 224 
236 232 
232 232 
236 212 
624 212 
232 208 
232 220 
232 212 
240 212 
236 212 
232 208 
48 44 
232 240 
236 236 
236 212 
232 212 
236 212 
236 208 
236 232 
236 216 
232 216 
232 216 
228 212 
244 212 
236 208 
232 220 
240 212 
236 232 
268 212 
232 216 
228 236 
232 216 
232 212 
236 228 
232 212 
232 236 
228 212 
232 204 
312 228 
44 212 
236 216 
236 236 
232 240 
228 216 
228 212 
232 212 
232 212 
232 288 
696 208 
236 236 
232 212 
232 208 
232 216 
236 208 
232 212 
232 208 
212 220 
240 548 
236 48 
244 260 
240 212 
240 208 
228 212 
236 216 
236 232 
212 236 
232 220 
236 216 
240 204 
236 208 
236 212 
236 212 
236 212 
236 216 
216 216 
232 212 
236 216 
236 268 
264 208 
232 216 
228 216 
228 212 
236 208 
236 208 
236 236 
232 220 
256 220 
232 208 
240 236 
232 216 
232 208 
236 256 
236 212 
240 208 
256 212 
232 212 
232 216 
240 236 
236 204 
236 216 
228 216 
240 224 
236 208 
228 244 
236 212 
236 208 
236 204 
240 236 
236 216 
232 208 
232 208 
240 240 
232 220 
228 220 
240 212 
232 212 
228 232 
232 216 
240 204 
236 212 
244 216 
236 216 
232 216 
240 248 
240 236 
224 268 
232 212 
236 236 
236 268 
236 216 
228 216 
240 212 
240 236 
236 216 
468 216 
232 220 
232 212 
236 212 
240 292 
312 212 
232 208 
240 208 
284 208 
716 236 
232 216 
236 236 
236 236 
236 216 
236 212 
232 212 
232 212 
212 208 
232 480 
240 224 
248 212 
236 236 
232 212 
236 232 
236 212 
236 216 
212 276 
232 212 
236 256 
224 216 
236 208 
240 236 
248 216 
232 212 
236 236 
236 236 
232 208 
236 208 
228 1188 
236 264 
252 212 
232 212 
240 264 
232 224 
236 212 
232 204 
232 212 
236 208 
232 208 
236 216 
236 268 
240 212 
232 216 
236 236 
244 204 
236 204 
224 208 
232 216 
232 212 
236 216 
360 212 
232 212 
236 236 
236 212 
232 212 
232 236 
236 268 
268 224 
236 208 
236 208 
236 216 
1136 224 
244 240 
236 216 
232 208 
232 208 
236 212 
236 232 
232 236 
236 228 
236 208 
240 236 
236 248 
240 216 
236 208 
232 208 
248 208 
232 216 
236 308 
236 208 
232 208 
236 224 
240 220 
232 216 
236 216 
496 220 
232 220 
240 236 
228 212 
236 228 
232 208 
240 240 
232 232 
232 216 
740 212 
232 212 
236 212 
236 216 
236 240 
252 224 
236 236 
236 212 
212 208 
236 572 
236 212 
236 236 
228 212 
232 216 
232 216 
236 236 
236 256 
204 268 
232 232 
232 212 
232 212 
232 208 
236 232 
232 216 
232 212 
232 216 
232 280 
232 216 
228 216 
232 216 
240 220 
272 216 
232 212 
236 212 
236 212 
240 208 
236 212 
236 212 
236 216 
236 232 
228 212 
232 220 
240 212 
232 236 
228 216 
504 208 
232 252 
236 212 
232 212 
232 224 
236 212 
496 220 
236 220 
264 252 
244 204 
232 212 
232 236 
236 220 
236 236 
240 236 
236 228 
252 228 
236 208 
236 208 
240 220 
236 216 
228 232 
240 228 
232 208 
236 212 
236 204 
236 212 
236 224 
232 212 
232 208 
228 208 
336 204 
252 216 
232 232 
240 240 
236 216 
228 212 
232 212 
232 208 
232 212 
232 212 
504 212 
44 44 
236 212 
236 212 
236 220 
228 212 
236 208 
232 216 
232 220 
236 356 
240 216 
232 236 
232 220 
236 240 
236 220 
232 328 
236 212 
212 212 
232 568 
236 232 
232 208 
232 212 
236 232 
268 212 
236 208 
232 208 
212 212 
240 812 
232 204 
288 296 
228 212 
228 320 
44 44 
236 216 
236 216 
228 216 
240 248 
236 212 
236 212 
228 216 
228 216 
228 208 
244 216 
240 240 
236 240 
240 216 
236 220 
232 264 
232 212 
1036 216 
236 212 
232 208 
240 208 
236 216 
228 212 
232 216 
236 212 
232 232 
232 268 
236 240 
236 240 
232 216 
228 212 
232 240 
236 212 
236 240 
236 220 
228 228 
244 232 
236 212 
236 252 
228 212 
256 212 
236 208 
236 212 
236 232 
236 208 
232 220 
236 224 
232 216 
232 212 
236 288 
232 212 
1032 220 
236 212 
232 216 
304 280 
232 220 
240 212 
236 212 
232 212 
232 216 
232 216 
244 220 
232 212 
532 208 
236 204 
248 208 
240 208 
228 208 
232 272 
232 208 
236 208 
236 244 
232 380 
236 224 
236 240 
236 228 
236 216 
236 216 
232 212 
236 212 
216 208 
228 608 
232 212 
236 212 
372 268 
236 240 
232 212 
240 220 
228 232 
212 212 
232 216 
236 208 
232 216 
232 208 
264 212 
236 236 
236 228 
228 212 
236 208 
236 216 
232 212 
236 220 
240 208 
228 212 
236 208 
232 212 
232 208 
232 212 
232 208 
228 208 
236 216 
236 248 
252 216 
236 224 
240 216 
224 212 
260 212 
232 208 
240 216 
232 216 
232 212 
260 208 
232 208 
240 308 
232 252 
232 208 
232 212 
236 216 
236 216 
228 212 
232 216 
236 204 
228 212 
228 212 
236 232 
1004 220 
232 216 
236 248 
236 212 
228 208 
236 212 
240 208 
236 216 
232 220 
236 212 
236 216 
264 216 
236 240 
236 236 
320 208 
232 212 
236 212 
228 212 
236 216 
232 212 
236 212 
256 212 
240 212 
532 220 
232 208 
232 216 
236 208 
236 216 
236 232 
232 208 
232 248 
232 216 
236 276 
692 232 
232 216 
232 216 
260 216 
240 212 
228 208 
236 220 
216 308 
240 624 
236 240 
232 260 
248 216 
232 212 
236 220 
236 212 
236 236 
216 220 
240 216 
236 208 
236 236 
236 208 
232 212 
232 212 
232 216 
232 220 
236 212 
232 216 
236 212 
240 220 
240 204 
236 216 
228 216 
240 208 
236 208 
236 232 
236 224 
232 212 
252 216 
228 208 
236 208 
228 212 
236 216 
232 208 
236 212 
228 236 
232 208 
236 208 
232 216 
232 212 
236 212 
236 220 
236 212 
232 212 
240 216 
240 264 
240 204 
240 204 
224 240 
232 224 
232 208 
232 208 
236 228 
232 220 
240 260 
240 208 
232 216 
236 208 
244 236 
240 216 
240 212 
240 216 
236 204 
240 236 
236 228 
240 216 
232 220 
328 208 
232 208 
240 212 
236 264 
236 212 
236 212 
236 268 
236 236 
896 216 
568 240 
236 208 
236 212 
236 236 
232 212 
224 208 
236 212 
232 252 
228 208 
232 424 
240 212 
236 228 
232 216 
232 208 
232 216 
232 212 
236 208 
208 208 
236 660 
232 208 
232 212 
236 208 
236 216 
236 228 
240 216 
240 216 
212 352 
228 212 
236 212 
236 212 
232 212 
40 48 
232 208 
588 228 
232 216 
228 212 
232 224 
232 216 
236 204 
256 212 
228 220 
236 212 
240 228 
236 212 
228 204 
232 216 
236 208 
232 208 
236 212 
232 208 
244 228 
228 220 
236 216 
232 216 
232 220 
240 212 
240 216 
236 232 
236 216 
236 208 
236 236 
236 208 
48 48 
236 216 
236 264 
232 212 
236 216 
216 236 
236 264 
232 212 
240 212 
236 216 
240 208 
232 212 
236 204 
236 220 
236 212 
240 236 
232 220 
236 216 
236 232 
236 208 
240 212 
756 232 
232 208 
240 212 
352 208 
236 212 
232 212 
232 208 
232 236 
236 212 
244 212 
0 0 
0 0 
0 0 
248 212 
232 208 
232 204 
236 48 
236 208 
240 236 
240 232 
232 216 
240 448 
240 216 
232 248 
260 228 
232 208 
232 212 
232 208 
228 216 
216 216 
236 660 
232 216 
228 216 
240 216 
652 204 
236 212 
236 236 
236 236 
240 216 
232 212 
236 228 
232 260 
232 208 
236 212 
236 208 
232 212 
232 236 
236 236 
228 220 
236 248 
232 232 
232 208 
236 236 
228 212 
236 208 
232 204 
236 216 
236 216 
236 212 
232 220 
280 232 
228 212 
228 208 
236 228 
228 220 
236 224 
236 208 
220 236 
236 224 
232 212 
240 208 
232 216 
228 208 
236 216 
232 268 
236 212 
236 248 
228 212 
228 208 
236 208 
240 208 
236 232 
276 216 
228 212 
236 216 
240 216 
236 212 
232 216 
240 224 
232 216 
236 204 
236 212 
236 256 
240 212 
236 208 
232 216 
232 212 
236 224 
352 216 
236 208 
232 212 
236 264 
236 216 
236 268 
232 208 
232 212 
236 216 
616 216 
236 232 
232 220 
236 212 
300 232 
232 220 
236 208 
232 208 
220 216 
240 464 
328 932 
236 208 
236 208 
232 212 
248 216 
272 232 
232 212 
212 208 
232 704 
236 212 
232 212 
240 216 
236 236 
232 212 
236 224 
236 212 
208 220 
256 216 
236 216 
232 224 
232 216 
232 208 
232 260 
232 216 
232 208 
232 208 
232 216 
236 212 
240 208 
244 216 
232 236 
236 220 
232 212 
232 208 
380 208 
292 212 
236 216 
228 208 
232 212 
236 212 
232 212 
236 212 
236 236 
236 240 
240 212 
236 212 
248 216 
236 236 
236 232 
232 212 
236 272 
228 212 
236 256 
232 208 
232 212 
232 208 
236 236 
228 212 
240 204 
232 208 
232 212 
236 204 
240 208 
232 212 
236 240 
232 216 
236 212 
236 216 
232 252 
232 236 
236 224 
236 476 
236 216 
236 216 
232 216 
236 216 
396 224 
236 212 
236 212 
232 208 
232 212 
236 216 
232 280 
232 236 
324 984 
624 216 
232 220 
236 208 
232 212 
232 212 
240 212 
232 212 
252 212 
212 252 
236 472 
232 212 
232 204 
240 240 
228 216 
232 208 
228 232 
232 212 
212 212 
232 680 
232 208 
236 212 
240 212 
232 208 
236 220 
692 216 
232 208 
204 216 
228 212 
240 208 
232 212 
232 216 
232 216 
236 216 
208 216 
236 208 
240 216 
236 212 
236 216 
228 220 
232 240 
236 216 
276 228 
232 256 
236 208 
240 212 
244 208 
232 224 
248 236 
240 204 
236 216 
236 248 
232 216 
236 236 
232 212 
228 212 
228 212 
232 260 
236 216 
232 248 
232 212 
228 208 
244 208 
232 240 
236 220 
236 216 
236 212 
232 216 
364 204 
232 212 
232 208 
240 212 
232 216 
232 212 
236 212 
100 48 
228 228 
260 208 
232 212 
232 212 
232 212 
236 212 
232 216 
240 212 
236 1128 
232 208 
236 208 
400 220 
240 232 
252 212 
232 212 
232 208 
236 220 
228 208 
232 212 
236 212 
648 216 
252 212 
232 208 
232 212 
228 208 
232 228 
228 212 
240 240 
48 48 
236 492 
236 208 
236 236 
236 236 
236 204 
236 212 
240 264 
236 204 
212 236 
228 736 
240 216 
236 236 
244 244 
236 1192 
236 252 
240 248 
236 208 
224 244 
232 252 
232 212 
240 224 
236 216 
236 212 
236 212 
232 48 
228 212 
228 212 
232 252 
228 208 
240 208 
232 212 
240 216 
236 252 
236 216 
228 212 
236 216 
236 208 
232 236 
240 208 
232 260 
232 212 
236 212 
232 208 
232 216 
236 212 
236 212 
236 212 
236 236 
228 212 
240 212 
240 236 
360 208 
236 216 
232 208 
232 216 
232 212 
232 208 
236 232 
324 320 
232 224 
236 208 
236 240 
236 232 
236 1024 
260 212 
236 216 
236 228 
236 220 
220 232 
236 212 
228 208 
236 224 
236 248 
236 212 
236 216 
232 208 
240 232 
436 220 
240 212 
236 208 
228 216 
244 212 
240 212 
236 216 
232 252 
232 212 
656 212 
228 212 
232 212 
236 216 
224 248 
228 212 
240 204 
232 208 
212 264 
240 496 
236 208 
236 1024 
232 248 
240 216 
236 212 
232 236 
232 220 
208 304 
232 212 
240 208 
240 216 
232 212 
236 212 
240 228 
236 212 
232 212 
232 220 
256 212 
320 220 
236 220 
232 212 
232 236 
248 208 
228 216 
228 212 
240 228 
228 216 
240 212 
236 240 
236 240 
232 212 
232 204 
232 212 
232 236 
932 236 
232 216 
232 240 
236 216 
228 212 
232 240 
232 248 
232 208 
228 212 
236 236 
228 212 
236 220 
236 212 
232 204 
232 216 
240 212 
228 212 
236 240 
232 216 
240 216 
236 236 
236 236 
228 212 
236 216 
232 236 
236 224 
240 216 
224 212 
236 224 
232 236 
232 204 
232 208 
236 264 
208 212 
232 216 
232 216 
236 264 
236 232 
236 220 
236 212 
236 220 
228 212 
460 220 
236 216 
240 212 
236 216 
232 256 
236 216 
228 252 
236 212 
236 208 
704 212 
232 236 
236 208 
232 216 
232 216 
240 212 
236 240 
236 220 
208 212 
232 556 
236 220 
236 208 
240 216 
236 220 
236 232 
232 212 
236 208 
236 216 
232 204 
232 216 
228 220 
248 248 
228 212 
300 236 
236 236 
232 208 
240 208 
232 208 
236 216 
240 216 
236 212 
232 208 
236 244 
1036 212 
232 220 
232 212 
236 212 
232 216 
240 216 
240 208 
236 208 
236 216 
236 212 
232 224 
236 216 
236 216 
232 208 
236 212 
236 212 
232 216 
232 232 
236 216 
232 248 
228 248 
236 232 
232 240 
272 212 
236 264 
236 208 
240 236 
236 236 
236 232 
228 216 
240 236 
236 212 
232 212 
232 220 
236 220 
228 212 
232 216 
236 236 
232 240 
232 216 
236 224 
240 212 
236 216 
232 216 
220 240 
236 236 
236 236 
236 212 
232 216 
236 216 
232 212 
236 216 
232 212 
472 212 
236 208 
236 212 
240 228 
240 212 
236 216 
232 216 
236 208 
232 216 
708 296 
228 212 
232 216 
240 212 
236 208 
228 212 
236 212 
236 212 
212 208 
236 556 
232 212 
348 212 
236 232 
232 228 
44 44 
228 248 
236 212 
208 208 
240 212 
236 236 
236 220 
232 204 
724 224 
240 208 
240 212 
236 208 
232 216 
236 212 
232 232 
232 236 
232 220 
232 240 
232 248 
232 212 
236 208 
236 212 
240 212 
240 212 
236 208 
232 216 
236 208 
232 252 
236 208 
236 220 
240 216 
236 236 
116 44 
236 260 
232 244 
236 240 
232 204 
228 208 
240 208 
240 236 
228 212 
236 212 
1044 212 
232 212 
232 208 
236 216 
236 216 
236 236 
236 220 
232 252 
424 212 
228 208 
228 208 
232 220 
356 304 
232 208 
240 208 
236 220 
236 212 
232 52 
240 236 
232 252 
236 208 
232 236 
232 212 
232 220 
232 208 
228 212 
236 240 
228 212 
236 236 
244 220 
496 212 
232 208 
232 216 
236 208 
232 232 
236 204 
232 216 
240 268 
236 212 
720 240 
236 260 
236 256 
236 212 
248 216 
236 212 
240 240 
236 220 
208 216 
228 612 
232 208 
236 212 
232 216 
232 240 
232 224 
236 240 
232 216 
208 224 
240 208 
236 212 
232 232 
236 212 
236 240 
248 212 
240 212 
228 216 
236 216 
236 372 
236 208 
228 208 
240 240 
228 212 
236 236 
232 212 
232 216 
236 208 
228 212 
240 212 
236 236 
236 224 
236 240 
240 212 
240 236 
228 216 
232 212 
968 220 
232 212 
236 212 
232 216 
240 204 
236 212 
232 216 
236 220 
236 236 
328 256 
240 212 
240 204 
232 212 
236 240 
240 216 
240 232 
232 212 
232 212 
240 212 
244 216 
232 212 
236 220 
232 204 
240 216 
232 232 
236 212 
232 236 
228 212 
228 212 
232 212 
228 212 
232 236 
280 208 
528 268 
232 212 
232 208 
236 212 
232 212 
240 212 
232 216 
236 220 
520 212 
236 232 
228 212 
236 208 
236 236 
236 212 
232 208 
232 220 
236 240 
236 364 
232 212 
236 260 
232 236 
236 232 
232 248 
236 212 
228 212 
212 212 
236 648 
236 208 
232 248 
240 216 
236 264 
232 244 
232 212 
232 212 
212 236 
232 224 
236 232 
232 216 
236 212 
236 212 
236 212 
232 224 
252 212 
236 208 
236 208 
236 216 
232 208 
232 208 
232 212 
236 292 
232 212 
236 236 
240 212 
244 244 
236 204 
232 212 
244 208 
232 212 
236 236 
248 216 
236 236 
236 240 
236 204 
232 208 
240 208 
232 216 
232 212 
236 232 
244 216 
228 208 
232 212 
240 236 
228 212 
236 216 
236 216 
232 212 
236 212 
236 236 
240 212 
236 212 
240 264 
232 208 
236 216 
240 212 
684 220 
236 220 
236 212 
236 252 
232 208 
236 208 
232 216 
232 212 
248 208 
232 232 
304 212 
236 272 
236 224 
232 240 
248 208 
232 204 
348 268 
236 212 
240 216 
552 212 
244 208 
232 212 
232 212 
236 212 
228 208 
236 216 
236 236 
232 212 
232 376 
232 268 
236 208 
232 216 
236 224 
228 212 
580 212 
236 212 
208 212 
240 592 
236 228 
236 236 
284 240 
232 228 
236 212 
236 232 
236 208 
216 232 
236 224 
248 216 
236 248 
232 212 
232 236 
236 212 
240 260 
236 208 
232 216 
236 216 
236 260 
244 220 
232 216 
232 208 
236 212 
304 216 
236 220 
232 208 
44 44 
232 216 
236 216 
236 212 
224 216 
232 212 
232 216 
232 256 
240 212 
236 216 
232 212 
236 236 
232 212 
236 216 
236 208 
232 212 
228 208 
240 232 
236 224 
240 232 
576 216 
236 216 
236 272 
244 236 
232 236 
232 208 
232 212 
320 216 
44 44 
232 220 
240 236 
228 212 
240 236 
232 212 
236 212 
240 208 
236 236 
236 260 
232 204 
232 212 
236 216 
324 216 
232 216 
236 208 
236 212 
236 212 
240 212 
232 236 
232 236 
292 208 
576 244 
240 224 
236 208 
236 216 
552 216 
236 216 
228 216 
232 48 
232 208 
736 236 
232 216 
252 212 
236 204 
236 208 
236 220 
232 224 
236 212 
212 224 
228 660 
236 216 
232 212 
232 264 
236 212 
236 208 
236 224 
228 216 
216 220 
232 216 
236 208 
240 212 
236 216 
236 244 
236 208 
232 220 
240 212 
240 216 
236 236 
236 216 
232 212 
232 212 
232 208 
420 208 
232 212 
236 208 
236 216 
240 240 
232 212 
228 252 
236 220 
236 240 
232 208 
236 268 
232 216 
228 212 
232 216 
232 268 
232 212 
236 208 
232 212 
232 216 
272 216 
232 208 
232 208 
236 216 
232 208 
236 220 
240 208 
232 212 
280 212 
296 212 
232 212 
232 216 
232 208 
232 216 
236 212 
236 212 
236 212 
236 216 
232 208 
232 212 
224 216 
232 216 
236 216 
236 264 
228 224 
236 220 
352 208 
1200 236 
236 212 
240 208 
236 236 
232 216 
240 212 
232 232 
236 236 
588 216 
232 212 
236 236 
272 212 
236 212 
236 212 
232 220 
236 212 
384 212 
236 428 
232 212 
232 208 
232 212 
232 208 
232 208 
236 236 
228 216 
220 236 
232 684 
232 208 
232 224 
232 212 
228 232 
232 208 
232 212 
232 208 
232 216 
268 212 
240 204 
232 256 
228 208 
236 236 
236 236 
228 212 
236 264 
256 212 
232 208 
240 212 
232 244 
228 212 
232 212 
236 212 
236 212 
236 216 
244 244 
236 208 
232 216 
236 236 
236 212 
228 216 
256 208 
228 216 
236 216 
236 212 
240 232 
228 208 
232 212 
236 204 
236 208 
232 208 
236 232 
236 212 
236 236 
240 220 
232 212 
228 208 
232 208 
236 224 
232 208 
236 208 
236 212 
240 212 
236 208 
236 236 
232 216 
232 212 
232 208 
236 212 
232 216 
236 224 
248 212 
232 324 
236 212 
236 208 
236 208 
240 216 
364 296 
228 208 
240 228 
236 216 
232 212 
236 212 
236 212 
236 216 
236 216 
596 216 
240 212 
228 204 
232 212 
228 208 
236 216 
232 216 
228 224 
236 224 
236 432 
228 208 
232 236 
232 264 
236 212 
232 212 
336 216 
240 216 
212 208 
240 688 
232 216 
236 212 
240 216 
244 216 
236 256 
236 248 
232 216 
212 208 
232 208 
236 224 
256 212 
236 216 
248 204 
228 208 
236 212 
236 272 
232 220 
248 216 
232 212 
236 236 
240 212 
232 212 
236 212 
236 216 
240 240 
272 216 
240 204 
240 212 
232 212 
236 212 
228 216 
236 216 
236 236 
232 236 
236 216 
236 260 
232 204 
236 236 
240 220 
236 236 
236 252 
236 216 
240 212 
240 212 
264 212 
232 220 
232 1060 
280 216 
240 216 
236 208 
256 212 
228 212 
228 252 
244 212 
236 220 
232 236 
236 228 
236 208 
232 216 
240 208 
44 48 
240 216 
236 236 
232 208 
236 236 
232 212 
236 220 
356 208 
232 208 
240 208 
232 212 
232 208 
232 208 
236 220 
232 216 
228 216 
632 212 
236 216 
236 208 
232 252 
236 920 
232 208 
240 208 
236 236 
220 236 
840 216 
232 208 
40 44 
232 224 
236 220 
240 216 
228 204 
244 212 
208 216 
232 696 
236 208 
236 236 
452 212 
240 244 
240 208 
236 208 
236 220 
216 208 
232 208 
236 212 
232 208 
236 240 
240 48 
232 232 
232 212 
232 228 
236 252 
236 232 
232 240 
236 212 
236 220 
236 216 
240 228 
236 240 
236 240 
236 216 
236 216 
236 208 
240 236 
232 212 
240 212 
236 208 
236 216 
240 208 
232 212 
232 1028 
236 208 
228 212 
236 208 
232 212 
236 216 
232 212 
228 208 
236 212 
232 212 
240 212 
228 220 
236 208 
232 232 
232 212 
240 240 
236 208 
240 216 
228 216 
232 212 
232 216 
236 208 
236 216 
236 208 
232 252 
236 236 
232 212 
252 208 
236 240 
236 236 
232 256 
232 212 
388 212 
232 276 
236 1016 
228 204 
232 216 
236 220 
228 216 
232 216 
236 212 
644 216 
256 220 
232 212 
244 216 
236 212 
240 212 
228 216 
236 212 
212 212 
236 444 
236 212 
240 232 
236 260 
228 220 
228 212 
232 216 
236 224 
216 252 
240 740 
232 208 
228 208 
240 216 
232 220 
232 272 
232 216 
232 228 
796 240 
236 220 
236 208 
236 236 
232 208 
260 212 
232 240 
236 252 
240 240 
232 216 
228 216 
232 212 
236 236 
232 212 
232 208 
232 220 
240 216 
232 216 
232 212 
236 236 
236 236 
240 212 
232 216 
236 432 
236 256 
228 284 
232 212 
240 204 
228 212 
236 240 
236 236 
232 220 
236 204 
236 232 
236 220 
236 244 
232 208 
236 216 
236 228 
284 228 
236 216 
236 212 
232 264 
236 276 
232 212 
236 216 
232 236 
264 216 
236 208 
236 224 
236 212 
232 212 
236 212 
268 212 
232 208 
360 216 
240 212 
228 208 
236 232 
236 236 
380 212 
236 216 
232 216 
232 208 
244 212 
236 212 
236 212 
236 212 
236 232 
628 244 
232 216 
232 236 
240 236 
236 260 
236 216 
232 208 
232 224 
212 236 
236 472 
236 208 
232 208 
236 212 
236 220 
236 208 
884 220 
236 208 
216 208 
228 724 
236 208 
236 216 
232 212 
228 212 
232 212 
232 216 
236 204 
208 212 
236 240 
240 236 
232 216 
232 216 
236 216 
236 208 
232 208 
240 224 
232 216 
236 220 
232 252 
588 212 
232 208 
236 212 
232 240 
236 212 
232 212 
228 216 
236 212 
240 228 
232 212 
232 212 
240 248 
228 220 
228 216 
232 212 
232 212 
240 244 
228 208 
236 208 
240 264 
232 236 
236 212 
236 212 
232 224 
288 264 
236 212 
236 212 
236 232 
236 208 
232 212 
232 208 
236 208 
228 212 
232 220 
232 212 
232 204 
232 212 
232 236 
248 212 
204 212 
236 216 
232 208 
236 220 
228 212 
228 216 
232 212 
236 216 
268 212 
444 240 
232 208 
228 208 
236 220 
236 244 
232 216 
392 208 
236 212 
236 204 
40 52 
236 240 
232 228 
240 216 
904 236 
232 204 
236 232 
228 212 
208 216 
236 484 
232 212 
232 208 
240 208 
236 256 
236 208 
236 212 
236 224 
220 328 
236 220 
236 212 
236 232 
236 204 
232 208 
236 212 
240 252 
236 212 
220 208 
236 216 
232 216 
232 208 
232 212 
44 48 
232 212 
232 208 
240 208 
240 216 
240 212 
236 220 
728 236 
232 216 
232 236 
320 236 
236 204 
232 212 
236 212 
236 236 
240 208 
236 208 
232 212 
240 208 
236 216 
232 236 
228 216 
236 208 
228 212 
236 224 
232 260 
232 208 
232 212 
232 216 
236 216 
232 44 
236 236 
236 236 
232 224 
228 212 
240 212 
236 212 
236 260 
232 212 
240 212 
372 208 
236 356 
236 212 
236 228 
232 212 
232 216 
224 208 
236 220 
232 240 
232 216 
232 208 
232 216 
236 212 
232 212 
236 208 
400 208 
228 216 
232 252 
240 212 
240 216 
232 220 
232 236 
232 232 
232 236 
688 224 
232 208 
236 212 
236 224 
236 264 
256 220 
232 204 
236 228 
216 212 
236 520 
236 268 
232 256 
228 212 
228 220 
236 212 
228 216 
228 244 
224 220 
236 216 
236 220 
236 244 
236 216 
236 208 
236 236 
236 236 
232 224 
236 232 
752 228 
232 216 
228 208 
240 212 
236 240 
324 212 
236 212 
240 212 
236 228 
240 212 
232 224 
232 212 
232 212 
232 208 
236 220 
236 212 
256 208 
236 216 
236 216 
232 212 
228 212 
236 216 
228 208 
236 208 
232 216 
236 272 
232 216 
232 212 
236 212 
232 208 
236 212 
236 232 
228 216 
520 208 
236 232 
236 236 
232 208 
232 216 
232 224 
236 252 
240 216 
268 216 
232 204 
240 220 
260 212 
232 216 
232 220 
232 216 
236 208 
232 216 
284 256 
236 212 
288 216 
232 212 
224 216 
236 212 
232 208 
236 236 
232 236 
484 212 
232 208 
236 212 
232 212 
232 212 
236 212 
236 236 
236 256 
212 216 
716 212 
240 232 
232 220 
232 264 
236 228 
236 212 
240 236 
236 236 
216 220 
232 564 
236 240 
232 260 
232 240 
236 212 
236 204 
236 264 
236 212 
216 268 
236 204 
240 212 
244 232 
232 216 
232 240 
232 204 
240 212 
232 268 
236 212 
232 212 
236 220 
248 212 
228 212 
228 216 
232 236 
236 248 
236 252 
228 212 
232 228 
236 216 
236 208 
236 212 
240 264 
264 216 
232 228 
228 208 
260 216 
228 208 
236 212 
232 212 
236 212 
564 216 
232 232 
232 208 
228 216 
236 220 
232 208 
232 236 
232 208 
232 212 
236 208 
236 244 
236 216 
232 216 
244 212 
236 212 
284 252 
232 216 
232 224 
232 212 
240 224 
236 232 
232 212 
236 232 
236 204 
236 216 
236 208 
232 232 
228 212 
264 212 
240 216 
240 216 
244 240 
232 212 
232 212 
400 212 
240 212 
236 204 
488 212 
236 208 
236 240 
224 212 
232 208 
236 212 
232 216 
232 212 
236 212 
732 212 
232 212 
236 220 
236 208 
236 212 
236 220 
232 216 
232 208 
240 208 
56 48 
228 208 
236 240 
236 212 
236 256 
236 208 
228 212 
236 236 
220 208 
236 208 
236 216 
236 272 
240 212 
236 216 
232 212 
264 232 
236 220 
232 208 
364 216 
236 220 
232 212 
236 224 
232 236 
236 272 
232 208 
236 212 
232 236 
40 44 
232 208 
556 212 
232 220 
240 212 
232 232 
232 216 
236 212 
236 212 
256 268 
228 208 
240 208 
232 212 
240 228 
244 216 
236 208 
240 248 
240 212 
236 260 
236 216 
240 240 
236 268 
236 212 
232 208 
236 220 
232 240 
228 212 
252 232 
232 208 
228 224 
240 208 
236 44 
236 236 
232 252 
232 216 
236 208 
396 220 
240 216 
236 236 
240 224 
232 204 
264 212 
236 232 
236 212 
232 220 
240 240 
228 212 
232 212 
232 212 
228 220 
500 212 
232 208 
232 204 
232 212 
232 208 
236 216 
232 228 
236 212 
232 212 
760 224 
232 216 
232 212 
232 208 
236 212 
232 232 
240 208 
236 212 
216 208 
224 628 
232 216 
236 216 
236 216 
236 212 
236 216 
232 208 
236 208 
216 208 
236 212 
240 236 
236 260 
236 240 
236 236 
232 232 
236 212 
236 236 
236 220 
240 216 
240 220 
240 208 
240 212 
232 208 
276 212 
232 212 
236 208 
244 240 
0 0 
228 228 
232 216 
232 220 
236 220 
228 216 
232 228 
236 216 
232 216 
236 216 
244 212 
236 224 
232 216 
264 212 
240 304 
236 208 
232 220 
236 248 
236 208 
236 212 
240 208 
236 220 
236 228 
236 232 
528 224 
264 216 
232 212 
228 212 
228 212 
244 224 
236 212 
240 212 
232 212 
232 216 
232 212 
236 212 
232 236 
228 268 
240 220 
240 208 
232 236 
248 224 
240 228 
232 212 
236 208 
232 212 
236 236 
236 236 
236 212 
236 212 
548 228 
236 268 
236 236 
232 248 
232 212 
232 212 
236 240 
236 208 
224 212 
708 232 
228 212 
228 208 
232 208 
232 208 
236 248 
236 236 
240 212 
216 220 
228 608 
232 212 
236 216 
240 236 
232 268 
236 224 
236 208 
228 212 
216 220 
236 212 
232 212 
236 212 
236 216 
232 212 
232 212 
232 252 
228 216 
236 236 
232 224 
236 248 
232 224 
236 236 
236 204 
236 204 
236 216 
236 248 
236 212 
228 212 
236 212 
236 208 
288 216 
232 232 
232 208 
232 212 
236 240 
240 216 
232 216 
232 208 
232 212 
228 212 
248 688 
236 212 
228 212 
240 208 
232 208 
240 212 
236 208 
232 212 
228 212 
236 216 
236 208 
232 212 
236 224 
232 212 
232 208 
228 208 
236 212 
240 256 
232 224 
232 212 
240 212 
232 236 
236 208 
228 216 
240 212 
48 44 
236 240 
232 264 
320 256 
236 216 
236 208 
232 208 
236 208 
240 208 
232 204 
236 212 
240 212 
556 216 
236 240 
232 212 
236 212 
236 208 
240 212 
232 228 
236 236 
228 212 
240 412 
232 212 
232 212 
228 208 
232 208 
232 244 
236 232 
240 212 
212 212 
236 548 
44 48 
232 216 
236 216 
232 240 
232 260 
232 236 
236 208 
212 216 
240 216 
324 216 
236 232 
236 208 
240 220 
236 240 
360 208 
232 220 
236 224 
232 216 
236 216 
228 212 
456 212 
232 212 
240 212 
232 212 
232 216 
232 240 
232 212 
232 220 
232 44 
256 216 
228 228 
232 212 
236 212 
232 216 
236 240 
268 212 
236 220 
240 232 
236 216 
232 216 
236 216 
236 228 
232 208 
236 220 
232 236 
240 236 
232 220 
232 208 
232 208 
232 220 
232 236 
236 216 
236 240 
236 236 
244 212 
236 276 
236 204 
236 208 
232 208 
232 216 
232 208 
232 208 
232 900 
236 212 
232 208 
236 220 
324 220 
316 220 
236 212 
236 212 
236 220 
240 244 
232 212 
236 212 
240 236 
248 208 
580 212 
240 208 
236 232 
232 236 
236 216 
232 248 
332 212 
232 212 
216 212 
236 428 
240 204 
248 212 
236 212 
240 216 
232 208 
236 216 
236 212 
216 220 
232 640 
240 208 
232 216 
232 208 
240 236 
236 224 
236 220 
232 212 
212 216 
232 216 
236 212 
232 212 
236 232 
228 216 
232 216 
236 208 
236 264 
240 204 
1292 212 
236 240 
240 216 
228 216 
240 220 
232 212 
236 216 
240 212 
232 256 
236 220 
236 212 
232 216 
240 204 
236 220 
240 216 
240 240 
260 240 
232 216 
232 264 
292 220 
236 208 
236 216 
228 204 
232 212 
236 216 
236 208 
236 212 
240 216 
240 216 
236 216 
236 264 
228 212 
236 216 
232 212 
236 860 
236 204 
228 204 
240 244 
236 212 
236 232 
236 212 
236 212 
236 228 
236 212 
228 212 
236 220 
240 212 
232 212 
236 236 
232 208 
340 212 
232 236 
232 248 
232 216 
236 208 
228 208 
232 212 
236 212 
236 260 
580 236 
228 216 
232 216 
232 208 
232 216 
236 208 
232 236 
236 244 
728 248 
232 436 
236 204 
232 212 
236 212 
236 224 
232 212 
228 216 
240 212 
296 224 
232 692 
232 212 
232 232 
232 216 
232 208 
232 216 
232 212 
228 212 
220 212 
248 204 
236 236 
232 216 
236 236 
236 216 
236 208 
236 252 
232 244 
232 216 
228 208 
236 212 
232 208 
232 212 
236 212 
228 208 
284 224 
240 232 
248 208 
656 208 
236 208 
232 212 
236 216 
232 208 
232 216 
236 220 
236 216 
236 212 
240 212 
236 248 
236 232 
240 208 
232 240 
232 212 
228 216 
236 220 
232 212 
232 208 
232 216 
236 208 
240 240 
228 216 
228 212 
232 208 
232 208 
228 208 
236 216 
236 236 
232 216 
236 212 
208 212 
236 268 
260 216 
236 208 
236 212 
236 240 
236 212 
236 224 
232 216 
232 224 
368 216 
232 212 
236 208 
228 212 
228 208 
232 212 
908 236 
232 208 
232 208 
620 216 
260 208 
232 220 
232 208 
236 216 
236 232 
228 216 
232 212 
216 208 
236 448 
228 212 
232 208 
236 208 
232 236 
236 244 
236 268 
232 244 
212 208 
240 712 
236 212 
44 48 
232 212 
236 216 
236 212 
236 212 
228 220 
216 236 
236 252 
236 224 
236 208 
236 212 
236 224 
232 232 
232 208 
236 224 
260 212 
232 208 
236 208 
236 216 
240 232 
236 220 
232 212 
236 212 
232 216 
232 208 
236 212 
240 204 
44 48 
240 212 
236 208 
228 216 
236 216 
240 268 
232 208 
236 212 
232 212 
236 208 
236 208 
236 216 
232 220 
228 212 
236 216 
232 220 
236 236 
236 212 
232 208 
236 216 
316 220 
232 208 
228 212 
236 212 
236 264 
232 208 
236 216 
236 256 
236 48 
232 208 
232 212 
232 208 
236 236 
236 240 
664 260 
240 212 
240 208 
236 212 
328 208 
416 236 
232 208 
232 208 
236 216 
240 240 
240 216 
236 240 
240 268 
232 252 
632 212 
236 216 
236 212 
236 212 
240 228 
232 208 
232 216 
232 212 
216 208 
236 464 
224 216 
236 212 
240 216 
256 208 
236 216 
228 216 
236 208 
216 236 
236 724 
228 220 
1108 212 
232 216 
232 212 
232 204 
236 216 
232 260 
212 236 
236 212 
232 208 
236 208 
232 216 
236 236 
236 220 
232 208 
236 208 
268 228 
240 224 
236 240 
232 220 
236 216 
236 212 
236 240 
236 216 
232 208 
236 216 
232 216 
240 208 
232 212 
232 212 
232 220 
236 208 
236 224 
232 264 
196 208 
232 260 
232 208 
228 216 
228 212 
232 212 
232 252 
228 208 
236 216 
236 216 
224 216 
236 212 
380 208 
228 212 
232 208 
232 216 
236 236 
240 216 
232 280 
228 212 
236 216 
232 240 
232 224 
236 204 
220 212 
236 212 
244 236 
240 204 
236 220 
232 212 
228 220 
236 236 
232 220 
408 236 
256 208 
232 220 
236 220 
236 216 
228 212 
232 212 
240 216 
236 268 
652 236 
232 240 
232 220 
232 240 
236 212 
236 220 
236 300 
240 212 
220 212 
764 216 
256 224 
228 212 
224 216 
228 208 
232 248 
236 216 
240 204 
216 212 
276 660 
236 212 
236 216 
236 220 
236 212 
232 212 
236 212 
236 236 
216 216 
236 212 
236 216 
236 240 
232 216 
240 216 
232 212 
244 208 
236 216 
228 212 
240 256 
240 212 
260 216 
228 204 
236 208 
236 236 
436 208 
236 216 
236 216 
232 216 
232 220 
232 212 
232 212 
360 208 
232 216 
232 212 
232 212 
232 236 
240 224 
232 244 
232 212 
232 228 
232 212 
236 208 
236 208 
232 208 
232 212 
236 216 
236 268 
228 212 
236 212 
232 216 
240 236 
244 244 
232 216 
252 236 
232 212 
236 216 
240 212 
240 216 
252 212 
220 260 
232 216 
236 240 
232 248 
332 220 
232 216 
232 212 
232 208 
236 212 
392 216 
236 212 
232 208 
240 220 
236 216 
232 212 
236 212 
256 212 
248 212 
672 212 
228 208 
228 212 
260 212 
240 216 
228 212 
332 212 
236 216 
248 236 
232 528 
236 236 
236 224 
240 208 
236 208 
232 228 
236 212 
236 212 
224 224 
240 236 
240 216 
228 208 
236 204 
232 208 
244 228 
232 236 
236 212 
236 204 
236 212 
240 232 
240 208 
240 240 
480 212 
236 212 
236 212 
236 208 
232 212 
236 208 
228 216 
232 244 
232 212 
232 208 
236 208 
236 212 
240 204 
236 204 
228 212 
232 212 
260 216 
236 212 
228 212 
228 216 
236 208 
232 212 
240 212 
240 212 
44 48 
232 260 
232 212 
232 252 
232 216 
228 208 
244 216 
240 240 
228 208 
240 212 
456 216 
256 208 
232 236 
232 208 
236 212 
236 212 
236 236 
232 232 
248 236 
596 212 
236 216 
44 44 
220 216 
232 208 
232 248 
232 248 
232 208 
236 216 
252 212 
240 208 
232 208 
444 212 
236 236 
232 216 
232 228 
236 216 
236 236 
232 216 
244 220 
232 204 
696 208 
236 220 
232 220 
232 224 
368 208 
232 212 
236 212 
236 236 
212 244 
228 556 
232 216 
280 204 
232 216 
232 228 
244 44 
232 216 
236 220 
216 232 
236 216 
232 224 
236 212 
236 208 
232 236 
236 212 
228 212 
236 204 
236 212 
236 212 
256 212 
236 232 
232 256 
260 212 
232 212 
240 212 
236 232 
228 212 
236 208 
232 208 
240 208 
228 212 
236 224 
232 240 
260 212 
236 224 
228 216 
232 212 
236 208 
236 212 
232 216 
240 212 
236 220 
228 204 
232 220 
232 216 
356 212 
236 224 
228 208 
288 216 
236 216 
236 208 
236 208 
236 204 
232 220 
232 244 
240 216 
236 204 
236 208 
236 216 
264 212 
232 216 
236 208 
232 216 
232 208 
228 216 
240 248 
236 228 
232 208 
240 220 
232 216 
236 212 
232 236 
228 216 
236 212 
240 216 
240 236 
232 228 
464 212 
240 216 
236 220 
236 212 
232 208 
240 236 
236 252 
232 216 
236 212 
724 276 
236 236 
256 212 
228 216 
252 212 
232 212 
232 208 
232 208 
208 212 
232 1492 
240 236 
236 268 
232 212 
232 236 
260 212 
264 216 
232 204 
212 212 
236 220 
228 220 
232 204 
228 208 
236 216 
232 256 
236 248 
240 244 
240 220 
236 236 
228 224 
240 220 
236 208 
236 220 
236 244 
228 212 
236 216 
236 220 
236 216 
236 204 
232 212 
240 236 
236 332 
236 216 
992 248 
240 224 
232 236 
244 232 
240 220 
232 204 
236 220 
236 208 
232 212 
236 216 
236 216 
228 236 
228 216 
232 208 
240 236 
232 216 
236 232 
228 212 
236 272 
236 248 
236 224 
232 224 
236 212 
228 208 
236 208 
240 220 
236 236 
240 208 
232 208 
232 212 
236 212 
236 212 
236 220 
228 212 
236 232 
248 224 
232 212 
236 240 
236 212 
232 208 
236 204 
236 204 
240 212 
236 208 
500 244 
236 332 
228 216 
232 212 
276 236 
240 212 
236 212 
232 1164 
232 224 
720 208 
232 216 
232 208 
236 212 
236 240 
236 232 
264 212 
232 212 
220 216 
236 548 
228 240 
236 212 
236 212 
240 236 
224 212 
232 252 
236 216 
212 216 
240 208 
236 208 
236 212 
236 216 
236 204 
232 212 
236 212 
236 208 
232 216 
236 212 
348 220 
232 224 
232 212 
232 1120 
236 236 
240 212 
236 212 
232 212 
236 212 
236 236 
240 212 
228 216 
228 212 
236 228 
232 208 
240 212 
232 216 
236 232 
232 212 
232 216 
236 204 
236 228 
232 252 
232 228 
236 204 
236 248 
236 208 
240 216 
44 44 
232 216 
236 220 
272 212 
236 212 
232 216 
236 212 
236 216 
232 236 
236 212 
240 232 
236 240 
236 212 
276 212 
236 232 
252 212 
236 212 
232 208 
236 212 
236 216 
232 212 
264 208 
236 212 
232 236 
236 232 
288 228 
236 212 
240 208 
240 216 
236 256 
40 48 
236 236 
228 212 
236 244 
228 212 
232 208 
232 216 
232 212 
236 212 
744 212 
236 208 
232 212 
232 212 
236 236 
232 252 
240 236 
232 252 
220 220 
232 608 
236 208 
240 224 
236 212 
364 208 
232 208 
236 216 
232 244 
212 260 
244 228 
236 208 
240 856 
260 212 
236 304 
236 44 
236 216 
236 220 
232 208 
236 212 
240 240 
236 244 
232 212 
228 208 
236 220 
240 248 
272 212 
236 236 
284 216 
240 208 
232 208 
240 208 
232 208 
240 232 
244 212 
228 208 
236 220 
244 212 
236 228 
236 228 
232 204 
240 216 
236 236 
232 236 
232 228 
228 236 
228 856 
224 232 
232 228 
232 228 
232 236 
192 228 
224 232 
228 240 
228 192 
232 228 
232 228 
208 232 
236 232 
228 236 
232 228 
236 232 
228 236 
232 240 
232 208 
236 220 
344 212 
232 212 
236 236 
300 212 
232 228 
232 216 
232 220 
240 244 
228 208 
232 208 
232 212 
236 216 
540 224 
232 212 
236 220 
232 204 
240 236 
232 212 
236 208 
232 216 
236 208 
744 208 
236 208 
232 212 
236 216 
228 208 
236 212 
236 212 
240 236 
212 240 
1096 236 
232 252 
232 224 
232 208 
236 236 
236 212 
236 212 
236 212 
212 240 
232 232 
236 212 
232 232 
236 212 
232 248 
236 208 
232 216 
236 212 
236 212 
236 220 
236 212 
232 212 
236 232 
236 208 
240 216 
236 216 
236 240 
228 216 
236 236 
232 236 
232 216 
232 204 
232 208 
236 236 
236 204 
1072 236 
236 268 
240 208 
240 232 
232 212 
240 236 
232 220 
240 224 
228 212 
232 208 
240 212 
232 216 
228 220 
232 212 
232 216 
236 220 
272 216 
232 212 
232 336 
236 208 
236 264 
268 228 
232 208 
232 208 
232 212 
236 224 
236 236 
236 232 
236 216 
232 216 
236 236 
240 212 
236 236 
552 232 
192 208 
232 208 
236 236 
236 216 
232 216 
228 208 
228 216 
280 212 
236 216 
460 216 
232 232 
236 236 
228 216 
236 212 
260 216 
232 212 
232 220 
232 220 
236 396 
236 216 
240 220 
236 264 
248 212 
232 216 
232 208 
228 212 
216 220 
240 624 
240 248 
236 212 
228 212 
228 212 
236 224 
232 208 
236 220 
208 208 
232 216 
232 284 
232 236 
240 204 
232 212 
232 232 
236 212 
236 236 
232 208 
232 220 
236 236 
228 232 
228 212 
232 228 
236 236 
232 208 
236 212 
232 216 
240 212 
244 212 
240 212 
240 208 
252 212 
240 236 
232 236 
240 208 
240 216 
236 264 
252 208 
232 212 
240 216 
228 212 
236 220 
240 212 
232 208 
228 208 
236 232 
236 212 
236 204 
232 216 
240 212 
236 212 
236 216 
232 236 
232 212 
232 212 
236 212 
772 212 
236 216 
232 220 
240 236 
232 220 
232 216 
232 224 
232 208 
244 212 
236 220 
236 260 
232 208 
324 228 
232 212 
232 212 
236 248 
232 216 
236 216 
236 208 
232 208 
232 216 
588 240 
228 212 
232 208 
240 212 
232 252 
228 216 
240 208 
236 268 
232 212 
232 424 
240 216 
236 220 
236 212 
232 232 
232 228 
236 212 
236 212 
208 216 
228 680 
240 216 
232 244 
236 236 
236 212 
236 212 
232 208 
236 216 
208 220 
236 220 
232 212 
232 216 
44 48 
232 212 
228 288 
232 212 
236 212 
236 216 
232 212 
236 236 
232 220 
236 228 
232 220 
236 212 
236 224 
232 240 
232 208 
240 224 
236 216 
240 208 
232 216 
236 232 
240 252 
236 244 
232 216 
236 252 
240 236 
240 212 
236 332 
236 44 
236 48 
236 240 
236 216 
236 252 
228 220 
736 212 
236 212 
232 208 
240 212 
264 220 
232 236 
232 216 
232 212 
236 212 
232 220 
344 216 
232 208 
236 208 
236 220 
232 216 
240 216 
232 212 
236 220 
232 256 
228 208 
236 212 
236 236 
240 236 
344 212 
232 44 
232 212 
232 216 
236 208 
228 212 
236 228 
272 208 
232 216 
584 212 
276 212 
668 208 
232 228 
232 212 
236 240 
232 216 
224 212 
212 228 
232 456 
236 216 
232 212 
232 212 
240 260 
232 228 
352 208 
232 212 
208 216 
268 536 
236 212 
236 216 
236 216 
236 236 
228 216 
228 212 
236 240 
208 212 
236 236 
252 212 
300 216 
228 204 
236 208 
240 232 
236 236 
232 220 
236 208 
240 212 
236 216 
268 208 
228 216 
232 212 
232 208 
236 212 
240 208 
236 216 
228 208 
236 216 
232 236 
228 216 
236 208 
240 220 
240 212 
236 216 
232 212 
236 208 
240 220 
236 216 
236 236 
232 236 
420 208 
232 204 
236 208 
232 236 
232 212 
224 216 
236 212 
232 224 
236 264 
236 220 
232 240 
232 212 
232 212 
236 208 
236 212 
232 220 
236 252 
236 256 
236 208 
236 212 
244 216 
236 208 
236 232 
232 212 
236 216 
232 216 
232 232 
996 260 
236 216 
240 212 
236 212 
232 216 
232 208 
232 212 
236 208 
236 236 
616 216 
232 212 
236 232 
236 208 
236 236 
236 212 
228 204 
236 212 
208 212 
232 468 
232 232 
232 212 
236 208 
236 236 
232 216 
232 208 
240 236 
216 212 
236 648 
232 244 
232 212 
240 224 
236 248 
232 212 
268 236 
240 208 
216 212 
232 212 
232 208 
232 216 
232 216 
232 216 
236 220 
236 268 
236 248 
236 256 
236 220 
232 216 
228 212 
232 212 
236 212 
252 236 
236 208 
236 240 
236 236 
228 216 
232 212 
236 212 
228 212 
232 208 
240 216 
236 212 
236 212 
232 220 
236 212 
236 216 
236 264 
232 216 
236 212 
232 252 
228 212 
236 208 
236 212 
232 208 
236 240 
240 212 
240 236 
236 204 
240 216 
236 224 
236 208 
236 212 
232 212 
240 216 
232 520 
232 208 
236 228 
228 232 
232 216 
264 220 
228 212 
236 224 
232 212 
240 216 
232 236 
240 220 
396 208 
232 228 
236 240 
232 260 
232 216 
236 216 
236 252 
264 212 
248 240 
528 212 
236 216 
236 212 
236 216 
236 236 
236 232 
276 228 
232 212 
316 220 
240 436 
232 220 
236 208 
236 216 
448 208 
232 216 
228 216 
236 212 
212 228 
236 708 
232 208 
232 212 
236 216 
236 220 
252 212 
236 208 
232 232 
216 272 
232 220 
232 220 
240 232 
236 236 
236 240 
232 216 
240 256 
232 228 
236 216 
232 208 
244 216 
236 208 
224 216 
236 208 
232 212 
232 220 
236 220 
236 264 
232 220 
232 220 
380 204 
232 216 
228 212 
228 208 
240 208 
44 44 
232 204 
236 208 
228 212 
232 216 
236 212 
228 208 
244 232 
244 204 
240 212 
232 232 
232 212 
236 208 
236 208 
244 236 
240 236 
232 216 
228 216 
236 212 
240 224 
232 220 
236 240 
236 232 
232 212 
236 212 
220 212 
232 220 
232 212 
44 44 
232 212 
232 212 
236 220 
244 240 
236 212 
428 236 
236 216 
236 260 
236 212 
232 208 
232 212 
232 216 
228 212 
232 212 
652 240 
232 260 
260 212 
232 208 
236 216 
236 212 
236 212 
236 236 
212 260 
228 496 
240 204 
240 240 
232 216 
232 216 
224 48 
240 244 
264 212 
224 212 
228 728 
236 240 
244 240 
232 220 
236 228 
232 216 
236 212 
236 220 
284 224 
236 256 
228 220 
228 216 
236 212 
236 216 
232 212 
312 212 
232 212 
236 236 
240 204 
236 236 
240 252 
232 248 
232 244 
228 208 
236 236 
236 208 
236 208 
236 268 
236 256 
236 208 
232 220 
240 216 
236 236 
228 216 
232 220 
236 216 
344 224 
236 212 
228 208 
236 232 
236 236 
232 216 
232 216 
232 212 
228 228 
236 224 
236 228 
232 208 
232 208 
236 212 
240 224 
232 236 
240 236 
232 212 
236 232 
236 236 
240 212 
236 212 
232 216 
204 212 
232 216 
236 216 
232 232 
236 212 
236 220 
236 220 
260 208 
232 216 
448 984 
240 236 
232 212 
232 208 
236 216 
236 232 
236 216 
228 204 
232 212 
620 208 
236 232 
232 216 
228 208 
232 212 
236 216 
232 212 
232 208 
208 220 
232 524 
228 208 
236 216 
232 224 
236 252 
232 208 
228 224 
236 236 
208 220 
236 220 
228 216 
244 212 
228 212 
236 212 
240 240 
908 216 
236 216 
240 208 
232 216 
232 208 
228 208 
236 208 
232 208 
232 220 
228 208 
232 252 
236 208 
240 220 
252 208 
232 216 
232 208 
236 208 
236 236 
236 208 
236 272 
240 204 
240 208 
236 232 
240 240 
244 232 
236 212 
232 212 
236 212 
228 216 
248 212 
232 204 
232 212 
240 208 
232 212 
232 208 
232 244 
228 216 
240 208 
232 204 
232 212 
228 216 
232 212 
236 228 
236 236 
232 212 
232 232 
236 212 
236 212 
240 212 
232 212 
232 208 
240 964 
232 236 
204 212 
232 220 
236 232 
236 216 
244 220 
240 240 
0 0 
232 204 
232 236 
452 208 
236 204 
236 220 
236 228 
236 212 
236 212 
232 232 
236 232 
232 240 
684 244 
236 216 
240 204 
236 224 
232 216 
236 332 
236 208 
232 216 
212 236 
236 548 
228 220 
236 208 
236 212 
244 876 
236 212 
272 220 
236 240 
316 212 
236 208 
236 268 
228 252 
232 212 
232 212 
236 208 
236 236 
228 208 
236 292 
236 220 
232 220 
232 212 
236 216 
232 212 
236 212 
232 208 
236 260 
232 236 
236 212 
232 212 
232 220 
236 256 
232 216 
236 208 
236 216 
228 204 
236 216 
228 216 
236 240 
240 212 
232 204 
232 208 
272 216 
244 208 
232 212 
236 220 
232 216 
232 216 
236 208 
252 216 
232 236 
236 220 
236 208 
240 212 
232 220 
236 212 
232 208 
232 212 
236 232 
236 212 
236 248 
48 48 
236 216 
252 212 
236 280 
236 240 
232 216 
232 212 
228 208 
248 208 
236 216 
240 208 
240 212 
236 208 
236 212 
236 220 
232 236 
236 244 
480 216 
236 236 
228 208 
236 204 
236 212 
236 212 
228 216 
232 228 
236 212 
716 216 
240 240 
44 772 
232 212 
232 212 
232 212 
232 236 
232 220 
212 204 
236 540 
228 216 
228 212 
236 212 
236 216 
236 208 
240 208 
236 236 
212 212 
228 216 
232 212 
228 208 
232 216 
236 212 
236 204 
232 208 
240 208 
232 216 
228 208 
236 212 
236 252 
236 44 
228 216 
232 208 
228 212 
232 208 
236 216 
1112 216 
228 212 
236 212 
460 216 
232 212 
236 236 
240 212 
232 212 
240 228 
232 212 
268 216 
236 212 
232 220 
236 212 
232 220 
236 264 
236 236 
240 208 
236 208 
232 216 
232 212 
236 220 
240 228 
240 208 
232 216 
236 240 
236 256 
236 264 
236 212 
236 204 
232 208 
236 216 
240 236 
236 236 
236 216 
232 212 
232 220 
236 224 
232 212 
240 204 
232 212 
252 252 
236 212 
232 208 
236 208 
236 212 
232 212 
236 208 
240 240 
236 256 
1364 236 
232 204 
232 212 
240 240 
240 236 
232 244 
228 208 
232 212 
232 212 
724 240 
236 232 
236 212 
240 268 
252 212 
236 220 
228 220 
228 216 
208 208 
236 564 
236 220 
236 224 
232 208 
236 212 
236 216 
232 240 
236 236 
212 216 
240 244 
232 208 
232 220 
232 216 
488 220 
236 236 
244 212 
980 268 
236 216 
232 204 
232 212 
284 228 
244 212 
232 212 
236 236 
240 236 
228 212 
232 208 
232 204 
308 212 
236 212 
240 212 
236 212 
232 204 
236 216 
232 212 
244 212 
236 216 
236 208 
232 208 
228 212 
236 204 
232 252 
232 212 
232 208 
244 220 
252 212 
356 220 
228 216 
236 212 
464 212 
232 208 
236 216 
236 208 
236 232 
268 212 
228 208 
236 212 
232 208 
236 220 
236 236 
236 212 
232 260 
260 208 
228 212 
236 208 
232 208 
236 236 
232 216 
276 216 
236 240 
228 216 
228 212 
228 212 
236 216 
236 212 
236 212 
240 212 
496 212 
228 208 
236 208 
236 216 
228 208 
236 216 
228 216 
236 240 
232 216 
232 372 
236 228 
232 228 
232 212 
232 216 
236 244 
228 216 
240 244 
216 208 
240 592 
232 232 
236 212 
228 216 
240 208 
228 212 
272 212 
232 236 
220 220 
232 260 
232 212 
232 208 
236 212 
232 260 
232 212 
236 236 
236 272 
236 220 
244 216 
232 216 
232 204 
232 228 
232 212 
232 240 
236 236 
240 204 
228 216 
232 216 
236 212 
232 208 
232 208 
240 212 
240 216 
240 216 
232 212 
236 212 
268 224 
236 244 
560 216 
240 236 
228 212 
232 228 
232 236 
236 208 
240 212 
232 216 
240 212 
236 216 
240 236 
232 216 
236 240 
232 208 
264 240 
236 216 
236 216 
236 232 
440 220 
236 240 
228 212 
240 208 
236 248 
236 220 
232 216 
484 208 
236 264 
236 260 
228 212 
232 212 
312 212 
236 212 
236 212 
236 204 
228 232 
44 44 
236 216 
236 220 
236 244 
512 236 
236 224 
232 208 
232 208 
236 212 
236 212 
232 212 
240 236 
240 240 
652 212 
232 236 
252 212 
232 216 
232 216 
232 280 
232 232 
232 220 
208 220 
232 616 
232 248 
236 240 
236 208 
232 256 
44 48 
236 224 
240 236 
212 264 
232 244 
240 208 
232 236 
232 208 
232 212 
232 212 
228 212 
232 208 
240 208 
232 212 
232 224 
228 208 
228 208 
232 212 
236 240 
232 208 
224 216 
232 208 
728 212 
232 212 
232 212 
236 212 
240 220 
228 216 
228 212 
240 340 
228 212 
236 212 
236 48 
248 212 
232 204 
236 212 
236 236 
304 224 
236 208 
232 232 
232 208 
292 212 
240 220 
236 208 
244 212 
232 216 
232 212 
236 212 
240 212 
236 232 
240 236 
232 216 
236 232 
232 236 
300 292 
232 216 
588 216 
240 216 
232 208 
232 216 
236 236 
236 216 
252 208 
320 216 
236 208 
232 216 
236 212 
228 204 
228 216 
232 212 
232 212 
236 208 
564 208 
236 228 
240 236 
240 244 
232 244 
232 208 
232 216 
232 212 
236 232 
236 392 
240 212 
236 212 
232 216 
232 208 
232 212 
240 208 
236 240 
216 236 
244 648 
284 208 
240 212 
252 212 
236 232 
240 212 
236 240 
236 236 
204 216 
236 212 
232 236 
236 252 
236 212 
248 212 
236 220 
232 240 
236 240 
232 212 
232 208 
240 236 
256 208 
236 208 
232 212 
240 208 
236 208 
236 212 
236 236 
240 256 
236 216 
232 216 
228 212 
236 208 
232 208 
236 252 
236 216 
228 212 
236 212 
232 216 
228 212 
236 236 
236 216 
232 212 
232 228 
236 220 
240 212 
236 208 
232 224 
240 236 
236 260 
228 216 
868 212 
232 212 
292 220 
232 208 
232 296 
240 216 
232 212 
232 216 
236 212 
236 208 
236 216 
232 236 
232 216 
256 216 
288 216 
236 212 
236 212 
236 236 
320 208 
232 252 
232 216 
232 216 
236 216 
236 208 
240 236 
236 236 
232 236 
548 240 
236 212 
248 216 
236 212 
236 212 
284 204 
344 212 
236 252 
248 280 
236 416 
232 212 
236 212 
240 220 
236 208 
232 208 
232 228 
232 208 
212 212 
236 660 
260 264 
332 208 
232 232 
232 212 
328 216 
236 236 
232 208 
208 204 
236 212 
268 216 
236 264 
232 256 
236 216 
360 212 
236 204 
236 220 
236 236 
236 268 
232 216 
228 212 
236 208 
316 220 
236 216 
236 228 
236 220 
240 216 
236 208 
232 216 
236 216 
236 232 
232 212 
268 220 
236 212 
272 216 
232 220 
232 216 
244 208 
232 1048 
256 204 
232 212 
232 228 
236 208 
240 216 
232 216 
236 212 
236 232 
236 208 
232 216 
236 212 
228 208 
236 240 
232 216 
232 224 
240 212 
236 212 
240 232 
236 240 
232 208 
232 216 
236 236 
240 212 
248 216 
232 208 
232 212 
244 208 
240 208 
240 208 
340 208 
232 208 
228 212 
236 224 
260 216 
236 212 
228 204 
236 208 
240 232 
564 224 
328 220 
232 252 
232 224 
236 224 
236 236 
232 236 
240 212 
236 220 
236 444 
232 204 
240 220 
240 268 
232 236 
256 212 
236 212 
236 212 
212 208 
228 692 
236 212 
232 216 
232 220 
256 212 
232 212 
232 208 
228 216 
220 212 
232 236 
236 232 
312 212 
236 216 
236 212 
236 212 
236 208 
232 208 
228 216 
228 44 
236 272 
232 260 
236 228 
236 212 
232 224 
244 212 
236 212 
236 212 
232 216 
236 208 
264 220 
232 212 
232 212 
228 212 
232 216 
236 208 
232 208 
240 212 
240 240 
236 236 
236 216 
236 220 
236 236 
268 216 
232 224 
232 212 
236 216 
236 208 
228 216 
60 204 
236 236 
232 212 
228 212 
232 224 
236 212 
244 212 
244 212 
232 208 
236 208 
240 208 
236 212 
236 240 
208 212 
236 268 
236 216 
240 236 
236 212 
236 208 
240 212 
312 216 
236 216 
232 204 
240 204 
244 232 
232 212 
236 212 
236 232 
232 232 
616 48 
232 236 
232 208 
232 212 
232 216 
232 212 
236 216 
236 220 
208 208 
232 456 
236 272 
232 208 
228 220 
240 212 
240 216 
236 244 
232 212 
208 216 
224 212 
232 208 
236 212 
236 220 
236 204 
236 212 
236 252 
232 208 
212 216 
232 228 
236 212 
288 216 
232 212 
236 224 
232 208 
232 208 
236 1052 
240 216 
232 228 
236 212 
232 216 
236 212 
236 236 
244 264 
236 220 
236 212 
232 216 
328 212 
236 212 
232 236 
236 232 
232 212 
228 216 
232 248 
232 212 
236 204 
228 228 
232 232 
240 236 
240 240 
232 256 
236 220 
236 208 
236 220 
236 236 
236 216 
228 212 
236 216 
236 236 
240 236 
240 228 
232 244 
228 212 
236 216 
240 236 
312 212 
236 236 
236 212 
228 208 
236 208 
236 208 
232 236 
236 236 
236 212 
236 204 
240 212 
236 252 
236 264 
376 204 
236 208 
232 212 
236 220 
232 236 
232 252 
236 220 
232 212 
236 236 
612 240 
236 240 
236 204 
240 216 
236 240 
228 212 
728 224 
232 256 
212 212 
240 472 
228 212 
232 208 
228 216 
236 224 
236 212 
428 208 
